19172 14861 22867 15317 15289 12899 17364 25556 14606 27121 
19898 22581 27917 14983 16776 13660 21353 21359 16290 27745 
20250 16979 28213 15123 15936 18950 22376 28093 18840 27645 
23561 22572 21521 14813 30304 11638 20171 26315 20633 31466 
17397 17971 21599 16634 19793 14146 14506 23712 19480 21829 
17015 14980 25514 17752 17169 12724 26180 26477 17947 26012 
21498 18334 26082 21012 27108 17539 21146 33613 22348 28728 
31443 28374 35342 23611 29783 21699 32512 39854 27441 39977 
23882 20841 31962 22189 25607 23291 25630 38553 26222 31671 
14919 15998 25170 22418 14684 12796 17404 26705 19004 21535 
