42096 24645 40791 47345 34614 20315 23653 32429 29647 39040 31125 50281 49696 
46553 29890 45620 47010 38431 30480 24867 44042 33511 40518 40102 47539 48672 
34798 25450 35725 42939 25915 24500 14289 29896 19522 33783 33816 34405 36710 
40788 24632 29431 38003 30403 23489 21198 28665 26015 26312 27100 38851 35758 
51122 35101 48152 54043 42871 34818 28786 38915 38480 41135 40662 54297 56203 
41373 30903 40411 46344 34167 26822 20356 29749 29677 33734 37614 47071 42340 
43127 29797 41753 47510 39521 28563 24187 39595 34853 34617 40965 45694 46396 
38057 25395 30157 41330 32722 20666 23908 30977 25325 30957 27086 46066 42065 
31932 23990 33210 35825 28908 25988 15502 33838 26049 31062 34638 36369 35805 
30529 19339 26989 33114 21652 16584 18633 21993 17665 26027 17242 31269 34434 
39108 27145 42039 44784 30427 25647 21106 34474 24469 41103 30956 40219 44563 
36022 24034 34680 39200 29604 21140 19923 31195 25225 29733 27991 40942 37230 
39485 25341 30647 38672 33147 21623 25440 36589 27513 31553 24333 46270 38724 
