37 22 24 52 14 6 75 89 74 61 39 95 43 38 31 
21 87 44 83 59 7 95 31 48 30 38 64 53 1 76 
4 74 18 100 95 93 49 66 0 95 98 38 29 33 84 
52 62 18 41 69 7 26 46 78 64 76 43 6 40 57 
64 67 58 1 30 30 22 61 30 50 85 31 42 66 69 
29 63 73 62 59 35 81 30 28 85 39 7 82 6 99 
92 28 61 78 28 52 93 25 54 43 50 48 74 1 1 
36 26 56 4 80 59 19 80 7 19 94 8 23 2 37 
78 78 27 72 69 64 77 89 39 57 62 15 21 17 1 
13 33 30 76 48 20 5 36 52 97 71 20 92 84 19 
21 16 97 56 42 53 91 72 63 45 0 42 4 61 93 
24 24 14 29 62 68 34 13 79 10 56 77 54 43 74 
74 72 71 45 24 29 77 63 29 23 20 41 88 85 66 
42 15 82 91 72 0 84 88 34 68 57 29 1 48 10 
90 58 72 100 100 78 19 53 10 9 0 76 87 36 83 
