52 30 21 99 74 10 69 56 90 72 24 98 100 42 94 2 
57 3 44 37 4 33 24 8 23 61 93 53 30 29 5 14 
65 90 62 56 85 68 0 20 86 57 47 42 96 32 42 27 
70 82 31 92 0 0 88 22 64 14 98 47 60 72 77 82 
31 38 15 18 70 47 25 68 89 68 7 44 2 84 25 44 
5 36 78 42 58 41 57 65 5 81 59 34 32 45 4 71 
77 13 88 30 88 90 6 11 18 100 82 52 58 3 84 65 
72 19 1 2 31 54 90 98 18 71 76 35 75 36 25 43 
8 100 13 1 65 71 76 49 82 90 4 27 13 2 95 94 
19 97 27 70 30 22 25 32 16 97 1 76 66 18 73 75 
59 44 37 55 71 40 22 54 13 36 68 20 15 85 77 4 
67 77 21 39 40 71 36 1 36 96 96 28 59 40 82 88 
45 33 4 23 87 82 33 17 83 86 30 82 51 75 17 6 
12 77 86 63 94 70 23 71 36 39 49 25 12 21 87 32 
15 21 65 2 82 80 81 36 33 42 51 75 42 45 24 1 
27 48 61 17 57 68 15 88 32 57 52 60 35 20 20 20 
