35748 32930 43815 29372 51271 39600 33360 41110 43833 37777 41229 43923 52087 38761 42304 39431 38316 45761 
43442 38158 47810 26213 47124 42008 35131 48437 43836 42352 46115 45768 44848 47770 44651 34832 36346 48817 
35318 28465 39757 23574 42711 34876 30048 44217 34888 30929 37164 43784 39724 37481 46645 33872 37548 41552 
47205 37824 41707 17570 40140 35804 32414 47835 35763 51233 48010 44241 34088 41515 46182 30683 41734 51916 
30784 33015 37881 27065 43517 40042 28062 47100 43634 37821 39255 48806 50704 34468 36727 35460 37855 41371 
46327 42553 52883 31491 57200 44330 40142 53504 50463 42650 53438 54436 53877 52292 61095 47313 49783 58804 
41905 39114 48058 21332 39249 45314 25406 54861 43826 46480 45747 53294 51022 49099 50556 38420 42366 52978 
48242 36884 51088 31420 54803 45737 33299 58093 53794 54447 50235 54975 60945 44929 51314 44147 54230 59772 
53083 36789 47909 34132 59443 54048 38379 60903 51685 46642 50514 50592 51260 49560 53873 48571 45936 53129 
46166 44914 53947 30285 57054 38379 43338 54240 46081 51474 47437 56715 53378 45462 61073 36461 53047 62146 
39992 32777 46235 29760 46958 43857 27398 56068 48938 43594 38722 54733 57740 34571 44627 42410 49867 50285 
52604 37328 54223 28889 58039 46208 40186 59167 49909 57325 58881 51763 53836 53177 61190 43561 50077 63745 
49169 37897 47663 28703 54793 41735 38592 46744 46177 42676 46176 48035 49833 45467 49465 41494 45471 53643 
45642 43425 49212 30635 62163 37584 39773 46146 46294 48226 53423 46921 54218 51155 59955 37474 44503 55314 
33116 30459 40303 25049 42555 33904 25036 46117 45650 41618 42392 44782 50260 38822 48180 33465 40893 47704 
36610 28881 39621 19446 34289 32216 23411 41510 33833 33596 31085 40129 41986 36833 43295 32963 35486 45598 
35500 34641 41540 29536 47748 36901 34680 42971 46250 36248 37543 47183 46929 38034 48263 34844 39101 47809 
44502 30457 47128 22608 50275 43085 36296 52931 39231 50120 50565 41046 38317 41511 45372 38155 41432 50110 
