70 25 13 98 48 91 51 53 96 4 56 83 79 95 58 48 99 76 19 8 
9 72 8 88 3 91 18 35 32 23 4 10 6 91 54 15 4 15 80 94 
98 46 23 95 24 74 68 47 100 64 79 77 66 98 68 61 80 34 44 19 
70 65 19 38 26 65 88 71 18 60 71 84 72 53 79 24 80 67 96 16 
41 2 10 91 92 31 5 96 53 45 78 53 89 39 81 29 16 3 1 68 
79 90 2 99 99 84 71 27 48 7 11 99 67 60 48 67 83 20 53 11 
59 9 93 0 61 0 38 91 83 46 99 50 66 34 65 92 92 74 90 39 
78 60 53 50 88 95 38 19 87 98 10 7 92 35 77 28 63 71 73 44 
38 41 11 95 26 8 91 71 85 23 99 80 57 14 20 36 63 7 20 100 
13 7 14 60 56 75 80 12 77 64 23 79 63 52 75 25 19 77 91 98 
41 91 64 81 53 72 54 24 39 58 54 17 100 65 74 2 80 67 6 8 
8 49 75 63 36 62 77 45 77 75 93 68 16 76 26 10 47 41 32 90 
40 31 38 75 27 53 94 92 76 32 15 17 96 2 50 73 84 7 97 82 
78 87 68 21 45 49 38 14 6 92 48 100 60 93 71 48 55 23 58 32 
64 70 98 69 98 95 51 55 38 4 85 26 87 88 2 64 49 41 1 74 
15 29 62 65 84 96 37 67 11 91 44 2 56 64 55 68 75 37 29 82 
99 91 17 9 4 61 47 88 96 33 100 90 45 1 23 26 85 24 29 43 
74 50 56 49 93 83 55 21 54 35 31 54 82 25 83 70 28 19 77 9 
7 85 47 57 88 35 3 63 94 17 98 38 91 36 28 24 39 75 66 57 
33 16 45 82 63 85 99 77 35 53 69 60 46 16 8 61 65 84 39 87 
