22 28 32 6 85 30 54 55 70 40 7 84 5 76 13 52 68 81 79 73 89 
6 68 38 33 33 32 78 30 58 95 32 55 7 64 12 16 78 76 43 5 1 
58 6 27 45 66 83 95 72 21 40 59 15 83 78 28 22 17 22 96 23 76 
100 0 31 85 18 65 93 75 58 7 52 20 45 56 100 44 98 90 31 33 51 
98 100 86 33 68 79 22 25 81 3 72 7 82 83 86 36 89 40 73 87 8 
51 45 33 25 21 82 11 40 48 78 20 39 26 13 8 41 4 52 14 51 30 
40 19 52 15 68 66 47 46 92 51 90 84 56 74 100 100 6 41 77 26 8 
77 91 74 58 42 24 34 6 10 22 65 25 67 49 66 81 21 77 51 62 78 
98 90 96 59 10 46 89 82 14 85 2 56 9 13 63 7 12 73 89 94 14 
63 79 94 70 56 36 91 73 73 60 58 93 7 20 22 61 71 84 16 74 48 
88 53 29 24 27 32 74 69 55 71 79 82 82 88 38 84 24 68 24 94 19 
41 71 44 32 80 49 80 37 85 32 35 70 48 35 65 46 37 26 37 2 8 
20 61 17 54 12 3 24 94 62 96 91 80 92 20 84 67 70 43 81 81 82 
34 0 92 96 95 84 28 86 64 72 72 32 93 91 79 53 64 24 1 40 99 
38 90 68 69 15 31 93 16 9 79 15 74 27 49 17 4 60 65 9 2 12 
62 28 29 94 53 90 5 4 53 28 94 54 88 98 39 81 0 61 93 54 63 
76 97 28 68 18 21 92 69 38 78 59 5 48 45 57 18 31 10 25 66 85 
41 41 78 79 52 2 82 74 81 47 8 57 63 57 39 46 71 91 44 68 26 
48 42 83 38 57 36 17 37 15 3 38 18 59 32 39 69 25 8 26 20 37 
41 42 24 0 44 94 87 86 29 36 48 15 43 64 39 46 87 99 93 64 55 
26 89 28 37 27 32 44 78 90 60 2 53 96 62 21 77 79 84 15 29 33 
