51676 55799 61176 50582 50773 47837 45372 45992 56767 55011 61539 43297 31586 55376 62221 57753 58417 52902 49958 45846 53472 
45988 41887 53283 50378 44086 43509 45537 33636 55226 37104 43544 38337 27495 39876 56786 54272 41235 49329 41804 41385 50595 
48941 56390 62631 51588 59739 55489 47163 49938 59931 48764 50645 49076 39357 58721 63246 58612 57613 52046 48598 42485 43451 
57169 58989 69635 54530 68654 58190 51932 54238 67749 47642 54559 54488 41376 55666 71540 62514 59422 60421 58597 54758 48995 
74875 64012 77122 60889 70247 67974 56677 66330 70330 49351 64006 59539 42055 58645 75566 71397 57644 71322 65667 57049 59988 
40587 38418 42580 37535 40722 37329 33162 35587 40663 32533 36503 35867 25507 33086 40027 42047 32503 41115 35428 29020 36021 
67020 58469 68382 57527 61957 61054 53931 47223 62922 54436 59879 53353 40186 58448 65772 61237 59763 55420 53728 50167 55544 
63923 58606 63869 57056 61222 58590 43547 55997 60209 44652 56649 49948 33382 46396 67079 58763 51090 51472 53330 47233 46615 
64245 59465 68375 58781 62750 63183 40327 58731 71424 42991 57121 56916 36952 50447 64496 61398 54795 56607 59061 41397 49692 
68713 65362 70883 69253 67353 62077 57165 56466 75435 58975 65811 54138 41467 53070 80122 70462 63508 67911 59421 55807 60776 
73346 57629 71487 61882 65046 60456 51568 53929 63766 61817 63790 54808 46122 60473 72926 60778 62128 62128 60390 50851 60541 
53984 50273 54715 51807 54167 49545 48920 40224 57275 44133 49295 44099 30869 46735 61240 56102 48648 55660 44711 40973 45259 
62511 60027 71642 59560 68763 59134 50369 53599 72820 58671 73287 62031 41925 58587 75188 69346 61798 60558 53154 50221 64354 
65575 66998 74381 61561 76280 66250 60147 55963 74124 64322 57808 56946 42600 63495 84365 75934 60327 65004 67158 59550 59431 
49369 43405 48898 52919 45790 44431 41933 37007 55923 36073 37765 38167 27973 33841 60384 51912 38728 48736 41859 39153 45046 
61519 60848 67142 59231 63845 60358 54237 56198 61421 51105 57137 55574 42796 55704 68071 63044 57164 55102 51319 47624 51484 
56451 53013 60493 58443 66088 58026 43541 51747 63121 47170 55705 50294 32623 47355 69394 58263 51186 53179 48454 40373 44799 
61013 56064 67320 56464 60651 55521 49440 50325 67953 55342 58909 52690 38365 58084 72759 69918 54650 62299 61796 52295 56192 
44363 40920 43919 37692 42736 38300 31746 39696 41359 34509 35965 31478 23404 34980 46750 43207 34020 37606 38493 32988 32365 
55702 61758 71691 51308 59843 55006 50819 56208 66143 48279 60823 51815 41498 61836 63344 63948 62548 61355 56238 52880 56404 
57609 52200 60707 51795 55766 44654 48363 48341 58988 53009 55147 47857 35009 54092 65216 66647 46022 64563 53719 49142 59396 
