87 -20 -11 -23 60 29 43 -14 25 11 -44 54 7 10 -37 -59 18 98 -9 37 39 -14 
-80 -76 13 2 13 -30 8 30 -27 -29 2 73 18 -41 20 -27 32 -30 -27 -46 -4 -4 
-14 10 -18 -9 35 -55 13 -89 1 -10 -43 -43 26 -33 57 -16 22 14 -17 -10 -14 -22 
9 15 45 -5 70 14 34 -38 2 -53 -42 8 67 -3 -39 -5 37 43 58 24 -27 -84 
69 -45 -13 38 -84 -42 2 -14 -17 -29 29 -52 5 -1 29 42 6 -10 21 10 5 -21 
35 38 7 13 39 86 3 31 -9 -44 41 11 77 29 -47 -81 23 13 -38 49 -21 60 
66 -39 19 -40 29 -55 3 5 -78 -40 -35 -72 -22 -11 12 73 21 57 70 67 -33 -57 
45 7 -53 -80 -47 -2 -53 -59 43 -43 -47 26 13 54 1 29 -12 19 -41 -8 37 -41 
60 -15 6 38 -8 67 -70 -31 -13 50 54 18 -25 -23 -44 58 68 -48 30 78 7 21 
14 62 27 14 58 -21 -25 -31 32 9 -80 -30 36 -61 21 -3 -48 33 5 -74 -7 -5 
31 16 -18 32 -64 8 -21 -66 15 15 -17 -9 -59 -17 54 41 26 59 62 -19 70 -10 
43 24 54 -32 -85 30 2 25 15 -33 36 -42 57 -69 5 28 7 -30 -12 15 25 31 
59 -4 10 -14 -21 9 -31 60 -57 -33 23 3 50 -4 16 -5 49 -14 2 -6 -6 -17 
44 -47 7 -9 -40 -15 29 -29 32 -18 -33 -76 68 38 -3 -36 -77 -2 7 -23 -52 13 
20 -32 -66 -8 7 66 -50 -35 -20 90 37 19 33 3 58 67 62 -57 41 58 28 58 
22 -8 65 -12 18 -40 54 -46 10 65 16 -6 -35 -45 -8 12 43 19 -9 4 -24 -8 
6 -67 -87 91 58 3 16 -37 5 65 11 8 -47 -66 -29 -29 4 -46 -42 32 61 31 
-1 -14 12 5 17 -24 -12 -30 -35 -3 2 67 52 1 -45 36 -81 -17 -5 -20 -43 32 
-62 -75 -7 -13 58 -68 50 22 -34 -78 -43 -23 -7 76 -38 -19 -51 54 -12 0 16 32 
-14 -52 -5 0 21 -6 -4 -23 12 5 -2 35 -25 10 -47 -3 -6 36 -32 72 1 38 
-51 45 -62 -56 -43 -27 -16 -32 26 14 16 -16 47 30 -31 1 -8 90 15 18 40 72 
50 34 4 -14 -7 -65 16 34 -26 7 8 -55 -40 80 58 38 26 15 70 27 26 19 
