61 70 36 71 40 66 57 23 8 38 67 59 4 13 55 50 66 16 89 5 93 39 49 95 
92 92 24 2 61 22 55 3 89 20 30 79 41 40 47 77 1 85 30 13 10 15 76 45 
49 45 12 41 49 54 28 95 34 20 3 61 19 44 93 6 85 3 66 4 8 86 17 64 
42 95 59 90 81 3 40 86 92 93 66 95 60 95 90 67 17 16 68 74 16 99 85 19 
3 1 93 73 34 13 69 66 73 93 28 88 31 75 28 77 93 33 60 81 7 88 53 70 
32 75 58 60 39 98 73 26 35 11 25 12 94 84 64 82 35 45 75 51 16 43 61 71 
87 10 52 15 57 10 70 39 2 4 48 30 89 42 63 51 92 72 74 37 38 9 15 84 
51 91 0 76 57 23 53 30 87 49 72 95 38 59 19 8 50 1 18 79 35 89 91 51 
51 86 38 94 69 85 49 89 56 86 29 16 98 98 12 8 39 73 88 60 69 91 20 73 
52 14 73 17 12 56 36 99 28 28 75 48 2 38 21 16 97 91 86 49 39 72 30 0 
75 83 61 42 50 63 15 18 82 86 88 70 58 64 88 19 47 100 74 26 18 41 43 47 
99 91 39 8 27 83 33 44 97 7 13 69 70 52 68 70 75 80 98 19 41 40 10 53 
34 37 56 27 74 6 8 42 75 12 75 11 41 64 57 67 46 94 30 31 71 1 69 43 
6 32 82 99 61 6 49 88 24 7 17 22 97 82 23 76 93 86 50 98 100 16 9 90 
40 92 46 92 6 10 59 21 34 12 72 100 53 85 21 98 54 4 80 91 52 56 60 42 
85 42 99 30 69 67 92 36 87 17 70 1 74 4 43 47 27 3 19 10 0 7 65 77 
18 14 76 95 40 48 69 45 23 55 11 63 61 36 69 43 36 76 71 31 91 32 83 52 
98 82 72 57 89 32 100 42 34 88 29 2 44 79 24 35 79 66 98 100 12 44 71 63 
5 94 77 7 99 93 14 13 22 30 38 40 54 11 85 26 90 74 48 55 99 1 37 31 
89 42 35 19 96 6 99 7 25 16 9 99 43 89 55 73 10 31 68 88 32 80 60 88 
25 5 6 62 61 57 83 53 85 13 53 8 53 95 44 96 20 37 61 87 39 18 1 71 
7 78 8 2 59 59 15 17 2 66 39 79 4 72 15 65 75 44 44 41 83 75 43 57 
99 53 4 17 32 55 51 75 82 3 17 71 59 28 62 64 48 11 2 81 72 41 97 1 
94 48 24 82 3 19 64 1 81 69 97 99 96 93 38 56 93 33 78 83 89 7 29 65 
