25 64 66 64 9 67 71 63 29 86 57 12 39 73 88 39 94 63 48 83 51 33 33 56 
42 30 89 38 30 44 72 65 16 25 70 85 7 63 74 50 52 16 73 24 34 66 93 34 
35 76 69 72 71 18 44 91 23 10 4 57 17 23 4 26 44 16 46 59 27 67 98 12 
65 89 35 4 0 29 90 30 64 19 38 23 82 12 96 4 38 4 80 95 65 51 54 93 
31 21 65 42 10 85 11 22 92 34 70 100 30 26 13 96 28 35 89 36 4 43 31 49 
40 42 28 59 93 36 6 75 66 2 79 0 66 35 20 32 6 18 85 63 43 64 40 98 
3 55 66 100 81 48 60 7 0 34 10 99 5 69 20 59 71 88 77 63 19 77 49 83 
77 74 58 44 87 96 31 19 88 5 36 95 68 95 22 55 59 2 89 92 45 16 31 48 
22 69 69 66 0 26 70 52 10 37 67 49 5 81 51 77 38 13 93 62 83 1 74 33 
67 28 84 59 56 0 93 28 77 10 37 75 90 69 77 35 43 63 84 55 13 63 45 40 
56 47 11 100 88 4 14 96 72 76 32 63 60 28 76 12 9 65 37 17 72 63 50 41 
5 29 63 11 71 94 15 15 32 91 18 85 26 69 92 2 24 86 77 26 99 8 63 0 
8 62 16 79 57 1 8 94 96 100 75 72 48 7 42 40 71 81 21 47 84 38 17 41 
93 61 59 33 64 36 1 79 17 45 23 15 55 81 25 56 97 47 62 31 88 50 12 72 
39 86 72 69 63 84 64 53 83 66 88 33 52 27 77 70 75 23 14 53 83 35 1 69 
63 9 8 85 43 23 67 30 1 31 60 6 99 34 64 67 52 84 95 45 51 67 24 11 
32 35 8 9 70 30 86 75 24 35 4 40 23 6 71 20 75 97 37 95 2 98 74 27 
10 57 71 78 95 72 25 63 79 36 16 7 92 57 89 87 0 5 91 19 81 93 62 9 
47 20 58 16 65 64 21 23 67 17 3 89 2 15 43 7 67 42 63 87 77 87 4 2 
53 2 4 23 55 40 25 91 52 64 60 33 43 66 15 50 93 77 27 1 12 52 90 87 
70 58 61 29 3 91 29 22 68 43 95 40 35 14 19 20 80 43 3 71 44 27 61 56 
5 1 90 99 17 77 87 88 90 17 18 71 80 2 23 42 76 74 7 28 11 93 53 43 
53 1 5 41 3 48 38 4 100 58 7 15 26 94 1 66 16 64 78 68 14 58 43 77 
99 76 20 46 4 32 46 8 31 27 90 16 31 65 92 73 3 76 40 63 41 58 74 84 
