84 90 2 10 73 26 76 81 61 17 99 27 15 37 51 56 32 72 47 89 92 45 4 91 2 41 
75 27 83 28 17 51 37 77 2 57 81 53 80 70 46 86 83 53 16 55 18 68 9 74 18 73 
19 13 7 20 86 66 5 2 53 67 95 10 99 16 97 86 22 57 46 24 89 13 64 85 43 36 
41 21 15 3 36 14 79 33 94 45 78 78 67 21 49 86 87 41 69 80 50 7 9 43 36 65 
29 96 44 64 30 80 77 96 40 67 69 23 40 43 47 83 1 69 55 80 73 55 12 32 38 71 
95 18 41 97 65 19 54 2 19 48 12 84 55 9 88 17 75 89 45 37 64 53 99 76 58 56 
68 79 42 33 94 39 98 92 92 16 83 24 58 35 45 60 2 51 2 28 92 53 21 60 15 98 
60 85 97 7 96 66 63 4 44 99 0 94 85 64 64 25 42 34 85 40 41 5 56 9 12 44 
95 10 77 5 95 68 90 96 50 28 69 49 68 5 39 14 31 3 84 68 86 26 79 50 97 67 
37 41 85 0 61 33 51 83 36 54 7 74 87 46 9 10 60 77 48 0 68 26 9 21 12 38 
58 87 80 19 94 35 60 39 47 85 38 27 7 26 46 91 73 41 67 5 14 89 50 54 12 79 
1 2 81 100 78 8 14 5 64 86 9 75 28 34 77 60 4 29 34 84 10 40 22 42 1 14 
30 26 100 72 19 62 54 69 99 46 1 12 56 60 93 8 74 25 65 43 10 48 83 84 49 12 
36 44 49 86 89 31 52 24 69 39 39 21 89 49 99 52 67 78 31 9 53 33 49 49 22 100 
28 76 79 48 17 13 14 67 99 70 68 82 27 5 72 88 41 59 52 64 98 61 87 11 76 20 
60 92 4 72 58 13 70 13 6 57 91 11 11 67 61 96 85 95 81 39 18 16 39 35 31 0 
7 88 60 37 64 70 48 53 55 59 33 1 28 37 31 58 10 27 97 93 90 36 24 88 5 89 
34 98 98 75 31 30 54 59 89 85 75 43 5 12 76 31 5 1 93 44 56 63 81 91 47 17 
10 55 82 7 46 14 43 49 10 79 87 23 56 43 64 97 53 69 15 56 98 2 13 17 67 45 
71 26 17 10 92 78 53 26 85 54 70 50 60 20 53 26 85 22 4 7 77 47 93 95 55 2 
26 19 73 41 21 66 91 1 36 6 33 32 11 83 64 93 49 88 85 80 59 6 52 95 12 56 
78 48 24 72 86 50 40 80 87 19 46 25 36 31 59 79 100 17 48 7 90 30 70 83 89 80 
14 44 6 46 24 56 72 31 69 75 100 9 63 20 89 23 17 54 19 42 76 89 37 86 91 77 
62 69 73 45 10 75 43 89 84 45 23 3 0 47 10 19 30 91 80 69 81 33 77 47 5 20 
61 52 43 22 21 89 34 96 36 84 80 5 56 58 26 11 84 9 44 65 54 90 35 64 93 67 
100 10 12 8 68 40 77 80 66 32 59 98 3 92 40 64 52 9 32 44 67 99 2 57 49 54 
