19 49 -1 -8 71 -69 54 50 43 -61 13 -61 -79 -9 8 49 -7 63 -25 -9 2 -18 -36 80 -58 13 
38 6 56 -40 -43 -46 -61 46 -5 -12 72 -16 20 22 -13 12 -16 46 -35 4 -2 5 -3 22 -76 53 
-12 -58 -27 -2 34 60 -71 -27 -11 31 46 -66 1 -36 17 44 -4 -2 33 -73 31 -80 -7 28 -14 -38 
-36 -44 -51 -40 -36 -40 30 -9 20 -44 -11 18 59 -3 46 39 2 -39 24 61 -11 -54 -30 -42 -26 50 
2 1 14 45 -43 68 66 55 3 1 8 -64 -27 13 19 38 -65 12 -30 50 17 -20 8 -58 -28 -1 
77 -47 -45 5 15 -61 44 -62 -14 -7 -79 70 38 -30 42 -78 4 84 12 -57 48 2 4 26 -26 47 
60 -4 12 -2 31 14 92 24 80 -26 20 -70 30 -49 -47 27 -13 30 -64 -19 47 -20 20 -25 6 33 
56 76 30 -76 0 0 41 -26 34 42 -19 -6 -12 22 11 -69 27 -26 79 -60 -15 -63 -33 -48 6 -52 
71 -63 40 -22 7 28 68 81 -42 -27 56 -48 -1 -53 -12 -69 20 -14 74 34 40 -16 9 5 75 -25 
-7 -3 73 -78 53 -40 15 49 35 -5 -16 36 83 27 -58 1 -22 69 -38 -35 -6 -72 -10 -11 -20 -40 
-33 48 1 -72 47 -59 14 14 -47 36 -33 13 -61 -16 33 67 62 4 48 -45 -26 60 6 -7 -24 51 
-50 -17 30 84 2 -70 5 -64 16 -13 -36 35 17 14 58 8 -92 -2 -1 24 -16 -22 21 -32 -48 -34 
17 -11 14 68 9 -16 33 8 61 34 -32 -49 1 21 78 -60 -23 -53 50 -30 -19 -43 79 57 40 -3 
-29 30 -37 13 33 -16 -16 -34 38 -18 -34 11 50 -28 51 46 46 8 -10 3 37 -23 -30 8 -74 43 
-59 42 12 -2 -47 3 3 62 47 -15 -15 42 -66 -16 20 58 3 56 9 31 29 -29 68 10 53 19 
-31 4 -77 52 -3 -42 66 -47 -33 24 20 -69 -2 25 54 8 62 35 57 -42 -1 -26 24 31 -41 -48 
6 38 31 29 -5 23 47 35 1 -28 -27 -89 -28 -30 7 -33 -35 -16 78 57 13 -37 -3 78 -44 80 
-31 8 49 63 -58 -41 -39 39 9 -11 51 37 -57 -87 -1 -16 -74 -76 3 2 28 24 -1 61 44 -25 
-58 31 81 -32 34 -11 -34 -28 -33 54 -10 8 5 -41 -17 94 -45 -16 -9 -19 35 -17 -56 -14 53 -36 
18 -53 -13 -9 22 -21 -4 -59 54 -14 4 0 48 8 14 16 32 -40 -59 -18 -12 20 75 82 40 -30 
-66 -63 22 36 -78 -12 5 -56 11 -86 -34 -59 -47 5 -7 -3 -51 8 35 78 38 -26 21 86 -73 -39 
15 -17 10 39 -6 20 31 58 -10 -66 20 2 -12 28 2 55 14 -50 -42 -16 29 23 -6 -8 59 80 
-51 -32 -74 -16 11 33 10 23 -20 69 96 -82 57 0 30 -10 -9 45 2 -35 63 47 15 70 55 -23 
19 -24 -21 -4 -81 -10 -38 14 63 3 -61 -42 -16 18 -32 -32 13 67 2 23 46 33 26 -3 -78 -80 
43 -37 43 -72 -48 79 -29 -4 24 74 30 -92 -4 45 1 -59 -6 -45 -41 25 14 31 28 36 23 58 
42 -77 -20 -28 0 -56 9 36 24 -13 -14 59 -44 37 -58 7 27 -29 32 26 51 28 2 29 16 -16 
