66 0 78 38 11 27 43 74 97 92 19 79 10 81 91 52 14 69 15 56 93 15 5 54 56 62 7 
2 10 60 55 77 39 15 40 31 10 9 2 99 13 28 9 88 62 24 61 57 22 51 62 82 64 87 
16 55 46 0 94 76 44 56 13 74 85 1 91 35 8 72 84 30 39 27 57 85 1 58 93 49 12 
33 4 87 53 25 41 55 74 39 99 75 88 85 59 18 50 72 80 11 7 48 25 26 11 64 52 67 
45 96 88 29 61 24 33 42 79 78 7 75 95 58 72 85 4 73 12 36 69 24 58 96 8 36 71 
23 29 48 22 39 73 17 32 62 89 5 3 32 97 0 98 84 33 26 26 24 34 76 90 45 26 32 
66 53 98 66 18 63 8 14 45 40 68 26 67 42 33 21 2 55 59 23 4 97 35 4 65 89 18 
55 16 88 27 58 96 96 92 4 93 71 66 95 77 22 4 86 92 3 20 84 63 64 59 19 16 57 
74 30 49 90 27 95 93 25 39 29 14 24 54 48 90 84 6 31 44 69 26 56 65 50 4 8 83 
61 59 23 5 25 61 6 66 26 41 6 59 98 24 49 98 60 95 11 84 14 85 9 99 4 98 1 
91 69 74 35 57 47 76 56 12 93 76 56 67 39 68 39 48 73 63 28 26 19 75 100 51 65 71 
79 63 94 28 81 62 100 56 23 67 18 44 11 59 23 34 82 52 87 59 68 10 30 19 82 46 94 
26 78 4 66 19 68 85 23 44 18 93 45 79 4 14 3 89 47 78 7 29 97 28 99 20 35 88 
82 19 56 29 98 21 69 1 26 52 76 76 34 44 65 38 63 21 5 38 27 61 72 69 100 47 75 
52 90 34 94 1 79 94 99 47 74 68 46 37 8 92 20 45 31 72 64 80 6 1 38 3 97 68 
67 90 12 68 32 22 86 22 3 19 34 15 45 6 14 20 16 18 93 17 79 69 80 0 25 43 13 
65 70 36 57 79 37 32 78 20 93 98 74 84 34 28 62 17 57 87 93 86 2 54 53 24 22 81 
27 88 92 2 0 46 57 82 75 89 60 91 45 28 20 3 80 34 40 22 14 88 64 71 23 21 100 
84 30 5 54 31 51 63 89 93 63 15 15 77 4 46 5 32 83 9 6 94 36 95 98 74 73 50 
58 35 60 66 94 13 3 70 78 40 80 70 77 23 28 16 87 10 82 44 56 69 74 44 38 59 85 
32 17 11 56 62 73 45 51 63 17 16 36 60 52 91 28 82 47 20 21 11 81 84 71 78 52 59 
52 50 44 25 35 95 31 20 66 50 42 27 68 4 33 13 72 96 95 26 66 79 35 74 63 48 76 
11 6 21 83 19 77 63 95 7 45 99 34 10 59 88 36 99 91 55 75 64 31 43 48 59 40 72 
80 99 63 79 77 92 86 23 25 89 65 13 96 96 12 1 78 83 97 44 0 10 28 17 48 6 84 
16 20 21 44 72 44 27 71 94 14 66 68 53 28 85 4 15 7 22 14 3 61 15 49 68 14 42 
8 1 21 66 56 17 45 12 50 56 59 52 24 11 44 37 78 77 33 66 52 68 5 59 18 53 60 
48 28 5 99 39 10 79 90 21 86 22 5 89 67 42 2 96 22 56 29 40 53 39 17 88 19 45 
