70729 58976 68649 69993 69985 71429 78736 76628 60658 88946 71224 60326 79904 59069 59348 47030 87910 74249 65338 60069 70940 65731 61094 78591 70138 64563 84971 
69446 70079 69148 66739 75971 87712 75245 80222 70224 84854 68697 61151 105124 57949 62628 52619 88537 86458 65242 53314 69106 80630 70250 91883 72863 66398 86920 
55281 49939 63785 65808 61186 70085 73716 72628 47585 77100 66829 52907 81535 55558 55312 41274 77226 64979 53520 50159 62481 58226 50479 62844 66982 52498 77161 
72713 72850 75357 70350 70734 86066 83390 79005 60572 86738 78586 67599 93127 58291 67587 56904 86208 87511 71957 62845 70492 80777 66433 89153 68944 71834 87548 
78490 74517 83559 77193 74095 86563 82468 83524 67824 98799 77716 70093 109738 63133 68314 53903 88574 92498 69911 60880 75383 78769 70312 86169 75401 75290 93694 
78075 71234 64781 79334 69852 85711 84154 75018 77839 84835 68781 66236 94141 60222 75903 56512 86351 81747 70461 58511 67728 82554 73039 96519 69949 70030 90934 
68898 67865 70708 67748 66795 85551 79981 74776 59536 84260 69081 54454 92382 56641 57531 43212 91115 85832 69635 52671 64995 75630 63663 80741 74756 67342 87231 
65744 63385 61516 72705 69035 75175 79101 78713 56366 81082 76505 62711 89087 55637 69693 48818 88502 79503 61219 57601 61630 70017 61609 82944 73600 72025 80926 
62164 53747 60337 66859 67453 69156 71425 66760 53054 72684 62651 57272 80291 47469 59070 45494 76141 78734 59950 54785 73859 61701 66815 75457 60329 60127 83532 
60294 59127 58476 64271 62275 66995 66784 69950 57515 74651 62285 51498 84693 50137 54417 43511 79479 65309 64926 50475 63436 70068 55260 75039 65855 60919 70740 
57400 50386 59795 52133 66397 57327 63055 56259 51751 71606 59543 58137 66023 50676 55974 48173 57801 58104 48512 47782 50100 48814 46940 62722 58004 45566 71134 
58616 47762 63553 63460 62545 70262 71365 68669 53415 77520 67355 51880 78798 49884 51518 41395 83194 80159 58152 48861 72243 63230 55759 73842 70985 62069 77752 
76287 61872 76133 73431 65075 82157 79451 81175 63944 91930 72514 70712 93145 69115 74832 55078 81589 83810 57369 57305 61911 72348 68124 79769 68935 65459 85582 
73209 64139 81181 72154 72971 76711 83249 81763 67610 94217 75829 73116 89685 64117 69257 48864 94087 82493 67920 57881 72318 74673 63436 80388 76155 70420 91437 
70780 63280 73688 71367 60114 78320 78647 77938 57265 89929 76680 67708 81546 63826 66273 44871 84861 83069 67024 55737 63817 66642 61933 73328 64116 65869 83516 
65415 58883 67980 72083 65716 75346 77837 79904 72232 82685 71845 66312 85091 57744 66752 42216 84338 73476 61246 49933 67374 67570 61215 77062 70891 63094 87853 
71144 62531 73170 61902 56263 70175 67838 73303 63161 80261 62902 64050 83912 53379 60316 46559 73489 83741 60867 49544 67881 69144 61849 77633 62779 70764 74825 
70503 69804 81642 63612 74769 76582 77070 78946 64333 93566 75554 69523 95283 66591 61561 51607 86416 79413 59269 55845 62132 76192 60257 83566 75480 66237 84016 
63133 56129 62359 53770 59597 63893 68344 66283 51557 74149 59201 57889 81803 49631 53419 41763 72457 65226 50297 41475 56661 68644 57167 68455 61445 56284 68592 
73278 62676 77008 69863 74029 70323 71560 71222 73734 82478 66354 67764 89528 58260 67569 46639 83621 74451 67260 53482 62458 78305 68068 82417 78272 67538 89797 
78430 74510 75506 70580 63223 74470 75303 80566 67857 92182 69051 67452 86528 51690 64664 50021 80754 86026 75155 63856 76834 72122 66746 83357 64712 78403 85795 
70652 66458 63848 74149 69228 69629 75002 77959 62335 85384 73778 67041 87880 54061 67979 48374 79655 70444 65768 59915 64707 73524 67705 81778 62232 64245 85500 
65748 69323 61176 69484 57985 71338 68999 78810 66287 80193 65971 62519 90691 47785 59528 46518 77086 76643 64695 52301 69674 68348 68897 80937 58394 67674 82559 
65429 50669 61396 66603 55088 64232 75006 76292 60298 85782 62978 64165 70022 56495 71423 49830 79703 75718 52572 55055 64530 60438 58151 79683 66062 66307 75691 
53564 50408 45337 53270 60062 55611 51734 64071 51414 63209 58784 46165 74466 37483 47643 37080 66823 56287 51858 47025 55682 58710 47024 64748 57509 54948 61471 
77495 75197 80940 75300 74794 84705 81797 84696 63902 93984 70007 60886 96738 65630 66109 56240 89770 84741 71717 61124 75539 72821 76660 85470 74274 75899 89768 
72597 76205 78903 78489 72879 84880 83245 88155 63114 94233 81250 69422 103692 58489 64270 54951 96235 89034 79397 64983 80183 82765 62719 83684 73104 79112 91967 
