75291 65497 61244 65105 69625 68717 70842 80710 67214 52326 56479 71705 67797 62977 70472 89898 69036 65589 67308 79389 73995 74423 77903 70651 61639 79611 70285 79887 
87654 77621 64685 75175 75200 71030 83085 87459 80063 70558 64602 81244 71722 72936 69078 99987 70032 74565 69925 91484 80680 90759 85154 79072 63694 92549 83971 99793 
69436 68277 56155 58685 68728 56155 64969 75597 67243 58510 60997 64346 58390 65747 61310 78905 69015 63189 56752 73832 66811 73212 61444 70813 56074 78651 75274 67285 
62502 74477 60089 69563 70312 62182 84074 74440 74631 71483 59483 76224 68796 74286 75296 84449 76865 57722 66784 88713 69507 85880 77897 68955 57370 86226 72531 83086 
61310 70445 67321 68443 70592 59524 81833 71331 73244 60124 59467 67192 69437 61309 64086 94344 61393 57049 66588 83659 72079 80406 85255 70745 54562 99107 74418 88289 
76644 71945 62162 66287 72031 63332 79531 81452 73952 58618 64234 65869 74182 71393 72734 92102 78591 62217 67883 80825 68507 79430 71882 77776 57324 93816 84945 80830 
70058 73656 66348 62661 65460 57747 80442 70287 73140 66164 61785 67475 59859 67223 66262 86424 67252 68628 63163 81284 68438 79683 75409 72485 62398 89263 74262 80538 
57906 63011 52894 58653 55650 58184 74724 73698 63646 57636 50367 58625 58941 59868 63487 78877 63333 58580 55906 64060 64252 70856 65522 62107 63260 78957 68979 75439 
63606 59258 50927 58996 63360 56226 67241 62938 70164 66124 56788 62448 58210 57405 60571 77136 51408 56116 53675 70406 52218 71011 69352 62231 43291 78734 67906 73855 
55353 65603 52213 51424 60536 51778 60374 70253 61798 52860 49950 56833 53701 55965 62796 71684 61375 57551 56926 67849 57482 79938 66144 70808 52346 78517 60529 71725 
68292 67824 59564 58793 65995 54722 69503 78156 65696 60976 59325 74745 56244 56146 65038 82242 61433 53522 64999 79947 65836 76726 68562 72219 52332 83046 67865 71562 
69820 64857 54784 65182 66106 50767 78593 60856 61933 58464 63939 52450 60707 61936 61823 75969 62263 48144 55125 76155 54891 69273 74431 61479 53325 81976 68000 69598 
64363 66097 60851 69435 71130 58287 79687 74600 71297 67399 64897 66507 67415 67768 69282 82057 69296 61423 59292 77550 66631 76178 80759 67041 60192 85639 65519 81076 
82207 85035 71505 77089 80829 69819 93678 89591 85129 75322 69453 84264 82404 87009 88201 101275 83083 78131 73629 97470 76787 97989 93341 90866 68014 97161 87914 94925 
73481 66282 65033 66276 66598 58337 76423 64961 69834 65874 59690 67646 58263 70641 58075 82531 60535 68169 62150 81622 69424 74654 75575 59428 57912 79367 62607 83109 
52320 60387 40159 51480 56042 46352 62226 56101 64836 51150 53435 50833 50956 59818 52885 54490 57671 47247 45733 62852 53256 53320 52710 54206 45273 67614 57710 57624 
57274 54930 50594 61351 65318 43486 68088 64209 60454 53982 55679 63715 64721 61763 56210 71740 59907 56191 49061 70239 60002 63574 73171 64754 38142 75452 71303 70356 
70218 63187 58943 66586 57217 57730 76276 65500 61304 55049 57613 58928 63088 63050 69804 87145 72084 62540 56777 76084 63175 74791 70901 70982 55996 81772 76235 72351 
64669 69476 60294 68445 59824 59959 82959 62138 68454 58176 58174 61081 63126 67820 67771 84464 68711 54658 56588 83322 69163 71270 67080 62472 60647 77813 68946 71352 
70080 71893 63562 73940 78621 61000 84046 77701 71905 73854 69276 70671 71885 78990 76733 85513 74072 69076 63623 86531 68517 83172 80091 74506 57765 92685 85230 69904 
60880 65251 55331 58474 64573 52944 70580 73154 54363 53284 55308 57158 54050 61187 70605 75841 60291 52008 61752 69195 61067 70726 69242 63332 54312 73854 61774 70939 
76620 62179 65245 65663 75560 60833 73972 79217 67976 55262 59156 71746 64092 72164 63245 81326 67528 66424 64102 77738 72404 61502 81515 65777 58417 84704 77498 72658 
64573 62340 54167 55931 62934 50622 67617 60427 62415 51251 55222 60986 57027 65882 53935 73671 57341 47324 56396 75475 66180 62052 65945 53989 49936 70895 65055 70022 
76636 67886 75597 70460 65882 55681 82534 74030 64043 54785 54564 77491 59304 74734 67310 90151 65485 67922 69585 90452 72036 72817 77390 71083 52125 79267 68681 80223 
68750 65903 59533 59940 66002 55830 70325 69412 67082 62780 57429 64997 56670 66613 68403 71206 59836 55752 66193 79218 61788 82305 76405 63943 58852 72648 50369 73930 
56298 72124 50950 61359 57419 49637 78774 61752 65389 54376 62882 54841 62892 63913 66687 73179 64307 52813 55039 76638 62290 73418 70429 60324 58876 75674 64612 78051 
70941 63468 53305 65069 71795 54453 71468 57878 64736 64583 63064 57176 59127 64942 58498 79884 62780 62237 52097 72078 57423 67351 76662 58671 50240 79231 71836 77751 
65299 72595 56525 69142 61777 65360 77830 74799 75566 65886 55595 67990 64664 58790 63741 92088 61635 66165 58647 81259 60466 77541 76541 66860 53543 91315 78462 90076 
