88 3 100 71 11 4 86 93 78 54 44 44 98 98 53 91 97 21 89 1 1 32 25 24 2 37 48 97 59 18 3 
60 75 83 65 98 42 22 94 49 10 64 16 70 86 91 89 87 68 64 76 44 81 18 0 76 57 57 88 50 56 91 
11 55 18 70 27 83 8 17 31 18 16 24 10 89 74 71 49 29 90 7 64 60 92 79 39 29 39 7 2 58 57 
100 90 86 76 45 22 29 38 37 91 68 60 62 82 25 65 97 32 50 89 41 78 33 81 83 72 55 77 44 36 44 
22 62 15 88 2 27 57 3 12 65 82 56 26 86 40 15 86 54 40 94 52 100 78 13 59 68 61 12 70 50 23 
82 25 25 86 18 65 47 37 86 19 99 87 30 25 63 51 19 58 22 66 78 9 29 94 79 14 54 94 57 18 31 
76 23 13 24 51 73 82 26 95 6 32 5 61 90 64 8 65 35 82 24 65 73 37 50 89 100 33 72 49 96 6 
47 52 85 29 55 63 67 34 73 90 74 58 42 55 34 60 17 93 93 76 53 27 29 89 7 37 82 1 15 13 99 
81 94 73 21 67 23 22 3 38 51 50 38 64 64 91 93 74 41 14 85 43 42 42 38 44 71 62 38 88 20 5 
55 22 98 36 2 95 48 89 33 17 83 15 60 32 16 14 18 80 78 57 59 52 6 44 14 21 87 85 53 98 25 
19 11 20 96 21 61 84 63 18 100 49 44 16 52 31 33 47 22 18 75 5 42 52 96 32 28 24 84 41 38 55 
87 92 44 89 34 38 36 56 1 52 95 77 7 67 70 36 55 98 96 68 94 26 64 24 46 64 94 96 100 96 41 
49 76 18 1 51 61 61 84 75 88 3 17 93 19 94 80 33 21 77 45 53 70 66 71 79 73 75 38 57 30 60 
68 62 72 48 73 60 41 45 17 33 2 77 61 93 39 79 58 99 30 35 100 71 97 20 86 19 94 5 83 2 83 
36 79 55 6 36 92 15 16 87 15 29 60 49 84 91 66 55 57 83 74 24 47 26 13 55 94 3 71 21 96 12 
17 11 43 73 35 2 60 89 1 71 22 6 33 19 50 44 53 72 74 55 1 1 99 22 55 95 6 11 97 62 95 
84 22 82 87 25 73 56 30 46 62 97 67 79 30 0 85 60 13 37 40 26 32 71 96 47 30 21 89 93 44 60 
30 25 66 7 29 7 56 16 34 53 50 32 32 43 24 37 4 17 6 67 77 29 25 55 1 94 37 60 72 7 80 
47 77 68 17 29 2 4 74 0 14 20 60 92 10 97 60 93 41 86 70 81 60 78 95 87 38 67 70 10 63 71 
100 40 33 32 36 68 19 35 48 49 59 47 69 81 22 60 7 11 56 100 27 84 46 6 92 90 100 29 90 88 97 
79 67 62 30 39 31 0 34 80 7 90 41 10 81 36 49 60 81 18 8 54 80 57 2 68 8 73 75 100 24 49 
80 56 16 48 88 66 45 69 60 83 43 5 33 7 68 86 53 99 67 76 37 10 12 87 92 26 34 23 33 81 88 
92 92 9 5 83 26 85 72 23 8 0 17 34 3 38 98 37 85 52 54 4 96 36 80 53 77 29 55 55 69 81 
65 39 22 28 87 83 58 36 96 22 73 92 47 13 2 56 62 88 77 15 36 4 78 32 42 45 97 82 34 35 12 
57 89 72 95 72 36 64 78 19 57 23 36 51 84 24 94 85 21 4 44 4 36 46 9 65 60 69 61 22 66 29 
44 8 38 6 54 50 97 80 18 37 68 16 97 90 16 85 82 48 78 32 43 4 91 72 65 79 100 82 51 59 56 
100 41 9 68 83 2 89 61 56 36 27 99 42 64 74 26 64 13 92 31 71 0 90 54 70 57 19 25 51 28 11 
70 41 45 75 66 39 4 79 91 72 62 82 85 32 29 60 74 62 62 72 24 67 93 23 48 17 22 46 72 6 84 
67 74 51 3 3 54 61 24 49 62 79 1 65 65 65 21 24 1 45 2 25 49 59 34 100 40 69 51 78 13 48 
46 77 29 20 98 1 20 43 60 70 53 47 87 48 15 18 41 42 91 63 11 68 81 35 53 77 45 15 67 81 12 
10 2 69 17 41 31 49 87 69 77 11 86 79 16 30 15 27 77 79 88 82 23 56 6 15 25 99 58 17 16 18 
