-46 21 -6 -13 24 48 -40 -46 13 35 52 17 -67 -55 -13 -42 -49 49 -28 44 63 43 -2 -8 90 50 31 -3 -37 68 9 
-44 -69 -83 -21 -18 -30 53 -79 -16 57 -37 41 -15 13 -82 -87 -74 17 -31 15 -43 -22 -9 69 -33 -38 -35 -73 20 -16 -78 
58 -20 18 -33 43 -68 4 9 12 42 77 53 64 -12 -66 -1 -32 62 -50 6 -18 -8 -55 -66 -23 6 37 -5 84 -57 -20 
-1 5 -9 -37 -14 63 69 61 27 -60 -3 -31 -38 -57 51 10 -44 11 0 -11 2 22 63 -6 -29 -18 -13 -45 51 8 33 
26 -9 67 -66 53 -12 24 20 12 5 -8 0 -2 -32 8 37 0 36 49 -4 8 -6 -21 70 23 27 -32 36 -16 34 58 
-46 35 -7 -4 34 -43 -4 30 0 36 -1 8 11 4 5 -18 -14 40 60 -41 17 14 -14 -53 -17 -4 -6 -87 -18 73 -16 
-23 19 4 63 6 10 9 1 -3 72 1 65 -48 -32 14 28 34 -1 -12 65 -49 -40 -2 -12 -55 -33 14 4 18 3 60 
-23 46 -80 46 -10 -30 -27 -7 19 -25 -21 -10 44 -48 62 33 40 -26 -75 -17 -45 30 0 -50 6 59 -22 52 3 64 -65 
-69 -77 -17 -20 4 40 47 95 27 -40 -10 40 -4 22 -25 -75 7 30 21 -54 -25 53 35 -17 55 -27 -62 -16 -26 22 57 
-7 62 -94 52 -1 5 -17 -58 16 15 -2 38 -3 29 84 32 18 -6 -6 -31 23 -36 8 51 5 27 -45 -63 31 -17 -22 
-5 0 17 -17 13 -3 -7 31 45 -78 -35 15 39 28 5 25 43 51 70 -9 21 -21 -22 -30 -24 15 75 14 49 55 -32 
-39 -55 -13 -48 -29 6 30 12 53 -33 -33 -70 -7 -12 -46 24 -17 -41 -64 -46 -12 -13 27 24 49 -38 -30 -1 -75 -23 41 
-35 -6 39 61 -33 -14 35 -36 -31 -35 11 58 -38 -19 -81 -60 53 -11 -29 6 -24 -69 31 26 -77 19 5 8 27 57 -20 
-34 15 -44 36 22 26 42 42 -11 54 39 19 26 -90 47 -48 -45 -98 -25 62 -71 -6 -16 -17 -62 34 -71 14 -34 12 -56 
48 -51 13 34 36 -47 39 65 -48 76 14 0 3 1 6 -5 -21 29 -14 11 38 -23 12 -6 23 -69 10 -64 -18 -96 7 
32 9 43 -16 -2 14 12 -65 43 -23 54 85 44 42 24 -18 -49 -20 16 -21 60 60 -30 15 -42 -88 28 87 -89 32 -39 
-39 -1 -75 -41 16 -4 -3 70 -25 -2 -4 -47 4 23 10 -78 12 78 42 46 -22 -27 14 -12 -29 27 53 -62 -54 36 39 
-3 22 -16 33 31 27 24 57 21 -7 -46 -20 -15 23 60 32 16 29 9 -43 -19 -21 25 39 20 -58 1 -60 -67 90 -59 
-4 -12 -20 2 8 27 22 7 37 31 6 -6 -1 43 -83 7 2 43 -37 -35 -72 -27 -26 5 -68 19 14 -53 3 -22 -47 
-51 -33 -20 -1 36 -3 55 44 -40 -23 8 38 -68 -42 48 -5 23 34 23 -8 43 -19 10 47 -29 -75 -48 11 -83 11 -78 
-54 -39 4 6 -39 -16 82 -12 -12 22 -19 -4 48 2 -15 -1 5 -25 67 14 -12 -39 -53 19 -66 46 -62 -45 -38 74 11 
-14 -27 -16 -33 -21 -41 -40 -62 40 3 -36 3 24 7 32 -65 -6 -59 18 -30 4 11 85 -44 -8 20 -23 40 -20 -13 -59 
4 -70 -6 31 -16 72 -22 -6 61 69 12 74 2 37 6 -37 10 -32 12 -13 34 -93 -26 17 32 -67 55 -27 40 14 -1 
-13 10 8 43 -42 -32 5 1 -31 48 -57 7 -27 41 56 -45 26 12 -69 4 -23 16 -22 -8 18 46 -62 -5 0 -6 41 
23 8 16 -53 -64 31 -26 22 17 -39 -9 53 -51 -62 21 -71 -60 22 57 -33 38 -31 51 13 17 26 -67 -12 33 14 8 
-40 63 18 4 -1 32 -70 -6 33 2 1 -6 -25 -12 74 8 -2 -15 -73 -17 -27 -4 -26 -10 2 -42 -68 -37 -49 -25 -50 
-93 -24 71 -28 -22 70 -60 -26 34 -24 15 -82 51 -24 -59 34 29 19 -91 -7 -56 69 -59 -53 26 -56 79 -16 -42 34 2 
-64 -29 37 -21 -2 9 91 4 -15 -10 -8 16 -59 49 41 39 -62 -15 -49 8 13 -15 -5 52 51 64 -6 22 4 77 -17 
13 -33 -21 74 56 46 18 31 -6 -9 -9 4 23 8 -63 2 -4 59 29 36 38 -38 -48 30 -59 22 -26 -22 -54 40 -7 
24 7 17 36 -7 95 9 0 40 -66 -45 38 -85 31 77 61 -3 4 0 -18 75 24 -32 54 20 14 24 60 -58 -31 62 
59 -1 -30 74 41 68 -42 -14 -8 -77 78 -2 -58 79 5 32 16 3 -43 -83 -16 -8 -45 49 7 10 -64 3 82 83 10 
