35 10 22 18 12 87 10 43 69 10 90 89 5 1 52 19 68 28 33 51 96 24 26 64 42 3 56 91 75 53 36 70 
27 80 65 75 7 54 79 86 22 63 95 18 41 20 59 91 68 53 26 20 65 29 6 87 34 51 56 67 15 90 28 24 
4 15 2 42 53 11 32 93 66 43 89 61 71 40 59 89 86 85 80 4 27 42 94 85 65 76 60 63 97 67 92 37 
43 81 22 54 100 32 76 53 40 16 90 81 3 95 98 44 1 45 60 35 39 37 43 96 14 51 17 79 10 58 52 62 
43 28 30 39 53 63 79 12 45 82 32 28 78 77 71 64 72 88 4 73 26 97 15 14 52 63 40 44 53 45 5 8 
70 24 63 63 2 73 29 2 79 8 93 32 20 70 82 22 96 35 2 29 25 85 33 53 36 34 24 45 94 14 67 91 
67 59 51 26 70 31 34 8 69 75 37 58 18 60 83 59 69 69 60 37 63 2 70 35 49 69 80 84 29 57 28 54 
5 17 81 72 55 72 82 100 12 87 42 8 81 34 54 76 27 5 36 35 64 66 46 28 73 42 81 28 73 71 79 16 
48 33 36 72 6 26 23 84 41 95 94 9 32 40 67 55 10 73 89 92 50 2 29 15 9 28 69 73 42 52 54 60 
35 79 42 44 99 31 5 89 7 82 84 67 41 87 45 37 17 34 81 51 59 94 34 86 64 80 66 94 19 48 71 48 
7 96 59 50 32 60 60 30 13 64 85 80 76 20 73 44 2 6 68 43 1 98 78 96 36 53 15 27 42 54 7 96 
67 98 61 42 25 39 100 19 94 5 11 57 55 25 11 90 92 24 86 9 71 82 23 25 3 19 16 63 99 76 57 98 
87 3 36 93 40 81 43 18 53 64 73 4 5 54 68 2 40 60 36 97 75 37 98 4 74 8 92 4 31 12 60 83 
61 63 26 97 0 46 44 98 26 10 42 71 43 53 2 81 20 3 21 20 39 87 77 46 50 4 42 24 67 8 65 50 
40 11 66 19 61 43 27 13 55 17 46 69 96 76 29 60 27 11 58 56 8 69 91 56 18 69 83 58 13 60 89 26 
49 14 5 4 3 67 35 78 45 64 100 37 12 0 35 77 22 14 47 25 91 38 65 46 11 30 98 45 92 37 79 29 
93 34 90 43 7 79 89 39 78 87 6 25 28 61 13 53 49 73 87 39 19 44 18 99 10 21 73 41 36 6 1 51 
76 38 42 66 82 55 98 8 56 16 27 50 25 9 98 98 23 28 100 93 67 85 48 92 52 32 57 70 62 0 87 34 
79 90 62 97 16 32 61 55 2 72 90 10 57 2 31 51 8 10 94 13 24 87 59 56 38 55 27 78 17 4 69 6 
0 24 97 39 78 8 15 4 53 27 35 40 56 20 72 20 0 7 94 38 17 11 55 37 77 94 17 17 27 74 32 43 
76 34 74 84 39 2 89 85 87 13 23 81 71 49 71 8 86 41 58 12 55 50 59 32 77 78 21 45 37 44 55 93 
52 85 10 18 0 11 54 49 58 43 13 44 74 34 73 16 85 57 20 73 40 51 55 35 19 69 26 51 33 70 57 95 
16 10 33 79 89 59 50 44 82 88 20 76 94 79 60 62 62 36 63 28 97 85 42 0 99 92 52 1 45 11 15 67 
7 66 68 46 64 18 15 16 56 94 70 7 65 13 3 48 87 49 40 42 21 73 100 20 43 72 61 12 73 77 2 59 
77 98 26 25 71 88 43 51 1 25 28 38 38 63 84 39 86 55 71 48 1 13 0 19 36 33 0 8 19 100 54 69 
87 90 51 70 45 38 18 53 61 31 29 20 53 21 80 68 17 95 26 58 33 59 38 19 14 2 25 62 14 46 69 64 
57 84 45 88 85 48 26 42 38 22 78 72 2 36 2 52 51 12 85 24 66 28 72 74 87 43 76 41 38 71 25 4 
22 13 22 34 42 82 87 48 12 14 50 7 64 25 5 82 58 71 63 86 1 98 64 4 16 82 87 51 17 2 91 64 
49 18 90 22 21 15 17 98 1 68 29 9 86 26 23 16 98 77 83 14 41 16 85 81 80 84 80 71 44 5 0 45 
4 96 30 25 42 81 72 31 47 50 19 88 89 20 91 36 39 22 69 22 77 14 27 72 17 34 24 49 4 8 11 87 
58 23 40 72 71 56 67 33 19 46 26 91 86 49 22 42 45 14 49 98 50 80 51 14 52 51 87 59 81 75 8 4 
4 53 50 50 94 31 26 75 3 37 52 41 60 85 77 100 47 33 67 18 37 30 6 41 98 72 31 21 85 74 28 80 
