56999 75644 79584 71938 63520 59922 65927 76945 88053 74525 73181 92996 66133 86030 61718 64286 59552 56790 63824 75212 60713 67519 69413 72072 81990 69266 80231 66613 70733 73656 85000 77037 
77316 87357 95481 78323 75288 73764 80387 87780 91253 81876 78598 96597 77665 90706 73711 72741 58124 75348 83205 84069 71296 71710 75106 85656 89611 76053 102252 87126 86815 84497 88323 86116 
85542 102088 110400 89965 88644 84623 71048 97915 106970 102412 89744 112108 85959 105789 84103 85498 77026 90606 95243 87921 80402 85909 88579 94143 97897 99389 108822 95097 106434 93307 103175 101802 
76454 89636 93112 74167 78715 72285 85844 81912 95317 89054 74467 91953 67968 93029 70926 84323 67377 77217 85598 89513 75938 68829 84144 88237 82215 85318 95780 83985 88527 82795 92408 93159 
77068 82599 84175 75122 66773 64289 78817 87393 82541 77604 75325 96909 72895 86965 76459 73652 62889 75877 76824 65595 70315 78267 72986 80833 80867 73907 91456 87157 81681 78970 80845 74594 
60553 86412 83489 72355 60900 65652 72703 79950 90939 85259 73583 96784 61207 88217 69455 76007 66911 62070 68022 71107 70509 72089 66582 86708 88441 73240 85904 75307 76912 74758 87044 78539 
84564 86649 98600 76901 80389 77779 82683 88676 99399 90120 77541 101052 73554 96940 78873 76828 64716 86684 81351 82126 76276 76147 89546 91026 83026 87037 96435 92682 83801 92954 90444 90993 
91279 97562 98325 82629 76133 73352 79461 97591 90731 82523 78895 101609 79755 96335 79289 68001 68652 75227 80911 85529 71375 80153 80418 71646 89968 78582 100837 84325 87666 80446 88063 83481 
77130 83995 86408 65087 66845 60983 73652 78279 84778 81203 74739 95030 70038 86651 72435 61477 54173 74786 78523 81204 70725 74824 73331 73958 69708 79075 90699 81635 74444 73361 80882 77283 
102581 101114 106065 82119 88735 77111 93331 99159 101014 105473 85656 108533 80419 107674 79771 90395 73369 84715 102093 93622 86768 85684 94466 93877 90049 99993 105406 93689 104051 92988 101104 92517 
73630 90824 83971 67864 73431 66746 82240 80142 75462 79327 72832 95512 64189 99916 78158 81227 72670 71058 79245 77865 73524 69375 82300 76640 91967 83879 92115 83020 80042 82055 83721 86752 
73877 90752 86653 81177 74052 71984 77563 89181 95697 92260 78859 102680 72107 91552 83919 67887 65253 75396 70993 89752 69669 74580 87553 79216 98080 74785 91395 87769 82787 89317 97678 82913 
74094 82478 85852 69989 63337 68629 79589 82009 95013 79076 72190 103800 69560 94458 67057 64068 63435 68441 65755 76977 73727 74955 69614 72848 79103 81763 92100 81500 71633 73516 89286 83777 
68509 82093 69260 71773 64848 60423 63493 73926 75687 74814 63377 92656 65615 87166 66300 58348 61348 57884 58865 73865 63107 63237 68592 67601 82574 59565 81365 66083 66881 65074 85852 73118 
76586 80913 87149 68534 72723 70750 72854 78164 85055 80037 67765 91248 70364 83147 74342 65787 66412 76245 74083 73748 69730 71367 70940 74523 72625 74865 85159 75368 78094 76304 78624 77804 
62393 77915 75244 69326 69389 66257 64185 78724 83087 72645 69734 95295 64663 88848 62601 60350 54625 62017 68156 73251 66480 67564 68794 66826 79191 68396 78959 79395 72940 63414 82614 75682 
71692 79916 92032 65630 73551 67474 74609 76413 97269 73045 71042 91333 73454 87570 66842 61886 65961 65573 72255 77926 67203 69213 69730 81244 81094 65703 79487 77716 80578 75384 78150 79502 
84612 98329 97150 89188 76244 85748 87841 93791 107736 93750 78707 111086 86134 104909 81930 77723 76617 80326 84190 106667 84221 86348 86932 89774 94537 87119 101112 94076 92240 88512 98754 99776 
75899 77398 82169 63700 65986 69643 73367 79493 80465 81676 60349 98725 60649 87025 66503 62733 56954 65887 77435 76627 76118 69574 71947 74253 75638 71914 82412 82857 81483 71074 81531 81738 
68036 68777 77030 51564 57114 51330 60884 63122 66288 64844 51179 70387 52093 69030 60755 56896 54780 66240 65084 63348 51490 54790 65372 54954 58929 70528 77189 60473 63850 70117 60458 69214 
88012 96367 102250 78791 83385 76788 79377 100122 103666 91121 79529 108159 74344 101973 77540 74449 73934 83146 81050 88487 73220 72540 88914 85662 96088 86890 102675 85551 92350 91704 98628 92514 
68764 76249 79463 67382 70090 61839 73824 83639 75903 76742 77130 89946 63071 88883 71877 68334 55672 73770 70635 71745 68366 61075 75302 73492 79715 79656 86442 81056 76482 75489 77739 69679 
99521 98099 97723 83998 77119 72155 78752 98100 96014 87745 80192 110838 76945 104379 81238 84629 78894 88329 81582 80475 72894 81606 86075 82541 96766 89326 102795 90656 92906 97261 100280 83961 
75670 80926 82621 64197 67458 63653 71527 79089 77566 81249 71349 94284 64596 87746 78124 70496 59063 78387 74352 60530 68689 75912 76323 66915 78896 81621 92299 83396 77130 81200 81858 76694 
69016 76577 82949 62496 60712 59083 73073 73909 77200 80081 70067 75548 59304 73774 64589 69859 53606 70790 68130 72128 55627 56210 69463 73168 77759 79518 82242 72483 75082 76912 78917 67821 
67434 78786 78384 60618 55941 62457 74635 80261 81356 80886 69211 89145 67505 86916 70598 63246 59447 72758 72991 79259 69297 72381 75892 75614 75647 74674 93217 74275 72427 73872 83675 73301 
82393 83077 91301 77136 78589 72165 77810 79789 96952 88692 70019 101247 73970 90528 70371 71050 63531 74318 75512 81729 68656 71754 81249 76436 82240 77449 96364 80845 82079 85126 97014 94896 
72132 75806 79938 74251 59423 64409 66452 76058 79280 83768 67125 96265 71148 80193 62968 59779 54688 68644 67531 76537 67191 72638 58027 68428 72952 78138 75246 76348 82587 75260 83062 67225 
83737 80095 98768 68471 78067 69618 63154 82991 90871 80807 70180 91562 76369 91212 69030 57675 61226 73403 75467 67794 66217 68127 71759 76145 76215 77099 86518 78755 86824 80676 74069 75287 
69475 74348 80455 64889 63385 63594 66832 75202 76866 66579 70220 83119 59205 88039 65603 70091 63672 66951 61554 76882 60845 56359 70932 70705 82537 70463 79464 72671 76651 80330 76915 70729 
88082 88488 85560 81557 80250 66346 82102 90839 89220 83213 77803 107431 81253 93397 82828 66025 66786 77194 74693 76226 69474 81556 82762 70489 79737 71650 94394 84594 76051 82195 89498 85296 
90102 99867 93439 80556 73001 66518 73892 83307 83691 91496 75836 86779 76195 88673 77827 77826 64405 81309 81534 82914 62012 71104 81916 81511 87392 84278 101254 79954 84583 90919 87176 79363 
