16 -10 18 76 -21 -29 -16 -25 -54 44 -99 16 46 -9 76 -4 37 1 22 19 45 -54 34 17 -49 -27 2 -2 18 -11 -4 -92 36 36 
32 54 8 29 -45 45 16 -22 -39 34 -44 -1 -33 48 -29 81 -33 -26 48 -73 -24 -18 -56 -12 45 33 0 19 -22 -7 45 71 -3 -95 
-17 -42 -3 66 -38 -14 -4 -72 10 -55 -89 -5 71 -32 31 60 -28 -18 -29 -27 -2 20 -64 2 22 39 -23 -35 -78 35 66 -60 -74 42 
18 74 -29 -11 31 12 40 -29 -2 9 8 -32 -39 -28 20 2 29 -47 6 3 -37 -17 -9 -90 1 4 -14 -1 44 -7 39 81 2 -2 
-49 30 72 -28 37 -10 -62 2 32 -53 26 19 10 -12 13 18 27 -61 24 -37 9 -78 40 -4 -15 10 31 94 -8 -35 -78 42 13 47 
-9 26 -24 35 -54 18 -9 45 -73 8 56 -15 -52 -32 -14 71 4 8 11 78 49 -3 70 -56 -71 42 11 -76 -22 -69 69 19 -37 -61 
-12 63 47 50 76 5 -17 1 1 14 17 -50 46 52 -33 -26 -52 17 39 74 36 26 75 25 9 -37 -39 31 -7 8 -38 -29 10 -14 
7 -32 52 51 -7 47 11 -27 55 13 10 -8 39 54 21 45 -7 -70 -45 -75 43 -2 30 -38 9 25 -46 1 -51 55 81 63 -6 -13 
42 -56 65 62 3 79 2 -11 8 11 -30 65 20 -99 54 85 15 21 24 -44 -25 -63 -18 77 15 -88 52 -35 37 26 -27 -31 25 -18 
-64 -66 41 44 14 83 18 40 -40 -72 36 89 16 -57 -36 -2 -8 29 98 21 1 -86 -55 80 -44 -14 68 -46 9 -68 11 47 -20 23 
-29 -32 21 -56 46 -10 39 -53 38 71 41 -6 31 30 -4 -30 8 -10 5 83 -8 -47 71 36 3 -27 18 69 35 6 -6 59 42 -1 
53 -80 -82 2 84 -17 14 2 39 24 25 -56 11 53 -32 -39 -36 9 44 71 79 -64 -43 83 2 -16 35 0 -25 70 -24 -12 -57 -72 
48 -3 -80 -14 -12 18 83 -76 -40 24 30 16 20 70 5 90 74 -2 6 85 26 -66 -41 -33 -30 -3 52 -8 -49 -31 -74 -18 -19 -21 
73 -10 -17 39 82 -11 14 41 29 -45 66 50 -18 -33 1 81 50 -20 27 -35 4 -51 40 27 -15 -33 8 3 6 6 61 79 20 0 
63 62 24 23 29 -26 -53 12 17 -12 -41 -7 20 -19 1 24 -46 -53 37 44 -14 -12 -11 5 45 -76 -23 -64 56 -51 -8 -61 -28 -29 
-50 -6 17 62 1 41 -64 26 -14 4 58 -4 -36 4 -46 -7 24 -40 -23 64 34 34 -25 20 -34 31 31 -47 -33 10 24 -4 39 13 
25 -26 35 3 -30 4 12 32 -3 -58 73 5 29 15 -9 12 17 -72 -41 18 9 -6 0 22 -91 60 15 -61 34 -52 32 -58 4 14 
0 17 -13 25 -38 26 10 -10 -48 -62 -4 -50 8 48 2 -12 5 -60 25 5 91 -19 -19 21 69 -46 -32 -17 52 24 -26 1 -2 36 
11 9 -29 11 84 -32 17 -59 33 -26 -78 -47 -32 -20 -39 2 14 12 24 -34 -62 -62 -61 -19 50 4 44 -15 -38 -24 -7 -67 -27 -70 
-17 2 36 39 18 9 -29 -43 15 19 33 -12 72 34 7 -36 13 4 -60 16 -50 22 -42 -90 -37 28 21 -43 25 -31 56 -19 51 -3 
17 -82 -19 -65 29 23 12 -46 -11 -10 3 -33 14 -25 50 29 66 54 -17 -48 63 21 1 60 20 43 22 -2 1 63 5 84 89 -13 
-11 -74 88 -19 -37 -1 -78 34 0 -15 -59 7 47 -55 58 -44 -52 6 27 -31 10 -51 -81 -44 -43 -6 -21 0 21 -9 85 -11 10 -5 
0 -73 -25 -20 -34 -34 -7 -70 61 -3 -13 9 29 -12 32 -36 41 -19 69 8 -91 -29 21 27 62 -14 -17 12 63 -32 -10 -72 39 5 
40 18 64 33 77 14 -42 43 54 14 40 -16 -53 35 10 -44 -36 -53 71 -32 21 11 -56 65 -89 -5 -13 67 -30 47 2 -2 36 -15 
-5 -38 -84 50 36 35 14 -65 53 12 30 93 -46 -7 -34 65 -4 -8 54 74 24 -28 27 -39 57 -33 63 -39 -55 29 38 61 -26 11 
-48 66 60 -27 -19 -30 9 -23 46 -85 -81 31 -53 17 31 -96 -34 50 -6 58 65 2 -70 64 29 13 11 -60 7 -16 -62 24 -13 3 
34 -17 -48 60 77 3 -4 23 18 -35 -36 -52 -45 67 21 52 -60 49 32 60 -6 -10 5 54 11 23 21 62 9 -28 11 14 -45 -65 
10 29 -7 -47 61 41 -53 -17 59 2 -70 34 79 -66 64 -5 -2 -3 -86 -12 -69 -86 -50 72 -40 -36 -68 -72 -49 -1 90 23 -79 -5 
63 -5 5 -39 -3 62 -31 -10 13 36 -77 -14 22 -58 -12 -21 -7 18 1 81 -27 -9 -51 -55 2 -7 59 12 71 7 1 -59 84 11 
47 -49 -61 -68 -18 -34 46 -2 -69 -19 -89 -13 43 -37 66 14 -29 -54 2 -5 15 -10 23 15 30 16 35 -60 8 -57 -16 -21 70 29 
-23 0 -7 63 42 -56 -1 23 -25 -13 -23 1 -46 2 27 10 -28 -16 3 -58 99 12 48 12 -68 -45 50 22 25 -18 -59 -80 -4 18 
91 -38 59 -28 1 5 -5 -6 -37 15 -33 -49 -28 56 -90 57 -42 24 -93 31 -25 -50 52 74 34 8 -5 43 -65 -7 -11 -15 29 -64 
-34 34 -31 -16 22 -15 -21 19 -67 -24 15 -13 -5 1 34 24 -16 -49 -60 -2 -56 -19 -19 -58 -17 18 40 5 -4 -56 -14 14 43 28 
13 -45 8 15 19 -46 -92 -65 -13 -68 62 -3 -56 -27 -41 46 57 -35 -85 -9 -4 47 -31 -69 66 -57 -1 40 -6 -3 -20 -40 0 -9 
