18 -34 73 70 46 28 27 -19 -35 -86 -25 -42 -52 10 29 43 69 23 -19 6 9 -27 -36 73 46 91 -14 -21 31 75 27 -14 -25 -9 -16 
-20 7 1 32 -41 -40 46 12 -60 28 -5 3 -10 -6 -38 25 9 30 71 44 95 3 -33 -3 73 45 41 -68 17 -59 -50 -1 1 -64 20 
-20 3 -48 -30 26 -42 28 24 16 -78 3 -5 -29 -34 35 -50 -62 -57 -42 -17 18 68 5 4 20 -4 37 -16 9 -7 47 19 -58 20 36 
-30 -43 3 53 58 -10 65 9 32 14 76 57 8 75 95 46 -14 -73 14 -45 37 -45 80 -3 28 0 7 57 44 33 -38 45 36 -27 -42 
7 -18 16 -40 5 -53 19 60 20 47 -2 -16 13 40 3 -73 43 -70 2 57 -69 50 23 33 -10 -46 0 -40 -64 10 6 14 -13 1 6 
84 -28 -5 50 -47 -37 -1 24 -13 20 47 -70 0 24 -59 -42 34 7 -40 72 1 90 26 -6 -82 54 -69 -24 -41 -4 20 85 12 28 -20 
-59 -2 27 26 17 8 -30 -57 -26 -22 -19 -2 -27 -40 8 -72 -69 -3 -1 -71 37 21 65 9 -26 -28 -99 -98 8 0 -68 -44 -5 14 66 
5 71 -13 -46 -73 16 50 66 8 -31 -3 -22 -30 10 -27 51 28 -88 -14 55 -14 -85 61 -69 22 -30 37 76 -30 -13 52 67 29 24 -11 
39 -28 -40 65 -14 8 63 -13 10 -28 59 -27 16 35 -13 41 9 79 -6 30 -73 78 -27 -77 -31 42 18 -63 -5 44 15 14 20 -43 64 
-33 -38 78 98 0 49 -21 -26 0 65 29 26 78 -33 84 -59 82 -16 -35 -59 64 -17 -8 42 -37 28 61 24 -8 40 50 -66 -76 -76 10 
-56 48 -14 10 32 39 -28 -21 -37 38 -9 10 37 41 -22 51 62 75 70 -18 66 56 -62 11 83 -5 51 15 -2 -29 25 27 1 25 59 
35 -25 22 4 9 2 0 14 68 90 -10 45 63 -23 -17 -32 32 -10 -64 -58 -54 -23 -26 9 41 -25 -6 3 -9 -64 29 78 -23 0 -5 
68 -82 92 -1 -50 -57 -17 -48 6 2 6 8 41 20 -3 42 -65 28 -13 14 -54 20 -10 29 -75 -78 -3 -7 -63 -15 -49 12 -5 53 -7 
-5 11 -30 -34 -24 50 -26 0 71 33 22 94 -45 -31 -14 2 -43 -18 -48 33 3 -30 -42 55 1 -26 -47 31 69 -28 -27 23 -9 -21 91 
-26 19 59 -19 -71 7 -42 19 33 -25 -10 -7 24 4 13 23 -35 -80 -38 3 -17 82 1 54 13 81 24 -50 -44 -1 0 61 10 -50 69 
-65 -13 -30 11 13 40 0 72 40 2 -51 28 -50 36 69 -14 -4 32 -33 3 -50 0 -3 -11 50 15 48 12 -70 -24 32 -30 -29 22 -34 
-56 48 14 -2 32 -65 17 -40 0 -61 -5 -40 -26 -43 -14 -30 -5 -24 11 -29 -37 19 -9 38 -34 -8 -88 -7 22 -17 -9 39 -16 -70 -12 
-38 11 -13 1 -41 -12 20 -39 -17 -8 -64 28 23 17 63 69 25 -47 51 13 18 -30 -8 -15 20 -74 17 21 33 -39 -43 77 -46 -63 -14 
-4 -32 13 69 18 -83 -2 38 -30 -45 -11 -26 -14 -10 -72 72 2 42 10 -95 8 -13 48 38 26 46 28 -61 -1 87 -41 -33 16 -61 4 
20 -47 -45 -12 48 49 -58 84 25 38 -45 -18 -58 -32 -11 1 37 64 46 5 -2 39 -40 59 -66 -53 -7 10 -6 88 30 -7 34 -10 24 
27 34 -21 -64 38 -44 -1 -23 28 -8 58 -30 5 3 -68 68 26 -56 -13 9 -64 -28 10 -16 -31 -52 -4 -46 -39 10 71 -15 0 10 14 
-63 74 3 -67 -78 48 -14 -27 57 -44 -32 -20 33 -6 25 89 58 8 68 75 31 57 67 -53 83 -1 6 29 -50 21 19 -9 -64 -48 -38 
-34 -31 11 26 9 -66 -31 -27 46 0 44 21 51 -15 59 -10 7 -6 -65 59 -49 -29 21 -55 -73 -67 -48 -61 8 -6 -3 44 10 63 35 
1 49 59 -6 -71 -58 50 42 -9 17 56 -55 -51 62 7 -2 50 55 -45 -30 -8 -70 11 -36 37 -8 53 -39 -2 -15 -21 -8 -9 20 -11 
-55 -3 60 23 -83 -2 24 -25 -35 -10 -9 -27 1 50 -53 -20 1 14 52 -4 89 -11 -33 -46 -3 30 91 -41 -87 44 46 -9 -36 -30 19 
2 -37 72 -20 -2 -35 -5 -55 8 -53 -44 12 6 -3 40 44 0 -30 -42 -65 -47 -63 -8 -45 -11 -7 -18 -5 -38 27 -6 50 2 -22 -77 
87 -21 27 -73 53 -29 -55 40 -5 49 24 -48 -35 -74 23 68 -59 49 66 16 -37 -36 -14 21 -66 38 -46 -51 -2 22 -4 -30 -76 -51 35 
-42 17 14 -42 -27 50 -48 -49 63 -23 24 58 7 27 -28 34 -41 -11 21 56 23 -53 -14 12 3 13 17 22 36 -48 40 -12 20 12 39 
-39 26 89 -65 44 32 2 69 29 46 -17 29 -62 5 -8 -23 -14 58 -15 -16 -89 18 35 47 31 12 -39 24 -12 -26 7 -26 35 -41 14 
-19 -14 10 27 -88 -16 -36 -56 -30 -59 37 41 -41 -29 53 -7 -28 -47 -52 -46 41 -77 54 -33 15 15 23 31 10 -2 -32 -5 -82 -48 59 
-24 20 -50 -72 51 -40 -54 15 -40 -4 -19 -48 -72 -44 2 -73 32 10 -38 -44 -23 24 36 81 46 54 -33 -35 69 5 41 -29 -63 71 3 
-45 47 -50 16 21 76 -3 -69 34 18 -15 -71 -33 55 -79 -91 -50 50 38 -73 35 33 -47 42 19 -36 -15 26 31 -60 29 55 -57 8 17 
24 13 -11 28 43 28 -7 51 5 9 2 42 25 -29 -41 -4 29 -20 -7 -47 21 53 24 -26 24 -50 -2 31 -26 -19 45 -5 29 -3 26 
12 39 41 -12 15 -45 -27 50 -82 -25 -27 -72 -59 -32 19 16 -50 31 36 -7 -85 -24 -49 21 -89 1 26 -31 -32 0 -22 5 70 5 18 
25 14 47 36 -11 37 44 -19 13 13 -65 -6 14 5 -21 13 -25 -15 63 -67 71 6 -15 -28 -45 -6 -62 -32 -14 52 28 -34 16 -76 -56 
