115598 110063 79520 110529 103003 106685 106466 98840 103885 105590 106006 108560 110754 94579 85875 81418 112032 115905 105558 118291 107765 111774 77618 78459 101863 101924 96418 122755 112849 80732 113628 95589 124188 119775 104663 
100856 103286 65469 82435 93472 96693 92503 93685 101093 83059 102095 96755 89976 76396 85846 68306 88848 97777 81826 104490 88816 98624 78122 72664 85870 99224 80072 108701 104463 80526 99691 89884 118205 116919 89412 
86377 81537 59011 87982 79575 78198 81780 80355 78132 70879 84738 80722 75395 76061 66716 62218 84265 81976 76181 88096 84647 88024 60157 56507 81570 82450 79176 91269 79850 69428 82823 72059 93484 86915 81170 
119373 113909 88068 110579 107863 104200 109041 97729 102058 90433 109410 97751 91832 92919 86739 80613 110717 110699 100249 116575 107374 101109 85606 85352 101633 108299 83537 113577 116793 101424 107725 93346 121885 122836 89550 
94663 79792 69526 90067 80570 77617 85701 79723 87732 70176 86062 90268 76217 82444 74288 69993 86057 72787 72149 83637 79001 84829 73668 63269 76510 83579 80620 86258 81066 71509 74940 74192 97387 98603 70421 
98156 93906 76623 100093 90793 83924 93127 100611 90998 82335 90282 100158 82574 78471 84767 67349 90795 97901 83157 97130 93507 101714 77467 68568 83702 108029 87296 95897 93123 84723 84970 76859 105638 112311 93445 
82614 67049 58065 68747 66615 70856 66728 64530 69243 59268 73764 66107 59036 56077 58005 45764 73255 78181 58078 76119 65405 66348 60686 57117 64421 68436 57762 79084 75617 59957 67382 67599 80888 82988 59214 
106259 102717 75733 86139 90142 101004 92533 91201 115522 80429 100586 95403 95469 82445 82148 80539 95396 90692 85918 100446 99569 102561 85821 74295 104688 85630 89624 108370 95329 85385 91159 86486 104509 105132 90007 
115237 112978 82354 100405 104866 104961 109457 111634 115875 98394 116081 106576 105260 102356 85270 82388 109713 101130 105346 122593 114205 109552 84875 81309 102689 114835 103957 121329 116629 81840 119885 98842 129907 126508 98312 
105195 103006 70160 93744 97787 98547 103440 100520 103401 86541 92299 97294 80609 83401 71021 78697 101919 106450 96257 97016 100220 92754 80976 74519 97294 90299 90300 111569 104445 83813 97513 81753 126538 109146 91312 
123029 108154 79806 114166 110886 117643 111955 101614 119955 96128 122388 117342 113004 102415 95534 85294 112471 110681 97671 115656 116011 113672 93248 91613 105958 113824 103736 125682 126287 97027 114169 104593 130465 128085 106236 
97112 97828 69197 82166 90215 94733 94165 86810 100604 73396 95944 90935 79152 75537 79277 82898 88521 83263 81728 93008 94017 88444 82055 62291 89576 79538 76532 96333 101946 79627 85643 73694 105643 97736 76453 
98007 93494 67864 89069 95967 89790 92775 92944 94045 84928 90297 94181 84747 81728 65826 66031 96330 90078 98033 100570 93689 88370 76341 71582 87093 96448 75961 97573 100558 78043 96126 78843 111214 106528 78364 
91229 91870 67301 86653 81373 82716 93939 84336 88221 68844 86473 88992 82721 78210 68258 70796 85539 82347 78464 96475 85877 88356 75865 65132 79412 86117 76294 90604 102072 70670 82221 69613 98934 101904 77239 
87223 85394 69561 84266 82324 80144 84655 82703 85830 79263 78434 95154 81111 69296 68896 63887 77929 84494 71616 96136 75534 85600 69145 69268 67795 84314 70180 90026 88188 69136 74588 77866 104810 102505 79378 
103088 96980 74736 103435 103158 93432 93212 85031 93360 78403 100468 95026 93229 79719 81530 73840 95008 96373 90423 96928 95481 98870 75969 67870 100118 87095 79387 102939 107225 83576 96392 80095 109026 109462 89753 
86156 66699 59233 63109 71661 67923 66084 64254 65712 61480 73193 66663 63790 59072 58494 55246 71407 65201 69306 74995 64548 62915 56309 61547 56791 65555 51802 75514 79896 62845 72052 62032 79830 79340 58749 
86598 79339 56813 76139 78589 79286 78092 74527 82166 61646 89811 80055 65188 67028 68597 63721 84817 77873 68773 84330 80904 82227 60405 53071 81548 75098 66863 82352 89726 66293 84390 69311 92807 91192 66194 
106961 93456 68215 92241 94429 101804 97674 93602 101034 91013 99270 94798 93617 82519 74254 66303 95711 96918 92083 105386 94581 107024 75359 76352 81095 93375 82925 103988 97903 81982 102284 88567 114622 113966 93420 
98334 84743 65338 98408 98071 99040 93861 89189 99875 86997 94626 98770 93945 83087 70074 73188 96399 102309 87074 92886 102098 95260 69005 72760 95105 86847 87540 103287 104629 79382 90150 84433 110974 108760 93513 
86474 83346 65914 71446 66967 84758 85167 76294 96392 68435 87898 74133 78890 75288 55980 67330 77835 75887 72446 88963 84482 85749 67833 61050 76326 79440 73608 91988 78887 71444 79282 75107 95444 93629 73435 
107041 100752 68835 90063 97021 95891 93330 84500 94015 76608 103964 91542 82544 80825 86725 67779 96649 90262 86827 91808 95521 89574 76947 70134 95455 91994 80744 102858 100997 85152 97122 84058 111877 114401 78189 
78665 75303 66617 74268 70450 78079 80293 75586 80459 68309 78227 76157 66886 66955 58826 65929 84543 71606 75208 86693 79631 74076 69475 57100 77507 75983 70454 82468 79925 68163 76345 61251 90025 87060 59828 
96327 80498 60989 78251 74315 84509 86128 81140 93220 75180 88592 80171 83635 84454 62920 66282 88261 79722 77581 95117 78153 85577 66263 62470 76270 83905 73945 90195 76588 67565 85819 72571 94484 99779 69833 
100255 98581 79504 98469 98896 96444 92400 102236 102673 80441 102521 101819 93571 85120 85261 75007 102421 96736 86242 104252 95351 92255 86715 67057 93360 98465 88844 104468 96942 84703 100009 83624 122789 111988 84385 
85800 89309 64319 76804 78161 74064 83074 75622 74943 70297 78300 65277 75879 64215 55777 63798 78612 89460 79216 93280 73693 78602 51425 53748 70976 78174 52261 82225 78870 72167 81961 70180 97986 87852 70497 
88508 82497 58552 74678 80655 84284 83689 76959 82683 77006 83782 78000 78468 69782 57282 61917 78517 81541 81354 91854 86503 91179 64317 67902 76620 72823 64655 90538 86840 66809 77647 75219 90745 92536 76547 
96916 90299 68261 85911 88871 89069 85440 78431 85935 73831 95659 92084 91290 79681 77947 62997 88352 85717 83100 98484 89770 86948 75477 68388 81846 88778 73074 96157 98190 72336 87309 74161 97603 102866 75135 
98417 91758 65319 94452 89258 82234 91815 83562 80845 77830 89619 84860 83481 86907 71833 72210 89621 88162 90104 93946 84079 87322 67615 67805 81280 93716 75790 96877 84768 75684 90044 70224 103978 101799 80653 
82074 77587 56276 75347 76749 75300 74743 78781 82467 58465 75201 79391 62867 64071 64171 54569 83945 76225 68285 79649 75723 76962 71489 60458 79749 75476 68442 83410 82575 69749 78143 65759 91720 86873 65696 
108540 88717 62967 107919 95800 96165 97879 91357 96981 90699 102380 98715 90701 85183 73944 69326 97519 100841 87501 102324 89321 106391 74229 78650 88378 92372 84334 105949 100028 82005 95716 86324 113652 112539 92917 
88338 68631 71786 90431 82872 75753 67031 82709 79626 63499 81003 88079 79284 72909 70136 67200 89354 86677 68852 83692 81829 86006 61983 59212 75772 82867 75580 86386 86239 66025 81757 73121 90924 87858 82591 
107066 105861 72474 104350 103421 108269 103030 105399 105844 88510 101683 107359 95016 88363 88427 85369 110017 117743 94374 102613 109462 102450 83531 75737 106061 104737 87956 112163 109505 90976 97951 89418 121185 111033 96493 
87988 85024 62231 78552 81599 85550 85995 77701 90902 72120 86049 84927 89775 70807 61381 59677 80187 90234 72790 90881 82233 91893 59104 65862 77010 90733 73494 90449 94121 66300 88938 80867 99112 106285 89020 
94157 91736 70178 86496 98264 83344 80322 91988 78838 81226 81925 86877 80260 70490 74902 61350 88081 94408 88132 87749 83966 87105 68373 61734 76824 85379 71220 88767 88154 71671 84084 73793 103504 101236 79287 
