162 154 127 86 98 118 165 123 97 104 27 88 100 100 115 75 99 77 173 184 119 135 86 79 76 93 78 141 125 85 91 66 107 153 112 
158 169 63 60 79 138 116 58 84 52 161 57 148 20 54 159 131 158 83 110 101 39 61 127 121 121 45 106 97 123 66 125 173 70 126 
78 63 60 154 90 72 144 100 26 84 15 187 101 76 67 60 134 117 110 135 78 100 125 154 20 122 49 102 51 67 151 85 124 108 118 
38 143 167 69 132 42 85 187 168 22 76 139 36 75 97 110 88 103 58 103 51 133 80 21 130 178 91 129 56 79 114 123 158 103 144 
7 80 112 74 7 75 97 78 136 89 114 50 101 124 17 87 153 74 24 91 95 138 67 63 134 72 136 132 134 12 190 164 95 63 150 
98 34 63 124 75 77 43 152 121 74 109 102 118 72 71 66 102 167 58 102 191 104 120 68 112 128 103 146 129 22 120 109 182 36 160 
131 184 99 48 113 46 64 125 100 120 159 14 37 122 146 76 69 41 133 103 147 57 127 33 128 60 99 98 46 20 122 106 121 54 124 
177 119 13 110 125 178 144 130 130 65 137 72 74 24 63 81 122 102 14 117 84 85 115 77 124 32 107 110 58 169 92 117 37 174 181 
161 74 140 103 182 154 103 41 104 90 109 125 66 127 69 153 141 101 180 76 119 102 169 117 127 102 122 77 193 140 55 100 60 131 70 
129 128 112 98 88 149 171 144 186 127 125 68 102 81 112 129 90 62 83 59 106 121 78 68 69 74 93 60 90 82 68 68 114 112 52 
68 142 74 42 64 119 156 153 143 42 185 76 51 71 52 111 114 75 78 142 110 114 138 155 87 103 131 61 196 119 155 37 145 133 87 
105 155 22 46 127 146 158 158 126 104 146 81 137 161 79 70 88 28 108 102 76 49 68 25 137 83 44 71 71 70 125 92 143 134 9 
76 88 102 135 108 95 175 72 158 74 122 182 81 52 109 116 133 172 51 30 134 178 112 83 117 100 135 111 127 115 91 72 165 103 79 
161 133 154 164 158 64 34 60 125 97 166 96 129 129 126 2 87 28 88 133 41 110 50 55 51 128 47 81 127 74 127 49 45 129 101 
156 93 129 169 73 25 110 67 97 77 120 7 46 16 17 25 125 114 70 141 49 82 17 54 167 87 52 72 136 125 128 105 178 94 93 
117 143 38 31 141 134 80 92 138 98 77 114 60 102 105 58 20 82 143 183 100 112 65 165 98 163 64 154 100 72 160 168 93 82 122 
66 114 62 32 38 101 117 86 170 111 143 66 32 151 68 164 95 104 125 45 61 103 35 116 64 66 94 173 32 47 81 83 160 122 58 
44 13 25 113 151 66 20 113 117 50 136 116 157 31 93 107 173 131 139 89 52 84 26 37 172 118 29 79 65 67 143 89 58 127 78 
190 66 91 69 102 107 118 148 34 103 167 52 84 124 86 88 172 136 142 95 156 115 92 118 118 72 116 65 147 109 149 107 100 107 34 
32 143 87 90 66 125 100 84 121 74 57 86 142 44 141 69 111 76 88 67 106 157 72 69 96 137 169 70 126 98 138 89 76 158 90 
147 104 37 126 160 52 19 87 42 78 116 90 65 71 128 76 154 140 59 35 78 82 154 22 51 58 144 98 73 148 125 131 110 106 154 
105 78 21 123 104 58 72 149 99 88 112 158 65 102 131 111 136 100 122 111 109 73 71 53 103 123 160 81 106 21 63 135 116 54 64 
90 73 115 82 47 98 105 29 114 68 112 75 53 79 131 26 169 36 111 111 117 75 147 107 99 97 50 67 10 114 113 138 72 119 71 
87 57 101 94 89 102 132 46 37 131 56 117 93 82 19 26 136 99 155 50 18 124 117 130 55 8 75 87 188 75 131 58 135 128 161 
111 125 126 145 101 164 106 49 163 78 189 169 73 80 113 30 75 152 78 136 103 169 93 48 155 36 95 45 95 76 140 161 142 160 43 
42 153 82 162 134 37 139 109 8 143 48 118 56 89 132 148 36 138 100 115 75 81 20 77 53 161 44 175 76 171 116 76 180 74 107 
99 133 47 75 101 71 57 56 181 85 38 70 125 98 37 94 61 73 120 30 83 58 100 39 84 152 104 133 76 158 162 94 86 127 157 
142 157 102 114 39 88 78 67 129 23 76 128 63 111 90 90 109 169 145 92 75 111 14 66 155 75 17 60 128 64 122 28 70 100 107 
89 64 109 121 48 72 190 97 73 78 43 153 102 193 82 71 148 60 15 104 89 76 83 115 45 186 101 94 170 32 101 82 43 47 104 
71 78 104 101 90 166 134 106 156 109 155 67 151 51 57 65 80 91 94 92 143 95 98 83 127 17 103 67 102 88 50 123 88 110 99 
148 118 140 120 75 50 132 123 56 72 131 102 88 118 128 111 130 100 68 144 173 174 152 119 118 138 125 119 75 121 73 97 93 73 183 
49 65 98 176 157 104 13 107 102 26 57 103 47 115 87 105 124 52 92 79 101 131 81 56 49 76 31 102 117 140 153 139 111 116 141 
72 175 173 74 79 168 153 77 105 161 28 124 169 51 73 12 29 168 77 89 177 63 94 62 66 138 46 167 154 105 59 127 153 181 88 
78 79 41 164 133 153 45 122 98 161 99 102 123 66 23 148 108 151 162 177 101 158 51 133 91 73 106 79 158 100 102 53 74 23 148 
141 76 127 142 79 55 66 135 175 111 81 96 92 177 35 21 29 163 67 121 115 192 33 78 95 154 100 126 14 70 56 118 104 116 56 
