49 97 31 23 14 76 47 62 7 69 8 87 15 79 20 69 62 82 60 86 49 72 6 60 89 28 0 16 57 15 30 27 50 42 76 45 40 92 
23 39 89 55 41 74 49 14 12 58 69 40 84 73 21 15 39 76 51 40 0 68 36 95 15 60 26 70 3 59 93 80 56 38 45 30 2 45 
53 18 92 40 74 38 45 61 64 88 74 100 93 89 64 73 0 75 20 29 62 1 14 96 18 41 14 11 70 80 89 51 72 52 66 10 23 98 
22 90 52 82 11 99 22 31 94 38 19 60 48 72 76 55 41 47 53 80 38 64 33 87 37 18 40 53 21 53 87 61 77 16 42 16 21 2 
100 97 20 74 5 26 88 45 97 100 59 31 41 96 67 0 51 32 75 64 95 13 64 79 76 17 58 2 41 10 92 69 22 61 29 59 33 35 
19 4 1 68 56 88 87 19 2 91 7 27 40 100 28 1 16 72 21 67 89 10 84 16 98 9 62 78 55 51 95 4 55 50 68 94 44 70 
89 44 26 86 30 33 52 40 51 26 96 90 96 66 32 97 6 16 83 37 75 98 69 60 54 39 3 15 2 36 10 89 38 29 58 18 94 14 
94 71 93 68 18 5 7 83 32 19 32 27 37 84 54 75 63 29 64 8 2 0 41 62 11 67 29 39 93 61 91 55 69 85 58 58 73 50 
75 51 2 64 52 30 25 64 69 42 82 79 17 2 32 85 81 17 44 31 21 92 91 91 82 21 20 78 82 76 7 91 7 61 19 67 36 77 
43 21 69 44 3 64 24 73 36 40 60 28 63 43 46 58 30 53 86 75 44 12 42 33 23 52 24 87 14 87 33 70 20 59 99 82 24 31 
60 30 61 45 50 99 94 47 19 94 1 49 73 91 48 31 34 90 42 26 91 23 53 7 68 100 56 80 50 35 35 79 46 73 1 53 94 56 
30 0 73 21 84 12 48 72 70 76 49 100 83 59 47 84 8 93 59 62 58 12 45 35 91 35 86 54 46 91 76 34 61 65 28 17 74 30 
97 23 98 79 58 43 71 53 52 50 86 25 26 36 77 8 12 87 67 100 24 50 40 1 68 70 39 26 77 13 78 8 92 82 41 7 75 52 
83 81 37 61 6 35 46 66 70 95 37 4 38 74 32 27 49 44 5 27 70 94 67 56 83 24 28 84 94 47 98 71 73 63 0 97 16 63 
41 8 16 74 71 36 32 97 72 88 76 89 8 92 30 62 2 46 65 54 36 97 39 2 83 69 60 81 40 2 18 2 75 21 50 70 20 94 
10 56 86 2 75 86 16 46 64 4 82 72 56 12 51 50 11 89 87 62 76 29 14 71 12 43 13 71 73 11 12 100 42 80 18 17 94 29 
30 83 100 76 77 97 51 7 10 66 11 52 67 16 94 14 92 7 48 43 25 89 17 52 11 77 100 86 9 59 12 18 4 42 37 97 30 99 
43 31 33 66 60 59 33 81 50 64 1 89 68 0 60 4 95 99 60 45 39 86 21 64 87 37 89 94 50 0 0 67 86 26 51 85 58 83 
82 17 84 59 16 96 66 11 11 66 46 54 56 91 73 59 30 87 59 53 49 6 54 89 79 53 63 31 62 26 69 17 15 40 57 81 1 23 
70 74 88 82 79 5 37 12 71 27 83 9 48 88 65 64 79 59 20 62 18 61 4 25 87 38 14 70 19 80 40 29 14 4 11 74 78 92 
17 43 47 7 23 45 47 37 28 29 93 80 88 90 51 32 47 15 58 93 24 83 15 77 55 22 91 24 39 18 54 93 17 46 76 60 81 3 
55 1 94 40 72 26 61 60 60 25 90 79 47 37 56 87 15 78 15 58 24 72 29 53 64 62 20 45 28 29 47 90 23 78 73 0 0 89 
26 1 17 93 61 53 31 87 42 19 94 47 91 59 48 44 40 37 93 90 24 83 54 11 31 4 8 47 11 86 43 82 86 1 13 71 14 74 
96 98 9 62 40 19 8 14 0 16 88 94 6 22 37 86 19 77 15 35 45 5 51 28 66 0 25 46 92 5 37 71 29 10 21 92 100 23 
39 37 51 3 35 11 24 38 7 20 54 7 70 99 37 82 75 79 35 78 58 13 34 53 9 1 97 40 74 68 53 82 84 73 22 60 79 7 
80 34 62 52 66 98 57 32 92 86 17 44 65 76 60 22 83 84 16 2 2 54 32 43 80 15 58 3 97 18 62 41 34 85 12 61 39 88 
50 67 21 39 85 51 38 4 24 61 62 19 25 28 51 37 39 86 60 60 23 6 85 94 48 33 49 5 95 42 84 97 76 8 79 63 0 99 
53 47 48 9 31 95 49 42 38 58 48 77 91 17 62 27 9 4 14 49 11 37 68 8 43 60 23 27 88 13 51 60 92 32 51 83 80 7 
69 78 17 56 53 86 53 82 10 88 37 8 76 100 71 32 12 50 82 60 28 98 42 42 32 7 39 5 78 83 67 42 75 36 27 47 39 20 
10 67 92 30 91 77 82 91 26 68 81 63 41 0 8 88 5 60 58 6 38 76 69 94 81 7 9 75 2 4 61 39 54 42 9 44 36 52 
19 59 20 58 35 100 21 38 28 20 38 95 84 27 98 94 16 94 54 38 93 58 33 45 63 35 1 32 12 74 26 3 63 9 44 51 32 36 
57 20 67 98 64 11 5 14 75 30 30 96 67 68 86 31 86 41 37 92 1 20 53 78 94 37 87 53 32 60 0 9 83 49 51 4 55 37 
54 92 79 54 20 60 50 32 5 95 40 98 92 10 11 9 52 76 75 49 23 28 3 22 20 18 30 11 32 58 5 80 79 37 34 89 29 16 
94 66 7 94 69 31 61 27 13 99 59 60 93 21 75 19 10 84 72 82 40 39 1 96 78 60 73 57 73 98 43 88 65 11 6 47 72 14 
43 72 68 12 85 65 35 79 82 11 43 84 54 88 2 58 26 90 95 57 16 14 13 84 95 82 48 82 5 85 22 19 39 43 66 16 74 53 
1 64 31 9 8 16 23 11 95 41 23 4 44 88 59 16 0 98 46 20 61 52 36 99 18 71 68 37 22 100 52 49 27 91 74 99 72 42 
61 47 70 46 53 43 28 74 50 31 51 81 99 78 68 53 26 21 92 89 1 13 70 52 84 47 63 11 84 99 50 49 40 41 72 65 81 93 
93 17 92 51 43 1 74 12 40 48 29 60 50 15 60 2 52 1 38 2 48 83 6 51 62 27 21 29 99 71 24 92 14 70 20 14 15 24 
