105581 96183 115148 115413 97436 107450 91624 91226 88264 110069 107264 114798 125626 118833 106051 86162 78067 117305 116362 109802 79269 105407 76669 118344 115523 74634 82272 92666 97875 102641 102312 114293 105217 89727 87359 106346 93117 103460 
103158 89408 101303 103378 90872 106880 89996 93501 80494 104669 102813 114526 117972 116158 91840 88871 64945 104975 108225 99451 67911 102896 75963 107990 113017 76731 79699 87734 87629 92963 93777 107988 94324 82406 79800 98564 84890 90909 
122548 110570 126311 114356 116344 112440 99910 100430 103887 118054 127448 134408 131619 122807 109816 108871 83994 148851 118639 118280 88027 105488 89273 133136 135691 87227 98419 105839 111511 107672 108009 130251 110804 104261 91218 115813 113704 116113 
107578 83522 99853 103201 97704 97966 87783 92542 86349 104885 109355 120448 122129 104289 102864 86733 72352 113672 105735 110239 76051 92793 85727 108608 111952 71986 87066 84096 108623 94798 95858 122344 110555 89502 83354 97524 97763 95565 
106467 95678 101634 98352 92939 94404 86861 99210 91823 97994 108335 120041 109220 112731 98770 96805 68370 122741 109535 103382 84821 104568 72983 107054 118510 84804 77465 93745 95812 90551 88453 113436 94556 96406 82111 96957 107142 98166 
94233 94978 85518 88636 80639 96343 74421 79712 77058 91855 90513 95203 97906 105077 86077 80330 62112 107326 93473 99433 70537 72044 75165 93756 101005 65271 76199 82499 94987 88053 90180 100152 92432 77209 77425 105214 88450 85615 
105642 88622 107562 111803 89183 96928 86439 87830 82390 99198 103563 112703 104858 118289 93445 92894 72442 109493 100731 103006 77420 86852 81332 101875 114472 75708 72188 93553 87254 89081 94863 98705 96079 84342 82210 95754 91970 101367 
117744 111684 111282 111612 95446 104755 94255 90407 90815 113092 106074 120540 120660 114614 105217 92244 79920 115595 106548 107669 84276 96026 82358 116522 125435 73644 84338 93468 105537 103428 103031 116998 98744 89811 89344 115316 96529 102609 
94574 85221 104141 96733 94329 101480 84105 83014 72391 94948 94069 109724 114934 104839 102791 86707 69201 111279 99428 110066 72800 77469 77258 96643 110788 77814 91485 90951 93348 98872 88314 96177 97517 87016 79703 102250 100696 90713 
91023 82676 95329 93064 84071 104513 80783 79544 76867 100265 74777 108480 104121 104069 89353 81094 66094 121776 87793 92998 72131 79919 61361 91352 110341 73003 73754 85236 79131 90411 81733 86018 89066 78772 75224 88210 78092 92362 
110254 94032 106719 115060 91811 109286 90025 89995 92986 109029 104587 110123 128888 127147 114602 89326 73504 120559 114072 114842 87479 95994 84153 120819 111308 79361 87987 90280 99943 109563 105085 117011 105615 92147 84387 100816 96902 95732 
99239 90114 100821 91725 80828 105129 84858 88321 81714 99227 96640 103598 111907 109134 94802 77167 68318 108239 102758 108103 74399 83464 77856 99651 101813 68893 78428 83750 98229 90360 97639 111998 98030 90233 76632 92415 90268 81540 
96895 89982 100502 92907 95866 90415 80990 85604 84749 94598 102990 109779 104751 98193 90875 88776 65769 113380 101113 103310 72472 80996 70439 108002 111008 69229 70500 87895 94831 103584 89773 108731 91040 81857 80253 95591 84191 98156 
90955 81421 100843 89772 93293 100598 82235 84353 72581 100444 93192 116422 110441 91928 91770 80749 62100 102748 97724 98593 73960 75681 79300 92909 100662 77355 82390 87408 91360 83101 81621 101454 95157 85211 83630 95413 96699 91517 
104289 86001 105225 98044 96391 106158 89350 97901 79850 110707 99602 117315 113376 108263 97810 88098 64487 119081 105983 102953 77840 88520 72110 94141 110555 79209 77964 88069 107948 96268 93212 107916 101518 95743 84095 103977 94869 102315 
74195 79324 81970 81029 74310 98471 74213 76798 63688 93363 74618 95561 94743 99822 89270 78208 53747 99489 88784 90422 74734 76385 62033 82650 92223 62910 78116 76423 75946 81275 83338 77126 79884 73685 72043 91153 80523 77774 
106762 86331 94635 103945 91460 99640 89177 80963 82699 107491 96727 119854 118302 121103 102035 96620 68880 118690 100303 104028 89606 85270 81445 110911 118475 68465 85995 79873 100376 99344 95960 107716 98700 84408 77968 94544 89842 91904 
112423 93456 108207 109863 102747 111783 95988 102850 96058 114542 103672 120707 116248 111539 104072 96107 78220 126653 107706 106886 85374 100362 96096 104508 132858 85604 85202 102974 107050 97011 93817 110523 108380 100355 90308 119767 103265 118465 
101845 100028 103098 110962 91054 116372 94655 95658 89949 112520 114537 120757 118757 121457 104989 100393 69853 121611 114058 115867 91374 104009 91584 127455 117070 82916 83527 102235 93044 99229 106622 120341 106526 93061 98296 115030 86462 102070 
85098 82258 87841 83822 74430 84620 74874 72973 76248 93935 81191 84262 95636 103884 83646 73915 59888 94815 79479 74492 68376 92951 63395 91964 90952 59870 71915 75636 80493 84091 86046 89895 78615 75939 60663 90622 76247 79913 
91378 87291 103682 96324 87349 99155 78606 80345 83497 99100 87073 107046 113286 105180 99993 83477 74731 107709 86600 97095 71731 91781 69491 103919 100637 67901 77012 84899 92710 93879 90944 100113 101076 85124 73588 95387 81407 94051 
105102 94828 103752 108014 96846 101900 87298 89180 85362 104992 106645 113423 109054 92534 95045 87658 77681 115724 99177 92715 78015 100828 80208 100920 110386 70437 75177 90800 88980 79105 83847 110481 96781 84677 72008 107222 85837 107354 
103782 80292 97477 102798 89313 96889 84684 76328 77806 92992 93086 112902 110479 100906 101641 78497 66891 102542 92994 106575 66946 81696 76880 100575 113081 74131 82534 84988 95450 97102 89431 99402 94966 81217 77287 86503 86264 82868 
94159 89816 96149 89837 82919 90467 75541 76549 76827 86255 97911 104523 104323 94719 92016 80841 62237 98890 90966 90579 66435 92587 66059 101797 101709 71181 76113 83556 85961 80947 82801 99281 85751 72093 74563 98681 86842 84453 
101263 88347 92265 97711 85251 86073 74456 83393 84261 89394 100980 105602 102449 95259 89977 87420 55339 106861 94347 88068 66033 90813 68174 98831 106806 74906 65516 83227 79643 88877 75230 92366 86225 75304 72833 90508 87783 85285 
106578 86136 100237 97455 85100 84592 80314 84893 87722 98134 99487 112401 101007 103445 88196 88654 69829 109315 95540 88612 77301 88521 73407 102016 107092 69046 72861 81788 98084 80988 81774 112002 92612 91484 69881 91473 85207 90576 
113937 94741 100997 104955 92844 103825 90822 96198 77561 105674 100802 109473 112664 121732 94172 99085 76992 117191 107751 107321 76550 87343 91663 107830 123168 75904 82930 93241 107121 101766 100869 113190 99994 90511 87627 113564 96915 104759 
91020 80935 79525 90872 79618 86353 68682 77179 76993 89384 87117 102271 100590 97126 89631 70830 63118 105846 98219 96174 64602 71293 73656 100075 104272 66361 80594 75026 92863 89524 80519 93874 90393 75581 72757 96460 82712 83761 
86550 86918 94642 86132 86929 102558 79482 84140 76514 98145 89545 103712 96993 98843 83769 77596 65692 110323 91177 90227 67744 91604 68796 97109 104119 66351 75072 84916 90423 78178 85581 91613 88544 83059 69718 96426 81396 95503 
109466 91239 111439 98595 91354 100863 85678 97982 82806 100497 109456 116991 114276 109077 105940 100804 71588 113661 106012 106973 72927 90019 82698 109006 107464 74815 79067 82443 107292 97530 104031 115422 101578 90386 91915 103053 89132 98892 
104726 88228 97336 104719 90772 100175 87103 85695 76965 107709 94557 108276 110096 110398 95400 80033 71560 111397 97980 97583 73077 97750 77377 99135 113769 82248 78079 90835 96195 89198 89881 99884 102419 82231 83603 104721 94359 101178 
95271 93098 84240 89761 70439 83189 72900 72914 72401 94491 89446 93137 95961 101958 89624 78936 65788 105914 93763 100625 71220 71982 73298 107227 100063 58756 80195 74423 93957 87735 92233 103772 89044 75910 70184 98236 78947 76926 
109505 95097 105046 107354 95016 105351 94700 93582 92829 116506 108378 116155 121686 125772 111056 88284 71429 125831 111656 120018 92128 90418 89747 113204 118055 76095 98368 91076 109473 101014 107002 119448 113839 96373 90803 112960 98341 95977 
96641 76925 87215 88193 82392 83898 80756 81541 68847 92819 95313 105527 98982 85900 80310 79827 59413 100157 89865 86559 70157 86541 71712 93298 103884 66612 70639 85441 89283 80115 79819 101918 86028 79812 71892 90403 90772 79315 
105679 92174 102128 101950 93994 104693 96292 94756 88611 113055 95944 115340 109556 113835 91250 85764 72141 111431 101320 97511 78764 101901 84154 103663 124442 75695 79459 90338 96664 87516 98447 102706 104604 89649 76487 96332 88040 100149 
105585 106695 115145 108223 97600 114897 90203 99440 84789 116029 109598 124643 122221 114989 105549 91538 68716 130780 118364 113564 81711 92087 79446 119488 114142 85767 89388 97212 102082 102207 103837 109721 111263 91501 93640 120145 94933 108959 
114548 102455 126085 113472 106304 115223 91776 97438 98049 110070 108341 131162 135942 130777 115066 108366 83249 135790 118451 118000 85947 92989 83158 128105 126968 82878 92656 100438 108055 120938 105611 119903 108803 100407 97488 109743 105353 108316 
101869 93670 99144 95528 88247 100835 78813 78928 78490 100375 84948 105281 106774 110833 96792 83023 76382 115187 97969 104089 66133 78928 71870 103481 111858 71481 88087 84947 95592 97329 87773 97890 89420 81453 79517 97107 90447 91507 
