91 99 7 21 42 27 24 32 21 7 58 93 1 29 19 45 81 95 52 17 65 67 17 77 38 22 94 52 61 91 54 1 100 6 57 84 28 94 8 32 
5 85 52 89 97 56 90 86 51 78 22 79 98 15 91 60 73 7 83 19 61 27 43 38 47 76 52 91 65 52 67 68 34 93 96 55 41 85 13 94 
50 29 1 99 41 90 76 68 14 34 24 16 86 94 80 67 61 98 35 27 78 31 77 49 67 49 54 79 29 56 98 31 1 67 83 67 54 11 19 54 
57 21 44 23 86 37 22 10 4 44 89 57 15 67 23 36 46 53 97 9 97 36 60 86 79 35 83 83 71 49 47 63 71 17 66 40 62 96 55 18 
94 77 46 39 93 40 35 90 17 61 65 73 5 18 39 19 74 11 31 14 24 48 95 29 51 68 20 35 6 87 19 63 23 79 51 83 80 74 39 10 
4 9 53 1 23 70 23 84 9 41 29 83 97 65 34 74 49 17 86 1 43 78 39 7 97 71 44 86 34 69 29 93 100 28 57 5 91 70 16 35 
23 92 71 54 54 55 82 76 41 89 56 94 31 27 9 58 1 10 46 59 61 48 56 11 100 27 83 97 39 7 72 80 94 68 12 53 17 20 65 51 
67 45 35 22 36 35 2 46 92 92 41 100 100 100 8 59 27 6 82 92 14 40 43 95 13 69 46 64 62 23 7 52 69 4 19 84 60 42 18 95 
50 27 48 35 59 12 57 97 11 59 5 49 46 53 57 90 23 23 38 19 84 5 4 24 45 94 0 10 2 63 24 93 89 32 30 2 70 73 73 59 
73 69 75 56 27 100 65 14 90 29 32 59 22 89 30 66 91 22 19 95 39 2 88 31 34 43 38 2 35 92 77 9 1 61 57 40 84 78 95 38 
10 21 73 94 18 18 73 83 40 90 5 89 38 16 43 25 24 60 35 78 39 79 44 61 9 89 94 8 47 38 1 12 22 51 42 6 93 96 15 98 
73 89 90 50 19 51 20 94 8 11 19 94 48 33 12 49 13 8 96 49 90 69 62 75 40 94 50 35 39 64 68 86 93 73 90 19 28 9 91 96 
8 28 6 76 35 20 76 7 12 28 42 44 16 57 30 8 52 66 8 63 49 70 43 21 53 8 73 59 94 3 90 17 99 23 70 19 40 28 96 58 
65 74 16 97 13 43 68 14 88 95 39 43 96 98 56 11 20 98 94 58 52 72 55 20 93 46 18 25 24 75 40 82 29 45 52 64 34 39 30 86 
86 51 61 57 58 4 55 13 35 47 63 44 27 59 72 26 42 67 95 57 19 85 14 31 37 22 82 36 9 56 41 94 17 92 65 34 9 31 11 26 
95 71 18 63 4 6 96 56 16 29 59 73 64 52 52 78 16 50 8 93 76 82 27 26 0 88 23 61 46 26 58 22 37 100 38 86 46 72 30 42 
91 50 91 45 100 13 88 13 58 98 70 13 50 6 21 49 43 12 71 89 61 1 95 6 18 67 60 63 17 40 100 11 67 4 15 62 100 82 88 63 
85 47 47 5 85 69 74 38 81 52 41 19 91 44 96 12 82 34 88 97 50 41 63 39 92 20 18 25 96 23 96 24 84 2 45 7 21 43 16 69 
48 97 95 39 76 6 47 75 97 67 42 32 1 32 89 53 90 74 10 35 11 14 40 74 44 91 91 63 12 12 31 86 90 84 9 76 27 61 5 13 
31 75 50 51 82 94 17 54 1 55 88 52 50 66 93 29 73 29 1 14 98 39 16 11 66 98 41 78 63 86 78 41 26 66 65 4 39 17 21 87 
45 17 60 99 10 2 73 20 14 88 44 50 88 29 19 4 40 6 10 36 93 12 76 29 5 46 47 29 3 30 96 2 28 80 52 30 25 97 69 46 
24 6 44 81 79 71 2 82 79 52 8 59 44 85 96 52 55 4 32 5 53 85 89 52 26 83 20 63 57 24 89 14 10 11 20 46 2 99 92 22 
61 5 36 61 65 42 12 71 6 65 35 73 19 52 18 73 30 95 63 72 14 34 53 93 58 92 42 31 9 33 85 47 39 14 18 42 89 87 71 51 
95 22 94 62 82 11 25 74 6 21 78 29 56 9 36 86 46 91 50 43 88 73 61 56 37 51 16 80 84 92 89 62 95 97 35 51 14 46 75 11 
51 89 19 36 0 4 91 10 9 79 59 33 1 24 67 22 35 40 49 26 2 7 60 4 52 84 59 21 4 53 40 49 77 28 6 9 81 46 37 76 
91 43 14 89 48 97 34 63 75 83 79 28 38 6 50 24 74 89 50 6 16 95 90 83 0 74 82 16 58 8 91 83 15 99 66 7 33 10 2 64 
91 53 82 77 91 79 25 58 30 23 15 51 66 31 13 79 94 69 17 20 7 56 73 69 8 26 72 64 83 74 45 18 23 37 83 4 64 94 52 72 
12 66 47 89 67 63 3 26 82 21 47 76 52 42 97 73 58 81 100 76 55 9 46 25 90 75 100 80 78 19 31 72 41 41 6 3 0 6 43 2 
82 75 72 4 41 38 20 34 56 84 13 62 4 12 32 52 42 60 78 6 6 54 67 46 78 3 18 92 28 44 15 64 100 38 75 57 8 1 45 91 
39 80 14 87 5 29 45 0 89 40 68 21 11 77 34 37 91 68 8 11 100 86 62 30 95 76 78 70 51 1 63 95 21 40 46 41 18 33 52 10 
61 66 41 85 86 85 31 22 74 86 13 51 61 68 9 44 18 89 87 75 50 64 46 26 52 79 50 58 69 64 40 21 48 40 65 14 86 87 26 36 
56 62 66 39 34 73 68 0 91 3 78 59 93 52 8 56 41 16 60 36 42 40 86 73 93 55 29 100 43 20 56 15 94 97 14 21 64 49 70 61 
48 94 16 79 20 100 8 49 54 29 10 21 16 33 72 82 53 68 28 64 29 18 44 16 39 2 98 58 32 33 57 65 82 45 75 99 84 58 46 79 
24 31 41 70 35 87 38 79 83 58 71 0 32 94 95 91 72 64 72 77 38 1 37 4 86 87 63 72 63 23 51 16 93 7 86 35 73 64 33 97 
80 54 54 56 53 13 7 60 16 66 95 54 8 35 89 43 75 53 76 61 70 6 41 60 73 5 57 74 71 49 80 23 93 21 65 92 97 81 4 38 
73 71 62 34 100 91 44 75 40 28 87 99 59 79 89 29 80 63 16 51 93 57 28 12 43 17 48 84 65 58 73 37 79 6 51 95 44 2 44 100 
11 64 6 91 3 70 67 93 7 50 92 9 16 66 8 51 91 82 75 85 87 24 9 62 33 69 100 81 40 92 21 32 78 33 83 96 70 59 24 28 
93 21 77 43 73 20 71 15 93 72 16 97 47 13 37 39 54 17 87 18 34 45 60 90 65 98 66 32 29 94 54 74 50 46 28 40 33 32 53 91 
10 5 99 30 61 20 88 62 38 64 56 81 9 13 95 4 65 15 41 84 81 16 18 36 89 10 17 51 59 66 77 33 83 68 96 50 64 56 15 65 
0 79 27 5 74 51 52 32 85 4 87 29 72 19 52 46 73 36 84 86 69 78 37 87 40 53 46 69 99 48 0 33 72 70 93 87 31 41 32 30 
