100 68 86 100 69 43 22 35 0 11 0 79 32 12 13 19 83 7 33 59 5 96 84 29 70 12 5 51 69 73 49 89 16 6 87 73 52 29 50 49 
29 19 77 21 31 51 70 6 85 88 20 63 72 21 99 95 77 90 42 66 56 66 58 51 3 30 81 44 20 14 89 11 62 36 7 38 31 91 81 9 
62 99 23 72 40 79 65 86 49 99 73 85 4 71 87 3 52 62 54 23 75 64 30 55 50 71 12 62 78 14 82 68 72 1 32 52 73 28 72 41 
93 78 99 34 93 49 80 20 43 56 44 48 38 86 9 7 6 10 74 78 92 22 22 64 30 29 35 68 36 41 72 75 31 76 16 50 69 58 69 66 
67 43 90 5 10 29 53 79 20 56 64 57 15 77 43 26 20 45 72 22 63 35 13 29 88 29 17 66 93 97 71 7 37 0 0 86 55 52 100 75 
72 15 36 30 82 9 85 34 53 33 62 52 96 40 21 59 12 65 18 25 26 2 8 54 57 2 98 14 62 34 53 38 94 100 70 46 5 88 68 69 
56 20 65 12 97 12 51 65 94 15 45 8 57 2 85 37 35 92 7 48 92 8 32 88 50 57 79 40 57 32 1 92 24 59 53 91 0 79 88 40 
23 43 78 78 97 84 13 60 55 9 64 51 87 37 47 54 38 51 27 71 30 65 46 79 89 64 85 67 56 31 9 43 77 100 72 26 30 13 20 23 
70 86 86 87 96 8 72 40 36 82 99 79 5 42 26 33 71 45 49 18 6 58 39 23 20 65 46 17 50 24 7 46 73 80 71 87 56 65 41 90 
88 47 87 46 50 63 80 72 37 18 13 26 21 79 47 94 29 17 0 31 33 51 84 11 30 51 37 1 89 91 28 77 92 27 96 88 100 83 83 63 
17 63 68 84 32 8 23 40 80 86 13 6 74 57 44 79 42 88 94 49 93 44 99 4 100 33 5 12 79 0 69 86 77 28 58 40 90 56 98 34 
92 61 16 25 83 32 75 63 14 76 95 26 94 25 64 64 68 75 54 37 92 19 84 20 5 55 37 98 25 93 86 17 40 75 9 82 7 93 83 71 
53 54 46 25 34 69 26 92 45 27 19 74 85 6 84 13 96 37 27 40 1 85 87 86 60 87 83 84 96 92 56 58 35 41 84 91 5 12 85 11 
56 44 42 61 36 63 92 63 52 19 5 24 11 87 49 7 8 64 65 21 87 0 40 18 85 3 82 94 24 23 26 48 28 37 3 69 22 13 50 55 
60 6 21 67 3 38 47 17 49 80 17 23 1 78 22 69 25 2 22 96 48 81 20 40 72 47 31 56 77 29 76 46 44 29 96 61 3 27 11 30 
38 66 87 1 69 90 15 90 17 15 83 18 16 69 39 42 100 55 38 99 38 60 66 95 42 99 17 37 41 90 11 94 65 79 44 67 43 69 43 33 
33 2 27 43 66 37 0 9 27 79 59 68 46 45 89 66 85 65 0 11 25 52 3 2 56 56 7 33 62 72 82 81 57 47 52 51 44 13 10 91 
100 55 11 9 94 31 48 2 64 13 84 92 77 11 0 7 66 62 72 39 73 2 20 92 51 67 13 19 84 14 4 72 31 36 57 81 30 76 91 67 
43 58 44 93 36 89 68 83 49 10 25 43 81 42 30 42 73 18 65 49 42 59 3 19 68 31 19 45 62 6 41 87 17 47 25 5 40 89 72 70 
46 24 0 77 98 66 57 93 46 18 17 88 48 18 46 28 39 39 71 64 46 59 2 67 15 93 66 48 62 55 3 1 61 32 80 64 0 77 87 12 
53 54 14 48 9 86 31 40 31 5 35 68 42 88 47 82 83 67 94 7 19 21 83 68 34 37 7 72 40 63 8 2 73 34 55 43 67 89 70 4 
63 4 6 13 84 11 26 35 26 74 98 53 50 42 99 13 94 58 3 44 18 16 57 13 53 60 16 86 62 22 55 23 44 20 8 76 75 22 7 30 
93 76 27 9 26 76 73 20 15 72 31 44 80 57 77 40 7 59 41 32 69 24 55 73 43 46 25 0 18 0 89 54 29 38 35 73 97 90 10 91 
58 25 90 99 4 61 6 48 65 32 24 52 64 70 46 62 39 26 52 45 98 25 89 10 11 50 3 45 60 65 9 53 69 24 7 8 11 36 2 56 
85 24 19 99 3 89 28 44 18 23 97 86 8 20 38 43 39 76 92 84 2 67 19 42 74 2 90 96 2 29 23 50 32 58 40 42 49 56 73 65 
55 73 65 62 97 71 13 68 17 54 89 20 38 91 33 81 57 57 92 2 57 48 5 8 36 59 15 62 48 30 40 97 49 87 94 64 96 82 37 52 
50 97 42 2 34 10 4 77 79 36 26 30 74 92 55 89 36 53 45 9 96 9 64 72 1 76 42 66 0 33 40 30 2 82 94 69 6 52 11 56 
37 92 45 21 94 86 1 68 53 25 85 87 57 37 71 33 41 9 40 16 3 97 83 13 96 6 60 58 31 90 2 94 94 8 100 87 30 74 100 23 
25 98 61 60 37 99 96 2 4 9 12 74 50 27 12 24 46 48 39 71 36 58 30 12 75 18 7 90 71 40 49 77 85 32 58 17 38 76 69 67 
29 60 15 55 54 70 95 43 21 40 10 82 31 80 87 80 71 11 82 63 88 87 33 67 88 1 95 65 48 98 91 40 60 21 19 77 14 89 83 62 
26 49 17 61 66 7 92 3 75 74 98 78 1 47 65 88 75 46 10 41 34 75 36 19 46 22 94 44 52 7 83 95 67 72 76 78 71 73 60 52 
46 68 71 23 91 83 57 80 72 46 55 67 65 17 1 97 0 87 15 17 80 30 3 87 54 31 16 63 20 9 15 41 6 19 66 82 74 43 61 15 
11 26 17 55 28 74 23 61 57 4 59 50 38 74 60 56 70 48 23 99 28 91 16 85 71 6 61 33 19 78 74 63 34 16 74 28 0 96 60 85 
36 23 25 5 70 56 47 48 80 43 83 41 10 80 28 92 35 61 17 4 36 80 82 81 40 42 50 71 26 78 95 90 96 83 28 78 53 21 8 15 
77 34 58 45 31 37 79 87 86 90 81 14 3 43 13 7 22 46 96 18 37 52 75 67 4 36 61 26 13 80 72 33 54 22 76 28 57 59 89 9 
56 98 64 69 51 76 19 68 4 41 65 23 15 32 49 6 93 9 82 70 42 43 93 63 47 61 2 40 59 89 19 83 61 95 71 77 65 91 65 52 
68 84 60 100 42 11 19 66 20 97 86 83 91 77 41 89 65 46 41 37 31 5 64 75 62 25 48 77 38 43 55 59 35 96 77 35 86 63 87 10 
64 0 13 90 77 49 52 34 99 18 43 42 19 74 1 35 96 53 41 17 72 53 92 87 93 74 61 58 77 65 87 26 15 0 52 59 27 100 99 74 
98 60 28 92 94 79 34 3 44 71 36 32 72 91 30 8 59 69 100 100 86 17 85 71 13 33 2 41 29 36 13 93 98 99 57 33 100 50 90 42 
95 56 47 64 79 71 68 65 23 45 91 22 56 3 47 83 78 19 23 49 4 67 79 24 9 52 30 57 80 41 33 46 87 60 48 2 50 62 85 38 
