105086 94253 83820 97232 102728 96979 84249 86555 86657 80206 98072 100493 90149 95046 92049 94879 118729 91291 95143 87216 97246 92022 101724 90228 96316 78130 75216 100771 93059 100380 96722 102638 93609 81720 96468 105800 73889 127224 118503 98893 
137325 121344 120946 113393 138542 133805 120278 129141 115188 111082 134578 118787 107651 122712 114132 127062 127322 114071 108113 101313 113949 123993 120565 119913 119857 107679 107641 132136 124865 126081 122234 137410 131666 117528 131382 140765 106757 149758 152997 111374 
128097 108362 101030 98498 121790 112431 103202 103376 97844 90643 114775 109785 96795 107678 96686 101902 106676 98926 101971 92443 100891 96814 104613 110350 109026 88046 98251 112974 105833 103048 95881 127973 112666 110989 118612 128493 93803 125549 127852 97385 
118000 108797 93081 110277 101528 114080 93314 103655 94219 86213 102230 105925 95661 113717 89512 101024 107831 101349 108990 85078 107694 91897 106848 95315 111572 77778 75334 110230 99114 99897 96931 115726 101410 84302 106359 111934 96476 131680 133269 103107 
113354 96641 95365 99292 109110 101641 88194 95080 81891 95985 101129 96941 88274 102631 91695 100858 100135 94455 92940 81259 98620 93020 99870 94566 103084 77726 76613 100073 94824 98110 104718 108115 99198 90528 97903 115304 99096 117046 115984 92900 
105881 97618 81894 97165 109083 113051 86874 111080 85985 81815 112902 101703 96187 99958 94336 100435 106493 98780 87177 82840 86103 95749 91497 99609 110447 78798 91794 113527 90785 96860 93657 108948 96056 91537 107332 110459 83987 117527 121570 90065 
117818 111326 98097 97094 122809 117837 99372 110983 98439 89273 116685 105955 98997 102760 104166 109186 105846 110119 95265 96305 101014 100941 105487 105656 99423 87167 93442 111557 94147 97813 92531 118406 114955 104264 112591 123806 96367 134559 134530 96239 
117384 112489 103731 111630 115865 115837 94543 117011 79918 82713 99654 101031 98455 96810 94494 95891 112685 88192 93772 87493 92665 97788 107405 86471 94848 92263 78717 107861 105781 105043 83837 111650 106390 94681 109349 113633 86371 123869 125147 98120 
100041 85143 84193 93714 101910 105101 78326 96034 76840 69436 93048 85277 76267 96962 74873 92539 95184 86348 83484 81896 85730 85546 82600 96910 91077 74840 72824 97754 86503 89806 76694 98390 87918 83295 95050 97317 81044 104974 111448 76463 
125625 104671 92469 111885 124611 103237 110955 96134 91740 103241 105026 108247 89918 110803 96863 99026 110285 104487 102201 88909 107679 92224 100887 104831 95494 88632 92858 103347 100495 97418 104998 117188 113467 108021 106677 121460 95617 128986 128794 102867 
117775 96609 86920 94510 117704 96525 90473 100983 86012 84420 103127 91406 92658 100705 85886 95485 99770 88011 84797 76767 99583 79326 95592 96260 81259 96661 75656 104611 99065 90040 88124 99261 95934 94739 100592 105476 83891 115915 112571 88116 
125738 114849 99485 113868 126748 131048 106283 115682 98831 99500 119511 111687 108232 112430 105546 113554 119116 109546 109016 99359 107497 108965 110022 110287 96875 90580 89437 122244 99301 101968 106792 121590 119333 107503 111204 113219 103105 133891 131120 95340 
99384 84447 69461 81544 98229 86005 83765 74562 81338 75513 91738 86090 78395 86248 78910 76583 86375 86827 81410 81186 85761 72605 82099 82964 79186 66839 71049 90788 77858 76888 78022 97801 89843 80661 92500 93619 76027 106716 109926 82649 
136278 109188 101414 111403 127036 117071 116522 107907 96991 92408 109398 113078 97359 100091 96578 101767 114285 101215 105411 96749 102314 100990 103564 106206 105179 89921 95809 114196 110623 96977 96112 122260 106986 101321 113102 130316 99907 133820 140465 103099 
106296 90816 84863 86915 104617 91965 89661 96563 90530 84235 91714 92993 76936 91418 82333 89192 93010 87238 85540 75676 96689 88401 86532 87742 91087 79410 70629 98663 91974 83587 89937 103688 86080 75907 92882 112735 81741 102904 108971 82877 
112126 99491 92038 96288 125868 105756 88296 100251 91127 83398 104043 96297 88634 97060 93217 95066 116004 96115 92853 89996 95911 97422 111123 103027 96406 94153 80824 109901 101562 101606 90585 117441 105876 97428 110226 122260 88324 121845 122138 80755 
124065 117541 101284 114944 119486 110136 98088 109770 91332 97096 104531 109020 92582 112306 102631 103057 118139 96579 101670 92275 101640 103727 107382 103456 104493 93262 81584 99268 112748 101157 99609 126799 109451 95914 122693 124517 109056 139089 143527 102379 
117391 94855 91218 114333 106952 108797 105432 99800 90205 87080 101020 114741 89207 92184 97465 96992 111118 97329 89551 95908 85005 108665 87424 91550 109418 84953 91758 105616 114724 93512 98167 113583 106576 85991 116229 115115 83703 124345 128989 104670 
111905 104777 103808 99629 116723 107786 84805 103208 98799 95552 112416 105497 82969 109906 94272 108106 105302 101045 90231 85288 105174 102453 93942 100605 100603 95273 77136 101427 100832 96309 95713 119060 104606 93918 113888 124901 91582 119890 112066 101788 
113438 100635 92900 97947 110171 108104 101546 97770 91149 97891 109505 104314 89388 110231 97586 114688 103011 101038 99083 83669 95032 102035 98265 89392 107987 76349 90942 114086 104313 99874 106858 112791 118887 95282 111149 116465 95184 120980 129107 90321 
101198 84549 72962 82852 96439 86864 82453 80574 82080 75979 81503 79167 70304 93396 79940 82125 89542 78340 77915 65120 85849 78929 97609 86392 74531 76385 70039 85016 84421 84536 87137 99081 88958 78830 92054 100635 84035 101987 105458 75962 
116399 96864 89435 100169 112844 104198 95405 85991 79481 90277 103821 94647 79710 111451 86506 84096 99955 87384 90226 83672 93815 87463 94592 83245 100496 83228 76073 103299 100877 90132 92942 109259 106291 95095 100135 114172 94684 112750 107648 101471 
121661 101577 92180 108938 118556 105852 88675 99997 84749 83178 108458 101242 94070 105038 81657 95281 105173 91804 98519 88647 103665 85051 95659 95850 97289 87635 75994 102607 101273 92904 85927 115231 98261 98264 104288 110618 94674 122609 122841 98436 
121235 119033 99538 110326 127124 130586 100002 106707 97533 93360 117217 123562 96555 118190 102704 102616 124993 105913 110351 104627 109165 117213 111362 114665 122831 93111 80635 118917 116318 112405 108746 137063 122307 94650 116814 130265 107687 132784 136706 103833 
90329 76782 72300 80709 88713 79391 73259 74565 73771 71915 76624 72393 74025 79664 74123 92379 81203 77070 68404 72790 81602 74696 72739 77020 74679 62602 66602 75646 73034 64786 77494 94534 73453 74352 88362 87559 73525 102657 98154 74360 
124556 104891 107958 94724 125002 95083 101288 93968 97898 99733 112481 104209 100962 103200 88101 111460 101027 99878 83796 79927 100285 92653 100038 92544 96092 89946 76877 98054 109023 87397 103513 124378 110273 102860 114249 121111 104286 118260 109715 102581 
126632 108828 101410 99228 122796 108033 101074 100234 91926 97621 111167 113146 99117 107090 96755 93248 113951 97737 94430 88076 103659 98521 106823 104269 104289 91524 84252 110232 110037 108282 109325 117776 110515 93620 106246 118286 92095 122259 128769 104636 
113896 108776 92240 93961 112053 112459 95693 98308 88534 87349 104059 108754 94588 104201 85519 98399 98031 99244 102590 89969 100657 94832 80447 94253 97845 86654 78655 108434 94955 87478 89838 112358 101980 97850 107989 116982 83810 123415 119977 100586 
109755 94053 85774 90162 100248 105682 86694 93061 75876 80103 102285 94661 80005 81699 86083 86018 97386 82373 80831 85116 77321 96140 90658 83528 86182 70013 69391 86656 86162 90331 82951 105699 98828 75895 94672 99906 83785 113384 112408 90340 
113126 100156 90679 90984 112012 99094 87614 82836 89555 91260 105761 100473 83220 100200 86763 96260 98617 104199 94968 76876 94327 81416 92814 87785 90600 78324 72596 100643 83911 78399 83684 111899 98345 92943 103741 116331 100024 115440 110396 92286 
132791 112830 102767 108942 127574 113756 113722 111265 95504 91969 114976 118953 100038 113222 94153 100371 115620 101782 107848 89664 102999 98834 101402 106021 108586 90626 95513 115604 112076 106845 103053 118345 110777 99970 114319 127546 98686 141556 144757 107921 
121267 109747 96040 110227 118859 114224 95932 105390 96004 96350 117674 112416 100226 105793 104350 101904 116516 108129 100246 92316 96134 105421 110577 101070 106286 85404 91559 111577 100683 99546 101418 128767 116360 103058 109692 120191 95283 130097 131655 103071 
116912 103801 94429 98330 117713 104541 95250 97497 93664 90788 109961 104038 91974 100797 84722 101090 106864 92214 91743 95722 92397 94915 97970 111280 92335 84992 88392 98997 92052 96841 93726 110637 105593 105622 116575 111575 85248 128130 123129 93077 
127887 114908 106340 123301 128392 122195 107083 115556 101763 95866 121698 111384 96330 117565 93841 108053 115322 104686 110547 104292 99976 109854 99046 108518 117374 94964 100001 112111 112774 101589 98166 132134 120739 112896 134323 119918 98577 139677 142007 110190 
118600 112311 99592 123510 107581 117054 97709 105494 95526 94900 107265 114167 92798 112556 95444 108991 118244 94982 106371 101877 102189 110641 110227 100831 116353 86144 84496 111328 109539 107749 106902 123347 111275 93097 121168 115466 96489 136551 137405 103955 
131713 119486 103910 114741 127545 119309 110491 112843 96932 106501 122476 120143 107571 110074 113717 111119 125297 110923 110387 105599 106068 110674 114403 105571 120231 91720 95810 124250 120961 114599 109385 124111 127951 107260 125349 132969 97976 139021 149624 107814 
113705 110294 102199 110943 126553 117332 93764 111349 106085 85431 106677 107469 106589 115406 98668 109777 114431 103438 112981 94741 112404 96130 105094 111875 109683 91210 93648 108769 102948 106810 92115 124437 114673 108613 121347 116276 90781 139631 136853 99075 
130176 115262 103946 112112 121831 115141 101944 112350 86519 97319 115257 108388 93564 108400 100944 109516 116255 97223 99839 89459 105985 104584 103068 94859 97997 91256 79151 112883 107332 105778 100446 124609 107401 99397 109778 124732 100168 130557 126457 110188 
110937 95725 82694 110266 105782 107220 99896 104921 93004 92677 111255 103463 78219 101347 94063 102175 102499 95004 95146 88967 94302 102945 94962 96929 102273 82685 87755 107659 101631 102014 99229 108902 110785 87817 110047 110485 86049 123977 130210 92031 
110156 103673 98118 106341 111856 114967 93914 109466 97459 94965 109460 107875 97776 103837 100709 99643 116998 104003 106947 91836 98310 103353 104275 99816 104597 94015 81584 108991 107649 105857 96577 114413 117390 95037 111079 115240 88235 130910 128711 96671 
