65 141 130 97 120 140 151 116 86 81 122 134 113 103 155 103 116 111 76 59 99 123 116 62 56 13 140 65 106 108 39 122 135 146 153 102 115 67 95 75 67 
84 170 107 94 145 108 62 129 119 51 66 149 120 109 92 60 62 57 75 99 172 61 55 86 155 117 132 157 132 23 70 154 165 22 57 61 106 103 117 135 61 
109 129 95 51 110 152 131 62 108 100 135 151 145 71 56 119 25 37 58 78 108 131 117 106 85 41 50 119 164 96 144 86 28 169 157 71 38 44 154 87 34 
180 133 60 161 132 141 39 44 75 182 112 103 108 59 79 131 106 59 78 108 54 139 117 124 148 125 101 126 24 95 8 123 149 91 88 7 95 153 145 96 69 
118 87 129 110 64 151 158 75 144 106 135 34 56 65 128 100 81 31 187 146 122 167 108 92 136 137 44 115 119 141 45 113 127 87 143 60 39 72 16 158 78 
157 150 104 70 114 110 30 107 140 170 94 115 67 62 101 126 162 184 104 140 140 99 103 106 68 154 116 94 147 72 97 93 106 142 166 182 93 85 71 148 51 
128 187 132 25 39 118 131 118 103 131 157 119 129 125 21 155 108 52 79 81 110 33 27 96 105 67 45 138 81 147 95 77 28 91 89 103 128 123 119 50 85 
141 72 118 116 139 105 40 121 178 128 39 33 107 26 92 147 67 99 37 103 179 151 128 86 162 70 134 53 99 98 7 144 33 26 114 117 131 16 121 36 118 
137 147 32 140 125 70 78 49 126 31 136 125 32 148 27 170 152 72 65 73 120 92 114 138 160 54 183 57 122 91 13 146 10 120 101 71 124 48 87 157 97 
22 183 104 51 88 83 86 92 117 81 137 66 121 65 76 89 115 88 111 125 94 143 77 83 97 72 112 135 158 111 87 84 190 80 127 163 173 114 111 122 40 
114 125 194 171 92 137 169 100 136 95 62 197 91 70 145 160 117 92 13 91 74 90 163 47 73 123 83 151 110 41 127 151 91 104 71 96 90 121 152 43 111 
138 125 57 127 62 82 95 126 92 107 33 145 129 92 186 108 132 187 103 158 144 64 72 75 121 130 81 49 132 130 111 57 113 76 77 54 60 134 74 188 190 
77 2 144 177 76 82 70 94 32 23 143 171 124 123 71 95 143 164 88 116 85 47 136 159 163 118 50 50 79 139 113 85 123 100 40 153 160 80 121 132 162 
187 131 93 91 102 67 61 63 78 120 96 78 44 25 110 131 151 75 126 117 108 129 148 74 118 54 125 136 108 189 136 47 29 105 89 42 110 90 78 82 94 
78 132 150 190 181 70 111 62 109 108 40 117 151 103 42 145 19 174 116 88 151 135 149 52 55 108 32 91 97 139 149 149 55 108 164 96 160 161 35 66 99 
149 179 192 157 31 139 51 82 151 33 55 102 103 101 163 88 151 119 128 89 117 119 60 96 172 80 29 91 56 117 125 158 36 59 73 103 131 61 54 136 101 
169 126 124 75 90 153 110 47 147 93 76 140 168 67 143 82 95 90 145 120 39 108 153 54 116 110 17 160 83 73 44 110 121 178 112 146 147 76 35 121 93 
155 133 125 31 167 123 104 189 120 21 96 146 55 107 122 125 64 74 45 148 47 76 32 117 90 175 120 154 91 147 119 87 158 135 34 65 102 81 94 77 40 
157 155 138 105 34 61 132 155 94 129 105 168 122 134 123 41 127 116 97 122 150 140 106 134 170 109 126 165 104 95 109 73 65 115 148 108 40 103 144 57 102 
126 43 48 148 65 96 109 136 72 75 131 50 75 23 96 117 94 44 72 70 107 109 81 159 143 103 63 67 96 114 96 106 103 177 89 118 126 95 78 103 133 
13 181 115 36 146 164 86 111 112 119 102 95 134 112 47 59 109 98 147 82 131 60 101 52 114 107 52 55 91 133 82 95 99 63 11 109 172 51 165 109 110 
52 113 70 54 162 147 71 127 45 114 167 57 153 62 111 98 137 83 66 52 179 42 139 94 101 108 139 116 156 28 97 118 110 97 47 108 87 154 116 119 115 
78 114 158 129 79 132 145 182 119 105 151 69 111 70 158 98 76 85 59 146 167 104 66 100 65 106 177 176 32 171 110 31 111 78 111 35 142 121 48 131 24 
87 152 74 60 51 97 118 59 160 183 70 141 72 21 99 93 127 54 157 94 77 89 118 32 123 20 76 106 108 90 93 113 150 94 138 108 99 131 102 98 127 
123 27 107 117 34 58 94 176 109 153 97 151 59 31 15 100 122 17 164 40 25 101 130 142 133 64 40 125 84 150 164 131 135 75 103 88 174 65 56 105 152 
88 147 128 145 89 135 115 52 113 90 74 133 129 79 65 124 125 149 80 81 26 178 96 70 88 151 136 139 11 41 134 131 148 121 123 36 119 40 71 132 57 
143 73 79 59 81 79 126 109 45 179 110 131 71 149 107 100 116 76 107 96 94 135 174 76 129 70 68 172 82 58 83 86 144 82 121 46 170 47 121 35 118 
137 32 57 123 122 68 25 171 110 71 123 156 109 59 119 129 88 176 100 148 112 44 59 152 167 103 69 51 49 109 91 71 43 135 126 148 80 31 72 175 96 
86 69 91 8 103 67 55 139 100 134 141 133 131 100 99 161 143 54 68 76 126 158 105 112 150 104 184 66 87 122 137 134 122 79 83 36 111 160 62 59 143 
194 91 80 116 74 126 90 74 38 101 37 101 128 93 199 86 52 126 146 51 123 104 103 77 160 103 74 135 33 49 79 83 97 95 42 97 102 87 124 160 35 
115 88 39 68 103 24 111 72 85 60 65 144 138 45 41 150 81 146 110 166 168 121 103 43 139 118 125 63 103 124 145 37 67 80 115 135 140 99 141 157 120 
125 96 71 81 72 64 130 29 108 125 48 58 128 72 100 114 140 45 126 98 87 133 9 172 80 109 132 93 72 71 125 174 87 75 105 107 24 93 120 34 77 
104 100 104 48 29 35 104 47 70 113 109 103 80 41 44 100 57 122 88 77 109 69 42 61 117 118 59 89 44 95 59 38 109 127 139 48 44 117 16 71 103 
130 59 104 130 71 112 30 86 110 92 144 123 131 95 70 108 74 120 96 112 59 56 102 126 84 165 26 59 109 143 12 85 181 114 62 22 109 83 51 118 99 
108 100 171 111 155 103 37 116 66 199 89 100 61 54 40 91 118 78 21 154 119 62 109 70 141 4 42 45 59 131 87 80 82 160 157 105 60 59 122 159 92 
144 57 131 100 102 33 98 106 178 162 58 123 143 113 179 130 129 31 84 80 160 97 154 140 117 142 128 152 77 173 109 107 65 140 94 154 64 58 116 125 77 
170 155 167 11 96 32 98 78 197 44 40 24 75 185 103 188 109 162 96 105 100 74 126 194 161 142 98 12 107 57 97 81 126 109 71 109 93 118 134 123 44 
117 100 91 37 155 113 10 69 144 87 150 38 107 51 105 29 120 137 89 137 70 16 143 70 196 135 144 110 86 145 110 76 83 51 7 94 25 167 166 134 76 
20 154 140 134 113 77 66 73 43 147 143 158 86 96 125 131 28 99 104 71 82 146 57 86 145 13 47 193 121 96 117 52 89 73 195 94 43 65 79 21 31 
141 92 173 46 169 89 91 171 128 116 63 104 35 140 73 56 95 66 151 170 88 102 125 52 97 135 39 101 156 186 109 119 102 137 38 96 142 8 115 100 111 
114 86 124 95 53 89 75 31 9 49 133 97 18 125 145 86 131 160 58 102 121 57 62 120 53 27 44 113 49 95 29 84 180 19 112 129 31 126 114 122 76 
