110174 102844 100370 91594 101674 94509 89109 102424 100041 107385 91159 106437 99757 94023 87057 98323 78765 88679 79365 78351 94557 89561 95655 77925 117592 73101 81027 94933 82049 99261 73370 91836 98749 89813 88571 89440 92196 79459 86697 108316 65519 
125914 126749 112319 100770 115045 121373 113282 129843 112054 126117 114714 130897 127232 103823 110392 119566 102458 114805 101405 98981 114662 111502 119684 100239 149728 98601 108539 112232 100312 119500 107405 129761 126933 95116 109844 114405 115902 98938 111068 139295 103004 
109761 111756 109926 99550 114535 102404 91909 107199 100497 118755 109265 126739 110263 94827 91239 115237 97374 98120 78776 90281 109708 94262 105438 86004 132563 78368 97128 94459 98758 107023 86426 106186 104532 98746 102840 99598 103293 86656 107001 117051 86015 
115301 114131 110765 104992 119105 120732 97085 112135 110037 123122 105107 115310 107111 88848 97684 98885 97311 103038 97003 96745 103402 105834 111722 87448 132019 81130 91428 108950 87759 105307 82731 113546 121519 94343 102463 94527 97864 88869 99254 134415 77378 
119694 115870 104028 103990 111300 111915 99648 115518 101312 127895 103329 118880 100640 99714 92107 98571 94699 99231 92048 94134 103351 99466 104373 89267 132909 80200 93243 110372 90905 105618 85661 111368 116780 100402 106023 102905 107049 93969 103364 128640 84143 
130867 128646 117927 101028 118353 112540 111138 128271 111165 130448 109480 129334 119298 115739 106677 114757 104049 115613 109811 94976 108080 109654 111391 99685 151358 100381 110309 115976 96436 117354 94559 120134 138712 107793 107003 114473 105517 89205 109613 136512 89009 
110955 117271 108027 106874 111578 114164 102020 119345 103548 111434 102252 119742 109784 102791 99744 105562 95034 102977 94373 86567 104293 98028 109465 92203 132815 75695 92130 104468 96903 107878 82121 112807 109868 94213 102207 107706 103469 79102 98724 127559 80287 
118355 116764 118876 99651 115054 117417 98292 123748 99824 124392 105982 113920 102443 106075 111462 111142 96493 92898 94390 82767 106378 111392 114312 101018 141454 80446 101429 107989 88171 111419 82510 111816 123366 96552 89115 107032 102242 74887 104781 126161 83785 
124382 117394 115520 106287 100114 112861 108007 112478 105616 127039 106040 126497 101965 104277 104521 114088 101325 90613 108012 83525 100012 111953 118077 93416 134137 81688 94542 109038 90812 114706 81945 126795 121585 94273 98262 98873 115851 84413 101034 129556 93439 
115916 106261 101357 102024 102900 93959 86104 106933 99636 107042 101987 110275 115442 102339 98834 110308 84120 98556 85605 79856 107350 93041 99854 88245 132605 83149 93326 99234 81741 95272 83651 102726 107084 96283 93610 95662 93535 82191 97620 121682 80474 
135343 134627 115729 115666 124862 130451 118112 120708 115648 131311 124879 132645 120717 107279 110215 127994 104684 118235 105127 103669 118347 119213 122528 93777 143573 83673 108571 118161 104590 126216 95963 123275 129687 108478 120745 111705 115604 107193 97541 142576 87465 
121331 117708 109811 102827 108567 110393 103331 99779 99077 110567 101714 116474 104284 97150 98158 101569 90193 99800 100680 86272 95742 98477 99860 79639 122561 79806 86471 97393 84962 118614 90415 113775 111325 98376 91193 98688 99358 80593 87262 120439 75262 
148617 122932 127522 113905 113522 111583 115983 120201 118982 132029 117738 131332 117961 104781 123501 112370 101959 109257 106227 105555 106664 109362 116313 96281 138954 99321 108241 121201 85401 135436 98328 118276 132076 113064 107049 98205 103228 102478 96739 127823 88263 
119842 118595 117946 98250 117454 116916 101391 134219 110558 129509 115232 124406 109039 108751 123176 98583 96291 102792 101099 97580 108825 109209 113420 85640 141757 83834 99383 119768 95485 118107 92479 121446 126209 91611 97977 101462 110305 86054 113334 129936 89046 
135392 129264 127804 113741 132407 130214 112620 132952 121322 135107 127320 136153 123790 107200 121903 122163 115383 115866 109416 108441 120713 114836 120363 108594 166446 100294 117557 113737 105744 129656 103439 125946 132439 103593 109063 120613 112729 104921 122511 150621 95022 
124571 113092 103626 103209 113052 107054 105788 101342 106965 118404 100101 124268 100580 93808 90597 110768 92428 95757 99774 93293 95991 98370 111648 95573 126235 80333 94203 102583 87721 111877 82854 115559 114676 106301 105216 102996 90471 77862 99151 131654 84453 
136809 124377 123185 118173 125907 121921 113309 129466 119636 121841 116013 128376 123583 113459 113207 110921 104959 117510 103047 103234 117243 105440 123790 108929 140121 102886 111039 115114 96323 128474 99414 118262 127441 109593 112854 109914 107911 95903 100079 148624 91837 
136271 115625 115693 108226 109499 112505 91470 110131 117805 116869 111015 109364 115331 100530 112327 118193 100401 107823 98467 95552 111297 108293 113150 91118 136287 83478 104325 94460 95650 104733 85556 116880 115594 99098 104554 98423 101360 89190 92713 130229 87052 
115360 117248 109742 109589 118884 114080 104799 119174 108951 131572 109945 134470 109822 95033 105155 100697 96203 97865 94022 97083 108530 94395 114292 93696 137960 80909 98400 107539 98821 118775 90776 112828 121696 97571 103023 99717 109050 94421 112183 124212 89216 
92036 88669 91691 89775 80865 81254 80481 76838 82888 84133 81048 95093 90450 81999 73675 87509 68851 83404 78211 60424 77269 70911 81700 69907 99108 69989 71020 80005 68205 84929 60765 97628 91672 75697 73501 72560 84069 74402 80537 93737 61808 
101810 106202 101000 88258 97458 103068 90497 99029 90639 97213 95990 102153 93032 92270 84250 99269 82294 85697 83459 75386 85575 87000 96098 87669 116612 82504 83247 94819 89650 90600 78600 98271 99739 87943 92740 101022 88989 75206 83192 108919 71897 
141476 130739 140522 110609 115165 133467 118440 136868 132218 135252 125652 135104 126540 108988 120593 117191 118358 115759 111467 107161 118662 115240 125606 103096 148070 104543 102968 122461 101222 133025 99669 136776 133165 99136 101895 115191 117573 99798 115098 147061 92794 
114167 105042 106282 100113 102712 101222 93240 106144 101496 114556 94531 119870 102500 88983 95735 107845 82829 90929 86804 83799 88416 96237 105106 80151 130894 79069 80006 99356 89411 102268 81791 109377 104484 98935 88015 99635 100499 75636 102365 115496 68051 
133625 116940 120094 106193 115820 107947 109501 132574 113529 118303 115381 119979 115179 122755 109254 110457 102023 118089 101115 96927 118307 98180 111464 105048 146744 88136 102211 111774 96332 117575 93506 111710 123685 106278 108978 112225 108639 97886 107085 135988 90182 
133592 113654 112122 106471 103504 99386 110110 118803 110084 128474 108156 123956 115391 102766 111991 112595 104175 108275 97456 91556 114889 109011 112463 87947 143801 80454 108429 105738 92772 106994 81461 113566 114419 95763 106501 99262 109588 93170 110000 126668 95309 
145991 134866 125815 107499 120959 125829 113797 125720 120027 141904 122521 142211 122639 108203 113715 120057 107869 114933 103894 107121 107702 113487 124907 103741 149329 93294 106490 123586 98955 122427 102421 124091 130901 109806 113208 114889 115215 93383 116450 139416 94716 
133319 124277 124067 110294 116310 121385 117708 130123 118489 135144 124925 133960 120101 108660 115157 117510 109562 111534 103475 106930 116274 108763 117888 107243 144392 90591 107250 115251 103137 127465 97591 123688 131801 108687 121776 117092 115586 100945 107746 136497 92630 
126209 105102 116137 103036 110083 103017 103377 110648 111914 122506 93006 113187 103811 89139 106173 96514 94409 91516 104136 93536 99058 105480 110746 86630 125899 89504 90788 97274 91333 111274 85719 104256 114687 97046 91905 94608 94756 76134 91793 124997 77655 
122067 110759 116092 99880 101272 111368 105971 117588 105470 125184 114549 117980 111794 92225 111170 101410 110472 104133 100342 94532 110309 103746 116085 92852 135809 86572 96571 109108 91784 106157 89933 116685 118010 86841 99320 99693 102535 92002 108126 129065 94403 
120076 125634 114792 99563 120374 109669 108647 128038 114284 123216 100683 117774 108091 109384 105955 105817 92766 102339 97222 91634 107867 104452 112929 90001 132277 86879 100632 110448 97554 119599 91750 112665 120509 98544 95046 109150 106385 83527 102808 118625 81734 
115299 113864 108550 99721 107352 102687 93905 115268 102727 112146 100556 117236 109062 101505 112553 93063 83065 96405 97314 85111 94839 95728 102202 81413 131767 84373 94100 105229 82653 110076 88631 109268 119095 89885 85376 98205 98468 78471 102594 118171 76653 
114435 96736 97677 95493 108193 96153 98861 99513 98096 113324 108522 116621 98900 83859 88709 108403 92854 94051 87986 90375 94531 98957 101397 84866 136219 80493 92047 98769 85719 101811 85180 113832 105922 97838 101177 97479 98310 83544 104941 120132 81372 
94376 95843 81373 81256 78470 82793 73951 81573 80038 93140 74844 95416 89423 77337 80043 75909 73256 79045 77442 69543 75440 74255 81640 65815 101671 63927 72374 84046 65845 81229 67175 84889 88331 71686 74898 71881 77524 70309 81290 99828 60319 
119109 108737 112816 104494 98766 94331 92131 103576 99382 105072 91770 106615 98170 90775 102558 98099 88149 97789 82793 79429 101962 94492 96182 77927 117524 77399 89077 90064 73239 101194 85365 98368 110395 87748 94421 86319 95380 86256 80584 104699 77375 
116355 113738 116086 99111 118412 125924 113448 120203 102830 121890 105462 124843 103627 104432 93848 111809 93304 94678 100390 87897 100302 108183 110363 96185 141457 81245 94434 109704 92163 118061 79990 118327 126632 100836 96153 108512 107319 86888 102449 135016 78067 
131340 127486 115179 111085 125147 115223 112258 114738 112441 140093 111182 128554 123185 105600 110028 118362 101377 105833 111691 100480 110509 118306 126250 90209 141223 82747 103445 110462 96870 124417 96704 117114 127344 112654 106281 109016 114309 88176 105971 143632 87041 
125458 129536 119690 99903 117623 120420 115165 109975 119922 126774 115798 122890 110218 104990 101930 119497 95237 91879 112640 95051 102784 107842 122851 92103 132644 84796 102243 113519 98419 132067 97307 126020 113895 113251 108651 104049 111183 86585 94335 132524 85902 
110458 103337 103242 89551 102117 101964 98068 110727 98508 109633 101944 104905 96361 93730 100306 92581 84516 89536 92679 89437 95026 96557 105988 79901 118385 77656 90362 111923 76459 106018 83053 101916 113884 89016 91975 83780 95149 83194 84269 117470 76487 
107373 107979 92730 93195 105577 89989 94429 116084 103312 121338 101138 120967 96686 93425 95714 104063 90490 93325 86623 93639 105044 92526 104358 80955 132440 70659 92522 100472 94154 103893 89385 98743 96079 91229 109031 95204 100934 90884 104163 121787 85233 
123076 108183 106605 101024 104697 106059 100447 95831 100912 124103 105452 113644 104691 88678 105379 108548 89984 91488 98679 93284 97553 106788 103217 87762 125180 78995 93900 100398 89331 114132 81005 116659 116043 100579 103772 94062 95511 82742 92050 118685 80593 
110402 103593 105701 88594 102333 97637 96963 107746 100156 112747 96581 107899 94562 88327 96267 93950 77821 93261 92147 89396 93936 92559 103707 69162 116269 69637 78625 96205 77019 114097 85863 106359 106665 99701 94289 92945 87359 76818 83732 114496 72634 
