104106 93504 103076 113145 105794 104450 110427 112476 93959 101728 104844 114773 102087 84997 117636 95804 98885 91820 101876 98200 94446 111821 110348 115590 122716 115169 85865 92562 92208 96152 99300 128665 93066 100361 109805 91665 99046 111198 102569 109784 84338 113573 
111931 96965 106597 107204 112290 116917 116247 117108 110674 117300 98952 113139 109114 92281 126673 103208 96997 96081 118486 102969 103898 121254 107335 120106 131201 127266 93102 97465 115334 110338 111380 132213 100631 109464 129570 96459 106791 109305 101572 129470 95070 123749 
117689 107614 105912 110962 100048 106190 95527 116676 102364 116437 105206 118399 87742 89281 119638 107426 102189 102269 100755 104002 106724 120464 108089 120452 124200 123998 92544 103294 108525 103922 104228 128519 102104 111348 124303 78696 109577 108307 91196 121279 87175 114196 
112835 106394 108747 115660 116082 111047 121954 123865 113745 106199 116590 123738 109067 99230 121942 101844 106638 103061 113453 115210 104522 127390 116316 119762 129549 129083 88001 94325 102674 93964 108119 129383 103130 116763 123682 79279 119251 112018 100959 115189 90751 134166 
106125 103127 101834 104184 113938 112865 96237 137250 112235 106548 106205 109002 96887 92898 116216 96967 106310 103967 101579 109800 105688 112990 113737 112954 116585 111270 96147 98844 112781 99020 95054 122113 96372 108878 121041 92433 101845 121169 100002 110317 91441 121959 
91890 84677 97369 90457 84428 79874 101601 100600 96238 93723 94332 93209 85728 80470 100936 78204 77822 76097 93344 83520 74914 98494 82939 99754 105956 92724 76890 79226 79024 83841 99554 100938 77537 93685 94859 73586 94077 92281 81954 87158 79757 93685 
93077 79292 97939 105732 93623 101602 109285 113099 98485 97264 105878 111975 93571 85240 111644 92172 92063 93221 94286 81677 93162 102570 104895 112534 124108 103732 86328 82815 94007 98969 105541 115891 92139 108568 109237 89481 95497 99045 91000 110020 85676 108507 
94781 85449 83702 100492 95726 88634 93593 111235 89982 90002 105043 95934 91233 85906 110899 77233 87424 82357 94079 95239 96525 97515 90650 107677 110458 102677 82282 79786 85964 89863 101740 102208 84972 94002 108988 83490 100137 86003 83079 100450 71462 111267 
129577 107492 115267 107318 118370 111827 122452 131087 119918 115129 128591 123287 114966 108219 133202 107512 105368 109032 131430 119249 109092 124429 110442 125988 130804 126236 100927 91663 111266 111769 134999 125604 110473 122640 134185 85946 122916 122508 118796 127853 97630 132663 
103464 105716 107015 107353 97983 97616 93470 129643 116394 100287 113119 102098 97153 90867 124202 88163 95167 88960 101379 105982 92153 106155 110263 120655 121298 110522 90626 92767 101430 99744 98801 119151 87136 106813 117581 97476 97994 113771 99559 107563 85337 110058 
105179 103489 113258 121249 111216 112396 110854 129275 112878 116602 113414 119572 107451 92719 120427 96801 119773 101278 106360 94628 112476 118089 114922 116670 129720 118677 96961 93524 106977 112472 118934 133555 118492 119651 129755 100861 108231 118088 113538 122053 96503 124958 
114073 103387 108263 119277 105537 116943 115765 128900 109502 113692 110822 115938 113310 97375 126673 102040 107053 105271 118844 104028 114348 125702 111356 129078 130424 121598 102731 96313 102712 122807 123171 132976 112976 118561 129152 101143 123988 120855 104080 126092 100264 120995 
104044 101927 108304 92666 98943 89954 103316 105340 101847 101567 105548 97221 81870 95210 106545 86385 93949 79342 100878 95872 87752 107468 100742 116755 117444 103849 89271 92357 85819 92729 92402 115797 90618 102578 109982 82500 94777 95636 91117 107502 89443 103130 
99470 96952 109894 108688 96922 92914 104728 118068 102617 96048 116929 112885 98640 95222 115803 100787 102914 96718 109450 100652 103734 116313 106752 119798 113996 107708 98187 89949 89919 107010 113448 117826 93006 109385 110515 86405 109012 107376 94138 101097 84291 108009 
123294 113219 116423 113194 113366 110725 111379 127862 111112 122263 109784 110911 104540 96390 120187 108591 109836 100642 117338 107396 114791 123573 104280 128972 135090 130601 107922 105054 106619 111640 126406 131451 115129 120610 132548 90848 122494 113956 102607 116993 99888 122270 
108573 93599 105578 103995 99776 92259 101864 115406 106511 114107 100716 106400 94215 90798 118289 94333 99115 88444 105349 90676 98578 111485 94301 111397 108835 114895 92071 92528 93701 107559 113983 111185 96043 108776 123806 88699 109273 97529 93236 114923 89014 101141 
119288 107525 110046 117922 112770 101100 105266 127230 112008 106795 113361 112338 102554 96353 128261 97796 108017 97963 108957 113063 107408 118656 104466 121077 128776 128977 91497 93940 103624 104241 122522 118781 99888 120135 139932 88147 118047 104783 99023 117881 92292 114990 
133537 120276 118048 121244 117353 119997 118931 137563 128203 126933 123825 126397 117053 104944 134934 115934 118485 118626 126407 116491 120212 133816 112687 141634 144635 130827 111274 105057 127463 125684 134951 140104 121781 131298 147189 95559 134536 133012 121910 133945 110210 132696 
125559 111696 117695 127729 124975 120736 121392 155743 125009 124966 136833 130589 114413 110918 137866 120564 123820 123535 127349 120042 115638 133619 119539 140316 139633 130570 115592 104339 120868 116552 126128 142658 112509 118673 136431 105148 132363 134695 110251 122794 103508 142155 
122836 112468 109987 112350 110660 107963 109007 126970 122741 114820 110750 117398 114783 101475 132335 106098 106309 106980 115562 119233 108392 126475 109621 134318 128655 133591 106668 110353 107108 117013 117162 129927 104052 119810 130287 98184 125115 123972 108198 118169 98607 121672 
107246 97644 97380 107153 96848 106271 100337 117066 97627 106026 108241 105602 105187 92924 112639 102434 98108 98301 107763 94182 101258 109779 111144 119045 123579 118553 91005 84968 101300 110357 102657 120876 103203 107942 119575 96119 105730 111979 91484 117238 77848 115935 
115626 100769 108123 116069 112781 102452 116126 116603 116996 114986 112017 120270 108203 97167 127916 100191 100349 101823 108365 97586 100401 121298 96981 115046 118577 117898 95486 97649 102243 107573 108841 125518 105503 113005 132601 96339 121369 103243 97674 116517 95479 113203 
109705 110651 123489 123164 117183 118984 115598 134678 116473 121512 123394 128168 117432 100116 126191 112900 128697 108902 120231 108327 125186 129436 122472 130751 127805 122233 110547 104135 115357 121633 123567 141593 126943 120692 131775 99785 117312 124822 116192 128516 96280 129757 
122580 107917 105597 103692 108378 108329 110934 130314 113603 118523 112625 111499 116911 97686 119575 101900 101005 101574 114490 115328 111910 114829 116455 113074 132206 119224 95122 93351 110202 103386 120857 118080 113968 122452 122909 86729 114437 122957 111240 116210 92491 129238 
97707 92995 87866 103700 96593 86244 90310 99533 97817 96225 92206 95245 87279 85591 98931 85392 87360 81289 93652 81447 92907 91396 90530 104147 107063 111532 87256 97353 87849 93474 90746 108593 93026 99930 113428 86186 93194 89542 80141 102026 70510 98651 
116154 112808 125085 126073 116138 113445 116856 122421 119783 101761 116973 125822 110303 93205 128944 104021 118763 105331 129082 111049 114835 132668 125536 124109 127416 124740 91437 91128 100560 116735 121569 140678 108093 131343 129145 87950 115333 126314 108278 118366 97790 115702 
111749 115319 120110 120740 125086 105904 103623 143413 121827 105384 124937 122088 100030 101378 127008 104786 121907 102789 110704 116773 107169 123785 115748 123651 117138 125366 103211 103912 105275 105711 109116 132751 103285 119450 130940 91357 119036 119701 106568 112780 92031 123460 
103706 90561 97255 94784 92787 104569 101292 108415 98601 96179 106071 106131 87616 87933 103390 82287 99026 90549 99119 93322 101321 96870 100774 106578 119582 103638 77969 84153 96398 90393 105864 106854 99813 108853 105150 74235 98983 107082 88532 103083 78707 119122 
118647 107218 117617 122047 112960 111834 116813 129583 112047 120268 113108 118266 104621 98638 116804 107626 109470 107086 118685 96792 108545 117244 117546 132679 132006 123539 105000 102506 112664 123549 112509 135770 113039 128657 132705 96515 110609 117813 99483 131707 95413 116435 
89621 86894 98439 96718 103339 87203 93894 110595 89111 96731 98959 99444 91004 87228 104466 85379 97570 86797 102943 89445 100025 100255 87801 99397 92695 99235 88374 75723 92707 90751 92623 108099 83286 94411 110370 83071 93119 96996 82127 94643 71720 102406 
113046 104256 106111 112637 115564 109424 109958 122631 109024 111475 108598 111993 101806 98937 113312 102165 110834 94513 120646 104316 106202 116676 113315 120296 115307 123014 96134 95560 107433 106908 106513 125476 108729 114645 123731 89570 111926 110985 98706 118229 91186 120986 
112542 89462 104747 110178 103429 107762 101772 125276 109020 115488 93651 110430 102563 83929 120950 101907 102127 93895 100664 97574 98120 116321 102151 121943 111537 119870 91630 92742 100212 111703 104045 125200 96624 103465 119703 84736 111330 105478 91867 117410 91748 114007 
96514 91763 100387 107303 99508 101858 101661 109869 98278 101422 103815 115870 92426 82949 111238 82013 91149 89311 93739 84914 95609 98963 98234 106469 111934 110019 84009 88089 98791 92723 100399 113800 104169 108831 115717 76827 95750 97658 97821 112686 74765 116610 
117378 100062 115511 119658 112734 116995 108308 133711 112069 121038 119555 117930 113444 93313 128400 104564 116157 104812 117926 103085 125240 118941 112676 128344 132435 126816 100937 93273 109209 118982 134210 135028 111494 120011 126831 101760 114626 111241 100087 125256 88727 122537 
113569 111031 116856 115820 108577 121325 111342 132414 110343 110650 116130 117448 109030 97240 123257 102725 115139 103789 114894 111349 117241 122896 116758 126965 130146 129139 99325 99077 103614 106579 112447 132436 109253 111241 124652 96470 116988 125432 104865 121091 89251 129658 
112410 102969 113559 111694 105937 106486 113021 121983 119520 112394 105790 116714 103326 98570 122799 98736 106120 100603 120351 91782 93906 116287 97476 114454 119496 124167 95905 93388 102297 112058 116828 128223 112392 112325 136233 89475 113628 114414 99181 120815 88407 117448 
102097 86516 88642 92283 92600 84344 97414 110975 102455 98012 97220 96181 87514 83648 104573 86839 82784 87088 96571 88472 80650 100678 92937 107135 109690 101082 79685 79669 82137 91427 100567 114187 91076 104064 108800 72146 98827 101996 93319 89632 85205 99346 
86655 88676 85651 89236 93743 89415 99631 99581 93567 85585 89760 97474 87320 95312 100512 86918 89110 88370 89020 93507 86304 99918 92212 90100 105655 94976 76062 89543 89048 79812 81850 102591 79844 90525 101526 75048 90919 96080 74041 89409 76536 109393 
113330 111306 111203 112101 93570 102008 106663 122415 113028 112614 100482 108707 101048 89629 122154 92927 99652 98451 102280 102142 99587 109334 113304 126799 132483 118840 92776 105221 105441 107766 101717 125256 102192 117651 112087 93908 110935 127147 104071 106892 89131 120292 
91318 79344 87197 100799 88868 91855 98745 105279 90466 88366 102631 109520 84799 85877 111902 88961 96768 88360 101783 88388 95299 103100 96676 114434 101173 109820 84442 82139 86658 95851 109592 109809 90568 90785 109743 79167 95968 92357 87568 100651 70578 110154 
86969 87459 97700 91841 82631 87534 81849 103476 92614 98435 91337 98043 81562 72291 109150 79464 89739 77685 88260 86220 86999 100518 80929 106998 101727 99257 85971 92024 95126 88585 100028 103849 80465 86372 104812 75722 86484 89619 88912 103785 77141 94670 
113187 108366 117728 110461 118158 114714 106129 133400 112433 110115 114908 112188 100700 97234 123098 103880 105545 93154 114533 106380 98907 123572 109130 124482 125282 120888 104586 98845 105363 114646 118921 126701 98293 115311 131993 98606 110874 112563 102968 124687 100317 113571 
