18 3 93 18 78 55 82 36 96 1 69 33 15 33 97 34 39 90 73 65 0 72 49 35 16 74 28 52 83 40 25 37 25 55 40 53 43 98 38 55 79 30 7 
6 93 99 87 36 80 63 20 95 91 75 61 31 59 28 56 64 24 42 49 89 75 41 79 24 47 22 96 15 26 37 59 58 79 43 58 80 59 35 17 22 32 65 
96 1 94 8 12 64 49 65 60 56 27 2 53 7 1 49 74 53 24 32 17 61 78 29 91 64 10 25 68 64 73 28 2 40 3 33 49 7 95 91 53 96 55 
39 100 59 88 98 98 91 49 54 40 72 97 9 36 41 53 95 35 27 51 84 63 83 27 71 52 68 40 51 94 11 63 43 64 0 52 36 47 93 20 15 34 15 
95 10 25 79 20 3 50 85 79 90 91 30 60 63 80 73 64 99 41 88 17 85 83 1 48 36 86 65 40 97 61 62 44 21 39 36 70 88 21 28 52 91 51 
81 33 4 89 59 40 42 64 50 100 47 25 48 4 70 39 70 99 65 19 79 97 33 65 55 8 77 80 57 63 25 95 59 89 14 38 0 46 60 50 29 85 60 
36 8 14 9 16 54 47 31 91 51 44 83 44 14 82 27 63 77 26 33 89 27 23 5 5 94 33 7 12 38 48 19 3 84 26 92 88 27 30 7 29 39 72 
56 2 54 85 99 24 15 26 49 1 8 48 56 23 78 52 0 94 21 18 41 33 4 30 100 97 13 60 92 60 68 28 29 29 33 16 82 73 96 100 67 81 9 
81 71 62 96 83 29 97 83 43 91 56 21 43 16 39 34 37 54 93 9 44 22 65 61 51 29 77 44 14 100 63 72 29 31 22 21 23 18 69 88 35 16 72 
72 86 60 79 51 59 4 98 63 85 84 61 9 28 49 10 2 66 80 4 3 36 43 7 50 23 10 90 29 89 15 85 37 7 42 66 35 79 19 62 40 4 3 
32 65 72 4 31 31 32 85 93 24 27 59 96 56 57 0 58 29 51 67 78 6 65 40 5 65 52 37 29 89 41 55 33 75 24 4 91 55 30 26 70 38 13 
81 93 5 59 12 63 2 68 69 29 80 64 21 4 80 76 19 98 64 16 71 43 2 42 8 41 40 19 64 73 71 57 82 52 55 77 45 87 66 80 92 100 82 
37 74 47 97 46 12 81 28 79 38 12 41 13 30 49 36 72 17 6 23 48 49 5 41 88 35 6 78 12 80 83 87 19 72 55 52 56 25 47 8 97 67 73 
91 65 28 95 12 77 89 65 72 65 57 16 38 94 33 55 10 27 4 78 13 79 71 74 25 1 4 74 17 56 93 24 10 2 70 7 93 91 9 94 70 74 51 
78 62 76 37 46 95 15 35 37 8 37 88 40 15 21 52 42 1 42 93 55 70 72 86 93 100 24 46 76 11 14 85 44 74 68 72 10 79 15 15 23 100 37 
64 68 72 28 55 65 47 14 54 48 50 94 58 32 29 27 87 3 96 31 39 4 20 88 5 48 46 19 44 26 69 53 31 61 8 67 85 7 33 84 6 2 41 
56 73 46 41 58 7 16 20 63 68 9 51 78 52 32 74 96 60 88 27 51 33 72 36 42 87 14 9 46 30 93 25 14 24 63 86 20 75 7 48 54 5 58 
19 21 9 49 26 21 26 48 85 24 18 34 1 65 4 38 36 23 69 32 12 65 88 53 94 88 12 60 42 61 42 85 68 55 91 25 66 84 81 61 14 39 73 
10 58 2 58 13 17 38 72 35 19 50 98 59 16 19 67 44 6 87 36 41 39 8 95 17 87 18 1 12 86 99 61 53 94 52 13 31 1 81 62 94 79 70 
77 64 96 88 77 97 44 10 37 8 17 14 99 34 80 97 97 71 23 93 9 35 72 73 89 3 12 0 60 25 89 80 92 57 6 66 21 97 29 75 99 92 65 
78 1 96 98 5 88 96 22 88 52 61 47 99 21 80 94 70 71 98 7 13 97 53 61 96 86 31 55 29 87 52 91 100 80 39 47 8 67 54 53 80 23 72 
47 22 73 14 14 20 13 79 99 9 89 46 67 98 45 58 12 28 90 28 2 43 97 42 63 75 80 80 91 18 98 56 64 81 70 77 79 84 85 2 84 100 93 
1 8 90 79 17 95 72 25 86 80 22 72 58 52 51 25 55 56 82 32 65 19 41 39 32 69 31 47 54 0 36 78 6 56 66 80 53 95 7 82 83 100 76 
46 30 23 93 20 2 93 32 88 35 11 25 13 29 95 37 5 3 22 63 81 64 87 36 16 32 95 23 12 49 16 23 2 53 55 83 52 74 40 89 11 21 21 
15 9 38 68 80 70 18 70 57 26 11 73 72 82 88 55 61 53 79 24 39 33 48 57 3 43 38 77 50 68 92 4 80 22 36 28 4 78 18 99 13 18 27 
73 35 96 30 82 100 11 83 91 27 24 62 3 54 47 13 16 20 8 48 22 91 75 12 46 28 76 50 12 95 80 96 46 73 72 37 57 5 71 89 5 22 63 
94 45 45 70 80 15 30 91 60 98 96 31 13 25 96 44 13 100 3 40 75 64 75 100 5 64 88 71 88 30 87 3 94 33 75 1 40 4 47 13 55 7 28 
31 56 12 98 59 87 79 39 24 10 12 1 49 4 69 12 43 97 82 92 86 32 0 19 2 29 33 42 63 86 49 2 95 33 56 5 28 55 25 69 3 1 22 
37 71 27 60 9 94 61 78 99 67 50 28 57 45 54 1 91 49 34 40 24 94 82 23 14 18 82 33 69 8 69 2 55 42 90 100 60 43 81 27 72 41 45 
45 33 28 29 54 97 76 97 8 18 70 96 27 4 59 0 44 40 1 65 52 46 91 83 46 34 14 63 7 35 2 60 17 98 22 60 82 27 97 9 34 26 18 
17 39 10 2 60 94 61 27 57 25 89 67 12 21 67 38 43 77 9 46 28 57 82 97 51 48 97 99 9 6 8 3 51 30 73 2 18 34 78 88 48 88 18 
74 59 68 98 25 63 79 4 77 92 55 26 73 66 21 62 14 16 6 98 90 12 20 40 86 89 80 74 97 76 33 100 55 22 27 78 64 4 19 72 56 1 28 
31 18 21 40 43 83 93 66 33 56 43 74 66 70 64 15 98 18 84 19 1 14 59 36 11 56 45 18 74 0 46 0 34 35 40 32 67 79 46 41 93 11 17 
90 5 28 38 44 87 35 82 92 98 92 56 83 66 36 42 99 61 25 98 45 67 78 59 87 87 20 45 61 40 14 83 50 11 20 83 42 77 35 100 69 85 91 
23 53 48 75 55 21 16 39 94 37 5 55 50 29 1 31 95 13 58 95 6 95 38 84 87 27 64 86 39 60 48 88 43 57 0 73 31 87 55 16 95 37 13 
27 12 3 29 74 27 83 16 66 8 72 36 55 79 53 87 32 97 69 59 5 24 93 84 75 28 6 20 79 20 59 95 56 4 9 52 7 49 48 64 10 60 86 
43 92 82 2 59 13 61 91 100 27 18 2 99 83 46 35 19 0 79 74 93 52 5 63 42 91 97 68 11 50 15 46 30 14 27 57 54 42 83 63 39 59 74 
38 23 28 21 32 81 10 66 0 32 82 82 70 59 22 75 22 75 3 86 91 34 10 90 18 55 31 43 27 21 25 79 53 7 71 72 76 42 3 30 71 91 54 
73 87 66 95 80 47 19 98 26 47 83 43 60 54 43 93 16 25 49 86 30 66 74 62 88 74 17 41 61 37 37 55 44 24 66 28 42 13 16 51 78 86 77 
34 99 11 14 36 50 84 14 0 39 100 30 8 69 12 55 74 26 9 34 61 99 55 72 15 32 24 15 5 36 17 59 33 34 88 51 73 50 69 17 99 84 97 
77 65 84 78 7 46 35 24 25 52 11 36 71 44 89 98 99 80 83 30 10 17 29 16 6 72 67 76 43 77 26 74 30 82 37 96 85 33 73 33 33 52 55 
30 55 3 85 5 21 2 91 64 78 64 30 48 9 66 70 53 55 43 78 64 95 31 43 64 17 44 76 72 69 99 69 76 49 13 30 30 93 55 68 61 97 95 
48 84 47 46 63 95 37 51 22 56 22 84 15 7 86 38 80 38 69 16 34 49 1 57 82 40 25 3 80 28 69 29 75 43 33 2 40 21 6 54 34 47 3 
