103694 108068 111135 100193 108199 92081 90674 96665 95180 90076 103270 109083 102965 135048 101082 95635 109612 97919 108457 111578 104248 93032 108405 103319 76710 97253 88391 109371 99933 107445 81187 107458 104309 100313 102380 95341 100279 105153 78266 101328 97685 112571 100069 
116910 120095 121717 129065 130667 104056 108598 101281 109899 100059 127124 125842 111554 151975 104999 112886 118238 113825 109862 127315 121836 107517 127089 122016 96329 105993 102100 114875 120577 123445 90588 113501 114835 106951 118956 108606 121519 117646 99800 117813 121172 126931 115288 
86452 106425 104025 103259 111477 96272 86063 85072 94801 87096 102232 110817 96798 137464 86000 106004 95123 103645 92162 102120 95319 105631 98331 97811 73627 91734 85710 85665 98515 105186 75782 84025 105556 95507 90244 88965 103415 96284 86265 109622 99339 96674 102943 
114240 119535 123734 122202 134653 112146 108261 108304 116647 104969 127928 130787 106584 151118 114469 120837 132105 122828 118622 130559 114174 105348 123074 121669 91303 108104 108841 113434 118342 124262 93613 107390 121591 119282 124995 107327 125542 121001 95312 131093 113976 131027 126579 
114268 121128 127257 122705 137321 117840 109825 119109 105364 102031 129249 123539 110411 157505 113433 132893 127554 124943 124944 119508 118879 122951 123501 121210 87766 106855 113607 121313 126862 128951 87872 109681 120096 117926 117417 106024 121635 135480 96878 120985 124224 133471 118252 
111832 112571 128042 112518 133506 110956 105314 111160 111738 102470 123962 112794 103387 153200 103481 119863 117126 115155 106514 122874 105520 114095 111652 106988 94018 111142 112012 107492 118727 116028 89471 99071 109756 116988 118168 109570 118221 116762 97755 121224 111310 129232 119984 
79090 91005 91804 93556 97058 85841 84910 77088 84041 66737 83582 95976 69248 118180 77130 80543 87941 89313 87380 85968 85761 92116 93157 95614 66855 88689 80118 85138 90565 95739 63478 78176 88273 77773 76342 67886 88730 85521 65939 82617 83690 91141 79428 
101583 107404 98649 90913 106434 103161 85457 106783 88715 88823 107875 114172 93467 135503 100459 99817 111903 103421 98732 107883 96597 96935 100943 110307 89436 93162 97998 101080 106308 109314 76734 90860 114874 106653 95695 93570 119022 104393 79387 105663 108395 113327 99744 
102601 108012 128147 114735 126289 107115 98790 104929 113832 94336 116856 124197 103469 150873 99007 119709 112925 118109 101829 123877 107488 103902 112908 112627 87120 108035 109664 97642 111903 110513 81447 89755 106302 108872 113517 107745 111269 105505 92285 115486 116246 122695 104649 
87381 90141 100633 90988 102748 90095 89109 101941 91300 84074 97161 108487 91683 128362 89623 99297 99888 102621 83950 101410 89294 85635 95419 102056 76322 82068 86447 95137 100271 105095 75654 93083 90380 96307 90207 88751 106950 101492 67592 97311 101732 106141 96890 
90724 99020 107125 105481 116583 89380 86820 87404 92722 85678 101142 110868 93742 132641 90611 96921 111058 96860 96796 107927 104930 95424 109714 99039 81431 96245 91365 92490 105178 112259 73527 92279 96797 92419 102841 86735 107791 106993 75103 90569 104041 105948 94648 
105994 108882 124659 114756 130349 109880 96992 119872 110075 94963 116473 128126 110696 156375 108956 118773 122207 120817 111541 114074 117021 114404 110666 126495 101046 105533 113978 115521 122330 123542 88614 110271 111695 110103 102243 103359 123343 121425 89983 116413 116918 124963 111706 
95945 100924 102887 111863 114545 101007 81157 94618 96534 90539 108446 111400 94158 136285 89749 96203 111773 104203 98784 102437 95883 93000 111431 96858 77750 90216 98859 95769 107544 98250 74932 89721 94262 88915 102814 87382 104903 103389 79185 106909 109276 110239 93938 
109432 115254 107772 119818 117846 100944 94875 93915 100753 87402 121016 128885 115177 135658 97120 106158 116457 115298 100660 102867 121061 107066 108699 113118 91609 87659 98982 103679 109470 114124 77732 105970 109141 97899 101703 98175 112907 116015 90145 109501 127375 121354 99315 
104039 115649 116251 105556 119254 93683 89641 99835 98973 88101 113315 121007 104846 134777 106834 114893 117292 97504 104143 118403 108371 106102 113462 112346 95524 96854 91243 107911 114412 113831 88650 112086 112579 105555 119853 104711 125252 112382 88297 109576 108926 112513 115918 
88664 105185 100960 101993 101360 89264 85459 79019 94175 76742 104948 112338 89361 125535 88305 92774 96880 89608 89030 106420 101378 87427 98384 106575 80934 93257 85914 88242 96762 98680 69954 82708 90529 89083 97635 93093 103225 90622 79683 97161 98249 97601 90869 
86418 96783 108496 111206 111501 89261 92838 90948 91196 73846 108649 111663 99684 141251 90455 102596 97095 86132 99190 101104 104808 99705 110136 109818 88757 94831 91816 95921 100596 101753 74456 97893 100373 98355 94550 87368 106712 103832 69807 99530 99148 106359 93991 
95810 97593 94621 110717 108900 87438 87285 102378 105146 87775 99457 105329 95904 131950 91106 109561 108663 97330 93092 102087 99593 94536 104266 105751 76218 85856 97341 93289 106750 108903 75962 97735 110256 98398 96495 82015 110582 99528 75078 102519 97630 107647 91121 
84858 99364 104738 118896 113702 90839 72062 90258 106349 82008 99074 116255 92081 131188 92011 107004 107124 97511 97682 108820 105785 92322 101583 111253 86173 94513 99777 97987 109599 101918 73076 82299 95134 98507 102703 91523 105698 100022 78716 101065 96945 100964 92495 
120177 124304 128506 122612 142970 106781 99149 103415 108995 105660 138846 126900 122833 162336 123084 127233 130952 114214 121956 123050 128923 118040 125119 126713 109659 112474 113236 121681 115345 121087 97617 120796 116156 121950 128446 109897 124784 135610 105945 125904 123482 131833 129911 
123293 130011 133754 142903 154302 124507 113244 120904 129337 115196 135874 133730 118682 187330 116782 141051 138300 126835 125757 145424 129821 121229 130887 133633 98928 125632 114012 133003 133079 137051 101680 122800 132807 136135 129474 118975 131458 131098 110386 133533 129371 145927 128385 
118920 126297 131590 130165 135621 108032 106324 123059 112486 109270 120740 139994 123907 162528 118742 127296 135694 116151 125844 125299 129405 118224 131790 129699 93320 107071 110791 125203 134974 136168 88952 120198 131294 107942 124673 115004 130887 126657 109927 119845 127301 130560 113533 
112763 125610 121432 114643 124703 103022 109435 106134 108423 89511 114234 127624 116060 141945 102719 114013 117641 113071 111143 109019 116740 107560 120211 118060 101555 114391 95516 105752 123366 123378 83306 109282 118265 113020 109314 109087 121566 111420 91590 107391 111186 126688 108295 
92847 95143 97786 96281 99046 86159 81106 89320 89657 68082 92774 94412 80951 114210 79533 96157 100428 97293 88410 85260 89299 83462 95522 84618 61577 83291 84263 79942 82816 86314 70056 87920 95189 78361 85611 88215 98459 93360 70796 80349 101664 107390 88997 
98930 106209 100600 100796 113237 86575 99230 85350 101850 82374 111015 115753 103648 133639 93540 103419 101179 92218 95736 103392 107263 93253 90775 106753 93232 92920 96903 99718 104536 106461 78314 95795 103152 106557 99226 96645 103076 106507 74556 103066 99670 114013 99706 
110841 121473 107739 105256 113588 91619 106538 93321 110936 90464 109706 119841 103335 136794 90580 109640 104557 114134 92575 110294 102185 104220 112844 113457 80722 91029 104748 97091 111231 117518 79481 97201 106497 94847 103202 92297 111507 104896 88880 111370 112138 116904 108963 
109053 109542 126439 110489 128774 102840 103563 101730 103215 89287 119683 123031 102807 155039 99883 104844 115464 107262 104702 130443 110254 119323 115430 110483 90585 96521 118303 117835 118103 106832 88285 103533 109613 96134 108700 102024 102191 113265 93795 102181 124229 122546 111449 
97636 86859 101907 90582 102215 86936 74319 82193 89407 71073 99407 90981 84290 121883 78410 90032 96083 90745 81826 102911 93885 88861 84323 95843 83131 89713 91337 89573 92938 83138 70644 94863 84290 95957 92238 84502 94659 84415 65047 99097 87359 104470 87593 
112814 120202 120421 127875 126503 101204 104833 97482 106482 92928 114652 121721 112623 151609 93470 108963 116590 109126 104368 107185 110984 110704 115220 113233 86115 94793 98241 106230 106417 109326 81392 110522 109559 98406 101195 101515 112860 107537 93695 111879 114871 122096 110875 
91515 101589 103268 101732 103206 84825 81958 82034 101986 86256 93614 110648 78591 120958 97779 91444 112177 102734 83975 104187 96344 90678 98423 98925 71130 85020 92429 95030 94583 97065 79369 84505 100503 87135 98855 80749 105242 98462 80127 95169 101791 102883 103526 
97755 111333 103296 97071 109975 85551 100406 90749 98407 82538 99865 108188 100126 122300 93403 101812 103529 90344 100245 102288 109539 91947 94722 101721 87274 94365 90364 96171 91442 98962 78994 88845 111825 90898 99394 95023 98559 98083 85930 99104 104229 114767 99691 
113920 120968 123117 118648 125534 121268 104463 113066 108623 95714 133742 129634 97414 152958 92987 113450 121823 114311 104276 134442 115584 109928 125779 113843 97575 109930 101638 115494 117955 114896 90470 111220 114981 106117 112623 111584 129673 116062 96449 118280 123048 118460 112848 
88564 101425 96639 105148 103658 83324 87234 81898 91901 77069 96365 110828 93207 123250 89669 87601 109553 85930 94707 93803 98344 82693 92678 101609 79840 88516 79894 94621 95402 101496 68341 85133 97665 97029 87134 81749 96722 86905 74113 92209 92057 107228 87776 
118255 135835 133746 132965 142908 123131 127503 117855 126268 108733 137440 146185 116732 171352 121382 135565 129434 125791 121642 134388 129407 134139 129342 132442 114258 121217 111106 124447 125971 142288 105874 117084 133945 129113 120972 114222 139137 137303 105070 134271 129120 128563 131588 
92579 108463 102545 116605 121164 95970 86092 96071 95569 98277 120315 106398 100714 136800 101957 109290 114637 92807 106103 113420 98353 90879 113236 97195 84420 88995 89350 100151 98638 104850 85198 102487 97821 106179 116180 99488 121820 118688 87756 111648 102989 110680 107698 
101633 97372 112554 100174 107574 91825 89740 92101 101092 91722 107150 110876 98373 130577 101937 104252 107148 97010 100912 112273 110231 99103 98283 105814 83349 93890 98259 102522 98458 100083 73440 96436 104649 95533 109965 93957 94910 110960 81008 106205 95698 101887 96727 
107593 118886 131131 115546 118538 101973 100739 105448 104636 99326 116632 125432 105955 150806 97204 116067 109860 102418 101029 126330 108540 100365 114750 109729 96885 112188 88650 101388 103654 119684 79445 94630 110115 100291 109967 112687 127335 107888 90364 110570 118326 115118 100528 
97632 108149 109543 97024 104407 90410 91149 92608 94014 80304 105115 119160 90132 123840 96580 103124 101109 95013 87370 104086 107400 96493 101618 108070 97126 91900 97287 104962 108734 106425 77369 90441 101830 93212 94015 91948 109178 110191 77720 90921 104816 99314 95574 
116232 119988 133378 120639 125172 104795 100242 109735 105894 93387 122262 136991 114606 157418 112194 128647 121248 113407 112176 125200 121177 115342 123708 128240 104392 103886 110489 122761 123806 122292 88864 106952 115125 112559 123036 113484 125831 120616 94348 117587 124109 120214 123448 
99661 99061 110788 114632 106441 88505 86671 90652 97195 83283 102721 113011 97095 127679 93289 99187 106560 98408 94007 99081 108283 89687 110208 105261 84911 92070 95957 97956 99485 102799 75153 87344 100895 87278 90461 81874 98206 97962 80811 102784 103548 105301 87338 
106372 121670 123499 118332 119787 105960 97478 109426 103917 93861 125545 116622 101221 155417 101903 120841 114718 108821 106780 107216 113415 107065 117636 117819 83004 110862 101637 115222 120770 115023 76483 97011 109138 112991 99641 98118 120157 119210 91063 112451 103675 122951 112619 
107195 109905 123975 120346 135663 108169 98120 113867 106391 101673 123874 116369 111568 154313 107647 125638 120769 122235 117054 120907 111768 119496 112235 121263 97120 100640 111192 114345 118440 119609 93620 109059 112829 113463 117341 107330 126107 122760 96248 128561 119707 123741 124301 
88820 95980 96717 89882 106822 83036 79448 80818 85515 78390 96527 98442 95082 124936 84229 93619 101113 87900 91269 102485 85961 83409 84603 103303 83969 88782 86188 94039 96070 95044 70666 84931 85806 94111 96561 85526 95263 82907 67016 99080 93716 103197 98798 
