128688 108177 89921 114010 117291 123604 95463 102321 117971 115287 109423 95700 103750 101297 106682 124094 122678 112333 88526 110016 96046 113869 108879 118009 114890 103459 100933 107215 103909 83981 105913 102458 90674 115371 114905 104914 118456 92096 126453 122431 116847 105906 111994 102288 91478 
134238 101464 101989 120177 115752 141757 112552 108268 124857 111365 114264 90018 108423 108709 114929 119305 128744 109229 96417 117050 103149 114420 108405 124089 135540 109880 113663 113561 101558 89631 114770 101976 95719 120090 115477 105477 114976 92254 119862 112267 121256 110165 133598 117107 97131 
139939 105164 111278 119991 113678 128211 120997 102134 132012 131625 127153 102177 107025 113714 107803 131243 126301 123569 92791 113176 124848 118690 106311 121711 135668 130357 123985 115811 116666 102710 107481 106886 98826 121876 138036 129893 131107 102096 122496 117368 122193 117264 135253 112320 97665 
132599 119188 111134 120055 117997 116751 106327 102352 125923 123536 120355 95998 107893 101588 106136 118217 128667 112331 86654 118530 95629 123108 109820 119340 137674 99928 104921 116149 105587 87370 108734 114170 97515 122154 125151 118448 125046 95589 116069 135858 119640 126128 118314 101470 91474 
144344 121505 114664 131468 113006 130308 112709 122291 141259 141324 120992 103743 105820 109091 109029 127856 131342 131445 104650 117172 98231 128113 128449 136713 148387 125140 116714 121077 111886 95464 118665 114725 103587 121476 130101 122883 138222 104051 120306 134073 112513 109781 128946 112581 115362 
166020 130716 122929 131874 136455 147949 124444 129123 145392 143429 145877 103443 131780 127940 127644 159607 157616 137803 110871 127569 119894 134912 121940 145277 145850 130462 130860 132480 124511 104023 122312 127897 107323 129297 139608 138942 151977 114207 145674 142364 143027 131415 144631 129617 118599 
115898 104106 90506 107448 100184 115427 101013 107384 110176 106687 100537 90663 95660 96194 87215 105125 115410 103964 83102 100361 92244 103530 97371 115667 121600 113383 97008 97924 83967 77762 98605 81214 85159 91251 114632 102453 108509 102518 103069 113060 110397 89280 108257 96548 97154 
141413 122437 108930 129221 128971 132278 114864 111368 132640 137113 115001 97615 103813 113990 103256 129262 140118 118636 105564 114262 103963 119779 120689 134575 136844 117992 114165 121048 112964 86977 115257 109068 88306 129451 136827 122369 128235 97885 132272 132985 123485 111342 128153 102423 101074 
127131 113402 97696 109027 113760 120323 106812 90991 126459 113825 113445 99084 100867 107907 103865 125689 125983 102031 84804 108220 93548 104882 110968 105838 122582 103379 95520 104864 102657 83120 96013 96510 95846 103373 119578 112097 132338 100262 112917 118376 108594 101592 114491 95410 93095 
143681 106621 107886 112105 113451 116091 104218 102973 119732 134015 121006 103715 104538 107940 108127 132713 109112 124844 86824 93688 108088 112079 97718 117844 111087 119994 107751 108408 99638 103629 107194 106467 87478 111287 133872 115507 123746 98456 124568 119755 116081 116399 116715 108845 97996 
142818 112346 107937 127020 124817 135365 117013 106841 132116 124651 120529 106158 114767 108775 115236 125127 130867 118283 101911 125549 105773 118328 120006 121977 142968 113103 117254 120306 109883 90006 112825 118224 99064 125211 124564 114978 135505 103464 120301 133780 120095 126670 125552 110312 103292 
125733 104854 96223 122780 99616 125981 104401 107719 125745 111642 103273 101167 95118 107095 96517 122388 129649 100105 98947 117673 100727 106250 102064 121176 136202 100290 104176 103056 102953 89517 109100 97763 97433 118954 120163 112389 115605 101095 107236 114295 113258 98740 121251 104122 98387 
119119 99038 86956 108309 109679 114845 94528 99111 114700 112464 103387 78443 92729 88596 93210 112118 126264 104237 76377 96830 94893 102413 96323 115409 115186 105760 100382 100524 105173 80832 95518 95691 89278 104667 115167 112368 105807 93028 109683 104062 113176 93493 111694 96312 85403 
136262 117744 100566 128645 108856 124458 108408 99426 128593 124246 115349 101550 95649 96033 94810 127428 121778 111327 99852 105405 104088 108844 115137 111483 121471 105389 100116 99613 108572 94370 109966 111201 102156 113958 119463 118892 127035 94563 117969 115476 105071 110365 129800 102521 101504 
155964 126419 125179 134382 127584 141987 135085 123013 140122 153357 133480 116409 121492 121310 121265 140741 145526 140301 99824 129429 125001 139168 129937 140837 147890 139168 132315 126584 122501 121132 129868 130787 108080 129240 151913 143970 140582 112228 140411 148931 142558 123853 142177 125523 115942 
106924 95868 78618 94866 98608 94540 81804 87054 97078 97741 94991 69085 87768 79179 84125 108622 98923 88722 82431 97668 78561 83913 86979 93632 108813 95180 79620 86404 79555 72137 76360 87212 78354 89160 99560 90263 102646 89158 100975 96556 96537 89493 104174 77287 80398 
121587 89997 85039 95894 89962 110715 92130 87501 101503 98905 97725 75254 82522 78225 100989 103762 90782 102783 79788 87400 79356 98993 90134 99645 90279 101851 93846 82506 87611 76032 84010 91672 78583 82096 92904 90396 102753 75366 106658 99947 84216 92629 95594 90308 75489 
123105 101209 106150 107336 103207 119319 99867 99598 125032 114019 112043 82998 93963 109825 98287 118107 125949 104426 89491 93459 95363 104546 96184 114654 121919 106793 115694 106758 102000 89314 96948 98753 83601 105193 111336 105077 121816 88864 112672 109614 109109 99650 113808 94983 91937 
131450 113645 112613 123241 112532 115327 107195 91681 127616 121946 112458 96615 98461 110061 104774 124762 116003 121439 89767 93216 97346 119029 106475 115026 124661 111520 107730 105578 106864 94331 102266 103474 91468 107509 125469 121535 132339 104643 127125 110367 114050 110842 116807 108169 107713 
135164 107363 101422 118904 99002 120852 101709 102705 118025 121285 113089 100902 99115 101048 106483 117462 123550 107018 93976 102336 96982 103146 110379 116972 118872 105947 102189 102701 104683 98028 109989 101410 96459 110893 122671 109127 124217 98606 116800 113555 108038 105160 113464 100988 98140 
127699 107472 98292 127355 100871 103314 96482 91502 114329 110613 100042 105724 84172 97359 100633 101734 110597 99186 89296 104591 99200 105027 107187 105992 117742 103590 106147 93644 86751 93530 107696 91803 88208 104758 107125 97194 112235 92187 107898 103920 103481 106837 106341 94793 91182 
132450 100173 104200 114711 111163 117071 102748 105964 112963 119643 110273 90709 102746 99998 103392 118342 130224 107953 92615 112596 102618 118328 105788 113468 126072 109914 116091 111828 95952 85165 98419 107026 85662 108016 110304 107174 130173 95441 124018 118030 114572 101595 112881 113143 104324 
139688 106059 97479 114551 109064 113570 101738 114543 121732 127025 116137 86966 104087 102513 103040 125623 130481 113845 88920 106411 105979 112496 108279 122727 121693 119419 115615 110339 95629 91744 117832 101834 96344 114466 125759 108145 126498 103292 120578 121577 122877 101399 117803 114773 99447 
117910 99591 109858 117944 112401 121347 100190 87412 120269 113430 102756 99581 83510 106949 101128 109847 119815 97548 99712 104015 101063 106104 98219 110677 117541 95958 102342 106914 94473 68210 100730 96676 85441 106675 107255 101592 117837 85815 115241 110578 104371 101233 107121 100764 98212 
135996 105787 110261 120576 114781 130861 116101 100340 124432 125959 111792 103792 102835 115714 103322 129347 133021 115494 106076 117730 106318 109283 101936 117245 131781 113535 119714 118108 110316 91025 105148 105079 87011 118731 119166 118312 133746 97758 123581 120049 113843 104143 121044 106469 100610 
148259 116152 114374 126703 121837 117598 120304 111634 125249 142960 111903 103513 121501 115205 118964 131130 141515 124105 104102 108093 104177 122652 111372 125058 143859 114018 128237 121532 111284 96422 109125 115915 104930 127035 135703 124083 137851 109506 125172 130369 121749 118746 115498 109888 110176 
133205 119944 99870 116830 103933 125310 98761 99280 126873 125615 116103 91498 105118 112608 97914 124820 127492 117943 86180 101994 105874 106196 112001 112482 117706 99688 105802 113688 107698 90830 107853 111357 100021 105889 120203 117715 127120 91354 110179 118917 106249 106614 108714 101693 98548 
125880 117651 111165 123760 108227 123400 107254 100915 126929 127960 115916 80711 97631 110057 105292 120930 131687 109982 93429 104307 98275 112386 102901 122733 124750 112419 111936 108125 113443 80325 107523 104688 90717 118185 118799 104667 125304 95094 122003 113373 122935 113916 118714 112264 88191 
120544 102908 95663 113030 90220 113541 101525 99523 117223 116952 109154 81812 96602 95507 92915 111361 120728 107368 95415 96196 91784 103720 103114 114093 116302 107188 103422 109929 95248 78794 107147 93386 87090 103507 105143 94409 124529 82523 104044 110933 108046 99857 113528 102779 93670 
112410 96102 85850 110496 83592 101632 85798 87622 112381 101413 95056 87640 80168 84329 77457 100765 117239 90603 84067 93549 76633 97820 97863 97620 116392 82936 91897 95794 82537 79584 94056 88763 82778 97450 96587 104216 102072 81923 91806 99717 87931 92139 104148 82625 80589 
147756 110292 105244 110869 113735 137597 109906 113616 123862 123056 124159 87680 119429 110726 114083 122228 139311 119287 94799 112409 97257 117421 106176 135232 133563 120073 113745 123476 110960 87121 117415 104755 87819 110163 124194 103029 134611 100397 122139 126672 128723 109873 124512 116979 107366 
140256 109836 115116 120223 108357 127007 104784 110317 126168 138821 108776 97577 119852 124775 115779 132424 133887 129146 100077 111834 107179 118432 106683 125445 143252 118434 121751 116050 103838 95299 104999 113180 95538 117229 126301 125697 123879 109887 123205 122519 118477 114790 122407 108486 115913 
127869 114368 98641 114754 116655 130651 112363 101979 121477 118925 119112 98654 106808 105678 103903 123408 132219 124278 98857 118426 99832 111601 120826 111181 130046 114104 97787 111279 109021 91637 106979 104052 93063 106172 117960 120852 136131 102311 126108 112655 114774 98012 121181 103365 104867 
142242 122918 107663 128696 122595 140042 118455 118159 133655 136232 131107 101524 119503 114528 120460 133843 139609 131922 99830 123304 108607 122804 121321 133518 141137 120504 118429 112749 114805 100400 111333 122549 98541 117495 133116 127115 129415 111506 127767 140215 131606 118036 135678 114416 104997 
122304 104957 98925 112476 105489 113950 102418 94672 121508 115220 111916 81211 97179 106470 94017 114590 120007 110558 91689 101862 108788 101717 99753 112910 121003 100051 99552 97004 108955 80433 102697 94588 86818 103348 116030 115727 121911 96896 106141 100040 107947 91763 114936 95927 98495 
134788 112401 105230 114975 95931 116150 105379 100495 117419 117363 105400 102184 100466 101335 92009 114355 115865 124591 100469 107049 100389 99884 101435 106589 130858 111060 113983 105510 96363 79927 101543 105864 84319 108889 120273 112261 124682 90770 103020 111108 99065 114067 116443 93699 95745 
132367 104050 102637 125757 104676 119584 109880 97896 124534 122235 114358 93670 91817 106289 96586 122538 125882 103516 91986 105935 110474 111464 105738 117370 114904 109584 111582 104849 96605 91609 115540 96863 83891 116462 124039 116834 117273 90787 121112 115564 111573 108293 115574 100381 86470 
125683 99789 108552 112852 104074 124556 104801 98733 125479 127764 115066 92205 101007 110170 100549 123772 127099 113146 91548 100069 95865 111082 100439 113761 126381 105072 99631 106221 106218 94271 109256 101574 89949 117841 121083 113985 121226 100508 117548 109470 117722 102561 124228 111516 98602 
141837 110727 118848 123621 127070 127519 112240 109388 128034 128902 133524 96671 117024 116893 118591 133820 133364 128079 105504 116569 114626 124613 107826 127621 136220 124689 126049 119993 109771 97533 116420 117605 90092 122205 129661 123835 134403 107154 136614 127562 140629 122841 135251 119691 103450 
151338 124555 114358 140873 131382 142198 126688 114895 134535 137598 140473 106517 116575 113227 119539 135513 143407 130262 99114 135290 119572 139542 127736 131629 146532 124941 121525 131066 116852 106268 133533 120038 106045 133405 136460 130864 141036 110413 134279 143314 138361 132546 143165 125350 102744 
124290 113401 105675 123867 112854 113971 106918 100224 123743 116003 112573 92409 94175 104636 99963 116884 117762 109434 103443 105784 100644 106777 103737 126660 129935 106685 111581 102489 106673 87026 98397 104820 79110 114668 122579 114133 118795 95663 117210 111157 121398 110981 123442 99591 94646 
144893 112393 119792 121854 124936 126163 117341 112212 137053 130595 124028 102893 109783 122815 115398 129940 133910 107413 103425 108615 108252 116659 111644 137172 138539 116319 118079 116920 103396 89749 106923 103740 100222 125768 135798 126001 133478 110746 128231 127620 128292 122297 132042 114608 109205 
131212 101552 109661 118334 105111 122171 111591 105169 128182 119796 113049 103170 100188 102472 99651 119724 115486 118004 92992 105933 106701 111104 96738 108588 128728 116001 118276 102220 94029 94675 110914 109481 88267 117393 122102 113288 118020 89721 112265 121616 103850 110348 114128 100329 93719 
140834 121689 113982 126264 114493 122359 128044 101712 135436 135445 125197 107178 116492 110687 110665 126786 135240 120985 99870 120608 108596 121647 113464 120099 143249 121484 116157 116770 123054 99671 119173 109547 105613 119757 134425 124724 146672 102374 114469 131173 123190 113532 131521 109487 98562 
124749 99397 100085 104383 94839 115292 95506 105846 117207 122084 110545 90922 93290 99953 92329 114021 114491 112835 79979 97732 94839 110172 99992 119358 118800 112473 102244 103447 89555 83792 101098 103655 86937 91891 111061 106634 117529 95658 106017 120446 110879 89415 104578 109829 114249 
