32 -18 32 84 3 -38 -29 89 -30 -11 26 -5 35 -39 -18 3 23 -22 56 9 -33 23 5 -23 42 -23 -5 -22 76 6 -52 28 35 34 -55 1 -21 15 -6 27 -45 -6 31 -71 32 34 22 
29 10 -27 17 -61 54 -44 23 63 4 -4 -22 -19 4 13 -17 26 46 16 24 -77 -33 6 35 -42 9 -24 -25 7 -28 38 -49 -20 17 -48 -71 -7 -8 75 51 27 79 -1 13 -29 60 -41 
5 -68 -50 56 -40 -48 -12 -38 67 40 18 75 51 87 88 -25 12 -27 -8 -89 -10 11 -21 17 -23 -59 51 -37 19 -69 18 -68 37 19 18 38 -68 -2 -17 -78 -17 -16 30 -15 39 -22 93 
6 -14 -91 16 26 84 29 -47 -35 -60 21 -4 -22 26 -51 -4 -50 -49 -5 -69 -89 -45 6 -41 -40 -13 21 -6 -3 -59 9 70 -94 -8 78 -61 -20 -27 -78 8 -25 36 11 74 44 -24 -29 
-44 2 73 -64 49 47 38 -77 -7 -35 -19 20 7 23 43 25 -73 63 48 43 43 -83 25 -76 -64 -6 -56 1 44 26 -12 82 14 -12 34 35 -79 -45 -17 -19 -47 -47 -27 -10 8 14 -83 
-28 37 -16 56 2 88 -8 27 16 73 15 -33 21 -18 -56 -1 -19 13 47 2 -74 -66 9 -14 7 -16 -45 43 50 14 -37 47 51 -5 -50 -82 25 12 33 31 -63 83 47 48 32 20 43 
-57 -84 -3 -83 -7 81 -2 -94 -94 -33 47 -43 33 -75 49 31 -11 -24 -86 50 50 52 -14 21 -71 96 -47 66 52 32 -36 0 -71 16 1 61 83 13 -58 -53 -44 40 -48 19 51 -87 -34 
-8 -88 13 84 -87 -60 -44 24 12 -2 -54 52 9 54 28 -12 -47 -48 -46 9 -3 80 -39 -87 -19 -36 51 88 35 75 -10 60 -30 -49 -50 -31 -40 2 32 32 36 -53 49 26 10 45 97 
47 59 67 -71 1 -70 -42 60 12 -32 -3 -40 37 29 38 60 59 -80 0 46 -12 -22 -13 -41 -26 17 -25 80 19 -20 -26 8 3 -53 -14 4 68 -2 -51 14 20 -40 -37 74 46 6 37 
31 -61 -6 3 74 14 27 39 -2 1 60 -37 38 -85 64 20 29 -22 -8 -18 45 41 -11 9 35 -33 47 18 14 43 58 53 -69 -26 51 -30 -21 58 -18 7 -46 0 -83 48 -4 -39 -12 
-10 -65 78 14 54 -26 -86 -60 -7 -41 -74 7 -40 27 -23 2 35 15 -11 -73 2 -8 -25 21 -48 27 46 43 -23 -16 -5 11 -1 -14 55 -32 -31 80 18 21 -10 11 26 84 -69 -62 -69 
5 -11 65 -60 2 -15 -72 -22 -86 -2 56 -17 34 -96 -13 -36 32 -29 -1 -23 41 -31 -35 -28 52 65 41 -36 -20 -1 -38 -73 8 68 49 -50 -31 -8 -19 0 45 5 34 -2 20 -83 13 
-72 -26 4 -46 37 8 21 -15 -56 -62 -5 20 53 -28 -36 -5 63 12 -68 -12 -38 -11 59 -14 -4 -20 1 -51 -54 -34 23 31 80 9 17 14 60 -54 25 64 49 16 -22 32 34 19 -84 
-56 -6 -54 17 20 50 44 36 70 20 -70 -40 -19 41 -39 12 -21 41 -13 59 -39 9 55 87 33 -14 -28 0 47 -79 92 -12 -2 -37 22 -31 -24 28 9 52 3 -54 11 -1 -74 -62 -67 
52 -22 -35 12 -27 20 83 -39 9 59 24 23 -23 57 -83 -18 56 35 -65 -41 -23 -71 -29 22 -26 36 23 8 1 38 65 -8 8 3 59 39 41 -13 -53 -20 -69 21 88 74 56 2 13 
66 51 21 -2 44 54 -23 80 31 -38 -9 -49 9 -25 38 -14 60 11 -69 20 68 -5 12 12 -14 37 2 -16 49 21 24 -11 -58 15 1 11 -21 50 10 23 35 2 19 12 98 66 -12 
18 21 0 9 -73 -85 1 87 31 -10 -43 -42 -36 -10 -65 5 46 62 -47 53 8 20 -57 -62 7 -67 8 88 -27 -54 1 0 -43 -10 19 -2 -69 2 37 -27 -33 29 -70 57 -13 -30 66 
19 18 -6 3 -4 -22 90 51 86 86 -46 -50 63 -22 -60 19 -5 5 -29 61 -20 -10 22 52 -63 34 78 -66 -18 15 13 -83 38 35 58 40 -20 30 -73 26 -33 -23 -82 20 34 79 -46 
24 16 -46 66 54 16 45 16 -47 46 56 -50 16 -60 -16 92 -1 -26 -43 -47 -2 -61 -11 31 51 -61 -19 -23 -41 10 -24 49 16 25 28 46 -19 34 -52 3 -17 57 45 -8 30 33 32 
46 33 -39 -8 10 30 26 -48 13 40 -9 69 -33 88 41 0 85 44 9 -42 55 38 54 -51 40 38 -36 -11 -1 12 -7 -34 46 -42 -28 6 8 -24 -12 63 36 13 63 29 -7 -66 -9 
-10 69 37 10 -9 -26 -4 -11 -26 -13 -69 -31 11 68 -42 4 -27 19 59 31 45 61 6 30 -21 3 -31 -53 -8 -12 -92 15 29 7 -66 4 75 -76 -68 -33 -28 16 -6 -15 -43 9 -1 
56 -1 6 -47 13 -39 11 -59 -14 20 -7 -9 74 80 0 25 20 3 49 39 0 55 -22 0 -67 -51 37 61 25 -17 -20 -71 -27 -10 81 -43 6 -26 9 -16 15 -34 63 66 82 -33 73 
-10 -16 -74 -31 -22 35 -28 0 -5 45 12 -26 85 -26 12 -61 35 -78 -19 42 -15 -51 59 6 -53 54 43 3 20 33 10 -75 41 33 -63 -25 -33 42 -10 -62 -20 90 50 69 -51 -72 16 
-23 -7 -47 33 36 -14 0 83 -23 -10 41 42 -4 38 0 -53 -82 -16 -25 27 14 -85 27 -30 -31 -45 16 3 -79 42 -35 75 -15 -28 15 -50 -32 13 -16 -17 -11 -4 -8 52 -18 -3 62 
-2 -48 43 -52 4 -58 4 69 -41 -64 -59 73 40 -34 62 8 -6 5 1 -3 -10 14 19 72 -61 -26 4 22 10 56 -33 -55 8 14 -77 -29 -41 -54 -31 64 0 -30 -9 -29 -59 5 33 
-11 74 -19 -53 39 -18 7 56 56 2 -27 20 -54 80 43 40 -43 83 87 -21 38 -40 -9 -70 -38 -8 -13 52 32 51 8 -12 57 -32 5 -77 1 47 51 0 -37 41 -52 72 -15 10 33 
-32 -75 42 9 74 77 -35 25 13 -12 -73 51 6 53 -7 -8 26 -8 -6 -51 -9 21 -5 45 7 42 61 -8 -46 41 36 -58 -30 -42 1 -39 40 -33 50 25 -43 -6 -1 -52 30 -38 62 
-15 7 -52 59 -37 40 -69 -6 -68 6 -16 6 29 23 73 -24 12 -32 -24 55 -26 14 -7 53 31 -30 55 -78 9 -31 -12 22 -53 -15 -57 47 -53 16 -34 61 83 -9 -16 22 -19 18 -22 
-3 -20 -7 -79 0 -58 -50 -85 15 53 23 -9 1 36 25 14 -21 -79 -67 25 -35 78 76 -6 39 -34 19 68 21 54 -52 -95 -27 -85 22 48 -26 6 74 -45 11 -50 -22 -24 72 30 -31 
-3 10 70 -17 -8 -8 49 88 28 -32 -29 58 -3 14 42 -28 -72 -60 69 8 -29 66 42 14 -13 21 81 20 12 -9 -8 49 12 -32 41 5 54 -3 33 36 13 -7 66 69 -19 -58 11 
20 48 -41 74 -67 -45 -4 26 3 66 -46 -60 -48 -14 -10 17 11 -58 67 13 2 45 -51 9 39 -39 89 -6 -51 -43 4 -30 -80 24 -11 54 8 -33 -29 -62 38 -44 25 14 -10 -71 -72 
56 -15 82 45 70 50 -12 31 1 -16 5 24 -11 -1 -44 -21 8 53 -90 46 13 60 34 2 3 1 -11 77 51 9 7 -50 -13 -53 -44 -71 41 62 -16 -43 5 24 31 -73 35 45 28 
6 -28 62 -13 0 -6 25 -40 91 -22 27 -32 -44 37 -25 62 49 -10 -11 67 11 -4 38 14 6 -76 10 16 2 -6 -58 16 15 34 14 29 -13 -6 -53 39 -15 52 31 -68 -42 21 -48 
-21 10 28 -27 70 2 -48 7 -9 -49 -81 4 -28 -6 19 -2 -63 -27 -54 63 -50 -6 2 41 -12 30 69 56 3 53 30 -52 -58 14 41 -38 -79 9 -40 51 43 -43 -1 -7 66 -18 31 
14 42 -70 -11 8 28 55 41 38 24 4 59 55 -20 18 -27 -22 -27 -3 -75 24 88 -53 32 33 -33 -27 -53 4 21 -74 -70 -25 35 -72 38 85 -84 20 -37 5 -50 30 -35 61 44 2 
-27 84 -7 75 -64 64 -19 11 15 -53 -20 30 -61 -40 17 -68 -25 -48 -41 27 63 -39 73 80 1 -16 43 -33 -54 24 -8 -40 -41 -2 -33 -19 -16 0 -39 -29 41 -6 -3 37 -17 34 -38 
-32 -18 -84 39 28 24 19 9 -77 -2 -17 -55 34 -40 8 -14 3 2 27 12 -17 -38 21 56 13 4 -2 64 39 9 -50 53 27 -1 67 6 -27 19 -1 -25 -36 5 24 0 4 43 11 
-16 29 -38 -19 -59 4 -42 -7 -17 53 -13 -43 -26 26 21 -5 -18 -65 -44 87 0 80 -7 -12 28 8 -34 -10 1 -45 34 -4 -63 -47 18 25 6 -81 18 -39 -57 1 33 25 74 70 26 
40 52 -3 31 -18 43 -63 15 30 52 -2 6 5 -44 62 8 -11 -51 -33 21 -8 19 -18 45 -38 43 -78 -19 4 74 -56 4 11 -49 -18 19 30 -29 30 39 3 -36 47 -15 -50 4 6 
-1 24 41 43 52 94 90 3 -24 25 0 64 14 -71 25 29 -47 5 48 -18 13 73 -17 -38 73 10 47 -5 2 18 -6 -14 6 54 42 7 17 23 -31 92 -36 34 27 46 -42 -14 25 
-2 88 -24 13 -14 87 43 34 22 9 17 17 21 3 4 -32 -8 48 52 -46 -16 28 -64 42 -2 -22 -9 -34 -33 -16 15 29 -2 -62 -53 15 44 -53 28 -83 -15 -8 65 3 -63 -12 -40 
14 31 38 37 -36 33 51 -33 41 -44 -45 65 -13 -43 -37 30 -95 -3 -74 -19 -1 33 -18 -85 43 1 -24 4 28 -4 1 13 -10 -42 65 51 -31 -46 -35 -37 46 95 72 -16 20 -63 37 
56 -66 19 -36 -40 -70 39 55 -23 -40 -59 -23 -65 -3 -32 -35 -6 40 -12 63 -4 36 77 7 36 9 10 6 -69 16 -13 61 50 75 -30 27 15 -50 -44 21 23 -6 38 5 37 70 40 
-43 35 74 1 -47 -56 39 -58 80 -67 -48 92 0 -82 -25 49 -26 -23 -66 -23 2 -15 -12 33 46 -55 62 33 -49 13 -43 22 75 54 58 -34 22 37 -78 -31 -16 6 -35 34 -69 2 65 
38 0 -10 -7 -13 -23 -18 48 -66 -49 -7 27 -9 55 -36 -42 47 60 25 43 -87 2 -8 -55 -70 -26 -31 -27 40 40 15 -47 -53 -27 61 -36 -39 -14 27 -46 -40 11 75 -27 -16 -4 -3 
-13 43 13 -30 -13 24 -26 -30 -63 -22 -47 -33 74 -91 -13 2 -4 -4 54 -6 -18 14 -23 37 85 68 -51 1 73 8 -63 22 -55 -6 48 -13 20 18 -2 -19 40 4 -16 45 -17 60 -16 
28 -71 75 35 1 14 -82 38 -56 4 4 -55 -26 -47 -65 65 0 -2 -3 -3 -12 32 48 -45 -29 35 -29 -63 20 -64 -44 35 -35 -76 -35 25 61 -21 42 -37 -14 -89 -41 -44 42 -39 -7 
