130 96 72 88 29 72 37 105 48 159 68 171 89 73 90 141 77 126 114 9 163 177 151 121 56 31 57 140 78 62 62 44 69 84 79 193 153 101 74 63 57 94 33 99 90 120 134 
131 130 55 45 89 144 154 75 101 98 172 124 89 82 23 47 162 66 104 54 107 159 16 35 66 127 66 83 95 92 146 151 48 135 106 123 63 16 113 59 145 121 117 79 81 98 75 
169 96 110 124 66 114 146 120 85 68 146 109 127 105 108 107 16 147 134 105 92 65 45 159 81 87 87 81 53 91 52 122 127 133 162 68 128 50 179 100 25 114 134 109 49 68 107 
158 100 103 96 158 88 29 47 135 88 23 28 24 106 59 78 66 67 113 91 107 99 22 109 138 121 109 96 51 65 11 98 104 102 84 127 130 141 122 28 117 78 81 112 62 176 43 
136 150 117 90 129 125 126 103 149 121 105 170 101 63 125 139 125 117 134 83 129 91 27 116 126 62 122 77 152 74 108 90 102 72 48 77 117 61 175 59 99 137 45 176 14 158 99 
90 73 76 126 44 104 26 61 82 81 19 57 87 144 112 17 137 117 77 108 108 120 51 178 31 148 67 125 104 70 111 81 95 89 92 110 31 166 75 115 91 103 139 70 40 24 87 
113 92 141 85 111 119 124 94 96 143 81 85 125 75 109 51 179 48 114 102 60 102 178 63 87 100 135 128 92 98 70 178 93 20 79 75 91 111 122 113 90 54 84 57 115 103 124 
36 104 145 116 91 134 132 76 64 108 84 62 11 132 66 52 77 60 66 133 33 114 159 105 97 130 145 96 145 111 164 120 108 53 74 89 68 134 142 120 100 69 79 94 52 149 99 
121 93 105 125 81 76 144 102 58 150 169 160 59 75 96 120 85 82 84 66 128 86 133 57 70 135 69 92 83 164 142 38 147 143 34 60 112 194 57 16 50 108 53 86 122 72 139 
81 119 184 165 104 162 151 149 18 181 122 91 108 91 76 126 133 116 42 48 155 107 123 151 129 93 61 116 158 45 116 63 113 128 105 120 27 98 116 127 94 72 115 140 188 63 48 
72 117 116 154 126 136 100 74 95 135 78 155 52 173 97 108 155 17 159 89 50 104 121 29 140 75 110 141 49 158 13 109 107 28 95 36 143 90 120 45 68 59 80 92 105 76 87 
5 165 91 86 14 55 74 166 96 104 114 149 74 98 91 160 106 133 41 131 81 79 145 170 128 95 121 82 70 87 128 111 120 72 119 50 69 50 55 30 67 123 106 54 120 113 41 
120 88 70 114 145 52 103 25 74 78 127 88 103 158 106 63 133 20 120 150 146 139 135 78 120 172 21 111 58 102 143 155 98 93 171 64 110 104 79 72 57 172 82 104 42 21 102 
72 76 90 97 78 126 118 136 86 24 70 92 85 83 85 106 177 147 153 137 69 13 103 93 39 128 158 104 113 107 94 56 70 149 178 41 154 36 177 140 63 146 61 143 80 98 89 
52 82 129 20 51 130 91 79 61 59 114 121 49 137 105 126 138 99 127 117 29 77 57 166 30 42 113 134 43 152 93 170 48 123 95 65 135 71 61 36 79 167 108 90 122 54 111 
120 131 135 80 80 122 109 80 91 106 55 59 109 101 162 56 82 31 77 60 116 7 116 96 122 115 120 170 63 145 36 119 136 71 175 177 109 86 42 51 37 82 27 58 98 66 48 
170 61 114 73 75 85 89 111 91 172 149 134 128 82 129 121 110 108 149 59 60 124 97 138 91 99 130 110 39 94 67 102 147 130 59 124 77 28 117 143 95 65 84 75 41 110 116 
97 26 100 47 114 90 108 75 100 90 56 110 77 92 118 113 77 91 95 91 78 34 68 134 135 64 114 122 56 89 117 113 112 129 102 98 126 168 105 166 165 91 96 62 72 109 132 
124 130 118 108 130 36 95 82 103 128 98 146 134 108 132 96 83 64 149 93 142 137 187 135 137 73 39 43 59 188 172 129 128 81 82 102 37 114 84 61 137 69 109 72 148 87 82 
114 143 103 16 130 46 28 52 149 120 147 129 89 108 51 140 111 128 139 80 113 96 126 113 122 104 42 33 179 148 63 48 94 154 114 30 178 40 162 91 118 165 119 141 7 80 187 
148 119 123 136 81 136 118 109 160 123 77 149 25 74 58 128 71 125 123 65 55 63 156 112 171 117 41 129 16 88 100 37 105 27 74 104 109 120 114 53 86 180 62 69 117 129 93 
72 161 112 111 85 41 163 65 70 104 173 121 100 84 92 159 164 77 145 95 56 77 154 184 81 89 101 71 133 165 80 123 133 10 105 129 98 70 9 142 97 124 107 102 88 165 85 
86 24 120 65 58 125 48 82 191 141 32 172 103 34 60 125 59 116 129 104 81 139 59 74 85 140 59 65 118 85 106 101 81 145 125 163 133 44 32 120 64 100 104 113 61 122 50 
87 19 147 155 144 108 106 107 121 150 137 74 192 124 128 103 94 158 145 145 84 85 139 104 31 139 126 125 101 154 125 107 155 110 93 76 76 45 34 145 37 190 152 60 164 113 130 
20 58 111 92 56 102 148 109 73 112 115 125 58 48 88 88 16 141 195 177 22 64 151 124 97 32 126 38 20 114 91 61 138 142 99 65 51 92 49 64 22 64 155 33 83 57 95 
117 98 109 97 41 80 155 74 86 72 161 130 128 104 151 50 145 115 103 37 124 114 179 108 154 170 121 120 106 109 86 50 59 54 109 113 79 119 75 54 115 81 74 124 77 66 145 
68 97 94 157 98 81 63 119 141 60 75 61 174 133 77 154 72 186 84 79 85 21 23 115 125 98 75 16 110 89 54 142 110 130 91 47 156 95 150 117 145 118 191 84 170 38 84 
125 93 60 91 69 92 73 116 78 18 128 8 161 85 117 80 142 132 106 83 30 106 29 87 135 86 67 102 181 69 46 106 119 107 97 149 119 176 36 117 103 91 16 104 105 78 174 
3 86 151 99 158 128 106 105 15 93 129 83 127 58 95 104 95 109 87 117 71 78 120 106 79 90 55 96 57 90 112 95 101 103 46 108 124 6 88 141 129 128 36 92 128 134 169 
5 118 108 93 90 24 101 112 82 114 147 132 49 66 90 66 80 136 119 90 149 82 102 92 81 163 107 118 52 179 44 149 12 126 147 77 146 99 167 68 63 185 86 95 147 72 187 
146 58 45 108 97 55 166 70 81 76 90 108 58 176 186 145 171 134 93 103 60 135 53 9 111 123 109 136 117 61 70 154 118 120 65 116 24 73 51 118 114 124 155 90 50 95 122 
58 63 106 47 92 144 130 45 85 82 61 116 171 115 98 27 84 97 90 82 39 74 60 88 155 183 75 83 53 73 165 138 13 125 146 85 111 66 38 75 151 138 149 121 37 103 48 
156 116 116 119 60 172 93 64 109 148 55 46 130 87 25 66 61 164 53 91 97 6 120 48 94 86 34 60 190 130 78 100 129 158 100 129 179 42 63 55 129 134 149 90 74 119 96 
25 46 78 131 102 116 90 23 187 89 93 30 134 66 175 72 129 77 88 73 66 192 62 117 66 52 69 84 3 87 66 124 114 26 53 144 83 39 108 139 87 47 151 123 134 28 151 
60 130 74 161 26 124 75 73 156 68 188 129 95 180 20 67 144 163 159 111 132 106 69 164 161 131 55 77 82 121 76 126 103 109 120 82 105 104 146 153 111 144 82 153 93 148 136 
157 88 79 107 126 66 137 47 27 87 58 48 105 68 175 104 29 114 129 35 77 101 91 116 127 44 91 51 124 88 110 96 135 2 121 169 140 186 61 129 49 104 15 129 91 86 84 
108 118 110 49 170 90 21 143 91 148 149 67 44 94 176 114 15 14 65 50 49 158 121 92 67 98 12 126 85 55 68 119 139 197 85 142 39 151 193 133 102 157 146 24 58 143 173 
18 31 80 83 89 116 156 29 67 91 45 125 26 82 149 77 112 101 96 91 192 98 77 74 130 132 164 170 141 89 100 126 99 63 64 101 24 99 150 65 115 145 77 143 106 118 54 
54 144 125 147 146 135 135 43 66 54 92 172 75 66 112 82 15 59 103 63 112 121 96 137 84 67 100 127 180 108 132 30 159 67 100 79 48 81 112 159 75 44 145 171 104 32 140 
61 118 43 81 120 100 98 69 176 113 156 108 24 85 59 109 107 187 82 78 161 77 105 102 103 148 147 109 110 154 166 164 14 66 94 183 171 31 91 100 106 156 79 50 72 122 29 
162 96 140 105 106 105 63 74 36 39 105 105 109 117 26 100 90 120 132 82 80 66 66 122 16 56 157 40 33 174 59 83 70 84 137 43 50 115 172 105 117 50 111 75 91 102 50 
172 43 38 109 100 59 117 65 45 46 75 115 77 107 87 102 103 131 104 21 29 33 100 87 143 83 152 20 80 170 181 15 98 92 133 103 159 68 165 105 90 99 102 60 112 115 109 
120 112 81 150 116 80 141 115 51 128 131 91 133 9 164 79 184 68 48 119 158 154 97 133 54 105 86 82 107 96 47 117 60 125 134 163 79 114 70 151 145 74 132 75 69 128 160 
45 39 84 89 91 108 53 128 104 93 110 106 178 106 131 89 130 125 70 165 90 79 142 73 100 103 122 135 71 155 135 152 123 54 68 94 160 109 94 47 160 108 41 126 115 56 105 
114 66 132 147 113 139 166 112 116 101 145 163 109 141 62 68 63 110 67 101 93 36 34 75 92 146 129 53 54 154 75 97 139 171 129 116 89 78 121 142 140 61 93 143 102 162 117 
113 147 55 88 145 162 144 128 103 120 103 145 92 97 103 134 58 186 114 172 30 96 159 117 115 74 137 189 73 46 117 80 145 78 82 23 76 158 196 59 156 30 178 155 145 112 66 
112 125 121 35 129 138 88 122 66 34 92 77 88 109 133 91 96 72 177 183 118 110 112 55 135 97 49 99 174 66 144 151 59 82 109 139 67 75 118 95 134 93 133 140 152 91 161 
