21 1 22 90 100 1 20 29 32 66 7 91 75 88 27 88 99 63 87 8 22 15 12 48 5 71 25 57 56 88 70 55 34 41 20 70 74 11 1 68 13 23 40 7 87 30 29 10 
56 31 85 24 51 25 93 40 96 66 99 35 98 84 15 1 68 8 57 44 0 100 82 22 7 1 2 18 34 34 12 4 15 4 19 87 47 20 27 95 18 62 85 32 12 78 63 9 
32 76 73 47 100 73 91 75 52 66 1 47 62 9 33 34 91 13 5 44 41 56 43 66 48 76 56 80 84 98 85 77 100 66 71 45 6 45 68 93 45 96 79 75 7 40 15 98 
43 68 0 65 13 87 62 14 8 80 20 79 66 0 71 47 75 89 94 23 25 91 89 97 79 99 2 72 2 97 42 13 36 11 88 85 81 18 100 76 50 71 7 30 90 38 23 47 
92 82 77 50 89 94 46 73 4 0 8 72 8 70 2 99 20 52 73 68 25 19 2 47 53 14 93 49 13 72 25 90 75 23 35 88 87 27 39 48 57 87 63 66 44 70 6 21 
47 36 82 32 16 15 79 57 21 5 16 29 42 81 5 19 23 82 3 53 93 49 56 27 13 10 36 79 49 70 24 9 91 67 46 27 8 30 34 8 50 72 83 5 49 32 27 30 
70 85 47 30 96 74 46 71 93 61 51 90 70 97 54 61 48 38 26 3 11 2 62 58 2 77 11 10 24 66 1 31 4 0 76 52 62 59 90 77 88 86 61 85 28 84 81 17 
39 80 67 100 62 95 82 83 15 79 39 42 51 84 30 67 47 82 46 59 46 65 66 60 82 61 6 65 67 99 44 83 94 91 84 43 20 85 38 95 84 96 81 1 28 98 53 46 
8 1 29 96 69 17 80 26 78 41 55 41 93 75 46 1 51 76 93 7 25 77 92 71 81 16 97 71 92 99 52 63 81 86 19 92 58 88 57 68 91 49 39 72 6 63 24 49 
51 34 37 28 44 100 9 22 73 100 48 82 37 70 4 97 71 40 24 98 100 51 25 76 7 70 60 35 66 31 22 14 52 74 86 73 32 71 18 23 68 66 6 60 48 77 43 48 
64 43 83 7 39 100 13 52 11 59 56 58 71 35 100 96 17 60 83 62 25 23 16 86 86 70 53 55 38 80 69 80 17 88 42 56 15 17 29 9 6 14 76 26 58 72 75 75 
42 9 63 86 36 21 84 18 45 15 19 76 44 57 34 83 58 1 64 84 63 100 8 21 37 39 2 12 60 74 81 42 14 68 63 42 49 50 11 62 94 52 82 73 85 77 11 23 
64 3 54 90 15 68 54 51 47 3 13 47 57 9 77 47 90 72 76 73 9 36 0 34 42 10 44 20 35 25 7 68 59 82 100 14 76 68 3 86 34 19 2 46 85 51 0 51 
62 94 82 91 71 74 7 93 53 36 10 62 87 100 51 21 20 89 27 59 77 47 66 8 11 55 66 82 96 8 87 0 39 33 93 39 92 16 0 51 91 16 46 87 36 68 77 86 
79 54 36 58 18 76 24 11 17 38 12 19 46 51 22 55 62 35 51 80 71 96 37 12 27 80 100 64 87 38 80 72 8 51 86 18 88 73 63 86 98 92 55 56 9 65 61 30 
33 44 75 42 16 4 64 40 59 35 58 86 78 84 97 21 79 18 43 46 48 38 41 20 33 79 20 19 38 66 10 44 42 96 99 22 89 36 45 13 42 43 21 0 6 68 2 8 
68 98 32 16 28 16 11 46 37 77 10 100 57 60 27 0 97 21 6 6 2 13 23 29 20 22 39 31 45 73 61 87 24 57 77 89 58 57 53 11 12 62 44 66 45 85 21 64 
29 29 36 38 98 13 55 4 93 74 64 90 25 65 83 30 30 40 90 18 17 16 80 31 62 47 66 5 4 82 73 69 26 27 17 81 80 22 58 14 62 1 80 42 58 40 35 1 
30 43 68 71 32 55 73 17 49 60 98 46 18 22 75 25 65 89 58 54 44 38 92 2 25 83 47 0 80 93 25 100 74 54 62 81 13 61 12 21 69 36 84 78 8 72 83 64 
30 30 67 53 85 0 1 93 13 30 72 57 92 94 36 2 100 97 60 59 14 60 50 100 13 77 93 16 30 70 31 51 44 37 7 81 88 79 98 39 82 3 55 39 24 72 38 84 
33 33 95 91 71 38 75 45 98 9 6 83 46 85 30 49 34 88 54 95 84 56 46 81 74 77 38 14 29 84 2 0 14 88 83 45 1 4 66 10 53 79 89 58 14 29 19 89 
15 86 61 3 21 92 99 11 74 25 18 95 31 77 19 100 81 30 2 0 85 60 34 61 90 43 25 20 98 68 83 54 79 49 68 51 94 63 5 33 44 17 19 46 97 88 28 81 
46 79 19 93 85 91 5 52 91 42 43 17 13 43 10 92 19 3 18 1 10 22 100 65 47 14 69 62 97 64 89 82 70 82 78 53 85 81 38 34 37 33 3 64 31 94 79 0 
23 100 44 65 100 7 89 0 27 87 90 98 0 15 4 25 60 36 4 69 65 68 0 81 43 76 74 78 10 89 82 47 73 54 53 91 37 52 50 49 29 17 40 69 37 24 43 22 
98 55 18 86 7 17 76 36 41 54 31 96 10 12 32 72 93 60 0 16 76 24 17 25 92 72 20 58 19 3 66 24 82 9 25 60 27 93 95 74 24 65 62 0 78 70 31 83 
34 49 42 87 76 9 100 85 91 15 52 18 39 58 38 33 87 96 34 24 75 36 71 39 83 36 33 66 33 26 27 79 90 30 68 33 56 18 100 69 16 1 57 13 81 87 58 43 
91 67 53 22 75 44 33 42 0 87 77 17 71 47 29 85 82 34 62 29 70 6 32 56 23 43 34 44 78 40 86 27 15 14 70 4 12 22 95 96 24 69 100 45 49 60 54 71 
54 66 52 15 94 8 89 1 78 14 25 53 95 32 74 90 75 94 33 29 67 60 9 41 24 44 61 85 48 5 7 15 83 60 35 28 20 35 63 31 31 56 30 7 53 31 16 97 
44 0 69 70 82 52 34 99 18 9 79 98 47 82 98 66 26 39 82 89 68 91 45 44 80 80 96 42 75 88 51 12 14 32 52 62 55 4 30 49 0 24 95 80 61 51 5 37 
8 96 45 89 65 9 16 93 12 91 14 52 9 20 6 5 66 55 45 71 89 65 100 22 44 76 99 63 58 41 19 62 94 4 26 50 11 65 71 88 0 4 5 83 87 99 21 45 
99 100 20 4 60 93 55 35 38 20 53 6 12 47 1 44 10 66 4 79 63 56 6 26 36 37 55 43 77 56 97 33 14 37 39 38 1 11 70 40 25 2 31 32 14 80 77 51 
6 34 59 85 32 91 68 40 77 29 84 76 1 3 90 14 25 98 19 56 38 90 26 18 77 63 73 23 17 6 98 82 64 52 37 89 70 83 37 36 40 39 58 81 35 33 19 36 
47 43 41 99 98 45 73 19 66 79 67 17 70 37 62 98 36 92 53 92 58 16 28 31 72 6 44 14 16 92 83 70 50 9 68 55 10 82 46 31 48 61 26 10 49 51 21 19 
78 99 4 68 65 98 32 64 7 41 30 24 96 72 51 51 73 46 79 83 42 99 83 61 47 0 54 79 22 27 78 18 97 60 15 30 86 24 84 1 25 29 93 35 19 38 17 10 
7 68 60 72 29 89 80 92 92 33 6 85 74 32 46 34 31 54 78 97 21 40 76 62 93 50 99 74 43 7 17 78 93 93 24 58 79 27 23 2 83 94 84 72 7 28 70 68 
60 44 32 8 50 97 16 91 98 15 2 72 6 27 55 94 43 73 45 70 0 16 5 29 78 21 83 59 23 89 42 64 65 18 100 1 91 72 45 63 66 4 0 37 64 31 100 51 
57 57 82 77 68 36 85 74 45 81 66 98 51 85 27 4 29 83 75 20 41 38 50 63 17 14 15 32 35 0 81 28 60 44 3 99 53 50 45 65 21 44 89 27 3 88 84 13 
77 71 48 60 57 18 83 12 23 1 70 60 78 94 35 53 44 43 100 89 30 42 61 21 64 37 55 26 55 3 6 29 51 0 47 55 26 48 23 87 76 29 41 48 79 81 43 11 
37 25 84 33 98 71 4 13 61 62 14 99 97 14 92 66 70 5 60 68 56 18 60 55 99 52 60 97 30 9 27 67 80 47 28 84 45 82 61 79 92 98 30 20 6 58 36 83 
85 23 54 99 90 0 59 4 49 64 6 73 77 86 41 88 71 59 34 63 27 73 67 80 2 41 84 67 91 78 75 82 77 50 8 1 32 74 68 36 68 2 87 17 69 2 19 74 
70 45 11 94 6 36 58 19 23 4 86 44 98 64 34 61 61 20 0 81 97 85 95 78 25 48 26 71 71 72 75 61 66 70 0 37 93 32 93 64 28 27 77 68 16 77 13 52 
67 40 87 11 14 96 57 29 24 38 34 29 48 2 93 2 85 58 88 75 4 46 22 10 95 72 47 13 35 39 23 51 72 66 77 55 43 31 62 57 74 61 50 68 100 44 47 20 
88 42 34 20 79 97 20 87 7 71 86 21 27 35 69 74 94 41 63 35 17 24 12 35 17 70 36 45 32 21 4 10 77 4 60 83 56 24 83 64 20 17 6 91 82 54 83 98 
4 7 58 25 73 36 73 99 28 7 0 57 94 74 72 86 91 62 0 38 56 12 66 19 25 66 75 65 10 30 93 71 50 93 12 44 21 87 85 12 32 62 16 38 53 73 69 71 
6 87 88 62 69 84 97 69 93 57 78 31 55 63 87 64 91 85 56 44 35 74 95 100 28 69 49 66 7 60 6 2 84 1 20 55 89 80 52 81 14 38 80 49 46 55 62 81 
33 20 77 26 57 89 6 38 25 71 10 8 75 49 76 16 86 12 99 71 13 94 92 37 54 47 0 83 11 71 64 52 66 86 67 33 60 49 66 83 18 31 52 7 7 35 43 50 
44 40 2 14 82 96 14 21 31 76 21 54 64 59 6 5 66 80 50 8 10 40 61 32 15 35 94 88 93 33 27 15 48 82 61 39 92 19 32 75 65 98 27 50 49 11 35 37 
67 5 47 71 93 62 11 34 27 43 82 55 20 95 75 39 92 80 42 89 24 35 23 45 81 55 12 53 3 73 21 62 47 64 38 18 67 9 43 25 18 56 76 7 7 30 5 63 
