95 8 2 70 2 49 22 92 86 3 20 95 80 28 25 89 66 50 40 25 15 74 88 33 10 17 13 85 16 100 37 84 65 68 92 75 57 8 2 50 4 20 43 48 39 100 35 7 
34 12 2 28 42 23 30 62 47 75 40 83 41 26 33 14 63 27 96 97 37 40 92 74 63 52 63 15 43 57 83 17 79 62 12 86 51 43 6 36 34 71 19 29 30 17 91 40 
80 71 9 46 27 92 80 49 41 18 78 92 9 27 96 57 66 32 19 28 4 33 11 2 98 56 58 94 66 53 70 31 42 35 44 6 9 17 25 75 80 15 83 99 94 11 83 13 
14 3 91 0 15 96 92 8 20 17 65 55 29 45 14 61 71 63 94 86 5 12 77 13 59 42 87 28 30 57 77 42 71 6 5 92 18 71 57 3 69 56 67 54 9 44 25 48 
45 18 78 46 73 93 23 51 42 98 75 65 15 29 60 43 72 24 95 100 18 38 7 2 85 55 19 18 97 24 58 92 4 19 96 3 21 29 37 48 52 62 74 39 75 8 4 28 
25 94 69 29 89 54 78 73 45 62 75 86 100 74 42 80 48 0 33 18 95 13 12 94 81 61 3 50 78 81 69 38 35 1 20 39 24 90 54 64 69 53 16 55 66 67 80 73 
89 83 50 99 29 22 51 37 88 36 2 7 21 27 16 35 85 40 69 27 81 32 85 6 37 40 71 89 69 95 17 12 65 28 34 29 56 13 80 95 98 90 71 1 90 80 77 81 
74 70 74 87 39 49 75 28 80 36 31 49 92 50 57 37 18 58 77 7 33 44 49 42 57 98 68 29 53 80 46 46 24 76 59 44 27 45 58 80 27 34 59 95 61 22 61 14 
80 73 99 21 90 34 91 55 23 18 28 83 36 55 10 31 10 49 73 73 56 39 34 75 36 81 54 46 42 43 97 19 91 38 41 23 5 88 65 57 7 68 66 90 16 15 29 95 
60 64 62 80 34 47 6 76 26 11 48 43 9 81 0 59 30 12 13 70 2 37 13 22 63 45 62 46 55 33 96 2 42 2 16 35 69 32 62 4 64 9 46 48 32 97 93 79 
81 88 70 7 79 57 47 92 84 43 92 24 66 0 17 49 60 96 33 60 15 100 65 33 0 23 44 23 88 26 63 10 22 39 21 8 17 11 12 95 19 1 63 39 62 73 94 12 
79 71 73 75 70 35 85 75 89 64 37 33 81 88 73 13 60 60 82 81 89 18 92 9 84 58 30 2 97 22 10 99 88 89 70 68 59 56 4 57 34 68 0 34 40 56 52 91 
62 46 65 79 33 7 21 40 59 53 55 76 53 84 53 27 20 98 60 69 17 43 21 58 54 98 48 41 95 91 38 79 52 92 9 9 97 28 41 74 33 5 57 17 41 92 81 94 
73 40 71 98 71 78 75 83 82 43 82 65 87 95 37 11 47 44 81 14 46 9 71 80 1 59 57 74 67 56 70 82 86 57 74 1 82 56 7 15 28 97 16 63 81 67 95 10 
35 24 7 47 79 47 86 63 42 42 54 37 0 25 82 24 20 44 0 54 10 51 32 4 33 55 14 96 53 7 1 13 70 58 28 65 32 77 73 29 23 63 87 30 42 50 17 62 
76 31 18 55 9 74 11 34 67 71 27 99 2 38 63 44 44 71 69 51 93 48 60 38 59 12 9 91 89 10 75 95 11 26 66 24 61 51 3 83 93 96 9 5 57 5 70 74 
10 57 29 1 68 66 1 79 95 20 80 88 35 98 82 59 48 51 44 56 55 39 6 92 52 97 54 5 20 68 59 11 5 31 63 12 55 77 27 73 98 18 24 78 81 87 79 17 
61 15 100 87 56 84 55 58 75 7 86 58 39 7 73 26 14 37 9 87 96 1 2 76 62 74 63 19 1 75 21 27 80 99 84 80 66 73 44 98 33 85 55 43 58 31 64 22 
98 85 3 45 11 37 19 25 35 19 71 54 23 8 25 22 46 33 18 34 86 4 73 65 19 74 3 11 64 41 42 41 42 21 63 14 38 44 0 99 28 1 1 88 75 32 9 0 
18 21 5 41 4 83 97 25 24 29 73 34 70 71 80 80 42 18 74 91 22 42 74 53 100 46 78 72 87 45 36 43 30 54 80 47 39 18 14 85 1 39 26 69 51 37 43 93 
6 2 68 89 75 42 64 98 68 43 59 8 16 93 25 31 51 65 86 98 54 4 99 40 24 12 62 69 79 13 40 54 62 52 42 53 70 85 33 99 54 1 12 76 46 59 72 65 
53 12 88 8 15 33 16 95 89 100 88 0 89 47 82 5 17 14 83 16 21 15 21 65 33 50 26 77 17 72 93 11 75 11 24 34 77 11 3 37 14 49 1 43 77 71 80 39 
56 21 39 89 79 24 59 14 80 93 96 85 11 84 36 44 24 100 65 75 2 42 64 24 9 62 84 100 60 100 73 75 28 16 83 14 31 5 65 36 4 37 54 34 11 62 82 73 
48 95 14 39 77 4 48 27 65 74 73 58 14 17 43 17 17 25 86 59 71 98 7 79 22 87 13 57 85 64 50 30 0 14 85 56 44 56 23 55 6 41 6 45 71 64 39 63 
25 43 17 15 30 97 46 40 12 18 96 51 25 52 86 90 55 100 80 86 79 78 13 57 28 73 50 6 95 11 46 52 28 96 90 83 0 36 83 89 19 86 40 45 56 3 92 5 
38 5 88 11 16 56 51 76 30 74 83 73 16 97 81 46 80 16 8 47 69 99 90 97 46 45 16 92 32 49 85 49 88 58 78 88 38 18 67 77 75 46 11 9 52 25 81 48 
79 28 22 4 55 62 84 45 91 59 72 0 19 42 0 1 2 60 85 36 17 32 80 99 52 87 84 66 8 0 34 54 0 47 8 19 2 29 80 41 86 59 70 16 97 57 17 59 
56 92 40 12 29 8 12 59 1 1 81 88 27 58 48 14 34 69 39 52 51 43 43 64 66 10 73 99 14 7 44 6 100 90 40 62 29 49 29 25 79 100 60 69 56 62 87 20 
72 27 50 73 42 46 87 22 92 67 73 63 36 7 22 94 83 87 0 22 23 84 100 72 44 23 70 59 62 1 17 35 63 91 42 43 37 60 79 60 92 7 12 19 90 78 47 23 
84 34 56 39 80 19 78 73 33 72 85 64 75 72 2 58 66 70 10 36 45 28 63 80 66 79 92 9 100 31 58 31 6 26 22 2 82 81 62 6 89 65 96 17 69 88 65 24 
93 93 5 17 53 96 94 50 40 52 3 57 21 72 68 33 70 8 79 33 87 30 30 27 92 83 29 57 40 13 100 99 82 39 26 70 53 95 21 63 34 2 97 56 63 77 41 94 
62 7 14 34 98 86 59 51 15 60 8 28 45 4 10 75 38 45 3 92 79 8 97 29 2 40 33 2 43 76 97 93 41 2 90 8 45 78 88 90 0 92 3 60 20 7 60 70 
11 92 21 7 59 9 91 20 38 7 61 37 42 52 66 68 16 73 42 67 86 64 43 87 87 97 57 20 93 78 95 99 53 41 14 93 22 27 57 27 70 18 45 82 37 46 79 60 
63 53 24 57 7 91 31 68 73 39 90 76 80 33 69 27 32 22 1 10 80 95 9 29 30 16 42 88 63 3 24 68 8 62 42 86 44 55 8 78 31 79 86 37 17 28 81 65 
84 62 96 64 93 8 37 52 33 52 33 71 78 49 71 20 25 88 89 34 96 74 91 73 60 98 18 2 52 43 99 94 56 91 49 18 77 46 5 67 77 47 92 53 9 25 44 98 
34 98 35 39 36 79 100 8 8 61 14 11 77 32 85 66 33 68 74 6 78 14 73 88 73 87 47 84 24 85 30 58 37 89 75 24 46 10 49 43 13 100 92 92 22 86 31 60 
85 21 69 12 74 49 33 96 17 18 66 5 30 52 77 70 27 22 18 67 97 61 25 30 74 40 14 57 9 77 32 93 80 83 33 82 84 7 64 11 70 76 26 68 53 78 64 83 
28 10 16 87 46 35 92 36 5 36 89 18 63 22 97 70 43 10 78 69 75 65 84 28 25 27 1 28 7 74 95 76 73 100 55 28 63 83 97 90 41 71 54 72 54 28 77 94 
0 48 57 72 60 65 30 35 77 76 93 31 11 46 81 50 18 41 14 63 31 63 53 39 8 20 83 40 50 90 47 66 15 100 63 37 85 94 1 11 26 78 13 45 84 26 65 5 
5 55 85 37 77 14 52 87 65 72 64 64 25 23 13 53 2 98 68 61 3 3 51 94 38 52 79 20 81 19 24 66 45 67 9 77 83 44 42 95 11 55 35 79 42 36 35 13 
70 41 61 25 63 93 25 73 35 73 37 56 9 87 48 94 88 27 30 4 71 21 36 51 16 80 77 20 71 63 69 40 49 90 81 20 34 61 83 88 75 19 3 73 6 37 70 92 
53 85 55 96 99 22 12 87 65 10 29 63 90 22 13 29 87 4 11 66 30 25 100 76 46 0 21 79 2 56 86 28 1 78 70 37 49 63 67 51 94 100 37 2 79 71 30 41 
16 34 24 26 98 71 7 8 99 46 97 79 17 48 57 97 51 60 60 25 28 15 13 63 21 64 84 74 99 60 67 60 98 25 65 23 19 88 26 65 6 78 87 40 76 28 33 64 
3 26 36 60 76 54 20 24 21 72 66 67 63 58 54 86 90 50 12 39 39 18 16 99 76 24 38 85 34 65 79 91 80 12 14 45 17 14 63 0 29 31 20 57 46 39 33 91 
67 38 45 21 18 98 82 30 13 5 100 29 94 97 84 78 9 95 60 42 34 92 35 9 29 30 4 37 5 43 16 96 40 100 47 29 78 24 19 48 96 6 53 60 75 69 67 6 
27 27 7 32 21 14 75 65 83 62 49 56 34 10 76 87 8 81 58 44 38 8 39 68 86 37 33 50 24 22 61 63 80 31 85 60 11 58 70 79 82 50 39 25 85 100 72 20 
87 1 3 66 77 50 4 69 75 87 85 13 37 73 18 57 60 55 28 10 3 64 85 48 69 74 76 63 69 72 0 74 15 71 72 20 3 90 85 59 32 23 70 54 78 51 94 75 
77 86 91 17 70 7 21 91 28 1 60 91 67 93 38 89 58 13 24 21 86 56 99 94 5 3 96 39 44 78 29 79 63 40 1 59 4 54 49 12 72 63 34 6 36 70 84 35 
