119900 96567 103754 92069 106025 115802 107647 112127 106619 93780 128608 116266 87944 111278 103703 98534 91280 109014 104960 109112 107535 81543 104556 108624 107505 118749 93899 96484 113738 96253 110978 123029 103477 107841 107793 85354 105933 104755 83802 115131 109461 107030 94223 104426 116522 113435 118729 99946 
114528 103548 100385 100677 111916 95811 99276 114913 122408 98728 126843 110208 94537 98521 95658 102001 88465 109439 108555 96811 78426 75654 102237 110463 96772 116147 105044 110698 115954 118044 115398 100778 104738 99751 101393 68916 93619 88225 85388 118401 85541 100010 98468 106872 119086 120303 126017 99876 
139090 139429 131127 123651 155302 131829 138903 148504 144311 132021 164800 160834 119794 140596 134130 141922 130273 131257 136413 139518 136296 114694 145033 159773 140929 149380 143376 137281 155658 140843 164764 148946 132872 136774 128675 119829 119196 140887 127179 152154 142274 145535 128496 130223 151995 140510 165883 144048 
132701 125549 128099 112886 132902 118531 121969 142167 125444 119037 161533 137127 111942 135564 134382 121682 106761 126903 123039 133913 136316 108600 129756 143729 121753 141093 114134 121472 130567 139268 138879 131891 124789 139664 126656 118238 130572 120975 104803 136842 125859 133720 105198 119555 134293 141612 157263 125619 
129588 113135 100726 107507 126214 131809 127290 126627 122781 109462 139272 131051 113671 109664 120728 125880 110230 114604 125127 121032 129293 86976 130210 134480 127013 128089 108851 117722 129159 125675 135652 143823 113333 123981 129148 102388 104451 112501 100465 136222 119492 139318 100667 122239 137189 116804 135535 115700 
104011 89895 89711 99142 99862 95331 102042 102028 110509 79350 122305 104291 89824 99189 95667 91481 85466 98168 97379 91145 92441 76350 103725 102570 91044 100354 105657 105792 104762 101181 104229 101240 98334 108233 96750 79807 88109 94768 78232 110366 98315 100325 93331 94639 108994 101164 123447 92646 
134998 112375 126236 129643 149384 121274 120710 142421 137115 129528 149581 144384 111489 127498 120884 126204 115679 123399 124482 125678 115880 101024 133733 137157 119777 136673 115595 122329 138658 138778 144178 141416 125436 135132 134205 95506 115781 126927 111637 137283 117281 133969 107592 120806 135272 127259 149464 131208 
156624 140217 141859 144207 158861 152320 155660 163873 159428 139323 187442 169589 136254 145522 147977 155500 136367 148743 151015 151829 151357 121045 160360 163982 145587 161797 150306 143992 171082 154990 177051 160650 147214 156026 154411 131780 135895 155444 136203 179513 149327 162736 135805 146153 161799 151387 192350 149189 
148022 131932 132071 124347 149208 138032 147592 141009 142170 129350 176148 140375 115223 129417 129855 135411 118773 142989 134065 136996 136504 108038 138692 154190 123939 155081 142726 133547 147348 139623 152210 146460 135093 143416 132437 111752 119124 135074 135297 151422 127998 145831 128236 136114 148163 147045 161435 139996 
129835 116158 118954 117395 128128 124321 128941 141632 128928 114445 150421 134422 118193 133424 124378 123704 108803 114614 126583 122906 128806 105826 133675 142624 125777 126598 109284 128101 132038 118623 143399 135835 117992 128211 125594 102068 111665 120829 101874 142768 126637 119642 97892 122328 130558 132965 153081 138832 
140759 117864 96150 109003 123625 132265 125496 132142 126792 112794 155029 140413 108337 119344 128143 124986 106338 119911 111228 116451 126594 110352 122255 130734 120396 132016 108562 128464 143335 114593 127508 136067 114772 124152 127676 103920 101446 125144 100658 146329 111648 125137 114637 113494 139199 123809 151063 120835 
125794 102597 107194 103942 114247 128661 122460 125545 121498 109406 138452 123719 106937 120662 123065 123969 112666 115227 121728 109465 117898 88769 122614 117860 113908 119001 106121 119698 128899 111036 132242 133199 123343 118034 116571 95098 110704 114376 94651 139541 117379 115171 100946 115366 127636 121477 134839 125538 
113083 97252 98969 90253 104776 109587 115855 113009 103108 81494 128688 114898 101792 98700 113876 110411 83346 107626 102073 106977 114608 89533 106047 112004 103896 115596 90389 94294 105417 107997 109924 120845 104436 114440 99552 96858 97061 101813 91396 129335 106238 105671 94170 111734 108862 104871 120214 108319 
147822 113760 134421 123220 140769 136964 140446 147756 138428 122504 162252 151765 118714 144561 133843 131910 120635 131181 138322 127374 124897 102781 140497 147249 140579 146038 135377 138753 136932 134260 144438 152844 151908 147766 124037 120473 112726 127897 115151 142593 129772 125145 120468 136053 138268 138131 160529 141166 
134095 102595 116000 113455 134047 131115 122372 148489 135746 123599 155989 135131 110784 128032 123250 130306 117281 116648 121723 122934 123129 99857 144297 147011 121213 127393 121210 133627 123362 125980 148286 140990 129923 137200 125327 109643 118840 129359 113255 147529 127259 128803 101979 122119 140127 133100 151731 135866 
118658 95235 101445 100995 110913 103454 112249 123339 114788 93562 128314 112827 93474 107077 112544 95762 91535 106222 99272 107919 106669 93878 114020 105466 99006 115809 96967 104989 116499 103509 116970 111345 108979 116701 105673 88755 102199 100552 87436 122083 104206 109155 96220 101582 110002 109955 132504 110709 
113711 98397 91018 98264 116726 101777 105573 117024 107168 93695 117951 115774 104455 106893 106611 106458 91958 101185 100312 103618 106269 85976 114232 116074 103705 112708 97379 94696 99533 110097 120275 122216 107159 115261 103844 86940 99194 105362 88880 104877 100485 112015 95703 100181 108858 117481 127038 107881 
126150 99979 98388 95866 124095 125605 118401 114457 110103 106368 134778 109737 83786 111031 107765 108701 96556 110578 108868 115671 108721 86581 108078 105152 101940 127244 102735 105537 124550 107577 121622 124496 110324 107802 116894 82768 94952 106582 98234 118823 94135 114847 105953 109810 117370 110699 123105 116278 
135546 109979 115520 115444 142763 133057 136409 134574 134221 121074 158468 134163 109192 121721 120705 138931 121683 127970 110320 125233 123519 101668 142621 139625 120756 137869 130719 126180 139232 133529 145048 133084 128080 121339 126677 101077 100091 126662 125770 148760 121260 125522 120795 121345 132542 130510 155560 136309 
134489 112538 121816 111681 135673 134997 132080 137222 139023 122448 169477 130038 109525 128485 136993 126434 104710 121210 124770 125894 121150 105909 125268 142839 117395 148004 129152 118204 132766 141024 136050 141187 120150 137502 133238 100776 114728 121549 109968 140407 113209 126433 109395 129654 144721 133618 153573 119583 
131242 114594 128434 121677 131481 131196 127995 131234 134782 112700 157997 143679 111323 130334 125943 117861 117261 116727 129227 125048 125649 98886 130583 137849 117006 133070 128606 129713 144644 126378 135956 130260 121993 127325 131318 103526 105049 124800 98458 141574 116054 137489 111928 116168 134238 115709 144136 126446 
139796 121099 116297 111237 136378 124964 138970 143075 130441 117046 149180 135440 114873 134944 133469 131024 113722 127642 132542 123992 148692 109317 133330 139034 125257 133304 111765 122005 137736 122913 142013 147289 133379 133493 120672 110394 116402 126174 112274 145646 137793 130918 103189 119519 140090 134882 166636 135422 
134656 108414 105507 106049 134072 125502 133514 124662 120299 124111 146708 135636 106168 112797 113914 125740 105587 125710 127199 123630 122571 108928 129292 130590 124261 130653 111051 120385 127182 117888 150026 146005 115110 120633 120526 104319 99583 125030 116355 129060 118797 128094 113832 121374 125346 121890 146169 133350 
122320 113505 109922 97388 125243 124643 124406 131546 118710 116520 146270 115708 101470 119715 118816 112822 112391 113354 130571 130730 119840 102912 127194 126726 126544 127708 118923 114501 131781 112822 138127 126064 117559 119266 112923 106652 106927 110603 98019 129586 115510 124754 112264 116536 129728 123371 145452 127710 
109762 106525 105265 101337 113779 115975 117868 126408 120135 89745 135110 120667 96181 118294 121979 122151 100765 116600 121786 123936 119177 99228 129690 118942 104993 110874 110367 109130 111887 118712 124967 128456 122246 132912 116122 115435 103542 118408 98406 132181 114953 122700 98016 110056 122841 119818 143367 108630 
126604 110699 122144 110588 133633 128786 130147 129038 133971 108032 156782 130050 99657 121159 125738 124192 97874 139300 132208 135332 121531 104266 127110 128948 113147 137658 129733 114697 132000 131916 134375 136974 125868 133235 128639 108236 107904 124640 109632 145440 117010 130814 115658 128957 136346 120280 154278 112890 
126135 111905 106002 115036 129834 118417 103914 133641 137554 110959 147563 141423 95927 117794 111094 123576 110148 121789 115503 119464 104698 102332 126919 129983 108922 118910 116112 118048 134882 116131 132742 132444 111937 122644 117311 95383 110982 122685 90602 138223 117366 108258 104388 109757 139751 127165 142928 108749 
119027 104341 106911 102119 111517 105788 104211 124205 121691 93247 135369 124140 89666 108302 115467 99113 93265 108491 111011 118626 113230 96609 114768 118905 103371 110932 105767 115214 116321 109622 113608 116959 111940 124448 107112 96473 100222 106846 87962 128419 115268 119785 97204 98746 123885 110923 134384 108324 
140342 116558 124427 115003 132918 141163 144409 136443 143108 124802 170020 135654 118437 131004 136331 126122 115279 137774 136126 126132 120023 105800 134921 138808 128314 140456 122490 138319 149305 117248 134110 143713 130205 132401 129108 107752 111474 118304 103985 146378 119450 130630 118775 124700 152775 132867 145038 121964 
106202 95760 109741 103195 115827 117207 132013 118799 118714 111407 154383 117735 98832 121457 117876 119086 93731 125883 126967 133636 100955 91839 130552 131476 120261 124671 125347 109553 115868 117163 135081 129347 117438 119128 111617 107798 100986 106682 107865 125839 114839 110771 96915 122636 128054 118187 144472 107858 
108594 85960 86767 90890 100954 104491 103778 114751 113319 101066 119045 109045 91655 95424 93639 102929 92408 93773 103267 94528 96209 82990 111047 114739 99961 100777 101005 103243 108343 97989 108271 107626 100295 103688 99980 88161 85314 102894 79692 117046 90417 99724 88272 91814 115829 105494 124302 95631 
121549 112819 114943 97249 131616 136547 140665 127596 116154 107599 145391 113558 107303 112340 130481 121873 105353 109378 119769 125270 129057 94884 119782 125388 121179 129782 109662 120511 119107 122047 138765 128549 130352 123109 112801 112392 96330 118881 114278 140178 105413 130270 113507 123424 125766 115372 140495 134958 
128770 107628 109068 112983 124695 132488 131821 123686 115586 104710 139770 126200 99595 112465 115488 120871 106948 119328 127846 136221 118608 93595 126404 117769 119198 130966 112845 108758 134361 117604 141272 129471 110940 120941 121386 94117 109614 123689 106498 142998 115903 123980 117425 115675 127357 119106 138595 126600 
121698 111504 101741 106326 122030 124328 116711 125624 134821 111783 156629 132841 106859 124018 126664 115730 100490 114733 129809 125948 117400 97516 113304 131092 119020 135359 115690 126424 133345 132992 138654 132344 121104 119991 117734 108638 112114 116716 90357 127942 104803 122458 103435 121209 134953 130252 147929 122566 
145919 133017 120517 121364 145602 139699 139955 136347 137821 118754 165298 145453 119423 137230 133555 135439 121320 126511 132798 136806 142303 109642 141240 151769 135472 152156 137846 141756 149068 144984 148846 145226 134396 141135 136022 120818 101780 130939 130805 155102 124913 149438 117632 134877 142129 128880 162847 153739 
134435 104368 105803 99443 128606 118752 124090 128731 109883 103517 140123 124645 106512 118463 118272 118601 93345 114072 115268 115393 128973 100517 120954 128665 120450 133670 105667 99611 123817 114129 124460 137293 110144 132030 117327 99175 99248 122448 106463 133332 113914 123806 102443 121395 124251 105096 138279 122720 
130499 119003 108068 120449 126477 124133 126891 126542 136602 108963 142563 122797 102069 109917 117820 115935 105929 115793 125998 119342 112102 87910 121855 119456 120679 133733 118007 121767 131979 129554 129145 129766 127698 122790 123767 103855 103621 117611 100890 138938 100601 121072 113336 126517 134544 129098 143367 119783 
121723 98388 99125 106564 110567 119144 119819 118447 124440 106452 142438 120066 99783 109501 114816 117298 102527 127065 125609 117467 104451 90897 129120 122048 105457 123338 108394 111700 126899 118066 119771 129434 117422 126269 120763 92182 101997 97951 94408 141129 105110 110912 93717 114020 127287 117415 135508 108498 
130710 130387 114721 116099 142371 131319 132313 144004 125282 117858 160042 146399 104633 134115 138623 134778 114357 127259 128824 142891 130950 107727 135561 140676 129733 138942 122267 131125 147951 127607 144743 146568 123197 144202 136603 112196 108083 130421 121883 152448 124913 139375 111374 132552 136201 129147 155513 139937 
142917 108910 117323 115296 130571 138230 132792 132739 139166 117904 163102 142557 102473 134556 124507 128434 114177 124709 130725 133184 120976 108493 134353 128902 115909 134999 131251 130466 141431 130698 144105 147619 130021 127500 127362 104396 120395 129644 106695 136248 124630 129811 111953 120232 141718 133660 152034 132884 
123673 109306 115617 110959 132525 123187 130271 138103 142142 122485 161022 134414 108845 129627 124683 130252 110893 132773 127182 132436 118827 106821 134799 137180 113846 123273 130331 138280 140335 132783 140133 141965 131525 126306 118795 115480 120086 122440 103303 136467 111899 127806 104579 117549 135894 143041 158864 131243 
121077 111598 98919 100993 120582 128404 120029 126587 117419 100652 150648 125792 108243 116805 130035 129007 103381 115738 100687 111695 118103 103636 114675 130419 115127 131740 104926 114941 122953 124202 125265 125602 111485 131153 118920 101711 101921 110155 104859 141925 114761 112390 105928 121124 130467 117994 141560 114741 
119281 112879 108382 100407 120865 115729 108874 129558 118619 103547 145937 126652 107428 118316 120665 125157 98954 115469 105263 107896 111033 105976 119201 132959 114560 120653 103339 113635 119544 125420 120647 130484 105839 121731 111541 97750 99012 104627 95293 122861 116084 107699 98328 117891 130304 123933 141217 103670 
127092 109406 104969 119593 124973 128811 126628 126878 129340 110777 144993 128040 102826 128813 131622 112661 101758 114179 117647 118214 122422 99435 123804 121062 117570 126292 115479 128477 122728 122714 127573 142412 111169 132190 124318 96828 105349 126486 110344 139787 121548 130140 113211 112378 135839 119681 150870 126054 
145033 136652 137128 124744 157268 132561 144708 152735 149936 129284 185988 153788 116063 141487 143734 136557 116747 137664 145774 147585 134722 116963 137973 157732 137482 157158 139834 146823 153054 156141 157900 141062 142806 138123 132964 118093 121377 135220 126357 155429 135168 149424 128699 141643 160990 145560 176910 141298 
119098 113333 102075 100254 121496 112919 110592 128342 114756 106190 153600 132857 100151 120522 123584 113557 92999 108021 106683 113507 110672 95317 106720 125663 112141 130149 108866 117312 130035 120653 134093 123578 109503 112941 112478 95292 106996 114239 93599 127759 101648 114634 106527 122413 123960 118897 144118 114045 
122013 107296 113910 102288 124283 107371 101056 127391 118108 99714 141676 122763 103165 113236 101450 104799 94526 104863 99047 106730 109165 91407 108736 130870 107770 117370 104221 108265 108437 109223 117367 120146 104174 123806 104385 93510 102800 104030 96747 115761 114652 113173 94073 104634 120041 121950 130230 110481 
113606 101078 105953 92674 119843 122741 108025 127270 114700 89378 144557 125343 99064 109873 113757 111539 98459 102120 101917 117860 109848 91798 104934 115618 102115 114791 103718 104521 124706 108434 121102 115655 104238 107855 117880 94854 94717 109375 85896 121566 98674 121484 98032 106919 119984 109508 131528 98896 
