89 81 84 58 12 31 89 87 83 18 84 27 26 45 7 72 62 48 35 6 5 99 28 49 26 49 53 95 42 94 100 1 22 56 81 64 76 11 70 50 46 57 16 69 87 22 34 47 98 
6 30 5 8 64 69 36 96 72 96 34 78 2 46 16 98 71 79 19 80 41 71 50 83 11 59 28 62 31 42 91 81 74 100 31 78 55 99 87 99 13 10 22 87 34 7 37 44 88 
100 47 40 30 17 64 75 10 82 93 82 86 98 56 61 10 50 89 92 22 10 31 51 80 0 67 32 84 32 77 19 71 10 68 20 91 1 96 86 69 27 40 56 80 77 62 57 42 4 
66 36 46 2 83 19 20 83 20 56 87 96 39 4 84 17 27 49 5 28 67 5 40 53 46 58 55 44 98 89 95 96 69 57 59 65 16 98 25 13 39 5 17 0 16 26 20 35 1 
98 32 41 6 65 12 74 18 35 62 68 71 33 11 50 7 80 17 17 24 50 67 61 54 1 5 95 28 65 33 12 33 28 19 32 71 5 60 41 78 63 50 61 85 93 41 24 92 99 
6 82 30 77 97 32 12 67 94 89 65 96 14 22 13 37 20 7 25 20 37 40 69 80 41 96 3 22 18 86 91 64 55 6 98 25 42 86 84 95 49 70 82 92 50 35 18 9 17 
77 43 55 3 48 29 90 51 96 42 99 39 99 7 92 40 32 26 63 48 5 60 84 47 75 99 11 53 11 7 2 62 48 99 22 81 45 73 64 59 13 9 6 85 46 21 82 86 22 
35 6 21 64 62 94 44 97 57 55 95 87 66 99 67 88 47 31 65 13 52 47 91 77 6 62 26 88 98 82 25 12 25 100 98 43 69 77 3 41 63 28 9 76 65 4 89 78 54 
70 28 42 67 36 37 2 99 48 75 73 94 8 45 86 88 45 35 66 15 93 97 17 3 40 39 5 6 36 100 18 86 59 8 76 42 26 12 22 18 86 34 99 61 17 35 6 46 82 
91 82 0 8 97 0 52 16 19 34 43 48 65 77 52 51 85 5 36 74 62 52 28 91 99 8 30 57 54 18 21 42 6 35 62 13 49 83 4 79 55 37 39 79 35 95 9 55 25 
57 94 60 23 78 79 46 83 78 24 76 89 35 7 22 53 30 14 18 51 0 85 40 45 4 8 86 85 81 66 9 9 83 38 50 13 95 49 75 4 98 79 30 22 100 8 19 52 43 
83 6 100 40 63 86 97 19 24 33 14 17 82 41 13 3 57 78 32 84 67 51 42 3 39 43 99 27 43 34 34 21 57 24 90 87 32 89 0 80 45 78 11 42 20 79 8 74 14 
39 24 88 35 15 68 27 21 25 64 69 0 47 38 32 51 100 10 64 99 7 14 49 14 41 34 85 75 89 39 32 65 1 5 55 77 75 97 42 58 32 32 49 0 58 40 35 99 80 
69 84 8 94 65 59 63 71 82 86 91 56 93 89 66 40 0 85 2 54 71 32 47 35 62 65 86 9 36 76 99 93 31 39 9 65 36 15 2 6 9 4 11 86 17 17 31 31 47 
22 84 22 2 66 28 2 24 84 58 50 10 15 55 92 82 24 45 48 62 21 88 43 81 7 35 26 61 82 23 36 52 98 9 58 34 43 23 41 96 23 64 41 65 59 80 71 50 23 
60 14 20 69 17 10 92 3 86 6 64 47 89 15 80 85 72 91 51 95 91 21 63 51 15 34 89 67 1 11 8 0 76 60 11 90 10 25 45 72 99 17 66 63 35 63 71 25 78 
60 42 9 47 1 27 60 98 13 86 91 74 23 19 55 100 9 43 91 71 66 51 4 81 71 35 21 62 21 30 41 46 85 52 82 81 77 16 35 50 56 71 21 4 13 78 78 7 78 
89 75 62 97 61 79 88 65 23 55 72 66 57 29 51 70 62 34 90 23 87 12 4 16 22 63 19 77 87 64 12 53 56 12 64 59 74 89 79 14 64 77 97 55 55 62 6 96 17 
71 26 39 28 26 32 41 43 47 71 16 70 22 50 92 20 54 75 84 97 11 74 100 14 64 95 91 76 52 6 96 63 32 57 78 94 38 80 28 59 6 39 90 49 30 63 46 4 33 
89 77 80 23 60 56 80 39 42 3 14 29 29 99 15 82 6 33 14 61 28 20 66 82 45 99 33 88 99 70 54 6 8 15 8 43 39 0 40 25 64 87 15 82 46 52 1 59 12 
71 32 42 29 74 30 41 100 23 94 61 72 79 9 38 64 83 11 100 80 30 40 13 75 15 55 44 17 12 36 33 52 98 77 70 59 51 56 39 16 70 45 1 16 89 10 1 60 11 
94 34 28 73 61 98 99 51 94 52 57 78 35 49 75 20 92 54 100 49 80 42 94 52 37 16 43 14 37 69 20 85 98 13 4 30 9 30 58 50 88 56 77 89 75 12 17 79 31 
18 99 46 66 0 65 35 15 86 14 6 63 63 2 43 74 45 47 36 94 44 31 34 69 26 7 100 55 56 68 82 32 55 59 11 18 28 15 24 41 79 3 68 22 69 34 22 12 60 
10 93 84 33 24 97 9 57 82 54 12 73 56 60 98 100 11 45 35 51 67 26 93 91 48 78 19 31 47 91 85 67 6 40 88 8 29 30 34 97 76 30 74 94 39 3 36 64 59 
66 21 22 58 61 95 25 22 63 73 48 93 54 55 32 44 34 71 57 43 76 70 71 43 91 66 11 99 77 46 100 21 67 85 52 26 76 38 33 98 30 53 82 0 36 66 39 20 73 
40 74 19 54 68 53 42 37 80 92 67 86 64 44 91 23 21 4 61 7 44 96 99 72 51 76 59 64 14 65 19 0 36 57 4 31 15 63 65 46 69 40 39 34 13 68 68 54 8 
35 6 78 34 62 59 55 80 26 78 82 89 68 15 70 2 85 66 28 75 36 68 87 14 53 59 98 75 24 78 2 80 2 30 6 18 31 15 61 34 93 93 14 13 42 22 14 19 16 
13 16 25 26 0 76 77 52 99 53 88 73 85 18 47 69 29 96 27 57 46 3 9 77 48 41 70 35 31 11 48 34 26 43 32 5 63 50 15 56 50 4 86 84 85 68 83 66 26 
99 26 34 92 35 56 32 83 57 94 69 52 45 57 80 80 17 99 93 1 75 88 46 39 47 29 93 96 51 52 95 83 34 31 75 97 92 81 26 3 16 16 63 41 47 1 78 50 26 
1 56 70 30 90 68 53 96 36 65 43 22 30 28 58 37 93 34 9 59 29 95 87 81 93 49 4 74 38 32 30 32 77 25 19 3 58 83 100 7 40 18 20 54 80 96 41 34 60 
91 34 100 4 6 93 13 28 82 73 75 93 25 52 90 73 89 66 75 1 66 6 12 20 39 17 8 94 63 13 54 32 69 3 58 64 26 56 98 70 98 3 48 25 37 2 61 63 83 
20 66 44 80 27 78 34 59 78 99 36 57 94 16 97 57 54 22 10 8 45 45 56 48 56 76 99 81 86 70 33 2 90 89 36 11 45 96 37 9 30 99 74 63 23 34 7 64 92 
53 18 75 12 23 75 74 87 10 6 4 34 76 31 3 100 21 93 26 78 86 80 39 67 56 82 8 66 11 86 88 78 0 56 44 47 41 68 2 95 56 58 27 40 20 49 90 69 68 
67 94 57 77 86 96 46 31 66 27 72 95 2 21 9 93 48 10 22 40 99 75 8 21 20 26 91 56 95 50 99 35 90 39 78 63 79 0 33 68 18 69 60 30 97 7 89 14 84 
2 83 55 12 13 44 72 66 78 41 69 70 76 0 100 65 76 15 29 3 52 28 44 55 45 84 44 80 99 15 5 56 65 30 2 67 67 60 99 33 27 66 54 69 88 1 12 89 22 
28 83 48 72 32 9 89 2 23 63 79 87 70 7 48 8 16 81 22 34 67 4 69 35 71 1 3 40 84 90 50 47 4 60 83 40 39 83 26 48 69 17 6 83 8 86 60 85 30 
18 75 73 11 31 14 79 82 40 42 97 38 68 81 31 91 53 86 40 54 49 41 55 87 38 72 76 76 39 43 75 27 27 76 4 97 68 76 50 15 46 22 97 40 28 50 75 74 0 
61 40 2 86 56 25 26 47 70 7 71 26 25 4 42 20 11 17 64 30 98 80 98 14 28 19 42 39 90 6 87 22 33 47 96 97 35 31 44 48 55 73 26 67 54 71 50 69 95 
93 91 39 40 24 25 80 14 77 19 58 29 58 60 70 75 85 39 54 84 88 11 62 4 26 22 18 83 8 28 44 0 92 97 2 16 67 89 84 32 40 10 8 98 96 99 21 60 68 
58 66 84 15 30 89 5 66 75 25 12 60 38 87 96 15 67 25 83 38 89 97 24 79 57 11 82 35 50 71 63 99 96 85 71 76 65 96 12 54 70 63 59 69 67 52 7 43 8 
79 71 68 39 5 19 21 75 94 69 99 30 82 91 93 26 98 57 85 67 100 23 68 34 64 61 2 66 1 45 23 55 44 19 50 28 83 71 25 83 81 82 20 75 72 35 95 97 11 
67 45 20 72 100 25 25 10 10 16 54 21 62 5 36 97 35 79 41 91 6 52 82 82 74 88 67 57 6 92 92 63 64 62 37 87 83 3 41 37 59 48 8 40 68 42 76 12 2 
99 74 79 59 53 53 78 16 38 73 65 61 79 79 7 69 11 80 49 1 46 47 55 87 67 7 39 44 15 7 2 75 23 32 23 19 81 11 97 15 66 59 72 0 5 47 33 37 23 
72 85 47 50 81 65 81 44 18 30 79 88 9 44 98 29 74 6 39 60 30 53 50 37 2 84 29 26 43 7 34 79 25 93 14 73 47 63 60 88 68 79 90 85 4 56 56 32 13 
73 83 75 82 59 57 58 83 64 75 46 71 19 82 19 12 19 6 100 76 17 34 33 56 55 71 13 27 74 49 25 29 33 18 91 72 24 29 77 85 70 42 53 30 55 52 90 32 27 
66 34 0 68 56 93 14 3 58 42 26 74 51 38 85 35 24 59 32 38 56 48 27 63 95 8 7 32 17 64 73 82 88 96 22 66 17 18 78 19 36 51 79 73 43 96 51 35 14 
82 96 20 73 31 44 92 9 3 23 87 5 85 35 43 94 21 50 29 30 46 3 30 17 76 87 5 42 58 9 89 25 14 87 30 6 20 70 70 65 83 76 98 41 70 46 89 70 63 
21 22 37 65 16 17 89 90 60 63 73 12 74 32 20 46 52 10 24 52 30 44 90 62 59 45 32 71 35 60 33 25 81 56 72 76 41 88 85 46 84 50 41 78 23 7 3 59 74 
50 39 40 27 5 31 44 79 77 88 4 36 3 46 8 13 73 95 0 16 81 74 29 35 99 44 89 34 11 93 1 82 51 12 86 96 17 7 48 2 6 79 74 2 57 50 94 66 7 
