-75 -8 -5 10 58 65 -12 1 17 -16 -43 66 52 18 25 22 -59 11 54 79 5 -89 72 -3 49 51 -7 -76 -12 -31 -13 96 19 -19 -50 28 -45 11 -2 -20 47 -44 17 -60 -85 26 56 12 -22 
9 67 66 92 -42 29 19 -71 -35 -4 6 -73 24 -32 59 -35 -21 -59 25 -51 24 -10 47 -73 83 -20 -19 -56 50 12 -79 18 -27 -64 12 -23 11 -7 -3 -46 8 86 41 -15 -8 78 -32 16 -85 
-44 40 37 21 40 -22 -65 -1 -69 -56 -27 -30 -50 -29 -27 66 -23 -43 -76 -18 30 69 3 -70 24 -46 31 -28 25 -53 30 -41 41 -24 29 -64 43 -25 -36 -62 16 54 15 -56 -9 4 21 29 -1 
32 32 15 91 4 1 31 -42 65 -36 -67 -33 58 50 -59 40 -22 -5 65 30 -17 75 -28 0 -31 -55 -52 -22 -93 -61 -87 -84 2 26 39 -30 80 -18 -24 40 38 78 20 25 35 19 31 -16 95 
-28 49 -38 42 -29 73 -58 31 -25 -12 23 4 40 83 -34 46 -50 -7 -6 27 -28 -25 -54 -7 29 24 -61 57 -28 52 8 -31 47 30 67 -58 4 -4 18 -70 -12 -12 -43 -82 -44 33 37 -59 -53 
52 -74 -22 11 -49 19 28 -51 -88 -64 8 -77 8 -6 31 2 -9 88 12 54 52 -23 -19 14 7 -24 93 29 28 -15 -11 -11 20 73 -42 -1 4 -19 -70 -29 47 -44 -81 -83 32 42 67 11 -4 
21 36 12 18 28 -22 -87 27 -74 -9 -18 23 -33 55 -31 -40 36 7 8 14 62 6 -19 -18 18 -1 36 28 6 9 55 -20 -1 -12 34 -38 55 -7 2 15 37 -7 6 -38 -3 39 -50 -30 -3 
55 63 6 -42 -39 -83 32 -60 17 6 -6 -59 -57 -22 -65 -47 -46 15 -55 24 -5 -11 -23 -9 26 19 57 -64 -8 -41 -3 65 -20 -61 -77 -19 -67 -3 58 -27 -55 9 78 9 -61 82 -67 7 27 
-48 17 -17 -45 61 46 64 -46 -29 -70 -32 -25 8 14 -71 8 45 61 -36 58 -33 -62 28 72 27 46 25 61 26 -61 -11 -48 -44 7 -7 -35 33 32 37 26 -34 47 -25 -32 62 -8 22 -33 -7 
-71 13 74 88 -87 89 -9 63 5 52 -12 28 13 -21 -41 37 13 62 62 -47 23 -7 -13 -90 -80 45 57 21 21 63 -1 57 60 44 -33 9 48 -33 23 -57 44 -19 7 -47 30 -64 59 -10 45 
2 -25 -2 -6 -39 -49 -34 -8 -17 -4 19 -87 -23 24 4 -14 48 69 18 19 33 -26 22 -36 84 86 13 -74 -22 -15 12 3 -16 15 10 50 -32 -46 -18 30 -14 21 9 -2 -23 4 16 -9 21 
14 62 -8 -2 1 -33 -60 48 75 18 -4 49 -68 -27 50 87 -2 17 46 -52 -13 13 42 87 -11 26 -25 50 5 -3 -7 47 -32 59 -4 -76 -15 -79 41 -27 -33 -38 27 52 7 -53 49 -69 54 
3 53 -48 48 33 -35 29 62 -17 34 11 56 41 17 1 40 -87 62 -58 -22 44 -13 -22 30 -7 41 -18 -6 -86 1 12 -30 47 19 29 22 2 -54 57 37 67 35 -28 86 -54 -27 64 -11 -67 
-67 -46 68 -27 -27 -11 -3 -29 -25 -17 -24 -56 -21 -16 27 -36 40 -35 61 39 -30 24 16 -31 4 22 -78 -4 -29 -1 -65 -72 67 16 60 -45 42 58 27 0 62 82 -3 -29 81 66 -10 7 -10 
13 -39 2 71 19 10 71 68 -74 23 38 89 22 19 -20 -77 76 15 -23 -5 38 8 55 -25 70 -24 62 -40 5 -23 17 -2 -77 16 12 5 37 -16 -12 -21 -23 -32 -31 -27 37 -69 -42 -33 24 
-2 69 5 -27 28 13 -46 41 -50 50 -34 7 2 2 -50 -40 -17 -51 -34 -16 -52 53 -63 -17 63 -27 -8 -14 69 61 36 39 -13 -2 62 -13 23 17 13 -35 -92 -10 -57 -57 45 7 -51 73 20 
-19 -23 80 53 9 7 -57 -41 87 5 -8 -30 68 -15 7 -38 5 21 -26 -25 -37 32 79 -44 -60 -29 12 -13 36 -22 29 45 -81 11 -31 -23 17 57 44 -23 11 -34 4 3 39 -8 9 45 -18 
-88 -40 22 -24 36 18 -59 -36 -14 3 -55 -36 -21 66 5 0 -6 59 -3 71 -40 53 40 69 10 20 25 -70 -60 -29 73 -43 35 76 11 31 -70 -38 -72 12 35 14 -19 20 8 -15 42 -91 31 
-18 -13 42 4 58 1 1 -1 35 -35 84 -19 -15 47 -9 30 45 -27 -59 -29 8 -41 -99 46 23 -10 -82 -8 -39 60 -35 -41 65 -8 -73 -13 8 0 -23 -21 4 17 -71 27 -13 -25 -36 16 28 
-60 -29 -20 63 -53 23 -37 44 20 20 82 35 -9 -88 22 -56 91 3 51 -5 3 0 -33 -81 -43 -36 61 -23 -80 -29 21 57 49 15 66 23 -20 23 29 20 33 -6 62 12 46 -33 58 -43 -5 
28 6 13 31 15 24 15 -14 65 -64 35 -10 -66 58 -18 -56 -29 2 -65 -55 -29 3 20 -70 25 30 -25 30 5 -3 51 6 -60 23 -16 -12 -42 -31 -12 24 7 5 7 21 -76 39 70 38 13 
-83 38 -5 -7 -10 -84 -21 48 -4 -30 -41 -20 65 22 -64 -3 -20 -25 -67 -3 6 58 -9 -26 -30 82 3 12 5 -4 2 -14 -96 30 55 22 31 61 11 -29 -44 22 -73 -78 17 46 33 5 41 
44 -3 -40 -35 20 -50 41 10 -67 86 20 16 26 78 22 25 50 32 43 -89 52 38 -30 9 70 10 -69 2 -43 27 -3 -15 -46 -7 2 60 -24 40 29 55 -26 50 32 69 -35 1 40 68 -26 
-4 -6 -47 48 27 -18 6 39 -43 22 84 21 43 30 -89 -17 56 33 -7 14 -27 19 -7 -70 22 -26 16 37 19 0 -67 -20 79 37 -66 25 67 57 43 -37 -9 -14 -46 -68 -30 71 -4 20 -11 
8 39 77 19 1 -51 25 66 -25 -14 -46 -75 0 14 13 -25 -20 5 -27 49 -51 -41 -41 -11 5 19 42 -57 -19 -44 -87 8 -27 -6 -20 11 -29 -13 58 -25 -3 -51 0 11 45 -50 26 46 -48 
54 -50 60 -30 -55 -43 -29 58 -62 -65 -12 -86 10 -20 -33 63 38 44 -42 27 14 -79 -47 -40 -50 0 -30 -28 42 -25 69 17 61 -48 63 52 82 -10 -54 -38 -48 -32 57 3 49 -14 18 15 62 
34 30 -2 24 -44 -6 -50 6 52 -28 -74 -85 -38 57 -67 19 -82 -45 64 23 -34 21 13 -7 33 -41 -62 -7 27 -45 2 15 73 43 73 52 -7 -3 -28 -9 -45 -47 23 15 -19 77 27 44 21 
28 57 -7 4 73 10 -21 1 -75 1 -49 -42 11 79 28 10 52 -60 33 -30 -25 23 82 -55 -7 43 1 -27 -27 53 28 31 16 -18 64 85 26 -31 7 -38 -32 19 7 -1 -67 -17 -24 12 -8 
-81 54 29 -57 53 16 10 -52 -55 -55 31 -29 20 17 -62 -8 35 -47 -60 66 -30 -42 11 50 -44 52 -10 -50 -51 -10 -95 -35 9 -22 -3 -3 -10 -19 9 75 9 2 -46 59 -7 97 -8 10 23 
48 40 -37 44 -50 11 29 -75 27 -63 0 23 -2 16 -52 8 -4 15 28 -53 64 3 -20 -65 -79 -17 36 25 -24 -17 34 53 -43 66 15 16 -23 16 -70 23 28 23 74 20 -30 -32 11 30 -13 
-84 58 -7 15 -4 -34 28 22 -59 -25 -15 -73 43 -23 -79 -64 -73 -43 6 42 -2 68 18 16 -35 26 44 -84 -57 -12 -12 15 -20 31 5 23 24 21 -9 -52 -2 10 51 0 55 26 39 35 -56 
23 21 8 -36 62 -67 57 7 -4 -15 60 19 -88 68 -20 32 -13 3 37 39 -30 15 -14 -13 26 -49 -45 -11 -68 -23 40 39 -41 9 -23 65 -7 2 41 65 -22 -92 -15 -38 45 38 93 4 -76 
-1 24 -50 84 -19 -1 -65 -27 32 73 78 -28 -66 -2 46 -33 -11 -60 -14 -68 -68 2 17 2 5 -81 78 -30 28 -74 -17 -33 55 -17 26 -38 -19 -37 63 -87 -42 -18 12 -27 71 49 -19 -12 32 
9 -53 21 -73 -54 -12 26 39 -63 5 -46 -41 45 10 88 0 -13 19 77 27 -50 19 70 70 13 10 -31 25 -37 35 -92 -10 -14 18 -24 8 -18 27 -5 29 -4 17 -16 44 -97 -7 -66 8 -23 
55 -43 2 25 49 34 -58 4 -35 15 -29 -1 -61 76 -22 -6 15 14 -21 3 6 53 33 23 -12 3 -23 -62 -28 48 35 -52 12 34 77 -59 -37 17 -16 30 24 32 -48 17 -66 98 -8 -66 44 
-25 8 20 -60 41 79 -76 56 56 -35 -40 4 -16 12 6 43 76 -33 31 33 -12 21 -66 30 -60 62 95 -40 -60 -76 -25 -33 4 -42 -54 13 -2 -11 11 -19 2 7 22 -57 4 -59 -57 13 -29 
-17 -59 17 87 53 3 0 -31 -38 -25 -63 52 -60 -12 69 -44 38 -57 27 -24 17 6 4 -24 33 -27 -51 -60 20 -7 -46 10 -20 -45 41 -23 -24 -4 -5 61 -5 9 -20 -18 58 36 -44 -66 32 
-59 53 25 -69 -21 42 19 42 -41 74 -24 0 4 32 -41 -9 84 25 1 -21 -34 -57 -31 10 22 -4 -1 58 -17 85 -10 -9 56 3 -79 -84 -3 -21 41 -34 17 -5 19 15 -24 -41 8 -61 -44 
7 -90 3 50 34 12 4 72 -62 38 -14 39 -14 -58 -19 17 -22 53 44 -6 -43 16 -61 41 46 70 2 -82 52 18 -41 39 -19 -51 59 22 -1 -30 11 35 34 60 90 -79 -57 -26 49 38 -30 
-57 -28 -69 67 -18 -33 8 -30 -4 67 24 -47 12 -62 -44 81 15 -8 -32 15 4 1 31 -75 -46 5 4 41 40 23 20 -45 -39 -11 -62 -55 -27 -46 76 -9 -17 -42 -42 -28 -61 4 50 -28 50 
-66 -54 8 -39 89 69 8 15 -93 -17 -19 9 4 -87 -57 19 -46 -52 -36 -17 -12 10 -3 -22 -39 34 58 5 74 32 31 -8 -31 31 -28 -10 -5 -71 29 -52 1 -48 3 -58 21 28 -28 -82 34 
21 -39 29 -33 -99 4 16 67 16 -2 9 25 18 82 -36 -31 12 -48 -2 -51 29 35 4 -53 26 -87 -44 -54 21 8 -34 -3 -21 -1 48 -21 -65 -1 24 -33 7 0 75 49 9 38 -27 -8 68 
-90 -63 19 16 43 22 -63 0 -26 -58 33 -43 -42 -56 36 -14 24 -80 30 31 32 11 -39 -69 22 76 -3 -25 70 66 97 19 1 -31 -14 28 -13 53 -77 -4 26 8 -5 92 34 34 46 15 -10 
-56 -38 12 21 14 -49 7 1 56 -14 3 -3 34 -40 0 26 5 35 54 16 20 28 1 53 51 8 63 1 5 30 23 -34 -22 3 39 -57 32 -25 2 -25 -20 -52 -51 -57 85 -32 41 52 66 
-56 -41 -68 -80 -40 2 2 -81 -16 -43 -35 -22 16 -49 25 41 55 15 -84 -54 22 -8 -26 -11 -31 -8 15 44 -74 -31 -19 -9 66 -18 -12 -37 -11 58 -20 11 -35 34 -12 28 9 -20 -30 -13 -24 
25 -26 44 -22 -49 -56 34 72 -58 -4 13 10 -28 30 -71 54 8 30 27 46 43 -33 21 5 -78 37 21 12 44 -23 14 -41 -8 -56 -1 -61 34 63 -7 -2 -11 -47 -25 -66 -33 -87 3 57 27 
-18 -47 1 -25 41 4 -49 -3 55 6 -10 7 13 -10 22 -35 37 4 -27 8 -37 11 63 -8 -48 -11 29 -14 11 6 -68 7 3 -9 23 80 72 24 -49 2 -70 -28 -48 34 -18 11 4 -19 31 
33 -9 -30 -4 42 50 -15 -76 2 -10 -63 36 -13 54 67 26 0 65 70 -17 -14 56 -20 -25 -1 -28 -5 -25 44 5 27 0 10 -47 -62 -57 -30 11 -37 -16 7 -14 46 -50 37 10 57 7 -62 
47 41 17 41 20 0 31 -37 14 -82 24 19 54 -11 31 66 -31 -41 28 2 -3 17 19 -16 -46 18 8 -18 27 -3 39 -10 22 49 -52 -29 24 1 49 96 3 -42 -19 0 11 32 5 -60 57 
