111587 97357 126797 107733 88196 95167 115091 118071 107977 115342 117643 92288 121007 97905 107354 107633 128379 102149 119893 115197 127003 98426 97633 115387 130994 116968 115925 106667 114758 118017 102108 122703 104164 108416 110428 89334 90972 126630 110206 100628 105268 115719 113518 106874 99862 115522 125538 102637 90750 104349 101149 
118718 134152 128928 114248 108365 114653 127659 126301 133570 138320 139647 112758 126083 115524 129146 120382 134183 125269 129890 113761 147260 107634 104663 132045 135591 141974 125402 122832 127697 135380 118064 135320 119853 131853 122166 126807 110863 139331 127930 142947 127203 132843 140267 116535 126476 142334 112476 126426 122499 117658 132296 
128112 117882 121016 121063 106595 117453 123490 124633 106330 125593 138203 106231 135727 114793 123122 110457 131574 118288 123222 127434 137509 106472 108767 125523 130842 128020 108276 128870 136325 126226 123524 122082 115451 124784 130987 111212 103908 134487 114816 130773 121338 133289 137190 117079 117751 131591 114727 122008 124517 114808 127966 
136210 128469 139548 116383 106939 118735 138045 144607 137789 130790 139123 113850 142524 132384 140602 122449 144350 131696 130775 132151 143910 124406 114100 136857 149333 153344 122714 124623 129869 132552 118375 148172 122612 131892 146988 126830 114529 146969 130036 136318 121814 139468 143375 128622 140838 136453 123691 146227 125379 132823 135941 
136326 120520 142387 135131 117790 116620 138948 146780 134029 140050 142406 111008 135617 123711 138058 126144 152912 137790 136200 131524 148520 123744 103994 131509 152501 147074 133826 132642 132127 144361 127624 151278 119577 133819 127128 124165 120828 149699 129851 131056 126926 134523 141380 128675 125199 133759 134206 131414 114512 128094 132306 
125421 142292 146578 138365 111912 124656 140295 137098 141196 134215 139739 116142 141344 134833 150696 133320 145344 136448 140829 143100 156229 117594 107925 135055 158995 162348 139600 140397 135230 151131 125496 143881 145614 135667 145411 131976 128184 154192 136237 152729 132029 142855 157963 115339 144640 141863 126698 130983 128733 133957 142400 
124054 116135 123778 115154 111465 118012 136519 134822 123662 128364 133582 109722 142633 111878 134557 109460 134540 135709 118012 132301 140228 107258 101461 128739 143666 131280 123407 143000 132663 147152 121611 132511 123668 120334 130640 118639 117817 134807 134980 126818 120299 141115 144258 124027 104763 121235 111995 144136 118302 117322 134567 
126442 102540 123372 104444 103709 108777 133059 128930 126529 116086 127799 103847 133449 114189 125081 106230 132382 124908 114171 129034 132904 108870 98147 118950 144452 128101 107328 116520 121427 125802 108648 131033 116558 115321 134616 115123 106280 128776 114926 119957 120944 123731 130753 124773 114903 118860 111097 128722 114741 113971 121607 
124504 126617 133836 124287 103872 122172 130496 123678 129580 124593 135245 117467 137177 113239 129622 117204 139715 121443 118656 137393 133437 106143 109193 129049 152959 131837 122215 135512 126947 149957 122045 128808 129688 122477 137196 125881 109350 138457 132476 131946 117166 132871 136032 111660 120124 128348 122811 131750 122056 115621 134287 
110084 122962 138936 122897 104776 121821 119865 124164 127967 129219 122799 109361 132078 110670 125578 120862 142449 107946 121538 133614 134103 104838 114541 128252 153074 131680 130671 117041 121781 139101 115014 136593 117443 123604 129598 122179 110570 136468 128283 134707 114257 128187 132639 113801 117765 135699 120943 122701 114270 111713 122939 
114599 119878 125338 113618 104304 104901 121323 115073 120982 126610 126729 108054 130885 118426 111487 108261 130768 109884 126596 122256 126939 99745 98669 125030 130310 130680 116014 118351 124934 132330 100075 117743 105269 111899 131721 114190 101637 130529 119461 125982 120666 125520 121145 108765 118760 142273 114784 127216 115014 116248 112185 
111621 110717 110154 101378 82509 90421 109579 102809 107449 109842 105612 96446 118327 104307 97910 102131 115194 101259 109086 123366 132253 99845 83852 105393 122977 120824 104792 114017 107525 116847 93754 120063 103600 110963 107976 85427 103669 114002 95710 121730 100967 120901 130920 107367 108994 114660 108861 98857 101188 112459 103027 
136011 142022 155886 133632 132225 123766 152508 165836 144388 133954 149226 127450 142469 134186 150095 139651 161530 149594 151066 155526 167862 125204 129558 145098 162795 163660 146027 138297 141905 145266 138902 161398 148714 136483 159233 145978 135050 160156 139744 143569 132336 160777 155392 137261 139055 161778 142920 142658 138246 137129 149548 
139855 134887 130501 119252 112245 117474 130267 149627 125463 134846 144596 115799 143851 117860 142813 125359 146457 138830 129553 133210 148746 126271 111205 129146 152614 137796 117437 129132 136762 133115 123784 135201 125721 133343 136784 114531 117507 143394 131227 142817 129921 148186 146057 134238 125884 129279 118044 127267 132932 123543 140985 
123975 124405 125775 119000 103616 109874 125889 123058 128305 136683 130637 104853 139139 123682 124926 107705 135426 118217 120585 122735 136293 115157 96091 119958 132709 141095 120571 115239 117477 129317 115065 136851 119501 122560 122481 112020 114561 136887 123564 141209 110225 130831 146414 113520 128461 137713 112108 128306 117706 120888 132724 
111023 128513 133522 132341 121834 119189 125312 142799 119828 119383 139827 115685 125353 105806 136674 119794 150488 125547 125909 131789 132016 111441 103361 121100 145271 148670 125714 109155 131733 135572 128867 137115 124482 114994 131003 124385 121306 142975 133724 131639 119612 121806 143650 115427 121257 139784 113711 128326 130581 115255 144995 
115891 116385 125585 108976 105272 112118 120924 120172 123249 124608 126599 110246 125268 116847 120792 115860 123444 111072 135459 125933 139354 106693 103746 123997 143539 136132 106252 119068 127545 121321 108145 117273 113493 125342 128529 108848 105116 127009 119243 124026 112592 135965 139995 109386 118059 122407 114794 122393 118693 118787 115096 
111332 107161 125525 99214 91546 94698 118216 123940 116687 113400 116970 98331 129985 99924 122201 97323 121435 115741 110318 106252 126273 87908 94133 107961 133835 129131 101141 105845 108306 125225 100556 117952 102160 106939 124945 105181 99698 128551 98907 105353 104504 128137 114915 97092 114847 118687 108664 121136 107124 108396 101595 
110431 101908 115688 113434 90886 87212 120418 115703 110261 104483 111586 93116 114361 100959 111119 107147 134933 119464 112213 118426 136645 86076 98028 111868 132775 121088 111527 119676 115963 124730 105899 117870 123550 112421 111557 96334 99406 118942 109735 112546 104964 118825 121930 95837 116648 113382 117791 121652 101603 110517 110492 
105505 125620 128728 117619 113061 122402 122763 134076 127790 121825 132740 112305 122573 108712 126160 117453 140094 120985 131031 118736 139101 107974 111880 128917 140401 141280 117706 113307 132045 134461 110069 126325 123815 121152 144323 121832 115181 133050 127678 133388 130749 139322 139627 97252 130172 135081 121887 123397 115580 116794 134211 
123214 126877 120332 110966 96517 99713 118275 124559 122771 112152 123319 119082 118711 126396 131039 109006 118373 115286 121268 125276 134894 106943 101505 124100 137212 133672 111503 126519 121891 115266 119317 137072 125383 122518 128264 107007 116222 136928 112459 142799 103827 124262 138227 107343 128877 127992 119404 117927 115056 104850 125510 
112212 131942 129126 124055 110443 108061 125652 124833 115797 122765 136236 115451 125765 103096 122918 117252 142809 118374 132192 127047 139868 114601 108723 131383 131844 137632 130713 117925 132682 131927 122667 138263 115102 114624 124113 117681 110093 138525 134305 133429 115627 128835 139068 114752 120040 147349 120507 125757 120564 105941 129135 
129111 115653 123925 114070 104475 109042 133664 136217 118423 130042 136377 99251 134055 107052 114014 111126 139300 123702 128574 122652 138622 115817 101069 128242 133729 133807 118867 117090 127828 127661 109436 129807 112567 120895 129881 114994 111313 137217 124232 129055 118249 137083 136356 127309 116465 127412 120803 122136 110548 121545 126081 
126460 131020 134582 115896 106607 103879 135314 126712 129263 131979 138006 112715 132599 126855 125660 120104 135861 114216 128302 124378 149832 105109 107558 138241 138530 137750 126323 132226 120149 137984 123783 136344 117557 131327 133371 113941 105143 139293 123835 135117 119417 142359 140862 107455 131246 137934 123471 123853 126968 118160 130166 
106255 109536 113693 104621 105531 97206 121304 119511 119188 109636 122769 110813 117301 99800 116463 105309 142359 116843 109156 106876 132882 96826 96159 119863 127791 114915 108908 110332 114740 127684 109380 125147 115272 106676 126327 120477 99595 117381 122271 125211 105442 120665 121964 109826 109602 127253 109342 127751 106995 102730 115477 
123338 126390 126780 112525 98796 109238 119188 111562 115864 127740 128697 108350 132669 105392 124495 107141 112979 115401 120066 115558 134011 99865 92393 117024 136614 127373 104765 129775 116162 139826 108647 117171 117470 117138 130391 109321 102804 126425 117508 122062 114404 130198 128112 89980 111063 115190 118437 114400 125826 111119 127479 
130278 138021 144182 128151 130205 133923 138923 154560 146383 138672 140648 118041 144973 135382 147192 126973 165290 140751 144618 136744 151733 121993 123746 150633 159521 146852 127095 130167 136524 142893 128594 149045 137290 136763 160388 129807 119056 146129 130244 147640 131552 145657 151790 126852 141184 143308 121754 141501 130814 132919 143530 
102586 106769 113443 112139 91778 98713 117347 125109 115744 107774 108064 95251 99986 103245 111785 116019 132068 107300 100035 109435 124066 96503 88311 110942 122458 130991 109914 116556 108360 130029 102946 128096 106717 106782 111566 96719 101957 120322 105048 109777 108537 118594 127274 96211 112299 114144 102452 107368 101206 97496 118404 
110222 109278 115176 115043 100290 116126 127210 122968 107536 120206 121484 99485 119727 102121 106489 97050 125723 113630 118889 126120 125263 94137 99820 114467 123095 131350 122622 108561 117754 126204 118201 118088 113942 109695 124507 110352 113095 129934 114821 139581 104839 122493 128281 106862 122067 132987 106264 125306 107678 112823 128823 
116476 121532 130034 131810 119130 114728 128493 129983 133912 127591 134250 114432 126296 123025 122891 116142 150789 125750 135836 129409 138650 101496 103786 133171 141281 145745 129237 122674 133972 130329 130683 135181 127258 126361 128830 116007 111007 128571 119396 136108 114734 126917 141412 116410 126103 136829 118175 133302 117277 122662 124088 
145978 158786 163148 150690 131601 133674 158323 160330 146652 143298 165494 138043 164046 140197 155266 131135 176397 150631 154275 153058 168859 126095 130319 157638 164685 172311 146063 145580 156590 159170 142153 166729 142605 143309 159488 145819 136383 176744 148707 150841 143085 165246 167220 140680 151708 178485 145742 151926 139139 140867 154126 
134428 118403 139407 122097 115881 117448 130101 141969 126180 130348 131777 106319 139520 124934 127322 117288 161382 130496 124616 136690 137469 103978 108784 136080 152148 134528 129907 124633 134957 144290 129088 132536 127840 134996 128550 115156 111803 144735 125951 135284 111324 139479 148319 118545 117146 131103 130345 140489 124247 127744 132639 
118235 130973 127227 129170 105337 114891 130967 132925 130888 125610 125815 111040 130375 116001 133436 129453 139641 120063 121360 132193 140396 120822 103786 122053 142717 156915 117470 124687 124163 140745 115908 143316 116657 125088 135305 106498 108689 132749 124246 130494 111311 128621 136992 108607 134262 138786 121100 131609 123323 127568 133042 
102530 107411 116884 104303 89272 80917 99894 116575 104194 114399 119065 90012 114903 95181 120743 102042 117691 101800 107335 100921 115145 94244 89628 98400 127809 124206 97527 106041 109921 105532 95572 116862 93877 108019 108366 93399 90568 123553 109485 104005 100924 111017 115112 91887 102418 109582 106296 102240 100544 97339 103348 
113816 129334 131827 122668 109005 110139 120250 141084 119574 122437 128600 110792 128637 110109 136217 109678 134397 120075 130036 125627 131188 107359 97251 126654 133693 137438 125455 121763 124971 131932 121013 121629 111806 118859 125772 115376 111601 146837 119920 126096 111193 142468 129029 107934 120661 130566 118471 121274 115837 122724 130719 
125518 125830 125123 120552 104008 113065 137330 131442 127099 133777 136498 93995 132342 117524 132522 124954 132347 126691 127507 122854 138496 118831 104504 126164 145333 138573 115795 120874 121845 132713 128119 134602 121365 127477 128595 108430 105479 128127 124389 126409 113971 126156 129198 106660 119314 122682 112819 119674 111979 113076 125452 
121663 130319 120332 120349 92121 107034 118425 122795 117365 120164 125342 109507 129563 111800 127336 111522 127021 119530 113262 122269 133302 106187 103420 125121 135079 138968 113695 130126 128485 132665 114682 130744 124741 115010 126640 108962 110669 128495 125309 127083 112552 132256 137157 100068 126695 129170 115133 129405 112603 109136 126060 
136651 125322 131470 124753 117811 121645 136288 139334 137413 133804 134544 119338 141538 139570 135592 132805 146312 139567 132038 143175 151065 123784 111642 141692 154422 145356 129593 136123 140158 136129 127502 144497 126448 142803 126374 115125 125092 144282 138074 142062 127881 150495 152524 128688 126513 129015 122239 143621 124710 120182 142357 
123217 118844 132983 105664 83057 99462 118328 124531 119237 124547 122062 101468 126064 103165 123057 111420 116332 116982 125658 121892 145294 119829 95490 111807 138397 134211 118170 117157 116033 121335 111541 130879 130141 110682 117147 99906 113633 141366 116107 124531 125915 132834 126457 106018 125554 119881 120892 112464 111958 105717 114200 
140506 148006 151662 123830 116872 132572 133979 140372 144707 144576 139940 126707 151334 136398 144951 125936 152842 134356 144119 151365 150732 118701 116222 150289 161754 151569 136148 143729 139358 141173 126462 157639 142468 130040 153758 124491 128417 152091 137929 149974 129799 147412 150898 131423 126741 144683 138505 137706 127600 126450 149826 
132608 139769 140444 132896 120554 120820 147121 154985 131275 130794 141368 133827 148920 127710 149576 127709 151473 148112 137983 144880 156817 115733 124158 136546 148467 152286 139913 130479 149290 141004 141398 145193 129545 131793 144227 128574 133347 166206 135790 144300 126262 140068 149220 140386 136964 161592 131932 143087 131519 129495 152901 
111618 108010 121507 111893 101342 98509 108415 112488 110282 116716 122992 93688 119335 108838 124469 107114 127587 108567 113844 115638 120573 99524 106131 102895 136863 128022 101172 112842 111894 113350 106275 127918 103573 110462 121779 104238 99395 122776 110867 115293 104357 121126 128098 93700 107900 105572 110271 105914 109075 93284 108784 
137406 129860 147646 134228 117229 112028 138512 141319 132228 140870 146781 120719 146126 123832 127347 121407 144959 134512 146221 138049 157951 112709 114935 142469 153661 151925 129415 140279 150290 149997 122146 133714 133461 128462 145049 124316 120513 149241 131655 132182 125542 165139 153280 111868 134162 143192 143043 141456 138466 136158 129497 
121831 119658 136641 115196 112151 114064 127791 136381 126659 128896 124610 101688 137857 110031 122763 112645 140899 125831 125761 129877 139181 112022 115493 128986 141885 130257 124376 114704 116890 124035 125100 137729 111976 123147 130880 108104 110374 143170 117695 123717 103531 132517 130984 119432 124529 134884 126196 133858 114837 121822 129453 
119925 113013 131171 108248 105082 107196 128187 127453 107138 128303 138232 105170 126675 112278 123379 114042 135931 117402 135228 129702 137091 99993 105003 119939 140242 127203 112156 125463 130099 134228 115474 131344 113455 116302 134683 105217 104404 128790 114726 116570 122375 126952 134278 104174 103028 121750 126049 117081 111665 111961 112498 
129039 132485 135224 127917 113287 130075 132171 137335 128694 129752 138708 111822 135929 111744 142316 120923 142186 132210 134608 136475 152052 121375 101711 133421 148694 145815 125028 126655 128385 138190 129843 143474 127086 125031 128970 113732 121028 138834 125143 133707 121903 144494 143296 122905 123164 128298 125066 118867 120377 123908 144306 
140676 120775 142960 132996 115572 115016 158106 147846 145086 145538 136814 111594 152538 120255 137081 121403 145741 146186 134220 138626 161637 132453 109661 129548 159872 145801 128323 134705 134160 142602 126306 149506 127616 124853 143715 127746 124921 145714 141712 130457 127132 145130 134428 133915 123165 136030 135390 142986 117241 136296 135059 
128945 123406 132918 119433 118719 122229 135611 143754 128435 128499 145202 118297 133629 114136 140685 122895 152347 131048 133289 131727 153581 112522 108203 133846 148063 148585 134981 120232 139389 151391 131210 135754 131311 134921 133129 118095 126037 147795 128419 152189 123112 143704 154697 114521 130458 140953 133423 130925 128913 123602 150300 
134963 138092 140874 140511 122208 137327 148553 150327 144986 134444 146070 118097 144155 137225 158866 142910 166004 143067 137381 147438 163527 129287 122019 143702 157754 159325 135585 138278 140838 150025 138702 153715 142790 132521 143318 121124 122260 156691 137732 145330 131715 147336 159811 132452 144587 149461 135266 132482 129840 135945 156011 
131089 139282 139859 141703 112105 123183 140905 139375 128515 148312 142014 118395 148331 136370 131870 127247 140593 125192 147768 146437 148539 113889 116972 136861 156824 157708 132484 146013 137703 148371 124868 141516 128416 141123 147227 120698 127699 145957 126850 147243 126502 150518 160041 119256 134181 137104 128273 133720 126717 140669 136140 
128076 125281 132351 124795 108017 111292 129024 121876 123330 120919 126091 104908 143031 108577 122688 116919 134316 129620 119300 142325 146782 106807 103906 126531 147744 139674 126752 125313 125228 127980 118205 134801 121344 120262 125247 99743 111201 137428 131379 121659 113572 125019 133584 120469 121755 131302 120198 118292 112856 120567 137053 
