23 77 56 22 58 39 63 98 65 14 16 36 9 65 12 69 98 48 61 34 95 40 17 45 88 52 11 50 94 92 70 95 81 96 52 90 60 61 68 60 17 32 8 67 24 87 25 77 43 33 64 15 
53 95 40 27 45 90 87 30 72 61 95 2 73 35 51 38 86 28 65 21 99 35 31 18 78 12 94 43 85 40 53 99 98 81 21 56 98 32 67 29 10 40 75 100 19 53 84 82 83 58 59 100 
45 84 72 42 91 51 66 83 20 26 86 86 55 15 45 8 2 9 32 66 68 7 78 50 65 82 91 23 92 71 44 62 74 0 60 100 96 58 52 75 93 48 69 74 36 66 12 31 9 10 24 29 
56 92 12 57 4 1 60 62 13 57 23 11 20 50 82 50 23 17 35 99 20 7 12 47 38 9 53 16 86 56 32 5 10 39 73 83 90 34 44 50 24 43 97 95 15 15 39 96 45 56 59 4 
59 76 81 0 63 1 47 15 2 90 86 38 70 42 29 62 5 31 74 96 62 25 70 42 90 72 3 21 19 74 70 34 41 45 53 26 21 66 38 51 6 74 75 59 30 12 74 30 84 11 7 8 
96 79 88 86 40 89 51 43 64 97 33 95 94 53 59 95 95 26 24 26 94 19 38 90 41 41 36 98 81 97 50 27 27 25 32 33 93 36 92 94 87 16 47 54 57 4 58 18 54 45 38 94 
100 41 32 4 21 60 43 84 81 2 59 9 28 68 9 43 11 23 93 11 66 71 67 41 14 7 74 42 20 64 72 61 24 37 25 48 74 85 0 45 77 0 60 71 10 28 21 1 79 11 63 91 
89 55 19 22 39 53 99 89 85 20 6 80 30 33 10 0 72 3 60 22 98 44 62 11 68 4 61 27 87 8 78 34 68 30 18 75 77 28 47 74 38 16 29 79 1 27 21 79 50 56 21 1 
85 55 37 9 78 50 95 49 76 48 75 38 97 39 69 14 82 54 22 73 80 27 97 91 16 80 92 57 3 97 11 26 100 11 52 14 76 3 27 59 8 81 27 22 20 10 91 83 91 49 28 97 
71 72 14 30 6 92 97 62 80 73 81 52 17 75 86 89 77 90 31 68 34 89 16 81 26 65 71 42 24 55 83 39 44 69 16 74 41 90 34 56 30 84 6 64 44 98 77 28 99 0 91 81 
95 79 25 71 83 77 37 36 5 69 48 88 82 38 70 90 48 47 13 72 23 40 48 73 32 4 92 35 18 43 79 90 77 40 38 66 47 94 85 94 85 6 59 98 36 2 6 62 69 7 79 81 
99 25 22 88 14 34 73 74 75 40 66 80 70 90 92 100 82 64 79 35 12 14 65 98 65 24 30 91 85 67 37 25 49 72 81 54 26 30 68 94 15 28 100 81 25 16 58 87 1 68 51 2 
91 43 47 94 79 49 52 70 42 16 62 23 92 44 70 66 53 46 23 53 56 90 38 18 74 82 96 17 5 72 99 99 21 25 41 54 52 79 87 1 24 12 68 2 77 71 51 72 10 52 71 12 
71 1 76 67 67 73 46 86 10 45 41 17 10 31 11 22 1 3 99 22 46 96 84 86 5 77 28 85 81 7 23 32 91 31 45 43 96 49 90 61 60 33 83 33 46 17 4 23 64 12 85 88 
78 62 80 66 47 81 43 93 1 53 91 1 23 45 20 71 39 94 37 32 70 64 2 96 96 26 61 2 60 82 55 57 81 66 69 70 71 80 90 36 45 12 28 9 32 80 49 74 83 66 31 0 
37 24 9 90 22 73 58 34 40 5 35 81 65 38 62 21 54 36 7 12 14 17 24 35 29 89 4 11 67 82 35 64 97 67 21 26 32 24 32 76 38 68 26 33 30 92 14 6 63 87 71 44 
87 33 3 90 36 14 2 97 35 25 41 40 38 63 65 43 38 80 87 29 82 78 85 20 19 91 72 7 64 0 29 84 13 97 50 44 16 37 26 23 45 61 85 95 40 54 46 84 74 35 85 60 
77 28 1 12 15 11 75 74 35 23 77 72 51 63 9 26 66 76 41 45 97 67 95 22 15 13 9 22 4 92 61 100 40 12 88 85 86 83 92 16 42 48 10 96 93 89 26 95 57 39 47 31 
36 87 10 74 67 26 66 59 9 61 27 98 48 77 12 54 78 94 58 85 78 66 1 54 7 98 30 30 61 0 2 71 45 9 18 89 29 23 70 20 46 69 43 34 63 10 10 53 28 16 73 86 
23 54 66 94 53 5 76 30 78 59 80 17 47 14 76 39 32 35 32 99 91 87 71 26 22 72 12 65 46 13 39 6 70 97 30 67 84 50 69 63 19 42 21 42 7 41 43 2 38 88 24 51 
98 51 1 50 36 97 65 41 16 9 56 99 64 13 98 37 34 34 0 94 66 31 27 48 10 93 30 35 46 25 15 46 65 23 82 1 42 79 7 39 26 97 4 66 85 20 28 4 68 78 24 22 
45 73 53 97 24 29 30 12 96 39 45 18 49 26 2 5 43 67 78 17 100 80 30 43 99 57 32 54 31 71 77 72 84 62 75 35 22 12 88 30 26 28 44 53 30 96 39 53 14 75 98 16 
18 5 68 63 53 83 23 66 63 63 70 23 43 76 49 71 71 65 23 80 7 67 82 6 30 6 1 79 61 26 40 32 96 59 2 99 61 81 96 94 100 65 37 78 4 96 63 67 6 6 39 70 
9 61 90 84 79 27 21 93 75 60 94 23 1 71 40 69 86 29 26 42 21 92 78 71 39 10 28 59 31 92 59 99 47 56 100 67 66 31 9 46 28 86 10 91 40 15 12 93 19 83 98 53 
21 62 60 23 2 96 13 35 74 65 18 72 29 53 55 29 49 86 58 100 12 73 83 61 84 63 24 23 4 1 8 27 80 15 15 21 71 85 40 54 63 52 82 47 34 9 69 36 83 36 43 29 
34 32 30 60 12 63 66 26 34 22 0 46 30 83 94 58 52 68 81 25 86 57 92 26 87 56 6 43 43 43 3 31 61 81 55 63 49 29 81 29 89 74 44 3 6 86 12 70 57 83 25 86 
73 47 36 94 31 50 81 32 53 39 92 100 79 85 14 18 13 51 72 24 99 85 39 3 26 11 64 34 95 67 86 70 93 36 96 91 59 80 72 71 99 65 41 53 24 95 10 58 69 41 52 30 
36 90 22 79 97 42 60 91 28 52 27 1 35 3 46 26 19 38 41 55 58 73 63 12 87 37 68 18 79 92 46 26 92 66 87 39 50 25 30 21 87 51 12 22 83 22 35 18 29 59 68 69 
51 88 42 14 13 77 34 100 27 4 10 59 87 87 54 39 61 51 79 58 71 48 4 68 92 81 56 20 23 96 6 23 91 12 65 38 15 58 94 39 77 14 13 92 16 16 92 3 78 63 28 21 
6 77 8 70 65 66 29 75 30 10 4 5 22 42 31 10 34 42 63 26 67 57 70 26 25 59 21 82 76 13 77 51 74 58 46 67 81 21 94 11 5 27 98 55 41 17 81 46 63 83 20 62 
66 66 38 16 45 49 10 32 25 82 89 26 23 63 29 87 17 31 0 58 13 41 88 12 43 71 39 0 42 16 90 12 16 11 54 6 91 95 62 73 61 32 68 71 48 40 100 85 16 27 32 52 
44 25 15 96 9 2 52 54 52 93 55 47 88 45 64 67 20 75 88 19 8 7 41 44 46 60 14 81 65 25 44 63 79 75 90 88 27 17 47 96 27 51 22 33 6 85 85 42 27 82 83 68 
44 66 31 42 9 51 64 42 33 75 27 38 64 55 54 1 51 95 21 23 12 72 7 27 76 43 24 17 87 15 34 52 80 29 3 89 88 18 57 41 19 98 91 39 49 63 39 4 97 34 8 41 
3 100 92 21 83 55 59 84 27 70 17 88 90 31 94 35 39 53 58 26 51 59 92 1 34 38 96 18 59 90 41 15 46 56 24 14 63 93 6 85 39 59 91 13 37 71 84 29 47 14 51 41 
85 87 60 47 28 57 25 29 80 8 44 56 95 27 51 54 26 24 26 21 48 58 21 100 13 30 20 82 73 71 40 16 88 39 44 73 32 17 23 30 16 7 73 72 67 4 71 32 4 77 42 35 
51 7 84 79 38 43 41 16 86 16 34 65 4 100 11 45 11 97 47 65 98 82 64 100 5 48 64 22 39 33 8 92 6 57 55 0 73 8 91 34 26 35 80 66 98 22 9 56 3 43 42 20 
42 1 24 68 98 16 11 54 54 87 65 65 39 97 39 97 46 7 99 90 71 77 84 26 1 11 68 5 13 69 49 58 56 35 33 52 92 67 95 7 1 37 58 31 68 6 96 83 65 1 76 63 
52 72 91 86 44 18 50 48 28 81 12 3 2 97 13 33 11 0 49 16 27 46 48 59 1 40 32 94 34 72 17 31 53 28 76 84 37 58 14 78 96 92 24 0 25 87 59 43 44 79 39 22 
74 71 25 55 98 12 71 25 29 28 1 74 9 66 38 76 71 94 34 71 9 89 71 22 8 34 72 29 78 74 37 94 87 1 78 71 53 81 78 66 22 1 85 24 89 41 19 52 85 97 74 68 
72 19 20 47 85 30 91 45 70 63 15 16 56 29 76 26 76 27 84 49 64 94 42 45 81 54 62 39 49 72 26 26 50 41 82 72 90 34 85 59 91 100 52 51 8 41 91 88 91 94 34 44 
100 34 17 96 55 24 4 14 86 73 98 16 76 44 62 47 97 82 29 44 57 95 69 8 62 76 26 91 48 100 100 29 40 98 68 15 20 55 11 49 48 65 77 5 74 40 67 82 6 52 32 80 
8 94 63 99 44 53 26 96 19 30 43 12 53 15 68 85 67 68 84 51 28 91 91 20 92 11 60 98 35 89 42 80 47 85 43 65 61 15 55 67 8 21 68 52 66 64 69 91 90 27 13 83 
5 97 53 76 56 97 66 26 30 73 22 83 92 83 47 20 99 51 98 25 68 67 18 50 96 36 61 9 83 66 79 97 71 79 33 28 46 27 66 47 29 2 19 51 3 34 19 86 61 48 20 8 
91 54 56 71 5 74 100 12 7 66 49 9 87 20 85 40 84 94 71 42 51 29 5 8 75 69 50 85 27 23 96 86 99 24 12 38 99 40 79 13 18 23 52 73 20 30 51 70 61 21 49 82 
93 48 97 21 15 83 82 71 17 85 71 26 24 58 30 82 48 99 76 38 4 67 12 53 11 51 8 26 83 0 82 51 14 1 10 32 48 93 60 56 68 18 33 69 29 31 3 1 6 47 84 58 
8 86 51 71 97 81 98 41 96 64 7 65 76 93 78 11 44 7 22 94 59 23 75 69 33 57 85 38 43 18 3 34 36 14 32 73 59 72 94 45 73 31 4 65 73 9 97 16 41 54 1 31 
69 64 25 66 73 35 81 29 72 12 4 84 57 25 88 65 54 23 81 14 38 54 1 15 62 4 78 99 30 45 77 0 12 90 29 73 80 88 62 6 89 90 67 55 50 92 8 42 40 61 98 23 
91 17 95 75 0 92 54 3 36 26 59 68 99 86 18 87 57 79 12 44 95 89 60 92 39 35 87 75 4 36 52 53 83 72 60 89 68 63 76 86 36 6 82 32 25 59 28 65 67 71 51 13 
9 41 19 76 95 36 5 22 35 3 97 85 33 0 17 94 65 64 82 21 41 4 59 100 76 26 25 37 92 0 54 14 77 1 64 57 89 14 95 66 37 42 47 99 91 51 88 25 26 82 86 46 
66 90 61 47 5 44 64 22 95 9 24 19 2 76 60 41 53 54 13 2 23 7 65 45 43 58 29 84 26 91 61 65 77 7 14 45 46 23 37 84 92 100 64 75 4 20 85 43 78 96 1 75 
71 60 93 78 43 84 29 78 11 88 59 98 58 25 1 91 66 29 35 16 72 80 73 48 60 81 100 48 37 86 80 84 51 80 57 25 15 44 44 100 86 98 65 7 52 26 84 52 71 83 33 24 
2 38 0 58 22 75 97 50 25 19 74 67 30 72 49 47 8 25 55 21 96 47 29 72 63 42 58 71 98 98 26 24 83 37 82 96 94 96 19 10 64 65 37 59 26 18 76 99 68 0 71 37 
