136301 142868 160024 143143 114729 136875 145921 121050 129260 134360 165012 139836 164312 121444 151274 139579 140210 123001 128370 141345 154453 152028 135712 139301 126606 110010 129454 154700 165344 128732 149205 142891 140458 156743 141989 138497 143724 148103 142665 138509 170466 144893 154752 146272 134250 124127 148627 136479 135783 126922 133294 108089 
149647 157097 177130 145840 137310 143113 161702 128245 142316 144999 166805 144741 177338 130026 169947 156690 160528 123561 139495 151101 173557 162287 137329 159097 145083 125475 155506 169147 176806 137632 164707 160526 155268 154485 162715 144599 140546 159577 150531 142960 166659 166052 170591 158591 146269 133129 165083 155036 143999 138452 147499 125742 
129897 146185 143773 134589 124432 125848 147687 122905 123523 136161 156103 147479 140054 117923 143799 135902 151011 118909 123935 138573 156298 137420 131616 140467 135196 104087 133383 158238 157741 107693 158421 131956 131098 144149 141918 127393 130259 139051 143533 131224 146953 139755 145009 146039 135053 134652 142487 134371 126194 127664 135930 124486 
105522 121631 126394 114769 100676 109091 112494 105628 93615 107153 119235 106253 129474 103635 119580 123639 114370 102637 101288 108755 126947 114469 113643 106714 102670 90855 105906 123969 123563 86868 131956 115503 113669 120553 115106 118889 103166 110472 106870 103618 114367 118376 125973 108243 110664 111382 119214 113016 109649 102695 116399 100825 
106911 125493 133606 111694 107725 114665 123353 103758 116725 111377 133979 109840 126844 113879 112802 111251 120628 107184 113575 117335 128768 131054 111306 131380 115716 100836 107446 133984 138265 109429 131145 127787 114125 121924 127712 117591 118478 129710 119448 108969 136110 128782 128718 125649 114287 113175 125385 119628 105944 100976 123120 101582 
150384 154434 163490 150963 149429 150596 155374 133022 157040 155417 174062 153573 154154 137153 165346 161468 155278 122320 137270 144900 173131 154184 144769 164919 154436 127330 162387 167809 179229 129800 172715 159379 143335 154642 158966 143934 141737 151771 144198 139599 180435 167345 166291 156020 164163 146469 165287 157627 155085 146988 160699 143915 
109297 122212 115859 111932 98163 117647 122139 106363 120189 111433 139636 111689 123268 101608 112040 113768 132699 92593 96939 109972 126515 111024 100556 116062 106663 91847 110618 129713 142466 92920 123141 126351 118956 119142 128517 110870 106102 117356 99860 106720 131883 119508 120520 114459 118611 96053 125386 114805 93287 95923 108618 102239 
108676 115171 131723 113486 90916 125211 113682 102041 104344 115147 137540 112821 124719 90831 134839 118570 123448 95187 98922 113987 135243 115718 103717 118589 113762 93283 113065 128425 133864 100682 128237 121010 111129 128206 120069 107841 108898 116643 112264 116519 126664 118181 119177 118981 111817 106667 117930 118080 113800 107826 112113 101753 
140486 155423 155867 129124 122675 131827 144659 123097 142065 138583 151898 131589 142458 127207 142077 148873 156466 117626 134070 125480 168673 143785 119144 154012 135134 120415 141817 145984 150716 118476 159199 139784 140158 132306 142537 131712 117740 140873 128792 136419 159343 161314 158383 152919 149473 120818 152129 147094 139881 129299 132006 122125 
155102 175244 171554 151325 130013 150995 166865 133035 159622 140340 166765 158413 169197 144574 155311 159679 162705 131513 131054 150123 168377 154383 132946 164210 139926 136894 132819 160462 184166 124672 173883 169293 148689 149341 159185 161776 142571 157770 141436 147367 178269 174357 183430 156947 146695 136488 179747 154584 140598 143269 141967 123158 
137125 153778 158628 140907 134655 144366 156980 129629 148632 140210 169893 157485 155338 125800 155393 142549 152254 129476 131337 150356 152943 148248 132515 157391 139333 118982 136603 157671 173543 118938 167072 143445 142999 136271 145672 148192 137922 146156 131150 136218 159134 154050 157536 139400 138428 142665 167368 144876 131790 139294 145302 123291 
136421 150862 160587 141797 137298 150966 143162 134488 140612 137119 163426 136986 159003 131107 159343 156059 151937 131801 144988 141051 171431 149572 145863 150421 137601 108743 149202 152677 169180 119316 174274 149805 141008 144807 148590 142642 135348 143895 133761 135473 154653 158881 164745 136804 146467 138869 170254 151735 149991 140412 146246 126181 
127308 145189 162119 139285 124255 124307 147195 123769 146476 134067 148321 138327 160433 121659 143608 134402 136938 122513 127656 130661 144025 139872 139712 150346 138622 113623 122961 151622 163649 119321 152238 139101 135649 127403 145936 139521 135253 140006 138387 118186 150799 139453 160634 132483 139956 135308 144250 130700 126908 126751 130525 100646 
120177 131463 142297 124138 112732 125235 138320 121363 129748 124891 143485 138996 127827 109774 123086 132685 138353 104207 123278 114537 144016 118520 118175 137809 126747 82811 128324 136923 159621 101887 145237 134505 130526 122944 128799 116659 117725 123761 131993 127865 136776 129247 143563 125004 130982 116820 126423 132061 118960 102944 126443 115869 
140642 144180 160388 144158 115090 123497 145058 129057 137905 145525 152261 149487 169488 121206 146768 144963 147799 124038 125126 143744 145142 148682 137268 135277 132733 105109 136279 154031 172849 119709 152685 142377 131469 143087 147453 144448 140207 145290 149347 133126 156684 142063 157362 146421 140319 132371 147566 139883 121129 126452 125940 115025 
116786 124189 116813 109263 103509 115240 123486 101053 112050 117420 125340 111844 121536 93750 119706 112263 113815 97565 107518 113751 127177 107534 107144 118870 108469 89613 108571 118214 130114 94896 133018 109558 108530 114365 116123 111553 98694 109507 116915 109693 127358 127747 122128 116031 102296 99227 122848 118186 112186 114181 109397 93678 
124359 144383 155934 124917 124645 129019 149787 134019 132095 130229 146302 128816 141509 118561 131773 130747 142695 113372 138892 129339 148831 124981 125680 140315 142403 99953 132217 144876 157510 113707 150451 141342 139101 133519 137702 143347 134343 135819 133354 129499 143893 144142 154912 138038 129779 125914 145572 134075 117746 113962 135453 99634 
122206 127632 152907 133943 112038 127967 149072 121004 133634 129800 154169 141392 146031 110665 148649 142016 139600 122509 122746 133627 143045 140573 130224 137355 135466 117984 122111 152360 155376 110232 150559 130738 140225 137848 138747 139954 125995 147833 128870 126331 154336 147555 150337 138936 141531 127874 147892 125300 124142 111807 122769 96945 
127415 136917 145398 116319 113359 114263 139376 112864 124486 120376 141843 128235 122448 108647 126570 134020 120192 115747 122660 121210 143076 113799 116848 134408 127366 105006 125789 132152 148280 107951 147735 124557 112830 125492 123212 128976 118379 128772 129608 126506 140563 139290 148568 136409 119903 119978 130462 127726 120444 110255 124486 87887 
116233 130213 150555 128910 117036 118189 132388 116607 125421 120795 150435 119495 130799 118824 132492 123167 128630 104340 119887 120978 146928 125807 115405 139134 115571 100063 129027 137192 153800 105990 142321 131029 123220 130782 135208 118220 118375 140030 124722 134862 146045 141845 142240 131955 119504 107075 130337 130077 127571 103930 133921 109988 
106612 131833 127257 114562 112329 118714 139582 106489 115831 129274 120722 121116 122716 107954 125348 121653 115053 93204 111944 117972 132516 120056 100033 132067 121696 104534 107758 129509 138113 86315 138327 117756 106155 106777 116433 129551 110249 111669 118554 119104 129658 135767 136903 120582 115988 113077 127580 125629 108549 108243 106362 95897 
120464 122124 155522 132140 110401 118856 135666 123256 133252 118581 150773 132379 149817 103838 132951 130308 133546 113741 127265 133899 135840 133539 124931 131071 118866 102461 129910 146046 150175 126056 152262 136471 132440 138468 136175 126775 125315 136701 145513 111190 147447 130329 145361 131739 131255 107426 136836 125786 129190 118327 125613 100241 
136924 147164 155509 140694 120880 135467 147023 119623 131033 125238 165461 145251 137828 127958 144663 139788 150161 122547 125212 132992 147560 138703 131251 147726 118313 101827 129255 150329 153807 114236 160833 143672 139468 141646 135006 133724 126139 147273 131298 145227 155039 150569 154511 135179 133700 128788 164168 135530 133759 126751 136902 120217 
121617 133401 160713 147915 128487 146213 154394 136324 134126 121310 169963 141374 156643 127801 146040 146778 151735 130063 146364 136969 154280 153058 132164 144946 125809 111867 129654 159997 155774 122296 162646 142705 150914 140890 145033 144575 137574 150173 138810 129599 163879 148053 168459 135722 144911 128566 149929 132707 142802 124178 145040 110183 
116038 133272 133428 128115 103132 126018 136312 111767 114465 117955 135112 136499 124112 109814 117306 119720 129589 104670 111918 118810 133381 123096 109295 135984 111739 96772 116428 129963 145391 106970 144659 135702 113130 122049 125406 121702 113336 123804 125152 117552 140890 128470 137219 130023 114969 115641 137231 134195 111916 108959 114215 113279 
132978 142117 149609 130171 117599 127686 138897 118156 126962 137250 149384 132190 144249 105668 133980 133424 133452 113638 127948 129780 142296 124930 124093 138222 129108 96122 132804 133508 151598 111460 146837 133196 132467 142383 131452 129957 124940 141544 137181 127179 148418 146435 139713 135419 132985 116588 140396 139420 119179 114800 128845 106850 
148457 151170 168214 151141 136872 149972 163833 137386 151784 147875 179306 159528 156717 123190 161070 147743 162711 137076 130470 156650 160300 143632 142122 155320 151243 122302 145766 176429 175982 125359 176405 152366 148979 163461 153398 150547 141528 155243 148062 145708 162010 159599 157842 156127 149384 144570 161211 145267 135658 136081 149998 124991 
123816 135402 144149 130598 109330 114840 136413 115888 121297 127775 148476 124498 141139 112852 122896 132186 136894 106181 130104 122857 135262 120685 114130 130896 122544 105625 122387 148092 145424 108512 140547 122401 129783 130777 141619 125341 122349 132487 132819 124840 144670 124424 135301 125366 128487 112403 136837 128746 120716 114078 121611 101082 
133029 139671 137199 126371 101578 124147 142978 105952 122441 131503 146232 126643 141680 108731 122183 124872 142890 110214 112020 134302 141109 131880 117182 132336 116551 108939 135111 144099 138137 114785 150526 125728 114436 141920 131088 124815 120874 124459 138516 125891 152017 135168 133807 139522 123447 116114 139355 136788 124282 124485 104433 106615 
118865 127545 138388 117510 107106 112177 125991 113104 108733 113880 139205 113626 135542 98362 125173 123142 121871 100493 113243 117222 135809 114897 112979 127068 116627 96108 130250 136222 149521 102542 128315 123013 122501 125460 126866 107173 119416 131261 127682 117727 135666 121540 138129 123052 113985 106245 114486 123962 118552 100522 119581 101426 
106827 125141 129732 117936 108725 111143 124448 110276 106362 117400 134277 122463 125592 116145 122855 121247 123379 100146 108824 112959 121355 123896 114211 128726 117271 91672 106368 134538 137032 92716 134115 124270 115838 112770 126745 126743 112886 118118 110493 108203 135949 124218 137443 109729 125034 119031 131710 119230 114168 103537 131025 103341 
125598 148109 150359 123920 124851 125960 137689 135243 129885 128138 151781 132900 138014 119200 144545 139258 139849 124788 135312 134515 146786 127064 136060 144391 120854 102932 134780 143320 153555 117268 154868 141590 133173 133453 137947 133345 124547 128669 131204 133136 145473 147774 144265 129463 131178 122715 154211 134575 135044 123262 132488 111564 
128136 127340 136377 111840 106517 114513 122779 103133 111081 109372 120023 122846 121308 100422 128139 122762 122054 100420 104063 113396 129190 113866 112810 119453 115788 100627 115704 126285 142059 102676 136902 130311 115856 120423 126612 110369 112807 124589 124812 111626 123979 127442 134454 124811 103181 119638 125060 119781 112586 111919 109942 102812 
130082 157911 146508 140357 126930 136277 139383 112921 123714 120550 154017 129959 144494 126985 133349 126877 148260 115403 114662 125688 146964 127445 125703 155252 128941 113789 123831 156241 152592 116821 147342 140130 137937 131179 141005 126117 131649 137934 128911 130907 158676 141310 144506 145673 138830 135149 148900 136552 124308 119997 138581 122919 
113125 121230 118072 112974 111725 112468 118050 104580 123057 109650 132892 115082 130371 99517 128932 125815 122729 96419 109649 107552 134223 118453 109552 125098 105957 100173 123199 136574 136099 104791 141575 119375 110397 115305 117240 103808 106358 117789 120486 108743 127364 126307 132323 119873 120601 105723 123331 118881 123640 115950 110351 111894 
115269 111461 144538 130043 119799 110398 127601 118548 122591 119482 141378 124402 116921 105768 125028 115684 125192 108526 124088 111546 139600 120428 117289 124655 134215 93730 119045 135137 148612 100549 142835 123190 121252 124433 111535 127914 123175 127401 119772 99777 136358 126575 155924 129621 128969 120468 133038 121589 112727 95344 126037 93509 
129813 132701 155070 135707 123220 122251 143993 119382 129006 120910 154192 129446 139135 124510 134811 126861 133398 129632 121933 117284 153084 129537 130524 150438 133324 110180 122341 160049 158206 119442 149676 138369 140336 131293 125600 135178 125630 141037 122861 123354 151023 141517 153806 131741 136994 135341 144259 137849 123037 118554 139174 104760 
121820 133182 124426 118340 104094 116933 115772 120269 112977 109626 135921 123765 122994 111135 115391 129596 122126 110133 108262 109219 124377 117109 116837 123661 106322 93607 106971 140639 129328 96743 138243 118421 123279 128381 116375 121882 107747 116512 122876 113074 137732 129751 133409 118606 136774 107080 124520 119346 115701 103355 118311 116552 
148698 157210 154412 147062 127575 143323 146620 126866 132954 139840 165672 151928 157960 122602 152999 142718 140145 136096 126091 132988 150252 141018 143654 150191 134746 118764 134135 162909 170648 112528 165343 139848 148091 137969 143613 145038 139461 145387 131184 141388 160736 158715 163637 142636 134292 137204 150556 146135 131122 122303 140051 112025 
151457 156097 174574 146538 120694 148825 157507 139645 149158 146189 161988 145243 162458 129188 157460 154213 159838 130106 145554 142732 163341 157247 142225 153369 137928 121934 145686 166000 160324 133193 170095 154391 151607 154160 156684 146509 142514 146172 152132 145457 167571 156281 164403 150640 150133 135908 150959 155875 142603 133513 142883 127176 
129463 145432 166129 133659 138034 134717 146028 134740 155276 133348 158279 131445 152910 138994 144488 151436 140818 114539 144509 130795 156004 139418 132410 159007 141165 115072 137273 153254 166216 124694 161674 150611 147712 134586 164896 139199 136512 149321 132064 131548 161744 154472 160185 134511 144723 125402 160414 139716 137914 130039 149912 112380 
139852 158576 169612 146250 131068 134465 159481 121231 142438 137989 164239 139342 166844 131315 150545 141922 156730 123330 136773 138419 162066 151843 143921 151577 136065 116953 145135 163311 176853 123978 160926 155384 155899 151525 151614 136635 153219 164450 140823 136307 160170 154494 161819 148147 139789 131831 161922 142926 140960 122631 141188 113692 
131226 132324 162970 133460 119105 138243 143417 113733 132121 128721 156950 133980 153117 110889 144308 123398 141986 118356 124823 146789 151522 137325 123216 146555 136262 113089 135385 147159 157516 127717 150960 133837 131591 142905 141752 130978 132291 134360 137125 122567 155392 135037 143194 147355 126613 125278 141070 133332 130088 129706 131203 102892 
127872 143868 171327 126645 127707 130731 149496 117841 146904 130227 140891 136601 155275 124212 145349 144135 135347 111779 123654 133846 148909 134897 129655 148037 134544 110085 132645 128542 160033 116548 144728 149192 135149 130459 146883 127563 125471 138487 130734 126736 145705 145386 151051 133964 130776 118996 146661 131899 128472 125449 129276 108223 
111567 129434 136013 120201 106564 130140 127419 111967 125906 113709 139282 128041 128200 113802 121145 131385 128599 104691 108590 120743 122458 116033 114017 128909 114130 94299 111239 120058 144800 95876 138709 133563 109927 108690 134663 125377 112498 112291 116360 117989 136172 128276 140533 119589 120322 113525 130624 116557 107419 100449 120680 97803 
134549 144119 145212 133752 114327 127566 135021 114604 125618 128670 151227 136030 126560 120525 138071 125158 142436 114595 122987 130211 152674 137023 114555 151238 130552 123314 133166 154750 148784 111003 149763 125633 124349 137717 130633 132177 118083 133515 127245 127299 155227 139517 152712 143257 137406 126774 146128 140170 133673 123964 123687 120216 
132308 147662 156361 138535 127775 138269 148540 118594 143504 121692 151544 136651 157905 118825 143117 139987 130046 116800 122650 131963 140510 135932 125027 137349 121810 108878 127222 150834 156476 122044 151171 139403 141718 136549 140871 132490 132629 141873 132852 122853 154911 136061 157799 122100 139718 121458 146496 139930 123899 126583 132568 112054 
140702 152719 168892 152762 141378 140023 153009 138152 150032 152605 171585 158211 162398 119089 163298 146467 152963 128142 128386 142117 161188 149382 144022 163906 142716 108534 147071 161610 178302 122926 167759 150059 137454 148967 144804 143562 140167 152649 140799 140566 162156 166991 167511 149557 151339 142909 162008 147689 135292 134000 139167 130340 
130958 130635 142904 127968 121833 121160 145039 119382 118818 128248 148543 135675 144371 105416 144309 136371 135917 115579 132129 132454 143529 137806 128372 130489 114100 94522 149443 152693 156828 113161 154280 133833 122037 128450 128591 125076 134484 135095 140929 124527 142474 137594 151603 122485 124679 119916 136119 143472 126508 126233 130094 107049 
137288 139702 127056 120699 110898 135087 127199 117702 127234 118628 145046 121290 132507 113784 126107 135975 134231 108383 116123 120105 140403 132484 118342 125503 117372 107397 125984 133040 139149 105078 145474 132507 125871 137365 132711 116687 115884 134666 123554 112754 147851 143578 139385 131879 124384 105134 136006 132433 129306 117341 132076 125611 
147503 162124 168784 154579 141754 150532 165791 148545 149165 154007 175732 153965 161697 131843 155944 153689 155337 131639 145334 144797 166121 152677 147766 171900 161051 119691 143160 176958 176392 135160 174121 153843 139478 151884 162592 147190 155290 151854 158540 142466 177475 165663 169527 161348 152412 152824 162980 155728 144527 133458 159567 131966 
130156 144343 145907 140146 118557 131093 153476 120887 133470 134848 148291 142518 153597 118014 138606 142494 145003 116197 126925 135049 157358 136206 125909 142194 132681 107250 133258 155984 161177 109055 141739 137457 132542 144370 139318 135189 123793 143095 131503 133958 153827 142420 146120 142736 139181 124435 147881 136950 128384 127364 126602 122323 
