40 48 70 33 69 88 30 69 0 65 7 84 27 20 99 39 0 28 65 17 16 83 62 37 20 37 37 84 72 60 100 72 55 20 81 31 15 85 13 36 70 69 61 90 0 72 31 76 2 1 90 52 22 
31 34 6 91 88 91 92 11 12 60 58 27 20 16 9 13 12 52 66 69 74 66 17 65 51 55 44 8 39 0 82 30 31 61 0 4 80 79 36 82 75 79 42 69 13 59 37 89 32 83 94 9 26 
97 64 36 65 30 20 60 51 78 10 69 23 18 80 8 82 9 63 14 20 17 18 77 60 81 31 28 23 16 97 92 72 19 42 16 77 44 100 13 24 60 98 28 61 87 44 38 63 56 25 48 74 6 
85 37 24 100 9 28 1 33 17 51 41 68 96 12 13 17 41 51 69 41 22 51 11 40 9 42 37 39 18 0 4 66 63 39 36 37 50 16 97 93 40 79 56 90 100 97 9 65 10 85 65 81 56 
23 100 60 65 35 52 41 82 59 18 95 87 47 11 80 19 4 68 80 71 79 15 98 80 29 83 79 36 23 28 33 39 52 66 92 99 70 55 36 38 55 63 1 53 30 30 0 16 77 4 18 2 40 
94 77 30 96 34 86 16 54 39 31 93 58 82 46 67 92 72 35 21 25 46 36 30 55 50 96 44 8 22 21 62 94 64 37 58 81 43 71 87 90 86 65 10 78 15 63 26 70 65 54 64 63 97 
29 25 45 26 32 93 61 68 48 29 41 7 24 33 43 49 48 74 98 63 42 53 39 18 89 80 90 55 15 39 91 46 42 47 33 95 28 81 61 1 61 14 14 54 29 15 91 53 42 72 98 63 24 
38 63 56 67 91 87 45 96 29 65 19 10 91 43 94 25 17 38 7 59 73 42 28 7 16 72 87 95 34 30 56 50 32 47 69 77 95 39 62 36 26 59 98 12 20 40 8 77 34 84 57 77 42 
41 71 34 17 43 61 47 56 84 16 46 39 83 93 32 14 74 48 33 9 27 81 83 12 67 18 96 64 89 71 47 7 75 40 63 89 69 98 60 58 8 34 1 47 70 66 74 98 73 3 5 85 71 
75 88 16 26 83 90 31 26 72 100 62 5 48 86 14 18 93 18 20 67 30 65 21 30 56 6 77 97 63 60 45 84 96 36 28 100 59 74 15 62 98 31 12 31 15 57 46 95 10 84 24 78 48 
1 60 90 63 67 92 6 36 84 20 33 66 5 33 17 7 12 61 20 41 39 38 65 69 61 13 13 84 53 12 41 32 98 99 85 95 59 76 49 43 19 88 23 2 16 14 7 55 56 51 65 80 21 
60 90 85 19 86 26 87 16 90 19 11 88 28 67 90 46 18 14 95 96 6 11 83 96 16 0 63 30 20 25 31 45 79 34 73 91 50 67 51 7 57 3 15 19 88 37 74 45 95 69 32 19 92 
61 26 77 33 2 71 11 26 13 77 54 30 40 17 64 0 97 57 35 62 5 93 6 50 5 68 47 5 95 88 97 84 51 75 100 86 29 16 33 40 19 10 32 70 66 8 100 16 57 83 1 81 66 
82 36 76 23 15 39 0 14 71 33 42 62 59 79 70 89 28 36 60 90 28 73 96 43 72 43 94 71 29 89 78 25 67 25 52 31 53 51 14 63 53 69 27 97 13 38 47 10 22 36 50 62 51 
41 38 15 75 94 35 91 16 37 8 66 87 43 86 3 100 30 40 20 50 58 35 79 73 85 67 80 86 86 23 88 52 65 1 89 53 50 52 30 74 57 93 41 70 73 34 76 78 95 96 62 75 23 
23 67 14 53 94 29 85 34 64 92 95 50 15 79 29 56 10 62 90 11 13 79 50 92 90 99 8 84 0 58 65 66 61 33 22 50 34 27 75 2 52 66 24 32 57 6 99 72 72 30 58 38 95 
16 77 51 6 21 88 86 23 32 84 7 36 69 22 52 82 63 13 58 61 16 46 15 5 84 96 92 70 80 24 74 50 31 66 59 56 50 33 24 77 21 18 18 66 9 70 23 54 34 98 36 60 5 
19 16 10 2 75 33 22 7 74 97 24 1 37 38 52 84 56 53 12 12 18 76 30 47 62 40 95 73 94 37 10 97 69 6 11 38 6 12 64 88 39 98 29 91 50 1 20 69 66 7 15 61 45 
31 99 48 48 36 29 24 53 54 91 9 58 28 10 11 76 50 16 87 23 28 1 63 79 77 76 30 10 100 56 65 66 90 67 24 3 30 1 50 9 34 79 70 71 78 14 77 55 91 89 60 15 45 
49 20 60 42 43 21 60 68 98 95 72 84 45 30 80 84 77 40 92 71 1 45 47 4 1 14 62 40 74 34 0 34 4 56 79 67 97 77 98 10 84 29 23 89 12 5 78 91 6 59 99 82 18 
42 99 77 68 42 40 28 40 29 30 44 83 30 97 25 85 49 73 43 11 4 78 15 99 81 47 71 63 30 39 55 69 65 36 6 33 81 46 81 54 12 88 88 22 51 4 13 66 31 84 58 64 13 
99 90 2 21 87 97 56 66 75 75 11 67 9 60 95 19 86 36 68 80 59 82 81 7 80 0 45 83 32 31 85 77 95 8 100 3 61 13 92 78 100 13 85 86 91 46 43 54 47 98 41 97 24 
92 79 0 18 98 34 63 94 10 33 92 29 63 14 8 68 72 89 64 48 53 26 12 64 73 17 25 66 52 94 96 21 69 40 61 25 33 21 86 58 15 46 1 80 82 61 0 39 85 85 23 61 73 
84 48 100 91 71 85 6 97 47 14 0 27 54 32 2 0 30 82 0 64 43 60 100 22 77 7 28 65 49 46 77 99 65 2 37 85 95 81 36 58 49 34 80 66 81 74 26 70 58 74 81 49 76 
24 47 94 77 16 47 62 20 42 11 5 78 69 24 42 56 34 82 59 31 43 67 78 65 95 62 2 84 13 13 44 9 34 40 83 2 15 27 45 100 67 2 52 73 89 70 85 70 97 55 59 13 23 
64 19 54 58 46 1 48 43 94 21 85 2 56 41 56 44 37 6 34 46 82 14 4 7 12 26 79 46 86 84 24 14 65 77 88 55 90 17 69 27 35 28 49 88 48 77 37 22 95 89 56 59 15 
13 98 30 16 98 60 15 7 36 14 76 64 70 91 45 85 11 20 54 37 53 61 45 32 1 13 90 73 40 26 98 29 6 8 26 19 100 77 99 55 45 46 71 25 7 28 38 77 95 15 71 68 97 
52 36 75 29 80 47 79 89 53 37 43 29 40 28 86 86 24 30 21 1 90 51 54 83 98 4 72 3 44 19 43 95 16 37 60 93 61 21 89 9 66 48 30 25 84 41 88 87 4 70 71 10 70 
10 89 17 27 52 13 38 89 81 99 38 7 93 40 8 13 80 7 53 29 19 96 87 58 92 37 74 36 18 20 20 28 53 45 69 4 22 95 84 35 59 73 87 27 52 89 13 10 82 7 84 36 17 
37 27 50 12 1 63 93 0 81 29 33 24 84 23 86 81 59 57 41 5 20 9 40 66 72 82 64 2 63 93 54 50 16 15 34 54 33 9 89 27 92 96 82 76 90 30 57 89 85 98 68 75 94 
73 90 19 60 57 95 6 65 52 32 26 45 54 30 37 81 1 59 59 78 76 77 25 56 74 28 25 69 2 50 78 75 58 30 76 1 5 9 47 30 32 47 19 93 87 83 40 99 39 97 52 83 40 
60 74 16 74 49 67 14 98 62 19 19 1 95 57 55 93 25 43 48 53 77 4 33 6 65 16 9 46 17 11 45 25 86 39 76 29 74 0 56 65 91 65 61 32 7 13 32 9 52 94 98 64 54 
24 50 71 46 99 57 68 62 72 35 77 10 96 45 6 27 11 17 83 25 84 91 68 93 48 32 79 76 10 54 82 0 3 77 10 89 34 1 55 60 7 19 1 3 71 80 87 66 55 14 50 72 25 
64 57 17 55 83 89 58 22 45 48 8 20 71 23 14 24 6 63 64 66 92 98 45 67 8 62 75 61 87 79 6 55 48 17 55 87 63 55 59 0 69 51 32 46 18 18 43 34 31 70 71 67 85 
75 100 19 49 33 67 15 26 14 55 75 7 18 35 84 93 62 0 93 69 71 19 82 15 74 6 12 53 4 100 92 31 26 25 37 72 31 14 19 83 79 68 80 18 81 87 65 23 13 83 19 95 66 
55 79 91 28 75 71 41 81 46 40 87 62 57 67 55 32 68 32 55 80 67 80 28 37 81 84 3 84 22 57 15 36 29 76 76 41 55 93 46 91 35 2 29 30 26 92 72 48 1 35 62 53 45 
10 27 79 77 97 61 43 48 61 47 42 2 100 52 92 37 73 6 29 77 74 25 12 95 54 68 75 28 39 35 17 87 56 68 32 88 34 40 68 27 92 4 91 76 46 88 99 52 9 87 77 19 97 
4 77 2 57 15 93 45 1 61 43 1 78 77 6 79 0 29 27 2 95 2 73 42 35 33 18 12 68 14 29 51 40 79 91 62 55 71 48 24 60 96 12 26 69 27 30 93 4 84 22 81 3 3 
62 51 49 78 16 18 41 33 6 52 44 32 62 80 27 60 44 38 12 49 88 60 64 92 38 4 45 33 77 37 85 8 26 83 47 30 90 64 80 8 1 23 25 43 20 66 7 24 89 92 82 26 65 
73 60 71 62 16 23 87 17 36 21 20 41 38 76 54 81 23 31 21 3 76 3 65 42 95 73 37 24 56 41 22 9 25 21 15 34 23 29 44 100 3 20 22 0 62 65 61 7 21 91 66 18 71 
87 29 43 64 77 80 93 76 8 37 14 33 38 21 48 6 38 71 50 65 47 35 11 97 34 35 46 24 37 48 72 63 6 85 9 15 68 22 50 27 26 63 76 99 67 73 48 92 66 30 89 71 67 
94 94 88 40 46 10 7 23 12 30 72 29 7 95 88 19 20 65 61 21 65 55 38 8 1 53 37 60 64 69 33 5 42 21 66 43 99 81 98 75 89 48 34 54 25 48 79 57 12 78 65 24 63 
36 81 4 70 81 38 68 90 85 82 35 24 23 100 76 60 51 28 50 84 19 74 7 90 59 69 35 91 17 81 24 92 69 84 66 80 41 1 38 43 59 12 58 95 47 23 93 17 72 66 17 97 81 
47 22 69 92 96 30 96 60 86 100 31 73 61 22 38 59 13 48 100 0 64 95 25 1 13 50 81 33 58 38 31 42 47 86 10 29 81 25 11 6 55 85 76 9 91 64 96 78 65 39 99 26 82 
65 44 71 31 17 29 26 30 11 2 66 29 65 15 10 11 34 64 24 0 85 53 42 95 74 95 99 20 33 82 45 2 93 22 21 17 97 96 90 78 52 80 79 20 76 27 56 59 30 3 10 98 54 
23 2 2 59 34 70 86 85 98 93 27 20 86 55 86 43 69 33 52 61 51 19 31 82 4 20 59 81 23 100 88 42 21 25 50 11 18 94 26 30 29 91 77 44 73 90 61 5 75 60 73 52 96 
18 93 36 69 22 11 33 23 53 15 99 16 97 88 11 13 74 26 48 62 75 15 55 66 74 95 1 35 50 68 7 42 37 70 76 3 64 14 43 15 42 83 33 53 92 89 10 70 95 2 35 34 46 
58 28 67 91 4 31 36 59 94 60 84 63 32 40 51 81 0 40 88 6 96 70 49 45 8 18 77 4 13 4 28 37 6 56 66 2 43 47 13 54 44 27 41 40 27 99 66 21 76 64 71 65 23 
97 15 53 98 55 15 60 98 50 81 78 70 77 25 17 84 71 33 5 39 46 63 31 91 62 69 14 26 73 76 59 60 0 39 28 53 34 30 60 27 98 58 31 43 90 84 98 51 36 56 27 8 29 
18 74 86 45 35 19 98 70 80 50 70 9 68 74 35 63 44 94 63 79 47 44 93 55 54 44 82 18 91 91 90 19 45 11 81 61 33 73 94 1 87 40 44 2 82 11 53 73 25 37 45 52 93 
74 96 41 58 37 7 38 2 43 91 44 48 8 19 62 44 10 66 39 84 12 20 58 24 45 33 46 44 63 28 7 36 65 25 12 16 9 25 53 18 69 74 100 64 44 16 92 80 32 41 78 88 100 
18 25 63 78 18 77 61 69 32 64 29 44 39 37 73 26 18 20 70 1 61 55 47 53 49 70 40 34 11 79 19 61 26 93 17 39 41 0 20 14 3 87 59 84 60 13 32 80 37 67 8 46 9 
44 51 98 64 69 51 79 71 97 96 19 25 71 14 73 90 99 2 47 97 6 20 19 91 33 17 93 14 5 82 100 65 97 39 62 46 31 49 37 57 63 14 88 96 100 69 65 70 29 17 52 72 3 
