78 76 90 77 150 172 74 78 48 155 10 97 39 107 157 87 10 62 74 94 25 139 141 72 86 94 74 166 97 138 103 143 84 91 173 89 19 182 92 36 94 110 102 126 25 129 77 117 83 56 179 77 37 
105 104 92 125 176 167 116 63 46 62 90 124 41 27 61 73 104 67 164 71 172 107 19 87 80 93 98 105 116 27 102 90 110 103 60 11 100 137 131 85 136 119 82 77 100 76 58 184 119 138 186 62 26 
135 137 63 147 95 56 101 79 170 10 129 107 25 125 34 150 83 156 93 52 54 102 103 132 141 67 57 61 75 113 186 112 62 120 72 122 55 162 87 90 133 183 40 68 125 104 85 65 114 105 148 143 58 
131 93 117 175 56 87 16 63 106 135 115 149 164 23 69 22 95 66 124 42 79 98 84 96 97 142 123 64 54 69 29 104 103 89 110 87 131 64 105 177 110 109 92 148 156 172 80 85 66 155 99 144 112 
36 127 90 114 94 72 89 157 147 80 112 179 55 77 161 35 18 119 86 135 163 84 113 151 84 123 114 88 91 30 89 68 102 144 136 193 73 143 73 77 64 147 84 56 70 56 2 46 81 96 39 66 90 
127 125 121 126 109 159 59 114 99 116 138 158 83 83 93 159 114 38 53 91 118 118 31 114 86 115 46 53 25 48 118 101 109 87 154 91 106 142 144 175 140 73 66 78 92 139 125 130 126 154 137 111 143 
31 30 122 32 79 106 89 85 98 94 63 34 96 38 93 63 63 130 174 120 52 57 139 116 110 86 166 59 92 84 120 128 140 87 36 142 32 162 106 25 124 37 61 123 95 28 94 82 102 89 102 70 118 
124 72 135 159 141 175 50 102 100 153 87 53 187 88 122 80 38 69 105 124 99 125 95 32 101 151 185 150 104 78 152 93 127 113 89 169 169 81 120 126 59 77 105 61 39 52 10 148 64 172 77 103 130 
52 144 100 79 96 161 123 111 156 116 144 118 88 164 49 57 166 66 66 57 112 126 150 60 82 48 175 127 157 134 127 50 115 68 71 152 117 171 77 64 39 108 97 51 142 102 142 125 140 85 70 105 130 
77 152 38 35 101 121 34 57 166 104 83 16 69 174 114 85 171 110 44 78 58 82 46 68 95 43 166 127 148 115 96 178 150 99 99 151 79 103 20 124 173 47 53 57 99 145 139 119 77 129 54 102 138 
98 148 106 116 162 146 105 86 115 37 92 136 70 99 66 75 37 141 105 141 44 121 147 100 105 97 25 108 140 20 90 101 194 154 172 195 152 173 124 104 113 155 62 38 65 82 101 65 75 53 66 162 22 
153 112 104 45 114 81 161 91 190 40 82 112 56 111 156 106 30 25 124 126 56 21 91 153 76 11 103 69 85 109 100 75 84 55 173 177 114 81 138 10 67 59 82 52 93 38 171 145 151 157 50 98 109 
96 49 121 121 22 83 54 65 96 124 61 42 49 97 131 4 179 113 46 72 59 129 30 128 28 164 104 15 161 122 111 167 97 114 124 174 78 74 114 48 39 78 76 78 117 69 193 40 121 113 45 95 128 
108 106 166 95 41 76 99 52 100 87 59 105 131 151 83 178 48 45 108 116 33 114 193 108 152 45 124 90 86 189 91 82 138 70 63 80 61 103 21 140 94 155 37 143 77 47 110 58 100 84 87 91 123 
91 45 29 110 159 79 174 37 44 67 146 119 73 94 98 187 103 117 80 120 124 122 112 172 92 110 83 184 123 115 184 76 134 100 166 106 128 108 57 137 143 186 133 148 76 37 80 157 193 98 131 140 57 
63 142 79 124 157 111 85 66 116 190 103 72 78 110 108 95 55 99 166 33 88 130 92 145 92 124 36 97 66 62 104 145 99 104 118 80 36 107 115 9 67 91 54 66 64 28 129 91 148 54 108 92 139 
65 159 123 101 93 153 141 49 42 170 96 135 69 77 91 176 139 37 123 124 27 54 73 69 184 117 95 74 135 89 134 110 52 122 100 112 86 65 100 124 102 79 30 112 50 136 41 118 82 178 46 75 8 
85 95 10 40 153 129 63 14 171 162 101 6 74 82 99 95 117 113 56 99 51 146 56 123 153 112 108 91 162 100 67 121 96 55 29 109 20 90 157 122 117 140 100 136 76 34 97 160 91 17 34 117 60 
53 103 114 57 130 55 123 139 143 99 87 92 101 15 77 141 63 19 181 118 75 42 122 115 177 111 60 15 126 140 65 85 119 90 28 92 120 9 149 33 96 141 146 147 154 93 83 124 190 170 158 75 47 
90 48 129 114 54 34 147 126 121 189 110 92 118 66 121 180 95 56 159 105 7 135 88 31 79 85 81 93 155 82 6 77 103 141 118 140 149 83 167 45 104 128 54 162 31 52 156 140 83 110 139 120 36 
80 169 171 121 70 76 112 49 100 77 65 182 49 154 37 119 104 154 111 12 47 148 50 104 112 116 105 74 60 81 110 131 88 61 47 50 145 86 178 121 103 92 182 120 52 7 72 116 126 179 82 99 50 
182 107 65 25 159 161 72 105 104 143 76 118 60 147 150 103 119 47 125 117 121 82 105 47 109 53 113 141 78 119 162 155 176 75 146 57 127 65 125 106 101 96 122 147 101 130 44 146 128 145 129 153 39 
133 85 95 78 157 82 71 188 17 54 134 29 160 59 93 97 172 132 148 100 67 46 106 118 104 108 76 147 70 153 142 30 146 94 88 63 114 104 161 118 56 75 34 108 99 158 86 85 160 177 96 64 169 
162 107 109 175 86 128 73 178 109 29 16 62 90 40 102 51 101 181 2 122 62 134 174 34 93 64 70 132 88 103 92 144 85 73 60 179 101 140 53 116 82 53 84 79 152 157 79 88 106 135 181 101 90 
90 48 144 171 44 97 124 22 136 48 57 170 135 109 51 66 90 178 87 45 106 72 166 132 176 81 70 143 110 21 62 66 35 105 168 23 57 84 94 111 145 10 112 164 184 107 118 142 171 145 62 34 97 
120 79 86 131 128 101 119 87 100 84 159 81 79 108 143 130 85 96 36 94 143 72 48 14 50 83 176 119 169 85 70 114 144 121 174 140 122 39 76 28 101 42 98 109 75 129 124 70 169 184 96 124 32 
29 127 127 115 148 86 63 89 92 37 150 145 121 119 86 173 22 56 150 88 139 141 111 130 96 103 104 163 51 108 142 86 19 77 52 86 156 95 158 103 118 137 133 68 78 103 58 78 103 27 161 95 143 
66 40 174 53 112 54 98 135 53 114 91 88 104 96 135 136 24 76 89 29 115 142 72 114 192 67 101 70 91 94 104 143 52 104 109 106 85 111 175 43 135 85 45 94 174 108 119 90 65 75 112 74 130 
95 117 107 92 58 86 83 177 93 156 56 87 181 63 33 93 105 7 129 107 45 108 90 147 108 60 147 77 70 69 76 44 81 80 127 71 37 183 90 101 120 149 153 82 118 183 17 50 165 39 181 74 48 
136 112 91 27 81 109 122 100 143 64 41 50 156 104 178 128 72 155 95 81 22 29 56 136 81 163 90 100 140 94 56 142 89 58 131 60 110 45 172 60 145 105 105 157 127 44 86 147 137 122 114 88 128 
88 101 59 97 90 186 26 111 133 50 67 141 126 110 100 111 89 118 137 130 138 94 41 80 84 115 74 72 34 107 90 97 76 57 130 61 42 62 67 125 81 118 68 147 138 144 120 110 102 136 95 144 90 
153 154 55 166 84 133 73 177 74 108 43 100 175 151 65 141 117 76 132 54 154 73 128 63 118 98 67 125 25 71 99 97 179 136 138 92 136 15 113 145 152 72 153 97 29 105 89 18 103 103 103 163 56 
85 71 132 64 105 117 139 97 146 51 116 38 119 110 50 99 44 51 113 59 109 111 86 167 97 127 122 117 23 65 88 57 8 151 94 185 115 12 55 65 86 95 60 96 76 135 138 155 145 114 143 154 96 
90 63 42 153 111 96 93 121 144 101 77 52 156 51 101 87 21 132 137 86 175 168 142 126 23 136 97 127 99 170 21 112 132 61 130 179 68 59 78 57 102 87 87 132 94 118 71 89 96 89 89 139 104 
105 196 103 55 80 74 73 123 93 80 164 69 89 79 110 165 152 37 118 98 90 28 95 103 104 31 28 138 85 146 188 40 46 112 80 74 119 62 58 118 145 154 125 79 180 139 133 56 102 166 79 150 96 
98 141 159 108 165 165 130 171 111 51 117 162 136 151 143 126 95 49 108 88 100 104 28 90 104 176 26 166 103 74 53 110 50 138 170 83 106 176 92 149 56 65 61 37 125 135 161 101 64 121 153 141 140 
12 121 139 97 135 66 99 88 77 124 87 78 105 116 190 134 82 95 113 152 163 113 92 185 118 76 107 63 128 47 114 174 118 132 84 146 45 110 145 32 98 69 128 155 142 108 132 74 33 119 112 83 114 
5 137 12 146 34 179 134 66 112 126 58 139 177 69 155 63 73 66 46 192 24 100 138 134 85 21 53 166 58 50 132 128 178 115 83 124 151 128 108 68 147 109 58 78 98 116 178 77 129 52 177 38 95 
62 119 134 126 25 90 109 59 68 112 124 86 92 116 113 136 103 44 78 109 139 81 109 109 62 14 73 91 160 69 174 58 48 145 108 129 179 140 176 67 14 67 89 119 117 120 33 90 123 163 140 54 163 
160 67 144 94 74 25 142 31 122 86 49 83 72 77 84 92 89 124 51 65 139 101 161 57 166 147 88 109 69 90 116 9 62 67 59 51 32 61 68 178 73 32 82 71 153 84 98 72 113 147 164 54 156 
135 45 55 136 122 95 124 114 14 136 52 102 56 77 102 22 114 167 54 78 88 65 59 98 42 65 79 75 113 130 102 80 98 142 42 64 101 31 144 118 84 155 131 195 74 145 60 150 133 98 125 79 109 
94 113 176 56 137 44 66 93 67 84 147 101 96 163 143 22 78 78 70 95 138 86 113 46 36 144 44 64 139 126 93 99 46 52 165 49 105 149 118 147 180 92 71 95 108 84 142 139 111 159 72 58 81 
58 111 57 114 134 77 141 148 104 142 73 116 90 114 108 160 129 124 87 143 24 163 106 101 154 88 43 163 102 166 58 182 157 184 140 148 95 51 51 103 119 89 121 117 52 47 105 85 171 77 94 148 117 
131 92 84 180 139 34 112 130 152 161 80 112 100 88 96 94 101 93 116 51 81 186 60 87 38 78 172 120 128 116 85 76 71 106 100 68 179 62 19 34 84 107 119 27 132 71 107 155 161 47 104 98 158 
82 111 136 89 104 82 81 124 83 62 69 110 149 84 47 20 134 121 109 68 171 101 50 194 110 113 110 67 109 95 53 13 114 106 102 23 121 97 110 108 96 171 146 55 148 83 61 106 35 38 15 169 57 
68 28 14 67 129 116 132 126 155 163 30 51 134 102 96 118 150 126 144 150 139 76 45 123 50 86 119 169 41 175 115 54 32 89 101 97 55 97 49 33 63 191 154 141 127 143 118 83 116 97 138 64 135 
89 153 76 135 86 37 104 56 115 111 108 65 130 108 74 34 147 89 75 110 112 87 122 87 94 95 91 111 51 119 25 121 64 92 135 41 93 32 52 84 63 145 108 70 167 185 30 143 100 90 70 75 52 
58 100 129 150 37 128 126 145 155 129 150 127 36 84 129 152 9 71 186 52 134 98 69 127 44 44 129 77 21 16 49 46 39 135 73 12 128 100 67 92 70 120 84 88 33 198 158 87 146 124 110 111 64 
166 56 121 128 75 36 65 116 52 130 97 125 163 86 54 167 82 132 36 139 64 80 45 157 83 150 82 83 167 136 95 152 14 107 58 105 120 114 82 110 198 69 115 58 176 173 188 97 56 140 103 44 129 
103 169 115 54 121 98 153 159 143 89 80 51 155 162 89 73 55 127 134 141 51 50 150 110 59 135 120 110 145 95 111 40 108 76 128 121 68 155 133 23 170 129 95 58 139 47 115 113 74 123 51 76 105 
91 148 52 108 128 47 46 9 142 97 92 80 102 71 90 111 10 133 124 87 89 68 66 93 89 60 119 136 135 49 103 124 68 85 107 88 40 55 85 97 110 112 188 115 104 67 132 92 128 94 172 174 195 
36 38 163 79 26 164 93 99 87 134 87 87 102 82 88 36 76 42 166 97 70 118 80 111 114 125 114 93 83 148 93 149 79 102 103 103 128 9 65 21 93 97 153 174 102 95 98 91 107 160 29 83 66 
47 67 182 119 151 116 141 93 132 170 58 43 114 41 151 93 172 85 132 99 43 49 109 91 56 62 153 59 75 169 156 110 147 102 63 118 105 86 42 154 103 60 96 179 135 120 117 86 89 84 74 105 102 
