99 93 134 103 101 87 127 90 103 90 148 103 128 43 76 78 61 27 104 108 105 107 92 114 98 140 182 98 125 42 54 88 117 17 30 36 93 7 145 171 64 86 96 24 99 151 62 108 129 154 153 40 89 70 84 
42 158 107 88 44 119 38 135 52 28 58 82 106 77 55 60 56 72 115 111 21 97 147 48 80 115 148 121 195 40 102 114 108 93 147 75 135 100 110 57 191 66 153 69 91 98 92 150 143 91 30 18 90 86 164 
121 164 182 115 137 89 49 83 92 106 21 162 53 52 79 127 161 162 45 69 152 134 54 88 85 43 47 90 100 54 68 95 116 99 182 115 123 100 27 143 84 153 131 69 96 83 167 137 117 175 118 71 133 115 101 
166 121 139 179 153 126 176 145 55 117 148 96 31 157 144 105 109 102 126 27 126 121 113 158 103 3 102 46 105 107 72 143 86 15 135 74 131 70 117 137 115 134 110 91 58 113 144 113 103 147 67 90 93 72 103 
71 87 120 13 118 80 104 102 48 130 9 85 16 75 6 105 106 44 98 16 62 17 40 100 140 122 67 88 66 25 106 139 35 82 45 36 75 48 161 81 175 98 141 120 161 89 136 125 78 103 60 56 93 51 176 
125 159 80 126 12 63 83 126 98 103 68 156 71 115 118 122 138 185 31 72 84 84 101 143 113 134 66 107 143 36 44 82 4 46 85 113 151 32 112 186 71 100 124 103 72 117 154 98 124 199 82 142 36 164 17 
100 159 56 199 61 70 60 111 143 98 171 110 161 69 108 50 31 35 111 18 71 93 97 177 73 49 119 132 44 47 102 70 149 156 100 47 105 40 97 108 85 92 174 137 153 88 141 175 146 125 67 80 112 111 150 
56 120 29 153 19 150 27 97 155 113 114 48 107 173 94 89 60 105 140 81 94 106 96 101 78 114 174 27 97 115 113 41 114 162 88 111 78 166 134 135 157 60 29 86 138 77 50 81 112 45 91 21 148 62 99 
55 83 148 108 127 107 131 90 76 98 76 67 40 140 142 73 29 65 75 113 103 178 174 71 92 89 120 95 154 169 74 99 165 43 165 103 88 161 127 97 139 109 94 144 85 43 49 123 66 81 81 32 96 166 98 
117 183 155 89 109 125 84 91 80 128 2 69 162 163 101 125 102 105 134 37 51 92 97 115 108 50 84 95 35 77 94 66 77 97 27 48 169 92 125 71 80 94 127 123 90 96 79 47 134 74 108 47 122 136 124 
135 108 76 117 83 142 72 45 141 42 147 59 49 45 138 100 120 175 31 89 107 179 111 76 165 55 88 42 137 103 73 94 126 3 150 33 139 103 109 106 50 67 116 62 43 90 159 162 100 121 43 52 93 83 59 
133 63 119 11 50 71 109 106 116 154 58 86 76 72 74 184 4 83 115 150 168 89 141 109 141 44 98 147 52 177 137 93 115 110 56 82 96 54 149 188 109 124 173 127 101 48 88 172 94 103 186 197 79 76 75 
123 104 67 109 75 141 119 69 82 113 140 106 73 103 106 42 49 141 87 69 97 137 47 58 74 30 91 150 73 92 172 124 176 164 70 44 131 95 84 117 40 86 120 62 67 166 160 8 73 59 88 115 98 39 128 
164 90 111 124 43 106 85 146 169 130 74 70 41 94 141 69 127 136 137 90 122 95 18 89 82 195 53 89 158 111 108 165 89 100 75 183 78 116 82 101 57 97 164 161 90 17 68 54 149 31 89 64 85 13 91 
74 64 125 104 130 153 157 56 156 114 66 97 131 150 64 95 188 137 120 155 120 175 51 91 146 38 150 127 89 99 104 125 136 69 116 45 108 88 25 104 168 53 92 61 155 112 40 24 140 150 110 81 143 102 104 
82 94 89 83 127 168 56 88 24 66 25 57 114 141 140 60 87 77 114 45 13 104 122 51 68 82 111 90 107 63 147 125 16 43 142 79 183 73 97 106 65 77 112 110 89 112 130 120 51 187 92 122 39 79 100 
77 140 109 58 10 114 115 145 63 62 96 170 119 131 41 189 69 110 111 102 74 73 40 12 53 167 97 157 148 54 147 97 42 165 59 27 89 72 90 111 158 95 104 14 90 31 120 162 119 122 98 74 111 50 190 
76 134 107 64 79 102 128 67 166 99 113 90 134 113 29 124 188 78 85 177 148 130 54 163 21 47 79 117 75 56 114 129 127 58 84 70 97 151 52 114 106 147 110 159 127 117 124 44 63 67 179 75 100 77 54 
106 20 101 163 104 65 104 182 133 141 157 105 160 84 94 55 79 39 61 93 150 121 92 149 145 40 139 91 33 39 53 30 142 36 140 27 123 153 41 51 66 107 90 118 142 15 158 97 47 107 108 83 109 115 89 
14 44 24 157 49 141 73 150 93 147 126 61 105 135 123 90 113 164 134 124 48 139 144 164 84 111 147 54 63 42 135 41 103 110 100 58 169 41 149 143 115 42 83 104 72 165 94 62 178 59 111 112 89 101 112 
159 18 133 43 27 46 94 142 65 92 116 108 140 97 166 93 135 134 88 105 60 120 125 142 109 105 44 126 111 94 194 54 9 113 185 63 87 138 105 139 114 99 22 143 15 183 134 44 63 56 181 152 169 81 20 
76 105 58 109 162 142 123 94 130 97 30 138 87 148 117 92 110 20 113 117 149 115 77 104 37 93 159 41 160 139 136 114 136 115 75 93 29 27 99 86 99 96 110 39 128 153 83 191 112 25 91 108 179 86 112 
78 106 64 66 87 136 82 89 142 128 142 166 82 120 78 163 137 132 69 56 82 166 160 148 74 130 41 121 44 93 110 111 109 66 121 62 86 171 48 75 114 84 100 89 125 79 122 95 117 75 87 127 113 133 137 
67 35 95 103 124 155 77 174 184 8 83 50 85 111 44 87 103 82 39 159 88 169 115 139 101 153 93 104 151 114 63 109 111 156 170 132 98 148 113 116 67 137 101 51 96 120 150 62 111 94 29 86 71 75 145 
122 187 123 87 49 75 147 118 138 165 116 123 44 71 143 115 128 151 187 129 163 75 121 153 132 110 57 112 139 81 194 98 160 93 143 75 195 33 71 18 123 80 55 92 124 139 27 98 139 26 105 70 30 62 70 
133 61 139 68 150 130 187 133 112 106 81 51 73 102 61 52 62 127 91 164 44 147 56 110 86 125 80 99 118 116 65 70 101 101 43 115 88 89 53 150 34 31 48 77 142 134 117 63 150 72 43 95 145 75 131 
119 31 68 106 88 102 79 121 87 85 88 147 164 118 82 18 103 106 40 157 56 97 126 82 92 142 182 150 130 70 24 48 116 91 63 99 104 65 128 161 56 154 51 174 107 129 75 94 32 175 167 86 102 110 151 
149 135 9 103 130 170 130 119 133 50 101 152 162 77 88 56 115 86 116 44 36 90 125 114 95 138 122 90 22 93 136 116 112 131 47 84 100 86 49 90 141 133 83 96 88 135 132 188 118 72 190 170 50 140 107 
103 119 114 55 72 119 105 127 55 119 148 73 128 150 60 59 96 101 171 96 107 49 78 73 59 51 171 176 101 174 46 80 30 140 30 56 88 91 90 89 102 142 131 29 80 122 79 85 139 36 120 78 138 29 98 
162 93 43 131 180 134 86 71 134 64 94 85 114 94 110 145 134 73 118 141 25 86 89 67 129 107 109 128 135 114 195 188 100 56 165 132 18 129 77 172 152 82 147 109 168 77 63 36 152 48 162 151 15 108 51 
21 63 35 78 63 168 112 110 96 140 114 89 85 60 125 104 63 57 115 174 70 92 147 140 15 134 20 77 46 112 33 105 152 72 131 167 90 50 114 114 135 104 24 101 81 57 26 150 141 52 124 158 67 121 88 
125 81 88 138 115 152 56 84 33 92 108 25 95 193 54 153 177 59 192 139 132 152 108 142 82 92 31 51 102 96 72 179 176 32 157 114 121 108 109 75 44 163 134 91 184 95 96 146 99 138 119 142 169 131 97 
119 98 67 51 44 143 98 56 101 105 115 76 129 102 56 68 133 14 172 7 100 126 146 147 93 109 99 134 97 110 116 180 90 76 107 72 141 61 81 83 37 189 119 75 81 110 44 71 59 41 186 35 109 101 31 
77 60 89 108 77 107 145 60 96 81 124 41 136 87 32 138 87 36 22 79 82 51 59 91 75 177 76 127 65 62 41 72 89 47 127 85 187 192 110 49 155 123 153 132 33 28 37 133 29 4 157 86 123 99 92 
63 121 86 42 86 74 57 79 139 28 21 90 151 55 43 25 194 124 26 110 109 183 84 130 89 102 68 110 133 81 75 105 149 49 27 101 134 18 64 117 139 79 93 105 121 180 36 104 121 95 63 1 37 140 103 
109 64 84 67 193 59 46 55 138 151 86 40 53 54 91 187 119 139 106 152 66 73 133 86 95 99 5 56 115 177 42 161 89 46 137 84 13 108 46 73 120 37 102 60 144 56 134 92 97 33 62 122 112 39 105 
135 70 94 103 26 10 122 128 159 165 45 93 55 105 73 101 69 53 96 106 160 79 143 47 29 119 145 27 120 49 74 78 104 78 110 89 108 23 92 80 129 187 9 130 76 93 100 127 112 130 38 43 97 59 92 
39 104 151 103 156 115 77 60 95 75 168 103 124 89 163 142 190 35 95 91 74 38 43 115 60 38 54 91 163 130 77 88 139 76 88 87 64 62 144 98 7 39 70 115 96 133 148 158 111 104 134 86 122 182 126 
103 68 7 120 62 75 114 135 39 80 63 136 24 96 124 97 90 86 80 64 98 58 36 65 91 39 53 136 129 116 175 162 121 118 72 139 119 163 97 30 88 132 105 59 80 141 173 35 105 167 39 141 123 139 120 
75 101 66 102 117 85 78 142 93 42 112 167 99 161 161 109 176 91 88 26 107 149 67 21 179 50 130 122 57 192 154 98 105 64 153 109 155 106 131 108 170 132 41 180 60 141 99 122 40 93 79 69 77 71 74 
98 88 172 81 62 30 153 122 28 122 30 87 173 64 88 14 22 102 90 102 70 28 177 123 112 100 103 84 151 107 43 73 52 104 15 72 96 91 64 81 89 112 52 73 50 104 84 88 74 82 109 168 175 123 110 
146 77 73 32 74 92 145 105 70 103 165 155 73 57 18 46 143 94 66 54 166 49 129 122 128 96 100 81 159 66 130 138 93 52 144 118 56 76 141 38 37 118 96 116 107 155 164 65 111 161 59 115 73 168 56 
47 67 83 114 62 72 138 115 123 121 85 149 56 80 89 124 46 98 62 33 86 98 99 150 166 78 105 65 122 137 127 53 134 66 24 126 184 70 75 133 61 103 144 128 87 150 96 67 151 152 147 140 116 75 113 
82 67 140 158 121 100 118 117 159 89 177 99 103 172 148 60 81 73 119 117 64 69 128 91 98 171 96 147 118 62 125 68 122 78 64 98 158 84 94 83 137 129 71 102 119 50 175 94 78 128 55 101 187 80 120 
126 31 79 65 176 121 71 77 55 156 155 89 86 113 143 79 95 173 85 91 95 31 83 152 130 162 118 132 29 179 91 132 111 58 73 111 151 85 121 157 100 104 120 158 52 31 93 149 82 85 85 116 81 80 113 
128 106 113 84 56 120 109 97 129 38 65 195 140 93 112 134 122 129 86 174 116 133 133 107 169 128 79 173 97 37 38 171 96 79 97 96 95 127 45 91 41 19 40 98 107 98 99 109 20 102 72 184 81 9 95 
76 14 81 75 86 116 175 143 66 120 94 81 162 125 148 146 168 57 82 65 150 153 97 47 103 119 56 127 102 88 99 99 126 72 93 155 51 168 148 82 62 84 96 100 43 157 106 132 60 125 73 150 54 66 81 
67 145 102 93 86 97 128 109 74 89 171 87 132 46 147 76 110 179 67 112 33 74 105 52 39 34 118 114 88 85 136 106 118 60 130 120 72 179 99 162 161 71 112 99 45 102 87 22 114 193 32 85 88 94 107 
82 109 74 126 76 116 39 119 123 90 151 80 77 88 70 109 101 44 142 58 87 88 40 89 33 83 122 100 147 99 153 108 27 100 109 119 166 157 44 87 117 48 121 73 129 73 112 107 103 89 105 96 52 105 76 
68 124 63 39 102 130 85 188 110 149 128 168 149 124 99 80 108 94 68 61 111 60 117 71 186 125 22 119 13 157 87 42 77 45 102 42 85 130 85 88 99 118 174 88 119 133 142 108 157 78 145 106 111 76 111 
101 78 97 120 60 95 135 40 144 67 139 137 96 40 82 78 118 144 56 103 131 147 101 148 155 110 82 149 129 93 98 135 132 59 99 141 67 73 160 107 72 123 18 87 134 56 147 106 187 85 61 114 106 84 175 
111 156 126 95 135 72 60 15 110 159 180 84 57 62 89 92 90 121 26 82 138 32 131 71 168 71 42 147 64 97 192 125 46 170 76 129 86 19 130 141 53 80 109 80 106 124 112 55 95 163 84 156 89 107 101 
125 26 93 168 105 34 189 124 188 46 32 109 144 90 137 80 50 82 97 45 61 79 139 35 161 99 14 134 133 111 152 60 56 138 122 39 73 69 89 114 165 102 30 136 89 113 188 51 83 122 70 51 135 118 79 
84 103 94 81 121 89 105 102 46 116 131 37 88 93 116 134 147 61 91 25 138 60 101 111 126 4 66 88 98 30 116 144 88 188 108 172 78 111 94 103 144 98 28 79 111 93 141 119 23 79 84 101 131 74 170 
87 165 77 170 44 108 34 116 100 128 97 110 90 107 157 161 78 115 83 170 60 128 115 124 125 148 115 175 86 172 33 134 66 78 61 60 132 47 100 168 56 50 36 73 20 115 85 93 28 115 162 65 171 40 97 
