81 -15 -54 -59 17 -79 3 62 87 -34 -44 -9 58 33 40 -50 3 -3 -88 -48 -67 -29 -92 42 86 26 16 -60 11 -4 -20 12 -21 -13 -12 8 55 -5 -43 -25 -56 80 2 4 43 21 -30 72 -5 -4 5 40 85 66 14 
38 2 65 18 -44 -33 12 19 6 -10 10 -28 70 45 23 -24 14 58 17 67 17 45 -11 10 -60 41 30 9 5 18 -32 -72 26 39 -11 5 -3 -98 66 -23 -9 -50 27 -19 -19 64 60 38 1 -89 -26 12 18 -58 32 
27 24 -2 -55 -37 61 -29 -5 38 4 11 -26 41 -40 -9 -37 -25 36 -7 -63 24 -48 18 42 -63 -9 -25 -22 -100 10 -36 57 70 -49 0 63 -7 -96 -21 -15 -62 -41 53 -65 -66 33 -21 -61 27 9 -74 69 11 -45 -89 
-2 61 17 -17 -39 60 -24 49 -23 -39 46 86 -13 23 -24 13 -3 -86 -64 -23 -56 51 23 2 -75 -1 84 -16 -35 23 56 -3 78 15 -37 -30 -51 56 -67 33 77 26 -86 9 30 -13 32 -61 5 -27 -43 -46 -31 26 -7 
-61 -83 -34 -11 78 -42 12 94 12 -38 -7 79 14 57 2 1 92 -44 52 -6 -30 -3 0 -32 -20 50 37 -42 -14 -5 76 -7 27 8 -13 -18 -37 -46 -31 -69 -17 86 -47 -14 -11 43 58 43 -62 77 -8 12 -93 39 -24 
51 -31 -78 -12 -12 -21 -9 50 -54 -33 0 -16 27 -23 0 30 -6 7 -25 -50 54 -82 25 31 -65 22 -22 -35 17 14 44 36 0 32 53 5 -25 -4 52 0 -59 -94 34 -23 -66 81 -30 -42 50 -1 -72 -46 30 22 11 
-74 -29 26 1 -43 -16 -48 39 21 -22 23 66 11 33 -14 -40 -7 -7 59 -4 35 -53 65 -15 51 43 15 -6 14 -15 90 60 13 24 62 37 69 -26 -37 -20 -79 -22 -2 -25 47 46 -57 25 0 23 49 -40 28 51 20 
-22 -22 -5 -17 3 18 19 53 -31 29 12 2 -39 -5 -8 -81 -24 69 -56 37 20 -76 -6 -51 -28 -48 18 -1 -85 -3 -65 -17 -72 10 62 -41 50 -30 8 43 5 -48 15 -44 16 -31 42 51 42 3 -91 -13 18 58 19 
-7 31 -46 -22 -59 55 -5 -14 -40 -16 58 -1 -30 -36 48 -59 -1 29 -35 -1 89 4 24 -53 90 37 -76 -51 14 -5 58 -89 33 37 -13 -23 46 39 53 73 53 -15 -26 -12 17 -21 39 13 26 -41 -63 32 -34 2 -62 
65 -5 15 -59 17 -21 -64 -83 22 22 2 -17 -14 27 53 25 42 -41 0 37 -17 66 51 35 24 44 -36 15 7 71 -54 0 -35 -3 -7 18 -25 2 -3 67 -76 66 -27 41 14 58 71 1 -56 32 -56 9 30 12 54 
-25 38 -38 51 -41 -28 -14 -5 -31 36 35 47 -37 -13 26 26 -32 -9 -21 -41 -59 -9 -79 2 -13 35 -16 -14 -27 47 49 54 -44 1 -28 -17 25 93 -47 20 4 39 -76 24 5 -52 21 38 -48 -55 17 36 55 -19 53 
-55 -53 -47 11 -42 19 15 -4 70 30 34 -18 18 -8 28 -14 -2 77 -83 -42 -10 19 19 43 -49 -40 -22 -45 4 3 17 87 9 68 -2 -78 -52 54 -19 -10 -9 -38 25 21 61 -28 24 -6 -32 81 -8 -1 23 64 -59 
-31 -96 67 19 15 11 -1 -53 54 65 44 32 35 -71 88 -38 25 37 -73 61 -83 -27 29 18 -66 20 27 22 -19 32 24 46 6 18 -64 36 15 81 84 23 -12 76 -58 18 -31 -26 -32 -6 65 -27 88 31 30 -37 38 
-2 56 57 -68 -3 0 83 -44 -21 -52 -44 68 3 44 1 47 17 12 59 -22 -70 67 -8 85 64 3 -51 47 -26 -53 78 -3 -71 92 -65 -9 10 70 54 29 -55 -53 -34 -21 66 9 -52 44 25 11 -25 0 75 -5 -1 
32 38 -1 44 -30 -47 31 40 42 -18 16 -21 -59 18 10 -55 4 19 -78 -7 62 15 21 87 36 24 38 67 -65 -71 -36 31 -64 61 82 -29 38 6 -9 -32 -32 33 52 41 -21 8 -16 -12 16 38 8 -63 27 64 86 
44 -62 17 3 -5 4 -8 54 4 54 15 23 -32 -31 60 -10 -81 17 -32 -29 1 -74 10 17 -8 44 47 60 9 59 15 55 16 29 10 45 13 69 69 -78 51 -9 82 42 85 -70 -36 56 51 3 -78 16 -37 -19 52 
45 2 -77 -36 -6 22 9 39 -11 56 18 -12 43 -5 -1 -11 -47 -60 -5 64 0 -5 6 -2 53 -11 -79 29 2 38 -47 -47 -36 5 53 -23 89 -14 -86 21 -32 -45 52 6 74 31 -58 -4 -61 20 -22 58 -29 -2 0 
-4 4 -47 0 27 8 46 65 16 23 -49 66 -32 17 21 -14 8 -70 -77 7 -34 2 28 -29 -5 -17 69 -65 -69 -24 -78 43 -3 -58 10 68 -53 1 -48 -6 30 51 -30 41 -61 -81 64 16 41 5 -7 -17 -50 49 -32 
54 -20 -31 -15 -20 -13 -50 8 -3 41 17 31 -24 4 -12 27 13 -39 -37 -57 10 -43 82 45 -43 8 19 5 -5 29 9 16 58 -2 -56 7 -53 -47 -37 -15 -18 83 72 -58 48 7 -24 61 -27 19 -36 -9 19 75 85 
12 -12 2 23 -35 17 -27 -2 -81 -31 -14 -3 -41 -51 33 -26 -29 -24 56 -22 16 -15 4 36 60 -15 1 -24 51 38 -45 37 37 82 96 -44 -29 -13 -51 -39 15 -40 29 32 2 9 8 58 -8 5 -57 30 69 69 -16 
3 0 7 -11 -1 34 66 -20 -19 -22 -20 74 -30 93 -30 -61 25 -10 24 -65 -30 -40 -67 58 -3 39 4 -46 -7 -30 0 36 9 63 9 37 -21 18 -91 -23 86 -5 2 57 -5 15 -6 4 57 42 -19 8 -13 25 12 
2 49 -54 -55 2 -38 59 -32 58 -3 30 10 -49 -16 -13 34 -72 -18 -17 9 -23 -51 43 -10 25 1 -29 -41 -18 51 -56 -6 -12 17 73 5 23 25 -49 6 83 76 90 25 32 -3 -49 1 -82 7 -35 44 21 -32 46 
14 32 50 26 41 -52 -54 -81 52 72 24 6 36 -70 -64 -29 -51 -38 -63 -44 -8 -16 -16 -46 8 -18 -5 -69 16 -73 50 -27 85 -50 13 -8 -84 11 18 -33 -58 60 28 -81 23 67 38 -95 37 5 -75 -61 -3 -61 17 
-11 -9 -29 79 30 -31 73 16 -8 -6 -75 50 69 -33 26 -21 -43 62 5 -31 16 -25 -9 59 93 5 63 12 29 -50 31 75 -39 -36 -28 64 -60 50 -25 -40 51 43 35 19 4 24 46 -24 -57 -12 25 -66 41 65 -19 
-6 -1 -49 -1 21 7 7 48 -16 -5 -36 41 -24 -55 -17 53 28 -27 -1 61 9 37 77 27 66 66 55 36 -17 69 0 86 -2 91 -53 5 -5 -9 -69 -10 75 -24 33 92 -16 -7 -15 -60 -51 20 85 6 24 18 24 
25 45 9 18 0 28 -5 67 32 12 59 -51 1 44 -13 -16 -56 1 -35 4 -10 41 -18 12 -68 -5 -18 -99 -76 80 -43 52 -5 -31 29 -77 28 -43 -47 -42 12 17 40 33 -24 22 -9 57 16 -22 -27 77 -13 63 -31 
-49 13 6 94 70 70 -47 -11 -3 55 -88 -39 -8 18 0 2 95 -88 -40 7 30 57 42 -28 -18 -56 -4 -48 36 62 -4 -10 82 -47 -61 -13 -48 -9 2 13 -46 -34 -35 -12 -33 9 59 14 -12 25 25 2 -96 82 -23 
-13 -7 3 -69 4 -8 -62 13 -53 2 -7 -2 20 -5 6 -52 81 -72 66 24 -18 -14 -67 -86 73 -58 -58 -38 -10 -81 -4 52 16 19 43 -48 -14 -32 27 50 -1 -37 -29 28 42 61 54 10 8 -6 -6 18 -30 2 -9 
73 7 -76 15 60 39 -29 -41 19 -37 -50 -47 72 12 -28 -43 -96 89 -19 -40 -39 47 -52 -27 23 9 -9 -10 -1 0 28 -40 -16 18 4 54 -38 73 -52 -49 -22 54 7 3 -22 58 35 9 35 0 -78 -60 32 3 -92 
28 71 -7 -35 -10 -20 -62 7 -46 -62 -18 -33 30 44 -82 -9 56 -29 -30 -51 21 50 7 27 -41 41 -23 -64 -11 40 1 6 -16 -12 -27 56 -10 -63 77 -24 38 -28 9 -61 32 -49 31 -16 40 22 -28 -39 -1 -4 -17 
9 -43 -19 -74 -43 32 -46 -64 -56 -14 -60 -71 -9 -54 23 80 -21 43 -47 -20 -42 38 45 28 11 38 -10 77 32 -60 7 -17 36 24 17 25 30 10 -18 -60 39 6 6 -53 -19 41 -22 34 33 52 -72 -32 -17 -13 -18 
47 -15 -66 26 67 12 50 -32 1 -22 -84 -25 5 -1 4 -37 11 -41 2 -3 -26 -38 32 -32 6 22 -21 47 -62 -34 -64 11 -24 6 -29 70 -15 -14 -59 -39 -12 11 62 31 6 11 28 40 -41 -44 -49 -16 -7 -25 45 
-17 -88 -27 43 22 13 -42 54 -45 31 -51 -36 45 60 -12 40 -7 -2 20 -5 -60 -66 2 11 45 -9 63 48 77 -56 -62 -8 -2 -10 -67 -10 -21 53 -11 65 35 7 -39 59 -79 88 16 -31 -23 7 -4 -23 -31 33 -13 
35 42 -11 -46 5 57 -31 32 -76 23 56 -9 -40 3 6 -6 73 -34 18 3 32 5 47 87 17 5 -76 -69 -59 -44 -31 -52 -51 27 -39 -41 -3 4 -50 -49 7 29 -21 -18 1 -6 27 -55 25 -4 -3 72 1 31 -38 
-37 -31 26 30 -54 26 43 -3 -49 -2 -17 -70 -45 17 -5 9 4 -44 -22 82 -43 11 -4 16 -11 6 6 12 47 21 -23 -25 -27 -49 7 83 6 -4 22 -45 -51 73 71 -7 29 18 -20 26 31 63 27 -1 -33 12 -93 
73 -22 16 39 7 -37 -30 -43 -2 15 -14 38 13 -34 -83 -5 33 -5 48 -46 0 69 23 -2 9 25 1 50 57 -19 -4 -39 -87 4 61 50 7 -8 22 47 -52 -3 -54 -42 -28 12 40 -88 23 -1 -26 6 -72 29 81 
53 20 -72 -75 12 0 -46 24 9 3 37 79 -49 3 15 -81 11 -23 52 -60 6 57 -13 3 13 -31 -9 25 -12 -29 -18 -20 8 -66 54 -35 -64 21 -70 -44 -55 -1 9 -58 20 3 80 -55 70 30 10 3 -37 -3 12 
-39 50 -43 -43 -32 21 -73 -34 73 -37 -24 -89 -50 39 -11 52 6 13 45 45 -56 -8 -9 73 -28 -34 10 -37 29 44 65 20 49 -8 -84 -5 34 -26 44 52 3 17 34 -11 -24 25 20 36 21 -4 36 26 26 -8 4 
-81 -32 -1 -36 -42 -21 -50 3 -19 -22 61 50 8 58 -24 -59 10 4 12 46 8 40 -26 -7 -25 11 41 62 59 -8 13 34 -55 62 16 -33 5 5 55 0 6 60 39 -37 -14 41 25 -9 61 -31 -31 59 -7 15 -48 
15 -11 -14 -84 23 79 16 -34 29 -14 -8 7 59 3 -37 43 12 59 -54 10 -53 33 23 11 11 -8 34 28 5 6 -28 54 55 10 -47 -41 -7 74 63 -26 -24 48 3 20 32 53 25 -46 30 45 -41 -7 -11 -39 2 
20 -70 -28 21 -60 -16 -3 72 24 78 -10 -21 7 16 -20 6 16 -58 -14 -32 -48 -8 -3 75 -68 -90 -35 -20 -45 -17 -1 9 -34 20 -5 -4 40 17 26 -13 43 36 34 -71 -10 -22 -36 72 56 -6 -47 6 5 -11 66 
30 -25 5 16 -4 52 -3 75 64 -57 -33 -17 -57 41 -14 44 39 -16 -34 -30 20 35 61 -54 -40 32 82 59 -25 52 -26 -44 93 -48 -18 -30 -38 16 -5 4 -35 -78 24 -60 21 29 12 -35 -43 23 1 39 -7 -8 10 
31 -41 29 -74 -42 12 -46 61 77 -27 -13 -35 -30 46 57 76 46 -78 -46 -19 10 64 -5 -12 -30 -62 -53 -11 46 -5 15 19 42 -12 -4 -44 -4 -22 -31 -13 -35 -59 -48 -62 13 -20 -80 -55 9 36 -5 -6 84 -63 13 
-68 -57 4 28 -53 64 32 9 9 -69 -1 -39 49 -12 -40 54 -23 -11 -57 -61 -20 65 -62 -87 -60 -5 58 -43 8 -10 37 38 -26 14 46 52 20 60 86 -59 -61 -59 -61 70 -53 -18 13 -30 64 -36 -11 37 -1 52 28 
-20 -7 33 7 20 7 -45 -3 -27 -12 7 -13 16 79 53 11 3 23 -63 29 -27 -21 -37 30 -46 -24 44 50 7 -19 -51 66 23 -6 17 -41 -9 37 33 -35 74 42 -76 32 -42 7 75 -41 -22 -25 21 -6 31 16 -43 
-46 38 -67 36 20 22 -35 -55 -65 -14 31 5 -42 81 86 -48 -6 23 -14 -4 20 -47 19 -81 7 72 -69 25 19 -19 18 -9 0 -1 -65 4 61 -5 -43 -29 23 -19 34 58 -85 -54 21 -53 2 72 -70 6 -15 -7 13 
24 6 13 -15 34 -2 -17 11 -14 -32 64 -1 38 -51 -22 10 -12 -13 34 -27 -20 -31 -77 -5 59 37 50 -63 16 -2 53 -83 42 -64 -59 29 -3 0 24 -34 -4 -20 -76 -54 -9 23 90 -14 4 65 61 2 6 -16 69 
59 21 12 81 66 -7 44 -73 12 -55 -27 73 56 -18 -19 -60 54 -1 59 -52 15 -26 -57 -36 -3 -10 -78 12 32 43 -62 84 -16 2 -62 40 -42 -9 -77 -6 -19 -35 16 -25 -13 -28 37 0 -52 5 20 -83 -68 80 81 
-30 51 -36 26 -30 60 17 -25 -51 -56 35 76 -3 62 4 -17 19 24 18 42 43 -4 18 -63 -3 45 -6 -36 45 87 -7 64 9 -54 -3 73 -26 19 8 31 27 36 37 -23 -61 11 30 35 69 -75 -65 40 -20 -77 -10 
38 -68 -15 -33 62 -66 79 6 -8 -15 14 -4 19 22 69 46 28 -14 22 -53 -55 -36 -71 -47 -8 -67 -10 -77 -1 -13 -13 -18 -55 -31 -96 -10 53 66 -85 88 -95 -74 -12 -68 15 49 38 30 -3 66 -39 32 3 64 35 
-17 70 79 -80 -58 43 -11 16 -6 17 53 51 64 -16 -2 64 56 54 56 -7 -67 -29 -91 -46 23 42 -34 -43 19 -87 -32 -53 -26 37 17 -1 51 -1 -36 -17 52 -3 6 -49 -36 28 -7 70 -7 -73 5 -80 82 56 -7 
5 0 60 21 -41 -70 -28 -13 -2 5 -14 8 -39 24 63 40 90 -31 -6 -48 58 -6 47 43 -6 -49 -36 -37 20 -33 4 -25 40 20 16 43 -82 -11 -18 -27 53 44 31 -40 -10 0 -58 -47 79 -19 14 18 71 -15 -37 
-63 -2 -1 -6 73 14 11 26 -8 -46 10 -33 -40 46 -27 34 18 28 -85 41 -13 79 -7 -29 -31 91 0 14 15 41 -40 40 44 -14 -20 19 71 -51 -19 18 -1 16 -20 -38 -73 -69 -4 27 -45 -64 -42 27 11 66 11 
34 -27 60 -7 -11 -31 55 -98 16 64 13 -33 12 -35 -34 32 -7 61 -55 17 32 -12 49 67 42 4 -26 52 76 20 84 -54 -82 -8 56 -22 -30 -45 -28 -71 46 74 -14 29 -35 -49 41 -79 1 59 -54 -13 -37 28 -8 
-19 -5 -11 8 -10 -80 -10 34 -46 -70 37 66 -22 -61 11 -39 -34 -41 33 30 -30 72 -7 68 -55 -44 -47 9 4 -6 -31 8 52 76 -55 -4 52 -23 -62 0 -6 -36 -26 31 6 49 -27 37 18 -63 -24 37 -1 -22 -5 
