98 36 2 26 17 90 77 32 5 74 59 7 7 0 100 12 5 24 50 78 81 93 95 40 46 34 36 47 99 95 46 14 11 45 69 92 14 96 7 32 62 84 88 16 97 12 61 78 37 5 32 66 32 96 41 8 
80 30 82 33 95 83 89 40 38 57 44 81 67 80 31 11 76 85 65 50 78 1 96 11 81 22 15 23 49 17 20 84 50 47 0 46 100 49 0 41 94 15 39 96 37 34 71 8 38 39 31 32 41 63 39 69 
18 20 60 28 25 13 15 49 9 29 65 32 76 78 18 38 5 5 34 43 91 29 70 1 58 21 10 99 29 32 71 69 66 19 37 86 48 80 68 88 40 82 75 75 61 67 1 2 49 12 18 17 37 51 7 2 
80 54 96 42 47 7 66 24 18 21 93 71 97 23 65 70 27 47 32 70 69 60 18 37 57 65 62 28 34 49 50 59 38 77 2 19 53 79 74 35 61 1 36 73 31 85 1 50 57 94 60 12 23 22 53 87 
18 23 94 62 24 57 66 87 68 6 84 12 51 83 91 67 88 99 23 22 18 50 28 9 79 49 72 62 59 38 60 85 95 43 43 43 70 2 41 88 16 8 91 20 47 24 80 49 100 64 92 61 3 83 53 65 
6 90 90 30 98 84 99 71 19 19 27 53 3 28 69 82 93 20 77 72 51 59 28 62 71 21 13 79 52 2 27 45 79 6 77 99 47 34 49 3 97 3 84 59 78 17 23 82 70 21 37 30 40 31 17 24 
42 97 69 24 63 32 3 26 35 22 46 22 6 67 95 9 1 73 93 2 61 44 11 63 72 98 31 69 60 63 97 93 85 15 92 60 37 67 85 87 62 0 77 100 23 7 47 60 89 11 96 4 92 68 62 59 
92 58 98 25 23 19 79 87 60 23 17 35 72 55 89 15 57 84 84 14 3 58 52 73 19 14 51 91 81 87 4 56 97 25 37 48 63 14 57 0 72 41 79 16 36 21 59 93 18 45 75 88 35 38 66 29 
17 58 60 22 62 53 41 2 68 23 30 81 78 48 96 22 62 5 5 73 48 43 79 25 20 41 57 59 60 25 1 29 30 73 93 5 90 35 26 70 37 32 48 83 18 58 100 42 79 34 20 43 91 97 99 80 
21 78 14 78 93 26 76 76 6 58 65 5 42 64 11 46 38 20 37 89 22 84 22 92 40 66 36 4 40 36 70 39 73 69 4 17 98 56 3 59 78 91 47 25 49 100 44 60 95 77 35 57 8 36 72 100 
36 24 82 13 17 74 8 54 44 79 28 82 76 35 57 56 6 4 28 31 19 80 17 58 28 63 47 45 63 35 100 5 8 94 10 16 21 35 17 29 53 35 78 33 87 1 26 4 93 7 76 29 54 2 66 84 
69 27 48 8 55 64 99 39 5 67 76 47 17 48 27 37 25 72 12 42 3 14 24 3 45 47 95 100 7 42 38 95 77 99 18 0 96 36 68 100 23 99 81 92 0 38 12 57 4 30 85 86 9 87 42 98 
66 4 39 0 24 15 98 51 99 47 61 70 5 97 43 71 84 61 27 85 26 91 13 25 30 14 2 10 18 65 33 98 15 32 81 9 87 6 8 39 39 87 72 59 7 26 75 32 36 29 48 90 82 7 32 50 
60 61 27 43 30 7 6 86 52 45 77 5 58 5 19 63 5 47 58 49 78 16 51 47 54 53 63 69 75 94 53 58 6 81 86 32 18 39 64 80 66 33 74 77 58 18 80 61 37 19 8 78 17 60 25 12 
34 10 24 53 86 13 37 76 18 2 27 30 92 66 87 93 99 84 81 83 79 87 34 55 71 99 56 51 32 51 63 27 60 66 60 12 77 83 6 58 91 55 69 38 50 1 26 99 7 71 92 76 80 53 50 96 
52 86 35 81 61 2 74 67 30 38 76 3 2 80 26 68 37 97 19 0 80 87 65 77 69 22 42 61 87 85 16 23 44 34 62 30 39 1 96 49 63 74 73 86 88 55 37 9 70 51 64 57 39 29 30 15 
6 30 37 97 52 29 68 60 15 64 1 91 84 80 58 84 2 38 13 7 16 52 95 36 19 93 30 80 9 44 26 62 26 92 84 24 90 34 25 1 69 75 39 52 43 94 15 72 85 70 59 21 33 61 82 69 
82 93 85 8 34 51 83 74 52 88 34 0 41 13 39 71 95 63 28 78 47 51 67 62 81 2 9 51 57 28 56 17 8 92 98 57 35 93 85 99 37 14 95 84 55 21 29 93 7 97 57 61 95 70 42 86 
31 31 73 55 76 16 49 78 4 44 21 92 87 100 25 55 1 5 44 63 98 90 74 93 34 67 31 38 53 59 24 31 59 96 3 33 43 0 2 16 55 78 32 15 13 22 23 63 16 58 44 95 29 95 62 22 
100 25 51 41 99 89 71 98 18 68 4 41 25 94 0 64 90 98 52 9 50 29 19 90 60 93 100 26 94 51 73 57 42 78 59 75 79 36 83 47 60 78 82 44 14 64 55 19 49 36 73 23 100 82 12 74 
46 22 48 49 50 3 6 54 22 83 30 65 32 53 6 7 33 46 35 94 51 100 62 86 86 69 62 0 10 4 42 97 93 97 64 92 25 43 58 6 22 80 64 80 37 19 45 53 41 23 86 100 48 75 34 58 
43 88 68 51 98 29 57 38 46 39 35 47 19 60 10 10 51 47 30 33 93 86 44 46 82 59 52 47 21 6 55 69 47 34 29 50 82 70 76 74 94 47 90 59 45 82 5 81 8 0 42 24 88 53 2 64 
14 6 52 90 39 74 33 32 51 27 57 85 5 0 59 64 75 60 51 49 76 22 99 71 23 70 88 48 57 2 59 55 10 58 32 71 56 70 24 6 84 82 22 61 91 39 65 23 35 18 4 27 24 34 52 65 
96 21 48 97 3 16 98 46 9 38 72 95 17 13 0 48 83 5 81 28 94 42 49 61 86 6 99 29 13 86 72 82 22 90 63 22 44 80 29 75 82 98 1 84 23 79 79 0 83 76 47 8 64 16 52 97 
80 12 68 6 88 34 59 95 56 68 86 84 2 30 32 4 98 94 38 60 68 41 82 33 98 31 40 41 27 20 48 100 87 37 65 81 75 5 15 29 6 47 49 88 10 16 54 80 59 99 21 38 38 86 75 73 
45 49 1 5 38 90 83 40 96 41 79 69 54 65 71 24 2 14 91 47 84 37 43 56 4 28 38 30 57 82 68 44 8 0 5 41 29 15 28 89 31 64 17 95 64 75 57 46 48 62 31 53 78 80 50 56 
9 9 67 52 30 0 82 18 68 100 94 59 59 68 38 73 0 61 4 45 8 84 39 73 60 9 90 99 24 69 1 57 32 3 93 29 89 14 60 43 63 100 85 39 94 98 71 37 80 61 66 57 27 16 40 41 
30 94 91 38 97 41 81 83 17 66 34 63 69 58 99 24 89 43 88 87 29 75 2 65 0 67 88 31 23 16 33 2 97 40 83 10 91 53 35 38 13 37 81 37 19 24 20 40 1 16 49 48 33 70 65 28 
78 83 6 84 13 11 20 65 42 15 69 100 85 33 24 96 76 23 34 84 54 33 65 66 45 72 92 11 19 44 93 41 28 18 92 64 99 23 87 86 10 80 3 12 19 11 41 54 73 97 88 81 69 25 7 73 
62 26 75 36 98 77 98 8 7 81 31 51 55 0 39 23 54 23 48 37 54 31 99 17 56 96 19 56 19 93 1 36 48 15 17 74 96 85 70 57 92 57 61 75 42 3 95 42 62 59 12 11 7 71 37 55 
63 79 37 4 45 6 78 60 86 32 92 41 68 82 88 15 22 41 53 44 53 28 38 96 28 32 2 1 21 79 76 12 75 76 4 18 90 78 98 14 80 56 15 54 54 25 39 69 57 43 94 50 43 61 95 96 
33 94 17 47 92 57 87 87 30 27 5 14 76 84 22 41 45 73 1 59 67 35 73 92 3 64 67 60 16 22 8 77 59 8 99 67 42 68 34 55 3 82 43 42 12 36 16 44 7 32 51 39 54 25 19 10 
10 41 67 15 8 80 100 74 82 13 12 3 3 61 23 63 90 79 94 2 39 92 25 28 11 64 80 67 83 95 64 41 79 24 73 69 93 19 77 98 34 87 52 6 94 36 40 100 87 66 58 45 93 71 9 99 
36 38 100 38 14 91 66 14 56 99 36 41 29 88 62 91 91 35 97 100 22 72 56 96 62 19 46 53 32 45 41 5 52 10 74 79 4 14 15 17 25 22 83 78 44 2 47 79 10 96 40 71 64 90 27 52 
7 18 36 95 16 10 40 47 6 63 41 80 68 81 43 32 14 31 6 7 68 98 54 61 74 46 99 97 5 59 65 90 33 69 4 45 99 85 33 90 5 53 71 51 18 58 83 92 22 16 38 48 100 64 81 57 
64 34 82 88 16 25 89 33 37 11 78 56 57 90 59 25 82 89 88 63 14 40 60 73 62 97 76 3 45 5 0 48 18 58 96 51 63 76 71 66 68 43 83 70 89 97 5 80 60 35 81 57 9 59 72 80 
98 77 17 4 66 11 68 85 11 53 61 11 24 56 75 67 10 85 39 72 47 26 7 14 58 86 16 94 70 39 76 22 92 63 42 43 22 83 99 95 64 66 59 51 85 45 22 74 23 13 2 49 32 30 42 99 
61 79 44 23 88 44 24 93 38 52 3 45 42 38 26 14 29 22 78 60 61 18 14 24 86 23 73 39 67 46 90 58 77 68 59 26 76 48 58 68 94 75 23 62 2 68 5 6 76 79 97 39 65 88 70 79 
80 87 41 65 33 4 47 47 85 46 94 98 44 15 42 99 80 92 55 95 43 88 12 87 81 73 82 22 50 71 55 51 22 54 5 24 89 54 54 28 0 40 32 17 45 78 44 98 59 74 74 14 90 33 29 89 
85 27 12 97 0 4 29 48 27 25 37 38 8 31 58 49 74 85 66 63 43 99 46 84 36 40 92 46 89 82 79 25 75 82 42 69 94 99 95 98 35 72 56 0 3 9 52 30 100 39 79 5 85 11 55 18 
47 35 28 57 96 37 97 21 38 97 42 41 56 84 10 17 97 32 4 9 32 64 55 17 57 82 45 30 12 40 15 92 33 97 27 53 2 78 79 8 78 90 44 10 88 75 38 99 56 69 27 4 2 53 23 32 
1 16 44 24 22 32 47 89 82 43 62 10 45 18 0 66 83 12 11 85 6 82 26 62 41 18 72 19 14 13 79 70 47 62 7 39 24 84 17 34 21 98 63 35 39 91 29 0 97 64 41 85 66 30 37 87 
15 1 27 57 81 56 18 27 55 75 28 54 61 72 86 67 86 25 65 80 36 4 49 90 57 22 83 73 64 42 85 92 79 4 41 99 90 82 89 19 58 81 35 82 5 0 94 61 5 53 36 64 100 78 97 42 
13 5 16 29 65 8 81 94 30 95 52 26 56 70 96 35 42 41 87 72 54 61 62 95 50 6 85 35 3 75 31 16 34 95 78 84 53 79 37 67 48 90 74 87 33 87 100 8 21 83 30 60 53 67 53 32 
29 57 52 68 34 3 70 89 0 47 39 30 49 24 15 45 6 95 56 37 44 39 49 23 20 79 51 23 7 11 25 94 48 57 99 19 76 87 56 41 96 3 41 21 32 31 82 29 29 46 88 16 65 34 63 74 
23 96 5 23 45 13 62 93 61 55 64 58 37 3 67 54 66 20 35 69 72 81 8 25 34 50 30 49 95 58 11 91 68 79 77 74 68 17 88 5 74 28 99 32 20 86 9 59 38 50 86 79 37 94 90 90 
73 74 16 76 65 45 33 60 38 8 13 51 79 91 30 44 86 80 2 17 20 46 52 50 49 72 100 29 24 89 28 69 45 79 82 61 35 15 3 48 73 82 68 25 39 65 98 4 9 98 43 10 49 63 96 48 
69 6 47 95 17 45 60 61 92 47 52 81 25 39 99 9 77 59 36 16 48 49 7 0 10 34 28 18 57 8 75 15 15 30 96 76 0 69 27 2 24 41 72 4 70 87 26 49 40 17 25 57 66 56 23 16 
12 21 49 36 42 5 37 7 99 81 91 6 89 0 88 97 61 2 24 81 46 68 29 59 43 75 52 57 18 33 98 6 26 16 27 63 24 84 54 85 32 69 80 17 62 64 70 35 93 49 16 98 72 7 91 52 
19 77 70 35 99 92 49 81 50 29 77 31 51 63 47 76 51 11 80 44 59 18 94 40 1 60 59 80 82 90 89 6 84 19 48 88 14 31 30 47 46 44 66 68 46 84 52 71 79 17 55 35 27 30 85 23 
80 37 34 7 7 87 29 29 56 17 36 53 10 57 71 72 93 82 61 72 29 22 100 79 36 3 87 84 93 16 26 20 52 71 66 94 12 46 70 59 91 71 85 93 60 44 72 22 30 99 27 68 45 40 6 88 
83 89 54 38 54 5 8 61 37 51 38 40 78 81 69 18 25 7 79 91 16 59 33 62 33 43 2 100 48 92 23 60 98 49 35 29 37 22 66 31 64 16 34 40 97 61 67 47 15 9 75 10 27 4 66 7 
53 92 88 30 52 73 79 62 66 4 42 95 34 79 16 81 18 22 29 48 1 67 50 14 64 95 37 78 58 32 11 88 21 40 15 14 52 38 67 57 93 7 33 92 5 32 1 36 66 83 19 51 97 45 44 87 
51 13 13 10 29 8 25 48 84 63 66 70 43 8 69 16 82 13 76 44 4 44 14 73 10 63 85 63 70 24 51 34 45 98 75 42 90 28 97 84 62 20 30 43 55 67 82 31 83 41 55 91 83 32 84 95 
57 82 92 16 41 6 73 0 7 63 41 63 0 64 72 12 49 37 0 52 85 38 63 64 31 19 30 97 62 37 0 25 53 52 78 29 31 84 100 83 14 44 83 53 26 47 28 35 16 3 85 53 19 79 37 0 
48 44 53 67 9 52 63 25 0 16 56 25 76 71 46 63 18 79 32 69 35 65 79 38 91 66 54 88 87 90 42 10 91 5 54 50 33 32 63 96 91 64 56 52 20 83 97 27 35 23 99 90 63 8 54 0 
