56 24 13 70 79 86 74 59 44 74 24 63 57 26 38 69 83 2 85 84 66 59 18 4 70 98 39 64 13 57 45 14 57 99 22 80 34 98 76 62 59 40 87 20 64 12 72 11 64 67 30 2 12 44 75 26 96 
60 15 95 72 49 46 28 98 80 74 78 10 12 22 41 89 10 53 35 74 6 42 23 77 4 16 94 35 16 7 90 98 58 19 64 44 62 62 94 77 64 16 77 40 82 83 52 57 1 95 49 57 43 18 81 77 10 
54 33 100 15 91 86 33 3 11 32 43 64 33 68 2 98 77 93 72 92 92 24 40 86 39 62 86 34 75 96 13 74 46 69 53 67 26 57 5 21 59 25 52 39 48 47 23 46 84 39 20 33 66 80 69 86 4 
3 23 38 21 93 89 98 20 28 80 62 34 69 8 41 97 41 13 99 71 7 93 79 87 38 69 48 26 79 99 66 36 25 15 16 52 72 53 42 4 90 66 63 73 67 78 20 60 69 76 40 80 7 32 14 15 18 
20 52 45 66 61 77 59 50 46 12 58 29 20 65 19 66 33 55 34 18 19 57 89 34 67 48 68 51 58 39 43 21 29 65 61 28 95 24 35 52 60 48 59 32 75 71 1 57 78 23 78 79 99 0 70 35 51 
3 30 34 97 69 94 18 78 7 68 51 85 30 57 0 80 3 36 99 34 1 87 39 41 14 20 5 29 11 6 26 75 94 12 43 12 10 28 89 3 67 50 94 0 35 23 44 88 12 32 71 7 8 18 82 66 65 
38 20 30 0 19 51 2 38 42 63 96 20 55 46 68 100 56 50 19 98 12 96 41 90 57 10 18 87 12 15 20 89 49 1 11 53 61 69 93 68 53 98 63 47 29 12 5 25 70 37 72 91 60 19 49 15 1 
91 61 60 19 16 0 24 38 0 74 53 43 21 21 54 55 15 34 69 15 35 20 94 95 6 33 62 9 10 70 44 77 96 23 65 11 88 55 47 40 5 21 82 20 16 89 9 9 10 79 34 15 50 21 29 26 23 
22 11 37 53 6 21 53 33 75 38 0 86 58 36 30 47 98 50 85 31 9 76 75 40 65 2 94 92 43 6 0 43 59 63 76 46 30 57 57 78 90 22 32 100 57 47 83 90 73 6 26 49 60 96 18 96 37 
11 11 76 40 100 22 67 3 72 13 11 67 96 29 39 29 68 62 67 24 26 0 98 94 9 94 25 12 30 42 80 83 87 6 28 32 59 32 95 40 59 20 3 89 67 13 97 100 37 35 5 31 72 63 55 14 50 
77 53 5 50 47 72 32 2 44 91 64 83 11 71 6 67 39 89 80 32 75 16 49 43 85 62 50 85 6 38 35 82 69 84 17 62 61 19 91 93 69 56 41 77 27 73 55 80 95 71 61 33 38 46 89 83 0 
63 81 49 25 14 49 9 86 78 60 6 57 84 6 85 19 5 60 84 30 0 76 100 26 27 0 6 37 88 37 40 68 8 10 14 17 74 1 34 60 84 32 43 86 56 50 92 44 73 49 22 54 54 36 40 66 99 
5 100 38 88 28 80 36 70 9 13 35 87 33 30 49 69 17 31 4 57 29 84 11 75 52 69 25 29 83 72 58 25 40 32 41 25 77 90 17 38 61 8 84 7 39 84 81 69 72 43 34 78 4 92 80 47 72 
74 24 42 4 83 13 86 86 51 25 74 65 74 90 59 48 91 54 32 16 74 35 47 10 10 2 71 50 14 21 32 38 61 61 41 32 13 26 72 91 86 96 45 10 33 0 40 70 100 15 39 62 95 76 16 58 13 
78 91 66 46 6 41 58 27 88 31 5 78 80 42 53 73 61 43 87 46 73 49 99 35 32 48 9 15 94 23 98 97 62 100 25 58 9 57 24 49 32 39 75 5 86 77 96 17 47 64 21 86 95 7 75 12 62 
3 87 40 78 49 97 39 28 12 21 2 8 81 66 50 80 63 45 92 73 100 19 10 89 78 8 31 53 13 82 42 12 49 14 95 90 50 96 54 97 23 87 55 91 61 37 23 40 37 71 95 98 67 81 88 48 74 
52 87 77 49 40 76 30 93 8 21 11 0 3 57 38 1 25 63 5 95 11 40 37 96 40 49 72 90 100 4 7 45 3 49 67 82 15 17 0 89 46 60 49 69 65 48 36 60 91 95 57 52 47 9 21 51 100 
94 14 67 87 64 16 71 27 46 72 97 35 32 97 48 37 4 44 31 25 98 40 83 45 29 96 7 68 4 91 14 0 76 24 22 75 100 46 3 44 5 95 54 99 7 21 31 82 72 97 9 72 80 29 66 94 43 
93 20 1 21 89 7 98 89 16 10 5 10 62 22 87 18 12 8 69 46 59 40 33 48 73 94 50 78 28 83 58 10 61 52 68 3 30 9 59 39 89 59 7 7 72 86 53 71 68 67 64 35 35 59 54 49 88 
2 32 87 23 98 69 89 89 27 99 93 99 3 31 65 87 70 83 43 11 54 10 80 61 56 29 88 65 63 99 33 65 43 76 1 55 59 78 51 59 67 48 72 27 70 20 20 6 53 62 28 93 54 3 65 54 36 
63 27 2 33 87 16 52 21 13 33 25 88 14 40 63 82 22 85 55 78 96 44 66 19 68 39 34 100 24 25 43 73 93 58 5 80 83 22 1 80 37 11 100 88 71 51 76 24 30 40 70 34 48 80 29 14 8 
94 31 24 81 17 46 54 71 87 73 0 58 7 33 20 6 81 62 88 22 92 42 41 36 62 70 83 10 95 92 85 35 95 97 13 65 14 44 15 28 6 15 1 91 59 66 38 94 71 24 81 35 63 29 10 83 56 
26 85 5 72 81 34 58 60 25 35 83 37 31 59 40 82 87 54 5 66 69 79 66 41 93 69 42 88 94 45 18 39 37 67 32 33 51 54 48 48 47 45 4 9 78 18 21 83 98 50 9 58 22 55 27 88 76 
17 6 10 80 84 38 27 76 44 90 79 99 35 23 57 66 57 81 9 85 37 34 58 96 88 87 79 84 55 65 67 87 61 34 80 39 74 8 39 39 28 71 58 11 79 76 45 84 97 21 98 21 52 47 45 54 24 
48 73 55 81 89 85 19 85 6 80 55 70 73 19 35 44 85 66 64 54 87 48 45 85 40 0 67 29 4 90 61 13 34 22 73 32 88 88 54 78 29 99 40 72 51 22 78 6 98 54 14 38 56 28 11 2 80 
20 58 64 83 36 44 89 77 43 32 77 46 100 6 74 45 28 49 45 78 74 19 38 0 49 42 48 37 79 91 2 20 38 38 20 93 86 5 4 100 34 20 58 66 59 0 58 87 75 18 65 54 32 81 79 33 35 
63 84 0 97 73 67 22 31 92 35 31 36 37 32 4 46 24 68 68 42 87 17 28 72 34 26 87 27 25 45 2 26 58 81 79 29 28 31 20 46 26 73 41 13 82 82 28 82 86 33 65 8 8 83 63 71 48 
32 77 15 90 22 65 90 86 44 57 70 21 12 60 71 86 85 57 7 95 37 56 97 84 95 48 34 1 86 46 26 16 24 20 56 62 73 17 70 39 74 6 39 65 17 52 26 82 91 9 14 9 80 88 69 90 92 
17 90 93 26 32 22 53 0 19 13 47 4 60 0 9 15 23 28 29 99 80 28 76 33 50 81 2 94 77 54 52 14 79 42 64 7 3 74 99 46 23 71 14 61 15 86 94 1 49 22 78 98 98 13 11 49 73 
38 32 64 59 67 86 100 95 64 22 36 60 26 50 36 7 15 68 21 100 91 38 36 12 90 27 74 63 1 54 100 26 25 100 67 21 19 78 47 39 100 60 72 16 57 82 8 31 40 93 66 3 28 62 44 25 79 
42 4 39 82 15 82 45 54 28 30 59 87 66 80 94 57 44 53 93 40 45 94 61 62 100 21 98 78 75 42 61 20 61 43 29 64 26 72 76 69 56 100 44 22 55 18 42 20 83 80 39 41 38 76 23 49 2 
58 30 22 9 4 96 76 46 87 46 72 91 99 44 12 7 93 98 39 56 0 44 68 49 85 51 55 76 29 81 98 17 60 25 95 96 23 78 16 46 34 43 63 17 31 24 74 72 94 3 73 78 61 28 45 37 39 
46 18 36 11 16 2 53 39 77 64 13 10 53 24 90 17 99 94 70 27 62 92 24 0 98 15 52 53 76 48 13 85 13 71 90 29 18 90 88 99 87 46 26 88 67 95 70 66 94 79 43 21 62 54 61 10 29 
97 70 31 4 28 77 36 71 100 100 37 25 89 50 5 97 31 68 97 69 37 77 40 17 27 71 52 30 33 91 90 2 34 64 16 43 86 73 6 68 87 60 58 48 38 63 62 54 48 62 72 74 79 84 15 96 4 
49 81 9 32 9 93 25 99 67 85 37 63 79 42 79 66 85 9 29 45 13 82 42 18 7 97 4 61 0 45 93 32 57 80 36 31 32 89 28 68 58 68 99 20 37 90 15 34 8 82 61 78 87 82 45 95 52 
53 94 6 100 27 29 39 16 68 42 3 88 4 63 13 30 88 95 36 3 75 46 25 84 30 27 93 61 40 20 16 75 10 53 79 71 51 52 63 11 99 78 67 43 31 5 93 17 91 92 57 90 89 44 86 26 64 
29 53 16 24 0 65 65 7 44 47 20 9 54 99 58 24 42 27 33 3 45 3 62 9 5 15 36 57 43 86 51 46 70 7 94 39 4 65 15 26 32 15 78 9 91 16 13 61 92 82 13 41 76 89 62 95 0 
32 7 92 29 73 24 10 16 28 12 100 100 44 59 53 29 66 79 97 47 44 90 66 84 4 62 56 46 91 8 91 99 66 12 27 10 37 28 12 48 76 78 26 98 88 12 93 88 11 26 4 4 51 75 41 19 6 
15 55 81 79 46 10 53 84 60 20 94 41 7 8 14 77 76 12 30 94 93 26 84 95 4 64 44 12 4 42 96 67 63 49 95 27 14 20 75 6 17 89 43 39 93 88 67 35 4 52 27 2 82 15 97 79 38 
45 20 40 53 15 71 79 89 21 65 5 75 53 53 43 56 14 12 88 49 31 35 49 93 70 51 31 53 16 18 67 56 54 92 2 63 82 21 86 71 78 82 20 59 63 52 75 74 20 54 17 62 49 12 77 79 1 
38 93 69 45 48 58 26 80 68 58 3 26 5 1 24 47 48 19 5 77 25 39 56 30 47 22 66 88 31 92 67 0 85 6 81 26 31 79 62 36 18 52 52 74 41 44 4 90 62 25 93 4 6 37 22 53 32 
81 12 6 62 3 1 83 90 46 34 47 42 48 30 61 36 38 21 33 3 40 91 52 58 75 9 86 12 85 26 27 0 15 9 60 16 37 92 64 74 68 92 4 17 13 31 89 22 96 2 40 85 98 89 76 21 49 
87 68 95 95 32 32 61 65 65 32 53 20 96 12 46 34 64 47 92 4 11 68 43 24 30 21 50 83 25 17 0 48 40 44 57 96 51 88 22 77 29 30 34 9 10 75 53 27 88 82 51 16 30 34 26 5 54 
39 61 64 74 86 41 93 77 53 3 54 51 5 35 64 57 69 98 79 17 57 72 82 60 86 49 17 64 86 97 34 52 79 14 68 26 63 41 58 6 38 9 7 81 83 96 94 77 35 43 1 25 80 51 62 9 17 
63 73 0 4 26 18 49 59 60 39 30 92 40 39 3 80 70 69 2 34 52 4 70 95 98 26 10 100 24 62 83 81 22 87 90 0 52 98 86 55 28 34 58 79 84 4 36 77 86 7 1 70 95 21 29 17 21 
78 100 10 4 53 91 17 10 52 70 87 37 39 59 99 91 27 27 10 47 87 84 97 98 100 90 81 88 47 42 94 56 12 70 15 55 26 84 50 94 47 87 78 68 76 65 1 49 15 45 53 19 35 3 80 39 57 
5 72 57 92 83 24 2 33 83 10 52 39 46 87 97 55 23 95 13 61 64 24 2 25 27 14 83 87 100 47 73 54 23 16 89 79 78 60 0 53 25 94 93 69 10 32 97 1 53 32 1 90 99 56 40 88 28 
81 4 56 98 85 31 93 86 25 6 45 53 57 20 84 19 45 59 1 76 65 12 55 11 76 21 29 70 41 53 62 88 83 97 14 63 28 75 9 39 37 65 20 81 58 94 34 1 8 21 89 23 18 74 25 40 97 
51 72 22 37 60 67 57 38 78 89 7 25 97 37 94 25 87 35 85 2 18 9 13 60 49 9 21 15 38 66 100 90 13 83 100 42 7 80 91 43 38 4 65 76 9 19 47 31 50 77 52 5 95 39 89 80 23 
88 33 55 40 3 5 50 54 94 57 55 87 0 86 22 91 17 47 55 62 15 72 20 27 73 69 74 15 62 60 44 32 98 39 71 45 47 16 84 87 68 0 56 46 52 91 80 27 55 28 4 99 48 25 52 60 0 
49 39 64 6 61 3 41 0 33 47 27 48 58 82 32 49 0 52 78 24 91 47 40 86 22 85 72 56 63 28 68 23 37 98 81 76 47 48 87 66 41 88 68 35 55 84 69 63 83 49 44 2 58 49 47 16 13 
79 4 50 58 44 40 27 69 1 22 98 23 53 99 35 52 25 27 76 1 75 21 31 88 40 83 42 0 8 65 3 7 90 21 13 70 30 18 39 11 2 68 8 22 87 95 59 95 59 69 33 55 25 27 34 38 37 
51 16 97 74 70 7 6 7 64 63 57 72 66 9 66 61 75 65 88 62 81 22 34 5 93 44 9 34 59 47 79 90 28 94 4 5 19 9 84 76 7 30 93 46 52 97 27 91 42 29 90 93 41 19 44 79 53 
70 42 12 49 48 23 95 7 57 88 74 47 73 32 93 11 35 5 15 87 46 16 79 2 39 39 72 63 83 44 3 8 18 90 13 86 16 79 31 52 43 74 64 2 48 11 26 10 60 5 73 38 46 12 92 42 77 
50 61 64 65 5 31 37 59 63 66 86 82 88 40 80 20 50 12 85 23 20 27 100 16 28 68 10 50 59 48 1 63 42 28 25 96 46 37 88 86 56 18 51 88 93 77 63 54 27 94 69 11 8 6 60 56 12 
31 97 43 61 19 30 22 19 29 27 14 23 79 2 18 72 7 60 64 19 21 0 1 85 99 78 95 55 49 9 47 5 59 83 20 90 87 24 37 85 0 51 85 92 61 36 46 15 61 7 34 47 11 6 23 88 85 
3 68 98 6 22 80 15 41 36 31 99 52 6 77 16 70 48 4 14 40 53 20 90 13 4 96 38 93 18 31 30 16 52 91 19 98 10 82 96 40 69 96 52 83 61 88 88 45 94 19 54 40 42 88 10 79 82 
