139 71 104 78 86 148 172 127 143 159 46 64 130 34 111 99 160 10 160 169 128 110 28 34 158 178 83 65 44 93 60 36 141 116 60 166 102 190 160 115 94 107 95 59 138 100 121 91 163 121 95 14 27 82 101 41 168 
155 75 129 85 143 145 31 140 97 74 139 71 57 24 95 141 78 122 48 109 66 61 108 136 56 64 168 58 69 80 174 102 104 91 94 135 71 149 189 77 99 98 129 134 170 172 130 104 62 137 137 130 97 90 82 131 33 
90 77 200 60 121 171 76 26 93 70 82 67 55 165 49 112 89 146 103 179 93 84 127 125 41 66 116 49 92 146 107 95 98 117 86 130 54 155 52 64 130 124 57 77 97 129 49 92 156 56 115 87 67 109 73 119 93 
3 122 59 26 178 130 168 93 98 123 134 52 104 47 128 114 68 16 181 110 47 174 89 153 113 69 57 31 123 197 68 57 62 83 35 59 125 122 85 64 143 105 131 110 104 176 88 130 114 158 41 94 38 55 90 109 28 
113 62 98 93 154 170 99 54 83 69 100 52 58 138 114 138 33 151 45 115 97 149 140 42 136 63 75 118 97 103 55 52 124 110 132 57 112 46 35 95 97 129 63 129 157 116 23 147 82 24 143 170 122 38 89 109 97 
3 90 68 112 134 182 48 86 16 168 125 102 109 98 89 90 49 84 158 52 73 158 70 58 30 79 82 58 59 70 84 162 192 18 105 16 96 91 102 99 134 150 194 69 135 51 104 184 86 33 100 52 93 79 82 126 142 
66 46 107 4 39 84 16 78 117 79 113 60 88 58 126 134 93 126 37 182 42 111 98 124 112 73 74 160 102 53 119 161 70 91 50 77 159 159 98 155 102 153 96 78 106 109 82 61 149 124 151 100 135 101 66 38 39 
123 104 149 69 55 87 36 65 10 142 101 93 22 85 138 114 29 73 121 66 128 101 167 167 70 50 83 40 99 133 137 111 155 79 77 60 171 151 142 69 66 25 154 98 101 189 34 104 61 164 82 112 128 119 37 83 107 
61 20 122 81 29 76 112 127 106 76 71 110 125 113 102 123 154 97 166 45 62 145 152 85 92 73 192 179 100 80 60 56 133 155 85 81 81 120 63 142 106 114 72 166 123 138 178 178 147 91 114 112 63 111 49 178 77 
30 97 91 65 135 59 107 91 143 92 99 160 147 117 69 112 136 125 103 82 86 66 126 155 74 98 87 71 128 66 166 169 118 104 48 110 139 115 106 120 65 53 68 175 125 110 117 116 44 59 88 119 172 142 84 44 123 
157 138 96 120 117 135 49 24 127 121 153 132 45 80 78 106 93 105 175 83 172 112 116 126 131 92 135 182 86 54 133 125 147 133 102 96 125 99 157 146 141 143 78 135 88 122 123 162 104 138 139 36 53 55 118 92 0 
124 137 137 119 112 143 18 145 166 153 20 61 142 16 94 41 88 99 119 53 96 143 193 48 116 32 36 90 116 78 138 148 91 42 19 72 89 16 83 130 122 90 131 143 66 99 182 70 168 56 39 70 136 41 125 128 196 
100 175 64 124 73 171 124 167 101 72 50 175 42 118 123 69 80 43 79 85 80 127 90 109 82 75 91 82 90 101 99 47 80 108 112 35 136 180 114 99 140 80 143 30 43 111 175 83 114 78 39 178 17 157 127 97 118 
89 81 48 97 175 73 182 127 111 112 112 112 134 117 79 144 190 148 94 74 140 95 91 33 102 85 136 91 37 106 89 85 119 75 127 101 43 29 100 127 91 111 63 38 133 21 80 166 131 60 137 109 178 132 22 118 92 
89 156 158 96 75 86 136 91 178 95 61 141 175 122 101 163 151 84 182 143 101 60 174 108 132 57 61 36 140 94 173 157 66 162 116 137 62 136 68 60 48 90 154 81 173 137 175 32 134 73 78 118 113 84 86 38 133 
63 166 70 87 49 154 64 67 48 39 21 104 148 115 100 151 137 45 150 158 103 29 78 170 168 63 116 138 77 169 45 36 114 68 159 132 95 130 76 139 102 133 57 166 146 102 72 70 120 137 126 191 116 87 124 121 115 
118 120 165 124 58 90 32 172 101 67 11 74 83 96 134 16 91 103 102 113 58 48 137 163 86 130 144 189 119 16 105 101 88 117 104 145 17 82 95 110 46 85 50 167 136 56 45 144 104 124 68 56 144 66 113 117 143 
143 27 83 179 143 24 75 88 87 142 196 102 36 125 108 39 48 122 97 31 174 75 124 112 69 161 39 116 64 177 47 66 168 24 90 163 153 78 38 75 49 170 108 158 81 83 33 156 164 130 14 99 178 116 149 168 43 
151 110 68 47 153 26 130 178 46 48 81 23 154 61 187 30 81 69 99 92 92 90 97 87 81 151 116 159 33 127 154 108 137 87 122 97 105 108 115 103 171 71 82 104 114 157 87 85 92 139 149 109 106 132 112 112 101 
7 60 153 51 103 98 145 186 95 127 94 130 3 124 108 90 90 146 105 108 71 43 85 115 97 95 165 121 112 139 59 105 93 156 82 102 59 83 131 155 70 146 107 77 124 91 61 31 57 64 119 145 150 70 130 130 124 
163 100 65 117 173 103 104 69 68 33 47 179 46 123 127 130 85 154 154 117 191 44 87 100 104 41 75 191 32 62 52 90 147 72 15 81 142 55 83 132 87 77 143 133 74 95 95 117 62 89 125 67 147 116 67 88 58 
140 67 40 89 99 120 95 76 131 127 19 113 37 131 28 79 149 106 125 25 122 117 121 109 125 122 148 75 148 133 97 63 145 179 80 83 60 105 36 104 90 15 27 138 87 88 42 119 94 49 101 132 66 92 78 158 80 
111 167 90 92 113 41 128 155 48 95 119 60 41 87 74 123 128 55 66 104 71 119 97 44 176 87 98 150 125 51 78 97 77 115 127 40 114 98 105 93 111 121 80 17 170 105 88 116 124 135 53 133 83 135 84 188 80 
74 42 78 168 104 93 34 79 73 186 163 103 85 120 156 153 60 82 25 86 126 46 135 172 140 158 118 144 109 151 104 127 111 95 91 118 132 108 123 68 91 83 71 19 108 129 133 100 167 71 125 65 126 93 118 104 62 
93 140 114 174 162 103 62 163 92 154 110 101 74 62 49 55 125 92 118 68 143 91 51 96 104 57 91 112 71 153 133 49 83 97 158 132 117 144 76 100 70 199 56 149 87 97 102 24 100 127 76 100 106 62 78 27 112 
62 61 150 126 38 104 112 142 143 72 79 118 146 106 133 76 37 98 55 126 159 105 126 81 81 139 75 67 175 127 101 33 71 55 106 113 170 43 93 105 95 77 115 100 88 57 150 118 159 41 68 113 61 114 152 39 47 
118 157 10 136 107 73 107 38 175 38 125 87 72 51 87 65 89 124 164 50 112 100 47 168 127 48 110 33 39 119 87 65 62 142 91 57 69 111 112 104 89 157 46 46 133 161 83 158 97 35 154 98 37 161 149 90 64 
116 121 93 150 48 122 169 141 103 145 137 45 71 135 135 137 116 89 9 116 120 72 102 125 106 99 51 1 165 118 40 101 74 66 63 62 162 102 159 122 115 20 117 155 85 75 41 102 99 65 42 100 136 103 70 132 174 
70 176 190 121 36 28 60 3 63 89 143 8 110 56 102 79 50 128 66 111 145 55 119 132 106 159 14 148 170 149 63 29 130 48 154 79 80 75 123 96 60 164 40 157 114 147 94 90 124 76 88 115 120 36 57 132 73 
121 46 112 91 147 173 119 136 75 56 110 100 102 131 36 85 41 136 89 135 178 123 124 86 119 49 148 77 32 151 115 88 54 170 147 82 94 113 60 72 130 157 101 93 130 167 21 62 56 190 91 16 103 112 94 111 158 
125 85 106 112 15 107 129 100 103 115 64 167 102 106 104 78 44 114 125 139 141 124 137 108 177 25 107 136 112 51 70 78 157 139 55 135 100 73 176 113 64 172 117 73 117 99 76 91 158 164 63 71 53 169 108 71 74 
156 73 113 95 32 161 104 62 181 117 85 189 199 71 26 105 93 185 92 115 12 51 118 101 88 135 99 157 97 176 159 115 121 98 186 131 33 159 96 88 76 56 125 95 88 27 106 138 100 75 154 90 130 83 101 119 121 
101 78 109 35 107 20 147 77 176 125 95 45 114 111 189 52 179 156 152 86 101 106 68 44 106 103 145 117 164 111 85 167 99 98 113 114 75 183 172 183 134 114 105 110 140 103 155 119 122 117 64 86 63 121 140 86 116 
111 104 72 9 35 102 99 99 198 129 45 109 99 143 69 150 115 125 125 112 134 131 45 100 38 160 81 123 95 164 157 60 68 141 60 54 138 137 81 139 139 124 105 86 83 144 143 79 95 86 171 142 162 122 20 112 78 
101 160 69 106 84 162 73 169 116 103 67 155 91 49 168 134 161 49 107 62 27 91 66 62 85 181 37 161 40 131 130 50 57 153 54 69 91 187 39 148 149 106 114 109 59 143 18 56 59 138 135 149 110 181 54 156 106 
88 144 104 158 63 119 49 95 165 139 23 127 13 96 108 122 153 195 130 88 129 46 54 123 86 124 136 62 53 26 106 96 97 79 81 83 110 107 108 16 117 141 126 128 33 81 116 34 171 162 58 173 123 74 138 77 100 
110 95 47 112 60 156 101 60 129 53 115 26 99 138 130 51 116 87 73 60 60 46 113 80 76 103 134 142 83 176 144 127 123 94 168 109 59 102 38 52 80 55 136 33 133 115 39 101 118 125 89 55 134 146 107 128 43 
117 90 191 82 141 59 10 89 77 37 134 142 141 66 142 104 108 86 164 127 44 124 105 112 86 114 151 129 138 44 127 124 113 85 47 90 104 77 29 49 79 176 118 132 175 76 104 142 45 66 56 80 51 94 83 26 66 
97 96 110 154 139 57 144 98 107 91 174 131 72 102 66 170 156 40 119 131 106 35 144 117 28 91 134 108 48 112 112 81 160 110 173 41 14 38 106 26 51 134 89 119 93 125 107 102 54 125 115 74 155 73 191 132 81 
134 78 85 131 63 93 135 136 42 89 70 129 138 69 49 74 60 90 112 107 79 93 148 189 157 55 94 152 91 69 112 65 110 107 86 72 82 62 100 161 147 111 88 119 150 58 131 90 102 134 63 90 149 63 145 142 83 
68 190 70 61 99 83 55 136 138 77 32 95 79 13 90 49 88 61 7 87 93 58 112 118 121 86 88 120 72 114 78 12 133 54 83 63 116 88 147 62 65 72 118 74 59 68 39 190 145 109 161 87 30 102 77 90 73 
102 20 97 119 61 68 181 151 59 34 131 88 101 75 158 105 73 63 87 7 65 158 124 83 131 98 115 77 129 118 44 90 111 12 97 58 81 120 93 90 71 105 32 85 59 129 154 103 146 3 137 107 108 179 88 34 63 
118 154 115 104 66 50 118 121 156 83 147 110 141 34 53 119 87 103 188 52 97 141 85 113 30 22 115 152 55 34 21 68 122 90 111 138 61 144 62 146 35 105 97 93 84 175 72 100 185 143 90 101 44 126 46 34 64 
61 62 65 81 143 94 108 141 112 49 137 118 86 77 93 63 120 140 104 17 117 84 92 134 101 130 31 74 107 163 34 89 94 80 82 96 87 120 132 14 68 64 25 131 179 132 166 78 114 132 53 27 112 106 123 36 21 
88 132 78 55 51 40 72 113 123 116 55 125 65 77 52 149 87 142 41 50 58 42 117 153 131 98 72 103 77 127 120 93 27 92 170 18 147 108 93 58 55 55 151 104 161 74 58 99 171 93 31 128 145 49 34 107 91 
136 192 74 53 126 114 115 72 92 76 162 70 70 135 173 119 112 114 96 51 140 137 172 197 183 175 161 125 114 103 113 116 35 141 57 68 89 150 138 187 131 121 139 163 129 117 101 126 20 138 54 39 111 20 146 127 79 
54 139 120 109 161 72 26 41 139 89 143 99 111 119 117 132 117 100 85 138 139 97 74 61 110 99 96 89 141 88 171 112 116 17 186 175 126 70 93 119 116 172 122 118 41 82 139 64 68 32 14 187 180 139 59 156 40 
122 69 92 116 162 38 184 111 62 79 113 138 127 20 148 61 48 139 72 88 133 96 144 50 149 98 72 92 137 122 158 102 93 98 34 123 97 156 21 93 121 93 108 161 62 127 108 101 69 87 102 24 84 115 63 86 105 
120 157 65 129 143 108 103 38 135 115 30 121 120 70 124 31 132 99 114 19 92 78 20 128 107 37 25 111 84 154 190 107 93 174 200 134 43 109 149 105 117 92 152 134 27 74 119 50 61 175 78 86 162 137 183 167 51 
112 105 90 44 24 35 96 64 176 61 56 91 2 118 121 149 100 50 115 82 112 170 97 124 107 152 81 60 97 81 68 119 147 68 96 119 53 88 159 145 135 35 141 107 112 117 156 69 151 113 73 115 57 83 61 78 3 
86 87 135 29 128 99 128 69 68 66 117 107 142 84 70 50 87 68 123 117 175 106 46 168 93 155 152 60 123 100 148 72 126 182 97 82 91 128 152 79 89 94 83 83 92 127 155 139 176 143 71 102 101 98 85 113 18 
135 86 93 93 124 133 32 81 77 30 146 62 100 169 89 52 59 40 113 31 120 39 50 94 70 158 86 84 78 90 77 77 164 41 101 91 118 101 63 77 96 152 64 64 139 148 126 106 104 85 48 135 102 56 61 117 135 
141 109 156 87 110 13 56 62 117 156 149 140 109 81 143 105 155 83 164 126 169 75 48 8 154 97 90 79 100 79 144 173 44 114 75 19 80 70 96 97 102 80 109 84 52 159 121 169 53 31 128 128 42 29 79 168 65 
144 73 97 75 97 40 181 88 99 132 151 57 152 124 189 52 93 92 95 165 91 20 124 16 66 138 157 78 110 51 54 25 49 176 56 120 108 127 68 73 83 158 72 2 104 55 105 103 79 45 150 42 94 32 133 81 83 
74 78 157 81 44 37 115 159 144 151 186 146 149 53 102 109 88 88 144 42 100 97 123 26 99 136 38 81 148 114 53 112 112 79 48 140 93 117 176 145 111 107 52 149 96 162 105 81 47 166 128 92 75 95 119 84 98 
69 156 91 111 31 123 115 94 30 82 75 102 131 99 107 83 9 107 102 30 54 22 69 142 104 103 114 55 95 75 124 54 68 134 43 121 122 103 84 121 28 148 138 123 76 115 124 76 91 62 63 83 80 105 72 181 93 
46 139 154 37 69 137 78 47 122 50 153 86 20 97 51 112 53 76 64 130 71 56 130 96 46 171 75 97 94 32 100 50 71 126 116 169 75 160 125 138 165 139 97 114 156 119 115 141 176 101 90 104 50 148 89 151 142 
