85 185 102 90 103 92 47 94 104 84 26 71 13 117 168 100 101 82 121 21 126 147 106 114 34 87 117 55 96 121 31 165 95 143 125 119 95 57 112 185 122 40 151 57 24 74 33 175 80 94 127 90 105 55 90 176 95 135 92 
92 21 108 128 55 111 196 102 134 65 59 115 88 131 137 119 77 83 80 72 112 116 10 105 125 119 127 152 107 139 93 170 139 98 68 127 125 115 73 121 77 25 64 131 109 82 81 113 111 103 92 125 96 97 100 89 74 109 56 
135 88 27 55 154 79 148 79 146 183 97 120 67 54 87 58 140 111 168 67 79 62 102 168 61 94 105 19 66 90 119 75 104 34 130 67 70 78 105 81 95 104 160 61 140 38 113 118 128 194 51 90 36 67 109 139 165 139 36 
92 129 95 118 71 92 65 99 107 68 120 52 41 57 132 63 26 104 155 102 105 150 44 51 25 133 97 65 170 164 128 144 63 48 169 161 80 167 108 54 86 123 105 160 105 64 164 91 147 109 109 75 31 53 137 70 80 82 136 
50 15 101 170 133 14 46 176 113 97 166 83 148 132 109 128 170 194 185 198 169 112 118 124 141 89 85 149 121 79 80 96 122 69 75 129 144 87 101 117 120 107 84 160 177 136 143 67 79 101 100 71 84 163 152 110 106 135 39 
113 115 70 127 87 21 107 108 71 27 31 139 109 63 175 143 74 163 47 117 36 84 162 38 101 117 66 155 104 73 31 75 36 148 138 138 68 83 50 13 140 89 55 86 120 48 58 63 50 130 96 34 173 36 136 155 51 57 92 
85 70 137 57 170 54 48 176 104 67 56 112 105 158 60 152 139 45 127 157 78 106 51 137 94 90 62 127 97 53 55 100 89 155 92 166 105 152 134 128 101 133 119 88 62 129 32 98 110 78 128 163 91 104 81 134 124 62 81 
83 83 135 36 125 39 108 39 108 181 102 100 167 96 149 155 129 53 144 26 60 144 172 29 162 105 127 133 99 162 123 164 113 51 124 122 74 185 43 75 66 88 129 129 124 99 116 56 105 61 154 108 21 69 75 186 137 70 38 
145 122 102 36 25 41 133 147 107 11 72 74 78 56 132 110 188 137 132 172 84 116 55 62 64 177 95 127 53 185 148 77 81 128 109 87 167 160 111 103 127 34 102 31 140 111 162 41 72 77 108 148 120 97 127 129 82 108 25 
49 146 63 41 95 76 27 103 93 135 158 31 48 112 68 47 80 7 102 72 75 24 156 68 40 146 59 151 102 68 129 113 172 90 16 56 40 106 21 128 126 113 71 73 91 126 32 126 120 90 125 154 146 167 94 122 61 74 95 
110 138 124 113 139 106 98 99 131 84 121 38 134 23 101 138 85 74 10 80 45 81 103 142 112 91 99 15 138 172 100 106 14 107 76 74 187 56 130 122 96 42 58 12 102 129 102 56 106 25 127 87 105 90 166 78 119 35 113 
122 81 83 58 157 49 140 174 139 79 41 82 86 30 87 75 109 79 103 37 134 85 18 171 155 50 54 149 159 130 95 36 122 99 127 88 94 179 98 119 150 86 64 70 167 109 158 72 148 73 105 45 191 142 82 168 57 123 112 
104 106 149 66 58 119 184 100 63 168 104 162 80 84 152 174 148 139 125 77 59 62 107 90 100 101 154 169 90 79 65 123 128 86 58 71 97 69 72 73 54 32 184 113 78 7 126 93 74 132 146 144 68 117 96 67 86 89 101 
146 79 84 148 168 24 80 94 117 127 104 125 115 110 165 43 107 161 76 63 105 119 115 140 116 12 117 83 108 47 131 107 60 66 52 113 28 66 186 74 113 97 60 110 96 98 70 151 46 99 48 134 73 155 116 110 32 64 75 
101 178 56 108 198 104 92 131 64 10 135 116 134 123 112 107 52 108 101 60 104 62 122 111 25 78 128 78 133 159 101 110 122 126 112 100 162 121 45 95 146 10 151 138 55 93 128 47 92 134 52 108 121 63 109 121 80 103 184 
43 98 111 142 170 165 128 139 91 65 88 109 133 60 121 65 129 91 129 94 111 78 86 62 100 88 94 73 7 33 101 153 44 123 147 123 131 102 101 165 65 109 89 133 103 53 56 96 138 49 21 170 105 137 93 98 122 107 136 
82 160 72 96 174 82 73 166 130 70 92 79 113 140 31 109 131 177 125 98 48 111 124 178 121 63 100 49 37 123 17 137 78 163 63 104 150 116 146 146 130 106 132 34 95 142 140 33 97 137 64 74 61 109 82 169 125 108 120 
44 95 59 76 135 59 161 121 94 81 150 127 97 47 63 183 147 93 61 121 92 96 186 68 73 80 106 111 132 106 33 145 69 103 119 71 84 108 87 142 154 113 81 164 108 93 52 107 122 85 45 122 148 85 34 133 129 97 162 
82 40 24 123 81 119 81 166 101 73 86 100 180 157 59 64 86 19 143 37 157 88 160 147 79 25 125 72 149 102 49 87 85 94 120 124 98 180 111 67 165 145 168 81 163 118 128 41 134 95 145 84 117 73 94 107 70 113 115 
38 24 83 180 47 89 73 132 93 91 90 64 99 92 78 36 90 105 149 147 97 162 118 71 62 137 95 59 111 122 120 101 84 190 74 67 115 93 50 97 111 124 82 155 55 87 41 64 84 53 51 18 87 149 121 80 66 62 61 
93 43 138 74 128 151 130 29 141 140 121 189 128 103 140 67 123 133 72 130 135 140 133 60 75 191 145 127 131 57 21 104 104 69 124 6 96 58 69 122 107 76 112 107 115 127 132 104 147 131 90 26 110 109 169 120 70 73 164 
74 95 88 147 94 32 91 90 186 126 56 127 62 65 31 94 130 151 154 144 69 147 77 132 141 45 74 73 130 62 35 172 95 90 133 50 75 168 51 131 161 79 144 158 139 112 89 66 120 61 108 177 10 84 141 179 37 99 183 
138 111 80 74 105 149 33 108 133 53 134 105 66 113 102 197 127 147 131 98 62 126 42 49 85 92 156 68 91 36 104 124 78 47 35 101 193 125 123 70 40 152 118 51 117 83 135 145 83 34 135 108 82 127 136 78 85 86 130 
107 45 142 119 130 104 86 36 48 118 160 85 127 70 59 63 149 141 23 144 71 64 156 87 86 147 52 96 78 27 110 165 28 160 132 123 131 152 6 173 6 141 109 107 81 71 18 23 86 120 87 115 84 128 164 83 41 67 146 
85 40 75 97 34 116 112 126 26 113 95 40 91 32 52 77 64 108 156 114 96 173 155 104 108 169 130 104 125 144 98 125 128 150 172 121 104 82 107 129 57 155 157 70 69 71 116 146 109 98 152 119 109 89 148 93 120 63 35 
167 90 61 119 148 78 149 35 74 131 80 63 66 43 88 71 102 2 30 85 104 9 130 163 72 72 114 111 120 39 108 96 160 150 57 169 46 89 98 34 81 70 27 92 166 77 88 85 117 119 79 104 112 102 100 94 36 53 145 
69 123 102 112 85 118 18 43 111 74 32 135 102 28 64 141 131 131 103 91 71 103 79 99 117 91 97 63 80 31 150 88 102 74 74 132 94 34 84 111 57 100 78 173 71 94 144 51 126 148 120 86 103 145 92 123 182 112 32 
159 74 102 135 81 17 62 57 163 129 127 70 85 71 87 106 66 41 128 66 78 100 21 80 151 26 163 164 91 91 65 156 130 69 115 70 139 89 117 157 102 106 104 153 82 79 115 59 152 77 64 68 102 111 141 114 40 117 69 
70 150 117 37 92 172 140 122 72 80 121 117 66 104 114 115 115 63 55 107 65 15 63 138 44 147 107 67 105 121 138 18 77 133 67 94 53 58 61 93 49 136 88 52 105 83 99 80 137 193 40 113 101 97 162 135 119 111 115 
77 138 89 126 108 135 53 141 83 97 82 104 53 98 99 119 130 73 65 43 96 138 113 161 130 116 157 132 182 84 134 69 46 101 135 35 80 130 147 86 169 130 101 129 79 96 92 61 102 145 119 133 156 165 169 173 14 77 124 
168 43 67 160 132 89 40 180 10 47 163 134 36 84 39 53 95 135 59 106 68 63 164 81 152 78 93 100 75 91 98 179 170 124 98 99 118 195 85 83 110 163 116 17 95 119 46 76 102 105 90 87 107 114 169 138 154 181 116 
103 120 126 162 69 54 86 117 153 129 110 158 54 142 11 87 119 11 95 182 124 106 66 63 101 100 112 107 108 109 160 190 33 110 105 137 23 176 118 136 121 126 118 94 96 90 113 82 89 74 70 49 82 138 34 95 7 29 65 
107 49 68 52 139 94 72 122 190 95 19 62 57 83 76 122 146 156 132 88 49 181 106 70 45 134 113 89 136 123 149 169 71 146 116 27 69 176 133 118 62 82 130 98 40 91 180 38 44 125 109 153 107 126 74 132 149 76 36 
79 126 87 88 112 98 74 61 83 123 63 134 86 173 59 83 137 32 103 87 94 91 104 137 56 97 192 92 102 112 128 134 32 42 97 148 94 99 112 44 173 65 137 133 74 81 179 146 160 85 103 118 91 95 102 77 155 167 170 
58 97 95 162 136 110 49 126 49 108 44 81 116 90 71 89 123 95 114 157 117 158 102 142 86 91 23 119 103 85 25 65 127 126 71 104 84 83 113 84 130 115 12 139 93 96 96 127 26 98 97 85 43 105 153 125 91 71 135 
126 162 88 87 29 82 100 53 136 86 61 133 116 156 106 150 42 100 52 81 134 88 49 113 12 22 53 151 114 80 156 101 88 33 112 84 117 74 115 116 84 13 112 180 100 90 93 114 96 96 94 162 45 132 89 42 144 54 38 
114 82 46 152 24 53 173 26 68 164 91 22 118 100 161 22 85 165 17 114 145 51 158 77 24 61 150 107 111 113 146 110 159 118 55 121 116 72 158 65 24 105 109 91 136 78 66 53 184 4 55 114 167 107 36 143 42 127 111 
104 41 73 157 122 45 91 88 99 95 77 151 121 88 74 162 67 59 92 47 142 105 105 26 23 138 118 168 44 172 49 81 51 146 45 86 162 82 96 90 132 146 164 125 91 42 107 117 26 90 67 122 172 75 113 45 89 55 61 
159 64 101 49 110 121 49 168 58 69 188 132 43 40 92 141 133 136 156 47 190 49 141 99 96 142 101 174 75 27 38 154 125 181 148 53 86 104 126 86 21 165 103 118 170 118 172 87 121 86 158 83 57 140 56 92 69 87 110 
135 53 94 139 62 172 91 100 37 95 138 83 159 43 77 52 125 99 71 122 107 72 116 14 95 182 111 119 153 107 151 92 184 81 140 23 170 122 130 57 116 142 166 99 81 127 140 124 71 158 112 23 59 77 80 107 157 135 78 
171 52 152 113 65 98 133 80 53 148 54 90 132 118 44 184 111 62 73 136 51 146 40 68 39 63 68 124 138 62 104 129 171 57 45 194 93 92 92 41 103 169 93 96 93 118 116 75 75 119 165 63 126 71 99 121 90 161 149 
130 136 134 152 114 174 82 144 54 61 95 91 136 82 91 72 77 98 163 113 9 68 43 137 43 114 54 58 121 184 170 160 66 103 129 121 38 130 60 141 113 96 117 99 120 47 63 108 125 166 149 113 155 79 122 131 97 142 174 
103 69 151 64 118 172 70 96 148 165 116 77 105 180 146 134 54 89 159 108 117 57 113 32 104 110 122 140 93 44 56 105 82 137 77 60 96 105 87 144 182 46 166 91 29 44 160 55 167 117 73 140 52 35 111 81 84 86 32 
32 106 62 125 102 46 133 78 113 67 143 148 101 95 177 55 90 83 34 136 109 88 86 121 134 35 131 142 42 110 99 111 84 63 73 107 150 31 133 166 59 95 114 94 114 97 96 90 115 149 72 67 132 180 131 132 123 140 97 
120 63 55 55 148 26 38 71 169 129 62 118 108 134 137 68 151 73 114 109 133 95 121 32 154 50 61 48 135 157 145 71 69 111 174 129 160 74 56 34 52 73 115 135 105 49 33 64 152 129 135 157 134 137 110 132 96 71 43 
153 74 147 178 167 147 159 99 71 109 164 155 113 69 113 173 185 87 98 99 69 144 143 101 180 62 135 133 101 126 76 152 24 21 134 29 69 37 153 189 32 130 64 119 16 103 123 120 111 130 79 32 41 100 123 99 84 143 124 
117 73 78 109 69 124 109 69 123 93 119 47 141 136 75 83 135 101 106 171 101 134 82 111 86 99 189 149 77 132 151 126 84 88 63 52 67 76 101 69 35 64 161 100 52 144 101 83 121 75 63 53 65 138 126 159 138 110 103 
148 111 145 83 44 128 21 78 56 75 113 79 57 94 92 51 76 37 171 128 110 60 108 151 58 10 84 123 93 176 83 151 52 117 127 54 152 126 105 50 76 111 24 49 121 33 80 107 142 79 75 39 78 117 43 56 115 157 70 
78 167 79 161 140 120 153 6 150 66 93 109 59 56 145 50 97 96 114 140 180 119 78 145 72 128 125 43 53 91 74 134 151 91 77 144 61 91 17 131 95 80 131 175 34 91 130 30 110 68 170 29 70 37 75 189 72 121 39 
121 108 135 127 37 91 70 113 148 88 69 72 133 110 65 75 129 129 84 158 126 65 141 100 77 127 68 42 120 27 64 157 100 128 103 121 153 44 101 72 31 65 85 106 106 113 103 127 127 52 75 97 53 199 110 143 97 111 31 
88 89 185 76 135 47 79 138 80 50 103 139 168 109 129 149 89 54 142 127 100 180 131 21 57 128 82 52 68 51 144 60 42 72 113 78 76 174 138 86 137 146 103 127 102 16 65 42 45 99 17 93 121 162 48 88 98 156 85 
143 114 124 123 87 128 146 165 128 87 62 124 105 144 99 79 42 119 131 102 106 57 174 102 54 173 152 142 102 33 82 97 51 85 123 30 14 47 33 132 136 82 85 38 79 156 73 106 146 118 137 105 39 60 60 25 84 156 107 
124 93 129 105 66 176 112 42 171 103 164 121 140 159 124 90 146 173 18 189 96 101 38 162 71 128 116 117 85 82 74 59 139 99 86 98 155 159 43 131 109 124 146 121 77 183 18 95 133 143 91 119 126 132 8 24 29 53 125 
42 115 109 110 126 77 126 69 90 50 96 52 130 144 58 124 85 41 19 115 97 67 85 118 63 56 54 34 130 139 95 112 80 189 76 146 139 26 173 182 144 147 31 118 65 178 161 50 69 178 118 169 154 92 33 59 94 98 75 
35 27 143 80 114 100 75 131 115 142 119 108 57 98 130 135 108 81 168 60 71 133 159 76 88 84 133 162 125 87 154 87 64 38 166 64 187 72 106 65 139 81 106 36 124 51 96 99 160 26 127 96 118 66 136 128 100 88 43 
140 126 64 143 97 58 86 72 93 84 13 63 109 188 84 29 39 92 95 140 43 42 70 162 129 113 100 117 141 24 85 119 32 34 52 63 111 177 166 36 63 7 116 44 90 126 103 112 105 119 88 39 78 153 145 82 66 91 53 
80 55 140 69 136 128 110 98 110 149 166 116 124 133 184 102 89 151 120 151 116 48 140 90 153 150 119 102 59 119 118 118 97 145 184 149 103 110 148 91 196 125 123 103 130 111 109 115 98 95 145 123 147 88 80 53 136 154 129 
109 116 51 23 80 40 112 83 101 102 140 114 85 131 91 53 165 86 62 116 142 102 57 74 153 93 67 173 102 80 127 147 36 76 124 133 70 91 91 104 72 168 94 79 181 145 180 69 92 160 72 32 30 182 177 56 36 156 104 
109 99 137 77 78 20 90 123 51 83 139 74 117 118 75 85 167 118 119 27 107 69 89 113 81 77 91 113 95 78 44 31 93 103 143 59 139 86 121 148 109 64 67 100 54 104 104 133 125 135 111 168 108 95 128 39 58 127 29 
