142485 150569 162608 157446 134526 156208 140212 152853 157581 149950 167033 151591 114236 136513 151412 159000 149878 149815 148422 152699 146438 159179 155003 134127 143746 134585 159169 156608 162699 142943 152197 149761 151348 152529 138287 149686 165753 144020 152990 155814 153198 146452 146572 143252 151101 173277 149863 140854 171424 162221 162779 156748 144678 144558 142588 172008 138357 148364 152971 139478 
154541 168160 173813 161822 145764 168965 156136 166577 170531 158598 191718 154044 122728 152766 155601 165059 161673 145755 162478 166130 147018 172175 162446 142372 155111 149266 160054 165638 167756 148659 161510 165293 147832 151931 151582 144252 154292 143991 150331 164412 165744 156723 154860 155916 160216 169443 153472 140013 175040 162553 169404 162632 151788 168010 143235 179279 141151 165756 160784 158236 
150425 155173 162670 156705 138464 162019 159163 148042 146245 135967 165750 151624 127757 146731 143628 158861 142264 140454 159492 143355 140231 163476 171404 123552 145923 152128 156306 153605 150332 144475 161272 159755 153295 139733 146343 142565 152048 138318 151769 147833 150198 147765 150922 139373 147114 182430 150565 128898 179680 159069 154090 156650 163595 157388 146846 164635 139529 158708 157328 145808 
137374 154735 150628 151818 131183 152825 166414 148261 161725 135411 173614 141981 125436 143930 134040 158772 153084 141420 158873 139155 141483 152208 152417 118662 141583 136766 148765 156267 159250 143656 156852 161849 144518 152092 136005 142799 159781 146964 136310 155541 163956 138717 150250 155164 143870 162811 133701 130293 153795 157458 147084 143159 152691 164395 137967 159201 139723 168078 156907 145528 
128714 156326 158603 155577 143039 145238 148843 146333 148720 142817 179120 153160 117770 141488 148602 162905 144155 153758 151871 152887 135237 161122 152578 134092 142896 140471 147552 152083 165581 133464 143100 148669 151592 154930 142622 145888 148792 141936 145323 155756 141176 144295 134162 143409 148596 161284 141600 133492 163250 165672 177614 152880 147567 145905 144167 166108 140967 155159 154897 137508 
136985 163977 159052 153487 135554 138957 155462 146968 154780 132689 161150 145855 130387 133708 138114 160884 132075 138610 156050 143688 140763 152091 155110 117441 139045 148057 145410 141953 148115 135184 147373 148168 147215 141161 146346 141863 140883 140521 132564 145836 143575 141791 144708 135316 143936 165988 135019 137763 154471 140993 146715 149519 158283 148517 133041 153998 131791 148274 148604 138731 
147544 182466 182714 169033 157464 162062 171082 186312 181096 165308 197515 162293 131385 161260 169986 182093 164306 163503 184330 170881 156124 174893 176511 151571 155575 155949 170014 169829 175357 153294 171886 179270 162816 169709 152398 151259 163127 162450 161283 177980 174953 163659 159648 164492 186186 182973 160763 156036 178629 157147 180328 172061 176850 169503 152987 181052 152537 175562 171009 170108 
152799 151381 168776 160084 131972 158692 168740 169513 163434 157417 182303 157671 130868 144835 153814 173105 151109 155762 158948 155406 153932 173302 167386 117197 165811 153429 153480 165569 157654 147451 159167 148525 154085 165584 157732 143813 162815 143818 151793 176605 157264 144317 148667 147815 153837 177510 148060 143746 175191 153784 168353 163217 158527 156684 150830 167448 143729 153035 161720 142424 
130334 144780 147240 130435 120327 140745 135540 134064 167424 131101 158150 127190 113961 125593 120760 151684 134030 130354 139082 138010 136056 135630 141184 120037 123348 133437 137977 140874 147235 125764 128388 143728 136423 126698 134875 133618 134177 129855 144094 138897 129289 134814 122938 142991 132542 140666 127474 120312 140151 153247 137494 149756 129933 139202 128451 159844 120596 140886 145426 120289 
125012 163858 147369 144591 127642 136254 149879 150338 158101 139800 155547 152564 113762 136257 130493 140617 138517 136341 144083 131815 126281 152078 151410 132251 136358 141069 142142 141255 160697 136584 147878 147666 139884 133505 140238 146400 143021 131541 130996 156674 146427 139167 131900 135943 146473 158740 140776 122385 146326 151178 157729 152507 149624 148812 139006 152750 138161 151229 150454 130356 
160022 171654 160727 150843 139213 159059 156383 164785 160405 151798 157228 155340 119395 147214 146383 163982 147631 147040 160182 151373 144217 169643 156837 128681 145835 158744 153333 166664 152528 141711 158142 144687 152018 153093 156628 147971 161764 133890 140686 159144 163997 147259 142815 136105 151982 174993 148033 147573 181519 154035 160459 159694 157267 161193 145008 168889 146984 151061 149629 153367 
142817 158366 157704 156568 138418 154162 151387 168263 169206 154079 190957 149418 108303 141833 154833 166084 157471 150688 159025 151463 156337 167728 159569 137119 151241 152771 149870 155990 164122 130249 143499 147116 157144 151287 149510 141035 154624 142933 133543 175031 150284 149650 132118 155595 165781 156783 146889 140496 160630 155325 162217 159108 147228 154358 145621 177944 141762 142908 159381 161170 
173555 167073 185964 168017 149299 179117 171309 174017 191249 156335 191576 180853 138581 152142 168385 186119 148230 153185 176980 161366 163465 175800 176051 138993 171681 162273 165712 180564 173027 150894 180107 157031 172680 162044 161788 167262 160138 162480 154907 186593 184963 160035 154766 171941 171512 182699 166988 160820 184996 171267 185599 181185 162367 172966 167326 178103 160179 162899 172749 152935 
125583 141208 156194 138058 138296 148283 158251 143051 162289 131629 170684 141848 117199 124585 155946 162478 133152 141667 164326 144829 137737 158974 153887 122263 139841 139223 130501 138508 146965 121349 142320 157486 150724 143688 138615 136299 152937 137501 138945 156714 135318 137873 132709 146385 145837 145269 133947 127796 159248 151629 153394 152242 144975 152170 146784 167627 124510 151995 148528 146869 
129542 137752 141656 139420 115927 129924 125744 144915 142091 134115 152926 135493 105648 126462 139096 132142 137493 126957 133007 129529 133760 147258 134430 118622 132278 135921 138728 131029 135293 130259 133577 127446 129924 123950 128142 133665 134188 128350 127261 141497 142039 122108 120070 124644 129216 142402 127583 124785 143932 135067 133309 144064 144426 142434 125292 157357 128712 134662 134991 140453 
118667 145432 143001 143260 123295 132579 127531 138382 146883 130863 150178 128764 102720 112867 113770 137084 137671 129313 137819 127450 123095 134309 135634 109224 132611 123565 126568 129506 143201 125849 125135 137834 137564 125438 118375 124312 135578 124487 124944 131055 124764 126336 122515 113035 123749 152965 120344 115096 138244 134883 150114 122235 138059 136674 127237 136977 114536 138765 132404 120314 
137036 145949 154863 138171 138039 143692 144863 157616 159529 135073 160536 143353 109016 134223 139821 156506 125417 132634 151384 142631 124907 158658 146872 130106 131971 142755 144387 148249 148572 118809 143594 145974 159435 142689 138715 142554 139412 130262 137793 148807 156236 144795 135736 130941 156332 155378 142488 135479 166508 147626 158972 137701 139356 151508 130930 167999 129202 145026 136129 142245 
129419 157268 151993 150619 134520 156897 161319 144350 145975 138646 169647 148389 109399 136410 137901 155849 142759 149027 145191 137122 131105 147675 160272 129283 146510 126491 140058 145886 151585 114337 141436 156393 137600 142817 145046 143965 144910 138851 130981 157308 155361 140950 134215 134926 157308 166150 142830 119166 166081 142010 140565 155058 144605 131753 134107 161016 121321 143444 153997 155521 
170485 192340 197215 178689 169062 178698 181033 178785 186397 160169 196318 185260 145478 166476 171951 185229 167165 172686 174432 175274 173545 195818 182054 147919 181596 178826 175544 176670 185130 162845 183053 174914 181389 169257 185183 170846 167414 171817 163654 190312 182227 166389 167677 171058 180374 198791 158062 150901 195381 184301 187639 187306 185318 184660 162855 197446 170935 189139 176849 166008 
144467 161799 164424 152700 143356 162109 169313 173211 166533 145474 176171 144001 117786 148759 146485 175738 139312 167304 157996 145941 141137 181880 174466 133596 152305 152798 158600 154376 159787 137191 148229 168495 159707 165326 150988 142700 166274 147774 142476 171285 158558 150792 148297 136147 173791 173148 146266 136455 172173 160730 166629 153635 159594 165274 157670 172784 142176 154782 159332 150423 
128054 165774 166717 157534 143900 156168 157579 158195 180864 158984 184881 143288 124344 143755 159762 168746 143196 151400 165093 147004 148861 161662 157867 138041 137764 148921 148308 162171 167178 143708 167148 169689 157916 145209 143970 150261 156212 156614 150852 163521 165777 159462 148540 164701 159582 165241 148641 139308 167948 154322 169292 166617 153522 153320 139260 184226 143530 153791 155494 147573 
137723 161086 166604 158610 138808 159045 159683 156399 163340 139117 173287 161833 125762 152888 159849 160492 157339 142236 175917 149165 148360 168244 161952 137443 147628 137808 150242 163604 146124 140691 166816 162993 150043 149970 154814 144468 150508 147350 151204 163548 155157 143443 151566 152299 159550 175074 142501 136935 160330 164128 173961 160771 155431 153132 144695 166919 148159 158716 159093 149404 
151098 171842 165158 172961 139953 166940 172495 159248 173441 154736 188077 159157 128266 152720 156400 176259 151705 156308 173726 144546 163156 168199 166376 135462 161059 147730 159316 171766 164377 141866 173206 164578 157523 160579 157683 144772 161598 163265 161562 166945 167646 145285 152155 167742 171486 179133 160985 148084 172804 168784 170586 173891 161694 158195 142671 178714 146973 148867 166593 155942 
136979 155477 145143 141293 127597 142469 149509 136226 151402 143282 157255 141668 103661 133003 121922 152143 131185 142236 142340 126930 132021 129451 137872 116202 131083 129565 143632 151595 154328 121522 148981 142883 137384 148338 124235 134081 149007 136514 131550 151728 140231 133881 129363 148154 144895 158801 144219 126744 157243 148442 147952 143948 140346 133611 130085 146183 124400 141786 148130 129439 
140478 154962 166027 129957 146297 155259 155427 159420 165211 147348 171168 155801 121384 136513 148935 160920 142242 142433 160287 155454 142508 151040 150724 118475 140058 140615 151842 162500 141570 132643 147248 155923 145491 144706 136106 146542 142459 146092 142411 169120 159867 158699 144719 148596 160311 158254 146168 141762 164980 157976 157369 154580 144580 153844 135827 164934 139197 160831 152161 137123 
146892 147419 160522 156149 139031 155306 164632 162232 165586 156660 185710 155850 122127 146369 158288 168557 139763 150389 160808 149220 142122 161307 162347 119391 149312 136900 167620 157134 155736 141699 161368 173367 154766 176312 143825 145926 157221 153045 164969 168596 160325 152165 153229 157291 159974 167025 160865 137676 176501 157713 160233 152139 160708 163778 134982 177230 132749 168559 151259 155983 
137895 151335 157942 147373 130978 150887 152466 168319 168114 157229 183529 143258 115009 142369 146286 171808 144665 139165 142700 139484 144388 155246 156849 117722 133976 141383 162598 147298 165782 132738 152564 162919 147380 147765 135409 133369 149381 144128 161311 165300 150217 159977 145404 158505 162328 165469 147407 122715 162213 157872 157282 159945 152197 151658 138566 167287 128456 154906 152106 152581 
130744 145497 152441 136608 135604 133384 147748 149429 145403 143471 163169 144891 113889 128216 130782 145726 134343 123550 147645 141824 123708 142988 146022 114169 136207 135830 147822 146897 140409 136575 151583 136536 126848 136197 146548 136017 128683 123508 132393 158571 156465 142602 136420 135372 151352 154730 136683 124071 152756 143178 148036 157240 145073 145616 122613 147995 126784 151006 138637 124698 
117736 134696 134699 121073 118008 129722 128868 133993 142864 131754 135399 119546 101536 107409 131899 136639 115016 124444 130417 120617 114472 127595 129868 100484 128268 118123 124916 129256 140225 117155 133788 127406 119803 135598 113718 122967 136233 119628 120542 137369 131425 122963 116699 127832 127957 139943 118015 109485 143268 126287 137897 131721 133800 120682 115053 142732 121541 130270 127242 129838 
123004 144421 150172 132379 138417 143703 136920 132433 148761 129795 153691 139147 109461 116653 132604 143260 125812 122457 158777 131811 130943 139954 144577 110650 132192 136287 129892 132610 139158 125345 155464 146162 138812 116155 123012 130168 127251 122085 123783 134989 145568 132452 141252 133933 145354 149137 133450 130499 151571 141752 148125 143434 139431 142268 127794 144973 127065 141953 140078 131089 
126296 153829 167155 140074 135293 152901 148313 137833 151407 139009 169129 144204 108293 132441 142300 156898 145184 140148 153034 148103 134941 144971 154655 120121 143690 139362 143233 141502 140896 129951 154717 145956 144520 128745 149961 142150 141827 134359 132250 155660 159842 144836 147106 145327 152698 168046 121802 127138 158232 152370 159826 165268 143867 142887 137731 152590 131642 147629 149966 140382 
149526 146257 176206 163156 135344 163294 163586 155963 169521 145711 186222 154537 116875 147476 163324 172361 147612 156300 170162 157416 158590 161267 165299 128992 149229 148232 162694 168752 152806 148587 172843 155920 161401 158321 157667 155138 163145 160754 154268 164517 174410 141531 150596 155990 155713 179284 142269 143725 183146 155711 165866 166315 158630 166071 147152 172298 138984 168926 160597 142208 
155688 186430 181342 162346 155381 174737 169821 168416 185999 165502 184415 179755 130365 155931 167678 167326 166317 154425 172022 161191 166671 170202 165422 137358 165219 158016 162561 175107 167389 146318 182733 155706 155608 154398 159826 157423 161596 161238 149572 187417 178718 158354 157115 170079 163629 186277 163322 151078 170832 164926 177515 185902 173785 168174 147020 162578 159055 178074 164621 150391 
151257 161609 164362 152041 131767 152737 176408 156448 164801 157690 185105 154635 116886 136468 154085 165902 139226 143282 158533 142234 144843 156856 156885 133457 150983 141485 146538 156861 160023 136384 156874 157955 158088 146963 136323 139247 160876 152285 145227 167155 159410 151529 134856 151537 158801 149674 145746 147544 164902 155221 168745 165992 151175 168261 151775 167720 146250 160495 156787 144291 
147771 176475 192012 175963 164099 169038 170106 168477 169561 162392 189957 181410 139869 156509 185744 172229 157519 149058 179148 169704 156712 178757 161810 138427 164552 161728 167716 176656 179194 143865 182548 165144 175408 167878 159790 160829 166535 164654 156988 174537 170932 163421 162482 175627 169659 192214 164187 149068 198293 175561 192635 184730 167012 173853 162516 188001 161632 168227 174796 164383 
144233 162209 166224 164810 148265 154573 173914 173145 178759 154753 192081 162328 128499 147240 150762 182435 146448 154762 172791 151178 147835 164294 172318 142844 153526 147741 165617 166730 166678 146368 163190 173298 158252 169075 153620 159908 168102 155386 156953 179255 176667 165637 150195 150331 168042 177757 163560 153315 170795 174876 170947 157264 154403 173054 156692 177764 146139 164555 160417 162849 
125130 149086 144062 138836 127896 149982 149445 144158 161889 132323 161607 139856 107855 127588 127849 151372 142159 144020 154034 134409 135688 137430 152890 120703 140333 127470 156736 137082 151107 127900 144358 150230 140581 140660 129066 140816 143919 130598 140304 150963 150053 139036 137946 139610 149866 160849 145538 124174 152101 150986 145058 151845 139278 149808 149095 148394 116252 138775 154351 143124 
130991 158641 172517 160930 153038 161658 152851 148353 181148 149813 181081 151213 119691 130806 143120 173518 154373 140148 159482 142866 150952 150538 157064 120270 157107 145119 141207 155713 155343 140297 172447 137997 144580 144677 147491 133521 147521 144656 142574 170580 167882 144014 141115 154384 166716 167590 140456 135982 170667 163750 170180 174327 157000 151069 148994 158414 138078 149826 163939 147628 
133386 147936 139594 140493 117450 140474 145485 134793 148687 138168 160929 127483 94743 132146 133913 147377 132813 132422 143683 123368 127355 124591 140275 116770 133788 130258 145502 140608 144407 123637 152887 139704 132632 138043 130686 130664 140705 132658 126799 147310 148234 135025 122311 142590 131845 153741 121953 112778 141333 146270 142913 150399 145962 143684 124202 148741 128311 147482 139026 136797 
132329 147884 159427 161989 130552 159029 146665 147893 165749 139172 172107 142762 123604 141683 158370 165571 126485 150914 160444 136298 151201 162600 157334 121776 139013 147734 141529 154486 148585 134044 164772 149787 161104 143949 136112 139471 145016 137475 142894 151528 146905 138120 140101 141101 160167 158182 141734 145615 170878 148781 171736 156910 159812 138745 139458 176067 136102 146770 143992 139301 
131866 148019 154335 147371 120057 148907 153761 149845 158643 149106 168613 138046 118071 123273 131016 151740 143514 137779 142084 145325 141844 140550 149611 112555 148158 132986 136714 147510 153194 129694 131962 136892 138167 143567 137964 135422 141651 129718 136415 159148 141063 142066 136207 143570 143655 160545 137064 127732 146755 146809 147155 150997 146980 137596 122252 156884 119542 147513 150765 127495 
148696 150956 164463 155043 141175 157438 156325 152745 173435 140151 173617 148457 133094 133958 139986 168497 143002 137176 169205 142282 150966 156311 163291 124445 146799 150621 144677 158855 146972 151903 164609 163133 150496 140206 144894 142895 140887 143171 150537 148928 157584 144934 146375 153137 158336 159240 151403 145365 176445 158342 157761 163331 151296 154517 147651 171496 138370 151009 157762 146820 
137535 151689 168047 141476 132908 161050 161369 146558 158806 140623 170600 136020 121121 135835 147558 159618 139794 135309 158829 149119 141052 149303 151952 128644 135173 134796 143352 150717 155977 136914 158194 150823 143766 134142 135474 142700 154763 134337 142194 156726 163859 139299 146773 150396 143744 163208 137128 134475 169110 149012 156714 158061 144853 155459 146683 167106 132525 165643 155692 141616 
160876 165556 178013 146117 138213 164255 159628 163297 164940 160172 175595 153654 124083 149674 159469 162166 150569 148499 162228 151833 161355 168229 153642 122736 156673 167931 155629 165658 146078 143361 168659 152263 156360 150513 146147 137258 157226 147928 141416 162423 155972 144620 149477 158184 156847 169687 140203 144193 171422 149723 164767 170815 161877 164561 155571 163238 152586 160056 155359 144688 
151179 167964 187217 167234 152516 167827 161914 163220 184240 156618 188724 161929 124044 148178 170850 181449 152587 157391 178150 159833 163564 166862 168963 127327 153325 160180 160026 170324 161442 143833 167692 157897 166770 162268 153549 154213 176183 161064 160806 168699 160617 156891 156573 167433 159937 176266 157062 157040 181491 168797 179663 172754 169142 158430 162395 178074 150775 160916 165055 154969 
149324 163706 165661 163601 145971 158644 156340 168381 178039 153411 188016 164015 121137 142397 166605 174922 152060 149334 170157 155146 159901 162545 163414 139751 146117 150312 152323 168575 165053 147696 172137 156090 149343 150728 153460 153532 153881 154047 142555 174406 160526 158041 141066 154302 162304 169513 153185 142713 170788 165800 173577 171147 157275 159556 138151 173751 147700 161909 156489 147707 
133904 155083 158216 144130 126557 133287 156151 151837 165655 133655 167418 133966 110485 129644 136208 154848 133447 138477 140985 144787 140346 145305 140136 129024 131820 127378 142028 145179 152737 123594 145061 138030 146204 142348 133340 137682 142817 137708 126959 151299 150678 127692 129785 137245 146353 161011 131130 129468 156775 133313 144517 143478 132967 149298 133870 155819 133709 159180 147046 133201 
137911 159271 165843 159180 147552 160307 157048 149219 157128 138456 171516 152209 126032 140415 154411 165533 129972 140636 160927 147067 137422 169774 164811 127322 146099 151847 140192 161298 162907 145729 162810 154042 144423 140410 145586 145625 154908 149264 148734 152909 163283 143620 144776 147368 161849 148044 152879 147552 183179 162584 174757 161931 168216 153259 130536 169518 138306 153431 149082 142043 
153988 151077 164445 139010 130508 165150 165181 147514 176572 148419 169587 158020 123071 133970 160951 159034 145712 149106 160034 141054 149051 160480 152208 131386 158994 150281 146690 160544 150405 139435 162324 156430 158838 140106 149656 152417 158539 142777 132040 162103 150168 140151 148014 145954 153911 162645 129269 139083 156279 159921 166258 160458 151341 154789 139385 170394 140113 161081 144196 137491 
158453 164969 175770 175880 147642 175793 166998 171777 165628 156052 195545 177981 136559 160873 184089 185994 155857 160677 186108 160867 162009 167804 179097 139386 159614 151215 164898 178437 165036 152926 175892 175226 168926 172724 151236 154979 163047 157692 159964 179916 166576 169148 148984 153545 168733 193490 170473 164793 193534 173338 187256 167130 162868 168468 159998 187908 159433 165448 175491 168713 
137544 162074 166663 168179 144188 165138 154135 157845 171749 159244 182008 170915 137096 154036 159828 169131 157070 150321 161749 161543 156611 164392 157191 140869 151477 138206 168982 170880 168578 154365 174007 152552 156574 160174 160011 159064 148582 145081 164975 182752 171248 160272 153381 166355 155719 178438 156586 139866 175167 162135 176070 178325 159535 147717 145536 179931 147096 162569 158537 149812 
144500 165278 174727 151531 141220 154406 158779 159288 155743 151610 184231 159525 124117 150683 145536 160634 154405 142593 160083 158473 137823 161024 159156 139334 152710 150297 149115 161437 162530 133535 152407 158810 157564 149820 162770 151776 143479 135705 153196 157120 164351 149493 144872 148284 160820 167322 145426 143660 169348 159620 177224 167977 141577 147877 145132 182514 139557 148149 153198 144215 
141524 142347 159769 143951 144281 148606 161604 150240 156320 137737 174035 138972 110938 134546 137871 160999 130388 141672 149128 139835 133995 158540 157939 113920 137536 145851 141121 152837 148770 127909 152126 149110 140705 143440 143217 139539 154247 138330 142788 144409 155402 139122 148640 139013 162073 154412 140992 128662 174603 154490 153533 145234 153069 141356 128336 167916 120812 146470 138200 139971 
130962 151212 150583 158526 121384 148838 157640 146610 152363 138470 168213 141233 109478 148111 141016 152422 142778 143839 149556 125241 151096 144826 148349 125403 145468 134265 151367 149540 141152 137787 149155 138768 148732 143617 134733 138273 152542 141742 127580 161649 154429 132980 130469 143423 138948 167492 140645 136582 163132 147913 150482 149214 149960 154880 153088 160512 133653 150010 160567 149305 
156723 169691 178813 151840 144683 180985 169168 162622 173482 155512 184688 148300 126208 143705 157891 180645 139085 155457 167533 156186 138230 172422 174819 140444 154882 153134 144522 175224 172858 139133 170217 155855 159804 158747 146904 145381 171221 141210 145552 166268 174217 150966 144475 147274 166269 171602 149198 156011 191887 158682 189889 161780 152669 161696 152812 176118 154372 161478 159589 142868 
142368 159708 162591 159967 141735 167126 170050 163157 165813 152333 182064 150562 123858 147865 148866 155801 145442 140110 173915 154562 138441 161020 170058 138689 150912 148951 153459 169338 150249 141162 167695 157787 140609 160240 153846 151979 161570 134076 153987 158757 165165 145221 155608 155960 166416 162245 169731 141423 175732 168610 170964 165723 167900 146599 144526 176099 145085 157743 152152 152334 
154977 173734 176435 167471 145579 170728 178065 156999 186836 150599 190492 170616 124802 149409 151072 172685 164840 158816 177671 164590 158725 160174 173624 148491 164904 168522 157714 178560 177316 146524 173425 160263 165010 161059 156124 162899 166783 151858 148724 166156 164728 151972 152101 169032 165162 180579 163766 152084 176068 185878 175899 181396 160512 162519 158710 171891 154724 163165 178038 146010 
150455 157059 161842 143239 143142 176707 161433 154323 170703 144360 175726 147186 124360 152928 157252 164530 132414 153115 163465 146653 151937 177918 167415 131097 147929 151686 144610 160209 158991 145316 161634 164916 147680 134325 143742 146234 167891 143567 144270 164907 159928 138520 146898 155588 158874 155169 158910 142724 175564 166994 168879 164722 155607 164266 144489 165719 146523 166493 153604 137490 
147372 166454 177085 160999 150705 168943 157370 168869 177748 166828 191897 159687 115035 150295 160678 167543 154793 161809 163706 161565 152402 178107 164246 137211 168137 163581 160182 169488 181558 131733 167293 153972 166105 161325 156005 149206 160919 151615 150053 182257 174258 156261 146909 167629 175173 179192 154984 142091 174810 168151 177156 176146 155925 163474 142364 181614 150724 155839 170563 147463 
137698 151791 167095 151714 125644 149431 155720 152614 172981 163288 175924 137384 125629 132629 140911 163900 135680 130276 149178 134385 143779 150467 155297 120508 151642 145394 135273 155974 155125 139634 159300 152308 142004 140663 135975 131612 146930 133922 140279 147862 151142 144706 142204 150151 148452 160685 140639 143217 154800 147228 162083 160568 144411 146301 133204 160156 132866 148639 154956 128646 
