149 99 135 164 79 85 91 157 65 143 33 99 96 21 92 110 107 86 56 99 59 142 128 171 114 159 112 154 194 54 97 45 77 150 134 126 154 46 159 151 77 39 64 132 160 102 179 157 61 53 75 77 147 68 121 126 87 62 132 126 59 
61 158 99 64 103 109 69 135 103 148 76 91 116 74 44 35 56 103 171 100 131 129 155 146 97 49 130 92 73 159 36 135 41 69 148 145 124 167 79 99 34 93 104 170 94 134 87 131 54 138 157 160 133 145 67 90 117 136 93 172 79 
93 83 103 112 133 139 137 25 111 22 46 61 96 100 39 110 144 122 145 44 51 63 74 3 169 179 157 71 146 142 167 159 145 141 68 77 116 89 59 26 101 139 49 63 19 35 99 112 104 116 113 80 130 67 115 146 62 74 88 114 47 
190 60 9 85 150 116 106 139 110 129 42 49 91 109 152 101 44 23 35 137 56 106 34 38 98 132 115 152 95 74 129 92 145 85 152 116 132 25 77 52 59 86 74 158 100 65 144 145 76 125 97 32 67 98 164 41 130 174 199 175 29 
182 42 100 99 129 100 56 63 5 117 82 37 108 40 142 122 106 117 152 111 129 116 123 118 114 5 61 85 40 124 57 132 76 96 29 115 177 70 55 113 92 69 158 31 46 87 156 94 82 114 90 146 35 49 55 131 134 62 16 20 101 
125 76 46 132 68 167 83 79 101 117 105 122 31 106 174 168 81 80 169 50 173 195 184 115 166 24 124 152 115 112 128 150 18 125 96 116 147 66 15 46 110 88 143 69 102 159 95 51 116 164 71 128 90 65 98 143 8 78 75 99 66 
104 37 100 46 149 107 123 60 64 33 126 32 162 75 133 83 85 37 83 6 129 90 142 149 105 81 136 77 79 104 110 120 106 144 105 15 171 120 122 166 90 167 65 33 147 87 78 65 133 126 131 100 98 100 101 125 89 104 145 106 87 
84 30 29 132 161 38 122 73 84 88 173 118 90 139 91 72 74 48 89 125 167 98 92 67 105 78 173 132 108 168 122 102 61 136 132 93 134 171 17 86 132 89 50 101 133 189 117 15 163 133 129 62 93 142 75 133 186 95 82 66 68 
88 164 121 147 134 88 108 146 133 157 98 99 173 85 84 28 123 41 101 123 100 112 66 108 154 64 70 46 81 108 100 130 104 162 185 124 116 114 91 84 46 153 65 91 165 146 175 116 87 109 89 84 114 52 122 74 94 74 103 95 186 
133 51 120 114 88 159 146 34 77 153 92 134 58 130 112 179 101 81 160 142 91 107 115 73 172 140 83 87 42 118 132 140 120 165 49 87 123 21 55 144 56 92 111 100 45 95 92 113 183 72 94 85 96 118 107 128 137 52 134 106 130 
125 89 46 188 110 174 122 101 107 137 143 171 120 68 141 121 155 134 171 97 165 73 135 84 50 99 47 130 105 42 85 20 115 159 39 91 81 138 152 93 54 71 40 22 74 120 64 158 77 82 93 60 25 90 93 150 81 72 96 96 114 
127 116 128 68 53 162 21 83 105 74 196 131 94 57 160 130 145 63 115 113 96 117 111 148 60 137 23 173 68 45 125 87 42 128 111 108 122 27 132 82 93 62 126 94 83 180 165 133 91 111 87 175 174 178 58 100 158 110 106 122 97 
105 62 54 130 132 44 163 61 127 154 163 107 23 69 98 53 160 19 86 125 27 89 97 141 135 79 148 69 186 97 40 31 91 127 35 89 84 18 78 173 97 11 146 136 82 162 90 143 115 142 95 111 62 119 43 74 119 101 131 85 94 
100 122 11 137 157 148 48 99 160 95 47 150 78 147 104 185 103 136 47 122 21 75 174 101 136 138 96 46 39 65 96 73 117 42 132 117 98 67 96 60 108 116 61 111 84 70 66 110 171 173 101 164 68 25 54 52 40 44 56 67 77 
91 112 63 63 80 95 100 102 126 128 141 82 82 98 83 95 39 139 50 135 63 110 13 90 64 101 164 92 130 76 84 133 84 108 162 151 139 101 120 49 145 131 118 29 25 145 43 96 62 183 81 46 48 152 17 103 127 88 88 52 110 
167 81 92 67 107 144 63 67 88 120 66 98 155 158 94 88 163 60 90 176 119 80 105 81 38 164 173 108 45 42 121 146 116 151 133 33 48 111 99 88 93 78 90 102 124 145 91 21 94 61 44 88 150 95 73 85 52 69 185 92 64 
150 73 94 84 177 152 55 108 65 118 160 115 110 61 43 144 107 157 82 88 161 72 49 118 103 102 75 105 108 50 92 81 105 103 184 110 149 88 145 139 150 80 82 116 173 120 45 62 67 110 98 87 38 111 33 149 67 21 126 185 30 
144 59 76 42 35 54 98 34 138 67 32 32 117 119 59 61 28 103 126 77 166 75 57 145 23 1 115 81 178 84 169 32 104 76 114 43 71 93 149 153 59 104 49 150 76 52 98 107 105 111 35 91 90 49 110 129 89 31 145 19 130 
166 51 176 36 116 121 96 108 109 145 64 124 23 109 128 113 93 62 52 104 88 87 26 16 31 49 75 29 96 145 136 158 111 54 77 118 113 100 146 71 106 184 73 133 90 178 103 81 166 20 65 51 121 120 29 81 115 82 123 161 65 
141 84 108 123 69 130 57 69 79 69 141 55 88 132 157 48 149 116 57 83 43 40 164 49 102 136 115 89 24 105 87 75 106 115 75 124 142 8 108 72 94 109 98 154 83 82 132 64 166 162 83 136 124 133 120 72 142 171 86 98 2 
129 75 91 36 72 186 169 136 158 86 78 32 159 69 140 30 157 127 81 97 93 134 89 130 96 84 131 174 109 123 92 121 52 8 16 124 92 171 97 125 125 85 36 56 175 90 117 182 98 75 86 152 152 74 136 85 153 132 102 66 154 
101 106 52 44 174 58 80 70 31 86 120 111 120 101 174 173 96 143 74 69 147 164 55 97 162 75 146 49 126 123 101 128 146 63 142 58 78 61 96 73 119 49 152 139 99 89 183 13 176 81 57 107 56 67 113 45 148 33 48 94 60 
58 57 85 101 140 141 129 90 174 66 86 163 59 98 143 53 56 155 101 117 108 41 85 23 131 86 17 83 155 162 44 67 51 152 82 93 80 72 69 98 104 34 72 142 32 138 133 44 134 63 119 65 88 119 110 104 55 107 135 91 148 
187 39 140 131 71 62 72 19 30 48 76 142 121 120 82 25 158 114 71 149 131 18 18 120 139 8 135 138 92 134 44 21 153 94 55 49 44 104 87 72 129 61 64 129 113 100 83 62 49 87 109 76 122 85 110 56 95 136 64 155 26 
69 136 24 91 92 97 54 27 108 47 152 120 154 102 52 109 163 51 149 83 114 156 120 114 38 31 158 75 102 117 65 130 66 127 35 133 141 112 26 135 167 141 47 188 75 150 33 16 74 56 89 103 128 70 58 80 68 98 18 12 113 
103 47 83 114 83 144 33 114 87 67 144 94 56 118 121 151 30 149 44 146 132 105 54 165 109 124 94 132 185 113 86 77 100 110 181 118 149 46 79 103 144 194 31 35 111 32 185 91 105 101 79 53 63 100 104 22 164 104 37 84 121 
162 121 161 91 180 37 46 31 86 149 74 164 163 68 72 88 97 105 87 101 76 125 96 91 110 88 91 63 123 39 64 11 153 125 76 154 108 172 106 92 37 51 117 118 88 78 143 107 141 26 62 64 80 20 164 112 122 61 29 78 167 
157 94 126 99 15 117 65 58 110 148 63 180 116 102 59 55 160 52 114 113 94 140 96 88 131 70 94 180 56 74 93 62 68 99 114 46 51 56 88 162 120 50 138 140 35 120 97 46 28 108 105 139 154 133 117 53 109 149 95 124 143 
117 91 50 110 68 93 79 119 94 84 133 75 107 168 71 123 184 74 152 153 124 96 155 135 6 69 117 79 133 98 128 58 70 59 58 74 162 52 26 196 116 119 19 132 54 81 166 51 54 132 85 110 149 52 80 84 110 124 113 58 153 
102 139 97 91 127 146 177 96 127 58 85 106 122 96 77 121 135 163 147 142 156 114 67 55 82 113 166 142 178 162 118 78 88 123 45 77 176 117 72 105 26 78 114 86 120 110 77 185 105 136 128 66 147 91 86 36 153 170 99 139 109 
159 100 158 93 132 160 173 124 174 137 113 134 20 125 75 156 82 85 152 98 88 173 70 80 31 183 114 79 35 112 132 165 136 94 118 54 93 53 62 143 65 160 85 95 96 183 130 97 148 161 116 168 54 32 137 66 132 125 100 121 40 
151 106 105 71 67 165 59 117 82 173 100 101 112 30 108 74 162 68 87 155 109 97 72 9 142 22 98 86 40 92 107 105 48 103 42 47 70 188 77 82 161 125 21 120 73 115 97 58 59 192 84 156 122 183 171 160 73 127 143 75 168 
164 131 126 98 9 80 51 54 107 75 173 154 54 107 67 149 149 113 112 96 139 140 102 95 99 82 81 71 49 117 148 61 152 45 97 149 30 102 145 176 75 65 154 112 42 165 192 130 72 80 113 130 50 155 45 133 44 177 139 84 68 
102 140 100 115 76 109 13 59 77 13 132 126 153 19 37 117 159 108 118 56 87 79 43 72 163 159 107 159 189 53 164 31 152 12 145 51 92 79 37 189 109 36 28 105 150 125 163 128 4 39 107 169 157 104 90 57 92 54 185 61 76 
101 67 65 182 110 97 74 78 153 112 85 70 91 71 106 89 133 23 56 102 94 121 62 106 89 142 45 83 123 82 119 136 45 190 92 64 95 139 160 121 105 181 129 94 110 42 160 143 58 104 60 73 63 57 95 75 163 88 43 67 105 
42 128 87 168 100 60 83 52 145 174 97 24 56 134 130 41 179 94 92 49 141 156 137 55 105 109 50 157 17 118 69 86 159 52 153 156 54 126 190 76 101 146 153 156 43 94 104 133 145 60 81 141 141 144 146 104 59 95 189 32 69 
95 83 137 88 14 83 182 110 106 131 111 109 80 119 154 122 123 95 32 93 125 157 130 141 57 164 135 84 148 145 100 98 150 174 122 60 95 108 84 93 74 138 91 87 114 118 167 169 126 132 180 77 127 10 49 102 162 69 69 52 193 
58 23 165 73 30 63 155 79 89 88 97 159 108 64 79 153 71 105 81 70 181 105 99 63 103 24 129 139 70 181 126 135 56 93 147 191 54 69 152 182 99 65 39 192 122 13 40 108 108 102 102 115 157 71 57 117 92 88 101 89 173 
117 21 46 63 113 74 144 110 77 108 49 74 105 137 44 181 78 92 168 127 40 87 172 15 124 102 110 98 88 45 104 97 38 97 49 178 172 78 134 47 174 149 70 182 78 127 139 95 117 40 155 112 95 82 156 95 95 105 129 68 53 
85 117 72 168 21 101 167 142 149 58 81 137 98 80 74 64 101 24 123 41 132 128 93 116 8 181 124 134 144 113 162 157 52 84 144 138 58 121 57 96 70 47 185 81 133 89 12 63 134 103 33 130 118 99 140 18 87 89 76 108 125 
120 53 153 87 125 173 126 134 157 187 105 189 62 117 123 114 173 104 110 49 100 77 59 9 165 17 96 54 96 68 100 9 166 57 127 100 44 149 32 89 74 32 61 85 18 179 130 161 77 75 111 58 22 112 122 169 137 156 137 61 10 
161 72 143 102 72 138 105 49 80 149 64 76 167 121 97 60 92 106 65 114 109 53 104 119 153 106 73 91 51 78 138 146 29 6 96 144 108 114 128 105 118 116 38 121 86 65 94 137 159 98 33 35 78 80 57 95 165 82 134 97 55 
60 129 95 88 152 35 184 121 170 154 39 86 112 123 125 95 126 138 124 115 27 69 113 98 149 106 143 45 117 18 64 59 172 105 158 35 126 80 29 110 100 69 104 36 79 114 112 61 105 144 162 61 134 63 62 114 146 33 171 67 145 
80 86 47 72 66 75 183 184 65 50 158 134 96 80 37 91 58 169 69 98 98 98 165 116 96 65 141 164 106 3 135 91 160 78 175 150 68 144 112 70 92 115 106 72 97 135 97 134 53 44 121 126 172 120 59 59 101 6 79 113 104 
106 60 107 64 186 91 13 43 52 74 32 51 95 62 106 56 159 138 164 111 21 151 113 110 131 58 130 134 114 109 27 54 72 137 62 152 117 92 58 155 82 139 131 105 145 156 76 139 97 182 139 153 41 143 91 49 64 170 85 150 115 
104 83 124 168 86 46 38 104 65 143 18 99 68 101 109 80 98 161 69 129 105 60 132 147 80 168 93 94 90 117 122 163 101 57 133 56 92 34 123 103 65 97 135 73 111 83 66 115 98 50 29 103 123 86 157 120 168 150 81 128 143 
114 126 108 83 70 171 128 118 40 117 173 105 95 93 76 123 99 105 90 50 163 112 136 154 33 42 69 94 116 155 159 91 169 108 65 83 24 109 118 38 48 85 22 31 55 51 72 42 127 112 63 130 12 81 39 97 180 164 119 130 28 
112 98 142 82 79 26 68 140 36 24 92 167 36 103 105 151 162 108 85 54 122 176 114 32 24 117 66 97 89 31 63 75 72 131 142 23 90 140 116 31 115 81 152 110 130 164 90 88 39 62 102 161 75 99 118 69 73 105 79 65 62 
152 102 48 129 110 94 140 147 79 147 82 135 134 87 78 95 126 102 97 139 76 89 112 114 62 52 73 86 161 113 50 79 135 117 68 102 83 119 135 107 190 188 72 72 79 113 104 83 192 165 124 141 155 97 23 102 98 152 53 108 75 
164 139 149 130 142 108 195 77 109 23 122 159 113 102 38 71 130 111 123 126 104 124 105 69 118 109 90 73 54 45 92 75 24 110 128 137 71 165 96 182 117 74 109 88 109 98 141 157 71 115 130 71 50 142 34 85 76 97 102 69 119 
70 96 84 159 96 9 109 83 54 124 162 156 139 75 97 116 142 76 64 101 90 43 120 118 145 103 161 16 83 102 95 85 64 106 125 132 70 103 100 67 70 136 64 161 120 109 122 65 86 132 64 85 84 96 53 24 86 99 85 157 188 
137 78 97 85 143 41 123 96 99 100 158 69 26 70 124 131 92 78 66 109 135 186 34 89 25 130 55 168 26 31 126 112 115 162 69 65 49 147 68 110 101 101 109 102 42 125 79 89 52 157 51 85 44 88 45 108 120 86 65 65 91 
130 116 22 83 85 145 158 118 150 133 102 125 63 89 168 86 41 177 90 10 108 95 157 32 63 61 139 124 43 90 62 129 142 130 106 157 105 188 99 106 28 59 151 115 172 155 87 78 157 140 98 175 113 54 124 103 151 72 128 89 123 
67 97 67 127 96 58 127 139 111 74 54 188 78 72 107 156 96 168 61 69 49 48 9 58 108 107 97 79 72 106 161 52 93 108 101 142 98 168 89 38 170 197 153 61 97 107 182 136 75 112 167 157 59 5 166 92 155 127 121 66 96 
81 111 32 83 96 48 174 58 167 98 51 90 160 119 194 138 37 71 59 29 91 129 19 87 37 94 78 126 11 141 54 159 38 162 85 105 100 107 103 100 184 114 65 139 104 47 74 92 78 47 158 75 59 45 156 96 61 153 41 125 27 
40 62 47 56 31 96 41 160 93 155 105 93 173 93 87 73 123 18 68 57 93 70 72 124 26 59 137 115 122 116 121 88 123 89 189 106 55 157 127 139 47 146 114 192 52 51 186 137 105 112 119 30 115 63 105 38 192 58 162 103 45 
118 103 88 121 96 78 104 69 159 36 165 74 123 135 79 105 187 47 103 90 182 10 82 107 130 191 28 148 52 86 78 59 99 121 23 114 97 50 74 80 98 114 101 143 151 96 120 94 57 120 78 57 117 84 75 55 127 86 79 23 58 
35 98 123 82 71 85 36 61 46 136 29 113 46 169 90 78 108 117 41 88 94 37 97 62 89 70 103 119 130 107 127 160 185 130 139 136 110 120 55 102 131 125 120 81 116 40 54 78 128 186 72 108 102 19 128 129 24 78 11 106 123 
123 31 50 86 158 70 56 113 136 63 22 89 96 70 146 123 129 133 115 156 99 130 117 165 126 124 21 150 125 137 110 110 144 45 78 185 101 90 130 169 72 33 53 36 60 77 47 120 71 92 35 70 162 57 46 86 111 75 169 104 142 
96 65 121 96 95 114 123 123 151 108 33 30 79 37 74 133 135 59 73 50 86 72 111 28 142 129 47 49 164 131 158 163 158 142 164 77 121 40 100 89 55 149 128 111 28 165 53 106 43 53 166 43 97 81 16 100 95 148 95 89 108 
180 44 43 177 190 77 14 89 97 67 80 122 97 133 70 179 93 130 68 183 116 149 29 107 77 71 134 135 115 76 55 169 78 140 108 65 141 57 86 54 145 44 107 148 144 78 63 79 139 85 143 100 164 18 95 150 66 71 81 104 86 
