188511 164143 165777 137311 159810 137048 185312 145665 172334 124523 154999 148676 135625 151493 164464 143731 128605 138098 136085 137368 159377 137509 144179 146543 128488 160438 162025 157893 145183 135606 168416 144630 177518 139544 165532 145378 177007 172398 157651 147514 164737 157813 136931 149373 179339 159237 151698 139516 138716 160033 156924 136731 168853 158209 144686 168929 137512 164549 143494 165269 166415 147319 
171253 175804 165887 139218 180452 142278 179909 169341 180644 131027 154326 161659 136938 151354 154552 138437 126119 161098 134042 157725 157941 167654 154953 143536 138429 168984 178936 172798 150434 143326 186979 144507 170753 151149 173622 153561 180405 180145 156861 147334 164658 151731 142154 144940 179127 180132 159430 150803 136369 155929 150773 151049 172449 158795 161273 180536 135973 175410 148337 175670 152669 143434 
152924 148840 143558 129670 151942 122934 169159 138198 155313 135803 155215 138926 124249 131135 131922 132848 121172 137510 132138 135162 143177 143923 126312 134928 121799 152158 154815 138847 126641 126366 150163 145176 139795 134634 157938 127795 160223 164939 137209 135479 145277 132102 131248 125994 163200 139491 144150 125156 127912 137184 138591 127021 156571 135194 133750 157754 138425 164943 137556 159341 149331 140146 
186691 171616 165219 146044 190592 146176 187340 161580 166345 140124 169466 163830 134755 154278 166783 144927 151653 155205 136712 164576 169539 171884 154684 145506 128523 163370 160318 167813 136736 144056 169113 159009 160692 147962 161811 158535 183998 189300 161679 145264 162988 147712 151543 145036 179473 177105 163467 139816 148045 154815 170771 140018 170277 160712 155746 176346 154133 175831 159193 189479 172304 141771 
178600 180617 169652 151756 163005 152628 197039 166190 197011 155138 175187 151773 140594 154250 171056 144367 144467 146781 159776 165644 157370 163844 147704 145422 147228 157146 167169 157842 139236 155846 181118 160287 168106 151501 186943 157696 191279 188672 157464 137826 170268 160605 159273 158296 186237 171960 166560 143801 140512 153533 163930 143928 167710 167106 151318 171803 149301 177944 157919 175852 166004 157647 
187556 172888 180582 146391 174424 157513 189748 161699 188249 155119 170633 160341 145003 155214 172389 148765 134180 162826 155139 172869 185503 168082 161873 152946 150990 186665 174762 168659 149677 161277 186595 179705 190304 171155 184700 162507 201621 198267 185501 149683 179844 171810 163193 165405 201957 191184 178169 152332 145755 165768 185506 154795 187626 174465 169241 192790 148333 184239 167587 194870 164968 176621 
185621 189630 164488 156722 181233 138213 198366 162379 207218 152919 189746 152684 150327 152186 164920 157683 142760 169726 162774 161738 173342 169889 156927 162283 133570 166326 168401 162952 154827 146463 186654 161888 192368 152998 177525 152590 206352 204098 178223 153044 178665 167780 154862 166487 201432 184585 165829 160106 150316 169876 173779 152539 187500 165624 161770 183324 168326 174876 165319 182834 184988 172476 
158647 160211 147180 136029 143151 128276 172760 151279 161368 123632 151531 144280 131011 144818 134965 132211 112515 151426 134474 157815 146152 164704 132901 140940 130767 151920 141610 162485 128718 137330 173170 134960 153485 147303 174023 138951 181018 175044 146554 133193 155729 126158 135543 148780 173121 159795 152082 139747 140140 148344 152995 142141 163537 150349 146054 157442 141065 172545 148421 159535 155126 153052 
152633 146042 141968 136015 159620 122269 162896 139385 160266 133594 147087 146797 136923 140976 148773 129385 120432 152047 134612 141599 152805 154689 141396 130112 130871 161707 152995 138922 128744 126388 152546 138918 161426 147597 143799 142514 175399 173163 153208 130598 150550 145209 123399 135764 165607 157643 147984 125690 116827 141113 153633 132951 163973 138025 140213 165203 125788 147341 142599 158075 145357 142581 
139111 138479 128190 119952 147593 116259 148800 123946 145921 120720 150243 118957 120058 134419 142298 116350 119716 126047 138278 141165 130188 136943 128721 120292 110895 134030 137555 123323 119249 124640 137196 123082 150259 128329 153214 138954 156243 152295 137582 125074 151472 127906 113513 143271 156393 138017 129398 114170 111426 126386 153816 119467 150274 136331 128845 142913 127194 141734 127291 146698 133852 121782 
165791 179193 151390 132362 170849 141252 186948 157878 183980 151386 158655 151171 152057 152919 160820 149157 124537 169021 143691 170078 152276 165888 142859 144880 142525 170598 173099 164999 143866 134104 188927 173870 172568 161383 178823 151265 180696 177279 162264 142845 176984 158480 140643 142756 176082 176039 160293 145291 144859 147640 167288 135335 179663 164031 161053 181620 146249 181995 158728 180850 163795 157870 
164465 180191 159848 139777 179650 145733 175936 161121 177457 137783 177159 169518 135153 142826 159865 158169 130831 159460 136563 162191 170457 170384 139161 134463 132246 166059 166913 159696 143898 139955 181530 165501 178057 153250 160865 153968 186268 169374 160841 152955 164683 139706 151284 145008 182240 168342 167946 157800 148607 160290 157240 147689 174964 160924 160307 172833 146644 182292 156995 194583 154371 148259 
162320 156648 147644 140288 163729 133877 169473 152326 158441 124859 154432 129279 131549 133774 152120 143045 127669 135609 142004 157568 144677 142913 136186 132173 124429 141893 141069 145357 129616 123258 164639 144224 156905 137532 157134 154945 170120 159888 137651 128689 159322 135702 131964 135535 160766 150482 138288 139790 125453 130754 156752 119418 154880 149426 132802 148712 147450 162375 139012 166593 141577 130725 
178676 168438 171488 144091 184166 134135 181320 158477 188837 137180 169874 148075 143599 155508 155393 141007 136681 161630 158084 159734 142893 170073 165357 159082 135340 171536 156284 162854 140556 143965 160708 156065 174482 159673 169789 159324 203066 185569 167474 145995 161174 165060 156487 154686 188725 174850 156512 139658 140412 155893 159414 159371 167077 167493 158273 176367 148072 180271 152657 180064 176968 149466 
176887 168371 148326 139343 171282 128705 189709 152485 177290 143226 171792 156838 137391 152111 167913 162522 122719 154141 148515 165707 150653 168578 151915 142935 126825 156919 154994 149946 138571 141174 172081 154120 175160 151403 168944 150809 181336 176792 155630 145625 162569 137668 136148 158761 180455 172214 145756 142085 136373 158809 164023 132169 164381 152094 144502 167374 152258 172091 153716 177347 159816 147979 
170439 167261 145464 140959 168819 136781 171378 142069 174503 141959 159309 145200 132057 140891 141006 148461 122469 151002 142040 139948 163190 164939 139779 139485 123141 163814 155287 152344 138358 140831 154733 155503 168403 146088 155784 139049 183653 175457 160322 139247 152236 138504 148960 138730 172598 158936 151740 148382 133276 151745 151771 140167 168296 151361 147246 164094 138149 164273 152417 167760 158637 152555 
157879 161635 145334 120347 148441 135666 179689 128065 159500 126503 146496 133610 120541 137109 154112 129589 122459 133400 126481 139702 160139 146252 136482 127503 124288 146468 151486 150090 127031 139851 158400 144533 159755 136625 158553 129281 166554 163618 143759 127820 152457 128660 135207 135094 162130 154828 157621 136901 139819 151084 148970 127169 168199 151123 147766 162239 130127 163303 128946 159026 152041 148464 
173838 189594 167692 151541 194625 154766 199738 157483 183600 152132 183072 161318 152137 170078 164996 157219 148535 170988 154316 167131 168390 186927 158612 148178 143061 174093 174932 164229 152008 150714 181414 161604 184439 163211 184203 160287 192568 180255 178512 152727 176023 155540 158481 152671 189815 184824 169378 155795 147342 160630 170140 170869 173868 183135 172047 187716 147959 174228 166221 191025 166920 158459 
148228 153233 137912 121978 145483 125413 162110 138363 159824 130005 145231 129725 126844 144336 127889 135001 119850 141234 145365 143475 142665 138927 131434 137270 113630 133052 138759 153234 138266 129524 154969 133654 147254 128037 173766 146159 163784 153573 149721 122221 157966 126452 125597 137046 160082 155001 147772 135280 126812 125343 152126 122255 160050 142346 149050 157465 135122 169452 135399 155971 148427 134855 
162015 153179 140993 127193 141858 119415 173319 138836 147902 113726 144669 131012 123626 132833 124712 129181 115076 125631 119729 125608 138116 131284 131178 134131 109313 147249 143142 132314 123666 127804 149987 132137 158485 120979 142365 130738 148460 156769 132891 128515 142421 118426 128355 130209 148994 145476 142419 124362 132097 139655 143731 121164 146113 142504 128261 154900 125975 142674 124358 145870 136150 132519 
196507 195073 190152 152193 187943 160308 202282 175109 204110 158930 182248 164605 154993 171636 194364 167292 152661 168826 179242 169674 180650 173545 163900 165304 152344 173999 199456 171673 161345 153756 196639 178988 198481 166574 189450 170062 206819 203453 172519 166059 196846 178068 163956 171598 204619 191759 173486 160435 156756 173996 184458 153282 188034 179430 174755 192532 175724 203310 163152 190706 186367 174401 
189558 180434 184310 140419 180691 141382 198180 166191 190734 150571 179962 152514 139339 160856 177073 159891 130560 157952 165503 173907 177089 165991 161486 157306 134721 169681 174930 167293 133422 155917 180938 163762 186665 157896 185770 160640 206014 190887 179511 154073 179134 163517 146934 169167 205161 178810 154921 152081 136460 172094 179292 155299 182375 173331 161417 180017 165627 194016 161098 185160 173419 170449 
172862 185155 175225 158609 179616 164496 198839 168560 190410 147380 181865 176147 162457 168770 163800 155340 149587 168157 160386 164728 173927 174717 150087 155403 149746 178662 173243 163665 151467 154560 189495 162490 190904 157826 186153 186019 206618 191348 167072 156648 186087 153734 156146 164569 198931 178548 172063 158415 158651 157661 190286 165130 185770 186619 175166 182891 150046 191919 169330 191480 167261 168276 
159635 156999 148929 127127 158198 127070 166776 143259 162159 134534 168667 147869 126729 134885 151687 129461 119593 130642 135018 137096 158158 144439 145239 134727 121570 158316 164039 139157 130806 126494 148454 134671 159766 130403 154291 146973 176640 170210 139929 132374 136889 142714 136283 139100 165269 151865 145038 123196 127995 146314 146252 127867 159659 150921 137729 150255 129640 163702 134564 175322 148236 130214 
147519 142362 138102 119960 130713 118708 142337 138086 150213 111216 145349 133063 113123 128812 125834 127816 102992 127940 135898 122562 140504 138637 110600 117483 109450 137812 138335 137165 122525 120766 145342 131508 134083 128812 153439 128434 156633 143971 136121 116855 134443 131013 122655 144799 149576 139542 137376 126784 123387 129158 124375 128859 144593 136696 126169 137279 121370 149267 130694 149672 137589 128297 
166037 166534 157090 147016 170886 154395 177474 155535 176381 143978 170195 158559 148970 143829 147588 142545 139844 155035 154757 147870 170172 157091 141200 152915 135150 162757 169106 162151 144291 138393 181230 154112 173342 158575 176408 152801 194793 176689 159240 147879 174286 160336 148638 158240 185647 170027 166798 152804 141595 147499 174361 139791 178209 160453 156094 177786 158379 184041 158832 170843 168262 152990 
188815 187351 181095 165627 196654 155672 203803 166500 202303 159129 189993 163879 164052 155378 183803 163171 157149 175005 155140 176777 177677 167954 159364 158373 153602 184935 170115 169236 173824 153611 190365 183247 200222 188438 185576 163231 213985 197876 170050 155125 195519 183819 163710 171780 192948 197234 176192 152483 165818 173255 192321 158700 192171 175108 167436 202442 166615 187109 174069 197635 165907 168912 
177739 192357 164301 155655 186969 162037 195702 166091 195140 163592 178746 170748 164669 162138 157099 157886 149821 176151 156725 171746 173595 175519 152275 160642 149403 177288 181449 175635 160708 142699 187324 172593 190848 167930 192904 173408 200074 181769 173149 150903 183075 181164 163150 157373 191782 188330 176118 148170 159509 156747 186138 152416 182577 179268 168200 190852 158011 188501 160862 189582 173044 168793 
182169 186942 166007 142967 162428 145223 191037 156910 186719 138084 169613 137135 143085 150218 153632 143254 129610 154355 153125 149662 166683 170795 153022 144863 131724 163524 158934 149661 149356 141317 176476 161381 175140 152216 168764 148987 179113 179145 161123 143336 170538 149774 167720 142668 176057 168653 165144 146868 146051 155525 165459 150113 160057 164475 144979 173606 142408 172588 161103 178142 176465 166811 
148229 155990 119724 135033 162946 119203 146598 128056 143020 124233 140906 120947 114406 125568 131793 126399 126552 132349 118017 142777 129186 144188 114992 116302 114194 131122 129030 147067 120640 125029 150147 130166 141502 135487 145137 118019 160641 149172 145248 118511 144668 130494 124710 124729 147565 150625 140734 122400 117881 127628 145226 121696 153962 130456 135493 149329 125888 136183 128220 150484 134364 128250 
144809 158148 137582 127003 148660 124800 169792 142851 165643 127816 157293 137075 125642 128236 142101 124321 109572 135536 121573 138974 148368 142108 137291 127942 108479 151915 149230 137384 119721 118994 155815 128628 151365 131933 143965 137226 158681 167504 138048 119367 147567 136707 120223 128862 155824 146335 131009 126509 127976 135747 145440 133041 157009 142495 134611 156235 137410 159928 131500 161970 140500 140378 
150100 159369 146200 131103 153458 133767 182454 145271 175534 145189 163177 143155 142854 141885 135755 141093 113367 146650 145402 144790 148994 165674 142796 147117 134960 151980 144255 154476 129262 135038 161185 148157 163434 143319 168366 145378 181480 178833 156064 127868 150584 132843 149987 128907 174410 154541 156911 142432 126078 141220 153271 139164 165851 152332 142824 145269 152280 169731 140229 174882 172779 156339 
140429 158010 139750 124140 146496 121696 153240 140476 158934 105465 148400 131641 126713 131373 143403 118185 107100 133861 131855 147384 132175 143038 133228 130832 122700 134751 135565 137428 124429 129937 159360 129052 160352 137966 153335 136454 161729 147476 142805 121335 150430 133085 127139 125418 166455 142384 138017 127685 115768 133103 137161 127262 153990 136321 133894 154152 125170 151213 137819 156788 139963 132184 
162212 172132 147709 134548 148013 134214 178019 140971 178086 141056 150260 140992 127359 138730 127210 133958 123054 132455 134410 143178 152847 156264 128967 135563 130641 156903 151738 153280 134172 120616 173812 157941 159435 145700 175635 139587 168165 173828 141967 138821 146623 150676 147009 138759 167359 166431 161752 139974 146762 143799 141345 143040 149760 162396 145562 155059 139702 165466 139519 165020 148371 154981 
133139 145731 134054 116662 129082 108692 144860 117460 149213 124946 137283 116657 117275 121786 116563 124236 97700 120460 128268 110280 144070 135827 112964 113837 108962 127163 136237 123870 129286 106157 134604 136305 132061 118979 138289 120904 148647 148799 126735 111156 132931 117932 117927 112358 140558 140082 125789 112914 108255 124552 114915 113579 140832 127235 118173 125024 105743 146625 130456 145879 136250 133648 
182919 176496 155327 139914 170827 137414 178525 161444 162826 132863 159825 144226 129611 146126 159238 144200 136565 151119 151453 147648 158511 175836 149073 132233 134187 158252 151531 155519 126381 135674 161285 147900 169327 146261 150802 137139 181681 170229 158461 136031 162083 146839 151504 138371 165472 166553 149891 147318 129430 156018 164256 126923 165462 145571 136296 168686 152344 170591 150243 171481 168812 152358 
179128 165933 171443 133905 156778 140778 177479 145785 182934 129083 157935 134937 133876 162351 157710 151241 125777 157326 146731 143750 172234 168770 155724 140630 124021 163882 163190 157449 148554 137441 163595 154810 168271 151137 158309 146469 194916 174419 162145 139817 160818 148729 148174 149653 170611 183270 154463 150972 137523 160919 151724 144651 167425 166575 150900 172655 135723 187711 157540 181818 168004 157545 
154059 155386 149284 124457 163137 129880 163625 148986 160004 127182 157087 156537 128167 142401 137432 129591 128182 142143 132774 140814 144578 149925 126545 128487 118714 154919 145577 145953 124305 127805 156069 139745 155959 143047 147968 143048 176015 164250 151366 131694 142771 140087 134390 144578 162853 160386 160627 132885 136361 142866 143948 141163 154807 144483 146891 158431 131426 156320 142819 169657 151524 131374 
155613 156679 156362 122895 156517 125858 171016 149570 166187 134601 154767 133925 123673 140548 148390 126168 113040 136003 148461 140607 135790 144631 135294 131366 113754 143817 145876 140439 122235 123924 150404 149799 160940 123872 160934 147125 177178 168871 144869 132541 147941 134775 136001 138906 176908 148196 134422 138717 127258 141318 152080 144591 150360 152877 142457 153859 143078 172890 141424 162199 160503 141975 
158037 157950 145760 133897 143223 130498 156287 140021 163426 124809 149639 129402 128674 144885 140804 131793 108992 139109 137834 143145 146677 153729 140427 134920 136611 159307 149546 149439 134382 124553 156567 148022 159644 146603 167252 141550 176542 165229 152187 135567 155366 146432 140415 137358 172548 153757 143434 141668 131175 142833 138322 142641 159226 170118 146407 161374 130499 165956 144079 160716 144700 145022 
166204 173642 155754 129536 156771 141071 181150 159022 184362 145469 171197 150363 143154 141080 161081 142227 125750 143259 157090 142030 155699 157517 128324 137725 131596 148026 157989 151537 151397 138361 179234 163940 185098 157245 175907 143514 189948 169693 151780 142441 167493 141897 150164 151582 175498 161336 156667 151470 146119 150057 158872 149948 164488 156329 150789 168218 150952 177664 158393 162846 167406 163222 
172326 169284 159463 141942 163517 139584 174634 151457 180806 137333 157664 139980 146994 150621 143158 143819 128262 146531 154575 147659 158633 147771 150855 150758 142377 162912 167315 159644 153006 138255 171832 157160 177782 156261 173030 151789 188258 170955 173154 146415 168029 152795 140032 146776 182305 169328 171161 142470 138920 143773 156314 144637 176407 160806 167344 177559 141978 170175 150887 173007 167095 144266 
154461 148303 147015 139921 151668 132834 162740 146235 165436 124327 155560 135758 129107 135244 146194 129988 130803 134694 138378 133276 149757 140065 129803 139914 129724 147353 144261 139035 140317 134150 168286 147850 151106 140581 171329 153857 173048 165237 138176 122847 163973 143980 134171 145646 160725 161005 149091 124601 130390 140601 150785 125786 156466 155707 137631 159036 129868 160114 140483 158139 144329 141491 
169329 163446 138150 140193 154060 143201 167893 130583 169936 122692 145528 134897 119659 130457 152879 151642 123849 136781 142910 138821 146404 144994 128121 120338 130490 139521 143051 144049 135152 121937 160091 142018 162190 134761 152040 135889 167370 149002 142435 131313 150777 138399 135733 136209 159118 153321 133314 137581 144871 138583 142808 130503 158032 152242 148945 155233 139613 151929 132794 161633 144170 140779 
167046 157522 165521 132357 150347 139420 181144 143911 179708 142106 159245 146447 136023 145992 166661 142526 134783 154175 149161 158076 164983 149957 144443 141784 136609 150692 156606 156010 141019 129815 176634 144150 163417 150806 169374 150704 187873 173241 152660 135329 160486 150319 131339 150123 169020 175408 156146 126209 142588 151327 148147 139282 170184 155184 155971 170181 149743 173675 145539 175316 159610 144878 
152087 157716 153041 125021 149350 132728 167498 139055 149096 129652 146687 133733 134389 128226 142303 125248 121669 134274 135349 142246 150313 148963 125947 129104 130809 149020 165529 147529 136201 137369 162960 140615 153339 128311 163533 146604 179876 168763 140335 121482 146181 132263 130310 130670 172298 149728 154881 128256 132898 136759 149814 141520 169361 147700 151118 159274 128568 167725 139350 160549 152920 146962 
163794 163631 130351 139397 162064 124848 160393 137168 163886 134681 150312 144418 123808 146358 155229 131621 115788 128900 128271 147115 145398 146774 138163 127621 130911 152959 155596 144503 137255 125519 163750 144807 156863 142830 171115 147342 172220 161240 140813 145628 154282 145011 115858 148023 169134 163877 141590 137653 132230 125153 163256 135175 170061 148620 160614 169373 125911 156072 153055 164915 139782 139642 
197075 189632 179244 164013 185213 159736 204524 174418 186517 152101 178777 172773 156150 167244 175981 159115 159769 163793 173262 156094 180765 179285 153156 156475 153706 173911 180468 173297 161295 151717 189510 169281 196976 161294 183844 168906 207513 190020 179449 157633 177628 164111 151989 161452 197767 195543 176172 155341 153354 167984 176330 159568 190893 169445 169454 194461 162338 181274 161643 191083 179769 160230 
167340 183567 166620 157904 200558 146471 178101 165249 174489 143201 181100 155982 153251 160757 153016 137748 146295 164784 152934 159775 173744 174599 161547 161740 145269 171582 177172 168472 152988 157052 174540 154749 183193 165076 182042 163520 195405 190084 177272 145363 175269 161486 165519 153043 185008 174903 174855 142098 134750 159294 177249 154946 189427 163024 161657 180571 148801 175988 163768 181175 167027 161519 
152853 149905 152642 131691 153082 121873 164924 138277 167012 119184 148612 142265 119496 139976 154481 119493 119388 135822 136409 151632 144968 140421 142501 132740 125996 144850 138504 144434 116131 137447 157192 136761 153405 137821 160192 148210 172883 171270 140883 132962 152064 143216 122105 149990 171002 151017 139417 129621 116852 144862 153843 119834 160148 142114 132677 150959 133017 159605 144013 162254 143559 132122 
159074 157997 157086 135858 169342 133116 171389 160648 173118 147430 160809 143839 139500 156272 141537 144915 132006 157362 146043 160359 146827 147332 143045 144033 127587 155257 152279 159312 138936 138503 170200 142168 167393 150257 180141 157847 182082 177381 164758 144318 165377 146230 136788 150366 165887 172281 165487 138669 133406 137656 159976 149013 173839 154398 167329 171303 135530 169606 150652 171770 151978 143511 
166154 170441 166741 138714 164654 144829 176948 159487 178541 137671 165045 139360 135208 162407 171513 143232 144848 146974 153988 162782 147979 155147 153564 144556 148408 150402 156514 163555 139253 131501 164140 151339 174414 137785 178136 150850 190518 185807 162122 153164 174837 153346 152201 147621 187243 164232 161188 144906 147888 151724 166488 146282 167752 166299 162063 159111 151693 181916 154632 172260 166814 143116 
170046 175356 152373 141478 163155 124603 184766 147158 169861 131810 164050 139066 135248 146677 148446 135639 125021 153893 135641 147312 160069 168540 156099 148498 122510 170060 153554 151027 128130 147707 151357 153698 168603 142686 161293 149822 183991 185086 156618 125648 158535 142520 152478 147180 174424 173811 154927 151846 130063 164574 168011 125610 166849 168814 132374 169662 139276 175916 147647 170814 162734 155969 
159695 154413 141276 140121 158823 117938 154443 141898 159341 130013 157124 139892 130461 135682 143214 143365 112055 152798 144261 143854 152653 149538 130454 136383 109885 151932 149301 148064 126505 126732 154013 143149 165798 139320 149393 149357 175277 164003 148685 129555 148897 133790 121778 158497 167803 169472 137786 131119 131483 148101 149555 135997 160232 158590 144465 156317 135353 150785 133685 158477 145946 142538 
176566 179295 147011 151948 189813 132530 183847 152506 182347 130764 164914 145085 149019 160171 160776 137624 141158 157650 149105 160170 159594 172090 162126 151763 129475 165646 155736 167891 138920 147235 170290 147332 170844 156291 173712 158064 184020 179705 168581 146151 173682 162899 136594 154113 187398 169458 169869 155993 139335 148216 177006 148660 171954 166123 154222 187802 143189 174888 153993 177890 170128 152559 
171881 175039 156439 141349 191481 132780 174236 153705 170625 140591 165795 153307 143672 144115 151129 123373 139255 157826 130622 159446 165588 169274 164580 146313 131919 167307 179847 161218 145622 150017 161806 152969 183360 163019 159887 141158 182669 184785 165083 152902 159831 154565 153698 146518 182082 176447 171122 144063 134454 160645 168698 140660 177094 149356 149512 193779 144650 171816 155686 174136 160487 145605 
142255 126053 137039 116603 135548 122282 160601 133173 151702 129224 129900 130240 124466 136741 140479 112634 106911 130157 127200 131788 129274 120104 118088 119244 115069 128437 135629 137699 111466 118218 140348 120127 146870 123137 148766 133370 153103 145282 123615 116373 139138 128117 115662 124863 148311 127805 127633 107713 110802 124395 149519 107821 141041 130018 128134 144347 121765 153378 125797 146374 130772 123282 
165557 173887 156948 137511 173270 142360 189212 150084 194371 141855 158289 150150 139180 152200 165618 138548 136681 145220 157566 146957 150237 149986 150278 144244 136754 152037 177197 157206 146598 145526 164401 145392 175359 142622 184042 153606 188635 188355 150726 146449 156649 162942 141464 145445 183277 157568 155641 148072 139050 151430 164201 141137 173829 149182 160417 171926 150980 186887 157387 172126 172714 152333 
169172 152666 147281 139873 165353 130978 173686 151292 171251 138579 147999 139337 135580 145601 147705 134517 129111 149809 145215 141390 135250 137860 137088 140653 125687 160613 144409 151110 126613 129277 159834 145073 170811 143318 162408 144267 174172 165307 155558 131482 158046 153936 134344 143247 161753 171015 146310 129460 125569 145451 155404 129991 161426 156148 146802 166909 131624 153733 146839 157050 148789 137357 
173106 175133 158798 140260 180384 135390 188024 152264 181957 126535 173362 156688 148425 158414 169850 152876 134133 165181 160984 162624 172223 167670 152038 147574 133960 172909 162684 156911 158641 141484 168858 160897 180180 162710 178202 161247 197253 186370 158046 147159 171937 157291 137264 163526 190196 177564 158224 162768 157656 159777 194092 149356 177713 162722 162364 184747 157885 179656 156576 185414 163443 161548 
137047 134315 130647 108088 142500 114023 131697 126496 138276 107957 128309 123739 115704 125751 131590 119567 101888 120981 122342 125853 127426 123473 124556 117180 119603 131721 136542 125839 123753 94208 145390 132781 138831 129166 134513 121547 146994 143339 134339 130465 145423 128117 113198 114265 149725 145620 123748 115723 123819 111235 131246 118395 143430 136378 136156 144616 121429 148004 138670 145552 130223 117755 
157722 151994 143419 129523 150706 135588 171425 135128 162136 124448 150391 142550 125645 138013 156069 136286 120040 135123 134551 136494 157604 150047 131960 133125 129868 150956 144010 150385 124622 130014 151196 135148 153601 130686 157245 133975 163123 158981 139204 129688 150196 131218 132618 136125 159553 150251 159067 129805 131284 142946 143696 121527 161889 143218 134008 149585 122841 157922 127425 163346 144485 135219 
