63 42 100 42 153 54 148 104 111 18 104 92 111 152 95 125 122 125 171 87 58 107 81 123 126 32 166 156 122 100 166 122 158 99 111 168 103 70 101 14 94 91 136 103 106 128 95 160 98 38 146 122 58 97 157 113 182 135 36 162 82 43 148 156 50 
152 139 45 79 114 150 104 116 78 88 41 84 113 146 152 79 124 93 67 120 138 87 145 37 79 70 76 127 90 107 90 50 132 19 156 146 101 150 16 91 64 61 92 97 23 88 105 112 128 94 43 93 142 96 99 27 51 169 127 82 40 121 33 70 94 
124 45 105 144 28 93 168 21 74 58 104 66 56 130 161 73 152 72 56 125 26 81 110 29 119 57 95 125 48 112 95 128 69 54 119 53 104 69 179 98 101 64 162 179 162 92 77 126 120 143 22 103 80 76 124 158 123 178 88 109 41 34 139 78 125 
44 114 63 175 62 15 70 70 76 36 138 57 126 93 142 113 98 74 104 95 112 52 152 96 100 162 135 87 170 12 153 55 61 73 115 7 42 95 71 90 49 86 92 47 122 96 89 59 115 94 127 96 42 90 61 84 123 166 72 112 124 59 31 139 105 
105 114 108 60 117 23 73 132 77 151 132 84 152 106 129 39 74 31 160 60 144 54 81 71 114 21 193 173 133 90 106 105 125 45 124 170 88 83 157 149 58 182 112 120 66 58 153 160 40 169 113 86 32 189 188 137 133 29 71 79 109 49 173 36 115 
64 131 190 188 54 113 19 85 92 145 95 110 107 121 122 18 39 97 52 31 100 148 119 128 140 45 125 85 129 123 89 115 104 84 92 50 93 147 121 70 106 108 48 127 82 108 131 83 76 117 22 109 186 91 101 113 144 65 141 50 111 8 184 195 113 
128 78 103 79 27 109 66 67 99 60 144 92 127 117 137 72 76 150 50 92 80 74 67 84 120 135 131 98 76 143 182 26 102 61 53 41 90 89 58 179 70 134 102 102 136 82 142 111 115 124 123 100 123 109 108 132 83 147 123 119 54 51 180 69 109 
90 152 78 40 145 142 156 161 79 62 137 103 134 39 99 129 74 62 81 36 80 143 100 114 102 66 77 124 95 24 47 112 24 98 93 82 91 136 143 65 77 56 178 165 81 122 121 36 89 87 41 114 34 74 151 86 91 69 157 108 79 34 52 186 112 
74 134 77 58 152 62 90 24 175 24 69 61 84 112 116 112 153 86 85 114 135 45 166 163 51 126 11 56 143 64 162 43 142 101 135 97 79 68 88 92 60 103 84 151 106 50 97 99 107 102 105 130 72 107 71 91 140 96 164 146 112 126 84 93 105 
191 91 120 50 107 140 78 167 130 139 122 133 73 150 39 91 123 78 112 38 118 70 81 105 131 158 78 142 112 150 164 104 116 87 41 140 47 80 117 128 131 117 105 88 164 172 102 74 130 40 120 50 88 118 35 106 10 78 16 136 104 156 92 67 8 
155 52 31 67 150 99 180 74 110 148 99 120 66 171 116 121 82 156 109 105 150 98 100 93 75 169 91 178 127 71 88 114 116 69 97 190 53 60 41 94 14 104 93 97 151 142 53 119 113 92 156 86 61 91 88 121 39 75 91 161 117 109 113 172 74 
48 51 107 86 166 35 10 19 123 115 150 142 50 77 114 72 120 142 63 81 66 109 42 38 132 79 132 95 175 160 110 134 132 160 60 68 84 163 56 18 60 18 83 73 131 62 76 63 141 91 51 128 109 30 60 144 104 51 74 130 70 125 102 62 132 
5 126 118 69 54 79 127 101 114 117 160 100 71 65 189 129 65 148 123 91 116 64 44 54 106 65 147 5 108 103 56 98 104 37 83 100 101 183 164 12 103 155 98 148 103 128 139 113 56 122 62 44 150 103 149 158 45 125 69 79 163 65 60 64 149 
79 68 72 144 118 155 123 89 168 172 82 144 111 105 164 182 38 45 185 81 111 88 73 36 90 92 110 102 123 59 114 38 140 37 32 68 110 72 39 40 116 122 152 168 116 88 124 87 60 135 66 177 58 107 118 156 101 74 33 109 150 51 125 159 63 
59 74 28 131 99 15 148 35 136 78 108 117 59 97 87 94 105 14 72 115 24 173 79 71 120 131 151 147 104 91 111 38 58 43 109 90 79 156 109 132 34 176 82 119 97 157 89 25 87 179 95 97 59 118 91 86 130 74 52 147 171 72 41 55 91 
85 112 47 124 35 176 94 41 89 82 40 112 90 49 140 66 155 137 183 130 151 98 24 129 83 92 85 45 158 104 104 57 86 113 126 140 133 28 58 91 136 139 44 101 101 31 122 144 24 155 154 154 138 63 98 89 89 65 177 153 143 162 120 87 99 
117 100 102 114 128 58 65 110 118 46 148 143 128 139 61 182 79 78 55 46 86 124 106 78 85 139 39 144 130 126 53 166 87 36 69 79 76 59 140 74 160 108 88 127 131 109 138 106 77 87 124 79 98 127 108 101 156 77 62 156 96 191 167 22 137 
144 34 79 139 101 108 87 71 156 39 120 45 158 100 75 89 140 101 101 78 74 76 147 106 92 61 95 116 81 57 38 74 53 59 105 139 161 119 124 170 161 87 95 74 118 171 163 118 65 117 115 164 104 29 168 12 98 74 138 73 172 145 116 53 46 
70 89 154 45 80 40 116 115 84 126 73 168 86 125 54 127 138 121 99 46 152 126 127 172 115 49 36 78 29 107 141 155 81 106 23 49 66 77 122 147 90 69 84 183 127 47 77 112 91 112 37 93 150 119 135 115 110 90 101 89 31 168 167 80 103 
59 106 29 97 87 82 127 46 123 120 137 89 109 160 33 82 80 155 146 162 54 82 34 119 167 115 133 44 126 17 61 135 99 130 118 22 172 150 46 42 155 98 53 94 142 138 78 123 50 147 64 24 139 105 93 89 108 52 24 91 41 165 75 147 139 
98 135 42 118 103 88 120 155 55 132 79 155 93 91 87 109 86 114 131 139 127 57 80 54 103 61 110 21 131 46 43 35 79 133 139 121 101 133 105 127 110 66 157 139 136 168 92 118 108 97 142 90 163 123 125 108 36 8 127 80 95 179 28 162 37 
107 103 112 137 152 110 83 115 115 78 160 77 55 66 168 27 121 43 160 126 134 66 167 146 162 14 104 161 121 99 125 43 150 92 25 31 68 28 63 106 27 104 136 29 85 108 111 81 22 23 93 180 150 160 164 46 120 99 111 80 100 57 83 92 74 
110 140 26 86 104 64 83 55 168 171 121 109 48 156 34 163 66 104 148 138 73 45 175 86 120 66 76 70 78 110 101 144 133 75 97 105 72 120 89 138 102 143 149 141 75 93 99 97 93 173 64 91 103 60 90 115 58 158 31 171 100 83 86 86 84 
171 136 159 51 36 110 58 154 57 104 72 178 51 100 105 15 132 99 111 140 13 31 64 139 161 86 135 124 103 65 114 102 76 163 56 151 83 24 68 24 43 148 81 110 171 163 66 95 86 104 27 117 40 12 73 116 143 78 115 61 109 91 89 133 146 
150 82 133 121 57 162 22 116 130 142 158 125 115 20 141 112 58 70 25 163 159 155 70 111 168 113 86 102 120 88 79 72 66 85 57 128 130 156 128 136 169 130 110 119 103 107 74 167 97 109 186 105 64 162 148 97 40 80 120 72 87 158 142 178 93 
131 178 94 97 144 92 59 145 94 46 96 150 101 101 78 133 107 83 127 40 172 56 77 138 101 51 62 82 77 84 116 152 96 95 131 88 113 74 49 103 85 100 98 131 93 13 112 81 21 109 144 114 154 65 81 168 145 76 78 128 104 119 49 91 85 
130 49 116 25 125 113 125 60 73 175 78 68 74 28 73 106 141 173 94 25 84 42 61 142 121 116 111 60 56 76 39 138 101 139 96 131 111 122 163 130 27 117 93 113 75 86 118 54 97 88 96 142 55 108 121 96 60 46 50 44 120 92 72 86 151 
117 146 10 118 42 161 99 99 78 127 107 107 126 103 102 127 84 94 54 160 148 53 30 191 143 128 106 93 98 182 93 118 86 101 184 89 108 103 79 46 85 182 33 103 135 60 58 153 90 92 21 155 135 82 114 126 85 26 161 71 95 89 94 64 130 
102 84 114 109 63 80 101 144 115 95 86 111 115 151 93 106 109 101 40 127 100 103 105 186 95 56 137 130 103 55 18 43 54 149 71 82 128 65 63 78 93 49 75 93 143 70 160 151 14 109 67 101 108 75 107 142 139 20 17 101 98 125 140 87 58 
87 45 79 79 150 13 73 130 115 148 54 35 57 172 155 93 76 36 74 20 97 30 28 83 54 51 143 100 99 70 139 128 108 106 51 159 105 113 124 60 128 169 86 70 143 112 79 114 129 95 102 114 82 67 97 81 83 125 89 86 101 111 54 162 148 
105 135 40 38 62 141 65 145 84 195 156 78 148 99 182 115 99 122 131 104 78 170 146 101 50 84 104 128 85 115 46 159 56 101 113 161 100 34 193 21 32 13 85 93 77 53 89 72 105 137 60 109 49 178 58 90 121 159 71 85 91 72 106 137 150 
118 196 129 127 142 150 98 72 58 61 101 89 186 82 35 47 62 101 87 57 120 155 100 17 168 138 165 124 143 38 92 147 132 72 96 38 51 103 139 50 59 90 161 116 39 139 105 133 162 90 125 76 92 26 104 54 85 184 76 97 19 57 26 78 159 
105 49 76 84 81 102 109 52 30 108 118 107 83 101 129 167 155 135 102 138 49 73 87 69 155 164 126 135 145 118 70 169 69 105 44 92 77 69 44 102 68 161 121 72 62 75 134 106 46 34 162 157 95 62 36 117 92 68 66 84 116 39 146 125 70 
136 111 110 130 75 68 134 115 69 136 107 52 42 53 58 162 69 116 163 119 56 40 93 84 20 98 95 118 126 147 159 131 120 182 166 118 164 120 45 101 50 114 93 97 69 51 113 57 106 76 81 125 109 70 8 84 87 128 120 171 22 150 161 72 45 
112 83 108 33 54 14 73 125 73 115 126 151 150 106 109 126 103 16 174 24 175 133 97 180 126 147 57 14 122 84 62 89 139 91 42 76 141 163 81 21 93 57 140 45 160 116 108 90 112 28 40 92 78 127 177 85 52 55 29 173 45 30 154 143 128 
100 145 80 90 55 72 86 92 141 69 103 103 165 127 177 123 49 103 133 33 67 99 110 155 97 96 78 86 115 144 48 105 56 72 9 112 47 101 101 157 97 56 141 88 113 56 137 104 132 120 96 154 140 100 101 153 84 110 113 131 78 100 90 64 122 
108 80 162 101 116 128 84 100 135 18 10 43 80 35 67 33 96 142 63 132 70 88 117 194 75 97 126 31 100 30 108 64 64 164 73 20 90 131 78 94 45 135 77 24 29 146 40 67 125 79 135 33 181 19 65 99 113 108 155 51 93 70 35 54 91 
146 59 99 75 102 118 131 96 80 88 197 182 155 43 108 158 71 136 110 57 115 65 95 178 90 149 93 87 88 118 89 124 154 139 98 141 126 43 31 60 83 105 167 87 104 136 18 49 121 176 60 126 64 108 63 103 118 75 123 75 89 74 148 159 64 
64 45 76 171 135 153 115 57 133 75 101 114 123 92 98 20 155 80 88 139 66 32 104 155 123 156 70 37 158 161 100 100 84 111 106 87 115 176 36 104 49 68 103 77 30 84 64 38 96 40 79 71 143 183 100 166 111 122 117 87 152 173 112 39 37 
57 148 52 88 111 97 76 155 129 163 122 66 133 96 76 63 143 47 151 141 90 79 150 95 95 76 149 57 108 121 30 106 141 119 84 132 30 121 22 102 160 87 121 156 159 37 77 39 85 100 100 43 131 85 89 55 123 82 101 161 47 177 145 69 93 
25 75 136 32 140 99 144 161 46 105 142 91 68 52 76 101 108 107 86 43 140 113 106 66 146 21 143 124 173 112 174 96 66 107 149 104 55 126 117 117 103 83 168 87 147 133 145 120 125 106 151 156 130 41 71 131 16 124 84 112 132 162 154 173 163 
111 94 75 162 98 135 114 160 74 72 49 94 30 61 107 52 89 162 27 171 133 80 109 93 66 66 119 105 95 96 99 105 53 167 82 53 145 102 141 105 34 67 63 84 126 126 94 94 94 118 92 59 106 156 105 131 147 27 152 147 89 120 156 52 88 
132 112 149 31 79 81 146 29 123 92 177 69 64 148 14 124 120 168 169 20 142 113 2 91 136 124 99 40 75 83 182 152 159 135 126 185 38 89 90 115 82 98 161 99 188 79 133 167 123 114 107 170 105 46 85 102 136 82 69 147 58 150 58 101 106 
126 57 82 100 49 49 73 88 91 70 51 185 91 85 75 101 109 129 116 130 100 182 107 106 127 130 140 87 63 24 74 134 13 62 97 138 106 121 117 76 149 120 139 120 42 6 153 108 89 100 16 74 180 99 108 112 109 77 131 161 73 125 160 106 62 
147 27 132 118 184 93 87 144 91 49 99 26 135 41 131 100 150 106 82 48 92 33 63 27 126 105 74 26 76 104 42 54 101 102 100 125 65 153 69 89 57 90 75 106 131 41 103 10 133 38 172 149 107 84 150 142 39 92 118 99 61 122 74 197 165 
105 99 62 137 131 68 122 142 101 60 79 132 124 84 150 106 102 167 29 149 162 111 90 20 125 79 130 102 10 138 71 153 127 124 42 166 80 85 154 122 182 69 151 82 86 111 134 63 103 140 48 127 101 171 118 93 49 135 128 92 76 52 153 88 51 
21 75 139 50 150 85 124 91 118 177 131 80 109 94 197 147 132 28 76 60 106 165 88 81 146 139 116 117 93 135 51 50 32 173 28 109 188 63 117 147 126 132 106 70 93 134 125 87 116 114 105 95 60 122 171 115 78 108 164 127 158 105 116 84 40 
130 118 169 139 178 44 95 56 74 152 113 82 80 118 14 128 152 92 81 73 77 113 133 118 89 102 107 83 138 170 33 47 124 111 69 43 94 99 118 64 49 88 104 195 60 159 123 181 127 109 115 150 155 140 165 131 107 173 75 142 47 154 152 87 121 
71 111 94 84 78 132 136 125 53 56 74 86 95 75 141 110 77 153 125 25 63 19 145 150 153 160 117 112 91 149 92 80 107 145 84 43 131 44 49 66 117 62 90 158 139 133 131 139 85 147 86 161 91 108 84 84 97 103 12 134 43 142 61 158 130 
79 86 78 28 89 115 181 81 77 165 68 19 85 180 58 70 166 140 144 122 79 19 74 112 65 139 140 45 108 86 91 77 147 160 81 106 139 69 116 164 110 17 13 150 105 140 115 137 146 102 66 108 121 92 101 118 97 48 23 74 28 96 125 157 66 
76 131 40 105 112 41 19 125 100 99 86 65 93 100 52 175 80 95 46 131 45 115 102 37 146 117 68 58 73 121 33 107 157 104 54 24 126 51 70 84 81 130 59 58 92 48 148 82 50 82 131 79 87 113 101 72 126 142 101 64 91 48 74 101 99 
90 165 16 84 160 152 110 97 80 105 88 62 139 102 83 80 85 179 152 78 58 78 87 110 87 102 132 68 129 22 75 190 63 45 25 74 172 131 151 107 68 117 105 155 110 103 119 84 64 34 102 89 57 65 110 94 135 121 112 118 131 150 27 21 107 
55 165 62 58 63 97 75 144 102 133 23 108 111 175 30 28 39 172 175 103 79 112 92 56 146 66 135 58 96 185 92 85 124 74 136 113 143 78 65 139 64 118 79 45 146 117 148 153 122 73 170 150 110 77 179 97 170 156 149 112 45 102 98 112 81 
151 56 130 139 103 118 143 23 103 64 120 96 75 38 67 114 63 147 142 169 105 96 136 71 155 80 109 177 135 12 96 71 64 96 73 110 120 96 64 104 136 74 116 95 133 168 136 55 60 158 112 128 99 132 146 43 111 48 16 9 105 129 120 111 152 
165 109 90 39 93 72 52 190 85 43 20 86 49 51 96 118 53 164 105 87 166 111 98 138 103 89 47 114 160 83 120 152 71 97 89 92 91 55 152 119 91 20 110 114 141 156 58 69 118 111 109 160 141 123 119 125 138 98 73 129 55 124 114 124 50 
144 112 129 50 40 19 20 102 75 154 73 104 31 87 84 142 73 91 54 92 171 127 41 184 79 74 138 141 136 90 80 28 179 139 154 152 113 61 93 129 58 169 41 163 137 148 151 101 49 104 134 76 91 159 111 163 143 113 133 119 124 105 109 151 76 
111 78 161 83 56 68 41 106 79 108 143 74 94 82 164 62 78 176 99 157 82 94 103 70 90 115 44 127 123 79 78 45 186 50 31 90 62 109 17 125 120 52 97 102 162 64 81 120 155 120 42 107 86 142 103 65 102 129 111 140 58 74 106 98 135 
133 121 84 111 119 84 106 87 64 193 176 89 122 47 100 159 53 183 105 122 139 81 139 78 86 126 105 135 79 14 105 184 148 79 37 137 104 101 148 129 160 151 33 159 89 87 97 137 174 50 123 76 95 143 168 125 141 112 183 56 106 53 100 95 108 
120 95 142 127 181 147 79 162 97 91 103 121 93 124 128 154 148 109 142 75 78 96 85 75 128 79 75 113 91 43 156 88 121 107 69 51 95 137 67 156 83 110 81 88 168 85 61 150 108 98 92 125 96 171 166 142 175 112 78 29 105 105 87 26 77 
148 100 105 43 130 11 90 48 103 181 124 43 186 101 107 37 148 98 177 83 177 100 35 126 62 95 91 89 52 87 105 137 135 80 122 59 111 161 91 136 118 151 90 55 145 42 107 87 159 107 111 111 107 149 103 97 145 78 106 56 103 162 78 176 150 
111 52 75 185 127 146 138 100 79 76 94 115 166 97 56 90 99 97 78 102 31 102 129 143 47 90 120 154 52 159 75 58 66 89 149 128 127 82 110 87 135 71 76 163 82 124 55 71 149 90 115 60 171 92 162 64 143 155 82 94 50 43 146 44 101 
162 123 142 94 137 120 162 164 40 59 95 116 58 170 114 83 154 33 171 22 171 10 123 106 52 132 95 82 87 103 89 166 188 185 83 178 127 92 130 100 93 65 95 160 106 36 146 65 50 154 167 92 56 115 55 83 131 83 85 121 69 36 96 97 84 
80 83 101 30 30 102 131 148 91 99 128 90 114 11 166 92 99 52 144 71 36 94 112 100 90 78 60 88 110 101 186 67 126 73 66 134 154 166 126 87 124 87 88 91 133 104 14 64 110 108 114 68 103 108 113 40 118 156 89 144 43 111 49 123 104 
127 165 89 48 89 63 67 140 101 50 60 67 56 136 144 121 150 146 18 71 131 34 94 86 97 146 110 135 100 146 122 38 92 138 121 71 12 104 95 118 101 95 128 85 104 48 192 101 108 77 105 85 153 130 66 105 50 143 106 108 170 143 100 46 81 
43 121 110 158 85 52 120 149 77 131 93 150 152 133 166 124 97 94 54 99 66 61 74 125 131 77 172 113 114 115 116 82 96 166 139 99 159 59 90 57 122 88 72 176 141 183 114 40 113 45 162 128 96 115 125 66 32 30 67 87 103 65 157 119 120 
