195983 196823 164866 189099 195312 155033 192540 193345 178060 194079 210261 175652 195605 176777 198627 172592 179923 215180 184989 169082 208587 185680 170411 202180 188484 164846 181637 198671 202535 179334 178306 185064 202347 191489 153919 185938 188698 198799 189438 165146 171767 185647 217684 187677 201501 190611 201343 186751 197384 199280 184508 205170 188669 200836 204805 213453 179816 186711 205483 198598 170978 200857 191163 191033 208712 
139573 160844 127040 152116 151499 120319 144407 160912 147793 153634 172796 149578 166424 152552 157310 136916 138083 151037 157306 117310 146950 128685 141915 161795 154792 146595 154310 151781 151433 140981 138573 133320 153915 140460 115234 153925 163352 144797 143232 147727 146242 146977 171091 156406 159631 159181 155589 158183 147596 159446 140152 159733 145016 142862 164532 167231 131091 140152 133869 157192 129741 137879 150933 141986 135609 
160283 164684 141204 162057 167358 136023 171599 158734 149479 148976 181639 149086 168146 162164 163862 147307 150955 177364 168028 130487 164786 140930 140380 170767 169064 159513 163028 160336 155247 150306 159786 146178 164687 168073 143900 154875 161507 162347 137423 152728 152013 162536 176836 162287 181549 168962 166737 157865 166340 160542 155205 176239 160208 163696 185454 179814 156178 157685 157708 169896 138208 166053 159798 164462 164810 
157366 165921 137843 149403 154656 136071 144785 152047 135959 160757 177145 154191 154926 144107 160832 145299 152885 178380 143018 138909 166290 144349 151110 176104 148305 148250 152919 166578 152472 143300 142595 146738 156635 170598 122490 156322 166018 151565 147221 138242 150144 154342 171900 158068 160613 163688 165638 137119 149089 161446 147575 161037 142577 156630 177346 162942 133299 146109 146306 168457 146489 148490 156127 160721 158875 
179715 165109 145182 158862 154639 142480 175403 182407 149089 171382 187648 160191 168173 156551 171086 159999 161599 178592 163189 146039 170828 162021 164671 198125 162669 147531 156349 176796 172517 150322 149566 155974 161652 163334 145807 169957 176359 167865 165841 150036 156542 152041 193573 176512 179189 163630 165111 142210 170528 165155 153815 172332 167988 173121 183765 184379 153697 154339 153701 183543 142874 174695 171434 165095 173616 
186848 193903 168927 180916 178390 162271 172196 201226 175162 183363 203493 183805 188451 172601 195616 152405 172517 202807 171317 152977 180876 174829 176991 194469 190153 165351 176316 202954 192477 188635 177604 153696 181879 179188 161425 175885 184159 183555 176773 169247 157135 168567 215286 182252 203111 196349 186965 169241 195522 196450 167987 201372 187332 183848 203197 187159 169818 190503 168715 196556 154247 179769 174019 182340 194675 
176478 176684 148361 171716 177175 148754 183978 182550 171212 184356 200568 167368 170460 167581 187057 156617 167962 186866 173905 146248 174593 157290 165590 190074 170817 162120 164687 182264 176535 160870 166964 161743 185901 189347 152611 176729 186239 168517 154257 158583 166658 170818 202502 180626 201555 175517 176340 167794 175326 189677 166943 187522 172149 171250 177038 194628 164557 165687 165057 189344 150214 178500 170987 187729 176782 
159314 169407 144810 151754 163332 138665 156625 171376 142393 146847 167687 156304 162742 150912 153399 141495 155233 176921 160128 131831 185016 142966 149037 179895 153438 155578 158411 159896 152491 157698 147983 143495 168114 168098 136040 158748 159286 146775 144343 144242 142992 151973 179295 155551 162101 155954 158301 153623 152019 159121 151039 166115 150048 164018 175217 168776 141662 151934 170393 166269 137057 155984 169493 152840 154646 
168875 176630 131956 158186 158775 136084 148519 166034 148023 164860 166567 162078 165465 154305 165431 141826 149477 180405 166018 137167 168146 149826 141413 171216 158985 152137 150790 157474 152924 155198 158965 154077 162402 163204 135807 164384 178733 159848 147897 145386 156065 161299 171389 166806 171532 140902 169284 155162 162182 171134 147704 170802 152473 163833 181787 181773 153168 162059 163752 181929 139099 152444 159321 162221 164876 
186170 185592 154941 171564 170264 147857 176646 188379 164550 166652 193237 172821 177859 167520 170851 162628 158385 192578 166144 137093 170385 166461 167146 186334 176152 154732 166369 182250 166084 169050 169137 175148 179576 189111 148264 186110 172849 173197 162177 148525 170905 167523 196120 172881 182983 167104 190841 156107 178567 188051 159794 188301 180344 170233 185356 183190 172733 160092 170548 181989 142419 180489 181540 182765 189079 
185190 191280 137796 173909 174036 146021 168693 187117 170872 176053 196178 167346 179396 179931 193770 157556 173262 186396 170969 141626 179013 162498 169064 195569 173044 146845 164268 187117 187274 179776 164213 171786 181917 177331 144418 178317 178045 170344 173481 163348 155250 179654 192039 180330 179818 185418 187439 150916 164986 187425 162756 186376 180570 183659 195450 188938 165771 165491 174685 192275 149676 191856 178326 166028 181703 
154605 157169 120776 143863 146947 124117 160854 150661 132579 146722 149771 142059 142948 133792 154482 118606 147867 154482 147515 117908 156014 123482 138400 157292 130385 121597 127910 150570 153653 129293 133258 142001 152536 149554 128467 148516 156360 132573 133014 126124 128050 138123 169461 146236 160391 137010 139761 141912 140769 152976 139562 149132 127696 136786 137216 164775 140537 132977 137016 156407 129644 151583 136775 143976 149386 
162300 159375 133053 155218 149346 124993 150666 172458 148301 142464 159965 155908 150818 141962 155556 146540 152292 167153 153251 122780 169776 149796 160052 163742 150391 139958 140258 165837 164451 155021 152554 139254 151091 152287 137314 163631 165885 151574 156080 156397 143529 141714 172977 153047 163786 169104 153487 145480 157467 165521 143360 174758 151663 160995 167659 163592 134794 151847 164466 167131 134767 157311 162673 148174 152609 
161542 172660 141791 168019 155281 135823 153917 159092 150648 170249 188194 153197 158431 143376 165920 131780 162289 190911 145716 138745 171112 153154 154713 172267 157039 148855 151831 164877 165110 149968 157486 141197 162558 171807 132700 157989 165545 159677 151521 154823 164179 158781 177474 165608 170884 160660 170765 148507 164028 173293 158145 163219 164181 161055 168736 177793 147457 152818 165102 181662 146816 164248 160495 171901 170692 
157073 168100 131373 155123 159752 132405 155489 160193 150540 153581 181108 156785 169077 155098 171884 143944 150669 164400 163047 129007 164928 140327 148284 184669 160085 153680 157183 165015 147108 150868 154247 153721 165688 174398 137876 152529 171640 148362 145535 146660 163650 159163 172741 165449 167787 158697 159478 145837 150422 165690 145367 166164 149921 167185 177492 171593 152258 148473 163536 166331 131452 157546 162315 154546 156166 
167480 183036 137389 167221 158404 134507 167343 172818 152715 170642 186487 161407 168652 161698 170940 150362 171989 189350 175004 143586 161706 166157 162118 189304 157505 143883 165396 163534 173035 156111 158722 166979 170316 167863 141843 164006 189634 172953 164948 145003 154038 156695 186455 173677 175436 166155 178697 157259 168653 180148 156865 174944 172970 161106 178162 178247 168631 164586 157444 188268 149318 168589 163973 165686 174168 
160440 169419 138641 169262 170718 147316 174751 161562 148342 165600 180996 156957 167089 162736 174703 138730 159938 180377 171358 140156 168001 149507 158197 169931 173371 139488 161376 172226 176224 150647 165597 163482 170279 175021 145677 165340 163736 173414 158311 137310 154674 157326 202247 167914 186954 155713 174930 148646 169039 177654 154591 177443 160684 159373 176153 176858 164769 162698 165021 187759 148193 158418 167138 175456 172702 
181998 192722 171361 182397 187016 161324 181606 213459 176842 183540 197986 177009 179220 166307 192723 167129 182429 203658 182601 152283 191335 166213 185395 206502 183444 162320 168526 188621 181955 178415 177016 176349 187675 198743 157139 182780 200768 182781 186793 172349 183525 176063 214861 187773 197668 179870 185884 176763 191895 192209 181994 187708 174779 184521 202537 185196 172862 183925 193142 200936 161313 187337 190357 185590 193354 
154585 167652 118078 144344 134779 135364 140153 149152 124987 143623 154589 148795 147621 135974 153749 110968 137514 166142 142641 121976 146392 125994 128373 145304 149037 128738 127495 144137 147210 145401 146047 142129 153142 150182 120121 148987 151024 126279 138076 138869 136955 143934 166218 157381 161764 141564 160819 145753 145086 151142 134770 155305 143476 145436 160535 157085 138661 142130 135989 163152 112776 146292 145977 150608 146739 
151682 153551 139189 150962 140351 129968 156044 152674 138448 136869 163112 142320 161810 148668 147063 135216 157654 176122 145851 133509 162367 141305 142002 161864 137967 141699 138932 149878 151141 148260 147370 122327 154414 163902 125845 143172 158668 148784 137587 141285 145801 140377 173040 140943 158130 158105 166568 152621 153276 160275 147852 164490 152958 147194 173356 150851 130671 145958 149868 159654 128107 158018 161064 162672 158325 
174986 170122 148578 158333 158104 132966 148902 176721 154253 157714 179152 169647 162895 156772 150352 152875 157705 187420 166313 128287 182673 158572 147718 162979 160100 153298 152169 167588 165259 166078 157398 141001 169599 180399 132788 170942 168383 158402 143990 157726 153145 159563 176132 155349 175371 166644 180905 147781 150807 176856 155890 179552 160972 160212 177032 175760 137999 150842 157903 177653 133403 175729 165185 166501 171241 
179325 177501 139188 161382 175259 144810 166903 172426 152438 171108 194973 171682 179456 164215 168054 155479 153669 199118 152400 149246 170525 159116 168189 173487 169312 168457 170074 194254 170409 153050 156525 166643 174792 168010 136918 183065 166377 164251 159672 151029 158152 157534 186441 173602 177126 187385 176908 161608 170478 172271 158860 187325 154905 174949 183096 180248 153642 166349 160841 179579 144450 168465 162419 157810 171396 
174836 185676 147254 161925 175846 145206 164522 165469 148669 174524 179485 166497 162814 171311 165962 158040 169744 198191 161864 150221 182853 162162 159342 188604 162298 160183 168040 177377 177856 166343 171737 166124 192732 183792 148745 174039 167861 170868 154248 149283 162062 169332 194524 172814 175864 171868 177898 155574 182471 181245 157680 180132 173801 173669 192548 176892 156981 168875 168957 186174 137313 179163 182697 172556 179201 
162538 169032 136765 155361 132285 131209 152129 164759 145177 148603 167517 155176 160386 147135 161941 148398 154954 177623 138375 138335 151318 145975 150261 178935 146193 132564 141762 167537 148126 159617 157117 147382 158034 158211 131266 156272 163157 154867 151654 143297 151120 146354 162534 165197 160030 153679 173257 145288 155596 157050 134569 164534 152397 161639 171646 172798 146705 156040 148780 178819 129545 152612 170984 146807 161337 
198962 193293 165265 186022 199819 167209 199588 198228 189555 187855 221272 184628 182125 168425 186353 166878 185299 199833 196481 156695 200201 177846 186426 208746 194484 175263 175789 190174 199158 172330 181485 176046 194572 210364 168130 185041 207513 193030 186807 181832 182363 179050 211630 187453 206026 191696 196629 169273 192284 202484 192555 199872 182509 191368 205323 210099 173435 181582 183597 208766 179423 201484 185774 200431 192928 
153069 173217 134915 161982 159738 129941 149891 158563 149243 162234 165847 152035 163969 151338 161724 132020 150746 161989 147141 131102 162151 144371 135556 162203 163211 142136 154988 163954 164499 145485 137116 148804 162982 162105 130902 160426 167004 148883 155500 141753 150313 144100 176202 154700 164477 167690 170653 160867 152783 162383 158072 163994 149806 145395 180881 166501 150567 150996 159867 159693 142047 156631 154118 161233 156572 
137755 151391 128010 139932 130312 119027 142116 154892 141186 140217 142146 130992 143475 129142 141224 122897 129992 151168 132187 115368 133294 120964 131836 158252 144140 138033 142637 150565 139848 134114 126808 136427 141647 144967 115479 139641 148602 127152 136183 131659 126921 127547 155111 135318 147506 154580 150159 124506 134434 136684 134051 138687 142939 127052 155225 138864 125599 143011 130099 147196 111163 145361 144993 130795 136033 
173539 190144 142339 171074 168157 148217 163445 187988 157326 175554 181076 161377 179245 162817 177694 130664 173022 183940 160199 143170 164663 153387 151991 192843 170135 152823 163022 164342 177592 163119 166130 148840 166534 181308 150229 164302 185754 167009 158478 153066 154068 160951 183709 159337 185206 184068 176390 156979 183949 169520 162618 172675 175614 147992 191574 162311 153261 167106 161467 181961 143195 185393 152331 171224 175490 
139502 148708 126467 132287 144065 121510 144583 146540 139752 148992 154864 143044 132837 127820 155478 120158 141846 149026 145221 121571 147661 135671 132571 161007 143470 127408 126115 143704 152665 134097 137264 122873 144614 153788 125778 146239 156777 148180 132972 129892 129469 144583 161251 137554 152105 146646 135784 127650 145331 154013 129601 152073 130001 138829 156108 161987 128799 135885 144025 160616 125318 140848 132520 153490 149385 
140322 149709 119780 138228 144492 121118 152465 153690 129824 138221 142595 132340 139089 131523 147490 131133 136111 148761 139630 114446 139525 123381 131380 151903 139138 117929 141968 145175 142199 129289 136723 133311 141858 148163 122050 139133 136382 129482 146388 127243 131813 138373 154487 145322 149850 143171 156752 127368 136157 144596 138329 155909 133640 135219 154674 148762 127583 134779 139465 150333 132684 142537 142027 127624 131134 
164681 178623 136044 170112 162838 146474 178831 180142 164442 166339 181221 156835 172376 154868 163799 161309 156666 181804 163942 140821 165560 139830 171525 176735 172604 154698 160404 175488 174212 167109 158138 153403 174806 149691 128774 166808 181032 172925 167465 144652 159618 149127 177564 172175 168419 180351 173620 146558 173508 164696 148254 169338 168515 169393 183791 163576 146121 159867 158399 176406 146301 174425 166441 140068 172289 
171745 176587 148517 159633 167848 135642 177520 168494 143367 171273 195064 160149 170461 158764 168630 146941 153887 182523 164235 137401 183562 146102 168311 181850 169887 151887 158713 166935 167611 155293 149414 161184 180178 176029 150858 166861 167743 160484 152507 143808 155818 157282 189500 184408 163630 171990 166436 167278 167004 173762 159011 176491 162418 169131 168712 192118 153641 153874 163350 172695 148686 172684 173500 167846 165555 
158919 175135 124620 156743 161792 138896 154958 166201 158242 164596 168916 160111 160033 155696 156115 145791 144900 172229 152857 133023 158486 153315 151516 179308 151759 142209 157528 175747 152604 147938 149340 160133 163912 175063 127103 160863 161785 157873 147426 131076 156306 164591 174429 155896 158314 153015 173574 142353 139514 169273 153718 158152 159163 143362 167238 167184 143345 142654 156775 167036 141254 167727 153930 154719 165799 
174936 178166 140489 151622 154919 137324 177328 176619 149373 166978 173128 158271 166801 171971 160557 145693 162380 175778 166012 135410 169164 144869 153550 174838 149857 153684 155333 167428 162242 157228 156097 159996 166163 175528 145358 171064 175820 160048 147901 134312 143227 156444 186337 158631 175232 159156 178245 157430 159642 163199 151269 164479 156527 153682 176621 170667 162450 160549 157754 179545 133437 182799 155337 167763 168452 
188030 181086 146855 161531 179266 141286 163546 186453 148849 161278 189260 167276 166228 150363 161587 162357 157429 196981 160047 140182 178433 175821 164247 170176 164777 143640 160423 186363 169701 170368 168143 156762 181047 180302 144985 172715 162151 161023 150391 149704 155089 168948 196543 162621 183757 175985 177355 140297 165072 178187 175655 186066 176039 163613 164981 174037 150537 162718 162389 186236 139684 178513 170618 173694 176987 
192352 185357 144843 182528 179996 149228 180036 186667 180288 184746 194613 168786 166872 168598 193505 160012 176751 182315 185711 144384 177028 159194 181734 190304 173342 149965 168618 191430 190718 166625 173686 173978 183490 180617 147236 186778 189126 186448 165783 163662 154342 180681 203921 180916 192986 182644 172762 160607 177171 186117 166779 195591 172952 173399 184945 195137 163083 179086 169592 203354 161538 184051 170843 171337 178407 
147173 151187 130909 142377 136667 120292 144158 149712 130883 138262 151075 141504 149316 136033 147987 123460 139200 173468 133155 139035 142001 131606 152102 168338 141166 127931 131374 148104 134935 139512 137732 139322 153264 148976 116150 144234 155480 133888 133915 138925 127419 128835 158573 145980 147944 144908 142825 145906 142810 151042 119134 156475 129151 145844 151686 153384 143884 150532 145087 142026 118230 135688 146995 128333 144169 
161291 170998 140225 164379 142064 132904 159033 154009 140774 152627 175226 149652 165480 151811 164947 142018 145824 199604 146445 137349 159913 144747 146818 168289 149802 146547 156481 166909 156638 148922 157055 155575 164353 163294 123406 150870 154044 155270 148569 147861 144132 152755 179654 157237 177129 167470 168036 149438 160803 173048 144526 169812 159216 155709 160856 165694 149717 166722 158320 166095 142741 151191 149140 162031 172727 
183046 193976 153855 177027 166908 134359 161079 181085 169329 170006 188908 171596 177445 173474 175415 162874 158037 190499 171960 141320 180117 162447 161507 190224 157819 157509 173353 186734 171358 169489 175478 168622 180328 178647 130365 172780 186281 178201 159887 169046 154725 170757 184870 178228 188488 173391 191402 164468 171408 191199 157227 182579 169003 166182 184546 191669 179612 166680 173715 179695 148332 167812 174715 169538 190965 
173631 196581 154747 166210 186352 156446 187198 195516 171245 181395 198508 174730 180646 168997 187065 159048 171782 191689 189398 140049 189440 150789 166737 189326 184447 163968 170022 181102 172663 164757 177568 165376 185687 183334 148652 178954 189960 175379 165739 165670 185020 181885 197969 177992 199450 172536 177966 179391 186802 192225 174574 189246 165333 180929 191219 191501 158722 164967 172595 191369 148007 180131 175448 179699 186224 
179118 190038 145134 167128 160921 148656 175039 190242 159082 188393 179617 174663 186187 160789 179554 155007 166661 185766 168838 140570 180752 150868 155362 184184 171717 152062 166840 174494 176522 163894 156136 171289 174546 177936 146518 190865 186281 157382 185431 152978 161783 163516 208023 171000 188492 170097 183781 162308 163938 176771 173901 178976 164431 161860 188323 178107 156274 178731 168787 181908 149834 173800 163200 173057 168116 
154489 162236 130559 156631 154087 128569 157725 168760 147029 150570 181085 137583 159203 143061 156591 135421 155070 171903 152518 139022 166941 135572 159490 167384 143078 147710 145537 152781 164378 142700 147125 142322 171038 171989 127398 158848 163661 154640 133937 159240 151357 142738 171689 160623 165890 160495 161870 132438 160452 172760 151319 158754 154602 156716 158956 164342 150680 148946 156116 165144 132892 173006 155696 157677 160553 
170785 174044 137601 162978 143732 134640 160981 169829 147982 158970 171394 150703 179789 157921 174352 143050 144532 178160 161186 132813 160685 159397 150909 169654 156942 145490 136409 159428 162101 154799 147812 161237 162683 153999 132410 163729 181217 158729 164286 142824 155675 142346 197176 173134 163789 160124 182063 162760 165362 171209 158817 173334 167152 159083 175636 175325 153976 173146 169643 188925 134171 170585 163728 180044 165060 
169521 194965 136538 163061 171136 154151 174554 173630 162926 176817 189157 175348 169278 163260 171303 140371 169475 188252 175867 145480 170122 155838 161831 186856 175163 154578 160910 173679 177359 169925 167768 154736 177990 180706 156992 175260 183006 166406 156924 169852 166962 165489 192570 166882 189085 170573 171903 162441 168182 188525 160833 188061 176378 165704 191763 180913 160307 159708 167308 181520 140749 172811 163539 168727 169298 
163032 187700 140791 157878 166460 132851 159130 172368 151463 162016 173723 161846 167104 151151 161868 151234 153108 177452 158693 126635 172899 140732 144029 176998 165156 149156 160897 161220 163292 154180 152881 155485 166977 161575 132491 164943 168390 150949 158844 152049 154669 161527 178014 169341 171286 156012 173494 157540 156080 168290 166807 168344 151910 156339 172892 184045 152648 151719 158261 177227 152092 160542 163058 154130 165270 
189630 205232 161127 183708 191628 154986 188588 198764 187014 190046 209239 180129 195568 177117 201457 160046 187447 201732 194767 153422 199041 172273 181809 209818 189523 178706 194881 191069 194492 177041 186908 172051 187559 200472 163740 198565 188079 193782 177062 193447 178992 189838 213993 182172 204590 209907 192072 178835 196615 206541 182188 204567 191645 187336 211124 202426 168257 182110 183533 196114 163914 199210 181874 199404 188508 
193360 190508 158267 187499 180851 161468 193405 207921 170343 184775 205665 184041 180472 159932 191790 157678 175754 197171 186075 145438 188506 167270 174321 194296 180862 158164 168803 186988 174970 166652 177830 165375 183178 196197 141058 190810 200173 178636 168267 185817 178998 194004 202494 192539 206346 183579 184749 164964 173336 200975 172243 189063 181290 190270 193719 204596 169388 159242 181559 186483 161092 186864 183673 190646 187164 
179322 190812 143525 180954 180875 146222 185813 185864 171653 183936 193761 172319 184445 170255 189540 157006 175475 186679 185674 154179 183188 151897 170100 172665 178070 157501 176955 190486 185427 156746 176707 180918 190521 190648 154560 182184 183389 174138 164847 162273 178238 175945 200659 177971 190560 177116 190345 182331 180037 183070 174409 194137 172311 171444 193387 189042 173458 179922 174922 199368 162801 183163 180205 171316 165398 
171203 186609 145768 177823 167693 147778 175342 188101 160505 178517 195254 162539 175226 155769 180790 147394 173068 190871 168922 148390 177317 160537 165793 185273 170118 157037 164280 174031 182093 165078 160601 164760 181365 192116 144545 176788 183954 168046 166577 147322 168072 171791 196249 173970 185366 175744 186413 157223 166092 183061 164988 178024 178318 160829 171106 178614 152760 160415 169966 188232 155089 176795 173653 175411 176467 
171581 196172 156530 165930 160519 139146 180308 189067 166991 175846 196274 167891 186019 171946 181107 159035 165450 195167 169586 148346 179491 145783 169685 197727 168689 155335 166725 174719 171237 173365 159483 164816 187227 176302 133992 169805 176127 165386 160247 161578 166630 170009 192356 187748 173918 175843 189752 167288 160030 189691 168147 179516 175753 164537 180139 204079 156927 163530 162349 191644 148395 183217 182353 162175 175485 
136544 166059 126236 153022 158322 130996 150794 159790 143956 162471 164791 149577 156216 146369 155984 138866 141906 169012 154411 133984 152581 131927 142225 162787 155817 141042 157171 161553 161049 136085 141796 147201 156527 161330 124198 151373 163544 152635 137990 128514 160006 148894 171868 154310 166992 163231 163289 151121 144002 164471 147080 160417 158732 138837 175962 157161 135270 145191 141174 173161 137784 150831 151473 152468 143005 
174419 173141 140294 168544 157863 148997 161750 176783 132413 152078 169228 159006 176596 154184 161743 136476 163751 185165 160546 134943 176234 147573 156185 178984 148481 138107 154262 158932 159897 147525 143964 150317 157303 163618 131716 156646 165854 157608 150618 149756 148269 148081 188026 172611 175438 165757 165581 154338 151454 171622 153172 173675 162213 157488 182388 176649 142025 146066 163601 166165 140130 162885 169072 158112 161395 
178612 187118 162566 176704 181529 151800 170752 191893 171505 175488 184644 159919 164769 156428 186822 165417 165705 191240 165289 142451 170875 159093 166367 181408 170110 151219 170846 186577 170440 166719 173575 154120 185323 178279 136778 170281 177624 172288 164809 158864 161926 173275 201966 178444 190438 177974 183440 169499 175854 180427 162525 190794 175363 173117 188809 175816 158896 169803 174730 181253 150512 173707 176147 166406 181580 
171014 170097 140064 170636 155154 136431 170563 170002 159399 164831 191377 162646 177295 175624 169792 148817 168073 187458 154869 151852 174203 148652 163384 175979 161558 152859 165835 183038 173623 158507 162614 159224 182166 178024 142431 169610 170382 164650 169117 163722 169882 151778 198043 167141 182392 183463 176630 164614 165367 182450 153310 182975 160105 168498 185247 176467 145108 169311 165461 173788 142574 163776 175508 167963 166514 
166376 184952 143760 162323 166293 145701 179826 180475 162454 168202 181843 163315 172238 167887 174439 143125 170423 197737 173739 156445 167197 160099 166975 188635 172140 154955 167000 176420 183100 159391 167557 164171 178906 180885 152317 182470 187655 164713 172241 147172 167716 155322 201600 161469 183677 178275 185951 165749 166430 189178 162761 190377 162539 157308 186450 173197 165731 183727 170851 196637 151574 181454 157467 178873 171035 
176645 171307 147348 160193 151918 135561 155486 174289 147230 149319 175609 159516 160110 143757 160498 159064 160531 174037 154867 138496 163123 157462 152133 175106 162049 142946 155184 169176 162889 161872 157647 148075 165056 172470 138632 169353 163740 151682 150288 151252 156055 160668 172097 156399 171715 158728 175134 148489 162803 157184 152896 182903 159024 164160 181936 168482 150626 156072 157675 179646 141373 166951 171705 149810 156362 
154959 175322 136761 163597 166614 139417 181782 171146 161318 163874 183756 158220 171105 162464 169274 148382 149051 179535 165012 130240 157967 139532 163593 174396 168481 147863 154319 178467 164662 153852 152820 157537 168513 170261 136941 167545 159119 156648 152939 152399 166877 154609 191025 171653 181530 166899 175026 157864 153623 175964 159243 180672 171024 154437 168890 176662 151392 150136 154714 180620 140954 166358 162109 162879 161249 
165147 188943 136718 174528 174012 149742 182950 185086 152324 163739 191905 164115 179329 165110 169422 149845 164928 190829 168092 149691 178090 155570 167639 178173 176369 162169 168963 177138 190574 157640 162923 151987 177685 165411 148446 160658 175118 158407 160760 157762 168192 158390 193957 170214 184906 178585 176934 163524 173538 176042 172889 184037 177220 163620 180665 183487 153450 160792 173332 193717 157661 181611 160070 156201 165058 
187593 194089 156825 182656 179154 163972 192361 186031 176853 184727 214145 187626 190577 179740 180417 168076 174889 208812 181013 161124 195490 172785 176385 187418 183782 179783 175987 199459 194167 178807 180074 175952 197429 194160 155620 188626 192954 174316 171768 184854 182982 174193 203290 185359 208577 190913 197812 183458 173813 199960 170954 203640 175772 189967 206094 211317 176136 179033 179688 195749 153298 184425 194200 186018 182274 
189895 196092 160814 174785 187278 154983 195950 206748 166991 172825 203608 182427 182613 174922 187361 162549 178560 196473 176287 151663 184814 158262 182483 205460 180878 170096 176166 187889 186472 165165 178330 178588 190799 192570 162068 182818 191553 177749 186115 160692 177428 177661 211539 192288 202893 193689 183345 170000 182147 197015 181253 193248 179640 174799 200356 195332 166956 172335 174726 197768 159783 193144 182143 177693 189720 
164806 170134 151143 162781 167209 123482 164088 185731 153155 167731 190778 157206 177640 169143 175747 155274 149996 187812 171033 147493 179049 151931 150180 177914 170032 149493 169768 171521 171683 171558 170222 162220 182161 174850 138011 161047 175597 178749 154869 151435 148548 166354 188129 171076 180294 171200 182464 163123 175468 174405 150432 175034 167873 177981 184079 187835 168690 177135 176661 180380 134146 167763 175947 172234 180709 
166654 183706 139210 165292 163924 136291 169761 175780 166735 168650 185820 167416 174906 158100 184898 164392 155922 178830 178985 138668 171527 160334 159602 178556 176108 157072 166600 179021 169640 160892 166675 169460 176883 176967 150257 174624 172574 165994 167439 147311 172493 171264 196171 176528 177158 166469 183350 161203 170684 178488 157983 184727 171674 166253 184915 186263 160626 166144 168302 188747 148731 163965 175834 174561 173120 
161280 165511 127817 161653 149175 146007 160013 168161 138646 158502 186624 157410 161659 134001 160292 140111 153728 173591 159057 137423 167362 153530 158564 166758 160236 146261 150005 157972 154595 150681 156842 159891 163358 164348 135677 144093 162987 148274 156345 146686 154786 160256 184427 167727 171077 138876 158115 141890 155526 160626 152371 161602 158508 166086 158946 182514 152302 163301 158750 173718 141433 158460 164615 158566 164044 
169561 177659 145003 154360 165801 141776 172674 179701 163812 175835 186511 171767 163787 164951 160417 164010 145160 164783 180830 128995 164209 158819 164396 180688 159009 154917 166454 180654 172185 153216 154566 149963 169951 166602 149186 197220 184757 171697 153426 142640 170179 171523 195210 170044 177796 164116 176999 161504 163681 188154 154437 186845 155505 161347 180476 174918 152285 156141 157378 184232 147663 170550 157746 177540 158835 
176562 175171 140228 185767 171113 151668 182501 188714 175525 169021 180014 169176 176016 158307 187155 159002 177507 186227 176715 154776 184343 166948 175019 184992 173781 156309 164779 187639 182464 166311 170364 163470 177155 193981 150930 174873 183191 171919 176942 149954 168749 164214 202982 164450 183731 176921 179705 147702 169577 179295 165338 185787 176443 166428 183170 180722 148862 165030 177459 191344 163446 176512 167969 171515 174192 
