68 32 12 36 81 65 78 40 95 79 0 14 94 5 88 2 45 7 67 51 18 4 46 82 89 33 32 11 43 22 99 88 73 46 87 85 8 27 91 28 26 66 47 78 100 44 50 15 100 91 63 92 38 52 27 71 68 98 81 73 30 65 77 21 7 38 
59 33 84 75 83 32 82 37 55 56 20 88 33 63 19 66 99 3 53 60 76 17 82 35 6 25 96 19 24 7 44 28 76 58 62 67 15 1 22 94 89 31 52 85 48 55 86 10 24 4 22 63 41 93 22 9 51 89 76 35 27 48 5 70 56 33 
44 54 50 88 93 55 39 60 76 18 69 16 21 100 21 65 90 60 5 40 24 40 29 10 86 0 73 31 100 22 50 20 17 61 48 26 72 63 62 97 98 65 83 21 1 36 50 68 1 60 4 86 74 84 60 76 19 4 58 6 27 19 33 54 85 70 
45 50 41 38 83 10 40 62 16 47 67 18 87 53 87 5 48 18 1 28 61 60 41 91 24 3 46 79 84 49 29 60 9 4 99 7 43 18 46 64 56 73 36 83 39 71 68 46 22 20 73 60 29 92 78 26 92 96 78 97 30 40 94 19 36 70 
82 94 87 76 96 45 12 95 40 31 70 36 63 7 78 20 96 8 2 94 37 96 90 87 7 63 39 60 62 78 17 0 60 0 89 9 44 13 18 42 38 60 57 81 93 57 95 79 45 64 39 52 66 81 33 68 63 19 70 7 45 94 70 14 21 60 
13 62 56 42 92 66 72 56 27 53 70 29 36 56 71 38 42 47 32 60 27 23 17 27 68 3 70 24 31 60 21 80 30 55 95 60 72 78 18 66 50 46 49 14 61 37 21 41 73 31 46 63 46 100 88 72 50 46 80 42 99 39 55 93 54 51 
36 41 70 85 27 93 1 44 61 62 89 2 65 52 90 2 52 79 5 56 48 91 69 25 45 36 75 19 0 69 1 64 54 47 53 75 97 84 73 96 70 72 21 26 48 66 54 64 95 41 26 66 94 53 13 53 68 9 42 79 83 91 51 76 6 30 
14 23 78 18 80 55 49 22 57 96 29 100 97 1 11 74 81 6 43 13 85 79 68 3 68 31 13 20 50 95 3 64 72 9 9 37 75 21 66 40 30 14 54 46 35 18 0 52 7 39 65 93 30 3 90 65 35 44 17 94 41 8 73 47 68 25 
3 91 32 70 18 79 41 68 54 23 10 74 59 96 68 37 2 3 99 87 30 13 57 73 6 10 1 6 12 81 83 1 26 70 62 44 20 73 89 77 52 76 63 22 0 77 10 39 55 1 93 0 80 8 66 88 67 96 72 9 68 71 91 85 29 74 
48 28 82 8 40 81 77 20 97 78 29 65 49 64 68 90 7 91 92 22 67 14 21 90 19 50 44 70 23 21 65 59 66 84 74 33 4 5 73 39 5 9 8 75 14 87 85 29 73 39 43 57 82 11 46 72 72 50 82 42 94 39 95 32 100 96 
28 77 33 84 95 79 17 13 6 86 68 72 36 55 1 6 75 53 90 59 88 66 14 73 13 4 52 81 80 15 96 27 7 57 74 70 45 68 98 47 66 7 97 12 68 96 47 77 56 8 22 87 7 19 97 60 0 93 96 61 85 47 34 17 70 26 
57 46 93 59 0 1 57 39 53 51 66 2 89 82 74 77 29 30 4 24 46 60 28 7 34 94 26 13 9 26 74 88 40 51 41 0 51 44 94 100 28 90 56 85 53 33 77 27 45 22 17 90 24 88 53 3 42 53 19 21 17 65 76 78 41 5 
67 80 2 14 19 84 63 30 92 48 6 28 35 57 99 16 40 89 11 79 10 5 89 80 63 73 13 13 52 66 66 93 40 31 4 89 7 94 43 74 7 30 62 64 85 4 36 74 4 30 33 44 10 86 90 32 11 8 47 73 47 3 51 65 30 79 
90 63 11 37 94 45 23 88 28 65 47 38 72 4 72 5 73 35 20 14 30 92 78 2 73 23 37 53 1 49 95 88 11 46 46 6 13 51 43 91 20 66 96 83 5 32 68 56 23 74 87 63 95 11 12 12 54 79 89 1 12 18 36 78 76 76 
68 64 19 99 23 6 29 62 66 38 58 41 93 44 50 99 3 33 67 43 65 83 58 23 7 8 28 56 84 33 82 82 34 57 11 62 92 28 85 93 27 48 22 32 78 7 2 16 26 55 15 67 40 90 87 24 23 79 98 50 100 79 1 57 99 1 
31 88 83 85 97 24 36 89 86 91 96 77 50 16 51 15 6 80 20 44 5 86 51 53 47 100 23 70 12 24 54 47 40 23 94 81 85 39 15 92 38 35 94 97 3 66 30 20 7 94 96 86 42 54 97 1 46 42 83 49 85 73 83 82 71 46 
47 55 57 51 0 20 93 40 41 41 8 37 82 61 62 86 17 57 96 78 61 33 71 100 14 20 32 8 58 6 71 9 61 93 74 66 59 1 58 69 85 84 59 46 44 67 58 87 53 21 95 39 48 63 66 41 88 50 27 17 72 11 28 38 2 46 
35 91 89 6 76 99 22 82 75 26 63 45 15 44 36 29 39 4 31 67 73 74 18 74 34 90 87 89 44 52 31 63 23 56 58 61 73 56 38 73 25 56 22 49 23 21 47 98 69 69 31 14 61 70 99 60 29 30 92 54 88 53 69 61 11 19 
74 72 29 13 52 33 42 67 16 14 23 86 34 28 78 100 2 28 84 95 31 70 56 36 49 46 81 93 1 32 79 69 100 95 74 39 55 0 69 37 100 14 9 74 80 9 48 97 84 37 20 79 42 39 33 76 29 48 53 50 64 74 54 22 67 83 
50 12 49 16 18 81 31 90 95 98 4 90 97 57 69 41 37 89 93 94 17 8 63 26 70 84 100 81 34 16 55 48 30 64 56 24 42 93 29 77 81 31 39 80 84 72 59 52 100 85 88 70 44 1 94 14 46 78 42 89 26 11 71 59 18 85 
35 18 2 64 1 84 96 10 4 50 81 97 53 30 22 95 37 76 12 26 44 55 66 31 16 23 14 54 15 52 0 59 74 24 55 61 84 55 32 76 2 88 3 52 26 1 69 4 88 98 74 43 73 80 31 81 58 1 51 71 31 30 29 93 13 33 
80 27 4 18 14 98 82 14 94 84 60 37 11 90 8 70 10 2 100 93 34 73 27 84 69 31 36 33 69 19 28 65 22 24 38 76 68 50 53 28 84 9 14 2 50 24 93 48 87 51 38 4 2 90 36 36 14 16 5 45 77 72 1 56 14 41 
81 13 57 33 83 62 10 76 81 87 99 63 51 78 60 73 88 83 48 4 88 24 100 72 4 82 47 26 93 96 92 46 6 73 19 30 69 48 75 88 55 73 89 24 87 52 15 73 8 49 83 14 16 68 18 61 11 74 2 40 80 73 24 21 61 5 
50 48 64 84 16 76 33 6 3 40 49 34 6 60 51 20 52 13 86 85 39 99 98 59 18 59 5 30 34 56 69 79 3 52 80 10 67 21 98 31 40 90 17 11 15 19 40 47 39 53 2 94 62 100 22 49 5 1 84 15 81 56 11 18 58 70 
61 0 39 13 54 76 97 63 68 32 2 94 51 9 44 94 79 71 3 98 34 13 94 98 60 81 42 16 24 45 97 93 41 90 77 12 14 70 92 50 89 58 45 37 87 71 67 96 76 94 67 87 82 80 52 8 28 12 39 3 73 23 9 84 92 74 
5 14 77 15 98 71 46 85 73 37 39 26 65 18 65 66 71 13 87 38 97 80 53 16 95 85 51 99 50 88 66 21 17 16 65 43 69 57 95 87 52 76 83 82 68 92 30 37 96 16 83 40 31 17 83 88 85 36 15 51 87 9 36 33 41 69 
93 70 92 8 92 61 59 84 81 79 90 72 86 66 40 4 91 1 19 13 4 64 55 32 7 25 98 83 80 20 90 66 97 53 33 69 71 10 69 67 2 1 16 75 34 31 85 35 20 76 37 15 66 73 63 79 50 3 19 14 31 42 25 76 67 10 
63 70 40 6 21 50 65 32 31 85 83 40 94 29 78 69 79 9 26 21 27 72 60 47 68 60 88 16 12 1 52 34 37 6 38 1 22 39 6 96 83 75 2 47 46 21 64 23 99 29 73 23 40 39 15 1 48 28 22 60 59 52 95 69 79 75 
84 86 14 90 71 41 8 73 74 20 42 20 33 4 81 39 99 43 4 82 50 81 63 82 22 19 34 52 92 8 83 10 55 30 5 47 78 72 72 85 86 91 94 52 97 60 47 11 94 80 61 46 4 77 55 22 29 80 64 98 75 93 46 76 20 25 
79 26 37 21 50 53 32 97 27 87 2 85 4 29 75 80 73 11 87 56 50 64 93 16 67 69 13 40 21 15 94 34 55 14 68 41 93 50 71 13 33 40 57 71 87 38 94 86 25 50 91 9 53 66 3 89 89 33 23 45 0 61 23 21 97 61 
67 89 68 70 12 98 93 36 43 85 43 9 93 74 1 69 96 29 44 60 22 67 65 57 71 45 20 5 23 44 85 85 18 53 7 71 56 24 66 60 1 25 78 67 40 18 97 69 94 96 58 24 73 29 70 60 61 5 53 58 53 14 99 14 82 2 
71 34 22 74 26 49 95 62 73 19 58 77 82 63 1 45 63 77 43 52 90 29 39 56 52 43 81 49 12 83 16 15 75 73 69 53 30 86 98 67 11 55 84 12 13 13 19 15 56 92 86 17 56 27 6 36 0 38 44 50 71 76 34 58 1 68 
36 65 58 74 5 50 89 3 20 18 88 94 46 8 72 39 34 71 26 53 55 71 90 27 21 73 85 47 18 71 33 57 32 30 56 37 24 71 74 52 92 11 5 34 43 67 63 76 25 0 92 2 2 47 82 31 33 6 14 89 64 60 56 84 31 91 
76 75 91 50 56 24 62 2 70 6 5 61 2 88 77 74 33 14 67 25 36 28 78 20 57 90 23 25 11 67 39 41 30 49 53 2 28 10 40 86 31 17 71 0 26 91 93 6 93 18 37 81 68 71 72 31 49 96 78 9 4 28 98 75 82 97 
22 64 91 65 50 82 57 71 98 91 3 36 36 52 98 79 16 71 97 10 60 57 37 93 53 44 47 73 77 72 80 10 70 32 55 84 100 49 68 29 89 32 59 32 76 53 83 52 35 5 31 44 55 60 15 1 81 45 82 50 35 66 66 56 89 84 
70 73 58 66 41 5 26 55 25 64 86 45 27 19 68 52 12 67 30 24 21 14 40 12 62 64 87 17 45 21 54 11 97 14 94 39 86 14 0 73 42 91 99 20 75 35 37 86 51 37 70 26 40 49 77 30 57 50 90 72 74 22 47 99 88 30 
78 41 42 3 5 10 28 100 90 58 66 6 32 48 60 77 35 0 17 71 60 90 60 13 88 3 21 76 7 71 41 41 45 32 32 47 54 1 51 14 59 45 40 68 37 51 93 45 50 99 80 45 4 6 10 28 5 96 86 2 37 10 45 54 17 9 
28 34 87 23 22 21 59 69 46 93 5 12 87 97 58 80 94 78 56 66 48 70 30 26 66 94 83 15 60 60 44 84 78 91 88 52 78 27 57 55 82 2 100 52 88 32 3 63 84 35 17 100 79 41 97 68 72 39 35 85 39 37 17 23 92 12 
66 94 16 59 96 64 28 37 36 31 83 28 20 72 19 37 84 70 58 70 83 5 42 54 96 19 46 63 22 66 47 68 77 88 99 63 24 89 72 17 10 97 40 0 27 34 25 2 93 89 73 78 2 19 67 58 32 70 17 28 84 45 44 77 94 52 
44 4 93 76 32 74 87 44 49 70 66 16 59 28 61 74 41 26 8 70 12 86 37 22 24 15 61 17 30 23 6 94 22 89 72 17 23 71 50 84 42 84 34 79 100 15 65 41 46 17 23 46 79 35 29 40 86 49 50 95 65 10 16 58 97 65 
27 76 80 31 42 93 61 44 87 76 74 32 58 24 7 64 4 47 95 89 97 19 54 96 21 12 17 96 22 68 71 84 64 55 99 25 84 20 69 65 11 77 73 32 21 78 22 48 51 39 83 39 33 67 9 34 42 29 54 47 90 50 52 25 47 79 
12 64 17 69 21 95 15 52 15 94 93 32 33 10 46 99 92 30 71 49 20 93 82 5 0 16 100 90 19 20 56 78 14 97 37 68 13 82 5 26 53 61 85 74 35 92 62 67 4 87 37 50 22 43 51 82 67 18 0 84 92 63 25 14 90 94 
69 9 25 99 24 40 35 16 72 95 77 61 20 82 9 82 0 24 35 23 64 99 52 33 14 91 94 53 36 48 45 15 50 4 26 70 69 2 2 70 77 77 81 73 24 5 45 65 66 56 25 33 8 3 50 67 20 21 39 10 96 10 80 69 4 66 
36 44 93 24 100 1 10 38 19 93 75 44 13 15 79 30 72 53 37 0 36 10 51 1 54 7 29 92 10 13 73 21 63 65 39 53 3 41 93 96 52 60 29 82 81 100 96 59 78 58 30 72 96 0 92 69 45 22 93 69 45 84 59 67 70 40 
74 38 49 8 53 93 28 73 48 85 76 87 82 29 48 38 91 42 14 44 70 69 4 95 81 48 59 3 99 48 83 19 47 93 29 59 63 61 23 74 93 80 74 74 91 25 51 52 66 36 58 95 42 19 69 7 45 91 32 83 30 34 53 79 95 29 
27 36 66 35 54 74 24 54 50 31 44 75 22 49 26 77 55 79 85 88 89 78 87 77 32 34 77 51 9 45 64 63 52 12 72 53 10 94 15 72 14 83 12 54 54 87 76 2 47 97 36 3 8 62 20 28 49 46 1 11 70 96 26 25 54 82 
32 9 89 36 48 3 71 66 95 38 88 57 17 17 75 30 58 85 44 64 6 14 100 4 90 46 12 18 85 68 4 52 55 69 78 76 17 11 47 93 71 52 39 98 23 47 78 64 95 67 85 64 51 64 13 40 72 58 47 12 32 73 35 2 63 74 
77 12 88 70 2 5 91 71 26 71 56 44 100 25 9 86 76 43 40 62 97 96 29 47 16 36 32 46 75 24 85 25 90 11 33 86 30 45 1 40 17 88 22 50 47 87 93 62 33 88 24 72 48 25 61 85 23 75 42 76 33 95 13 27 67 34 
50 11 38 65 13 17 29 45 12 87 94 79 0 4 49 13 47 94 55 68 38 19 99 98 88 51 71 27 44 58 55 52 42 46 60 73 94 77 8 31 95 70 90 99 81 51 48 77 26 72 58 15 88 86 78 0 81 100 54 83 68 52 68 57 93 0 
66 61 5 37 76 5 93 48 20 72 5 49 74 63 96 87 65 4 60 58 16 40 30 2 46 2 81 57 37 72 48 68 55 38 30 33 82 22 75 2 68 70 81 58 33 92 1 99 16 92 68 18 86 18 74 36 48 28 32 19 35 100 30 25 77 8 
100 34 69 10 76 8 35 54 97 85 24 70 58 98 51 8 98 4 62 4 83 81 86 48 38 94 50 83 24 0 74 66 94 70 55 46 52 61 86 78 85 32 94 38 43 33 16 14 39 89 39 1 6 32 24 65 6 52 16 7 84 14 83 19 47 79 
73 84 88 27 46 10 89 7 38 0 26 4 81 71 34 63 79 90 81 88 4 8 47 66 79 16 50 39 36 42 46 24 0 59 22 84 46 29 23 82 18 1 82 4 7 24 82 57 48 72 56 10 47 17 44 10 58 35 15 89 16 50 3 75 12 95 
36 29 20 30 93 28 70 3 63 6 92 80 56 49 65 34 16 15 60 99 71 51 54 57 36 86 71 14 59 1 79 91 17 69 51 49 66 92 59 19 26 19 100 90 19 0 16 100 32 26 100 66 43 75 41 63 7 14 7 76 0 59 92 17 37 87 
12 85 25 95 13 37 64 89 38 69 7 96 19 99 0 42 24 46 59 96 72 34 36 62 21 79 61 2 48 33 23 4 2 52 46 16 8 28 17 12 67 11 2 54 33 0 74 41 77 97 20 88 98 31 55 9 65 73 13 95 56 77 1 52 59 38 
20 95 72 50 22 17 73 21 74 36 63 26 42 18 52 93 25 68 44 4 25 29 67 62 75 83 3 49 95 73 62 47 62 87 52 80 81 5 14 44 93 24 61 37 91 53 87 73 93 4 62 72 22 0 76 41 34 28 69 86 73 32 86 64 30 86 
21 83 1 28 38 43 83 13 59 55 81 6 74 85 47 57 82 29 71 60 68 77 74 90 65 67 21 82 75 92 65 78 99 62 23 33 36 40 54 44 23 39 41 68 19 28 4 35 1 25 79 4 11 62 53 46 58 18 87 31 41 29 93 86 55 70 
35 99 35 22 87 25 45 9 87 95 42 96 12 86 48 16 69 63 7 65 91 9 71 51 28 34 49 29 14 50 13 82 30 20 85 75 85 91 84 84 97 1 58 98 57 46 32 71 23 3 74 71 73 92 94 91 95 9 52 20 26 76 49 10 74 80 
96 71 82 10 16 46 65 60 54 81 83 48 93 19 83 1 20 1 55 76 10 55 20 17 4 39 11 17 52 0 34 85 24 86 39 93 17 31 36 86 26 51 20 0 85 33 35 26 88 85 27 5 76 8 28 35 50 96 32 56 14 88 6 3 21 100 
3 30 17 1 42 55 67 86 55 40 81 7 61 88 76 87 72 60 94 56 12 61 37 45 82 5 17 31 59 55 1 28 41 77 82 6 66 17 79 30 75 37 97 77 95 91 1 94 88 33 52 98 65 61 48 93 7 2 96 77 34 87 60 25 83 45 
95 78 3 40 23 11 86 84 1 28 22 41 12 41 55 85 34 76 8 20 51 5 12 93 76 5 18 61 57 70 95 72 52 88 63 18 1 64 30 70 84 64 79 68 50 97 33 69 93 92 67 86 70 0 15 2 25 5 9 15 48 29 76 99 18 31 
39 87 88 15 78 88 5 95 97 94 44 54 58 47 43 46 6 92 44 29 2 60 60 100 93 14 30 36 27 44 2 39 78 71 91 75 18 7 18 46 81 89 31 56 83 94 74 97 5 37 4 74 16 86 29 44 18 37 69 0 86 11 38 34 61 87 
22 12 42 57 96 87 97 48 25 81 16 99 89 33 16 86 96 11 86 80 33 83 46 59 62 67 83 82 58 37 95 9 88 74 79 57 49 97 60 13 23 64 39 33 5 43 99 55 51 55 54 14 29 13 7 64 16 24 6 58 8 8 43 37 81 0 
47 64 10 85 45 70 96 79 100 58 68 55 49 8 21 79 46 43 23 13 30 75 27 60 43 68 9 24 25 64 11 14 62 9 49 79 1 70 18 60 67 26 94 86 49 88 62 4 30 24 73 52 85 64 40 30 63 93 9 58 64 85 31 10 8 39 
65 56 82 55 63 30 53 45 26 58 18 2 87 94 64 39 39 46 100 89 11 82 20 14 21 21 53 56 53 91 94 36 11 66 53 65 20 29 81 45 50 14 13 91 63 27 12 48 92 5 41 30 95 24 47 96 11 19 81 88 89 14 54 3 69 55 
43 90 14 46 48 4 4 92 25 96 79 17 62 65 19 56 12 24 65 100 25 69 72 98 19 77 97 90 88 47 22 19 70 44 40 93 42 37 72 95 69 61 61 57 44 50 22 98 78 19 12 15 70 19 10 11 58 77 96 11 7 42 84 47 45 29 
92 1 55 30 0 26 93 36 49 5 43 89 70 13 100 63 1 21 67 39 94 39 78 69 76 12 35 24 83 13 91 54 38 19 6 85 100 36 47 74 93 14 47 70 3 33 46 81 19 17 69 75 64 75 71 65 71 91 18 30 24 4 17 83 1 19 
