98 41 50 66 127 90 140 129 124 95 64 79 164 11 178 49 74 60 143 63 44 98 64 153 181 36 99 23 91 61 127 173 115 76 177 183 31 54 132 104 88 134 140 151 145 80 147 45 139 106 90 98 119 115 86 143 94 125 108 143 67 107 85 49 63 129 
78 43 110 144 154 73 130 105 131 107 80 186 44 144 92 126 177 89 120 119 86 65 115 66 38 52 132 37 118 91 71 72 140 105 95 78 58 95 113 165 172 47 108 155 130 80 163 18 53 84 113 105 132 167 36 105 70 174 142 58 115 129 104 111 102 88 
58 58 132 144 113 81 104 149 110 108 127 32 119 166 32 95 121 86 13 112 52 72 75 23 155 58 144 126 187 91 52 37 26 144 116 64 155 79 103 154 112 99 122 61 29 126 121 116 18 147 74 116 126 155 118 174 61 52 85 57 42 56 42 63 116 115 
122 55 134 67 102 58 66 146 19 47 104 22 98 77 97 98 102 110 9 107 152 122 47 163 68 43 136 151 172 139 119 150 63 42 124 30 62 113 47 70 139 105 84 145 43 81 130 106 27 86 121 94 33 138 123 103 130 98 95 175 49 119 103 39 37 131 
131 133 117 150 148 129 28 141 47 80 160 48 63 14 153 101 183 34 25 150 126 166 179 178 93 108 68 70 133 154 99 91 148 26 185 89 113 97 69 60 77 140 101 97 189 61 153 122 107 81 81 139 121 125 107 106 67 114 149 64 49 122 164 61 110 151 
44 65 85 129 123 126 89 138 56 145 160 92 106 65 163 67 61 108 131 158 80 51 19 64 94 23 128 33 108 137 55 178 116 140 150 92 165 154 32 72 83 98 88 69 135 50 119 93 156 100 124 156 139 185 157 102 120 64 150 76 118 65 102 97 112 120 
36 118 169 160 96 153 12 89 112 97 170 66 159 106 116 31 130 129 65 125 105 122 169 56 75 68 134 74 82 134 71 146 146 50 70 164 172 150 121 182 91 143 89 75 105 120 150 90 188 124 83 80 188 69 22 83 158 87 72 173 95 104 55 138 81 111 
90 122 151 117 163 145 51 92 156 113 50 162 108 24 91 166 173 67 140 87 170 157 118 43 155 102 31 72 57 186 24 84 147 30 12 115 125 103 157 90 90 44 83 132 79 98 64 114 61 76 162 163 128 91 162 136 117 75 52 175 54 54 131 108 107 98 
35 148 92 130 45 111 109 134 89 114 26 120 130 175 86 95 34 11 170 106 40 75 118 159 56 34 93 82 61 108 165 54 118 169 108 74 114 119 126 162 53 151 141 100 91 81 98 50 117 52 115 84 89 33 118 138 131 144 156 87 91 113 134 138 121 86 
64 90 146 86 51 133 170 105 124 120 106 82 98 150 114 188 107 125 160 111 75 101 121 169 109 127 127 128 55 78 124 81 80 109 105 63 33 58 108 108 91 61 59 129 75 182 103 124 147 59 91 103 157 13 57 138 83 94 171 53 134 50 189 128 138 96 
73 147 117 132 191 175 116 95 72 179 100 126 43 62 68 105 96 152 153 73 147 90 22 119 109 36 82 123 167 108 108 104 50 75 125 110 137 72 181 64 95 90 172 88 160 128 87 170 125 67 66 145 42 46 175 154 93 160 124 62 180 121 92 59 86 29 
98 138 140 103 20 47 90 39 147 58 124 19 150 130 85 113 54 71 52 97 143 159 57 83 49 146 72 107 60 35 153 188 59 75 60 34 108 105 142 150 30 138 145 182 133 127 114 53 141 70 103 190 86 109 84 88 56 145 73 106 104 66 105 166 97 94 
119 108 9 89 70 84 63 36 170 96 33 127 77 63 153 96 122 188 14 146 37 73 135 135 64 130 112 41 81 144 132 125 97 56 79 94 8 121 106 108 81 35 72 136 95 92 36 90 92 100 125 114 78 92 119 112 41 61 92 93 94 74 117 96 105 157 
126 85 11 123 178 106 52 146 64 156 101 94 81 37 122 82 173 103 55 69 74 134 81 19 110 90 68 72 72 123 153 175 12 139 68 86 15 126 107 124 49 143 167 161 55 46 95 149 91 99 126 123 114 110 73 106 147 124 183 76 92 38 125 150 166 120 
151 111 86 173 105 46 112 154 114 114 61 122 193 73 98 180 73 129 107 138 87 150 125 108 54 60 29 86 95 129 113 92 104 156 88 98 167 71 175 192 52 108 35 52 134 86 11 81 105 83 66 115 98 115 88 109 109 133 140 83 139 86 21 102 119 77 
78 175 139 138 184 80 135 135 154 102 118 162 80 38 148 37 15 125 100 94 60 175 139 137 77 195 112 121 14 120 141 57 61 66 135 133 161 77 98 155 90 73 184 109 68 146 74 29 54 141 130 105 67 81 182 56 80 129 180 146 139 102 172 109 101 93 
57 62 110 148 44 97 122 46 41 65 66 76 95 113 142 157 35 64 115 172 148 78 99 141 88 72 105 90 62 106 145 61 142 155 135 122 123 27 137 135 112 133 102 87 114 123 76 88 111 112 122 51 88 104 100 92 166 51 28 21 144 106 88 39 48 90 
127 133 164 64 123 151 64 108 104 38 144 78 48 73 60 124 81 103 94 165 117 84 60 153 67 135 93 181 60 147 50 80 76 93 69 78 89 131 99 89 99 79 64 95 26 63 135 103 166 108 34 74 125 163 112 69 100 110 110 104 155 93 88 73 39 104 
124 115 122 93 144 97 94 85 64 18 85 119 83 43 166 116 7 78 126 113 114 158 130 90 114 67 99 118 78 46 138 116 149 122 122 108 134 87 103 86 116 86 98 171 89 50 62 188 161 100 45 140 62 100 126 127 91 78 84 85 114 121 117 55 73 147 
55 42 73 101 59 97 49 146 190 179 65 185 102 142 127 65 93 179 148 181 113 82 73 61 161 113 147 121 134 22 129 83 99 139 88 58 79 170 55 109 88 79 67 87 146 136 90 109 167 128 147 166 51 98 100 77 63 169 94 156 89 25 103 107 46 181 
81 77 71 88 30 109 177 27 40 59 86 178 113 52 120 150 59 153 81 58 71 138 90 95 44 76 94 142 67 140 4 78 99 81 150 88 163 145 89 167 60 92 61 95 77 39 91 68 184 160 151 97 159 134 129 137 70 68 132 152 48 52 83 144 17 124 
105 59 34 86 107 135 147 79 178 181 105 85 77 109 14 91 65 62 101 127 76 106 111 111 81 53 58 129 86 106 66 130 44 116 121 124 150 106 75 103 95 46 94 38 146 26 189 95 122 58 40 48 85 124 52 135 82 45 19 74 106 153 68 113 90 110 
103 63 123 115 102 131 11 120 152 161 160 132 58 170 69 80 181 120 51 31 89 31 188 148 76 127 138 37 169 146 171 106 9 89 36 112 114 48 77 174 80 103 114 36 123 87 16 103 56 111 149 110 106 126 53 134 87 127 40 83 167 121 105 111 85 38 
107 131 108 145 25 148 49 78 15 117 73 56 88 151 105 67 63 58 108 160 66 138 149 63 20 80 101 88 116 65 149 169 90 100 153 42 123 60 98 40 107 117 70 11 85 48 50 51 51 74 63 125 90 121 65 73 102 72 169 59 103 152 86 79 102 115 
132 97 48 66 57 136 191 93 120 111 35 143 141 47 140 135 178 165 83 155 129 45 157 146 91 134 109 104 111 98 185 187 76 158 102 38 53 104 145 72 157 127 119 79 138 140 154 159 100 192 126 163 92 178 143 93 84 87 94 19 154 57 60 91 129 155 
99 99 134 74 151 98 83 112 94 117 66 109 119 110 157 165 101 110 186 85 100 82 62 106 127 100 83 195 127 185 70 58 84 56 129 44 151 62 147 109 97 99 126 96 78 168 96 77 125 61 108 81 37 113 134 138 178 63 19 126 143 29 42 58 50 79 
184 84 111 19 190 135 139 172 154 89 123 85 108 83 102 60 98 36 39 52 14 114 121 69 91 79 166 109 179 27 119 143 188 147 42 113 79 62 154 104 42 24 39 128 43 120 160 35 41 167 53 25 74 76 65 91 68 55 81 36 51 90 118 97 92 110 
65 131 97 90 57 79 74 39 104 132 167 84 159 104 95 75 121 27 82 49 122 164 145 61 163 119 102 52 49 83 97 38 117 73 86 17 104 96 69 138 147 151 102 75 96 58 125 55 152 82 144 72 129 54 113 86 116 44 26 145 86 68 150 90 176 116 
172 106 76 98 110 92 30 80 111 94 54 68 129 33 106 47 163 112 50 108 77 92 139 130 29 64 98 140 192 8 98 91 125 119 24 125 164 74 102 131 174 147 107 93 100 92 52 105 186 145 145 73 59 96 147 64 33 85 88 140 153 154 114 81 38 35 
147 89 113 22 69 131 94 135 34 172 16 108 15 127 148 99 83 78 155 115 65 79 133 115 126 163 80 110 106 17 126 113 116 64 81 101 142 100 76 40 59 59 68 115 126 38 174 89 54 80 111 56 62 153 63 128 185 49 57 109 6 108 72 60 155 96 
154 127 88 110 25 157 141 66 120 165 81 61 167 115 50 135 118 71 77 125 37 148 96 133 100 140 47 54 27 55 185 114 24 145 51 80 109 84 99 96 13 43 147 124 48 62 99 84 111 111 82 26 87 74 126 80 120 6 96 138 91 76 128 28 167 32 
85 51 37 153 76 123 99 86 100 39 111 120 117 64 22 126 143 115 59 128 185 104 135 104 147 97 132 57 99 90 34 94 156 138 93 151 109 182 127 120 60 109 157 97 42 68 72 86 156 185 97 98 87 27 92 53 94 60 53 104 149 172 102 126 18 148 
76 157 96 170 42 107 104 39 57 99 177 157 95 39 170 83 107 165 78 149 104 139 105 108 61 88 139 68 69 105 128 127 81 86 145 46 114 147 163 88 96 64 40 96 72 128 100 110 68 95 161 49 16 133 144 98 89 101 25 97 142 99 118 152 120 126 
106 143 158 119 127 69 72 84 116 54 95 154 11 181 112 138 83 33 119 38 83 48 102 32 84 133 64 43 30 71 52 48 81 135 97 26 79 43 115 121 83 97 114 39 124 155 99 105 162 102 110 175 72 130 136 93 140 160 120 82 77 114 197 93 127 103 
95 107 157 99 144 141 80 160 124 111 14 40 58 57 194 109 75 148 184 84 113 104 49 163 116 72 138 113 101 166 95 42 168 99 63 118 155 78 148 35 112 61 113 41 119 147 118 128 111 6 41 121 105 123 42 6 167 69 167 112 74 85 82 146 144 97 
91 146 154 136 96 41 41 92 48 68 120 131 72 69 73 79 52 144 31 47 80 23 91 29 121 66 167 30 100 72 68 63 195 53 104 56 91 99 48 107 117 102 106 59 168 60 68 183 149 73 106 79 72 71 144 90 138 120 106 124 111 46 104 113 155 79 
79 42 116 15 63 93 85 103 108 156 73 10 43 145 78 87 105 25 104 163 122 159 99 25 170 76 53 174 77 87 113 80 132 91 99 93 113 92 54 67 143 88 88 75 110 142 187 136 61 111 93 131 93 71 61 110 98 106 134 46 123 108 141 70 112 101 
53 89 122 75 82 69 129 119 89 156 84 56 111 145 143 139 106 169 121 87 92 169 110 63 146 100 115 91 76 153 69 94 150 117 153 100 164 54 98 142 138 66 158 57 155 43 54 105 126 41 32 104 135 131 145 123 157 67 124 141 46 76 17 123 192 93 
124 97 87 133 99 79 88 99 49 104 149 33 25 138 61 81 133 135 63 158 127 82 129 84 103 108 64 78 89 123 103 95 105 158 185 66 37 184 134 114 17 124 138 40 53 85 83 4 127 154 105 96 73 78 96 88 33 147 60 93 126 74 133 93 131 109 
90 11 130 96 89 153 100 69 115 161 107 26 114 28 143 117 88 57 93 133 64 123 53 48 34 61 105 54 105 42 92 99 85 160 131 88 96 108 64 100 134 122 80 135 138 91 139 120 86 55 48 145 119 135 125 82 109 143 126 141 65 67 74 76 116 165 
27 85 81 53 44 105 101 80 92 130 154 101 135 78 36 67 15 73 103 132 162 85 114 167 68 47 107 195 68 152 108 164 78 126 162 79 169 56 85 120 74 175 159 119 96 145 95 48 120 130 127 122 87 135 61 106 48 128 81 139 183 123 63 44 137 133 
72 161 67 125 40 178 70 60 91 118 165 43 92 39 123 143 151 81 167 110 52 161 128 16 49 81 111 134 103 101 139 95 108 178 67 137 46 153 9 68 123 119 117 142 135 153 97 128 91 126 118 68 113 131 133 83 122 22 46 91 155 99 83 90 170 179 
160 91 95 99 87 59 119 22 108 189 86 107 88 93 19 180 52 85 51 123 69 172 53 97 44 151 138 152 51 131 142 18 64 26 59 132 156 53 99 72 117 82 141 78 90 9 136 164 166 150 61 67 26 54 78 146 73 90 122 83 100 74 104 119 68 134 
92 131 96 26 174 83 30 94 88 145 136 49 77 110 101 85 127 121 96 80 93 99 100 75 120 38 35 125 53 107 159 82 76 134 82 111 89 125 143 96 111 75 117 118 103 200 163 128 162 153 96 142 98 77 189 76 86 47 105 119 95 107 157 140 119 129 
112 68 93 30 66 136 54 74 111 165 158 174 166 39 78 135 143 136 112 83 82 151 101 148 139 94 64 27 197 115 104 21 98 169 122 122 161 135 82 161 149 154 167 142 151 107 141 148 151 85 94 118 86 93 165 12 92 127 98 162 37 80 120 140 194 81 
31 46 68 111 70 161 84 100 83 71 78 113 107 65 109 102 141 86 131 184 137 145 175 120 110 77 137 85 91 56 108 146 117 79 156 69 38 98 97 152 98 106 72 118 97 123 162 51 65 130 40 33 52 142 38 34 143 128 74 11 83 196 116 122 118 133 
85 87 185 42 103 12 99 106 116 130 119 120 62 91 120 104 68 128 45 162 60 29 138 53 109 49 48 84 176 119 43 120 146 126 86 129 80 103 57 146 79 132 62 125 45 66 98 77 105 88 158 83 57 64 27 89 109 132 102 42 69 84 71 53 130 98 
176 19 112 161 25 79 138 101 100 90 76 75 128 111 67 135 76 58 113 95 125 106 80 85 106 85 130 104 133 89 172 121 92 79 120 131 76 127 73 77 99 142 37 134 84 174 182 148 109 148 72 117 119 28 133 117 88 122 112 163 132 160 22 75 126 91 
68 29 60 104 37 65 124 145 23 183 186 152 9 42 99 27 52 115 57 135 48 97 197 175 187 111 114 112 137 60 92 149 132 121 88 113 184 144 46 108 125 114 92 158 126 63 64 82 39 151 59 63 126 96 176 82 141 102 104 90 159 105 141 110 189 5 
113 128 29 119 158 73 105 136 28 127 18 139 113 81 113 125 147 97 105 77 17 121 35 60 88 33 132 96 86 116 136 107 80 81 114 59 115 91 147 21 122 135 87 122 83 154 35 145 58 92 149 31 146 118 124 102 86 46 79 27 117 146 102 121 80 45 
116 53 150 93 78 74 66 99 123 90 56 98 69 198 96 37 183 6 71 78 146 120 113 108 78 127 100 121 112 21 110 155 190 76 121 119 59 156 86 176 139 102 101 80 125 110 87 29 42 122 72 5 21 126 53 118 104 62 47 96 98 108 129 28 83 138 
130 159 90 58 116 25 184 21 114 10 33 36 179 82 51 116 120 117 94 91 48 44 48 78 81 17 118 131 52 133 95 75 36 156 103 126 92 41 66 152 87 74 90 81 22 114 130 93 134 92 83 20 61 81 67 64 68 115 95 89 19 132 60 82 21 141 
124 105 113 69 96 104 112 70 129 42 185 114 121 84 119 61 57 72 103 159 103 150 125 123 49 101 86 104 101 89 131 117 113 129 59 87 123 140 158 22 69 62 192 140 78 72 29 173 40 32 150 138 54 114 121 75 23 71 15 114 69 61 135 110 61 97 
12 169 88 143 72 113 82 126 73 148 8 104 24 177 89 47 99 144 120 190 126 95 134 102 51 161 93 44 52 63 36 84 17 124 63 37 12 107 67 110 143 83 61 68 63 46 150 114 145 126 106 106 136 32 118 50 75 96 41 97 119 128 92 114 142 138 
113 171 141 149 83 95 136 27 137 69 99 123 121 40 143 114 45 111 122 62 50 74 165 158 136 134 92 84 154 125 95 112 97 172 123 168 168 36 86 46 169 28 127 96 137 83 166 149 122 38 127 171 24 72 168 139 125 70 77 87 156 71 127 115 101 89 
85 114 100 87 38 76 89 101 124 88 157 56 84 146 50 141 129 56 98 60 149 99 117 115 116 134 121 156 165 105 158 162 130 157 41 49 79 93 64 113 85 123 136 166 119 127 39 129 6 32 172 95 32 97 74 47 114 82 101 123 112 114 146 117 150 114 
116 130 94 50 90 85 98 72 142 191 127 113 106 95 121 43 145 81 102 143 133 93 101 115 98 52 78 100 107 87 25 111 70 60 171 111 185 127 96 174 175 98 75 134 153 115 125 90 112 85 172 76 168 163 113 123 121 57 107 21 70 81 62 21 77 150 
116 81 155 63 92 140 139 144 74 181 142 95 127 23 146 98 85 27 76 163 23 130 120 47 75 63 86 30 71 65 118 116 61 92 64 136 65 93 53 117 27 55 88 51 171 127 95 45 161 114 126 15 145 75 97 91 112 147 71 98 80 121 98 37 88 175 
43 36 37 53 136 97 78 134 145 68 144 8 138 153 82 100 74 97 151 117 89 118 69 105 143 19 32 75 134 100 11 54 88 99 112 56 98 47 158 94 124 133 147 148 129 167 101 178 159 35 107 147 133 62 101 193 89 68 133 142 97 97 101 106 177 46 
178 160 73 95 39 25 138 137 61 52 80 136 106 94 56 113 66 169 82 113 71 40 88 94 174 75 113 77 151 85 99 167 133 127 120 106 95 120 35 117 133 66 79 116 109 103 88 81 173 168 106 181 98 43 78 86 62 91 50 60 65 87 95 176 97 112 
120 151 125 49 161 126 89 125 153 117 81 56 150 86 69 67 103 165 135 61 14 108 121 141 120 38 75 67 120 137 52 47 155 142 140 86 45 88 55 74 169 171 78 68 108 136 152 140 70 119 67 157 49 111 32 119 76 102 118 17 145 33 118 52 142 95 
26 75 105 91 180 114 161 88 111 160 74 125 112 34 97 151 169 14 133 178 56 179 69 111 80 99 171 84 138 71 98 72 137 142 94 141 141 116 90 43 39 92 90 87 88 115 154 107 89 135 96 79 76 44 9 77 37 29 30 152 10 99 95 112 104 98 
112 111 52 182 99 166 179 149 174 97 77 77 96 99 85 164 122 100 37 107 95 170 57 81 91 70 75 110 92 149 20 30 118 67 108 146 25 163 86 137 130 41 149 167 109 131 75 73 102 66 73 137 172 71 90 51 80 188 32 94 72 174 33 54 20 82 
84 75 85 138 84 83 59 126 44 143 32 68 92 169 153 80 71 66 105 163 108 142 108 16 29 103 76 141 112 181 105 51 55 85 84 120 120 38 105 85 132 53 63 183 75 109 105 111 103 23 75 45 145 60 77 168 91 42 176 144 182 82 124 5 168 58 
118 110 31 54 147 88 49 167 53 151 107 117 89 102 42 151 53 89 89 102 83 103 81 120 64 172 169 162 178 54 59 112 131 132 46 105 108 54 122 143 93 129 126 148 139 83 99 114 81 57 39 81 143 19 29 79 131 103 121 26 9 62 162 107 47 120 
157 49 136 77 47 62 153 122 143 25 123 166 112 81 107 71 28 71 104 108 153 127 165 167 171 46 50 32 96 55 103 99 85 88 69 85 117 120 131 107 127 109 86 125 92 42 132 105 95 78 144 119 134 174 124 84 148 148 77 41 77 46 38 180 22 84 
