195743 155403 175207 190613 172033 153063 139326 151931 160920 180132 167650 177751 193528 180414 157083 178120 174759 194166 144357 162247 162452 173639 187934 161974 137658 164301 186570 189030 158690 162005 185077 177047 163676 171790 159652 180561 192022 169918 163978 194720 151655 156108 193995 161033 180246 148801 158826 183999 180132 158902 156247 176438 169711 178722 163119 176658 155918 183134 181746 174674 174106 163790 174860 142154 155473 160143 155785 
190277 154003 166370 187220 161051 157947 137415 168937 158073 170529 157941 193125 184631 170893 174151 178418 164889 187898 134098 157994 150976 168100 179668 180928 139694 152554 186538 186165 155688 170963 167386 174272 168437 186929 152384 182276 195814 159029 154815 193402 161630 147936 184185 166291 182533 164395 174365 177610 183614 176549 165513 174167 169240 184574 163913 179473 154326 179483 169846 179061 165288 175070 183337 155672 150390 172505 155297 
176430 142690 167667 179022 148433 139616 134600 139852 156095 169968 153159 166374 177484 160100 141846 167016 160950 173943 118818 158698 149993 153413 169809 152340 132785 143229 179739 182005 154582 164627 164394 168650 159940 162572 132271 160394 184413 149098 152685 181018 143817 141131 183600 154696 171482 150738 152304 163194 163646 140868 161325 168668 158224 162141 152574 170506 149728 170116 162469 151097 169766 143152 174537 131150 141133 153695 147431 
197907 168598 195158 212413 193751 175584 147892 173515 173866 192143 169548 198171 200916 188767 186387 203520 192544 208544 166537 180197 164862 182563 193324 184805 137113 182508 192056 218231 187642 203111 194435 194823 180489 190810 173678 199154 196769 175892 173942 205519 167189 178579 191636 173922 194095 175371 171073 194737 179990 161482 187370 172066 170367 192177 171089 201482 169194 210287 188032 188151 188452 180936 182053 159882 163155 170104 160455 
181190 158574 182146 196264 176997 145850 142732 164104 165830 175617 141552 177983 182483 173659 156158 179086 165291 177574 135313 177005 157793 171327 187732 166298 133570 170325 182161 192509 164109 188284 172902 173955 154612 186030 150067 183721 185731 158475 161216 190081 154841 166129 188942 158674 175713 148737 159394 177049 170127 158744 161841 177227 165541 164304 163105 180126 154091 189736 177323 168290 175113 161880 160573 151385 157109 168327 145163 
171585 153163 166627 180274 171955 155749 129675 143818 161347 166858 137190 189543 165529 165975 155319 180179 165322 198252 116389 166551 151362 159270 171266 154222 126281 164082 177068 183636 143143 171864 164893 168472 149035 165121 148765 182296 195609 165620 153585 186731 162541 142697 175599 155877 164576 169764 160342 166899 178845 146990 148351 177943 160747 173566 152452 172604 146792 184548 169768 170175 162134 160607 165147 148379 149861 161642 157038 
181788 150418 160955 184893 170766 156285 135423 145027 151183 162950 149103 177478 181550 158855 162255 178226 156877 187328 137181 155369 156323 150491 172323 160960 128193 152027 176007 179876 162912 171925 175338 173327 156618 158747 144987 175391 188118 153791 155254 193688 150121 152331 184237 147228 165747 162426 161217 173976 175427 144938 164192 162465 169736 164406 155841 184990 148971 175807 160368 169081 173291 156136 166452 147950 147674 157334 153739 
171091 140097 169741 181389 166641 149026 143730 145539 156290 173029 147852 186781 185642 175493 164027 183179 165813 174262 138299 155988 133127 165361 171854 160976 134448 168504 173487 186998 154264 171912 167282 161494 165470 161083 134537 161101 196053 153489 154313 177415 140695 152811 173655 149851 165378 145143 156034 161578 167332 152816 160364 160341 174290 165664 154993 190377 141296 176901 163060 165484 173671 160588 169831 146798 130155 151519 138064 
181244 155035 186629 182521 181830 166418 138374 162879 151063 167592 147739 179876 185160 160174 164669 179635 177727 186687 147950 154630 162073 157489 175248 167085 126049 165403 173641 194099 153578 174596 181839 176896 159213 175440 150074 178063 203414 162153 160289 202503 151364 152432 188991 154356 160547 176773 168862 170322 188506 168349 144563 160159 161062 168728 165712 189185 165194 184160 174668 182553 173302 168720 167393 154991 158858 164496 151111 
199313 176266 185520 226356 196666 178457 159787 175566 177981 210162 169539 215920 187195 194168 178937 210258 196212 213267 163630 196633 172157 200449 206212 194300 145731 173645 194366 217222 180286 191655 201785 204292 192619 201287 173089 205334 202280 185535 186805 223465 173584 184752 208219 170936 201764 201718 195099 193459 199733 180754 186012 180710 185344 195026 180033 214608 173209 198457 184381 196862 197019 190437 183709 173986 171487 182467 171050 
206003 177971 196126 212781 197044 174292 149024 196304 177185 203204 171961 209672 206915 193354 177487 198663 195927 189816 165784 183576 151918 190542 204046 205498 158688 185711 184093 209301 183310 201505 190770 208082 188736 201581 166619 196194 201947 172180 193618 216584 171758 180336 208801 176257 189594 182713 189107 188814 188349 188169 180356 188340 171807 200194 180665 215901 173399 207204 187546 193790 191469 174594 195605 166819 172984 180116 177639 
186387 150785 176701 189105 169466 153052 136442 151942 163104 169832 152620 169878 178799 170295 157473 172307 168503 178458 141495 161174 146319 166775 191404 163877 128172 164277 179564 195143 156002 179288 176101 180765 160706 182526 169908 184292 193674 160742 167155 193208 149185 174102 194679 147572 170512 163516 158724 170820 163842 158839 160831 175413 158594 172614 161995 177251 153904 190945 166251 170855 174555 157939 163946 147339 146735 164419 148253 
189609 151667 152358 172767 147454 155699 143612 162871 151850 173887 146758 183092 189342 164368 169415 181275 176959 183691 136014 158946 140324 164434 181289 171201 125789 165748 164813 185953 158080 175445 170761 161400 173162 174916 156859 175352 180587 166814 159486 183398 149712 150447 180698 157715 174630 147203 153416 176146 171364 149755 174369 157848 157620 166175 155504 180988 160542 169357 170100 152641 147450 157889 187085 145653 142246 157831 155773 
165110 141850 156656 182376 162514 141149 138713 152934 162150 160200 153035 167649 168851 158605 162242 163476 160653 180362 139270 137087 145753 158814 181191 154200 118450 151241 173386 177335 147119 161526 182859 157173 152198 167670 149200 166163 184590 146231 148428 194205 137460 143334 190951 157075 170210 154985 166194 154875 165682 145521 143129 156471 154634 170223 134568 170479 151779 172209 154553 164728 173779 163037 175573 138243 154490 153235 135607 
180436 154218 184517 181565 164432 153103 139392 160390 163904 172659 152406 191747 180397 162425 181621 176059 179168 184524 143033 165125 160767 180480 177276 170209 143658 170813 189465 185160 158613 178423 173981 173873 159687 194548 155783 181611 201338 167199 148595 199729 158573 169659 200576 160866 177772 163843 159452 182556 175726 161143 168881 181982 165973 168795 155138 192894 169787 176437 184426 170656 173069 152867 173585 159647 157670 177649 153067 
176903 149778 161085 189299 172579 148285 124017 142940 135357 162579 140147 157148 161227 163077 136508 169792 149632 167236 142751 147566 138957 149221 161206 163642 112102 150467 163579 171694 142855 160400 167902 163938 143055 163829 150305 172139 190063 137319 155307 173648 153982 153176 172737 154148 149270 156133 163043 154639 168026 145967 144651 151512 140196 151245 159252 161713 142602 171272 162475 163908 152200 151523 159757 132227 140353 145406 150494 
184361 152556 170899 180769 178853 161674 123385 155825 150794 173087 148976 179016 180736 171559 146336 172537 169965 177777 135062 159922 151717 154559 179941 159592 130654 165338 176227 178796 155809 166554 165108 195437 147840 166676 163412 180919 187238 160060 167200 175058 154044 154626 175181 150997 156021 162090 156501 169366 168037 158545 144872 162052 162599 173059 159080 170704 154964 182968 177706 165590 173426 156922 161394 145881 150646 153955 161040 
208876 176039 192751 217127 195198 166692 152282 180636 178827 198613 177821 203888 210671 197806 184511 205876 184236 224749 162273 188810 167026 180292 203245 195283 148907 188010 214813 222995 190761 202439 200145 201612 184585 205312 181864 202092 226732 175599 194403 211417 174401 181791 215275 187107 197214 173105 207262 203839 187611 174737 195163 195168 199082 197894 188572 198715 168640 206470 204241 191481 193141 188506 191502 163811 174838 190883 169358 
179094 160179 163318 181302 169102 165858 142780 151573 160011 185930 153758 184639 187739 175382 152971 185199 170797 192939 145033 158176 139514 175696 181571 151292 133071 157930 182770 187977 153071 186144 177449 179422 168031 176069 155792 168912 190835 173440 159755 191564 155986 168872 190782 167495 170464 157733 169377 163270 161843 151583 164251 175800 160504 165334 163184 175894 161640 188140 162806 171692 179507 168666 171950 153259 144820 161266 161915 
165616 139595 158248 164866 150203 140051 130640 147199 152387 150277 147825 163299 166807 168347 147887 164097 164223 176161 131519 139214 140031 161176 177724 147643 112738 148983 170427 170203 145811 156841 169259 154136 147747 162061 143154 160702 176553 147899 138338 182692 129182 143043 180136 147691 161043 139893 144613 153322 154950 133153 136922 153091 160064 156282 141715 165638 145220 170191 167512 154309 163857 153629 159145 136081 139417 153777 137980 
184899 141853 158102 179450 156051 155621 141082 152340 158553 175728 156581 178580 180661 165690 165593 179880 176320 189535 156223 158201 151431 166597 182419 159279 126175 163608 191481 185848 149948 171485 175249 170308 158149 160561 161877 182572 195876 181582 159798 195947 154492 152821 183919 168192 171822 156420 166832 174100 177352 167201 158965 172522 157257 167227 161187 177948 159223 190262 182781 171734 173075 166372 182825 140430 155737 168371 156914 
179700 158619 160552 182614 162675 149004 128223 160101 142262 167589 143405 184882 176379 169923 162820 172533 180214 178417 129949 169288 145912 168593 172117 180870 124271 160778 168042 184899 153420 167894 164839 158830 147730 159682 143251 171396 184890 170178 159273 194498 150689 139200 178845 160368 170706 155343 159733 162986 182548 155377 151235 154648 147148 161694 148191 173452 144747 173597 171602 163883 155673 153398 177419 134915 147574 163997 138733 
159173 131435 140741 160998 140429 136027 121766 148081 142456 159629 130782 163576 158177 153489 138666 166737 164047 176573 123791 143264 129339 137053 160259 146800 123141 152505 163908 159750 128394 154290 155668 141177 154728 156576 143460 154983 184021 148785 129815 171231 125359 145660 160172 148890 142774 137896 147419 152748 156668 143310 136326 155452 156483 166132 162117 155581 139711 152834 151692 150348 156216 150594 165835 133051 143942 146706 145448 
181179 150411 174337 192259 158384 157576 140841 164906 161017 175794 141648 198989 175474 168139 162843 183175 178612 198925 127473 169711 143777 167334 176347 170053 126351 173223 177946 194090 153459 179311 158955 163847 176854 174229 144012 177428 193264 171440 148901 187327 145236 153034 185063 166122 186125 164356 168510 174907 170100 156419 171188 170343 181535 182622 164624 169219 152629 183516 189236 172483 169433 162405 183421 154688 155861 170783 149638 
182171 155894 164261 190399 164143 144315 123386 138225 133987 173941 153308 178287 168984 162564 156878 174352 165077 172559 123903 171890 151478 158258 160676 168311 123705 151617 179866 176246 151331 160048 158459 161243 145283 161457 143758 166189 180988 162434 155139 187037 160545 147960 166026 156275 162216 157625 159079 166688 180212 159757 156881 156560 146799 156786 147419 172439 142896 168758 170105 158341 160526 152531 162039 145654 141937 161230 148108 
172897 141328 174153 180416 164823 143441 127175 162935 151747 171680 153793 169037 170129 171685 163458 163181 163811 172448 130702 171849 148816 154424 187119 173968 134255 151433 168998 182639 155446 159215 172690 171195 158320 171410 137864 161122 192693 147883 152221 179754 141497 147666 176871 134711 157725 168973 164040 158478 185751 151049 146592 162547 164953 174246 154387 169659 158381 171011 166313 163158 175491 157676 166666 149283 148937 166549 150081 
184263 152189 173365 188176 182936 169895 143039 168970 157074 170064 154040 190385 190695 172305 177093 189768 170484 201183 149311 174193 148807 174231 181532 181958 129264 169327 185669 193152 157294 177619 180031 178520 163984 176188 146706 183821 194515 161484 162991 199153 164242 158782 196350 162812 179724 178393 188746 180630 182612 164756 167084 171403 169222 172352 163934 189343 166933 179588 181177 179484 173543 168575 176094 155370 159576 175077 163821 
204118 160557 192686 225511 189194 159518 145651 171624 154000 184674 173461 198637 190483 184655 180350 195073 181851 205535 150444 186262 166418 183158 193426 195330 140784 172710 197831 202105 175256 177007 181614 179433 180835 185253 149984 192677 203760 160953 180447 206657 167916 157348 195935 170423 208123 174751 190081 189223 196238 172238 189907 170874 179425 186344 174336 193935 168236 198644 184858 194322 186971 180098 189161 162094 170278 175241 152437 
186517 139394 165283 181860 161254 147436 130498 158430 148412 165652 152191 171751 173873 172163 159031 176786 177134 188413 135000 157687 161996 176870 169484 157073 123981 162251 174139 184418 154318 168447 166827 172069 150913 153502 146338 184366 187957 160818 150825 197300 147974 145198 177029 160438 174336 134293 156345 175397 170381 150620 172139 165944 163390 156507 170818 170732 144758 185526 180042 171747 153347 157472 175831 139443 144674 147955 131233 
194114 155700 189912 199796 190336 162964 154080 156422 174321 183254 152832 191556 205894 181183 166124 196024 180757 198445 141692 177086 167257 171237 183614 177554 153039 176480 198464 207533 168696 192720 193465 188935 180439 183337 168159 184186 211676 181914 181422 207787 154569 174520 198893 161639 180424 168632 169787 190589 185137 164557 167223 173932 184778 186849 166585 197794 167703 197450 174337 176780 196472 169415 182572 161769 165485 176896 164182 
156146 137785 149630 167109 142218 134214 133253 139824 146192 143767 124655 168667 158137 152654 147433 166910 148858 161849 122628 136571 124182 144645 148743 142297 112837 153395 156971 163540 138196 159331 148783 148436 146404 154150 134775 150225 153903 142719 143795 167261 139355 127421 148971 130083 139173 130857 138166 138233 162251 137015 128869 142664 141068 159642 144795 157549 128795 168740 146553 145620 136322 137846 135414 135975 123364 142428 130069 
172265 141882 169236 172769 166495 147789 119040 157244 156643 178261 144221 174692 161962 163832 168154 178600 161656 175117 130118 165534 141261 155778 163325 157999 128560 150309 166880 194589 139905 168932 150826 166056 167125 172641 150882 171042 184908 156047 160966 176887 142081 156580 164878 146858 156573 152585 163669 163979 170914 142785 154821 164099 151404 171692 150023 167849 139884 173189 158131 161852 163289 157403 152124 138243 135214 160950 134937 
182618 140317 161821 173955 158955 155394 129888 152904 157265 173136 145246 171255 177236 167018 141252 159975 170733 182098 126058 152458 142576 162594 174912 160801 123814 164461 158719 186006 157320 165037 171306 181844 147712 157265 158112 177220 189535 163429 148003 179206 143936 155905 178178 150647 161401 152427 153180 171563 150274 161427 154835 169697 161898 167074 160772 177101 139904 164937 175665 166147 169274 144246 176201 139383 142528 148506 148118 
199738 149955 184630 202848 183916 162433 148488 177875 171537 184610 162625 196872 184341 180610 181298 186588 189856 200682 142389 168850 166073 163363 192069 181396 142510 188999 202532 190882 165700 182711 174390 166372 157268 179955 161562 172134 223784 180115 163713 203649 165160 167549 196021 177917 183394 160575 173243 185172 186578 165921 170372 174476 174579 178453 158287 179640 157740 181793 192707 192009 189119 172563 200556 151272 167120 165428 166342 
183470 133457 167660 176008 159228 156199 136792 159043 154185 180080 154993 169431 169247 172661 164105 178912 180116 171205 143779 158470 150927 162753 171924 174873 142403 155827 177465 180231 149978 168265 162480 164667 156852 170110 140571 169769 205101 159836 154690 177737 135730 150654 184139 148019 169590 148113 156705 175092 174875 145813 162922 159657 167903 170006 157498 166300 153158 164445 178060 169155 168988 156003 170626 135168 142472 159039 154049 
197244 163304 200874 200856 195391 183060 146849 163691 173121 198379 174183 190072 206876 189571 194406 211606 183072 198567 169137 183142 165416 176167 190973 179035 149536 180176 211300 221040 179527 201752 191766 198576 188764 206962 182124 200211 214567 172560 174394 204148 175183 186438 205638 177618 186364 182003 180106 202130 201550 173071 188170 190202 186058 189492 184686 206281 187050 207659 201649 188814 193577 172080 185984 180328 169875 182194 187231 
193413 155998 182557 202402 186145 166097 141243 169237 188153 189416 162686 190153 198760 196484 177841 197103 183108 196813 147330 175124 168322 190951 194847 186335 141355 173034 198628 204174 176475 186124 188039 182289 170562 169133 162341 203327 208113 178185 168366 196872 162818 166915 194313 168014 187362 168891 169299 197798 190130 161962 170257 187521 180947 181490 167463 195602 176894 186541 192730 174151 177537 156608 175219 162404 165492 172994 160296 
187047 149207 170255 196235 174331 155425 151489 154324 168720 168514 153598 190328 197089 174786 156737 179340 178323 206940 152896 164848 150560 166085 188045 173535 129987 176756 188170 206028 173142 180141 183898 174453 172618 166153 151348 188023 200268 176589 169948 196214 150428 164809 201466 169873 180585 160659 173989 181643 168381 163204 175474 173595 184795 182902 180562 192187 154412 196338 179876 188016 180753 169187 176097 147148 159624 167447 150281 
191455 150453 176201 190633 166757 161494 143603 157173 164218 174623 152072 186241 188283 173001 169642 196444 191334 188089 144271 159317 153974 164340 178365 174807 135026 172773 167395 184859 172055 177941 184787 176588 170064 172069 150032 177014 204629 170852 161274 200762 149186 156345 191821 151606 173223 170686 153884 177948 176665 161844 170699 168194 170645 180466 164172 187300 155489 179142 171872 178741 180274 157895 186154 146342 155343 166678 157861 
177832 153819 183352 195719 174263 162765 148868 167229 173151 176131 145707 191192 196356 174094 157047 184509 184629 194370 146353 168620 165308 169130 193719 160403 126748 175034 182355 213209 162754 191416 182436 182259 173106 184751 156979 187720 196995 172961 172649 206127 154522 174414 197627 163973 183696 160556 158876 179211 185205 152631 175255 168955 173625 171532 182543 185661 162565 198357 182907 168671 166569 168059 170211 162299 155764 169400 156256 
180924 144744 158773 179707 148879 154306 133038 142868 148495 169088 152932 168434 165662 158620 163539 174522 162374 176360 129053 146090 149417 156865 161690 162102 124178 148762 169040 171327 150756 162239 153070 165867 155173 174652 150306 177904 183076 145939 148607 170290 155060 148594 192001 146746 175104 159739 160659 167357 158015 141510 172472 165369 152634 171898 146687 158805 154899 166037 161957 165877 166069 152208 160270 141871 143045 153116 152851 
175280 137125 155547 176476 157518 139016 127659 141479 143694 156236 147267 158356 168597 154543 147079 161869 150969 161629 121419 151501 124733 150775 150080 167902 121061 148953 167829 170980 146234 146542 163566 149986 150426 157675 139522 174908 160805 144998 144323 178217 144830 145192 162932 149493 145449 139343 148517 164265 150190 137537 148014 137148 148129 152651 142109 167214 143269 169646 147076 148655 141569 133163 154614 136963 141460 142074 133064 
217178 182967 204044 222963 188680 169071 162332 170558 174642 201696 157068 219054 209589 196483 182310 208965 201948 214850 157870 192252 173149 192544 202161 196961 147310 207426 194817 211359 183807 206787 196713 200727 182013 192769 171611 200113 214261 189754 168203 214066 178544 179621 195695 182773 191134 177252 172630 200786 196858 189119 186738 193257 178107 189522 183158 212175 174510 199755 206201 190577 190690 185185 199362 171260 169478 182623 164736 
169644 139486 159172 178822 150177 141531 120003 137057 144486 162036 134500 168279 159327 161776 148877 164326 159071 153934 133329 148943 146730 153220 150352 158286 122780 147898 171012 164770 142473 151021 143782 154455 148614 160147 143081 161082 174904 142378 129863 168968 135025 146808 165334 153063 156421 143739 137414 153539 158525 137965 142276 145751 144465 161962 137573 157503 142944 155862 165090 155245 157563 135741 154870 132908 122951 133878 141013 
167363 159204 168000 181712 166546 149484 122992 150120 149343 166939 150369 180051 170516 171846 159104 170458 162967 189534 128708 161022 132701 164406 167761 167412 122028 152382 158855 193741 148916 159134 166568 173398 167851 179004 154778 174405 171427 145240 155998 183880 150575 158336 177246 147145 172745 160035 160198 157123 164869 151221 159417 162489 156414 175887 167454 169485 139192 175268 164367 163648 163260 160572 161073 144449 145319 151236 138102 
162501 139136 158272 179655 152153 123554 124994 140401 146077 147101 140032 169042 151819 144434 138520 161668 155421 168893 134153 150328 148459 149073 151137 148921 116545 149890 176112 168341 147903 162647 153930 142347 139087 167418 134534 162660 185298 144002 147176 172332 142541 147980 174987 162202 166146 139048 143652 174783 147052 132593 161657 166948 160391 156051 157107 166440 132836 158822 170099 152545 147122 135177 155628 120734 139557 152459 132520 
175850 136981 166927 190862 164310 138890 132298 135753 147328 160969 136256 173870 161689 162380 141734 166630 161155 183895 137974 158280 156664 160748 164362 167982 128030 157225 173389 174551 157121 162219 158997 170004 138722 150607 146650 173325 185997 160448 157780 183627 156690 146493 168739 144481 152105 154837 166545 167179 164375 154370 155245 159734 152652 155994 156081 176267 145232 168818 167886 170636 166028 153965 145376 136890 151049 158584 141710 
182097 149767 178841 196088 179858 147526 141275 161174 163199 174292 149114 187257 188458 174229 158153 185184 176611 182048 158961 165673 145361 167313 175746 174571 140189 176048 193731 187306 168136 180747 175751 174907 173409 176976 149836 170583 197325 165282 175319 192842 156606 161975 179633 163934 177711 138401 159432 173108 179065 160305 174606 163922 164573 165925 169099 181132 155649 190401 175562 179736 172549 158153 182087 155257 151956 153969 156229 
190157 159705 179432 197254 178740 165675 148512 168147 160932 189163 163704 191942 185120 177280 177149 183741 187294 194636 147652 179536 156273 185167 192670 177028 133653 172375 186331 202125 169275 182111 184697 184361 162295 177261 152721 188147 198269 169023 166129 201735 164655 165778 188489 163027 189182 167219 166362 181359 187025 149120 177143 166602 166641 165750 156458 191661 161072 188530 180783 174033 179238 170824 183294 160323 150887 162447 152463 
195925 149340 190867 199182 178188 166065 144455 183318 176421 185293 157087 196697 194208 188827 179296 183421 189606 194580 160560 168366 166198 178581 204395 175545 147614 172067 189178 203261 181744 181093 182943 187273 167965 185426 168178 191469 205560 172673 162302 200937 168024 174241 198292 176510 188121 171666 167734 180241 184362 165422 181713 183184 172277 184838 182877 185471 176900 193349 187247 190603 187081 176035 185709 152814 161875 172186 167679 
178509 159810 161702 181474 159449 158273 135718 131505 147638 175788 140947 185278 179220 160155 168702 182595 172975 191683 129877 166144 158781 159902 159457 152832 120054 163426 166507 188226 143314 160023 156358 177790 161353 171093 148362 183747 195744 154460 152806 196834 158395 150645 188270 151550 170004 165907 158060 167107 180431 145414 161350 165448 155751 177934 158775 175327 145541 179682 171499 163936 162279 154366 168853 143049 143868 160496 144755 
175033 132470 164119 191806 157225 149579 139256 157873 148802 167765 149490 172132 185536 170039 154032 181587 166024 183757 140070 159780 152441 169677 170560 164871 125038 157521 190911 188716 155156 174340 162463 155955 146596 157315 149045 175613 181127 168449 144489 201587 146422 140318 174185 174116 172731 152786 162638 170668 177174 156656 151998 162811 162166 167702 160305 177387 158264 187774 178990 172277 159711 152916 172631 144418 156359 157293 150356 
193335 157576 183655 200881 172508 166306 147223 169542 169442 181673 151536 202253 189438 182914 187657 185811 183512 202348 144097 171655 155871 182990 190400 183577 145410 179385 184386 202974 166753 190850 178445 180395 165393 187630 171375 197375 203600 183479 160005 217371 166112 173500 193562 163276 173368 175381 175757 189816 192798 161552 174910 194574 174229 190369 172102 200729 171255 187089 186823 165538 183318 160977 165596 156752 169993 193013 152106 
177724 148489 178492 198714 164082 161702 137646 154451 167427 176232 158258 183129 181719 164807 173190 180260 170019 177382 135508 156144 145163 155383 174203 171340 130711 162340 175826 194814 151873 173088 165644 179590 167154 187589 159678 178967 193959 154582 166038 189684 150961 162133 178492 157836 169208 168045 151055 166171 176173 154548 167675 164603 154977 186617 163444 183434 148774 182933 167574 163897 166535 150058 172312 150291 144257 160868 135257 
193672 148196 173586 198350 165175 155124 141534 163569 145976 174115 165858 180823 179425 176528 172406 186128 185179 185278 154661 166373 150856 179228 173812 187409 129898 169951 182042 183882 156702 175497 181475 174289 164703 166863 148815 195563 185359 157773 160428 189740 149631 147722 187961 159531 179268 154595 166528 175841 178946 148043 169612 159529 161213 173090 162282 186921 169325 192338 179668 168131 163488 157987 167598 154859 149852 157793 144672 
182397 141776 155822 187739 165839 143032 142818 151679 157311 176055 146865 170764 174497 168776 166492 186220 158029 180264 142625 158228 146141 164411 170380 169346 132110 152791 183137 178829 157081 155453 177642 151438 155783 173055 148192 176195 196190 150664 150966 172613 155458 143911 169988 161955 168986 147001 156171 173964 174123 148184 146336 163769 166284 175473 155162 165518 152372 175721 160223 171675 167894 164436 170962 143031 153179 156573 146842 
180680 151513 166680 193713 163397 146121 127545 147652 137347 170426 150241 176844 178973 166567 154137 179821 172485 189766 141442 157043 152161 154835 161839 165427 121257 173216 169962 179370 158622 166013 174161 165263 146295 162944 157220 168220 194764 156273 163283 183916 152633 148117 190772 158408 170777 156968 172867 171497 174291 153724 153999 167563 157676 178758 158822 164607 142480 168662 183172 165225 165903 151280 168777 131285 161713 156432 159417 
203422 161708 179332 202851 180398 159924 151635 169047 170627 192587 151323 193938 186467 192293 150119 188165 187045 196547 143929 163570 155004 175969 183579 175621 142391 185428 178591 190647 172396 183849 177367 183146 161330 175292 164027 191852 201457 182706 157608 187088 152396 161695 193588 180636 182137 155157 162887 185301 159356 168663 174156 174660 180529 185342 174434 174897 160679 193833 189659 194079 184308 169259 179823 145698 156463 163069 146515 
191526 170709 175515 199379 167231 154159 150938 173897 166923 177366 148564 193827 185810 178427 164014 186301 175099 185174 151120 177267 144571 170057 179283 192910 133335 177176 182409 189277 166594 184719 175737 173838 172700 186755 160114 191431 192957 158854 163053 191672 169244 157174 192193 172965 185036 159034 177682 178752 169917 175387 172523 173436 167649 169339 174152 181095 158063 175179 180427 180365 172168 167068 193140 157721 157671 154314 157086 
171808 144055 166686 180273 163598 148886 128539 162783 152736 171066 135773 179679 167265 154767 150043 157903 160886 172579 135164 166397 139142 164215 172997 170417 126495 154605 163043 192472 146231 162483 165186 166424 166119 165266 133200 175378 177523 153692 155207 176411 137718 138475 169995 146203 164139 151688 168147 162985 171244 152884 144195 154824 158011 168165 147286 172065 146008 176728 166259 160328 160540 161509 170047 134519 144418 150666 144976 
168927 142809 142894 164552 148496 130884 126516 142104 140804 153334 131222 164897 164742 152475 133653 160280 143545 173866 124734 153963 126565 154031 149504 167520 119616 141282 169795 170970 150563 151682 148465 157936 151382 156233 142565 171630 161349 138601 142499 165082 142898 135635 160512 150356 163307 150389 166171 170115 129516 144758 152403 151239 152819 159555 147790 157035 143358 152298 146839 155940 153370 154654 155904 126288 137682 140022 139414 
201869 171271 187283 193077 183342 172939 148948 169309 166661 189842 171231 198641 189660 172257 176281 191565 178340 198724 149630 169522 158434 176476 185776 183920 137780 180524 194994 198347 171505 189013 189616 190122 175690 205316 160315 192098 204341 162778 171849 190962 172412 166671 196654 173734 185791 173178 180971 191837 170894 173755 182455 187686 166946 189204 167192 198250 164123 194308 194652 179019 182113 176712 191204 152546 166257 182121 169905 
173883 155592 164745 188803 165253 148071 128363 158583 155849 162931 146587 192532 182061 173423 166527 184326 160852 202665 136619 167157 134628 168476 183835 175956 131578 170924 183416 186535 160770 175175 168557 180650 165475 160816 150893 179676 182058 149436 154900 180806 149426 147534 172970 159557 173794 169066 179523 166259 172844 146798 162557 168377 171073 183454 161992 178093 155622 183900 173107 159733 165617 163015 169552 146706 151333 163217 143931 
190156 149523 159619 190909 158199 157461 135492 147471 148236 163776 145723 176903 193576 166395 158343 173886 168598 183897 142146 168110 144707 174089 173470 174388 121263 162223 169842 184999 157552 176620 165078 169700 166949 156971 143671 184914 181065 169140 153109 187574 145577 149745 168734 153799 164969 156912 162672 172574 167460 159860 157159 152115 148506 174793 163244 176398 160434 181633 171940 160175 163031 161460 169796 134319 145090 154890 144606 
193532 162870 169481 197105 171449 160341 140238 162657 169167 188133 162724 202521 176769 185204 176479 178381 174835 200915 135408 161103 153002 175742 187270 170020 147419 172427 181055 200199 166426 175310 174480 189342 151864 182100 172123 189111 206430 166029 164502 196462 166199 164668 179987 166381 174258 172330 168526 170227 174052 153254 169089 179761 171999 197696 174706 179974 155569 194929 173039 175602 185575 175205 166911 147797 151443 167303 138607 
178616 141961 158561 181887 142965 143103 117324 148402 144515 165305 136420 171169 175386 164905 148483 173458 163373 175933 123466 154605 141541 150929 162477 165898 135396 152299 160233 175302 155829 174908 152337 169443 155303 157096 141925 173670 170113 152635 156852 174519 136227 144602 168795 144717 157373 143965 153741 169377 156015 143762 156874 164386 154134 167404 151672 162758 142179 169221 164687 148635 159634 148612 152308 132456 155451 156000 144616 
202123 147473 186617 194048 172312 155297 145502 167041 166558 171973 155148 180720 185501 186308 166424 187877 182618 177299 139195 161939 167596 173933 179179 185726 130727 177022 190728 197265 166347 172432 157990 179282 156952 162144 170096 197297 201429 168255 164695 205256 164114 155418 196726 170885 176637 164220 169699 182970 181150 170985 173901 169136 172606 171996 165093 179885 158937 189870 193697 186461 162519 156219 188711 154212 157465 162964 152676 
