8 -35 -3 -12 -2 -47 60 19 -87 3 -27 -2 8 -23 -60 8 13 -28 -19 -2 9 -70 -34 -5 5 41 -32 -22 -38 42 -26 -28 35 35 10 25 14 29 -32 35 -74 -7 -30 52 -16 56 7 6 -33 -12 44 63 51 -36 13 -67 -66 -34 -4 -12 11 4 -7 23 23 2 13 7 
34 -61 7 -81 -75 14 1 41 -17 7 37 7 -18 21 -74 -23 -9 -10 17 28 -27 68 63 39 -37 62 51 -15 -23 12 -24 78 -62 74 0 54 -27 -60 -70 6 -47 36 -9 11 25 -57 -24 -26 -41 3 -40 90 -56 -12 -33 21 -15 -36 38 73 -37 -2 -6 -69 37 81 -51 -29 
5 -20 -14 30 22 38 -8 -15 2 7 34 -3 70 42 -12 81 -18 12 -28 25 38 -18 32 16 45 -31 -9 -27 -33 10 -65 3 8 15 57 -61 40 0 40 11 -7 -7 12 -51 86 18 20 -18 84 2 10 -23 12 56 -11 -15 -58 -9 -19 -6 -14 -42 -20 40 32 3 55 -8 
-79 60 23 -22 54 64 40 9 -12 -18 -2 -15 48 -19 36 -13 72 41 81 -19 31 46 -15 48 -42 26 -19 -86 -35 29 -48 8 7 -6 88 54 19 -14 -100 -37 5 65 -58 -57 -7 -60 28 33 29 -25 -56 -2 13 -50 -79 -27 2 -20 12 29 49 20 -66 -6 -56 37 -32 2 
-42 -29 -56 77 -9 -40 -17 73 1 -12 0 -8 -20 -33 -51 -23 77 9 4 25 68 -85 -38 13 -78 2 12 -37 21 42 -43 -41 56 -83 38 -10 -43 19 -4 1 32 58 -78 39 -44 -36 69 31 -15 64 -46 16 -31 41 20 30 -6 -1 -14 11 -29 30 41 83 27 28 59 27 
-48 -27 -27 -13 -29 -28 18 -83 -55 -8 75 -86 -86 34 12 -56 -24 -24 -71 5 -12 -5 1 -14 -18 -15 4 -16 59 -35 -80 20 60 -68 81 19 0 -20 40 8 47 -29 26 -59 -5 34 15 -5 -17 -55 -55 -28 34 8 -5 16 19 -50 31 17 -12 70 36 -26 17 8 4 -59 
49 4 9 47 -36 -20 29 14 -54 23 -1 -33 -20 -46 -8 -8 46 -2 -10 -10 -40 3 27 -25 -9 -12 -43 8 -6 27 -4 49 -38 73 -17 46 -70 4 -7 -4 -16 -17 -84 -23 0 -14 29 22 9 -30 -41 13 10 38 1 9 35 -93 -75 -89 -15 -30 -23 -40 11 -28 -1 -54 
-12 75 49 -16 -34 -34 -55 -5 -14 -58 -35 36 -37 66 -9 55 -18 -1 46 10 21 -5 68 -21 9 -14 -63 69 60 -30 3 83 18 2 17 -30 -46 3 38 0 -66 -69 -22 -11 -51 41 -1 65 15 15 -2 32 -9 -27 38 29 3 -16 -49 -39 -53 -49 -6 15 78 -37 72 -12 
27 30 26 -16 -50 54 37 -36 50 -62 76 48 3 15 -12 74 -28 -53 35 63 19 79 -74 12 3 62 7 -15 43 -19 -4 -5 11 42 -43 -29 -10 -31 -8 47 -14 70 15 -35 31 1 24 -74 42 25 42 -23 -60 31 -43 12 -20 -48 -34 3 -70 41 71 69 71 0 -17 -2 
41 -36 -47 -23 44 -8 -44 -6 -44 31 -15 -10 -63 71 51 -51 -86 -51 -56 -91 6 -23 -62 -10 18 -67 -68 61 -50 41 -29 -90 44 80 -67 -27 66 -48 15 -48 21 59 2 -14 -31 49 3 9 9 -3 -68 58 18 -8 -12 70 -66 -72 89 54 58 -73 70 32 59 -99 -13 -45 
-32 23 73 45 12 -80 26 21 -7 30 -17 -7 0 -45 -48 -7 -8 30 -49 18 42 6 22 8 61 -39 55 -19 -21 20 45 -49 3 -43 -90 -32 26 52 49 -10 18 -10 29 -5 -20 -69 -31 -85 41 9 87 11 20 59 -42 -37 -81 32 -51 -19 58 5 63 -37 -27 70 29 29 
25 -30 -62 -47 -24 34 11 2 -10 -34 -24 3 -54 18 -40 -28 -13 47 -16 49 31 -8 -26 5 1 22 -87 80 73 -77 1 34 -46 37 13 78 34 20 49 63 -4 -61 -17 17 14 13 -20 -44 -88 -60 47 24 -2 -52 -67 24 77 -1 -37 -8 -55 43 -4 70 -31 16 4 7 
-68 38 73 25 -42 -26 -48 -39 70 -6 -29 -78 8 -81 3 -10 33 -60 -4 -8 80 69 -53 -67 3 13 -16 -59 35 44 -49 74 9 -2 -63 3 -4 66 -2 47 22 -48 20 40 -39 -86 -24 -61 -19 1 -76 -43 -82 19 -6 45 21 16 2 16 -8 26 -34 85 18 -6 -3 -5 
-6 -49 44 62 -90 -23 8 -10 16 1 41 -34 -12 2 1 -8 21 72 78 55 -39 -38 -63 -56 -7 39 36 20 64 -3 27 -2 -40 -29 43 26 -6 -51 5 -18 42 -2 -2 -33 -13 35 4 21 -25 32 -23 -66 -21 -18 13 -1 33 15 -37 -18 -19 -56 7 -53 -3 -6 -10 30 
88 69 83 -23 -62 27 -29 -35 58 -75 10 -66 -29 16 -18 41 39 -34 -21 20 -81 -4 52 -20 -45 -37 -45 22 -10 4 58 -12 11 -23 22 -62 -32 -13 45 -4 35 -20 49 -35 -31 -25 26 -27 18 45 25 -22 -60 17 -41 23 56 -35 1 -2 -82 71 46 -41 25 -7 -34 -63 
-63 -6 -14 28 61 78 13 67 99 3 7 77 58 -4 4 -6 33 52 69 64 80 17 6 70 47 -20 40 -14 45 -30 -7 21 -61 -25 4 -6 -54 35 63 62 50 64 6 32 39 19 -79 -28 42 12 -45 38 39 -20 -39 -23 -75 -58 -1 -56 -2 -72 7 -18 46 10 -1 -59 
-8 -4 -54 -82 33 33 -71 39 -43 37 -29 -23 59 -24 1 -28 45 -23 56 -12 39 15 35 86 -4 6 26 18 79 7 -74 -38 6 -5 14 -27 -8 6 -64 -54 -11 -27 -17 -21 -39 16 8 -66 7 47 21 -12 -20 7 57 -14 41 45 46 62 -11 48 4 9 0 29 -50 20 
33 40 63 -43 14 -42 -31 -3 86 -24 11 51 35 -6 1 -25 50 -44 -11 -35 -13 53 -2 -36 43 -22 -22 22 22 -43 8 31 45 -22 -39 -27 16 -2 -24 29 50 -71 -60 5 -38 38 49 -6 -62 -1 52 -5 -22 -70 -60 -70 -57 30 -65 -40 9 5 -56 66 64 8 83 -64 
15 -4 88 5 45 64 -16 37 39 -8 77 -52 8 60 -76 5 -54 30 -3 -38 -4 -34 34 -76 -46 84 65 -66 29 9 52 -43 13 36 62 54 9 34 31 -13 -38 14 38 -82 -40 33 -5 -79 -16 43 27 21 -67 42 -75 50 40 -42 -37 21 53 -47 -64 3 9 21 -20 14 
-42 -88 46 1 4 -74 -54 6 22 -35 -42 7 -44 49 -28 14 -30 -5 37 51 10 97 -44 -4 9 -49 -23 -72 28 -33 -14 29 16 3 58 47 24 -55 6 31 9 14 3 42 42 -30 76 66 -8 49 -70 58 31 4 13 31 -40 17 -15 76 -40 -29 -3 -88 12 9 5 43 
2 36 87 -9 39 -95 16 -43 6 -9 84 -34 -84 -8 14 -73 -59 -17 -26 30 -11 -17 -16 15 56 37 14 -41 23 -14 0 -12 27 -15 -30 11 19 20 25 19 -9 -25 -12 -12 20 -73 -86 21 10 88 63 4 -26 -25 -25 65 7 -33 -90 6 11 -27 -28 62 -1 -4 -16 -54 
58 -91 -47 8 -4 -22 -46 87 -39 -82 -77 -10 -45 26 17 13 -61 15 -84 -44 -76 9 -48 -94 11 -21 -8 -44 1 22 7 3 -3 7 64 38 -44 -2 -10 -15 93 31 15 -29 0 -23 -47 63 86 18 -22 -40 2 -38 27 17 -60 -9 8 -76 40 28 0 -42 74 5 -21 1 
15 37 10 -25 94 35 29 42 -11 -54 -9 -9 -35 -19 27 -28 -30 -40 39 17 -63 -34 -54 -21 -4 -12 60 -27 29 -8 45 25 -3 -1 -3 69 -50 -16 14 78 -20 21 -33 72 16 -61 43 -75 9 24 -41 34 8 13 66 -52 13 6 -41 24 15 -24 67 -36 25 -6 -80 17 
-52 38 25 -1 41 -56 48 35 26 -42 -74 48 75 -15 -61 -4 23 -57 -4 2 -90 25 2 0 15 84 37 -26 1 -5 -22 29 45 -3 7 -58 -7 31 28 62 27 35 -7 -9 -24 -65 -3 -4 -14 -39 15 46 11 16 -43 12 -23 0 0 -20 30 -78 30 18 17 17 15 -37 
14 -23 -44 -34 10 5 -39 21 -54 64 8 -51 1 -14 5 47 -51 36 -25 11 -51 42 18 10 15 -47 30 -28 18 69 -52 20 55 48 -4 32 35 -24 54 -67 -1 51 -3 -2 61 -39 -50 46 -26 -18 -33 22 13 30 -45 -75 54 -55 28 -22 -35 24 -66 -62 2 18 -79 -35 
-18 62 28 -27 2 73 -38 11 -44 21 -79 -9 -28 -38 -37 49 1 -40 38 -31 -61 -16 -41 3 45 19 8 -18 19 61 37 -1 -40 -45 85 -21 9 55 27 -24 -6 -85 26 19 -19 28 54 10 4 7 68 -1 -7 -47 -43 -1 12 53 4 -16 -53 -5 -37 82 1 -4 -49 -36 
41 -7 21 15 79 -16 16 -22 -64 -10 -37 -55 9 -19 0 47 27 23 6 6 12 6 83 24 33 12 53 9 42 -43 58 25 -24 4 4 32 -41 62 -25 61 -53 -73 -44 -39 -59 -24 23 -39 41 63 -67 -14 -14 28 -12 -33 -32 8 -14 -18 44 -18 19 30 75 45 2 19 
-38 -87 -40 -39 -12 -71 57 -15 22 -86 6 42 95 67 13 11 -14 -70 26 -27 49 36 -8 -67 65 89 -14 -74 83 -55 2 -26 -23 -46 41 61 7 58 2 -50 19 -6 60 22 86 -43 17 85 9 -16 -11 -59 39 -80 16 16 72 -16 -80 -16 73 -57 -48 -53 -51 25 -22 -15 
-14 7 -21 36 -8 -4 43 34 37 0 17 -56 -39 -21 15 42 -81 15 11 -59 -83 1 51 11 39 -5 66 29 -33 -39 86 30 5 -34 19 61 12 -43 -65 14 52 28 2 -4 31 -15 27 70 6 69 4 9 -72 28 5 -19 8 -53 34 16 -1 -17 -40 70 75 15 -9 55 
-15 -18 49 -47 51 2 -11 -20 45 -57 -57 -15 18 33 -31 -71 -28 -52 80 -35 -18 59 56 -65 44 72 11 -36 2 23 0 -58 24 -5 25 32 -18 34 -43 -29 73 -28 56 13 18 -38 -31 -49 -41 39 -14 77 15 77 -59 -17 -26 11 21 -3 18 -3 -52 13 4 -1 -80 0 
0 48 9 52 4 0 -76 -12 -49 -25 61 29 40 -13 58 43 50 22 -63 -14 3 14 31 26 -57 23 32 -13 71 46 46 71 3 1 -51 12 -52 24 -37 -7 75 12 -52 -64 -60 5 -18 -33 7 11 16 -4 -46 3 88 -53 23 -13 17 25 -94 -4 32 -42 43 -18 -66 49 
69 -63 -52 9 46 -47 39 32 -77 65 13 3 -14 -42 48 30 -20 39 29 -14 -29 16 -27 -18 -83 -36 -43 -25 26 -26 17 -94 2 -38 77 43 -7 2 39 28 -35 -49 -10 -73 29 77 -14 -18 -38 50 -56 -73 37 3 8 33 5 -3 -2 -10 5 -31 -15 -21 21 -73 -42 25 
0 72 40 36 68 -60 23 -81 -35 -18 56 -24 33 -7 -14 -15 38 54 -6 -3 38 -28 42 -23 -24 48 8 16 40 22 27 21 -30 13 -76 8 78 20 -17 45 60 49 -2 -89 -32 77 -45 -64 -48 36 72 28 -52 6 56 -41 27 2 -67 -32 15 54 -42 7 17 -21 39 74 
16 4 8 -37 -43 2 6 -47 93 -12 29 -11 39 -71 50 39 26 -45 28 14 -30 -22 -25 1 -64 40 9 -18 -36 -52 -11 -52 -90 4 18 37 -21 1 -38 -86 -75 -49 46 57 26 -9 -21 -5 46 -5 -67 -8 18 -10 -1 -30 -68 2 -15 -49 18 12 -23 61 -6 -29 -37 41 
-46 3 -77 -20 19 9 -2 -31 -10 -76 -72 1 -51 41 -63 16 16 -80 -18 -13 28 -15 54 26 36 49 5 -51 -83 87 0 -79 3 4 34 52 -59 -9 -31 9 79 -2 70 -7 38 12 27 67 9 0 34 -25 9 -42 -20 -54 49 77 -2 -12 37 -89 -47 -57 -49 -31 61 22 
-2 -3 -23 4 -13 50 60 24 -20 17 36 3 -9 -83 57 -3 10 -4 -14 -50 -15 -31 88 4 17 9 3 52 70 -56 43 -65 -21 33 75 -3 -4 -45 5 -9 -46 -48 13 -14 -15 29 -11 19 -37 -16 19 31 -41 -7 -48 57 71 53 10 -55 36 -29 82 28 -57 43 34 -1 
-55 12 -39 -45 -36 -61 -47 -31 -25 -16 -11 9 44 42 -40 20 9 43 -10 -86 -18 44 81 27 14 26 31 -65 -38 24 -46 -56 -8 -4 3 68 -51 -68 -51 -20 -64 65 -75 -21 -84 -3 7 -23 -27 39 24 -65 -25 44 54 10 -34 69 51 -16 34 18 74 25 10 68 -8 20 
-28 -58 -22 18 61 12 41 4 -8 -54 14 34 20 -38 38 22 82 -46 14 -40 -18 14 39 -45 40 3 1 59 44 -20 63 81 -9 -61 0 -42 -31 2 -15 -34 -25 -3 79 9 -40 23 -18 63 -52 8 -6 -13 -21 27 78 -89 -17 -62 -13 12 44 -55 45 93 -35 -22 34 34 
-49 0 14 -96 15 17 35 33 -73 -82 -6 9 -42 -4 1 84 -28 6 -22 77 98 -35 23 -51 -29 14 -18 -26 60 7 52 45 -15 65 -38 -37 -40 -7 21 -38 21 -14 57 -45 17 34 40 56 39 -9 42 -18 -13 -69 -7 17 11 -52 59 -75 19 -20 74 -27 -31 -15 20 -25 
-57 -25 18 5 49 17 5 -33 28 -50 26 -40 36 -28 3 21 48 -23 32 43 1 11 -7 21 -25 -4 -20 5 64 -98 80 47 -32 -43 -1 -79 67 23 -24 -60 -42 -20 -48 -48 70 -76 -69 40 16 14 -52 -20 44 35 -33 47 98 37 -65 -25 8 -29 31 87 -1 -57 6 79 
49 0 -32 20 -9 6 -20 -69 52 -15 31 -19 25 40 -42 -1 11 -11 -51 36 60 -46 37 73 -24 10 -30 -61 -9 96 21 -30 -34 -37 16 10 -66 59 9 -16 67 49 -45 4 -8 -53 19 -34 13 18 -8 -55 8 13 -15 -28 28 32 -7 -69 8 2 1 -57 -32 -16 -19 0 
16 -23 48 1 -31 68 25 79 2 -2 4 25 -52 -4 7 -2 -23 -2 0 23 -94 64 11 3 58 47 57 11 41 -25 21 22 63 14 37 2 -59 -64 41 -25 33 -56 -14 68 84 -4 -29 72 -9 35 -16 -28 -82 -24 -38 -15 -82 27 5 -27 -12 -45 80 -87 1 -68 -3 -10 
-4 55 -38 -12 1 -16 20 -49 88 -35 59 -38 31 -46 -81 -58 9 8 8 37 9 -19 -38 10 -22 -25 -25 3 50 -4 -50 -48 4 -26 6 -19 -38 -62 6 -48 -8 20 16 77 -44 -6 38 3 -46 3 58 0 45 -17 -19 24 47 63 15 26 -97 23 -6 91 -26 47 3 -28 
-8 -30 30 12 -5 0 -53 21 5 -12 51 46 -57 21 -13 -25 64 8 42 -48 40 7 -47 5 -43 38 27 31 -50 12 -2 -88 -61 -81 12 85 27 -6 50 -30 6 62 -41 3 -14 31 67 -71 -54 8 56 -74 22 26 -68 71 -17 31 14 -12 27 53 -53 78 -41 21 -6 -15 
-39 41 49 -9 -30 -59 11 -2 27 -3 -29 -6 33 -13 -35 28 12 53 -29 -50 -48 22 10 54 -14 44 -31 26 16 -2 -34 -2 -13 76 25 -45 -89 52 -30 86 -68 30 26 18 -33 -13 -79 44 8 -21 14 -55 25 51 56 24 -29 -93 55 36 38 -26 34 38 61 -9 47 46 
-61 -4 7 56 -61 54 61 3 -75 24 29 54 -52 -41 55 16 29 12 -9 -6 50 41 15 12 -17 10 -56 -67 15 -32 25 -24 -26 6 -30 7 46 75 48 7 26 81 -15 -97 32 -61 -44 -7 3 63 -45 -43 52 -35 -3 -58 52 82 83 55 0 -95 35 -1 33 -2 -57 -54 
64 20 -50 62 17 28 -50 2 -26 -29 -23 66 51 23 -18 47 32 23 72 -18 41 -26 34 19 -57 3 24 7 13 20 -35 -13 76 -38 73 -9 2 84 -31 -33 30 -47 33 31 17 -67 61 -29 -38 -76 -22 -3 3 37 7 -12 -99 63 -42 52 2 -50 -4 -70 -58 -41 -11 90 
-29 12 65 -1 19 18 28 -19 -21 26 21 21 -82 2 39 31 21 -38 14 8 -18 -23 -56 40 -44 60 36 -2 -7 -26 74 -3 -12 43 -33 -29 48 27 17 -3 45 -81 -83 -9 43 -9 20 -16 -81 -11 -33 51 2 -36 -3 96 63 -6 31 -53 48 6 -6 -10 -18 33 -53 24 
-77 2 -23 1 21 -16 -57 10 35 -74 35 11 -78 -34 61 -22 -61 87 43 -41 65 -14 -11 75 57 -26 82 -30 0 10 3 -12 21 -69 11 -70 17 -20 -56 -48 61 -30 -61 23 28 28 96 -80 -68 -38 -12 18 -7 -26 24 -15 10 10 -37 -92 -15 4 29 73 7 50 -81 60 
28 -53 -15 37 24 -33 7 -51 -35 -6 -21 70 6 -68 -64 1 -19 58 -13 -7 -31 79 -3 54 16 14 47 -24 -19 -40 -79 5 -64 20 -62 -9 -64 -38 39 -15 -4 -94 0 -50 -46 41 -23 82 -46 23 18 -20 79 33 -51 -33 7 43 19 4 0 11 -9 -22 -14 22 -14 42 
-16 14 -37 21 55 -80 -28 -30 -6 -14 -37 28 21 79 63 5 -31 28 23 33 5 -17 -98 -28 -8 26 11 44 49 -20 -6 -33 18 40 -18 3 2 -33 5 37 -49 45 32 -15 25 58 -23 -59 46 30 -56 46 58 -19 51 29 -18 81 52 -49 17 64 36 67 -42 11 -12 -11 
58 -76 -48 63 -52 -14 -5 23 -9 -1 7 22 -16 13 8 13 18 -9 22 3 -46 -10 45 55 -12 -88 46 -32 3 9 -42 26 24 -1 41 -43 -50 -85 10 -52 52 53 -66 32 -64 -15 0 -44 0 -37 -4 2 55 16 4 -59 21 4 26 -3 -77 -45 44 -97 -66 25 -45 -68 
48 29 -31 -35 -3 -77 -45 -5 -14 29 63 13 48 34 48 40 -46 -79 10 83 -44 20 24 34 37 -62 -22 -9 -35 -19 30 26 -9 -43 18 3 -60 13 25 -11 90 -20 14 -16 -42 -69 -70 -58 -1 32 32 34 29 -13 -18 42 34 -18 -53 82 -22 -54 -44 -40 -59 17 66 -12 
-14 52 39 -10 -28 20 -13 -67 -5 46 -39 -95 -19 21 3 -32 66 -32 35 -74 -64 99 -10 2 58 19 36 28 -56 -21 -11 13 6 -13 -72 -32 9 -3 77 -49 -46 45 55 5 -78 32 0 29 -79 -57 -1 14 90 -11 -11 39 56 -27 39 32 -15 -46 27 95 17 27 -52 -11 
28 73 -3 -73 -7 -59 -18 1 -18 -25 8 -25 33 -32 -74 -50 -92 47 10 -12 32 -1 10 87 -77 36 -40 66 -28 28 -65 37 -13 -79 -1 -37 5 -53 54 20 -39 31 -3 -80 -15 -52 30 42 -58 -47 -10 -38 71 -15 -19 4 64 -53 67 -18 50 61 -32 36 -65 0 53 -42 
4 -2 -14 22 0 -50 19 -10 12 -46 18 10 67 0 -27 -48 2 -29 78 15 -9 20 35 -42 -57 -34 48 -8 4 -74 -17 8 -18 -23 9 -55 -22 8 -70 -45 -12 52 77 -2 0 40 14 -27 24 -25 42 -14 35 40 75 -45 -65 -20 3 -20 23 -17 37 55 -21 -88 45 -4 
-9 45 90 47 -18 0 -5 -29 -3 -40 17 3 50 23 -10 16 -3 -42 -3 0 71 22 -30 -42 -24 0 6 -29 -59 28 -58 -10 -99 -36 57 6 4 22 -14 58 3 -78 15 25 -15 5 -58 -3 87 -43 -6 8 -67 -42 -28 0 -10 -1 -31 -31 61 -16 -74 -4 -41 -72 33 8 
20 60 35 19 -48 -5 -10 -13 -14 -31 -12 -13 -34 -13 -12 -16 -69 38 7 24 24 46 -26 -33 25 -4 -20 -26 -52 42 -39 -40 -30 93 10 -22 -6 43 -30 7 28 1 46 -33 93 4 48 -10 -9 -76 4 -48 52 59 -12 -27 -75 18 -11 67 40 23 31 -18 -68 -14 0 53 
71 -21 -55 51 27 -50 29 13 -18 49 29 5 -35 47 -65 3 51 -59 -34 -94 34 9 -42 -58 13 29 -21 -22 -45 12 53 -58 -62 15 8 -33 44 -20 -38 -20 35 73 -83 22 -20 14 40 -9 53 42 -30 -15 50 -5 59 6 28 -30 36 40 15 24 -31 -29 -69 34 80 53 
10 -32 89 60 19 -37 -9 -66 -24 55 18 1 64 3 30 -12 -44 30 75 6 -29 -38 -21 -67 -20 -20 -60 -63 37 -7 -55 53 -16 59 -54 36 42 8 -26 -34 -49 -94 14 31 -3 73 49 -90 -40 -4 -39 -1 37 -22 -47 -77 52 8 21 -64 64 14 64 -2 -29 50 24 -14 
-31 -1 39 29 -43 19 -78 55 92 36 -31 -36 -25 14 69 -36 -26 29 -87 37 -22 -52 -19 -31 23 84 22 -10 16 8 -68 -17 6 -60 15 59 -31 -83 -67 -10 26 -16 75 41 40 -43 -4 24 -23 -36 -53 -20 58 -7 -2 -50 24 -87 0 9 -14 52 -5 -44 11 4 -26 -7 
4 5 -8 47 2 -54 14 13 64 48 9 21 -77 68 82 8 2 82 -14 35 31 -35 44 -14 2 49 -3 27 73 14 -36 65 -34 -4 -15 5 46 -41 79 -23 17 22 10 -16 -81 3 -35 18 27 -10 2 6 22 5 -75 -20 78 -5 -4 9 -8 41 -1 8 -1 -74 26 39 
42 -42 -7 -58 18 -54 10 -20 -42 -33 9 -19 -49 -54 -44 48 -17 -39 21 12 38 25 83 -1 -30 -97 -70 42 73 -54 -1 -62 50 -13 92 63 4 9 24 47 49 -7 -12 -27 -10 6 8 -16 91 -29 -52 10 17 31 8 9 29 -37 4 -46 41 -7 -70 -28 -70 -2 44 -60 
29 -99 -10 -93 -11 35 -32 69 26 -47 -38 -25 -1 -85 27 4 52 -30 -69 -39 14 30 30 34 -42 54 26 -19 -63 73 58 -44 78 3 67 -66 45 32 -68 -4 -61 39 -21 49 23 -15 82 -67 -39 -17 -4 32 30 23 -37 -27 -25 -91 -5 0 -77 50 -48 14 45 35 -62 35 
-28 42 -7 5 78 -56 21 50 -23 -11 19 4 24 32 6 7 4 57 1 -52 -4 -61 -14 38 63 -19 53 21 -32 44 -53 -21 25 67 27 -53 47 -71 11 57 1 39 -27 20 -12 -26 -16 73 -58 25 -16 33 23 84 33 44 58 66 21 -4 -25 21 7 54 10 28 -63 2 
-32 -25 31 -40 24 -31 1 -28 -43 17 -16 -35 34 -1 -14 44 -24 12 17 -38 -40 10 60 6 -48 29 21 -20 -49 -4 -14 6 -23 27 52 -62 -55 -44 -44 -34 -15 -5 80 -63 -94 -18 12 2 42 -6 30 -15 2 -4 14 -22 67 -31 29 26 -47 -14 9 4 59 0 2 20 
-10 18 -20 2 -3 27 39 54 27 -63 -16 20 2 -16 -27 -16 42 14 20 -26 -40 -20 -56 15 23 61 13 6 4 -34 5 -62 -88 1 -5 36 35 12 43 41 -60 28 55 2 -43 -24 -5 -57 5 44 47 -57 -3 -46 -16 -6 7 -18 -2 -47 24 5 42 49 -50 -16 -54 15 
49 5 1 15 68 -17 2 16 -17 23 -61 -47 66 11 37 0 22 15 17 18 31 -23 3 -33 58 -42 -30 -29 24 -26 7 40 27 -23 -82 25 35 46 -34 -63 -76 -3 -40 87 -14 41 54 -49 -35 -13 30 5 18 -18 -6 20 -18 6 2 12 32 30 -2 -23 -59 66 49 53 
