62 76 86 26 83 26 68 68 26 45 17 81 68 42 44 23 75 93 10 74 94 37 1 65 24 45 30 96 90 17 2 34 80 29 64 30 44 50 55 77 53 66 58 94 52 95 90 6 97 6 62 77 66 15 22 69 85 96 92 69 3 99 79 84 56 37 14 72 84 
12 38 44 39 90 7 5 76 97 62 57 3 95 79 23 52 96 44 17 60 53 35 60 44 28 19 43 26 19 85 10 71 65 46 32 7 19 26 66 8 17 85 51 9 70 13 76 50 48 86 99 67 70 68 54 87 56 65 2 67 66 19 64 96 34 57 33 51 4 
77 84 31 35 39 18 30 24 11 64 7 50 86 8 15 95 61 91 50 49 62 49 20 34 75 31 12 90 9 61 99 60 33 57 77 34 47 11 21 25 57 10 59 34 55 67 84 81 34 88 14 94 67 60 98 51 81 9 20 73 23 46 96 55 64 36 66 86 69 
63 83 47 48 6 98 73 82 47 45 44 86 94 26 66 38 47 48 11 43 10 17 6 13 1 72 90 79 17 12 22 66 21 32 13 71 21 76 41 19 86 53 74 6 2 25 53 16 64 41 64 16 40 77 46 33 28 92 70 73 96 47 72 25 8 92 12 74 25 
9 38 50 35 71 75 23 52 65 36 31 87 67 49 55 26 39 4 68 91 84 20 73 32 19 99 58 77 37 67 1 82 51 77 40 57 21 1 4 1 57 68 13 59 78 5 98 54 5 39 42 93 15 64 33 9 59 63 82 41 58 77 13 96 12 66 79 29 61 
82 82 2 99 41 9 70 64 51 18 21 84 68 7 4 20 100 17 88 100 5 44 74 71 18 59 24 11 76 26 20 9 83 60 64 26 17 25 59 64 94 13 78 87 34 13 0 50 15 82 16 41 53 1 30 40 59 60 74 6 90 61 66 62 40 35 2 49 54 
7 83 64 2 82 30 83 62 26 59 43 92 86 70 36 82 95 5 13 34 81 89 75 2 91 39 94 54 39 62 17 43 73 97 9 30 34 27 27 34 94 46 94 93 31 84 26 95 69 94 10 47 3 72 59 5 72 19 62 92 71 55 22 9 6 53 51 74 47 
9 7 55 36 23 29 51 11 93 26 48 71 60 63 95 79 87 64 19 24 23 48 62 31 37 21 65 21 18 89 63 39 22 88 20 27 75 39 12 35 38 45 0 88 12 49 62 33 5 42 36 1 5 24 54 37 65 19 64 99 13 65 8 7 84 0 58 85 5 
79 88 98 91 24 51 90 66 94 9 80 84 67 63 43 48 34 79 36 93 19 68 62 29 41 7 35 55 9 44 63 5 62 42 0 99 75 57 28 15 95 39 91 64 95 75 21 83 5 99 86 2 4 93 25 7 58 53 1 2 71 79 59 42 54 64 19 8 23 
81 71 38 49 90 15 10 42 51 99 79 12 15 2 5 59 98 23 93 23 76 100 65 33 46 70 82 80 26 27 96 53 25 84 20 87 53 89 40 87 63 62 93 47 15 62 94 96 70 50 99 63 34 26 41 98 34 12 83 39 57 41 79 29 56 11 14 71 45 
76 67 83 11 49 94 37 87 85 79 9 20 26 19 38 27 0 92 43 35 39 16 89 27 51 85 100 90 31 56 65 38 71 63 29 37 91 30 0 15 35 83 13 73 14 5 54 67 25 32 43 89 19 98 22 16 62 70 100 20 79 59 20 35 16 96 59 99 16 
61 58 58 9 73 15 3 22 78 63 21 47 86 69 90 77 14 50 55 47 57 60 61 93 4 3 57 78 80 100 77 36 7 72 45 5 9 93 86 70 24 78 8 27 43 79 2 36 22 37 83 18 34 8 31 44 74 40 12 36 23 23 57 68 94 40 32 72 0 
60 8 49 86 45 38 81 97 13 39 83 12 74 91 93 60 66 74 39 43 5 51 88 66 64 80 80 82 65 66 16 29 37 4 30 58 44 45 46 19 21 35 51 85 22 19 49 4 39 84 96 24 63 15 38 79 84 84 76 4 91 54 65 33 57 9 46 73 14 
88 56 39 26 26 45 87 49 35 36 90 25 7 28 26 31 53 31 34 10 74 97 78 20 83 36 79 92 8 72 97 40 17 26 35 22 99 34 14 94 61 37 95 61 73 25 77 54 45 54 83 18 100 27 56 35 83 11 92 18 36 16 93 44 78 30 59 61 24 
30 34 61 30 21 18 83 62 71 87 55 23 56 61 64 6 70 89 83 42 82 19 0 55 32 29 82 65 69 34 25 59 61 26 79 60 82 39 41 95 20 47 19 24 28 5 77 52 54 71 100 50 39 76 69 31 21 56 90 5 45 30 28 76 100 42 31 41 90 
32 91 15 85 87 49 34 64 14 27 69 94 93 26 86 20 17 22 26 97 0 11 96 76 40 22 24 81 0 81 90 8 15 56 0 74 11 79 31 22 39 9 33 17 47 61 30 25 87 28 66 27 5 91 72 63 36 52 59 44 70 79 37 7 49 41 68 67 69 
30 62 35 62 92 78 12 100 17 95 47 43 15 44 67 34 100 35 79 15 1 25 33 88 63 2 54 60 75 77 52 48 72 25 46 58 87 5 96 62 83 27 80 86 73 64 10 65 25 100 5 91 99 10 60 68 45 89 95 21 24 35 48 9 24 74 76 55 81 
38 99 75 82 91 52 45 25 69 66 47 2 52 90 6 74 17 69 38 58 27 16 63 27 38 46 11 21 42 2 57 9 95 85 2 45 45 41 5 32 38 67 55 56 65 63 38 87 65 82 61 28 79 17 40 6 28 10 34 88 20 71 72 42 33 61 72 17 28 
61 26 67 91 22 27 64 53 96 79 85 43 31 28 99 85 65 67 23 2 63 89 99 23 7 43 17 81 16 13 2 71 64 58 43 33 79 48 52 34 57 23 95 63 54 22 59 68 55 43 79 31 67 41 53 59 73 20 44 24 43 13 90 22 21 87 66 64 7 
17 27 10 80 41 10 52 53 39 15 63 89 63 31 81 48 32 88 58 85 67 8 4 30 52 98 11 41 33 71 40 38 42 50 67 35 24 1 45 83 88 50 86 2 78 93 50 79 73 100 81 41 1 63 77 80 84 13 21 8 62 53 71 16 68 86 37 52 10 
72 92 83 100 82 66 76 58 79 73 56 82 59 83 82 72 79 99 37 33 51 33 83 37 17 9 100 100 21 97 7 77 97 36 51 54 23 1 48 36 32 75 41 92 28 32 46 72 20 56 43 30 33 40 64 58 75 63 84 13 69 26 30 42 37 81 11 27 61 
77 96 2 93 65 93 22 60 100 28 39 7 61 82 32 36 84 37 91 74 85 95 98 73 100 77 56 9 97 89 88 12 35 35 50 78 43 35 67 7 33 44 77 3 55 22 70 32 57 83 3 23 38 90 84 84 3 80 35 22 11 4 67 4 81 36 22 26 55 
45 37 99 42 89 47 54 44 9 67 68 63 85 58 59 100 26 54 99 8 64 42 76 4 100 77 76 43 77 42 91 81 76 29 7 14 6 56 83 62 44 18 66 22 41 67 35 93 86 16 76 10 99 71 59 71 93 20 32 83 30 41 76 12 5 85 82 42 10 
49 97 14 13 6 6 64 63 78 97 96 18 11 90 90 33 78 76 0 27 10 64 23 9 92 32 82 72 54 70 84 55 100 17 99 73 19 95 34 47 86 69 36 11 34 98 58 42 52 20 40 35 73 50 39 60 69 0 88 79 42 54 57 53 20 80 38 47 56 
49 42 16 84 80 2 77 61 36 18 37 24 66 45 92 95 41 72 16 51 9 17 47 58 71 6 76 54 29 93 61 71 48 77 51 20 12 24 71 94 66 8 24 66 42 3 31 26 88 74 33 6 3 70 18 1 38 29 48 13 98 1 59 63 86 69 100 84 31 
19 50 59 0 90 80 43 90 48 33 5 90 38 98 38 77 63 74 54 14 11 74 78 85 91 14 80 6 85 39 19 38 77 44 45 2 4 86 36 94 26 72 27 63 57 90 37 60 12 1 80 98 56 21 26 3 69 6 65 68 63 73 28 57 92 100 40 76 28 
35 82 36 28 98 93 3 73 52 34 91 48 60 73 93 65 72 68 18 48 58 13 75 42 76 40 34 86 64 22 93 95 23 100 93 14 100 31 26 19 29 29 18 33 6 89 41 26 3 58 67 84 42 56 53 25 65 85 70 77 88 99 15 73 84 90 93 96 72 
91 24 74 98 30 51 87 2 93 49 11 95 40 82 67 0 45 43 27 46 10 2 62 53 77 22 54 22 46 24 81 84 51 33 57 25 80 66 52 22 50 72 18 93 100 45 77 60 83 30 86 1 63 74 60 88 25 7 83 64 98 65 98 48 92 56 26 59 85 
97 14 80 82 34 24 21 82 77 14 35 61 19 95 12 21 11 7 88 3 64 63 94 0 33 73 34 90 56 1 76 44 95 51 68 100 88 1 2 100 33 30 96 43 25 14 1 62 28 28 52 69 68 68 49 96 22 77 54 28 5 16 52 53 29 61 97 54 30 
64 93 7 25 74 71 63 65 9 65 87 5 51 13 58 2 51 69 14 39 95 70 12 14 66 41 96 4 24 71 35 4 41 35 6 16 22 92 18 31 66 98 3 59 52 17 5 58 15 17 90 22 2 16 25 8 43 25 33 81 9 98 5 7 80 97 77 63 94 
20 22 97 98 96 64 38 65 100 63 41 12 20 78 96 71 21 23 71 3 29 26 76 13 41 72 12 57 55 15 42 23 46 57 55 4 61 17 49 96 5 37 67 9 48 85 28 82 61 67 66 79 66 88 11 55 49 52 24 13 20 1 44 31 47 44 31 43 70 
81 9 41 58 43 0 84 46 99 12 28 34 43 89 65 53 99 22 8 84 32 55 11 82 19 21 2 93 46 80 94 27 54 17 52 61 0 8 75 6 22 59 52 16 76 44 47 21 90 3 98 51 55 97 88 83 54 81 7 47 32 90 90 63 36 62 63 56 29 
30 8 23 43 23 56 37 90 77 15 33 31 86 57 19 32 15 80 88 24 85 49 99 36 48 71 37 68 3 52 0 68 50 86 77 6 65 52 95 54 33 11 32 58 68 34 47 100 1 80 13 23 53 54 90 45 60 88 73 99 83 20 16 7 84 9 53 92 25 
35 74 94 81 34 75 83 62 40 3 88 35 85 80 70 8 90 33 77 13 76 12 7 55 89 57 33 73 29 45 17 94 60 90 58 27 94 34 71 99 39 2 47 20 29 14 51 87 57 33 23 67 30 13 59 37 81 49 70 77 94 1 86 71 56 42 71 22 78 
25 66 33 89 85 96 26 60 3 97 31 84 87 71 30 44 77 68 37 6 80 88 34 28 91 95 82 38 55 66 98 19 8 43 61 70 59 21 84 73 66 88 11 12 14 48 60 34 43 74 84 80 77 14 47 79 100 82 56 92 30 67 37 80 85 32 64 24 2 
46 51 8 73 35 75 85 98 92 27 55 90 85 42 90 90 99 3 11 5 57 30 89 64 45 27 39 56 20 82 22 49 46 25 23 29 8 11 12 21 49 79 64 90 10 56 38 18 80 59 21 44 9 84 100 16 0 68 8 81 95 91 7 2 72 6 0 98 69 
20 69 53 90 5 77 55 6 97 78 39 47 24 35 65 33 78 7 84 19 9 67 13 73 9 77 58 81 25 17 0 42 98 98 86 38 98 13 79 60 47 82 3 65 48 15 5 98 7 63 5 44 89 30 6 45 68 23 86 25 69 95 19 66 82 14 7 87 3 
67 47 67 95 31 9 12 26 12 21 23 79 26 67 30 81 46 61 29 42 50 59 24 7 92 70 6 46 77 69 64 7 79 85 14 99 34 80 47 49 52 90 83 16 80 80 19 4 9 83 22 55 18 77 48 63 57 93 70 93 60 76 86 8 88 45 50 77 20 
10 19 12 13 29 4 3 81 44 9 56 38 16 83 79 29 10 23 77 88 97 60 12 49 16 13 14 70 7 20 44 44 67 19 19 3 95 0 99 54 45 73 49 78 61 46 69 10 93 6 12 43 33 59 73 13 62 20 15 41 55 88 51 31 57 40 9 91 60 
66 59 99 95 90 94 82 83 99 80 73 29 91 85 67 69 68 0 98 95 74 49 69 37 97 49 64 16 76 59 38 33 6 83 65 84 100 2 38 88 55 54 56 36 0 88 36 99 14 75 18 51 57 27 31 61 49 20 15 67 69 17 64 92 70 71 38 60 48 
84 1 45 37 4 72 31 31 75 86 2 98 31 0 82 66 97 37 71 60 31 60 57 29 8 7 70 74 89 4 57 61 33 95 61 34 35 93 16 95 44 48 35 7 18 18 2 7 94 81 18 59 35 7 52 55 85 92 77 82 35 58 83 88 1 29 46 76 18 
27 96 71 4 39 87 67 31 33 6 81 50 17 4 54 32 100 21 30 6 21 53 25 30 100 6 93 94 43 52 61 82 47 26 26 72 78 64 67 2 52 18 58 87 66 10 17 89 25 65 89 96 9 48 89 55 76 94 2 31 51 94 0 88 93 9 15 42 20 
10 46 12 52 40 83 69 32 55 92 2 83 65 11 25 17 28 35 94 89 8 23 83 35 81 59 11 93 58 29 53 80 77 41 74 10 79 63 70 2 30 82 40 29 29 50 30 72 50 28 32 50 90 22 79 92 51 38 78 31 11 50 93 8 19 66 32 58 74 
91 38 8 85 0 78 3 47 94 27 66 81 21 50 81 16 7 29 16 10 65 55 91 87 30 13 21 78 46 58 40 98 82 57 96 83 17 90 87 63 29 50 33 6 49 14 98 39 60 50 87 68 2 98 44 33 74 28 56 35 95 56 48 85 53 87 4 92 70 
14 67 43 4 21 72 23 7 83 25 8 24 17 21 51 83 33 22 84 3 76 99 85 64 53 92 32 9 16 16 85 80 98 55 0 69 97 47 29 53 78 7 0 34 48 37 52 7 75 37 16 76 55 64 12 53 84 78 38 91 37 57 40 85 89 65 31 7 1 
22 65 64 63 60 8 89 66 69 20 85 55 11 36 59 73 40 70 0 99 50 66 64 44 85 93 10 44 83 93 76 12 2 44 25 1 94 22 37 62 93 4 54 41 79 32 78 97 27 69 100 72 54 62 39 52 0 31 99 42 30 9 85 29 35 14 58 8 60 
33 47 60 5 81 27 98 97 25 55 12 79 5 95 41 68 46 27 14 43 62 78 38 32 7 42 52 51 25 48 17 58 85 36 47 37 60 73 73 55 8 3 62 94 59 99 95 56 3 45 64 1 81 49 79 42 23 77 95 7 33 75 80 62 64 59 68 62 66 
74 2 60 48 94 77 56 27 65 63 85 84 89 25 16 90 46 45 79 1 46 39 42 74 92 19 6 4 18 78 93 14 12 59 32 97 35 12 78 19 4 77 75 51 95 84 49 28 73 98 42 2 9 99 25 82 92 1 14 9 71 41 25 6 14 90 79 52 93 
77 7 91 67 97 3 98 29 97 40 43 46 24 52 16 40 74 63 20 21 83 10 87 33 39 39 54 1 35 59 61 41 24 18 46 9 75 98 72 62 96 26 99 3 78 91 95 42 46 22 71 94 23 61 38 91 48 29 92 23 43 92 47 31 61 99 26 42 25 
51 25 83 70 6 47 41 68 100 35 4 4 8 65 71 34 42 57 4 32 67 97 31 18 76 89 38 50 69 5 0 17 65 81 86 44 24 49 51 5 94 49 39 15 52 85 85 83 35 5 27 79 31 17 5 37 97 80 9 13 75 2 40 26 68 51 52 78 4 
94 60 83 91 85 59 76 80 92 55 77 27 29 21 23 42 63 29 91 90 14 19 29 4 74 71 76 53 80 29 68 63 1 95 57 89 53 50 59 29 5 84 16 49 14 14 35 11 73 100 7 32 87 43 9 29 81 7 15 8 18 47 33 88 54 0 79 6 94 
10 40 73 8 5 18 0 7 44 54 84 43 65 59 33 60 83 78 76 48 45 0 69 63 52 65 62 79 76 99 55 55 57 57 47 34 66 66 7 21 78 15 98 18 51 93 75 19 57 64 4 27 86 48 61 19 1 32 57 89 15 47 41 5 44 93 89 83 73 
17 29 40 12 65 73 16 74 43 77 16 36 56 81 68 89 73 9 40 0 9 60 75 81 61 37 72 88 21 11 49 67 5 4 97 15 76 50 12 68 69 82 38 47 41 47 27 19 68 67 17 3 7 17 26 81 29 22 26 18 42 66 87 81 83 21 65 30 2 
33 100 62 76 15 91 15 94 48 81 23 43 14 30 13 52 1 29 75 39 73 69 32 32 92 34 70 83 73 83 58 21 26 81 79 62 27 59 37 2 97 55 64 49 45 74 48 41 86 57 37 87 32 76 11 63 52 49 91 43 8 90 73 22 20 96 88 37 7 
62 13 23 95 4 63 72 14 78 26 76 58 23 41 100 13 11 3 21 20 83 8 73 48 88 38 95 94 94 11 29 45 75 49 1 98 45 65 93 53 65 88 77 10 27 97 19 86 92 61 59 70 73 58 58 24 100 95 92 41 38 56 76 64 1 70 57 100 46 
87 52 37 49 57 49 40 95 33 70 25 31 24 60 27 95 34 19 20 32 18 0 44 0 54 33 6 45 32 99 41 41 67 67 89 58 50 22 23 58 71 74 23 90 88 5 50 47 89 92 30 74 12 55 50 54 98 76 15 39 49 67 25 27 11 30 18 41 48 
78 89 86 32 17 88 96 92 51 55 81 84 1 14 55 42 23 49 28 0 14 94 36 96 15 30 23 33 10 44 88 89 20 83 99 41 34 63 12 39 43 85 82 9 0 99 13 85 32 27 93 39 78 85 7 1 41 3 21 8 12 28 22 19 0 80 60 59 96 
39 6 46 63 70 21 69 8 65 30 13 89 74 87 7 96 50 6 0 30 63 51 10 95 87 93 33 29 83 62 42 67 75 85 74 57 71 14 2 45 30 81 78 2 48 90 90 94 86 38 60 41 68 28 45 11 78 42 5 80 53 50 20 98 58 54 13 74 77 
9 36 65 25 28 39 42 90 15 38 56 81 35 15 10 46 97 89 83 44 22 41 32 90 6 65 15 47 76 49 40 73 10 62 55 46 8 9 63 48 31 32 91 98 25 39 52 78 2 9 65 36 53 89 96 78 11 25 2 51 38 33 35 59 9 20 44 29 45 
82 66 57 92 95 59 21 60 4 51 61 95 61 11 89 26 1 84 51 47 34 43 20 5 32 96 59 54 2 2 43 79 7 38 6 97 49 32 69 50 18 8 72 63 41 73 11 27 62 35 20 93 98 52 55 91 10 71 77 49 40 84 15 66 66 42 59 8 90 
84 49 0 72 12 23 25 97 87 52 0 57 66 24 50 5 78 75 79 31 12 80 89 22 66 14 49 1 28 4 12 13 2 65 25 81 20 1 21 30 46 31 48 53 16 76 20 26 66 38 67 72 32 76 80 13 25 52 100 0 9 81 98 54 46 20 73 70 81 
54 69 85 90 76 5 17 15 77 91 96 64 69 3 8 48 51 77 12 98 94 73 83 90 45 41 25 77 54 65 53 5 26 53 37 17 3 80 13 55 98 53 30 55 33 99 84 98 0 37 58 51 26 89 25 63 48 59 87 23 100 48 31 99 74 13 36 81 31 
6 29 63 49 19 33 60 55 31 65 19 44 78 42 76 97 23 65 94 0 0 30 85 31 53 70 5 98 100 36 73 26 38 29 58 84 51 70 54 88 48 3 25 57 43 75 72 61 77 68 0 4 43 91 84 11 72 27 8 32 18 47 6 35 37 78 66 47 51 
52 99 24 55 76 47 39 70 80 31 97 34 47 41 75 18 92 87 96 70 98 50 27 24 16 5 14 6 92 0 38 86 16 13 52 79 13 12 26 89 100 34 31 75 75 1 22 9 4 46 56 9 42 75 56 64 9 32 77 40 68 45 97 27 12 34 50 39 90 
53 92 83 19 54 68 55 76 58 12 11 7 76 44 40 26 37 80 81 37 83 74 43 99 7 87 58 48 1 20 16 46 86 95 97 23 2 69 55 26 46 19 14 88 98 6 35 57 25 22 100 71 42 38 66 55 10 29 79 29 72 52 51 32 71 87 8 65 30 
85 8 27 25 75 26 53 6 66 0 97 96 1 15 54 59 54 42 34 82 16 45 12 24 17 39 11 28 87 13 25 93 75 23 31 42 31 41 27 89 2 62 42 37 73 58 65 51 92 90 74 65 59 77 68 53 69 93 55 71 91 31 47 61 45 37 83 86 86 
8 82 70 35 88 82 10 96 84 77 69 83 2 53 26 34 77 17 43 93 57 88 51 98 47 37 19 35 86 92 33 9 82 4 39 8 73 82 34 30 3 72 70 29 6 87 86 47 12 57 4 29 88 27 84 58 9 87 15 74 97 95 77 12 98 26 42 72 21 
67 65 16 76 63 48 54 24 23 59 86 39 50 59 57 82 72 18 93 26 17 33 93 69 30 2 95 30 49 54 98 36 24 37 2 87 29 11 89 7 93 87 21 60 24 9 47 46 55 81 44 48 31 50 4 72 50 47 14 63 12 92 21 70 67 29 70 63 36 
53 17 51 27 61 8 66 16 84 14 54 16 74 96 66 66 92 53 33 3 31 90 82 46 91 96 26 65 6 25 75 98 79 75 64 84 25 20 20 84 90 10 66 57 17 41 49 43 34 13 3 99 15 98 84 27 94 47 32 88 37 61 55 87 94 34 11 100 12 
