43 72 55 49 25 45 80 52 85 62 58 61 78 74 9 92 57 17 64 56 44 26 88 89 39 42 69 44 71 69 61 42 36 74 10 19 4 84 29 45 74 4 6 21 48 15 68 31 16 64 35 57 75 75 75 22 32 65 88 93 71 70 46 61 71 91 8 25 34 100 4 
59 20 29 20 28 64 54 66 24 88 37 58 57 82 99 62 39 74 5 41 70 40 59 36 25 93 74 37 21 21 85 52 14 70 74 36 28 29 30 3 75 28 17 47 36 75 35 34 63 92 76 88 2 14 87 7 34 20 91 64 80 52 36 27 40 69 88 28 29 47 40 
54 20 23 93 66 44 29 91 37 17 18 44 5 86 92 78 39 61 69 4 63 48 3 13 2 50 21 12 91 38 95 15 30 45 6 26 55 91 11 5 10 74 21 31 4 70 27 11 100 91 31 94 89 96 30 26 22 52 63 73 53 3 51 52 54 71 70 9 97 61 29 
63 91 91 98 70 31 31 44 15 68 58 82 78 12 74 32 44 48 76 67 65 2 57 91 92 85 72 88 55 45 21 5 5 67 36 82 25 25 99 43 8 4 84 77 16 38 65 61 90 43 97 29 48 61 19 85 62 22 91 39 67 26 57 66 87 60 91 53 74 27 37 
79 95 65 66 21 31 76 93 76 2 49 17 72 50 83 81 46 17 67 60 63 21 22 19 78 46 62 29 17 21 3 88 61 29 47 76 66 57 73 8 69 80 68 91 95 72 4 12 34 45 52 93 40 84 45 66 40 84 62 38 64 50 72 3 6 22 41 96 17 30 72 
77 77 39 33 16 90 59 45 6 90 62 37 73 54 74 47 96 35 53 41 83 36 45 11 2 72 35 39 42 77 89 9 84 20 13 19 98 38 76 1 6 38 6 15 30 64 47 65 19 77 88 22 86 81 42 55 19 18 94 50 45 92 39 48 13 86 90 3 31 5 90 
49 94 30 61 91 51 62 21 68 73 36 11 93 57 4 20 79 20 43 53 56 19 68 29 17 52 89 63 40 9 92 20 21 7 34 77 87 71 28 9 90 73 58 85 77 25 75 83 55 51 85 50 41 49 82 59 72 37 7 100 27 92 18 99 14 75 22 26 50 42 11 
9 4 52 58 13 51 78 92 67 33 52 32 1 75 32 62 56 41 66 49 82 66 72 37 9 44 14 6 7 65 90 50 65 80 64 82 98 55 38 98 99 99 32 37 12 71 47 3 72 67 78 2 72 89 17 20 57 86 62 36 32 38 83 14 90 36 38 21 53 49 95 
21 6 70 6 46 47 21 85 89 20 87 87 92 37 81 37 39 54 16 37 50 20 78 21 42 31 15 97 0 7 89 21 7 32 38 6 89 53 66 70 75 90 91 36 86 12 41 39 13 39 100 49 42 29 15 9 1 45 0 37 71 55 0 41 81 38 20 53 8 89 50 
48 50 74 59 23 33 8 3 65 1 19 31 83 59 37 0 85 35 95 92 75 49 42 97 10 29 96 60 80 57 55 74 58 50 10 8 57 81 75 85 58 56 44 10 88 69 82 92 97 44 45 69 23 26 95 24 22 31 4 48 50 11 94 88 92 93 89 79 2 55 87 
33 66 98 30 38 91 81 63 91 18 56 11 5 90 9 32 59 59 36 75 28 25 47 20 8 18 95 16 18 64 10 48 74 60 81 19 2 83 76 71 41 67 36 28 60 28 76 40 55 2 71 71 12 58 59 71 6 62 87 36 1 30 16 84 69 87 94 81 12 67 73 
1 4 44 64 65 47 9 34 50 53 69 97 40 74 82 72 54 59 51 8 89 24 66 12 94 16 41 85 4 36 96 6 92 47 21 3 53 31 50 41 85 56 5 19 55 99 60 61 47 6 95 37 43 29 13 52 17 72 18 88 68 29 99 4 17 61 93 57 75 43 68 
53 43 21 51 31 51 66 17 57 83 90 33 18 64 33 0 74 50 76 29 70 15 94 82 78 84 33 68 32 26 69 86 10 40 57 71 68 12 29 67 61 100 15 87 91 67 76 92 0 7 39 22 34 96 60 21 21 63 30 56 69 76 28 80 16 25 45 16 84 87 8 
51 15 88 80 29 11 51 21 7 23 88 13 28 22 17 49 20 43 90 26 9 34 87 6 75 57 5 63 96 94 71 52 88 82 80 66 72 22 34 14 29 53 22 100 22 89 75 1 57 92 22 33 52 85 38 77 99 16 71 79 14 55 97 57 76 45 20 24 41 82 87 
38 22 28 68 71 69 42 25 16 81 54 80 60 11 41 59 8 33 5 30 53 34 18 62 1 3 38 67 40 53 96 25 85 16 100 87 83 23 0 7 44 51 97 15 58 72 59 16 0 38 96 7 80 18 85 69 36 58 45 58 33 16 91 7 98 12 88 85 97 16 39 
17 60 56 39 43 50 10 61 1 9 82 37 14 99 66 9 86 84 23 56 13 1 39 43 70 13 21 10 53 20 35 65 76 25 55 29 37 65 74 80 21 27 94 74 100 91 75 82 27 49 8 68 89 31 73 78 24 31 36 8 83 52 97 9 19 87 6 36 4 32 51 
10 1 46 14 3 64 100 10 1 83 59 76 75 38 75 91 16 97 40 88 40 92 27 25 30 81 66 20 15 18 18 33 24 59 79 22 55 81 40 21 99 13 0 99 6 49 98 96 63 81 87 44 49 69 16 55 69 16 21 100 42 80 44 17 23 33 3 17 8 87 49 
67 17 12 22 49 75 71 1 75 84 80 31 50 11 30 51 28 25 19 27 62 84 60 73 38 34 65 89 100 9 87 93 86 68 20 74 84 28 24 80 70 9 63 54 37 7 34 85 66 48 27 22 6 49 64 15 59 43 61 74 66 34 58 14 61 43 49 86 72 10 89 
88 25 3 38 53 44 57 99 93 78 43 48 69 7 17 20 49 88 76 65 51 62 75 95 56 87 38 51 62 75 67 55 33 20 65 31 58 2 22 33 73 20 7 0 30 25 7 26 93 11 47 94 70 12 91 83 73 26 72 6 22 1 28 19 67 18 7 95 99 34 26 
32 51 93 13 28 58 95 70 85 59 93 84 20 90 3 72 83 25 75 78 56 46 89 26 2 92 74 92 75 63 11 4 24 32 19 5 12 60 24 10 94 1 6 79 68 96 29 76 53 17 73 21 9 3 63 6 21 58 58 23 17 34 97 51 72 20 35 1 47 9 96 
1 34 92 12 87 3 9 3 7 29 47 42 14 20 24 12 72 93 82 24 95 51 49 12 10 37 40 29 55 34 97 88 55 64 60 67 52 51 30 50 52 100 73 0 39 93 68 92 73 97 29 68 21 67 96 30 42 74 56 39 56 99 41 59 75 5 27 75 15 25 24 
64 85 92 81 15 45 66 24 32 6 80 13 19 52 1 30 20 83 4 35 63 11 26 63 34 8 65 83 75 63 52 94 65 65 84 36 69 88 95 33 30 39 61 62 32 61 34 23 81 6 65 31 37 90 99 10 57 7 21 64 46 45 91 17 36 20 7 15 8 48 58 
62 75 9 68 25 77 83 26 0 10 10 12 55 34 91 96 4 30 50 17 36 68 0 68 97 74 93 11 25 45 63 78 4 2 67 23 49 94 91 25 53 37 68 82 78 59 16 84 22 26 91 0 32 22 76 77 33 72 21 14 40 34 79 50 43 72 99 75 89 15 19 
83 85 61 34 8 96 17 18 61 58 100 63 3 94 90 16 62 5 80 5 34 5 96 83 6 55 92 8 68 64 49 47 38 80 85 81 71 83 77 7 33 55 40 91 13 100 58 45 26 72 53 27 69 58 37 74 48 95 73 93 41 22 46 91 32 26 56 17 77 8 71 
14 61 55 14 70 62 7 79 30 92 0 1 24 50 51 11 96 59 59 95 1 86 75 43 84 31 40 67 17 14 8 58 10 44 10 40 47 47 22 59 56 10 26 55 50 67 18 86 86 42 66 21 80 32 33 28 18 22 61 19 8 13 11 10 17 78 7 0 97 45 5 
89 7 51 2 62 44 8 17 57 43 88 19 50 56 65 87 59 49 69 93 5 44 66 38 83 49 15 16 43 74 42 14 43 89 31 94 53 61 40 68 63 83 63 80 24 84 54 38 30 90 28 97 67 85 54 30 96 37 21 84 6 6 82 44 12 61 4 44 28 81 82 
52 36 5 76 15 65 10 70 23 84 83 41 25 18 46 87 93 84 0 44 100 67 40 87 48 66 94 93 28 72 42 76 65 56 45 89 60 76 16 92 37 53 10 37 54 31 83 78 17 90 88 19 59 25 68 47 41 49 26 37 34 57 29 42 93 58 9 34 68 22 92 
39 6 3 61 2 77 83 74 91 67 54 30 67 39 74 23 96 59 28 40 19 40 65 30 90 7 70 48 9 51 74 76 59 83 17 18 56 73 98 24 73 83 31 18 26 78 80 68 90 49 37 72 39 81 14 50 92 71 57 62 23 97 26 85 87 18 90 68 71 7 81 
8 6 65 88 58 52 73 64 6 4 6 0 87 79 98 99 18 85 22 81 100 49 50 8 85 14 90 8 8 58 16 6 44 60 13 65 49 74 13 0 6 96 98 59 78 64 61 14 27 41 79 32 16 57 88 97 29 2 15 64 83 58 45 0 3 43 11 1 89 47 84 
81 48 97 25 95 2 65 96 74 65 17 82 93 53 95 20 24 61 45 49 30 79 74 7 89 9 36 21 93 46 76 68 50 33 64 32 92 79 26 37 94 92 11 10 29 88 4 93 52 99 80 42 84 87 50 100 76 63 61 49 39 31 47 15 58 87 30 62 2 0 76 
80 99 29 89 54 88 33 73 58 53 78 94 98 33 49 21 29 89 15 30 50 79 89 71 56 15 6 70 53 27 31 45 18 99 36 40 6 96 9 51 28 44 45 80 45 97 31 84 41 16 18 80 51 22 96 16 5 72 21 99 19 50 84 26 3 82 58 80 64 50 27 
89 7 32 37 40 37 17 42 86 56 3 2 10 57 85 1 77 38 72 28 42 70 4 65 2 41 58 38 49 23 64 49 96 17 74 43 21 63 82 52 54 30 48 35 9 95 32 57 91 32 92 48 34 1 40 92 75 82 56 56 67 93 93 57 16 29 87 53 92 43 80 
87 0 0 33 99 35 69 63 38 86 87 5 86 71 25 56 10 80 59 83 74 31 53 75 73 47 65 35 46 51 43 24 69 32 67 17 64 65 5 68 55 72 84 17 95 74 74 29 97 75 80 24 80 85 73 61 61 94 93 39 33 87 48 21 46 69 63 26 74 50 74 
27 75 85 4 7 44 63 61 57 34 0 51 53 40 12 98 83 11 74 27 34 5 35 66 43 46 33 23 80 66 20 1 22 60 27 86 12 56 41 16 96 16 40 24 30 15 71 13 4 78 68 17 41 61 81 75 85 66 44 22 50 100 80 40 42 39 76 84 97 50 7 
13 25 97 86 46 22 49 71 10 57 27 22 1 85 80 44 40 64 85 21 33 88 58 65 35 80 38 22 86 23 99 77 82 71 97 43 83 69 53 57 12 63 24 34 46 53 10 34 58 25 77 82 16 67 100 30 21 46 18 77 55 20 78 18 41 60 72 17 15 25 98 
51 5 87 4 22 65 92 2 87 54 49 0 62 87 77 35 49 20 41 8 92 58 95 70 29 1 23 3 52 32 45 41 53 74 78 89 13 35 78 11 5 22 25 66 64 34 23 27 42 84 22 93 91 75 94 22 14 97 5 8 11 34 63 64 78 45 38 12 0 0 68 
67 69 76 13 95 45 48 29 59 94 77 24 55 18 13 27 50 56 49 13 82 90 24 35 12 11 3 86 31 84 32 26 76 18 12 48 93 62 21 87 87 72 79 8 0 38 8 19 38 50 3 89 75 53 47 100 59 53 32 76 46 59 37 74 82 54 3 70 59 25 31 
90 10 31 36 62 2 93 85 33 48 33 15 14 32 49 27 47 86 69 31 20 78 66 100 43 0 18 24 6 82 46 75 36 6 1 1 96 29 27 38 77 99 52 33 4 0 44 64 23 56 65 37 52 32 45 13 48 88 82 95 49 18 79 1 78 20 94 68 97 44 95 
32 37 7 39 58 90 42 45 36 3 12 22 22 9 71 62 69 88 36 72 47 57 44 26 79 20 76 66 93 87 17 7 77 36 90 77 0 71 27 26 79 18 57 12 57 99 1 79 54 47 59 66 85 40 84 88 75 76 73 30 64 6 84 52 82 46 65 91 92 80 62 
47 57 45 3 6 96 47 37 51 78 18 12 22 38 59 19 86 79 88 99 55 73 32 29 19 38 42 55 53 22 43 16 75 86 38 62 91 96 56 9 55 67 70 77 59 21 83 0 93 74 33 41 93 17 12 88 83 92 71 73 60 91 89 74 67 78 43 73 99 77 49 
81 0 18 79 10 77 68 87 15 19 63 2 93 42 38 76 84 56 8 46 29 95 38 51 50 93 61 74 10 69 56 95 78 11 34 82 81 21 57 13 92 88 6 13 100 8 21 58 9 60 37 18 97 91 21 50 59 68 31 1 49 14 72 50 88 43 29 86 37 41 25 
27 100 17 68 4 75 37 60 25 6 48 94 25 89 62 95 59 84 72 75 90 50 72 62 77 5 44 60 5 82 22 64 12 51 18 90 17 88 69 16 76 70 34 37 12 33 7 35 97 99 92 47 86 59 11 16 67 13 8 91 24 63 62 11 2 90 70 76 72 73 43 
100 93 35 93 55 16 70 23 11 84 93 8 75 6 92 82 12 37 66 11 4 53 90 87 6 22 16 62 96 29 72 95 24 3 21 9 31 34 0 56 44 78 28 51 45 33 91 65 44 22 67 23 42 90 26 27 80 58 97 87 98 45 48 5 47 74 99 87 48 10 49 
92 51 21 28 83 44 25 37 62 71 99 45 66 81 42 17 13 2 92 69 14 34 57 41 43 17 4 30 11 59 10 3 67 71 73 52 26 49 9 57 56 33 66 74 78 71 63 8 69 69 75 6 28 25 6 26 19 46 100 19 18 67 51 46 32 1 9 97 43 24 91 
91 87 7 63 4 68 37 2 41 46 4 96 38 4 79 100 69 72 27 77 57 14 30 7 81 0 79 25 18 22 40 63 83 84 94 2 90 3 42 8 25 9 75 21 64 83 78 20 64 39 63 82 58 89 38 41 32 13 74 100 33 43 56 55 50 20 54 76 52 32 63 
41 64 53 40 89 65 41 56 70 1 20 90 87 70 61 70 19 55 3 5 39 24 58 3 89 89 28 44 54 56 23 88 6 61 50 50 11 47 83 34 66 1 65 100 100 81 99 28 20 31 18 52 81 66 87 49 54 91 87 0 2 83 98 26 39 74 76 82 63 35 53 
1 35 28 47 2 73 91 72 49 14 3 41 23 89 92 76 70 11 70 75 15 92 13 46 10 69 93 37 51 65 37 56 64 87 2 6 98 52 75 42 39 0 44 9 99 46 84 100 45 37 99 98 87 83 69 41 46 81 57 99 66 35 73 44 99 34 34 99 54 13 100 
52 41 36 81 23 99 72 17 72 16 34 15 11 7 59 52 15 52 57 15 56 73 67 76 66 13 18 41 69 52 44 8 89 94 92 81 48 90 74 98 3 19 61 62 58 60 50 16 72 50 5 27 85 5 19 70 83 67 22 77 87 47 52 81 48 89 57 73 22 35 70 
90 63 25 60 85 1 27 61 11 28 35 6 60 75 63 66 27 44 87 22 40 100 11 78 65 79 94 99 65 20 65 59 37 100 13 20 33 27 62 34 1 27 62 81 74 31 40 12 68 17 16 32 55 22 18 42 91 21 100 1 30 44 96 71 85 77 32 81 64 43 72 
1 19 82 83 72 53 85 15 46 17 18 63 71 21 72 72 43 32 37 85 14 51 22 18 42 97 98 75 28 50 82 56 97 66 69 50 45 12 84 95 91 33 68 23 94 2 46 75 30 95 32 43 18 54 36 24 48 31 96 0 74 52 13 85 64 58 23 62 25 39 75 
81 79 4 68 76 37 74 62 91 60 58 87 56 39 99 33 6 93 7 98 65 3 18 8 56 2 56 60 84 67 21 65 74 33 27 34 18 92 3 57 5 30 81 96 89 41 34 93 76 2 67 16 77 64 30 40 96 96 1 26 78 97 59 80 30 93 41 34 3 96 56 
8 98 27 62 67 88 34 52 27 9 85 88 16 7 7 80 1 67 19 23 43 55 94 42 35 22 15 11 8 35 51 47 88 63 95 92 63 24 50 48 52 81 5 94 44 98 88 92 8 27 65 85 5 48 84 94 73 9 63 1 37 15 98 12 30 79 75 87 20 44 55 
88 56 43 41 38 77 49 57 11 87 5 3 68 49 53 49 12 48 49 54 54 3 47 77 68 29 97 95 10 28 89 83 95 4 0 6 76 29 15 84 86 29 10 98 92 95 19 99 54 61 8 76 12 27 61 12 32 35 92 42 58 42 26 32 22 63 9 68 36 82 55 
50 87 96 70 40 95 99 76 32 25 65 52 35 10 40 59 1 66 46 6 100 86 46 15 44 50 0 18 21 15 37 60 18 56 62 37 68 95 66 39 90 86 81 12 35 80 54 30 71 35 19 7 74 56 57 88 92 24 84 22 18 36 13 85 42 84 40 0 96 37 4 
1 8 68 36 43 63 46 12 38 29 6 6 67 21 90 52 11 30 55 34 82 26 55 75 46 64 68 55 33 75 5 8 23 7 51 58 5 13 71 19 62 56 49 46 22 5 11 48 16 32 17 23 50 82 79 90 11 13 38 16 63 30 71 78 17 73 51 44 89 77 58 
80 82 66 92 1 3 51 80 55 40 9 93 72 38 39 38 67 57 14 85 49 24 34 57 68 9 28 33 59 86 61 53 36 62 52 40 9 5 92 38 50 10 71 44 69 97 55 59 74 19 42 77 93 93 28 38 22 77 92 86 65 14 66 97 13 0 29 16 6 63 64 
56 34 72 7 2 76 45 58 73 77 76 54 1 83 3 52 37 13 35 31 15 60 48 24 65 43 42 70 60 4 43 96 32 15 23 29 14 75 3 14 17 36 81 60 70 74 78 70 49 8 15 80 36 15 70 31 3 2 33 92 87 49 4 100 74 59 30 25 41 19 5 
29 6 27 87 48 85 33 15 83 30 14 46 99 89 44 3 71 0 84 8 29 32 63 90 46 1 23 10 51 11 49 52 96 30 61 67 6 82 68 59 82 91 93 47 67 59 3 83 26 26 30 57 43 41 24 94 89 65 5 0 9 58 28 31 37 17 43 4 92 17 72 
88 39 92 11 63 82 40 69 72 34 61 64 85 36 23 73 70 30 40 64 9 99 16 2 88 58 74 4 34 44 14 9 43 36 98 49 9 24 53 27 100 27 99 56 34 57 44 10 54 57 60 45 76 3 57 59 22 84 66 92 23 4 86 98 25 65 54 33 42 58 98 
82 25 24 66 63 89 40 22 34 68 53 67 17 42 71 49 15 61 45 27 70 69 61 33 50 16 83 10 59 49 71 50 55 58 81 58 74 90 67 50 45 36 61 94 69 31 2 29 31 56 82 96 35 91 24 53 91 70 45 0 24 24 51 58 54 91 49 79 92 92 99 
6 80 10 15 75 6 24 38 74 52 78 40 68 97 39 51 93 30 63 7 39 95 40 60 61 61 74 88 14 12 97 47 54 49 97 54 65 41 46 18 93 14 57 77 24 96 50 3 82 73 50 72 78 25 6 98 74 68 43 72 27 30 33 10 79 16 75 8 83 48 71 
74 45 80 32 89 17 12 70 86 43 50 80 18 16 21 81 4 36 80 89 27 96 100 40 12 29 19 71 28 0 34 22 98 50 97 12 92 14 70 17 69 55 16 33 48 55 65 67 42 100 85 37 48 42 7 0 57 38 24 10 48 65 61 61 67 8 10 38 83 76 12 
62 87 23 24 84 52 93 27 38 47 61 36 28 3 32 91 88 47 8 25 94 5 18 64 3 87 62 28 88 58 26 49 16 14 13 39 49 68 30 78 77 34 51 12 41 51 26 39 28 20 85 50 30 15 90 44 5 63 16 32 78 90 61 12 61 98 21 81 46 64 90 
100 69 8 86 46 71 90 14 54 42 88 41 92 56 58 92 15 27 7 68 70 86 34 71 48 37 34 87 90 8 68 91 36 95 3 36 6 8 89 18 27 72 52 17 38 52 64 4 88 88 88 67 22 31 9 4 18 2 78 85 46 86 14 84 91 23 83 68 53 46 89 
37 29 2 37 23 15 80 79 49 95 46 5 59 29 74 54 39 44 63 91 69 20 73 40 29 86 68 64 4 45 14 32 20 16 16 29 82 7 74 69 91 77 45 86 81 17 12 48 86 36 20 18 68 65 56 85 26 44 13 45 97 80 83 21 69 5 62 67 76 16 34 
30 83 3 21 7 8 37 27 6 97 6 1 64 19 26 58 49 40 66 66 42 15 87 0 43 47 68 59 67 36 7 0 58 87 25 98 85 42 87 85 27 85 10 11 84 34 85 58 8 7 55 83 39 82 66 12 95 79 36 88 39 84 93 62 66 5 67 37 64 36 7 
1 49 46 29 47 90 48 21 76 28 8 34 42 19 56 77 53 35 78 45 58 35 79 88 97 31 61 15 46 51 25 69 52 40 68 78 29 76 3 29 99 39 71 9 91 96 69 56 65 47 41 2 96 35 80 98 95 84 20 66 96 47 45 92 57 34 62 59 4 32 81 
42 44 90 32 37 82 75 94 50 56 1 19 68 41 84 5 91 98 42 50 58 73 71 16 68 12 59 7 94 96 55 46 75 37 71 13 99 52 68 31 10 14 90 93 96 68 25 94 98 89 77 22 48 53 34 90 2 71 26 0 36 92 18 71 55 0 63 8 5 8 77 
4 75 30 30 88 60 86 44 56 81 51 0 51 78 39 12 23 57 20 23 60 15 34 74 14 60 28 64 75 93 52 46 41 21 4 88 12 4 81 0 23 25 13 51 23 31 21 7 89 15 14 47 62 9 71 78 57 56 76 97 16 1 84 52 45 78 98 23 63 56 78 
50 20 55 79 13 42 14 34 43 91 39 41 36 2 46 10 46 12 43 86 6 98 55 68 35 5 10 18 98 5 52 82 85 8 24 93 32 2 69 10 87 94 79 96 87 100 67 24 1 14 98 29 57 5 43 86 48 19 8 69 95 78 42 17 72 89 70 22 9 48 39 
10 36 56 3 87 52 68 4 34 10 40 86 9 36 29 51 36 41 26 45 77 99 37 100 59 33 69 4 39 65 83 40 3 59 74 68 53 40 27 15 64 59 8 41 15 71 49 5 73 25 85 90 80 93 4 2 81 3 3 63 100 71 68 99 48 96 12 77 28 33 70 
