92 169 58 116 41 104 161 91 89 101 88 88 117 147 24 109 81 84 76 67 137 30 134 136 85 107 122 84 80 80 151 114 121 120 13 109 28 165 35 125 96 74 83 34 83 77 97 73 20 69 53 155 109 94 144 29 45 73 110 188 145 160 134 144 147 114 108 103 78 180 88 
125 46 88 106 128 132 85 158 66 149 119 90 156 180 135 137 96 170 47 57 100 93 81 79 125 102 159 117 96 114 151 67 91 78 112 42 99 108 106 10 151 77 27 121 129 107 131 85 78 138 175 132 69 109 168 32 115 83 185 105 177 104 74 105 114 134 132 123 111 57 95 
54 29 75 100 72 125 127 98 93 42 31 54 94 148 112 82 137 153 143 77 86 105 97 27 20 52 108 99 98 72 151 109 33 113 18 98 115 152 60 36 109 121 86 69 68 129 47 16 181 91 122 158 154 182 93 59 72 75 129 158 78 70 96 129 69 145 170 28 152 114 125 
105 145 169 191 135 115 116 70 101 150 95 176 176 94 153 62 108 60 156 119 77 92 85 180 179 98 126 94 82 67 112 58 33 104 74 131 107 98 135 84 76 28 143 98 67 57 90 133 174 78 190 93 107 127 28 179 95 24 173 90 157 76 106 148 120 119 164 94 137 95 129 
84 129 165 153 76 65 76 190 77 78 54 18 89 144 112 107 77 24 160 156 68 37 115 53 125 80 150 110 40 44 100 157 116 99 135 166 136 128 75 55 102 94 146 127 171 86 13 20 130 143 133 171 93 107 95 148 45 130 111 59 159 149 165 25 84 122 119 172 52 47 112 
174 112 133 33 62 186 151 130 100 149 70 79 136 122 164 65 192 39 153 49 91 52 105 54 41 162 131 62 88 93 115 20 146 118 75 21 195 41 136 92 72 126 90 80 33 154 147 92 26 99 88 35 163 156 81 91 48 115 176 67 141 183 43 124 33 115 105 10 69 72 154 
54 190 47 94 150 131 133 55 145 99 75 104 184 73 37 115 94 25 131 109 59 33 167 67 47 107 121 89 102 51 132 52 83 100 51 156 116 87 68 18 115 151 138 127 168 55 144 181 127 71 100 126 128 128 99 67 146 56 24 131 55 154 87 117 30 120 53 39 55 85 70 
26 89 144 62 35 115 166 163 81 79 108 78 28 173 39 97 156 128 156 111 97 151 99 106 90 96 101 105 27 159 99 58 150 177 118 82 103 86 105 172 120 159 40 42 58 151 141 49 170 153 86 79 143 90 41 24 59 91 93 96 89 99 176 61 97 109 46 56 99 138 139 
98 6 117 73 143 55 51 178 106 35 139 107 147 45 115 58 44 122 37 81 106 33 130 86 135 40 21 178 33 72 118 109 39 34 41 27 135 125 123 152 175 170 119 112 169 59 131 102 43 53 139 108 99 128 63 24 2 99 87 88 137 134 73 85 173 86 85 60 11 98 67 
133 54 134 87 47 54 43 47 158 71 87 78 85 153 62 6 92 120 100 160 103 69 138 111 38 129 190 144 120 89 70 107 68 74 86 51 136 153 140 156 145 119 62 54 157 127 173 182 113 104 78 168 104 39 168 103 72 116 39 122 130 50 109 169 187 153 186 102 32 132 87 
46 122 147 93 43 126 125 82 171 78 149 104 57 133 33 36 64 148 44 160 59 32 137 35 24 62 186 86 54 116 32 90 158 148 121 109 2 97 171 143 111 136 85 43 91 46 132 101 125 61 162 146 19 142 79 100 59 145 143 68 86 70 27 160 107 170 163 97 103 71 142 
2 94 101 95 80 128 82 51 75 61 153 146 87 128 102 155 110 120 89 40 139 46 162 28 179 81 138 154 54 47 148 88 124 116 78 83 141 46 77 99 106 111 60 108 56 136 61 153 134 11 128 96 58 70 86 108 44 97 21 147 97 52 197 49 85 153 171 58 80 109 88 
57 107 103 96 91 104 131 74 145 153 182 50 51 67 82 79 116 118 149 86 106 76 184 175 114 163 120 95 52 99 140 164 42 49 76 170 126 63 95 119 76 128 20 92 149 122 155 150 52 53 87 36 121 176 97 64 73 104 121 149 123 140 103 159 94 68 103 19 148 132 77 
72 48 156 158 64 20 84 82 87 74 88 32 75 34 97 88 38 105 143 98 86 123 131 37 144 108 26 77 113 105 161 71 98 181 132 125 128 94 39 42 52 57 76 182 121 140 116 77 154 109 59 56 119 131 124 161 117 84 129 130 85 82 161 82 118 120 52 66 112 178 97 
63 120 38 151 79 82 54 70 84 158 108 134 110 44 62 112 52 76 34 117 96 103 65 99 10 90 65 122 136 57 151 119 177 90 161 149 146 59 21 69 144 108 141 87 123 162 109 75 4 130 104 33 97 21 107 131 113 145 68 86 93 18 106 30 177 90 121 150 162 34 50 
36 67 106 101 83 115 107 93 30 50 111 67 72 134 113 21 145 180 112 89 91 67 104 52 147 38 88 50 59 114 60 93 118 70 64 114 100 145 154 91 60 37 194 105 148 140 123 149 76 121 84 83 176 50 95 175 93 48 127 55 127 93 119 24 62 125 51 107 82 54 138 
31 35 129 71 6 112 137 37 3 177 80 107 120 132 175 107 74 196 118 153 112 191 126 65 85 173 74 114 114 41 104 89 104 137 90 94 106 89 61 74 176 63 29 180 8 70 132 196 162 125 98 141 133 167 93 76 120 81 31 167 132 124 105 18 75 114 16 37 76 165 114 
94 69 30 59 51 127 116 5 127 129 136 114 79 57 106 142 105 102 60 73 102 145 125 85 106 62 115 158 135 43 180 128 105 121 42 156 136 94 94 173 76 92 69 91 65 14 92 114 139 130 55 50 38 102 128 61 97 90 71 77 84 36 140 76 123 43 84 133 87 32 166 
176 40 12 65 63 74 142 139 174 139 46 109 147 64 35 67 67 135 98 159 105 98 89 142 107 97 88 101 82 154 103 117 71 118 165 103 111 83 119 38 104 85 86 78 74 46 43 76 174 78 76 105 149 50 113 110 167 71 113 72 33 14 35 96 75 108 56 148 109 54 56 
38 90 93 81 98 89 164 97 180 77 108 113 82 116 58 151 178 97 101 87 120 110 187 77 90 98 164 93 101 150 111 7 57 50 95 90 33 111 77 110 134 56 106 150 90 179 117 169 125 84 81 25 23 7 109 61 73 147 69 61 105 131 186 111 94 77 70 89 58 56 143 
41 69 186 85 88 12 60 22 83 110 105 43 93 50 121 18 91 131 101 61 146 94 54 69 73 80 117 50 139 58 114 148 96 131 104 136 65 90 110 97 89 150 147 42 109 182 94 178 149 101 77 141 36 162 118 104 87 78 61 90 102 141 54 119 130 91 51 107 111 31 104 
95 92 109 143 81 46 142 62 114 101 161 82 41 103 27 85 91 86 98 75 67 48 110 82 86 99 81 100 118 148 151 114 92 161 138 78 110 141 170 100 57 68 150 81 103 149 52 84 94 76 141 87 98 164 129 107 150 72 30 160 81 102 152 41 88 35 105 30 45 53 90 
74 109 67 71 75 102 87 66 93 83 58 51 137 61 155 127 84 73 112 111 130 105 30 116 119 78 164 26 121 94 129 128 19 19 102 43 123 124 159 69 148 128 87 132 146 124 39 161 90 77 129 66 50 42 82 151 77 75 57 55 48 131 131 136 119 73 168 81 138 41 82 
98 184 113 130 57 134 83 98 135 59 170 104 34 152 168 84 131 15 155 54 84 64 123 124 67 66 118 94 136 67 52 61 122 115 102 82 152 162 131 99 84 133 49 149 91 151 71 134 82 153 88 71 128 103 79 162 110 97 172 93 140 122 128 93 55 80 124 117 109 86 127 
71 153 93 81 83 121 10 173 79 143 69 101 123 85 110 34 132 113 108 146 26 92 144 123 94 111 63 140 62 40 106 61 75 128 29 107 146 124 114 129 129 19 32 142 143 140 99 129 108 56 89 116 114 39 85 86 106 84 104 55 57 101 108 66 34 136 93 20 105 48 24 
132 100 150 68 118 141 31 110 127 120 188 25 91 103 95 187 108 104 83 117 57 59 106 125 138 57 75 52 110 90 83 89 134 150 35 95 62 151 112 119 120 148 117 180 30 161 88 97 102 141 84 113 83 154 120 114 149 40 26 171 103 46 143 86 37 114 4 121 105 135 135 
76 90 68 151 100 96 39 155 106 107 118 119 80 60 128 146 192 165 43 118 121 133 49 88 98 80 190 177 73 141 58 99 122 105 80 188 110 82 116 127 85 70 70 134 83 62 162 94 98 93 160 89 132 107 156 107 53 78 63 61 75 105 122 99 190 91 97 93 70 101 161 
43 25 20 82 70 126 98 123 189 71 138 44 133 128 158 100 173 126 87 136 41 42 147 119 164 104 153 76 85 110 169 163 106 122 68 21 78 82 99 48 159 95 105 34 96 108 178 138 175 127 80 152 97 127 101 66 142 77 157 85 64 155 52 150 117 55 125 78 129 72 135 
48 92 104 177 137 56 157 89 7 88 77 63 102 93 175 128 96 146 99 181 184 54 77 14 154 27 151 19 46 73 52 64 73 63 62 74 113 169 72 87 45 140 134 96 103 89 67 70 73 53 135 55 21 147 129 150 107 75 72 113 137 108 87 18 70 55 14 26 184 143 162 
164 98 109 49 143 85 138 130 101 141 77 111 134 91 175 93 69 154 144 60 69 95 79 94 187 25 109 30 144 122 112 70 141 62 67 60 133 166 54 74 173 101 65 60 47 127 78 138 131 113 128 113 150 120 73 145 133 100 118 149 113 53 66 51 105 123 85 73 62 14 119 
163 175 102 122 139 108 48 159 135 123 79 192 178 37 138 44 62 135 61 75 54 110 94 168 113 21 22 125 68 92 118 46 90 134 94 88 12 162 80 86 64 93 87 105 77 195 81 169 100 61 23 129 94 97 102 86 53 82 90 162 80 90 166 97 28 89 102 126 118 67 53 
150 19 93 83 72 83 81 74 114 114 9 91 71 118 116 61 140 94 115 50 63 119 18 156 56 94 103 61 95 113 137 98 168 81 104 101 27 78 96 64 78 42 116 121 105 127 38 84 186 77 113 83 91 79 45 126 90 112 77 112 81 136 191 109 22 37 141 153 120 118 179 
173 93 37 37 194 56 96 124 58 172 99 17 174 72 34 131 35 139 120 180 174 76 122 116 172 110 88 104 104 83 121 60 142 124 134 117 124 158 73 148 117 122 94 57 108 74 142 76 177 148 124 94 102 118 101 134 73 166 169 120 121 178 124 59 107 87 138 58 123 117 121 
83 173 107 67 28 57 76 104 111 118 64 133 98 70 79 125 183 96 134 56 96 100 117 151 68 56 109 83 88 133 106 24 68 122 69 179 67 130 136 34 117 107 121 70 40 58 155 62 91 110 84 116 123 84 147 122 163 92 128 60 70 125 159 50 129 55 100 136 191 58 35 
21 63 169 142 94 118 134 151 78 83 68 72 39 151 127 139 54 122 181 26 56 149 97 66 117 160 71 120 136 108 140 173 131 152 191 68 147 87 85 129 59 88 94 52 67 94 54 42 145 44 146 174 60 68 138 80 108 72 78 99 88 89 122 25 136 138 149 57 46 78 130 
148 78 155 22 90 98 120 93 137 153 113 3 146 88 137 56 56 70 99 12 92 125 133 130 70 70 36 8 132 120 70 65 115 135 82 186 85 114 84 18 46 76 56 100 138 80 82 51 113 89 106 162 101 121 100 62 91 187 19 26 66 103 79 130 83 85 117 44 63 94 92 
108 139 118 18 190 59 89 124 75 159 123 60 96 41 86 54 126 126 138 57 105 134 92 88 15 83 6 146 39 119 92 116 175 84 97 147 109 114 64 123 89 101 91 22 59 61 72 109 90 131 52 121 129 64 95 137 84 134 97 156 133 142 105 86 94 129 45 133 99 84 89 
155 109 83 67 108 67 135 184 93 88 96 93 57 54 124 60 77 161 85 62 114 121 88 158 61 44 68 98 29 151 126 92 48 90 12 56 186 112 32 115 91 197 102 33 11 17 92 122 75 156 117 67 114 92 96 51 125 181 92 97 138 114 178 5 96 33 108 140 145 106 109 
57 95 56 115 129 145 115 57 59 41 109 39 56 62 143 134 138 136 128 123 87 98 121 74 148 99 100 136 138 123 82 102 144 118 150 96 80 147 90 83 137 80 132 31 124 182 10 165 86 84 144 125 141 60 105 128 96 174 165 57 143 70 110 86 107 125 81 168 192 86 110 
50 154 88 94 43 186 93 110 54 110 103 89 118 113 60 66 115 136 188 195 69 168 113 83 82 54 140 153 101 36 54 18 80 151 80 69 136 164 143 109 92 149 134 154 101 33 107 87 149 130 70 115 158 21 89 139 156 105 142 127 130 156 89 108 144 145 129 169 118 151 137 
118 21 78 103 69 80 113 151 110 61 162 49 147 142 75 126 162 56 54 111 67 133 99 132 105 127 140 106 84 151 143 127 150 71 118 118 159 51 149 27 106 90 91 88 159 28 87 104 27 141 71 113 146 142 82 122 135 71 114 7 105 55 101 98 103 79 75 160 122 53 32 
60 117 88 87 99 171 120 134 31 34 50 98 109 160 130 130 59 166 148 150 111 81 86 130 150 6 45 69 79 175 118 67 98 66 29 137 75 168 111 22 173 115 101 112 76 69 31 49 173 112 146 113 132 135 54 114 128 40 52 154 57 85 95 42 62 128 103 83 162 95 67 
184 128 93 160 111 69 167 58 33 165 132 60 161 98 100 109 63 100 164 36 37 90 163 133 60 106 60 119 105 106 89 193 31 72 120 100 62 52 4 113 84 158 56 53 129 124 179 135 83 65 143 36 132 114 121 29 131 112 123 169 98 48 105 103 119 171 156 119 57 63 49 
189 134 82 115 112 55 79 101 150 126 144 46 157 134 70 40 91 43 110 152 86 131 65 67 87 92 8 128 34 110 73 66 118 94 102 127 68 144 9 80 64 88 145 91 115 78 105 74 120 118 79 26 60 111 86 92 26 58 156 98 88 110 82 88 105 43 35 107 128 31 98 
102 186 59 151 82 117 80 32 44 61 21 98 119 4 136 200 115 73 92 105 85 99 95 90 106 36 127 42 52 40 125 161 106 147 147 71 182 10 64 36 52 31 171 113 105 122 170 109 156 139 154 146 68 159 98 137 52 19 113 133 52 46 76 91 64 102 100 111 116 39 108 
80 159 134 105 125 150 113 121 96 71 93 162 176 88 85 105 100 133 86 42 51 76 77 28 173 180 44 101 100 113 51 148 19 86 110 150 101 84 117 67 120 91 99 133 198 101 130 58 32 82 100 70 104 105 165 128 90 119 142 52 30 147 148 94 101 131 129 137 85 128 65 
44 40 108 127 36 171 152 172 86 63 51 96 40 144 181 88 94 65 169 148 114 106 56 124 94 162 112 101 109 92 117 139 80 106 45 95 143 114 118 71 135 33 115 62 131 66 111 193 86 76 113 138 121 123 71 91 49 158 77 119 76 40 163 82 150 48 69 149 98 34 112 
129 81 136 121 63 178 108 78 158 96 114 96 56 99 138 149 40 72 77 114 149 129 145 144 156 29 57 134 139 95 104 46 105 147 120 133 105 116 75 139 25 67 84 158 125 66 55 111 168 99 36 60 153 55 22 116 154 126 40 113 135 81 76 169 117 163 127 129 118 109 106 
117 103 119 144 92 7 89 120 48 113 70 106 88 76 116 85 90 143 136 57 127 131 95 172 133 119 155 115 110 54 93 153 127 112 85 118 70 118 106 35 84 71 74 130 168 94 60 41 81 39 101 98 65 41 115 51 152 32 163 93 71 80 138 80 182 92 117 144 93 91 100 
9 64 92 118 96 139 185 44 64 35 111 83 143 87 158 153 130 63 112 145 110 114 63 63 71 119 193 172 70 122 130 134 146 102 104 79 77 87 158 154 176 118 88 78 100 44 55 137 116 159 38 105 50 124 47 60 88 111 165 51 173 63 48 156 64 149 56 118 115 75 143 
125 91 55 138 111 133 75 92 91 156 157 185 115 111 136 43 46 122 28 124 162 17 111 21 128 65 92 84 111 90 88 143 126 117 87 114 110 138 6 71 69 65 88 126 171 72 126 139 103 32 88 70 155 154 31 60 145 168 32 96 79 98 118 145 62 143 106 70 58 106 87 
73 178 40 149 113 162 80 96 107 44 147 128 60 67 60 132 89 118 73 123 45 92 179 100 134 32 46 27 96 130 85 131 176 79 158 177 87 27 137 53 73 87 102 106 91 187 151 155 15 57 136 108 89 56 141 166 146 48 81 25 131 49 165 85 112 127 158 152 104 130 74 
104 127 142 109 106 143 127 77 48 120 32 11 167 118 53 134 15 95 120 134 136 97 57 171 99 90 133 146 34 94 158 111 145 60 93 16 114 85 44 138 185 55 46 122 154 105 73 169 105 71 80 135 63 33 129 17 115 81 181 137 58 87 59 102 31 69 42 148 56 113 60 
119 182 158 99 127 182 170 108 41 108 98 72 87 81 70 146 23 109 55 86 148 106 89 100 76 87 11 106 30 82 45 118 90 79 89 129 70 129 82 108 139 123 101 40 117 112 116 63 157 84 101 103 102 91 104 142 179 105 123 121 51 74 23 142 114 147 89 79 131 38 18 
34 98 148 74 123 142 60 52 87 65 25 67 121 64 154 86 44 122 83 108 127 85 63 118 145 86 103 97 75 162 84 19 105 46 78 88 104 44 92 90 102 138 97 78 50 80 70 106 55 98 50 43 88 122 147 185 12 55 51 102 109 70 164 95 96 153 126 126 142 145 93 
133 108 95 105 16 78 87 145 88 92 42 127 95 76 94 64 145 95 93 101 128 44 128 118 150 50 127 33 99 146 89 100 96 106 73 114 32 41 109 85 138 81 143 72 168 143 78 98 174 34 94 174 140 102 33 103 79 175 189 167 132 36 66 171 48 77 41 26 76 110 112 
63 60 132 75 67 129 127 144 124 124 129 77 91 126 28 69 122 97 55 123 45 150 99 100 153 117 105 148 79 85 90 125 79 85 101 126 91 100 27 90 107 79 178 121 102 148 151 139 49 22 50 156 111 66 71 88 31 23 34 105 119 126 82 102 85 159 118 54 53 46 75 
110 53 37 126 122 180 64 53 155 33 47 133 116 161 70 15 103 65 110 94 34 36 108 141 87 55 114 14 51 89 87 70 143 120 113 155 52 167 136 106 169 191 136 70 83 120 35 141 42 27 122 121 71 54 65 138 147 122 5 98 42 80 77 50 96 51 137 83 167 85 73 
147 52 124 98 89 88 87 152 160 57 81 127 175 119 81 119 105 109 107 106 90 121 49 102 167 120 120 8 71 87 41 101 43 78 172 100 24 76 125 91 150 82 163 56 80 145 96 37 82 82 132 104 102 39 84 64 112 88 153 150 68 73 119 124 94 98 103 116 104 103 154 
175 40 98 97 120 140 54 103 81 127 105 92 51 42 151 56 58 160 80 36 96 96 81 69 120 92 143 27 80 140 97 72 135 154 104 130 78 109 121 124 126 96 126 189 78 91 68 116 123 136 91 191 50 115 80 144 117 88 118 61 121 29 59 111 132 122 82 120 176 185 107 
18 173 109 66 89 89 114 113 114 94 151 53 117 119 44 56 185 78 82 37 120 163 82 134 130 127 108 184 15 100 170 78 154 139 152 80 66 103 70 35 120 27 89 123 83 171 114 60 92 109 70 82 119 57 85 178 130 155 85 97 109 69 63 91 112 66 148 11 138 48 128 
154 58 154 129 111 67 106 151 104 92 110 163 23 34 42 128 58 53 85 97 124 97 128 55 57 103 35 138 122 64 101 50 135 87 113 98 122 20 164 37 145 93 45 108 98 94 69 83 81 199 175 97 73 123 7 11 142 117 107 74 117 127 96 136 160 107 55 87 118 161 18 
75 135 52 46 183 75 128 79 138 47 110 83 82 77 86 154 104 101 40 39 176 101 80 96 102 154 136 46 93 138 62 101 102 25 62 87 132 103 120 99 147 57 150 88 111 74 77 98 38 40 145 51 48 84 140 55 74 139 20 37 155 107 105 55 147 122 103 107 104 109 95 
173 116 55 149 74 142 95 114 111 90 158 97 131 141 90 102 106 34 93 158 161 177 101 72 83 63 43 169 165 101 107 181 47 112 11 118 74 10 175 76 102 101 52 23 84 65 130 37 93 180 94 164 99 54 21 98 84 9 126 181 113 92 58 98 168 87 110 157 119 122 129 
111 111 101 71 108 96 117 166 142 153 112 78 142 94 159 119 103 104 81 148 82 29 132 66 35 117 123 126 41 55 17 114 45 80 87 102 94 74 134 147 100 85 70 113 108 106 38 103 177 69 91 38 89 159 97 103 115 116 34 60 176 122 173 72 157 74 92 84 135 69 111 
65 130 88 90 43 93 108 113 30 158 80 28 96 26 99 98 103 118 135 149 106 72 130 98 54 130 142 76 167 58 11 57 74 111 34 145 103 90 144 162 66 148 47 24 120 38 182 144 68 45 79 111 122 142 125 54 126 80 47 132 89 114 153 90 76 69 90 130 93 68 53 
38 84 76 56 62 105 83 104 156 70 89 84 53 75 101 154 80 132 157 60 104 73 150 96 197 78 130 36 83 141 86 91 131 137 133 172 54 105 50 98 152 107 169 104 116 153 73 90 155 87 68 98 186 60 103 197 109 161 105 109 158 60 128 95 145 94 69 94 11 64 104 
99 110 140 36 87 85 104 122 145 124 85 19 118 128 174 22 156 109 141 88 148 96 83 39 104 30 127 10 128 143 69 96 165 126 164 52 195 129 115 35 74 48 92 184 191 73 99 149 102 153 166 92 83 98 62 155 12 71 101 46 46 143 117 137 110 83 97 74 28 71 77 
12 156 86 76 177 132 125 74 130 93 137 5 105 78 64 42 59 57 39 59 101 66 54 168 112 78 53 134 159 120 65 88 90 38 91 162 76 72 87 19 92 33 105 80 33 49 96 65 152 73 91 59 105 17 97 170 67 156 101 140 108 52 159 123 63 158 149 98 156 87 146 
61 30 62 164 82 103 57 95 70 124 79 55 36 75 73 48 59 98 64 124 50 163 64 86 55 61 62 72 179 46 96 83 154 83 83 136 121 46 108 28 107 131 166 182 120 199 83 89 89 14 127 116 157 17 93 117 116 21 24 79 172 90 132 31 85 133 143 48 94 97 51 
38 106 74 66 120 89 105 94 77 68 112 93 79 85 90 91 37 105 66 132 129 99 46 162 156 109 121 17 59 87 83 58 46 67 137 158 99 127 58 36 107 61 50 77 113 115 83 21 124 101 120 130 84 189 74 47 102 99 83 139 178 144 167 136 74 163 105 137 111 126 153 
