-6 -25 52 -18 9 -14 -1 13 81 23 28 34 39 1 -6 75 33 -50 52 45 -49 22 42 42 -7 -23 16 4 62 58 -29 -30 -49 28 7 -71 -20 3 23 -35 52 -66 -71 8 13 -47 39 -11 12 59 17 -41 41 56 6 15 19 57 66 -2 -3 -20 -42 -22 -5 68 -92 -53 -10 20 -80 
-7 -6 -30 -66 -72 -4 23 -26 -18 27 -45 26 -42 -16 63 -13 -18 -22 -37 25 40 -13 37 -7 -75 84 -11 -43 -54 -72 19 37 -63 62 36 30 -43 -50 -46 -4 -1 -21 7 -27 -57 43 -61 -17 48 46 -23 44 -65 -81 6 -18 -47 -43 -3 23 -17 0 -2 -51 -34 4 44 -67 -53 37 -15 
54 11 -29 86 60 -37 -69 84 -19 -8 5 34 -84 24 72 74 -59 -31 -5 -69 40 -9 -91 -1 -16 48 -66 -75 84 4 39 -79 27 -23 -6 -46 -5 30 -38 -26 -89 27 -44 -7 -60 11 7 6 19 91 -60 30 24 10 -33 -7 -28 29 -3 -12 28 -64 6 -25 39 -3 -30 -10 42 8 -67 
21 37 13 5 5 -53 -54 18 -71 -14 21 -12 -20 -70 -5 2 -20 36 -4 15 53 -88 29 2 5 72 18 82 28 23 -70 -48 -23 30 -2 33 -57 -48 63 2 -60 -20 25 56 -35 19 40 -11 6 8 4 -35 -11 -5 10 -9 29 20 9 -12 -23 -24 8 -16 54 1 18 12 11 -41 -55 
74 61 -35 -21 -34 -3 76 -4 75 -74 44 16 55 -44 54 55 15 10 -26 -36 58 5 -71 -15 31 12 -26 -52 -6 -2 -94 19 6 -41 -41 -14 -4 -14 71 -39 36 66 -10 55 19 58 -5 4 -62 -53 -29 15 -13 61 -5 -16 35 38 13 17 -31 -49 -21 -19 -72 -78 -37 20 -18 13 32 
-20 42 -55 33 -30 -6 -33 -40 -88 31 54 -5 10 -14 -16 29 0 31 -47 33 75 20 -15 -32 -37 -18 -61 16 -4 61 63 -2 22 -78 -49 17 1 35 16 -90 -60 -50 -78 -50 27 -26 -53 38 12 55 88 9 9 6 3 19 -10 -79 12 33 -51 1 35 -28 -7 57 75 -4 -7 -62 26 
44 -2 13 28 32 -29 -9 -13 -9 47 -3 -82 2 41 -29 -75 64 15 -45 -3 53 5 -31 -9 -13 -3 57 37 -22 -33 52 -12 -41 -86 17 -2 58 55 -12 0 65 -5 -22 43 -14 -5 6 -15 -17 31 70 -26 -46 -30 65 51 -2 18 -10 69 -1 30 -51 81 -2 30 -9 13 45 -1 -48 
-8 -81 -40 54 -9 -13 -10 21 53 -13 -4 -14 -26 -23 25 27 -44 -46 -24 -13 67 -19 45 -32 -72 -8 -73 -93 -13 -29 81 42 -20 -17 10 82 93 24 -29 24 78 39 24 32 -34 -9 -47 -43 -26 -19 70 -75 1 88 -7 16 55 81 31 -24 -25 -23 -10 -33 83 -37 30 -14 7 -40 51 
-56 6 23 -61 -51 39 -9 -8 72 5 35 67 37 29 47 16 34 -14 -5 -7 -6 7 26 -44 -51 22 9 16 -33 -58 60 -67 -25 30 35 -15 43 -19 9 -12 -25 10 63 -40 3 -35 -49 -24 -17 25 61 -10 -15 -70 -33 -6 0 -9 -87 -14 5 -24 -73 -3 -11 -10 -45 46 5 80 33 
-37 46 14 31 -1 12 -27 -41 -28 -69 -49 -16 81 -35 12 -6 78 -50 90 24 47 29 -54 83 -18 -71 2 -24 40 25 40 41 48 26 -66 -35 -22 9 10 14 -29 -7 26 -34 19 11 -9 2 81 -16 12 -30 -58 13 22 -55 -28 -54 -31 -26 -30 -28 79 7 -3 33 -8 56 -28 -22 87 
20 10 49 -33 33 56 37 44 11 -42 -37 -82 -47 47 -15 28 54 -30 28 -10 -3 18 -43 5 -8 -26 4 -54 -18 12 -12 6 -10 -28 41 -71 2 69 -19 -1 -29 -2 -13 13 29 10 20 -21 -15 -57 -20 -4 5 -26 39 42 -47 -21 31 4 -84 -10 5 8 31 4 25 65 -79 63 4 
0 -86 -13 33 50 -34 -64 17 25 45 -15 48 -7 20 62 -11 -2 -2 13 -24 39 2 -30 -4 9 -49 -56 16 -46 25 44 -76 60 -22 -36 -77 -35 16 23 -17 64 1 -50 -70 54 62 59 -31 -40 1 62 -22 28 -12 -60 -4 -10 47 15 29 39 6 1 -41 -51 -31 15 56 70 -23 48 
49 -21 -61 6 -29 -2 1 -40 -31 13 -2 16 -15 61 -16 -79 32 -18 3 -28 34 -46 4 -11 42 5 -54 41 12 -47 -2 8 -22 31 38 -28 10 -39 -37 15 46 72 10 82 33 12 -3 34 -52 -39 -9 8 -53 16 23 -22 -31 22 -61 -37 15 12 -47 1 -62 -18 -13 13 20 42 -61 
30 -18 20 2 -6 2 18 -40 -73 -28 88 -6 -19 10 -63 10 2 -19 37 -46 -68 -55 43 -25 6 6 -16 49 79 83 -19 33 78 -17 28 7 16 -50 29 -14 6 49 -32 18 -77 38 34 -75 -40 75 -15 10 -15 39 -48 -7 81 -52 13 28 -57 28 33 32 34 -30 -12 -18 -30 -14 77 
13 -76 18 -15 63 56 30 -20 -52 4 0 26 10 -22 20 6 -36 -10 -24 -57 10 -35 -29 25 -8 -84 11 12 -56 49 41 -69 -7 -58 39 25 20 -13 -21 -55 -56 -6 53 -57 -7 -18 9 -43 -4 -54 88 -19 63 15 63 7 -41 -29 22 30 -27 14 76 -16 19 -66 55 20 32 -2 28 
-2 53 6 -23 3 -15 -87 29 -28 -32 53 7 -44 64 19 -3 27 -12 -66 23 -65 -65 -26 34 -7 -12 -46 -30 47 -74 10 37 34 -20 46 -56 -26 -15 -6 69 -18 17 -6 43 52 42 27 15 -22 -23 -68 53 2 12 51 -19 -45 14 -55 -39 39 11 75 -6 -24 49 -39 -35 -74 10 -36 
-11 -33 -37 -43 0 16 63 -17 -1 -11 38 45 30 -56 -25 75 -42 -2 -38 23 -32 -7 -72 -15 -25 -11 58 -74 -84 -5 -68 -23 -56 -19 68 -50 4 73 19 -32 22 -37 -29 18 4 28 64 -4 -36 37 76 -53 -35 -29 -61 34 18 -49 11 33 -48 36 -17 16 -29 -48 -10 -3 -60 9 -16 
40 -35 -6 -15 47 23 26 -3 23 39 24 -52 21 -35 -46 -40 -49 -52 -22 -19 22 23 -5 61 -30 6 15 20 65 -25 -6 58 67 15 -2 -8 32 -38 -46 -13 64 -74 57 17 9 0 -24 56 -7 -34 -1 -6 -26 -4 0 -31 21 -4 51 71 48 32 -24 -48 -1 43 14 39 57 -12 12 
0 10 -6 11 43 14 -28 59 12 17 40 -13 -9 -50 -1 -27 31 41 54 -29 -3 26 61 48 5 77 -12 1 42 -4 31 -7 -5 -78 -35 -41 5 -79 -75 28 42 -45 -72 -78 -14 4 -29 -24 12 -56 18 83 -9 -26 69 56 -21 -19 31 -60 11 -12 21 -58 59 -72 -42 42 89 14 -4 
26 12 93 -55 -42 27 26 43 -10 41 78 55 -42 64 -52 -7 -12 -47 49 69 -8 -18 -9 -25 -86 86 -16 91 49 -24 -89 1 -9 14 -57 -80 -9 9 -29 -90 54 -54 -94 8 46 13 -59 -17 -19 -50 65 17 -5 -1 17 -49 -31 -31 47 -15 -71 -63 8 -9 50 -37 0 -87 36 -38 49 
-39 -1 -2 -61 86 -6 -42 -16 -69 -52 -11 41 -65 -10 -73 6 53 55 63 -13 44 8 44 -45 -53 -6 -37 8 -29 10 80 28 14 -3 16 -2 39 12 -50 3 15 50 -1 -42 -31 4 42 6 -3 93 -19 -5 6 -28 74 -44 -3 70 51 -12 10 57 28 -1 20 -81 3 43 -81 19 -56 
33 78 75 19 -51 44 -10 -14 -50 -89 -1 -56 -3 1 -25 -25 -51 80 -90 -5 59 -26 -58 44 -18 -83 49 66 32 -22 -47 74 38 -31 30 -6 28 35 20 -34 3 10 -28 43 -39 -27 16 -38 68 -64 -11 -25 -24 16 69 -87 -36 -58 12 -32 11 -12 30 -7 -16 5 -91 0 -29 43 26 
50 41 -49 65 -25 52 79 -14 -93 -63 -38 -27 -27 7 27 65 -76 -13 -12 -77 -58 31 -30 20 75 70 22 -4 -71 -4 -3 28 -11 -15 32 3 -25 64 23 -19 -42 -54 49 32 10 -6 -7 7 -46 -25 53 -66 14 2 70 3 -11 69 -15 -27 32 -63 27 -36 -33 71 30 69 40 -11 -44 
68 -14 9 -62 -41 58 -49 -62 -13 57 30 22 -28 36 12 -52 -7 -5 5 -44 -16 -54 69 42 -55 44 66 -78 0 61 46 33 -46 45 68 80 -10 4 23 -85 -18 -23 31 33 -65 49 45 -44 -30 -9 18 -17 10 13 -5 -14 -14 93 -26 93 -58 -78 -36 89 9 -28 -12 -83 45 -70 15 
-43 -31 17 -53 57 3 4 -15 -19 41 -69 -99 -75 15 -8 -12 60 5 10 44 -24 80 6 -37 74 -49 17 -6 -28 -12 -90 55 -55 -40 -9 -27 -52 -30 -70 -11 -17 1 20 -32 -43 -6 -63 43 64 28 43 -74 46 25 -19 -30 -70 -40 18 -17 -41 -75 -86 -46 0 20 -79 -20 89 42 -14 
46 -86 -48 -64 6 -53 -15 -76 -13 -34 -12 13 9 9 35 -13 10 -6 55 69 -47 29 26 -49 28 41 -45 -20 -24 58 1 -61 -48 28 27 93 44 -29 -32 17 6 18 9 -20 18 7 20 -21 -42 39 -28 81 51 16 -12 -54 43 34 16 -3 -91 -34 21 2 -13 8 4 -33 -49 27 29 
28 -18 -58 1 -70 34 -19 -15 -60 61 48 -37 -30 -24 -36 28 -6 3 -43 -30 79 1 31 86 -2 52 -2 9 -17 3 26 53 8 7 10 -10 10 70 -84 57 -11 36 -50 -60 25 0 4 62 -64 87 16 -51 -14 -57 -20 -13 29 20 -11 13 -7 9 -64 -15 -4 25 -79 -25 66 -57 23 
35 -13 -14 40 -66 28 68 25 -7 63 -30 16 1 -50 -10 -54 19 -8 -31 -56 -3 38 -17 -59 16 -90 -13 20 -67 -8 -21 -11 12 44 -34 15 34 64 97 0 -13 71 -43 2 -44 48 -18 -2 5 -29 -6 -8 -19 35 -73 34 42 65 -43 39 -18 39 0 20 57 -19 55 58 13 -58 27 
-32 -80 26 -1 -21 48 -11 39 5 -80 -65 -63 72 65 21 70 -60 24 -55 -19 16 44 23 2 16 1 29 -3 -30 43 -20 -52 15 57 -36 56 -15 -21 -46 -87 -33 52 62 22 53 39 55 -42 -19 29 23 9 11 -33 47 44 -49 -71 -42 15 29 8 3 -18 -64 31 8 -24 -6 -49 6 
-2 -2 85 1 47 -81 -8 62 47 -11 -43 53 52 15 15 -53 -21 -32 -54 38 -9 63 69 -80 -9 -7 -37 12 42 -30 40 66 -41 4 61 4 51 -8 -2 0 15 83 -43 -40 11 49 -70 48 -27 85 32 -29 18 54 27 55 19 26 4 -51 -35 9 28 -21 11 51 -25 51 -58 -14 33 
-3 23 -44 56 -31 68 18 -13 -19 -17 77 -4 18 29 -40 -2 -4 43 -31 -15 46 48 84 -26 -1 9 -10 15 38 -38 -56 44 -54 64 -22 -8 0 30 -62 16 -8 -5 3 55 13 -1 -19 -1 -18 -29 13 31 8 -53 90 -54 -43 62 -48 36 -42 10 2 -45 -22 75 14 34 10 33 1 
28 -5 -29 -9 8 -9 -47 10 58 -2 -3 -87 -51 -4 54 -59 14 -18 29 6 21 21 -10 -26 -52 -12 13 15 3 -67 -9 0 24 -47 44 -15 15 48 68 40 30 18 -20 -51 -87 63 26 30 -4 -13 71 13 -23 -77 35 58 60 52 35 0 53 50 -5 5 10 21 33 -47 64 -32 -19 
1 -93 -37 29 4 14 42 2 18 0 75 -7 -2 70 16 -19 -15 21 -2 -14 -26 -14 -16 34 -26 -16 42 -34 -12 19 -35 -12 -4 -60 0 -83 4 -28 -63 -12 -7 22 74 -23 82 74 6 -18 17 2 36 -46 58 52 45 -12 49 22 17 -42 -55 -4 -28 -17 -15 51 -12 -6 25 -17 27 
-29 -23 63 -59 -14 31 50 18 3 -50 -64 -31 8 10 -55 71 -17 -74 14 -2 -28 -90 -47 -19 18 36 -43 -37 72 -1 -66 -22 -24 -2 -15 -7 -43 -18 -54 -2 75 -75 -41 -22 20 -28 -13 -36 -83 46 52 -82 -41 38 15 28 7 40 -40 -16 30 75 1 30 -45 23 52 32 3 42 -21 
5 -13 25 30 -2 -74 -36 -9 -58 31 -14 -28 -37 19 33 -51 26 6 -11 16 10 27 19 64 -47 0 5 -76 36 -62 58 -19 33 -10 3 18 19 51 21 -15 -35 38 -46 16 25 12 -34 26 -29 6 8 -10 -28 66 62 -20 -66 20 -42 55 22 -49 34 11 -54 -18 -5 -23 -16 -28 66 
-46 -68 19 -14 -46 32 64 -89 37 -45 -15 -3 -22 86 17 14 42 -30 -17 4 92 -9 57 10 -12 -68 10 -2 -28 -56 20 17 -9 13 74 -8 -59 -44 72 4 -36 -32 -6 32 -10 -12 -36 3 -29 79 -62 24 81 29 88 -18 -63 7 -9 -10 -44 -35 47 -2 73 5 -41 -20 -63 -94 44 
26 -1 34 8 0 31 7 -66 43 29 31 -12 14 -5 -60 0 -26 -14 -40 -31 59 46 -44 -18 9 -61 0 26 23 49 -28 -64 -23 -48 -73 -51 77 10 -22 51 85 43 67 -6 -59 15 -56 -71 -14 -31 -46 57 21 42 -1 63 34 -28 -33 -4 -41 -24 -31 62 70 -21 -39 7 19 -34 -27 
25 -89 -21 5 16 -63 51 -14 -27 8 -30 -63 -29 10 -26 -6 17 11 53 0 -74 35 44 42 25 -44 -32 -50 -17 13 -34 58 24 -78 -10 -54 6 -54 22 -39 63 1 2 33 -3 -17 -4 6 -29 -44 13 7 -10 -28 -6 -25 -29 -5 72 93 -40 -78 -20 -3 60 7 80 -4 49 -18 81 
7 -21 -42 -37 -13 35 -31 33 13 -35 -85 5 -12 -44 -1 -10 0 40 -56 21 7 16 -33 -22 10 -59 52 -4 48 51 -48 -88 10 -46 30 58 -80 -5 -36 -31 21 -44 -18 -7 -10 16 -8 -7 22 10 -26 7 29 20 63 48 54 -22 -19 3 -15 -58 58 18 57 -33 49 14 -8 74 14 
44 -40 2 -88 -31 6 1 -36 48 46 -67 -65 -74 -37 58 -28 57 22 -12 3 41 -22 -49 -25 -44 22 -56 -43 5 8 32 14 70 21 -4 55 46 28 -31 -91 18 -15 6 0 17 9 59 -87 37 18 -4 -33 28 13 -65 37 10 79 0 19 -10 26 89 40 -10 11 -43 -23 80 3 -39 
44 -21 -42 55 -49 74 23 23 -80 -23 -36 -45 39 -58 1 26 6 56 -38 -19 -9 57 -23 -30 -5 59 -18 42 -64 -13 -31 63 6 -49 -50 46 3 -9 -35 -1 78 86 -79 -62 41 -12 -45 12 -9 -21 3 -77 48 40 -40 -22 -17 65 -52 -5 -7 -27 43 2 73 7 -17 12 -48 29 18 
-6 83 -54 49 -91 -21 -46 -14 19 -22 46 90 -59 18 -6 60 59 2 -4 0 69 19 58 -6 4 4 43 51 -69 -11 -74 61 -74 36 7 43 -41 8 27 10 -21 25 -33 -38 -52 -3 -17 21 21 86 38 -19 40 -17 -32 -82 6 -14 -36 28 -9 41 29 -20 -58 52 37 69 -18 51 19 
16 58 -23 26 -1 -37 -27 -12 -11 3 54 -44 -11 -86 84 55 -39 -26 -32 -14 -29 16 17 41 -48 -62 -28 5 87 -48 55 -3 17 -66 -78 -82 0 16 -4 -1 4 -2 0 49 -39 -58 3 -5 5 -21 -9 10 -48 66 -69 25 29 4 71 5 98 42 -9 -93 -25 -23 42 55 39 -43 49 
-5 -32 -40 -59 54 33 -29 -27 -26 16 54 44 -25 28 14 -6 -65 -39 74 -14 -58 -63 49 15 -1 -58 0 -68 -12 8 -53 -60 16 48 44 -23 -16 -46 9 34 48 -22 -13 57 41 64 21 -58 18 20 71 -14 -4 -61 -74 -40 12 34 44 -60 -52 24 20 4 -41 -41 -17 87 -42 17 84 
80 -12 -45 -25 -74 19 -6 -28 38 31 -13 94 -43 4 22 0 23 71 -38 49 29 -71 -35 -76 56 -36 31 8 -16 4 -45 -35 60 21 41 -67 -2 -4 20 -20 -2 -13 -21 -71 23 44 -14 -69 -28 -61 -28 18 48 19 -22 -55 12 7 35 67 14 40 36 19 36 -62 8 41 -12 25 18 
2 -31 -28 -25 53 -20 -31 -9 44 -69 -53 18 -2 52 37 35 -62 -23 -80 -32 27 -28 39 -22 5 -2 12 -13 8 -1 -5 28 -7 36 -10 -50 -79 10 49 1 12 -89 31 67 2 61 68 -2 8 -20 -64 34 58 27 9 -30 18 63 32 -52 -26 19 48 -42 -23 17 23 27 41 -58 41 
-42 30 -52 -33 -32 -25 30 -28 12 -35 -45 -14 6 34 3 64 46 -43 -29 2 -84 78 -30 -32 -74 -24 74 -27 -7 38 -43 -27 48 68 -41 -83 53 -10 32 13 -57 -33 -27 -44 67 26 57 7 4 -2 85 58 53 43 67 -9 43 4 37 79 56 30 -17 6 48 20 -1 49 10 -8 88 
-25 1 -64 41 -17 20 36 -44 -14 -64 -46 -66 -34 -85 -20 -45 -10 32 37 -84 -37 17 -11 8 -24 -3 -21 -52 -1 9 -16 -30 73 41 64 29 -9 64 73 57 -19 -29 38 -34 -9 54 45 -79 -24 1 -26 -6 17 -45 16 24 12 8 4 41 39 13 28 -7 -21 15 -13 17 -74 -39 34 
63 23 -69 -24 78 -5 -35 2 -26 -57 0 -94 32 74 10 47 -36 -55 38 -13 -47 69 -73 -16 -3 39 33 83 20 -14 37 -35 -53 88 -59 -78 -4 -64 18 33 -82 -17 50 32 -20 -32 20 -17 55 -5 -69 -34 45 3 -79 33 30 10 37 -91 -11 8 54 62 -12 62 -53 18 35 -5 44 
-7 -26 72 48 48 -33 -15 -14 28 -1 -75 43 -1 -45 -14 -9 -44 1 -38 25 -82 -12 -19 -27 13 75 3 -22 -14 -22 34 -22 48 30 34 21 13 -63 10 36 6 -52 48 -32 88 -40 37 13 -56 31 26 -19 -14 -16 25 -12 8 -49 27 -51 -25 41 -22 14 64 -33 -10 6 -65 3 7 
37 67 -47 -2 41 -59 73 32 91 -36 -41 -11 -3 -33 62 23 -34 64 -14 72 -32 -11 -75 -5 -16 -61 20 36 57 44 -46 -13 22 -51 -33 -46 -74 46 0 43 -59 -5 74 66 7 10 -58 47 49 -28 46 -38 -1 -26 29 20 47 24 -30 -44 77 96 0 15 -2 43 -24 -2 -52 86 25 
-57 18 14 -25 21 14 -12 8 -53 -26 23 48 -28 -53 -46 28 -87 16 -35 -77 41 18 9 -16 -64 12 -16 -5 -80 -60 17 -37 0 47 32 7 39 21 -37 43 31 75 -92 82 -3 9 25 29 1 -3 -6 62 -79 40 27 22 0 -30 45 -23 -57 -19 31 -61 -52 31 -8 22 -64 -42 36 
72 -15 -56 -27 -30 11 -29 37 -26 54 -22 -5 -31 -20 53 -36 9 1 -22 -26 -28 -91 37 -17 37 -32 61 44 -14 -38 20 55 45 -52 -93 -4 38 -27 -14 30 -13 3 -26 74 30 85 -35 29 3 51 -64 17 -39 21 -7 7 -51 -11 3 -53 58 -3 -7 -38 13 57 -24 -12 16 51 50 
-19 -8 34 41 -47 8 28 44 23 -58 32 32 -17 -61 10 -28 -21 23 37 -74 52 66 3 -70 12 13 -11 -70 12 -52 29 2 -54 33 35 -55 66 61 50 -30 41 49 61 -16 -47 48 -8 -3 -15 -14 -63 -89 46 21 10 34 5 -57 45 -77 -15 -2 3 28 -30 21 -9 -79 61 36 -10 
-32 -82 -12 -2 -37 -16 32 -28 -11 -7 -13 -55 13 -22 26 18 -22 -62 27 -40 37 -33 47 32 -53 42 33 13 -9 -12 -74 -3 -59 -32 24 28 -94 -18 50 -52 22 -26 1 14 -6 -70 -48 -10 -23 -34 -16 3 12 42 11 -5 10 -29 25 -70 17 -10 -22 61 -62 -7 -24 -38 36 9 23 
27 56 37 79 -14 -72 15 15 22 -12 -24 59 49 0 -16 12 -11 19 -65 69 -30 4 -60 -4 -14 -32 -71 33 19 26 33 6 -24 18 31 -34 -14 -31 75 -9 -38 -61 -1 16 -30 51 32 20 -26 4 -10 -20 46 84 23 -27 -35 -21 -5 5 -2 -8 66 23 -22 -77 17 6 -64 16 16 
49 8 12 -61 -63 23 -37 -28 22 30 23 31 -89 40 -22 35 -48 -71 15 -61 -15 -30 -3 -52 -23 -31 -21 -8 41 -77 -4 67 -15 -55 -55 -68 -63 50 -21 -62 -73 -7 -16 -1 38 0 5 1 49 -6 -20 4 -39 -36 69 -26 -25 -19 32 79 55 -28 -74 98 63 -41 -58 -4 29 -8 -65 
-52 -41 17 48 -26 -10 2 -23 11 27 -19 -41 82 17 18 -9 39 -65 58 -78 24 28 18 39 5 -53 -68 6 51 -67 11 34 49 -60 9 -21 -40 -3 0 12 -5 -9 50 24 51 -2 -29 25 10 25 -62 -7 15 28 -17 50 31 8 5 -98 -24 36 -21 12 -22 -17 -51 -75 17 -51 71 
29 26 60 -76 37 76 -7 -14 -16 11 41 1 -5 -47 -35 27 35 -49 -27 22 -72 77 -17 -98 9 -4 28 0 -3 1 -13 -83 43 -6 24 -2 -6 -28 -19 -37 50 -28 35 56 -12 -31 -8 -17 26 32 -12 -14 50 -33 30 54 -68 80 -21 34 -22 -65 53 72 -44 32 5 -50 -20 13 42 
-11 10 -50 35 6 38 26 -59 -13 9 1 42 -17 42 -9 42 -28 -38 10 18 44 42 41 -3 -20 -60 23 -7 38 -42 45 28 -25 -38 58 -14 70 71 13 -24 -36 -24 -4 -1 60 -29 -64 -58 -61 -24 73 1 20 67 -32 -38 65 52 -28 -61 -73 19 43 5 -24 60 16 38 8 -1 91 
-6 -13 -89 -36 61 -77 -66 -37 34 10 5 27 19 75 34 46 1 -18 44 -23 -42 27 -2 -14 -8 -5 40 -8 13 -76 24 16 -46 -41 42 28 64 -21 22 1 66 1 25 31 -35 21 -14 -54 72 37 30 62 37 -7 -73 18 18 -19 1 47 -55 -9 3 -71 46 -34 2 5 28 48 14 
-6 32 6 -65 67 -33 -82 -11 68 -6 -10 -3 13 -2 0 34 -50 19 75 81 -70 95 72 25 -33 -45 3 4 -66 -64 -33 -6 61 13 81 -74 62 8 -24 -3 -7 17 -13 -42 -2 16 61 51 3 1 -5 -23 23 -39 7 -11 -28 -41 -59 -54 -21 3 26 -14 -26 -91 -35 -11 48 -9 6 
49 39 -6 2 -15 29 58 -25 -62 47 12 -11 -26 -71 -22 28 72 -7 -24 11 12 -91 -44 32 -96 20 -12 10 83 -22 -10 -3 -70 3 -36 -9 -34 33 -60 57 7 11 -48 -64 -29 28 -25 -20 18 0 25 49 12 -54 40 33 -64 -13 12 27 1 73 17 -31 -25 74 -61 55 -12 19 85 
27 22 -39 23 18 0 85 -86 -3 -6 18 -15 53 -29 26 82 -76 20 -79 -22 -21 -5 -33 70 13 11 25 5 15 -85 29 1 25 78 -5 -46 -62 6 3 -40 -48 43 52 11 -8 39 -2 -29 83 -4 82 -30 -55 8 -3 -90 -48 -5 30 -11 -21 80 -30 70 14 -41 56 -21 -13 -30 49 
-37 -53 -97 3 -62 -66 43 -8 -44 37 -20 -68 -24 -36 -11 -11 -25 -16 45 34 56 11 14 14 23 55 13 2 -33 35 11 -50 -5 -48 -55 -44 70 -60 14 -9 82 69 20 59 54 -72 -14 -7 -5 3 -51 -2 47 -29 15 67 -63 -28 -8 30 18 38 -7 -30 -19 -64 32 50 17 -37 -43 
-5 36 -82 -48 -29 -77 -34 -59 -18 36 -68 -26 32 12 -47 18 -5 -38 -3 -17 -22 -42 44 -98 32 -36 -6 42 -33 14 3 -57 42 63 16 51 67 -6 30 8 -12 22 -27 -2 48 30 -12 -28 -52 -31 31 55 -44 22 7 -30 64 78 25 44 -11 54 33 34 56 -59 44 -56 35 4 -39 
-36 14 16 2 32 75 13 -62 -4 -14 -73 -16 31 -37 11 0 26 -62 -1 30 12 -3 8 80 -3 -16 -8 -6 9 -39 -36 47 -27 -57 3 -16 4 47 -44 -40 46 -29 -27 -86 66 39 65 22 -25 7 14 -94 6 10 57 -1 81 7 -65 23 34 34 -38 89 -31 -26 55 24 -3 0 58 
-15 -22 40 28 -13 79 46 66 -45 -12 -83 19 18 -46 -6 -12 26 87 -57 12 -32 50 59 -7 32 -6 -9 4 60 49 41 -4 -15 -52 -22 -26 3 -25 21 27 -54 -20 88 2 1 63 -49 39 94 25 -12 -48 13 8 6 25 -8 71 -49 -46 26 41 -81 5 0 -83 29 -58 -18 -55 77 
-4 -6 -26 -16 -1 -12 47 14 -18 69 -35 -5 -3 78 14 -18 -13 57 1 -13 19 -36 14 -20 -84 42 3 -6 -9 66 39 4 -8 4 -83 14 -52 -64 75 -19 -46 17 -79 22 13 13 -54 -51 26 -43 -63 35 19 1 45 -14 47 -44 51 54 -76 -50 9 -19 27 -2 47 -52 -30 25 10 
39 10 48 -6 -56 -19 -29 -27 16 58 -1 27 36 -71 19 -28 33 -74 22 48 -38 33 46 50 15 -51 -42 -36 17 -36 8 81 16 -67 -35 50 -57 -42 30 -8 67 57 -8 10 54 1 51 -41 -87 14 69 -58 -43 -7 -7 55 -20 17 -8 59 18 66 -48 3 59 45 -3 -4 -76 -1 27 
-18 -34 38 -60 54 15 31 -86 -9 -48 -32 79 -61 -13 -32 11 35 -23 -14 -42 25 99 28 38 -38 -43 17 -9 19 43 83 22 -40 51 11 -22 7 -47 -4 -6 21 57 -34 5 -83 27 15 -11 22 -51 50 50 76 -3 -66 -43 60 -93 -77 -13 22 -2 -31 62 22 29 -81 17 -55 -60 -13 
