81 20 0 94 78 89 92 72 90 97 78 48 21 80 36 33 83 58 15 45 82 78 83 46 10 21 4 43 51 1 5 58 69 44 60 0 80 25 36 50 94 68 6 55 30 81 79 13 12 99 60 54 54 73 73 15 69 66 39 7 81 19 99 12 100 78 50 60 22 27 16 12 
35 63 76 64 89 55 27 67 62 60 2 28 46 63 96 18 10 51 19 81 78 69 60 66 97 86 75 9 39 100 35 62 85 37 99 46 47 77 17 8 86 59 11 76 71 64 82 27 45 14 1 83 78 27 30 52 75 16 94 40 15 69 75 76 21 57 36 92 27 27 16 85 
67 96 89 11 80 65 18 35 71 15 65 50 64 33 99 86 14 74 8 98 71 20 28 82 84 77 24 27 56 43 93 9 50 75 95 46 75 33 23 26 45 75 48 75 12 91 5 12 95 83 21 62 11 87 69 16 94 5 84 20 78 19 25 9 26 34 33 61 94 9 61 88 
87 48 5 12 89 15 81 87 39 90 62 34 32 26 19 30 87 65 25 31 2 6 85 6 23 67 85 91 18 61 99 37 93 78 94 77 58 82 70 47 22 43 50 76 79 15 66 36 33 11 90 90 8 78 5 71 24 99 29 92 53 64 8 50 3 73 76 67 64 45 20 71 
77 62 80 28 88 37 96 30 60 11 64 39 51 50 35 46 74 16 16 6 77 83 94 75 2 58 22 86 90 40 9 84 48 34 38 88 82 2 22 87 20 28 58 76 97 78 76 30 92 69 72 29 37 57 33 8 3 56 98 98 87 57 29 20 45 65 1 8 95 31 41 12 
37 90 75 54 9 5 27 65 35 36 51 50 72 26 74 95 56 2 0 59 1 5 89 100 51 55 65 30 76 71 88 11 21 86 68 25 29 89 69 72 24 66 87 37 88 8 74 39 9 70 65 25 50 31 38 78 13 1 58 29 83 33 73 50 100 68 56 19 83 91 65 80 
72 23 85 97 52 77 97 39 26 39 25 82 77 38 56 48 79 33 21 34 97 17 21 98 33 100 85 26 67 82 38 93 68 29 52 61 69 27 43 9 17 32 54 75 76 1 20 56 11 89 53 28 46 12 94 9 54 21 13 82 72 21 41 10 44 60 11 51 84 30 94 14 
48 33 0 77 24 8 19 84 21 75 21 97 78 66 80 50 54 35 15 40 54 25 81 32 72 90 44 2 56 6 48 12 68 91 44 62 87 40 33 33 73 32 87 50 69 98 64 15 16 54 100 33 70 90 13 44 73 72 4 30 44 33 15 31 20 63 91 71 26 96 85 20 
6 90 78 56 64 32 80 49 44 14 2 26 60 55 74 68 61 98 48 73 9 9 41 36 95 93 75 69 100 68 44 40 63 67 61 47 55 16 39 85 19 51 38 48 62 54 88 36 35 23 39 8 64 41 52 39 90 97 82 40 61 94 0 19 69 76 44 34 73 46 80 33 
82 71 88 25 90 56 16 53 44 30 38 40 37 51 37 84 99 17 88 89 63 23 29 85 84 77 71 49 12 60 62 84 12 96 64 51 62 36 45 20 16 0 44 76 10 88 18 58 18 89 91 19 0 48 55 1 6 81 68 87 99 2 4 98 95 54 39 28 30 62 24 33 
27 60 14 99 21 13 5 39 27 8 83 39 94 9 88 34 14 70 68 69 54 56 34 73 3 24 39 66 87 14 92 78 57 53 47 14 31 56 10 50 73 24 92 20 30 68 46 91 78 1 75 22 10 52 38 83 87 37 11 75 99 73 0 66 91 84 19 94 45 80 8 86 
4 94 85 3 69 20 57 82 88 64 43 40 23 99 24 70 37 71 66 24 3 5 20 14 75 6 8 82 6 29 70 28 45 78 9 55 87 46 4 61 32 11 67 9 44 29 37 57 96 64 12 62 86 47 60 84 28 22 72 32 78 75 82 81 64 70 10 65 90 53 32 9 
28 19 32 13 4 4 53 65 30 65 48 6 39 26 12 7 4 91 50 28 98 25 69 76 79 59 91 6 45 95 33 80 40 77 36 51 57 80 59 84 37 26 59 91 20 67 92 12 36 41 44 26 32 10 33 82 36 77 74 82 4 60 60 75 11 87 41 99 3 93 18 75 
27 69 10 45 85 34 61 88 27 38 24 46 21 83 93 45 24 16 57 71 12 79 70 22 4 73 45 83 87 96 17 67 88 79 81 60 77 91 64 44 21 92 7 59 45 76 43 21 87 55 86 0 30 95 21 61 30 80 100 95 58 54 16 85 88 50 91 17 7 46 38 8 
14 82 22 96 86 74 67 88 32 10 49 76 54 3 14 3 23 61 48 100 55 78 51 53 75 2 69 24 21 15 13 83 0 69 8 83 93 20 79 45 61 2 16 24 0 90 36 27 97 4 35 47 24 58 79 5 22 93 45 78 15 77 26 48 91 46 27 4 83 11 29 26 
10 8 100 3 43 20 61 34 1 83 96 53 98 59 1 59 91 44 60 16 19 43 0 97 85 86 12 87 8 40 49 25 34 35 94 78 36 78 46 77 79 83 99 80 14 41 36 20 24 66 44 53 7 29 19 1 9 21 99 23 39 29 55 42 13 47 79 67 19 65 1 31 
17 75 75 98 4 81 49 39 89 39 33 83 54 30 36 48 55 91 99 41 98 42 21 97 9 27 29 26 69 9 66 93 44 59 29 63 66 45 49 74 22 68 43 70 47 88 11 88 85 43 82 74 9 81 26 66 30 35 73 20 96 87 44 43 49 31 46 15 24 49 46 27 
100 63 63 22 86 80 56 76 71 90 87 27 27 4 50 91 55 63 49 82 84 99 81 83 5 65 29 25 30 55 79 47 50 34 61 93 70 69 24 22 90 82 43 28 44 61 22 80 99 70 55 12 87 37 20 84 20 94 83 70 69 77 55 94 76 43 68 55 57 72 35 77 
65 52 69 1 76 95 57 56 1 48 42 67 32 24 39 71 28 38 21 98 15 97 27 91 5 90 4 87 20 4 79 74 80 8 44 12 15 80 60 43 63 0 85 38 64 57 31 21 63 36 1 37 23 95 65 15 43 56 75 16 81 53 12 19 38 55 85 8 87 90 74 12 
14 78 26 99 85 3 83 43 71 95 15 30 95 57 20 98 43 84 54 21 14 15 80 26 0 82 3 34 46 70 90 81 18 8 34 14 34 29 24 87 27 72 75 5 70 45 34 50 37 87 62 91 82 58 55 14 90 45 76 63 98 54 85 24 48 59 77 18 21 0 42 39 
60 54 66 52 37 87 0 8 94 11 90 92 54 2 31 75 17 39 54 76 78 95 61 39 39 94 82 55 51 86 46 46 84 87 41 65 36 19 85 53 37 29 80 16 87 73 53 13 61 44 19 59 93 88 73 0 10 60 78 65 37 49 90 3 1 9 13 51 92 72 46 76 
68 82 22 57 53 49 1 53 27 29 90 40 92 36 24 64 56 42 74 27 62 85 11 3 65 94 86 44 31 14 84 21 71 80 92 5 85 10 14 3 69 10 96 13 5 64 47 7 69 33 8 59 41 66 78 43 49 78 52 22 5 26 42 31 30 6 56 97 48 51 47 71 
5 86 4 47 38 92 56 80 0 56 25 77 98 41 26 94 70 14 69 30 34 62 38 48 56 100 40 75 47 9 9 84 59 11 12 73 50 71 10 99 35 34 15 61 22 54 44 21 43 21 61 61 41 8 11 82 66 7 69 26 39 62 4 69 66 98 76 41 10 83 90 33 
82 66 32 69 97 71 82 57 46 51 64 29 75 66 43 79 87 73 61 81 61 80 67 66 94 86 54 84 35 34 65 56 7 44 13 8 24 9 70 30 53 87 30 6 65 30 73 20 70 74 0 34 90 28 58 8 19 88 20 83 99 68 85 90 72 83 36 86 30 59 3 21 
32 65 59 28 56 49 72 6 23 24 36 36 65 87 55 78 33 29 67 69 74 43 64 10 90 42 100 49 77 8 53 13 20 29 64 76 38 48 23 69 16 1 0 26 13 52 61 68 45 59 83 17 5 47 0 70 87 91 61 68 35 39 86 20 3 2 62 8 17 56 3 11 
54 66 13 31 46 86 60 53 78 24 84 24 83 39 81 62 9 29 95 32 74 92 23 93 4 40 12 73 90 33 6 5 91 73 28 61 38 25 79 54 53 13 90 74 52 63 44 84 15 74 59 59 27 59 31 100 16 35 72 39 20 84 78 71 19 54 21 93 80 40 33 17 
89 86 25 74 89 81 67 67 82 1 62 64 72 74 72 58 96 18 23 46 43 61 19 73 37 48 11 15 52 41 18 81 18 2 95 93 92 61 43 42 5 85 67 81 78 2 88 2 86 45 23 32 26 24 23 31 33 99 94 4 17 43 25 6 99 14 89 41 6 20 30 39 
96 60 7 36 80 52 10 76 7 14 45 48 27 76 30 45 93 63 66 26 60 28 28 63 35 3 12 83 8 36 5 66 9 45 25 37 42 10 69 6 47 81 33 13 67 21 95 88 46 62 51 79 0 68 90 75 100 40 89 52 83 49 72 100 80 53 7 2 70 62 77 50 
31 88 45 47 48 22 89 81 89 93 42 61 0 3 15 78 49 2 0 13 34 54 12 14 82 60 58 59 32 38 70 12 65 54 54 29 30 22 43 97 78 92 45 46 72 71 20 76 60 34 72 32 36 99 16 9 39 94 51 78 35 45 28 14 89 64 52 38 3 24 34 14 
9 83 24 93 82 18 60 20 20 25 16 50 53 73 94 3 10 92 60 54 70 75 94 16 22 71 1 76 88 80 72 95 12 59 46 67 1 22 6 31 41 29 6 98 96 78 58 87 54 87 24 59 88 44 35 91 7 41 84 60 55 58 45 11 92 30 2 68 11 67 8 27 
34 44 84 43 75 51 28 6 26 33 69 77 11 70 28 24 25 44 26 96 75 95 10 65 98 63 31 8 94 67 27 19 44 76 0 86 31 53 19 53 15 85 52 92 3 34 53 8 92 93 8 22 81 86 36 60 29 62 45 62 77 75 32 86 90 49 40 24 2 66 29 97 
38 3 30 1 48 89 77 14 81 79 64 86 16 74 21 60 7 21 36 62 91 53 0 70 31 76 97 10 24 86 32 27 28 90 100 54 84 41 36 75 4 84 66 54 74 93 15 83 83 54 33 82 81 72 65 15 42 16 100 9 78 54 15 83 21 92 10 23 18 38 63 43 
63 16 36 19 12 89 95 99 48 54 59 30 51 9 21 57 77 70 70 58 22 95 61 73 40 94 62 20 67 85 42 53 60 78 54 69 2 31 11 70 14 60 16 97 65 25 30 70 19 56 74 16 41 72 75 2 44 33 16 48 86 97 3 43 41 61 32 40 70 90 86 76 
82 52 2 35 48 40 0 26 38 0 59 64 29 76 96 30 47 9 15 93 90 0 22 85 11 80 61 42 84 16 63 29 46 82 8 91 13 0 3 87 35 98 85 76 85 16 99 82 48 35 87 94 88 57 47 19 4 22 94 94 59 71 67 36 69 46 12 46 65 33 48 42 
96 35 0 73 94 3 36 94 73 61 66 12 68 64 68 59 85 11 30 39 12 25 93 47 64 59 77 23 23 65 66 61 32 65 40 70 45 48 58 75 30 52 97 89 47 96 50 8 27 9 75 57 75 40 67 60 88 31 21 10 81 49 94 82 34 8 54 45 9 28 88 69 
48 37 90 23 53 58 74 95 16 76 69 74 54 58 16 3 44 80 51 65 44 40 92 100 38 21 49 74 37 63 52 98 61 26 99 57 71 39 14 76 64 40 6 18 86 8 30 4 50 88 57 33 84 83 88 97 88 81 16 46 13 40 85 55 8 14 70 64 79 79 18 86 
89 78 75 49 17 96 0 56 84 17 34 98 19 11 94 35 41 11 70 98 79 1 47 50 53 100 44 33 41 21 26 51 29 82 52 15 59 71 60 12 15 45 39 97 12 92 48 7 82 21 12 83 31 88 46 9 83 36 56 44 77 63 83 17 41 23 78 25 86 1 58 70 
89 14 73 53 65 42 5 55 77 97 55 18 55 97 3 83 32 9 16 67 79 61 34 6 77 55 37 0 45 12 82 6 85 38 15 29 71 60 65 53 2 48 73 37 69 68 77 75 92 5 33 2 24 65 36 10 60 27 90 73 43 18 90 87 64 27 41 18 30 63 99 28 
34 73 91 100 72 7 43 100 60 41 3 69 4 22 27 76 50 12 96 50 73 14 49 69 39 52 37 98 70 91 80 75 35 34 52 34 92 8 85 73 55 46 92 89 79 4 24 22 10 54 57 89 14 16 79 62 0 36 93 42 84 1 74 58 5 13 77 74 45 63 30 98 
15 29 9 26 55 94 91 40 45 27 56 46 2 30 49 84 94 83 33 45 18 50 58 54 86 85 83 41 94 79 62 52 38 71 77 43 2 93 72 33 65 21 56 49 83 57 26 68 86 7 49 95 92 53 20 32 74 98 8 72 99 86 93 99 47 79 55 99 80 43 33 27 
57 64 81 9 31 14 69 36 64 56 4 93 59 43 15 84 7 95 82 100 28 67 89 81 81 4 83 71 9 43 84 62 9 43 95 18 32 77 91 82 74 17 90 100 78 63 79 68 16 66 96 70 51 0 97 3 100 67 100 28 18 37 62 44 54 13 75 86 82 16 93 13 
95 10 27 72 19 37 13 33 9 54 77 83 10 44 80 2 12 16 90 66 86 36 15 46 90 10 34 35 24 62 58 51 14 29 88 62 65 78 4 40 56 36 70 3 89 70 31 43 38 6 63 37 70 69 22 28 29 65 57 53 1 47 92 53 96 21 94 36 85 0 67 72 
29 79 94 60 11 4 94 91 70 11 60 70 26 72 60 21 49 52 29 89 52 15 58 10 8 96 57 27 98 57 32 61 21 23 23 31 86 87 6 3 33 35 51 38 94 94 9 56 69 19 84 13 0 90 35 19 71 47 87 83 42 56 35 52 16 28 70 91 72 16 53 40 
56 46 75 62 53 96 23 54 37 59 2 69 9 96 9 11 56 87 91 45 78 29 38 56 62 80 91 84 84 72 20 42 30 83 59 42 91 75 91 16 40 7 53 84 87 41 16 9 67 66 28 69 70 20 12 25 99 86 96 69 82 3 78 4 75 24 15 60 92 80 42 7 
44 84 100 79 24 51 74 89 4 95 61 84 59 98 40 71 37 54 11 36 46 10 18 19 48 34 11 10 28 5 91 63 28 53 18 53 89 32 50 11 95 91 26 22 84 40 100 68 99 98 66 99 2 81 58 98 97 68 57 8 25 91 9 36 80 60 28 26 65 33 42 10 
58 4 82 17 100 24 69 41 53 25 33 62 28 75 97 64 66 21 13 69 61 51 55 19 0 100 11 50 13 95 52 75 24 42 44 50 54 76 93 47 68 2 5 44 6 63 71 93 27 29 17 79 56 5 64 96 18 94 82 44 69 2 37 85 39 35 76 1 6 68 82 30 
51 14 81 56 57 100 62 46 80 94 3 56 61 92 74 88 27 9 34 95 7 70 42 75 13 90 78 48 39 7 81 78 0 84 68 34 64 3 17 43 51 26 23 80 83 19 65 63 100 81 18 11 61 75 41 10 95 2 38 76 63 85 74 40 6 32 66 46 56 34 24 15 
38 77 72 62 22 85 3 64 5 6 66 50 85 74 21 78 62 51 57 5 25 99 89 32 12 64 63 35 26 50 30 17 14 89 71 93 38 48 27 50 63 8 21 2 57 80 24 53 93 21 59 70 73 17 58 49 68 4 41 4 57 76 18 99 36 76 45 47 12 61 9 53 
73 31 100 98 7 35 77 54 67 75 75 45 34 86 70 58 15 61 41 96 13 0 73 51 12 94 43 77 69 62 86 83 64 45 95 18 55 84 32 89 17 72 17 56 64 87 0 25 49 54 90 64 32 67 41 36 68 89 84 98 46 50 12 96 28 15 36 92 85 95 87 3 
22 65 92 79 86 29 16 67 32 24 100 78 81 32 92 44 12 89 87 38 30 46 45 97 69 36 1 48 68 37 52 41 21 9 9 41 88 79 41 74 33 81 87 82 11 14 51 81 6 44 72 21 44 85 4 8 84 33 22 13 96 1 53 64 18 40 61 74 57 24 62 74 
89 13 68 70 31 0 2 2 55 66 87 18 39 38 19 30 97 36 72 64 14 35 93 90 82 56 25 14 92 86 47 97 60 63 29 74 70 6 76 23 95 34 18 42 64 40 55 34 15 10 36 80 6 39 65 3 65 23 92 86 25 73 79 99 27 74 80 70 2 98 34 50 
76 28 3 14 48 73 57 50 1 58 29 58 46 29 26 93 83 9 93 33 18 93 99 48 30 92 78 99 21 35 69 93 72 53 49 69 86 20 1 76 33 41 36 2 99 60 23 77 48 93 69 69 93 19 15 15 3 49 77 59 76 63 20 9 81 51 7 74 65 65 91 2 
71 57 86 50 44 9 67 31 5 3 68 96 26 2 7 76 98 93 56 77 3 99 52 71 24 76 91 80 76 82 89 27 2 4 31 25 99 23 91 8 73 11 25 43 70 4 82 46 84 31 60 88 100 13 48 7 91 13 24 1 47 15 13 28 67 29 4 93 38 10 69 60 
16 32 27 5 77 19 70 58 1 90 79 99 22 42 50 63 21 6 19 28 28 85 62 75 77 50 48 78 44 89 91 60 1 95 70 37 59 87 57 16 98 11 3 34 51 30 14 4 0 52 71 96 23 10 79 76 0 15 79 87 79 71 78 87 32 54 39 34 77 16 37 94 
33 74 8 43 37 67 25 75 89 8 22 1 3 38 24 57 48 80 56 78 92 34 37 83 38 45 89 58 92 23 92 53 92 46 97 8 80 27 38 36 84 89 40 98 61 72 11 76 52 16 88 94 85 63 80 79 100 66 43 11 42 82 35 94 71 89 91 49 30 80 66 85 
99 32 87 87 54 100 95 9 55 11 31 30 25 70 46 11 24 31 78 6 66 5 94 38 70 38 23 55 29 13 2 3 82 34 97 56 11 49 18 90 20 43 39 86 71 4 77 49 26 10 71 86 5 24 31 41 96 0 63 35 51 98 75 20 13 1 19 84 70 4 50 13 
45 82 40 68 11 57 83 89 74 9 53 94 19 46 87 88 51 98 89 34 65 29 24 44 70 83 75 55 21 88 61 91 81 98 3 80 75 75 94 10 74 39 5 9 20 57 91 55 0 19 2 65 49 98 27 43 6 99 4 16 64 55 66 25 88 40 70 80 36 18 64 36 
30 59 56 43 76 1 95 53 25 21 20 3 25 76 51 57 59 83 94 92 3 90 59 56 78 81 55 64 65 56 60 34 34 38 69 62 92 70 42 23 7 4 0 81 52 33 72 43 40 66 3 65 13 85 2 14 19 66 60 26 30 9 83 55 82 55 39 76 92 69 34 19 
9 11 18 32 58 96 61 14 16 1 87 67 34 81 90 28 93 5 38 88 95 56 22 71 7 9 69 18 57 75 99 80 41 9 6 26 76 35 26 42 12 30 69 8 22 93 7 62 43 42 70 36 1 16 3 41 7 93 97 65 100 6 52 94 1 42 38 4 57 55 25 95 
71 40 77 93 45 78 39 39 65 51 39 60 99 71 70 45 34 1 30 73 22 25 66 24 98 41 95 63 32 83 1 84 18 15 29 2 50 27 11 7 93 76 10 60 69 34 46 91 79 28 38 36 71 68 12 42 19 35 70 60 34 17 70 17 38 34 78 39 71 72 13 37 
20 11 77 4 8 60 99 58 79 14 88 93 46 48 35 5 90 26 78 56 26 89 21 83 42 74 6 34 98 24 20 20 76 26 18 90 47 39 68 64 81 91 61 58 25 7 39 99 58 51 75 13 51 19 50 89 20 73 29 43 76 50 56 13 77 66 20 20 95 64 7 16 
44 87 16 43 12 99 10 17 10 87 26 27 42 30 30 78 57 1 13 31 11 10 92 70 52 14 93 64 39 62 0 1 39 14 56 52 28 39 46 52 52 21 11 29 11 65 65 45 0 96 14 97 35 78 99 21 58 1 79 38 71 17 20 86 90 87 24 2 24 84 37 79 
84 77 88 20 24 68 44 56 94 86 50 97 10 65 59 10 25 92 61 28 47 47 85 11 20 60 3 55 37 85 53 64 71 66 37 45 53 1 21 12 67 31 53 14 70 28 39 13 38 49 84 87 99 38 14 20 68 53 97 8 36 78 63 70 85 53 96 33 75 68 37 68 
41 91 33 22 45 72 44 45 47 18 25 66 52 51 6 18 43 93 50 71 60 59 31 15 46 43 45 65 38 29 86 77 75 88 53 18 34 49 98 82 85 99 40 50 64 72 64 54 72 76 67 60 63 85 57 4 91 55 49 61 29 48 45 48 71 43 18 88 50 52 25 24 
98 80 84 62 86 19 18 22 83 9 99 73 50 47 27 51 33 88 84 12 30 31 41 39 79 97 82 10 60 5 63 76 78 88 52 64 38 88 12 1 56 93 50 17 21 60 5 30 83 31 89 84 97 99 10 8 34 82 56 88 67 99 84 64 95 63 63 63 53 53 11 53 
27 71 48 50 84 86 21 22 26 25 0 74 17 55 54 40 60 76 36 16 86 35 75 48 65 91 38 95 53 54 41 91 43 94 38 4 59 59 31 9 80 89 40 9 52 84 38 26 66 36 17 96 51 61 67 98 2 67 32 8 77 10 83 72 60 94 95 3 23 75 58 15 
79 53 56 43 0 0 22 71 74 95 18 14 82 32 58 40 87 74 97 37 91 48 97 92 72 12 26 98 28 86 86 86 53 98 11 95 91 21 51 11 1 49 75 33 16 5 68 18 7 58 14 47 9 17 61 71 27 25 81 3 44 15 95 92 29 53 49 45 53 66 68 63 
66 45 42 26 73 17 89 8 54 85 14 89 31 54 76 57 45 10 84 19 12 46 81 55 97 84 91 33 93 64 16 17 95 92 12 11 11 54 55 99 87 86 61 70 59 32 54 94 92 8 8 85 42 82 31 79 48 46 45 53 36 51 64 99 34 65 87 85 29 8 94 30 
1 17 24 12 51 50 58 80 3 20 63 89 75 48 74 9 28 1 21 100 96 65 84 29 71 35 89 19 36 42 100 85 45 85 4 95 62 71 48 98 53 34 17 63 0 42 40 53 43 77 24 45 28 80 86 6 17 77 64 83 81 44 71 95 78 58 84 71 23 6 98 61 
3 4 45 1 18 64 99 49 21 100 88 67 79 74 19 24 63 47 78 22 7 74 75 98 60 13 92 54 6 48 29 2 68 27 84 70 72 32 92 55 41 2 10 75 52 89 98 65 67 49 19 8 90 42 7 49 79 20 38 40 83 89 33 53 90 30 56 0 79 80 96 91 
67 14 91 12 84 83 0 3 84 66 43 46 2 100 33 72 3 66 5 38 37 64 84 57 40 36 89 34 57 39 26 78 20 12 53 87 31 50 97 81 68 7 52 23 62 36 4 59 49 96 20 54 23 67 23 35 29 2 86 85 68 82 100 17 79 50 83 25 13 41 30 82 
25 34 88 29 55 18 18 78 42 50 45 31 84 9 64 31 100 79 97 21 90 8 60 87 80 0 36 26 8 38 94 50 75 41 47 15 89 16 70 21 94 13 1 60 5 27 4 14 43 40 57 22 28 42 29 6 9 82 23 16 28 50 56 12 33 29 56 47 48 37 20 97 
