47 86 31 73 11 96 33 56 14 51 49 46 43 80 47 21 83 76 43 60 64 28 7 53 83 80 63 38 6 27 59 16 31 42 95 2 31 79 95 84 99 36 72 27 89 8 8 49 90 94 51 87 43 87 47 54 68 43 38 100 94 13 30 4 69 9 75 81 36 74 65 20 55 
43 22 66 31 100 20 99 66 24 87 95 74 52 76 0 29 10 23 40 64 98 96 23 46 37 32 56 18 72 26 26 29 17 32 60 40 27 97 30 89 18 84 52 78 56 56 38 36 23 16 31 69 82 85 95 31 74 15 69 72 69 44 28 83 37 68 98 26 92 93 15 5 9 
76 3 75 39 68 83 13 70 85 62 13 7 74 71 84 38 47 61 40 30 1 9 5 12 96 30 18 31 43 54 38 18 42 14 32 57 68 76 96 87 44 97 62 100 87 37 66 16 48 49 27 41 77 36 58 98 31 24 47 13 85 5 86 18 3 6 49 68 51 78 28 45 36 
30 48 16 8 62 62 56 0 46 58 88 53 16 88 66 21 35 59 13 99 79 43 19 13 80 38 52 45 19 23 13 98 43 81 26 4 4 87 77 90 90 33 8 77 29 11 96 11 19 28 40 60 94 88 16 57 85 49 84 27 76 55 45 34 52 37 42 32 72 39 48 90 88 
19 89 23 68 35 11 0 93 24 79 96 97 70 28 66 83 69 67 63 99 57 89 31 69 45 39 73 54 12 53 46 44 74 7 23 66 20 52 51 50 80 8 98 89 76 5 62 8 71 99 94 23 48 5 66 90 24 84 55 34 32 71 82 73 82 57 57 45 0 47 7 45 46 
51 15 62 3 37 61 13 23 93 36 74 41 77 24 19 96 13 21 48 87 6 14 44 7 75 18 29 30 9 94 47 18 48 39 1 78 66 54 33 53 68 57 23 82 89 55 21 67 31 71 32 44 1 82 64 2 25 84 67 2 70 9 90 61 70 19 27 37 44 68 6 26 70 
61 66 10 43 28 22 36 17 33 69 91 78 32 93 98 68 15 25 61 48 61 56 29 35 72 85 45 17 63 83 87 48 65 49 2 92 6 43 72 35 99 85 46 55 82 38 46 18 28 72 17 76 6 33 24 51 70 75 65 43 89 11 92 58 29 1 80 18 97 58 19 54 49 
55 10 87 83 24 78 87 80 72 20 76 64 20 13 67 73 41 15 63 67 55 17 88 82 79 88 97 51 18 94 14 20 21 70 11 59 72 53 14 66 6 11 98 91 82 58 20 41 92 3 94 39 87 74 36 69 32 4 66 52 37 52 21 13 96 99 3 19 30 49 70 99 95 
9 34 13 58 2 7 15 61 46 32 70 72 95 56 86 100 55 87 13 93 16 19 61 5 64 13 76 50 84 55 11 93 33 79 51 23 6 54 46 9 62 77 7 89 44 48 54 96 26 84 40 44 62 19 65 77 88 51 9 81 43 96 3 28 2 74 93 19 48 51 94 62 11 
18 78 81 63 1 31 57 81 42 89 95 65 19 50 42 13 44 52 14 47 8 17 58 2 12 30 10 91 39 60 49 45 45 62 12 0 13 6 4 71 70 96 18 24 48 97 46 56 18 87 49 2 86 64 53 87 65 32 71 87 14 92 79 99 92 96 73 51 29 10 3 63 59 
52 34 26 73 71 38 56 24 60 3 47 71 91 91 52 85 73 29 38 57 94 62 38 53 25 0 90 64 86 23 58 0 54 18 36 28 4 97 84 9 30 55 23 24 99 60 91 100 88 34 96 1 45 15 45 46 15 43 55 15 81 60 38 70 28 24 21 10 25 13 65 19 15 
10 59 50 67 33 63 94 92 76 49 58 82 73 8 92 36 85 47 47 16 40 100 66 44 79 45 3 76 79 49 81 97 6 10 62 14 30 36 30 67 13 70 22 67 7 67 86 77 84 58 54 76 43 13 10 27 4 10 86 19 25 32 1 63 31 40 94 81 91 17 41 65 31 
69 68 65 56 24 45 8 35 54 72 27 71 86 62 100 67 54 99 53 28 37 71 61 79 98 61 73 85 62 62 73 29 60 57 43 63 94 45 52 52 95 78 39 74 2 79 41 56 76 2 69 2 3 40 75 80 88 18 23 31 84 100 48 51 11 83 27 47 45 94 10 16 26 
75 44 24 34 85 23 1 61 50 24 91 23 93 58 15 53 43 47 31 36 87 96 51 55 99 32 90 49 22 96 49 88 27 32 99 63 64 4 95 56 60 97 38 72 6 48 94 98 2 67 29 38 77 34 70 24 34 99 15 42 49 10 74 54 78 10 17 98 7 11 80 72 42 
6 57 59 32 53 82 70 32 97 91 73 56 31 80 19 81 6 70 70 72 4 87 21 44 93 71 48 0 31 61 2 59 83 0 100 13 77 25 75 83 65 38 20 25 47 21 55 26 60 27 15 37 36 50 100 73 96 99 5 34 34 75 54 55 73 99 89 35 43 4 67 80 51 
19 23 59 85 21 2 8 20 33 63 97 42 9 75 22 58 88 79 24 44 73 60 99 94 48 65 42 13 30 36 9 86 49 19 15 31 91 44 7 41 82 25 90 67 97 20 96 95 52 2 18 49 23 14 35 39 63 14 9 45 88 62 92 79 10 34 81 73 5 79 92 53 47 
1 5 9 18 86 66 0 18 72 13 68 79 12 73 37 40 79 82 9 14 72 69 30 30 99 3 87 84 79 27 11 30 93 29 9 55 86 75 92 45 4 45 51 64 31 21 79 62 50 18 55 96 81 70 53 9 12 63 98 78 63 69 17 16 58 91 51 66 3 46 17 55 36 
90 99 57 90 86 61 25 20 8 92 27 26 93 96 29 98 96 78 74 94 69 77 13 40 64 28 16 71 0 7 51 79 61 81 76 18 99 91 100 63 65 35 54 13 12 47 0 38 58 92 90 13 4 36 1 41 14 31 7 59 11 9 96 14 32 86 67 72 4 36 76 74 97 
92 42 58 55 4 55 89 20 2 78 86 60 95 39 41 90 54 43 42 70 41 94 19 0 36 9 68 93 9 9 49 70 26 92 72 35 92 69 25 55 46 66 41 24 64 90 86 27 8 43 8 89 88 61 11 26 41 82 92 79 61 20 94 27 33 43 83 64 4 61 5 29 71 
12 74 81 62 87 74 62 70 27 15 73 69 51 80 36 90 91 71 65 59 86 92 83 0 24 86 91 90 23 11 18 40 10 76 64 0 100 94 8 9 29 11 0 76 46 79 35 69 19 54 21 77 98 49 24 63 18 46 18 57 15 4 19 22 76 70 57 10 42 92 80 79 87 
37 13 51 46 82 81 43 24 0 3 92 0 79 60 18 68 71 51 52 98 40 27 40 89 25 69 90 83 38 42 93 77 67 60 16 46 1 4 24 30 32 79 72 36 37 97 77 81 84 18 17 12 89 43 98 98 14 22 7 96 17 3 44 74 4 58 75 66 40 98 63 82 41 
99 26 1 2 6 11 90 20 12 78 81 83 72 31 13 63 90 51 28 18 3 94 82 78 52 69 26 17 23 66 34 5 5 91 50 61 77 21 14 76 24 30 31 33 78 38 14 89 22 10 73 79 72 36 89 8 31 52 29 33 38 41 7 1 38 10 10 25 40 6 70 11 45 
13 40 18 50 24 2 39 74 61 79 30 7 69 78 62 38 69 36 83 31 29 93 39 100 1 4 22 46 14 15 22 70 97 91 46 88 11 43 56 2 11 37 8 59 74 73 92 78 75 56 73 28 9 58 58 54 83 26 94 69 73 15 69 63 76 42 57 28 80 66 30 51 37 
59 84 82 54 52 75 26 36 98 97 17 1 37 2 38 51 99 89 88 33 64 97 39 86 28 66 88 18 33 91 51 14 55 72 9 85 36 92 46 55 85 42 72 92 17 22 43 51 65 14 90 34 100 29 46 47 7 84 84 51 5 90 79 25 1 72 78 65 16 100 85 67 98 
58 15 14 62 92 87 50 27 82 23 91 68 14 46 73 39 62 90 1 80 41 16 6 96 14 13 81 61 32 24 26 4 20 82 54 17 7 8 70 80 18 10 14 43 71 93 7 79 11 73 62 65 86 75 82 50 43 50 4 100 67 25 72 51 77 41 78 56 49 60 50 95 82 
75 84 82 37 44 7 80 14 76 46 3 87 56 33 60 15 12 54 79 69 1 37 35 95 58 1 28 49 50 66 74 16 41 63 26 46 27 44 65 20 51 67 55 29 52 64 96 9 18 38 25 69 21 73 0 90 2 40 72 12 32 88 80 37 78 2 71 85 49 85 97 57 14 
70 60 36 24 15 39 6 53 37 79 84 31 83 54 42 98 71 92 98 45 35 73 100 51 22 93 71 67 77 88 91 97 65 23 11 58 38 83 65 73 67 45 8 52 65 13 56 65 78 74 45 28 59 14 65 87 43 8 16 30 32 73 7 61 0 79 61 46 31 72 19 32 14 
38 50 92 100 100 17 84 17 79 7 67 79 71 36 50 59 17 31 61 71 68 78 100 40 98 7 3 90 89 71 2 28 44 3 81 95 74 78 68 36 30 47 42 70 15 33 97 11 69 71 89 89 12 67 93 26 100 40 21 28 44 54 25 46 28 58 20 95 52 27 41 52 15 
80 16 26 3 53 75 10 39 50 52 90 22 58 40 42 95 56 40 28 83 37 83 59 45 97 9 76 66 66 36 6 49 47 30 34 93 67 69 96 35 77 19 96 100 8 4 20 26 58 68 70 87 16 40 95 61 46 10 16 44 48 2 62 47 90 5 58 20 31 9 1 98 55 
85 10 62 5 74 1 36 92 1 11 15 40 47 63 44 72 88 80 20 37 57 65 7 77 67 36 18 97 30 88 22 52 35 10 5 11 50 71 7 15 100 40 96 53 7 93 78 70 79 91 56 21 77 10 50 24 72 86 72 44 23 9 29 54 45 83 20 2 66 47 5 66 74 
10 30 28 88 44 26 66 67 21 79 79 58 0 44 81 68 84 25 30 34 13 30 22 73 43 47 94 59 1 49 98 99 73 54 69 8 4 61 30 37 25 0 64 59 30 35 75 23 76 12 66 24 99 75 73 35 0 4 57 85 36 18 69 54 4 32 44 64 71 69 87 48 78 
23 1 68 84 72 13 2 21 48 68 80 90 50 12 29 85 100 7 31 79 52 0 82 98 36 45 13 55 28 6 58 36 3 7 73 26 67 66 0 51 26 52 77 7 46 78 85 10 85 28 62 94 98 81 25 13 38 82 29 17 49 81 88 75 87 75 2 46 53 30 27 28 84 
78 96 40 95 3 89 31 46 73 26 33 89 42 86 88 70 87 72 58 59 41 55 3 5 61 28 22 99 70 39 6 49 91 94 44 33 16 88 52 39 88 23 55 94 84 7 49 4 84 60 14 23 87 50 48 5 85 86 86 79 66 65 36 66 25 37 86 5 93 80 34 21 17 
55 5 57 51 72 99 53 23 50 100 45 94 19 4 12 52 11 15 59 79 85 55 65 35 68 32 48 15 100 53 37 50 26 48 81 90 41 0 50 84 49 38 78 55 79 22 52 31 41 30 58 14 23 21 13 72 14 87 73 15 46 94 89 83 85 20 46 25 16 62 50 88 6 
98 59 27 1 28 42 94 59 81 21 87 34 55 44 64 40 80 47 7 31 60 98 95 39 59 88 91 72 32 13 30 28 76 9 26 90 19 79 30 13 67 13 89 3 19 98 41 40 20 11 87 99 90 67 94 27 14 65 94 45 36 45 1 57 50 0 78 25 49 29 73 40 40 
57 95 27 25 49 67 49 51 11 60 8 51 53 82 32 18 73 0 1 30 34 18 31 55 99 31 48 64 90 52 17 25 35 81 65 33 5 82 93 96 60 69 81 28 34 0 0 64 98 78 68 17 20 23 21 12 77 45 81 67 90 45 100 37 25 21 40 15 63 73 97 72 61 
58 21 80 62 4 55 1 86 4 80 49 54 19 91 77 55 62 68 13 6 86 8 29 99 90 57 2 90 73 66 18 16 48 2 70 85 3 58 77 35 77 93 70 89 10 1 87 28 5 99 41 98 87 80 41 47 95 49 37 10 82 51 49 44 57 55 50 72 50 93 10 37 88 
58 4 80 90 17 22 61 21 70 65 76 85 73 23 64 90 25 43 76 83 35 68 7 30 37 31 16 80 74 78 86 59 70 98 58 45 47 91 62 7 19 0 46 81 73 72 52 28 56 42 99 66 62 24 33 46 0 83 12 37 51 0 58 58 2 48 12 6 7 55 45 88 100 
94 51 65 77 24 31 56 96 93 85 32 1 1 87 77 35 44 13 76 93 5 35 62 76 35 100 90 65 86 58 58 37 83 93 32 92 6 43 9 73 8 72 2 11 77 90 27 32 56 81 49 63 49 1 11 88 78 58 48 54 26 99 43 90 96 2 90 75 80 92 53 31 7 
92 70 81 72 11 43 83 89 26 82 71 71 33 70 11 75 56 47 7 95 59 47 6 52 63 59 68 97 32 58 27 45 89 91 63 8 38 51 37 64 2 99 30 80 2 17 99 22 44 18 11 43 8 98 7 34 19 30 54 0 93 46 43 5 90 56 54 69 12 100 54 7 5 
33 27 11 67 63 49 36 59 45 41 38 46 45 86 26 16 63 24 86 23 86 75 40 53 88 35 79 83 47 4 5 41 69 55 53 41 16 16 62 84 99 41 32 48 12 75 71 96 75 76 46 9 13 25 82 19 97 18 24 50 82 84 78 40 50 43 33 47 66 25 18 58 60 
27 44 53 63 70 21 20 17 50 17 13 17 73 62 85 26 57 76 66 17 39 22 59 9 28 16 15 51 58 43 80 2 37 64 39 63 52 92 95 42 56 11 13 94 15 37 63 60 57 74 71 97 24 71 2 13 93 91 92 16 73 96 98 96 7 27 21 16 42 32 19 86 89 
76 70 69 24 47 85 43 47 41 86 58 88 70 88 87 25 23 13 2 45 24 78 62 86 3 94 10 83 9 15 95 39 45 30 26 49 97 96 38 21 71 95 59 1 6 93 48 62 100 85 66 57 44 13 87 16 22 21 24 60 52 73 43 85 36 71 90 44 3 34 6 12 2 
76 19 83 79 60 75 62 71 34 93 48 86 78 28 75 11 44 70 91 30 95 96 65 25 7 23 30 37 77 80 88 35 35 73 80 40 48 31 16 45 16 0 86 14 28 45 63 16 97 18 6 40 15 35 34 73 90 70 29 73 98 13 1 48 23 30 78 66 49 53 60 16 75 
66 65 59 21 70 98 5 6 48 85 100 14 57 32 49 97 50 59 9 35 11 97 68 54 34 91 47 34 2 9 6 71 57 39 23 95 13 88 86 54 93 32 64 76 66 17 83 18 80 24 61 14 42 14 4 62 33 48 5 9 28 3 57 58 97 13 14 99 11 7 23 12 7 
95 18 29 95 82 56 98 61 61 67 71 11 82 4 61 26 95 90 11 12 35 62 77 86 56 12 15 54 76 78 36 70 46 75 34 1 83 38 21 44 60 36 50 90 50 90 76 52 6 56 69 70 33 92 16 85 0 94 48 98 88 40 78 83 59 28 55 31 14 16 82 91 9 
80 95 59 89 0 17 8 21 56 85 38 95 73 4 53 22 60 41 57 99 69 74 92 0 76 11 77 82 63 81 45 98 66 29 59 54 27 93 92 18 52 89 26 49 36 97 49 63 76 47 99 21 80 76 14 78 23 11 80 86 94 39 88 45 76 15 70 91 0 81 85 17 6 
84 61 81 49 100 7 51 18 73 100 72 6 33 24 80 6 49 74 85 32 80 5 69 25 56 8 51 92 63 57 3 88 90 54 63 78 95 62 36 78 82 5 32 7 81 73 64 12 25 56 38 52 38 33 98 10 52 89 45 67 40 51 30 53 47 85 15 6 81 60 59 56 60 
94 46 89 91 31 88 68 56 41 65 54 46 30 68 45 42 16 2 44 31 88 61 8 27 68 29 34 40 11 0 97 78 71 60 88 67 27 25 27 98 94 19 37 60 17 18 23 51 54 59 34 27 2 14 93 42 14 44 77 10 60 17 41 3 72 73 75 56 25 75 99 30 15 
43 72 65 97 92 43 3 72 85 19 47 78 58 16 5 40 91 34 2 26 8 2 9 60 67 88 72 50 75 7 43 70 51 94 76 63 75 82 43 87 14 56 55 87 33 63 95 47 18 46 7 95 56 70 40 51 36 96 49 42 84 10 38 59 39 49 83 20 13 61 3 47 6 
47 60 28 66 72 95 18 32 24 69 90 94 82 60 23 49 92 6 89 51 73 23 72 15 27 37 72 30 95 72 82 29 0 66 88 64 63 33 33 4 30 11 75 16 28 65 98 52 52 14 26 15 43 65 51 34 44 8 4 22 62 74 37 78 95 65 42 0 66 3 58 37 64 
97 55 55 80 32 49 62 3 16 51 47 99 75 86 80 95 36 83 18 88 68 9 65 89 73 0 76 66 17 19 86 75 16 61 90 55 57 58 0 90 89 42 38 96 35 11 11 43 90 92 96 67 18 91 62 85 7 81 5 61 49 47 92 48 50 50 71 59 57 10 57 56 9 
57 73 77 66 78 18 76 40 25 59 5 80 56 8 30 69 96 77 71 39 35 27 31 8 33 57 54 40 57 89 89 7 29 58 61 16 73 15 74 21 50 63 38 33 1 56 35 56 80 57 99 36 89 85 74 28 78 67 62 80 55 90 30 76 80 59 59 19 3 52 70 36 19 
11 32 68 87 17 42 59 63 63 56 51 75 22 76 13 48 77 33 71 51 42 96 43 25 31 27 5 53 65 51 9 94 58 41 2 34 20 40 29 30 98 9 57 100 52 20 39 90 26 31 59 22 25 0 70 21 24 80 22 43 94 54 90 89 61 30 24 31 27 89 52 47 0 
84 8 52 47 25 24 99 8 0 0 95 7 46 97 69 18 16 70 44 13 80 6 95 21 73 7 82 95 85 41 97 73 73 30 42 26 98 77 22 11 58 25 16 83 1 23 22 100 66 6 2 10 53 68 95 19 86 25 81 29 35 89 35 17 64 36 66 6 3 38 86 28 80 
78 90 27 42 69 76 46 60 10 89 56 72 88 24 96 35 63 93 63 32 7 0 75 41 15 99 36 1 0 60 67 84 26 20 73 75 18 3 23 51 45 60 74 77 38 49 63 32 73 81 66 21 60 47 78 59 4 15 8 1 50 18 97 3 92 87 6 32 57 87 39 22 15 
91 94 17 29 12 34 38 60 92 63 75 17 77 69 0 58 2 96 30 26 44 91 66 29 36 7 13 37 79 2 22 23 68 32 60 33 88 71 49 81 78 42 93 15 98 24 66 90 23 1 10 72 44 16 42 72 47 11 84 35 44 38 2 35 53 47 78 88 6 11 12 89 39 
34 30 13 6 37 49 48 34 33 57 11 16 72 7 72 90 75 32 70 39 34 42 90 80 38 9 8 44 52 28 74 8 65 93 68 78 9 28 34 52 25 86 32 3 35 36 35 45 18 64 43 24 97 46 34 3 76 14 19 15 70 48 6 62 69 84 32 88 35 71 10 79 56 
93 38 21 38 57 54 56 48 74 78 56 14 89 59 46 74 81 86 85 0 73 41 89 4 79 22 52 92 71 84 32 79 25 83 3 58 21 34 14 5 19 61 35 68 24 17 79 65 76 45 67 99 6 31 98 12 19 33 23 18 5 61 87 71 69 6 47 96 75 64 28 60 65 
47 12 51 99 54 35 32 55 2 40 27 30 31 40 29 61 10 9 56 18 69 24 57 82 13 10 67 68 34 29 85 41 59 98 78 66 74 52 34 94 20 32 59 80 99 58 0 72 69 68 27 33 44 92 4 88 84 78 36 56 17 90 54 2 95 98 49 16 68 46 3 63 10 
68 26 35 62 17 53 0 63 12 30 85 15 80 86 4 54 53 53 14 58 86 100 28 92 14 73 60 79 46 12 73 9 94 8 53 32 81 48 71 29 32 94 25 99 2 89 94 53 71 75 36 69 24 65 95 7 56 41 14 64 42 72 35 9 77 26 4 66 24 85 99 19 11 
95 61 16 90 95 18 86 89 54 43 46 12 21 65 74 86 65 35 0 57 62 34 92 85 69 8 61 53 47 17 31 100 84 10 32 37 25 24 73 26 33 13 20 25 77 30 47 88 30 84 77 11 21 56 97 93 82 59 61 89 40 77 39 42 81 74 83 94 37 42 54 3 78 
59 85 63 85 48 15 46 10 9 25 21 38 42 6 2 45 57 50 72 27 86 24 5 76 98 12 76 53 30 66 68 42 66 40 4 2 38 40 22 55 90 19 11 35 55 92 12 80 58 38 44 28 6 5 78 88 20 17 69 82 97 6 21 36 26 49 46 30 99 37 97 91 89 
40 72 97 52 83 67 19 18 52 80 89 94 82 99 6 60 35 61 10 15 30 95 74 70 23 85 45 78 64 79 93 9 79 11 9 94 50 97 47 55 61 42 64 1 48 85 60 70 91 24 61 100 24 62 77 65 76 72 3 16 45 53 19 55 0 52 4 93 4 70 41 42 79 
51 12 80 64 96 96 41 54 53 7 23 87 59 35 83 13 97 66 60 24 25 94 100 90 70 85 6 74 36 55 49 93 62 39 68 77 41 62 1 67 87 36 70 78 76 66 28 22 91 13 82 22 4 87 18 57 35 66 69 89 19 74 45 47 69 92 79 50 62 76 98 52 22 
69 68 72 5 46 69 59 86 77 99 43 100 13 32 34 73 33 88 30 70 3 94 95 75 16 48 65 39 67 91 72 22 52 42 37 2 55 59 26 30 69 58 91 63 74 42 35 4 57 39 0 49 5 52 1 95 18 8 89 12 56 27 93 82 94 92 64 72 49 32 88 83 51 
29 87 77 92 73 42 88 50 84 76 20 72 5 71 13 81 43 75 96 36 55 10 81 93 53 12 67 97 65 22 71 2 55 12 84 5 50 37 61 16 80 96 57 82 14 98 77 0 62 97 3 59 91 10 89 29 48 40 90 64 8 72 83 65 5 16 37 7 85 46 19 53 6 
13 74 92 99 13 27 82 43 51 89 67 31 57 99 4 22 44 12 82 55 95 10 95 34 48 49 24 97 43 100 81 44 34 96 82 94 37 55 43 96 24 84 56 99 80 33 89 80 32 96 18 87 30 43 53 91 18 100 62 68 10 49 39 8 14 36 7 28 59 54 76 2 24 
15 88 15 68 33 85 12 55 85 96 80 71 10 90 68 29 19 99 79 34 81 49 38 70 73 27 17 40 87 17 40 59 50 8 46 31 82 24 91 26 13 42 59 82 91 70 59 56 71 69 37 100 95 40 51 32 57 9 36 89 92 18 42 30 71 15 86 1 64 76 83 55 19 
62 4 48 23 97 70 85 62 93 93 13 65 50 72 82 81 92 93 85 97 3 57 32 43 86 63 95 57 61 8 74 67 78 1 9 96 97 47 25 100 14 41 68 1 63 40 17 23 10 69 57 84 25 37 59 42 64 25 76 5 80 76 87 11 72 14 84 24 22 67 5 76 63 
41 25 22 58 17 12 4 50 55 42 28 62 87 2 65 97 55 87 75 65 49 13 96 59 77 8 44 68 46 85 56 61 60 83 78 14 17 39 42 83 31 53 89 50 16 94 46 19 21 20 87 37 28 34 30 66 54 84 16 3 13 49 13 49 42 79 56 65 13 40 70 43 20 
69 7 44 32 27 44 47 17 48 55 53 54 74 39 92 58 11 69 47 50 81 67 96 58 11 80 6 63 57 20 46 36 92 89 42 15 77 56 30 77 50 85 40 41 43 1 37 24 21 12 29 28 13 54 93 5 60 80 66 62 66 86 33 57 76 32 95 33 33 47 74 4 76 
23 18 42 7 57 9 2 0 19 51 88 25 33 32 26 63 38 99 96 49 27 13 29 42 76 38 81 46 58 63 2 84 7 78 61 73 11 65 37 2 83 32 97 37 51 52 52 10 82 75 7 100 72 87 1 48 69 87 24 47 14 86 78 92 91 51 32 14 16 0 21 25 37 
