166310 220750 175957 188197 187350 209635 209159 184627 213275 180974 175720 182643 222158 178114 217700 186246 199769 189797 179981 207015 174179 180487 186329 188684 191828 157696 200009 214728 205836 193553 173995 202097 197230 199439 166341 144012 197154 200569 211795 196715 201326 204248 181725 180659 185697 192657 199237 210708 203347 178129 197604 172779 201737 170540 207573 206689 198475 210194 191922 193258 198824 200483 198907 176717 183442 176479 173277 184367 186684 189993 194021 196044 192591 
161816 209833 171725 190402 191713 196160 219907 187250 207593 172515 176308 178002 190786 183112 200936 177555 206332 175695 171938 208579 186865 181963 209000 182607 210893 177389 188203 191985 203119 184224 175351 207203 177494 196035 150691 140790 192997 185149 203838 179912 182964 197810 178129 178797 173176 201176 183867 196183 212515 164954 193416 162508 191362 192095 190846 207988 194350 187265 188957 197901 208622 192776 184564 159668 166271 187148 172063 190695 186975 189868 188084 178346 182454 
148225 208833 158062 175832 166907 177759 201938 177436 204835 179339 159952 165213 205216 167051 185549 152438 171540 176000 156168 194568 175180 163160 186021 172452 176193 150568 188845 192386 185224 164423 165321 182411 173743 175483 152754 145080 195360 178862 192682 186407 184618 183670 164900 161769 160108 186153 187899 184539 201483 153991 190061 149591 180308 170794 182092 202147 173390 182979 187931 171203 179278 187702 175024 159813 165248 168840 151485 172693 165858 173476 178526 185142 173676 
161649 205382 167810 177163 177261 183164 190134 171314 193733 154445 162906 173696 203509 185584 197509 168078 189061 175162 169376 209148 181720 158802 174446 174320 194171 156486 185327 193464 184596 181722 166406 186495 180916 183292 162778 141187 184642 176605 196305 177803 176788 192134 165811 173869 158535 179039 172846 182027 191487 156899 190396 145106 177994 166761 191960 190728 177630 205062 188671 181134 193689 189511 186738 155898 177225 172224 157953 172717 172441 173616 190826 187026 183458 
178477 221829 174144 193507 197427 205432 214452 209948 227093 192462 177972 191623 221973 199632 208287 181466 206338 198347 170674 223477 207362 181361 187980 192415 194884 175679 208884 211728 208275 178859 188223 217715 203412 205136 171098 159165 204440 190328 227301 192846 207574 216647 181848 193168 185557 197029 180410 201022 212300 174894 200738 165863 216322 189143 216138 202286 198544 213910 199964 208276 199496 186624 203184 178068 197449 193277 169255 178823 200937 198768 198726 192385 195821 
138229 189487 159037 167602 162974 160222 188507 165679 185987 148126 162060 147651 183221 154541 168593 143413 155270 161135 153552 180218 161448 156990 165649 156616 170656 146455 163711 169684 163455 162040 146883 164301 164366 167279 133867 132401 168306 168348 182277 172307 157666 180080 150049 155481 146609 170739 153502 170427 185548 143987 169483 139096 163184 174224 175236 175810 154907 163811 166499 157780 172171 164305 167986 142056 155315 160365 151562 169506 162155 162986 165899 168359 166378 
167976 204876 175297 180916 182265 194693 196773 181431 212218 168411 182232 180696 202413 176774 188760 161572 186961 181368 169107 209519 197619 169221 190443 184821 202953 166992 202842 196543 196788 183303 185281 197391 184035 185846 164928 152225 194425 187026 205628 200766 196763 197741 174807 175628 174212 187643 178301 197796 199281 161027 185821 162435 193627 177286 190334 197286 181935 195321 189238 198859 198412 191827 192418 169722 190605 187340 176253 182248 185792 188926 185391 188165 181811 
155804 228302 178027 191672 198823 195029 235695 215018 222327 184467 189322 183744 229470 193203 208070 193387 204759 195510 177221 223360 214249 188406 190211 192670 209612 170782 192932 217716 219785 199099 185855 222783 198117 216605 172384 168729 187926 191831 218537 197947 200125 201667 171562 205892 175932 197489 189191 194446 216227 182870 206558 159778 198194 203914 197880 215118 194275 205945 210577 195491 196759 196442 192006 179916 181545 192762 175093 189547 210440 197910 198301 201136 186865 
163250 201118 159308 167476 181316 193688 179658 188261 199036 168344 173066 192165 197325 185647 193061 169535 189444 189690 140014 217656 171270 164167 188612 186662 189126 154500 189433 184213 199838 175736 159670 184207 179600 191403 159267 140050 187181 172541 202113 178927 186807 202856 171345 180073 168793 179208 157686 178680 182640 164352 177012 145488 196690 155023 194065 201760 175790 199757 209728 188479 184702 176873 189086 156990 174462 166106 166883 173285 182720 186902 182855 164202 191332 
155735 195194 159366 185734 195388 185174 201168 187403 207966 174334 154282 168245 204153 186199 173280 160507 202919 181923 158251 218222 189991 159671 180711 185553 187410 151421 177646 193262 186327 177467 165292 187944 184901 181697 162732 148528 168772 180404 203783 183736 169405 198339 171224 180590 156035 172222 166265 176558 172739 164919 183124 152496 185408 159222 187297 186678 178492 181707 191114 173972 186419 170347 175089 171429 185161 170025 165208 176672 175231 177786 171767 166597 180323 
155462 183734 157106 158146 175117 179866 184938 181002 190822 152260 169314 161941 189398 178310 191447 161723 197052 169331 159345 188533 170853 158683 184186 160910 186382 166905 182858 182639 195686 162830 160259 191986 182142 189877 144710 138608 183099 162771 181891 183460 178599 186721 162212 179677 163976 177421 175225 176134 193508 156784 169524 148142 175073 170528 190264 199039 184512 178007 178986 183208 191521 188990 181183 165045 162390 163775 131909 173677 172750 189401 170851 163641 175272 
154759 201367 148357 192250 191118 187505 202919 181736 203100 177431 158949 184411 205020 191057 195024 165857 197095 173461 174182 202757 179383 182179 196833 180319 188236 157419 178571 203930 209337 173376 182094 191602 181031 188949 168201 153898 195862 180613 187251 187394 186627 184703 155474 175260 185539 175149 180092 196832 203354 175371 185727 156700 203285 167803 187513 206178 180715 193623 214362 189514 182574 191077 174986 174001 188821 173862 161437 181534 176998 194904 173681 171251 183845 
173066 221006 187342 195809 210944 197282 209419 212455 226299 186293 204460 199359 221582 208447 216458 188187 211999 214880 175244 222143 193688 181443 211101 203551 213458 169914 206182 217071 220369 195575 182542 217901 215995 208970 175583 173638 197878 198354 210785 206261 211826 208497 178361 192799 191176 202463 189359 211943 219352 186572 205897 168395 208527 198969 206019 222035 196887 214147 214536 202351 210775 217803 198939 193284 203258 183162 177004 181709 191253 213986 197152 202165 207940 
152989 195519 165822 187200 180744 208314 197883 183482 207027 179547 188002 189587 196931 188227 210163 179021 209372 187986 168580 218425 202595 177376 208714 196416 198380 181490 192447 206249 208670 195074 170708 197291 193863 191677 168727 152520 207785 192592 206903 198162 193992 210292 183300 186979 191933 202559 175487 211816 211839 181007 201303 167900 190128 183349 214770 212273 193454 204892 191387 201194 202671 191270 196490 168462 184401 171585 181530 189407 192481 200972 188175 185879 191414 
152057 219128 166984 180847 191480 203910 202933 197796 218870 177604 182354 176231 200727 182384 198427 172462 198431 179176 172229 204730 185640 167825 197295 189570 196424 170328 195807 206716 189716 188000 178718 197476 205128 196720 181517 158325 191295 194305 207958 183357 193907 201454 171516 182470 179197 191683 171984 199997 192336 175813 204272 163289 206771 170211 214741 208980 175935 205391 208416 208268 202965 180031 198417 167710 180950 177690 176773 194815 193819 196486 191169 192693 204290 
149500 196397 158325 162868 178890 180934 194090 185327 199942 169400 176407 177017 199029 177025 191252 167276 188672 174778 151902 199723 180239 175862 184996 172766 174783 149230 188749 193565 196594 171098 172567 192774 186851 184483 161151 126141 168395 177617 190484 185653 175137 185468 171422 170377 171750 175075 169583 186412 199883 164279 181458 152427 188280 167873 194216 175688 192880 185582 188677 183875 185447 174135 184355 154370 165815 170329 155403 165083 179828 173183 176792 163629 172197 
148845 201747 152897 170469 183450 175213 188991 182148 190867 165646 170509 176881 202401 185762 199907 158436 186028 174772 174673 196191 179328 166493 186916 165773 183359 168169 185328 176229 197846 171967 165150 200313 188155 183516 148147 148612 190685 183330 184729 176908 180494 183781 166073 175798 170828 181001 173984 187749 194230 168288 183505 140737 182525 180556 190826 211908 173618 198350 193957 175541 178769 189515 177041 151606 165711 160134 152671 162752 168673 181305 177439 179027 180138 
169485 208937 164174 194485 188775 196125 208368 182393 209315 179293 176865 160832 222970 200122 215137 172751 200221 191108 186669 219140 184818 182491 194139 198972 200262 167673 201480 200610 203374 193506 164867 201555 208508 193905 176932 151386 203080 185634 205106 192304 193613 193142 182793 196294 192895 188811 185292 194144 208016 177044 192512 159190 207130 185080 202217 205875 190963 214872 202097 192517 186466 192657 201578 182378 190359 183471 173931 198722 197525 185291 204312 192916 202400 
162303 209502 168646 194360 187076 186332 202646 180043 208765 179869 175318 170620 219578 188438 203016 180649 208258 183454 179190 221594 182949 181859 202323 173403 200592 162766 205042 184433 203311 178907 173097 198458 184802 187767 168891 123600 197418 186942 211869 195048 183583 199383 178355 182277 177448 185807 182824 194444 212590 165772 184087 161021 187621 184181 190775 203370 182850 210615 189580 189102 199771 197744 177887 167724 175830 184880 173859 188248 189020 178124 195122 190162 185839 
175193 205225 172052 191124 200318 196528 204227 185374 214283 165356 173980 182939 225104 184335 219990 168482 202685 190923 183142 230280 186053 174415 199261 191785 203245 170631 194359 201780 222252 196902 173794 201985 188146 204051 173848 147326 193161 178030 212807 195308 192006 192376 177203 203824 190736 194025 178902 188302 209783 171421 194720 158782 205136 177594 201188 219265 193449 205043 196301 197259 203242 189483 187932 167413 183109 186779 181989 191874 200810 187509 202765 201898 193835 
158408 200292 159505 182044 183282 206884 214639 187371 194897 174101 173910 182997 205313 180750 201431 166195 188764 182524 159104 209384 185953 167892 199222 181076 198090 167558 184618 190221 211344 178980 174824 208370 182366 191175 171720 140192 178235 172368 196711 188540 182219 195467 176351 188215 188519 191141 177218 195974 201976 162779 194971 154454 205592 179657 179696 206345 187160 185716 186653 200561 186680 188547 191843 165099 170579 169816 169826 174320 185117 174456 183555 185771 173868 
124935 166023 146851 158106 150938 157076 162752 161291 168774 135547 156147 142373 166351 145901 162983 161307 165638 147004 133758 172882 161629 159158 166366 153060 166002 137762 149335 155820 174802 155200 142346 167093 152601 165373 129567 121608 150181 138299 168011 150162 149235 171741 137762 142504 144078 163520 153249 163957 172745 146859 156145 125153 152052 150101 158064 172568 150879 160250 163404 157846 152662 153374 146500 131582 132507 152492 137681 153579 167490 160870 157809 148276 153854 
155986 202147 154834 179676 195259 185332 203557 196785 200643 170906 180627 178165 200548 190560 196896 172270 184281 189183 152167 201028 181187 167165 188718 178084 197781 167947 195986 190453 188442 164969 169946 195971 169989 186284 163193 153083 187073 188708 199980 199078 178184 187229 174221 173860 162569 167082 177618 197393 197055 166539 185576 160825 182437 166053 183756 190904 169800 180939 185675 189401 187058 183253 178268 176509 168325 172168 148380 172208 191693 183707 173337 167731 183560 
174071 238027 183165 202977 209558 207919 247857 197716 229341 206860 194187 196118 241112 205935 226702 193172 189540 209707 186690 228350 210282 195773 209439 207012 225059 188027 208266 212883 233351 202261 199558 219397 223235 213145 184819 162968 210774 202183 229647 210335 203052 211023 198020 191934 200003 208839 198537 215118 228093 197523 210859 168564 214592 202232 225926 226054 213238 229430 220254 205770 203740 201119 203294 187036 205928 201566 179460 195652 211751 204178 207410 212392 207348 
166188 211480 161763 193293 188689 190117 213633 177168 208343 171964 181193 176330 201991 180709 207253 172014 184195 180501 162902 206423 187651 165608 198372 175468 185901 165186 180671 203522 199289 180254 178890 202318 186808 187913 174174 147152 183806 170808 210645 186236 176863 206898 174374 189432 173368 188257 187619 185886 202994 171377 198742 150335 196768 177799 203085 201622 182064 201595 191386 184457 194488 192828 186064 168750 172985 170475 163769 181101 191304 183458 193087 183130 182993 
154111 205556 150415 171128 186285 187061 196510 180357 198436 163990 162632 174284 206444 172173 185646 167224 177800 179266 163501 204962 186616 171483 194461 169359 196579 163612 181167 177513 184151 166872 167169 193823 178057 170851 142782 141516 173335 180591 195252 191538 169928 180650 161523 163803 162776 161030 171742 184196 187870 165336 177841 148710 182632 170330 177320 192801 181833 185648 189088 181189 192577 178968 168474 163431 181850 160829 153677 169969 176412 184500 162795 185822 177599 
163457 212105 176549 191802 200686 210987 208878 198550 219289 178747 179971 184055 214015 195789 208078 170198 207556 197713 164851 219529 191903 182283 192265 203392 214288 169838 194405 209004 221370 180089 183588 213467 205568 203178 165186 162454 192303 177278 205074 191551 210573 206453 184800 187115 185438 202771 179221 204856 210296 176188 192486 163735 220968 182677 203096 210873 198033 203308 208136 201727 188628 189737 208478 172438 190448 181879 168808 181790 192137 201176 193151 193155 198463 
161440 215659 156842 195800 199215 197700 214369 206061 216533 184480 203157 178014 213393 200393 210168 184671 204010 194290 175582 210514 197617 186242 207932 187959 209599 180171 197614 202391 209863 182797 182774 218771 187312 214913 161577 169170 215592 195084 204512 198861 195454 197522 187662 191514 196589 185194 168672 204929 224033 171214 204353 170136 203232 204588 208931 216921 202722 207697 220015 201115 209355 196504 204865 170576 176213 193983 166788 202965 196325 213802 187522 191156 211510 
150981 201188 167189 176070 166215 174712 190066 191319 200578 177071 184185 176409 186210 178788 192631 160593 177867 193422 164896 196385 179116 165016 180634 164081 182253 159047 189838 187682 197168 167184 167441 195338 182700 184808 152416 141219 188551 178424 198846 177736 189003 198909 166242 181659 176515 188131 175001 185536 201998 152898 195875 147028 188181 184531 181898 192771 176654 183543 181048 185688 179654 192937 182287 151521 158043 179050 157413 172097 179307 175015 190188 175265 189183 
145285 192675 147721 171267 171165 168004 202996 175677 194848 153716 174030 175585 196590 162972 192745 151055 170801 175074 154164 199527 177454 154295 176684 172322 182099 151311 186277 199668 181692 169895 154672 192725 176756 167495 144936 142692 175893 161232 191904 179326 167554 191302 151837 164780 164639 175377 162386 187537 186407 155095 187181 149162 170124 176697 177650 191255 164174 192506 168016 180455 184903 183149 171980 157417 180377 160677 157213 174333 170425 170958 163277 174484 175703 
154809 201765 148552 182985 179746 191766 201304 169935 192364 171789 161467 170932 201372 175860 184234 169718 180605 169171 165051 205096 172227 162484 187163 170863 193334 153075 175872 191625 188418 178203 168754 196536 174680 186538 165578 135088 178325 171688 196692 180626 167538 172107 172223 166208 171402 175782 171393 187654 197649 170359 176526 153399 188204 172274 174742 188558 174862 196199 179630 186204 185675 176111 165420 169461 167287 175453 159089 166934 173758 170923 177225 179833 171468 
149544 200955 153807 183647 173736 171022 205360 178934 199500 158186 170199 156868 204826 177465 196162 172143 201461 156478 163855 201439 186412 167307 188478 165700 187748 157929 170898 191617 177202 182557 172038 199485 191600 183799 159241 134629 178698 175298 194869 170141 163533 179772 172231 172422 166631 169217 166618 185555 208274 162055 183951 164326 173688 185346 184626 181684 178101 185540 182204 172708 189853 179169 174447 170969 161942 174270 155493 186932 175409 187963 176659 181088 178924 
174306 229310 174400 188520 198410 198054 217229 193131 222701 186354 191698 190377 228280 192947 217228 183467 194293 197898 174941 224289 183090 176624 191689 187168 212759 179027 221115 202218 214816 184525 185394 207285 204536 207984 179135 147835 210464 198458 221491 206850 204361 215216 195602 185585 175165 195461 191578 203092 206361 171670 203364 162117 206926 183805 218278 207051 185878 223591 200586 210779 202563 200712 206820 185832 201990 203706 171845 188298 201356 188265 182721 195214 201319 
158469 205828 164618 161573 184542 174914 202344 185997 204663 172683 172642 169177 195515 176301 179705 166305 196070 174090 165240 204413 195777 174322 194713 170913 190183 167826 176463 182790 195348 180123 175127 204000 202433 192465 167265 141674 181597 177837 197482 178532 194806 192376 171622 172764 170161 188171 171725 179219 188888 165093 194576 140063 176199 179379 197869 191706 178288 185940 195105 190806 189458 177239 187010 167029 170156 179159 161244 176578 184728 175800 175171 174712 168766 
152692 199181 163177 188777 176744 185381 199266 182955 191873 171608 180230 191207 199016 179481 200263 176141 184950 185529 170713 211156 183130 178159 194516 166610 204526 168515 181859 181935 213015 174628 182939 199241 180469 196995 162340 149759 184772 186611 206426 181598 189272 191404 174297 179342 167150 173110 185814 201070 212890 158937 190853 158381 196385 176118 180367 206646 191929 194452 177716 180696 193600 193282 160230 160979 166747 183463 150095 181570 184772 183454 188064 186888 181000 
149203 202910 158391 169991 170470 181614 192915 171082 189105 164781 175087 170081 199505 179704 189421 168065 188654 183185 173876 199449 173953 172490 184493 181360 186906 155958 196744 182724 178956 194970 162125 188480 189473 181206 161118 139236 182080 190683 185977 187313 181831 192207 170928 157187 167295 189262 176615 183471 183570 164990 189180 153072 169767 169503 191635 196512 187201 189588 184818 192095 187364 192453 187738 171434 169751 178224 161240 180019 174517 170068 164430 172564 178050 
159592 214541 182511 192624 187054 192994 215801 190377 209503 194363 188102 188710 222344 178034 218052 175342 206805 199620 170708 224525 200476 177470 204721 192099 198357 165783 201317 222400 207324 187299 181005 210996 197266 193158 159714 157890 215536 195416 211201 197409 198995 202902 193493 184010 186304 194496 178561 196304 204589 166987 206875 175987 196266 190469 194197 205596 202015 210437 200434 189445 197244 200651 202017 169995 188912 189222 171144 187611 174960 192157 197699 199239 197494 
162547 209105 165538 181630 183662 181154 211650 190152 215419 178647 187778 158367 214180 183127 197365 169763 186149 185881 159293 217210 190607 164703 197502 173144 199071 171045 193768 195418 199771 175421 174745 203193 189688 206994 173012 145094 205519 178376 210605 196843 188425 192813 178603 189365 178689 193011 176340 181384 206742 167858 180865 148784 194034 187139 186434 209758 178574 204299 192673 196855 184997 187987 184227 159578 179363 195065 163095 187570 196197 183147 195287 185605 180012 
177885 225650 179468 191095 207394 207803 235705 206799 231370 190878 193857 202719 212241 199283 206023 179141 208701 204491 172229 241703 208913 179637 206174 207730 222392 186728 202733 209943 208821 197135 200752 217141 192344 217785 186308 171557 207588 209968 223575 205579 214137 213671 202863 188750 162737 190415 189650 208940 225452 188687 206227 174640 211993 170936 199069 216747 199343 197204 206314 192324 210418 191406 199339 199642 198686 195262 156389 200276 211811 204750 186198 208638 195157 
150350 198160 166588 173178 177418 189637 195681 185333 190514 167657 163437 163521 200067 184369 200533 175396 195764 183989 168708 225093 173448 176524 193910 178481 191905 156997 187595 194115 193386 174314 159980 200728 177633 184506 150289 136288 191696 186873 189591 184788 180108 184375 169828 176378 168323 182205 158704 181105 194552 171356 178574 141830 182038 170761 173510 190269 183996 191711 189394 180492 190781 190478 183958 165905 174532 174957 155374 167607 174938 174217 184509 186913 172984 
158420 188160 167330 171809 183036 184012 186374 189350 201525 163456 180317 180855 194051 186694 192152 167390 197244 184560 166790 189151 180586 157364 187964 186051 185201 149320 181371 200221 191889 179330 159147 192956 183034 189734 164232 156019 180370 176264 187984 190734 177715 189948 167188 182549 173484 182063 170986 194406 198006 176482 190469 160463 172464 162953 205328 191983 181698 186546 182878 184341 193889 193832 186056 173528 176068 167137 157592 175273 182620 182643 173314 167352 191183 
154911 203322 159105 170162 186468 163767 200947 171583 205275 163753 174095 163158 211856 188710 198379 157394 172370 187911 163560 202109 179568 154268 180837 172765 192693 152960 190050 194000 180686 169844 169137 182974 186797 186219 162913 150355 196844 187429 195829 198312 178559 191005 173545 171932 169358 173386 175764 187772 196935 155796 174343 160596 173335 172461 202128 190077 183468 183975 186977 176105 183647 185790 185456 158734 181333 172068 151892 183394 168409 185623 176026 173920 194909 
148826 210815 157244 193343 188652 188300 195811 190303 210523 171124 173987 175740 199359 185863 200663 177351 204792 175531 167542 209214 182563 171568 207226 196087 195644 162329 187257 190176 203257 176538 172470 201342 193547 182179 159145 147599 178049 179687 202394 181752 191237 191169 171240 183142 168509 181335 174437 198807 202930 167314 173372 174823 209819 173949 188407 209858 197381 190932 183625 197358 191833 177907 169176 181273 190774 183379 155087 179460 181164 201286 186237 180931 180423 
151639 209582 154535 184478 198525 184554 212518 184738 213641 186421 173717 173644 213325 191796 206414 174949 188666 182629 162770 187096 177395 170762 194685 169740 200011 152512 191567 206408 198832 173967 189095 202149 187976 204940 176521 147196 196947 185213 199369 190831 190522 176526 168648 174168 185741 184025 188301 199377 192427 177483 190945 156049 182389 172653 196549 198874 178038 199276 187791 191511 205823 192894 191580 162520 170051 173145 176267 179774 181294 184326 175196 181222 169567 
141263 180659 149145 173222 159440 169555 179014 164321 192229 154396 156923 155984 184366 168602 192451 165140 178203 165532 144845 188768 166654 157714 153204 159931 174707 147005 180090 176050 184870 158323 155369 182656 177024 166864 153667 128175 177872 167807 171761 158800 171967 181126 156411 154910 151108 175991 153771 175505 193531 139570 176995 134277 182397 152446 169540 174985 168950 182871 166212 178508 157802 160476 176423 157111 156427 174846 126646 155919 172195 161451 178795 177317 166059 
170455 226118 170418 187978 201876 199548 221889 201482 229941 191047 184427 194793 222164 207957 211506 190500 199930 207921 173251 238431 205173 191887 214840 187832 212162 173776 202699 214146 219037 178915 189983 215889 212740 208715 185204 158361 211235 198617 222133 212366 200478 220745 184885 190369 190335 190854 210075 208473 220338 181519 207453 156658 201513 187705 204015 211898 190904 213473 216094 199834 202931 206434 196654 182510 189275 186166 177363 195012 191665 196560 198419 190262 193439 
181732 228254 177864 212830 215558 215586 218090 215654 228615 203789 191562 206246 229338 217842 216824 206164 226637 227521 187782 239244 200941 199130 212443 205803 217276 191347 211977 201090 226374 204908 187572 214118 210417 219234 169960 158735 210417 221424 228907 207876 213585 213033 202571 203848 191388 203985 199494 218674 230675 197561 195859 181038 206797 196933 215024 220950 220681 217091 222420 198132 213985 219970 203186 204479 204896 193228 178574 198275 211722 219448 203872 203301 201629 
170938 216915 163666 201509 199005 186931 211240 191580 219748 165932 194678 179089 217429 197643 200697 173458 200029 192401 173676 220280 200291 178578 197531 191934 222498 179930 191802 205595 194856 187538 186220 212995 199873 201970 184837 171413 198103 192008 219831 207209 195731 188304 182111 180859 170201 178391 178908 201480 215100 181481 210146 157412 189689 191448 204825 208632 177269 211279 192750 189599 214366 185171 195602 184909 179370 187276 174969 187844 192246 187138 177321 201685 194506 
148282 192334 155943 175764 164869 175602 188240 173902 189353 167185 157337 163966 192889 172021 181178 159678 180267 157079 166393 193535 162363 161098 190422 180393 185874 160136 166650 196149 192551 171852 163702 191599 176271 180328 158120 140710 182644 173259 188886 180215 192361 170334 159436 166272 168448 166091 172789 172223 180488 162942 174331 139165 185433 159416 191225 188932 169804 186815 173381 180982 190452 172766 166506 158901 171277 168889 158527 156186 169826 158726 176765 173817 161572 
164246 212285 162211 175103 175312 194103 204967 180729 205260 171021 175415 171216 201443 185845 200893 171898 193155 173130 165295 218811 179473 180285 205690 181431 187047 166126 200142 192504 203019 180088 181165 198080 190102 186876 177454 141703 200537 197522 195175 190255 184345 197664 170874 177445 168099 187486 173906 201292 203073 168421 198024 155891 200593 171355 193249 210198 178669 194605 184668 196377 183877 187918 189106 173706 174806 185253 170917 180296 178397 186476 179660 185097 178375 
155614 192926 165185 173182 192282 181466 188631 183689 195856 163446 167694 164072 195327 183613 191431 178442 206948 177016 170138 188476 184609 168407 188463 172711 195647 153774 174000 192042 193999 179248 164596 189374 192338 198581 170071 146650 173741 172350 191854 182106 180587 174251 165660 184777 172801 179178 170470 190826 177704 171598 195644 153852 177904 176047 191589 196484 174203 173449 175926 194742 195572 175428 191608 174245 162577 168268 178272 183844 182011 190441 172707 172305 185039 
188136 232854 184422 201119 194125 210471 212521 209179 233157 188061 198793 192715 223474 199896 215978 196568 219069 195595 186545 234583 194378 184884 209659 204403 208392 172973 210960 221498 219823 203222 190525 223810 220250 201958 170577 153364 203452 186310 226406 200281 211467 221409 183153 201295 202886 191885 196959 196958 222481 182171 193417 174209 216067 200840 215830 211305 202686 222419 220401 215712 215318 205116 207245 188702 198662 191889 184686 196026 198787 200042 204812 201062 206531 
162819 216684 167177 185319 206742 192063 216586 195008 214012 176170 175790 179253 215992 192589 204613 184714 192214 197664 174503 221495 185715 168887 205488 192155 213175 170932 190071 201128 207811 191857 165477 208524 203173 199791 165063 156360 196103 191858 219206 196114 180603 198165 181041 184241 183810 192700 182992 206229 194971 183119 187409 165297 189826 180767 208553 209281 191174 196895 199089 192376 198686 193032 185456 179651 192558 172801 179530 190484 191530 211663 187558 183587 198867 
154172 185527 156785 160688 178540 163696 184303 180027 199556 166874 169839 170120 188996 169465 182374 154023 175182 178098 151941 197885 167232 149431 174163 174888 171665 160821 175033 179866 184927 155962 150871 182608 178845 185730 149666 132309 175336 165287 185373 182094 171330 182281 170682 163042 165640 166761 166039 165995 185095 157900 172150 137935 178334 155840 191856 170578 174475 170962 179925 185006 176221 163643 166210 148253 175737 177677 145640 160923 176484 163696 171330 156553 169437 
134088 188816 159015 162751 171093 168556 183691 183306 183102 148412 157261 168878 181272 180425 175453 154706 180256 179256 169652 196125 162597 150306 173365 172128 193261 158576 174104 182295 192412 171299 158923 185263 173537 185141 144884 138588 169772 177872 188443 186272 182322 175831 156084 174470 167871 171287 166742 172955 178226 158280 163939 148240 161066 168462 183186 186758 174595 169631 166146 176280 200487 187738 171528 142378 169602 155842 161716 157263 156383 170536 164823 164873 167048 
155865 207738 154977 199630 183767 188021 192095 184621 201299 166715 152964 166650 205552 178544 192363 177754 188519 175504 157682 204443 186197 164396 177061 195873 185720 146501 175185 199146 193431 171002 165382 200834 185349 174512 165495 159329 175708 159979 200092 179169 191131 172633 152291 167414 179926 178641 165036 184987 189415 162616 181991 156376 192699 169056 187290 195440 171649 188344 187252 194607 174805 168959 176952 180884 180621 174590 174403 170045 185946 183170 184770 185930 175693 
133730 191216 152304 162999 167414 180192 190200 176372 194511 166573 167879 155978 195264 177683 178275 155203 189592 168778 155797 184026 169650 174636 181990 162614 180009 153670 186544 183976 197026 162619 167845 183495 189214 172174 147045 131411 170185 177004 179186 183147 184867 189773 157375 165095 161991 172911 176777 177954 178008 145404 188256 136393 185356 164039 189463 187740 174298 185868 181447 175739 173998 181879 171214 142334 151914 163130 148892 167907 170484 166586 159148 156701 175103 
128154 178445 143852 163018 173149 164540 197775 160053 172634 148987 161641 154774 191458 172234 176754 152234 174684 166854 145696 174022 167631 152090 180837 164397 185046 143219 158597 169399 169682 168553 141682 182023 174303 173992 147603 142878 169608 155272 167825 163054 157306 164857 166938 143991 150246 164885 148552 162905 175536 142666 173489 136884 170516 159243 171946 178994 158317 173532 166120 154943 153292 170361 157105 141878 145336 145727 140487 159204 167278 171977 158168 156276 174072 
161038 209975 178411 198201 197145 183147 200424 185757 215367 182327 183997 182266 214115 198514 206639 169352 189334 191083 180967 211071 189855 169044 189400 184599 207059 158316 185481 198269 210969 180098 177100 206962 189161 197028 161561 158659 201757 180885 209159 199948 191596 192694 176247 180792 196413 190884 177783 190962 214490 181362 197261 160083 186320 191154 200374 202957 181479 200331 203149 189337 190228 191176 192634 173044 183060 183235 170259 193645 184567 186899 182950 184989 199069 
157353 207031 156558 168877 187216 187297 205582 186015 209339 157857 172242 165366 204618 174773 188264 171186 203230 171944 156643 209146 188740 168671 188675 184757 200004 159854 186037 194111 190578 190751 165786 208389 189040 186202 160459 148593 173034 178796 195410 190654 189629 197110 173667 177120 169840 179545 170967 182069 192455 165338 182225 143556 176224 176849 192436 189085 173288 183930 186612 191018 186361 181488 184822 169172 168416 167604 163909 170530 189445 178938 170747 181327 179348 
147362 186563 158173 171098 179445 192148 191957 190532 183546 167032 170512 175126 192418 179653 214164 174757 190844 182655 152053 218253 180899 170858 200894 189395 194548 172071 186253 195126 200200 172186 159035 205162 176522 191728 154324 138579 191304 188231 198642 191766 190578 198101 179602 186569 184001 185346 172609 202021 203096 171564 176129 160207 192480 174417 184589 202501 190872 179639 186845 185672 193457 191685 184162 159391 167639 166299 151703 159084 184712 191144 187290 183376 176897 
170212 229400 166623 197180 202882 213030 215955 195973 216383 184076 178525 192209 206046 208414 212166 180583 207537 190529 176608 220795 200872 185995 199772 196862 206347 185766 198860 212670 210396 182243 190346 222165 198891 204840 169613 171013 197359 195238 220223 198119 205045 208475 185181 194203 182993 180262 193111 204415 213153 181079 200809 161862 206259 188609 216226 205555 194377 214347 213213 190218 217166 196896 203184 187164 183474 181882 166001 194221 188227 202829 196647 186879 198646 
155031 183194 150829 163744 168394 172795 178906 169382 188386 149018 160585 169555 186057 168982 170785 151405 168508 166149 157738 175400 166054 153494 177417 166720 177580 149191 174856 192479 176402 165181 156764 175372 167872 171244 147816 137550 159974 168748 178138 181155 167210 175612 134963 164751 161514 161066 173293 176879 175537 161226 171476 136438 167951 168080 179314 181637 162114 176730 172513 162323 183053 181912 170625 163215 161372 142991 162882 152720 160710 164703 155962 169393 163987 
170773 217612 180924 211710 208017 206756 220516 201331 218402 187159 198202 176652 234419 195469 225998 185192 213064 194756 182443 217447 194945 189241 213252 195603 213279 177952 203436 211635 215476 204380 197719 222226 209051 214138 175630 166322 202432 201403 204312 204306 205100 205450 190084 192219 205355 209368 186764 212651 217350 177881 208029 170568 221785 203283 206297 227186 213716 212544 211273 210341 206981 202618 208292 171847 185914 198134 165006 197713 187273 211792 205728 215404 198238 
175696 236084 170689 206563 216811 214193 242667 209412 232097 199261 196534 209351 242208 211227 234032 198401 205018 204051 189896 226722 208050 203349 210283 203811 226409 186714 205481 210873 228081 203838 203399 240797 219349 219188 193892 180280 202102 212612 219946 201675 215118 211422 196235 195619 196063 200870 205907 223928 222716 189283 216300 170304 223350 203276 215840 232471 199205 229100 224313 219223 213005 207317 206247 201176 208117 200506 184807 193615 211429 203426 195010 207750 203812 
159401 225421 169407 188457 206276 204592 227851 200587 234185 191822 178904 185212 222713 198528 206517 175273 199159 196724 183012 219775 206422 186019 203009 189542 210606 170223 204486 213945 210505 192347 197871 215952 211197 197175 168504 153372 183724 196890 208660 204132 195721 204259 174005 182040 189334 199470 192971 199145 196136 180171 199574 163072 210611 197856 205278 213506 195165 208848 205971 203185 209281 200021 191527 180246 191135 189952 183726 191763 196366 193600 190931 194036 192669 
175052 214679 160042 177949 192134 201270 213514 198938 221787 173453 184762 178342 212263 177486 190228 164112 202107 183297 178958 225528 195461 167151 211072 195265 212140 179726 196753 204799 219846 184188 179582 210770 203907 193695 157543 147558 197284 180948 214817 215095 185526 199183 184925 189305 194893 184400 180819 205618 212327 174890 196269 180334 190433 188019 208223 208869 189394 200659 199355 198324 206643 197037 185768 186565 198335 194370 172895 199036 192716 199687 174241 187612 197432 
180881 215119 180102 183981 193461 217303 213124 206230 220736 182694 187600 177149 230068 185080 201087 183662 224665 188802 175354 241287 209381 193461 201183 209354 217659 185124 195279 207640 222841 196918 181269 210861 194773 217916 164799 162640 206494 191400 216112 219716 203809 201021 195464 194809 195251 188312 184910 201849 212295 189672 198785 166448 191231 180601 201875 224107 203424 196410 220685 209150 206394 184505 214924 177766 188891 200564 179894 202499 204371 193198 188784 200524 191871 
172004 229408 164255 193056 200304 199556 206074 205685 217844 182568 179137 191516 216792 181803 212652 181018 207518 193184 174070 221542 193025 178430 209877 197298 197020 183365 201357 209713 220419 189955 191734 205696 200342 199727 172854 156035 204340 200510 216540 212183 209720 198759 179221 190822 189087 190226 205018 212610 209961 178733 204455 166518 205365 176961 208468 214698 191764 203237 212171 205467 199112 200118 196501 179780 190274 185629 179752 186789 203578 203140 192758 193634 185402 
180684 235764 182364 197673 203646 189096 229205 213669 219721 192749 186756 188793 223963 202603 206774 165769 198566 202784 200378 220601 192926 182629 210159 193237 207685 174152 202511 202024 204727 185342 197639 223957 200986 204129 181315 176848 204481 189986 212019 199470 206418 194483 180472 188057 183937 191530 201374 208522 225393 181665 210301 166841 214087 196857 205112 225185 190577 206328 211699 188901 208508 213476 185130 181027 190832 186173 170195 195712 195690 211897 210579 209049 205218 
145759 186838 147658 163409 175170 177466 193416 174408 189780 162581 169631 169005 205869 181545 185184 160445 183782 170641 150931 197623 175128 163537 176499 173071 184177 147307 164170 179387 188066 177350 155328 189636 189727 195824 155738 149050 184666 170902 183049 167541 172627 184911 159927 163779 163357 168742 159352 170261 188356 160774 185032 141158 177878 164118 179756 190760 158979 193067 187380 166997 161242 179581 176527 150212 168226 156007 153714 172651 180739 172270 164449 170914 177867 
135038 198350 164841 170254 182356 183186 197960 180011 198116 167893 172596 172022 200349 195167 196636 162906 184404 170384 163227 200306 182427 168655 191488 178647 205830 165902 184282 176834 195732 173122 173898 202387 191090 190214 162241 144693 184715 181406 197152 177388 177402 189590 169075 174519 159736 181640 174887 179249 191226 163333 174358 159738 181309 173883 190319 199279 179754 191518 182839 179193 193164 186513 177696 154047 171083 175085 166481 166385 180813 180440 172826 173827 175608 
145550 193362 159570 160367 164413 168559 185845 172323 198617 151328 164690 168681 184828 161112 186662 162830 179313 173783 150050 197001 174975 140276 155764 155152 187429 144117 173302 171895 176234 167532 154950 179482 179128 172775 149704 127134 176546 177760 188748 169091 165979 182440 157679 157120 158450 171423 148375 185735 176781 152620 176933 152155 160318 156781 172619 176245 159074 182963 158817 180736 170295 162626 184025 154963 166179 158000 160595 177551 169056 166241 166796 172665 178472 
