11 0 23 16 14 37 56 57 28 99 98 45 2 95 41 81 7 23 50 46 84 78 91 82 75 88 3 95 86 15 54 40 6 89 13 54 79 37 5 81 95 53 49 79 62 75 21 42 97 16 20 4 91 61 69 50 88 0 58 58 45 75 11 99 27 76 61 45 1 27 37 85 66 68 37 87 
59 0 72 0 10 9 38 37 69 32 95 55 78 84 55 59 79 95 51 5 17 12 78 88 86 61 11 7 7 90 54 23 25 45 41 63 86 92 38 17 6 98 3 59 73 30 66 38 6 67 85 40 64 54 5 39 84 6 66 38 99 91 100 27 57 53 89 24 95 7 70 39 41 6 47 61 
31 20 94 48 76 12 21 66 7 93 5 54 81 66 27 11 74 56 83 26 78 11 62 87 84 20 21 83 1 37 60 92 61 65 19 91 88 23 50 87 71 68 87 10 11 54 42 37 56 37 3 59 0 28 81 51 19 30 39 18 37 56 63 3 92 86 67 36 8 86 92 91 5 32 22 43 
31 10 86 10 19 69 75 1 99 77 34 6 51 31 79 68 79 25 80 61 90 27 75 62 49 97 41 65 0 48 6 41 76 57 62 70 70 41 80 68 43 87 29 14 2 65 74 2 75 47 16 16 19 12 7 53 25 93 41 66 15 19 45 79 54 47 25 59 70 62 95 29 53 35 64 51 
87 13 95 79 15 68 11 39 42 58 67 50 42 93 4 63 32 31 8 96 23 3 85 22 88 61 71 38 89 6 16 51 64 36 23 2 18 99 46 13 47 58 13 69 11 35 79 70 8 75 58 72 36 94 41 79 70 29 76 39 76 14 96 68 92 72 89 73 54 10 34 18 12 56 50 67 
34 35 98 22 67 67 50 60 81 70 82 13 92 20 67 8 70 59 99 74 49 93 35 54 13 56 53 7 93 34 38 4 7 40 50 93 7 9 17 72 27 18 36 14 100 21 59 97 2 100 63 4 69 91 34 38 80 29 19 81 59 48 1 26 75 18 21 24 14 89 25 42 24 72 16 65 
95 66 58 12 59 32 27 65 82 3 81 57 63 50 42 29 53 53 6 30 4 24 59 5 40 60 22 77 32 64 99 90 17 66 100 76 47 83 73 2 25 99 1 58 58 67 5 49 37 83 31 14 33 28 73 31 60 19 55 72 82 37 90 83 63 27 60 87 70 18 0 27 41 21 86 98 
58 61 47 66 7 67 60 75 92 58 55 54 98 10 67 47 42 47 20 88 91 44 82 88 95 43 10 80 30 74 60 81 31 36 60 94 96 7 92 70 37 27 39 27 1 23 68 89 66 63 71 85 100 66 87 43 55 26 95 62 1 10 24 61 51 89 1 94 33 86 40 55 77 43 28 100 
55 54 10 34 31 96 17 99 13 56 84 14 3 55 39 72 71 72 95 81 61 68 36 34 15 52 63 75 44 90 27 99 43 83 79 71 17 80 1 82 5 15 99 20 54 98 4 27 97 99 58 72 64 95 42 20 62 85 21 78 89 1 80 8 32 97 31 4 85 71 31 12 5 98 76 19 
1 64 10 67 91 63 49 47 48 81 97 80 76 26 55 50 0 48 72 96 59 1 79 14 2 44 84 39 10 95 73 62 24 7 89 21 87 33 37 57 31 44 51 3 61 48 90 17 72 29 47 31 26 15 83 75 83 100 75 72 96 9 29 64 84 80 13 12 12 60 56 78 52 23 44 39 
44 86 36 35 94 50 93 39 55 5 44 61 65 29 48 22 9 48 83 23 85 46 12 1 20 66 60 96 98 28 79 10 5 21 3 56 86 5 37 20 98 20 71 55 7 12 45 68 67 18 29 54 24 85 96 9 86 39 88 55 10 61 32 47 89 91 99 55 62 37 93 85 35 24 3 8 
64 50 38 67 46 58 92 51 90 16 30 17 92 41 18 24 69 45 34 77 94 27 12 86 35 30 14 26 55 12 74 56 60 43 85 64 99 18 45 47 80 1 31 31 91 47 21 79 42 46 69 1 80 22 40 33 28 12 60 6 98 75 95 91 16 51 69 42 77 35 65 57 31 49 20 67 
99 51 40 27 51 64 73 16 30 24 58 32 73 47 32 5 96 22 59 72 79 76 33 80 67 45 10 25 58 30 80 56 43 69 65 1 10 92 16 89 76 73 16 66 81 74 53 2 62 88 30 42 65 66 70 75 41 62 52 96 78 22 34 58 51 87 35 83 52 66 30 31 27 49 32 37 
8 24 97 79 22 43 86 48 16 5 53 55 85 28 84 95 43 31 1 40 84 57 79 75 38 77 85 56 80 23 28 59 9 100 10 21 6 36 84 34 92 35 91 32 70 93 100 70 52 36 59 45 46 53 82 85 48 48 85 37 68 62 71 97 56 66 76 99 44 66 13 87 12 45 19 21 
21 23 86 56 42 69 41 87 9 26 64 57 76 90 72 13 96 82 57 87 88 53 90 86 27 45 18 6 21 89 64 3 31 51 81 55 7 69 89 26 70 53 99 56 4 63 22 76 46 75 65 42 0 28 53 25 7 31 69 88 97 9 12 50 42 85 44 16 22 74 25 61 14 38 75 3 
37 74 27 98 9 34 58 68 86 70 100 14 86 87 5 9 42 33 7 37 71 4 53 40 73 15 49 65 17 22 32 7 95 78 81 44 24 0 6 13 35 36 86 50 1 32 52 9 46 20 100 77 74 82 94 94 92 88 67 83 48 72 40 37 43 42 7 84 2 79 29 51 7 73 24 27 
61 2 26 6 9 41 63 62 79 20 29 82 3 17 8 4 91 21 14 32 29 49 78 94 90 67 58 18 45 9 34 21 39 73 69 81 0 100 73 85 42 61 99 41 55 44 41 81 3 1 49 71 93 44 65 94 35 39 91 65 91 33 19 87 20 58 1 0 99 81 40 90 95 83 22 84 
85 26 97 59 60 27 37 66 43 91 65 21 38 43 69 68 82 64 43 45 89 37 54 44 33 90 45 31 8 81 10 88 16 45 48 13 64 24 69 53 37 99 57 85 68 27 11 45 71 0 20 69 7 38 33 68 78 60 5 39 67 91 9 35 59 95 79 34 69 22 26 64 27 96 47 48 
54 18 3 95 80 44 7 97 91 70 96 34 34 88 17 56 56 57 39 16 98 72 18 36 32 61 18 76 35 88 38 31 23 91 97 2 92 66 89 99 24 17 56 91 37 28 32 91 58 81 38 32 0 76 6 0 2 85 3 18 27 17 78 7 73 13 70 74 65 98 27 30 7 34 16 63 
67 83 60 38 52 63 40 69 60 16 8 12 15 9 39 77 10 31 93 48 62 13 90 82 95 38 98 13 64 78 8 3 97 57 28 90 35 36 80 79 33 70 76 71 24 99 9 35 24 65 24 3 79 92 41 41 13 51 57 54 75 99 36 34 30 97 74 24 24 40 3 82 85 51 96 11 
55 78 5 72 63 61 29 72 66 10 19 67 80 42 61 97 93 100 51 68 42 75 6 25 68 63 63 95 10 84 88 70 95 36 3 54 23 26 71 36 85 56 93 82 3 92 47 76 35 81 80 61 90 84 99 82 38 48 12 8 63 76 47 26 7 70 27 25 100 89 47 71 76 55 22 82 
3 49 63 40 55 26 63 90 14 69 4 42 39 77 58 76 21 67 46 7 19 12 76 67 34 62 56 80 34 55 28 79 31 40 89 52 89 26 57 84 1 12 15 88 63 98 48 63 12 64 67 47 85 81 51 1 18 51 71 50 49 19 7 91 19 53 83 86 64 79 30 34 57 60 27 89 
29 43 50 78 23 89 42 100 86 82 82 12 43 52 1 2 92 38 35 49 66 48 10 30 48 82 35 96 1 22 33 53 38 44 18 64 55 63 45 61 15 93 45 15 26 52 33 34 14 84 43 83 72 18 83 5 47 86 13 98 98 100 84 76 93 71 40 87 39 1 71 0 52 97 40 94 
35 99 57 1 3 50 10 36 24 72 66 2 61 56 1 23 35 54 91 10 67 30 9 45 24 42 94 27 98 79 88 79 32 17 62 63 0 82 72 76 33 30 34 64 84 81 95 45 74 59 93 58 78 87 55 67 24 82 39 4 26 15 80 38 73 89 40 95 34 6 46 99 88 39 36 60 
48 33 21 10 54 73 25 74 22 10 34 32 93 42 65 25 77 43 7 1 33 45 0 65 55 50 13 34 70 54 95 31 17 54 93 94 21 78 24 45 26 32 74 92 37 35 19 58 94 56 16 77 76 81 2 58 21 67 25 24 83 90 77 80 77 2 98 94 100 47 10 28 57 59 69 66 
14 81 52 38 15 19 59 78 78 20 98 75 85 55 67 53 29 66 39 77 51 24 94 1 73 82 14 83 17 82 18 21 54 82 100 58 85 5 6 55 74 99 88 56 98 16 45 43 70 59 25 28 24 90 18 60 82 24 11 81 71 43 39 29 58 63 27 8 64 76 5 80 22 54 89 60 
51 86 99 56 62 76 88 52 81 18 30 70 16 40 85 40 85 41 9 11 70 69 7 9 74 24 15 75 87 49 70 7 94 75 78 12 14 7 64 65 74 68 74 93 60 45 50 50 21 78 37 43 73 35 43 19 86 1 59 68 21 38 20 30 24 58 68 98 23 89 45 79 5 14 72 4 
56 28 54 19 28 44 37 36 0 23 90 31 16 5 70 22 31 52 21 10 3 53 78 70 16 10 22 0 47 39 12 93 72 92 94 57 13 56 70 42 98 61 45 74 1 81 82 10 22 75 10 53 84 24 25 5 26 4 30 54 31 83 64 9 67 12 43 5 15 35 98 38 30 37 65 52 
5 19 54 33 85 100 12 32 26 3 15 2 1 81 6 12 75 68 83 99 72 20 29 17 77 1 75 92 9 7 62 76 12 83 45 33 91 11 23 22 100 0 39 49 16 52 50 17 32 16 29 47 26 23 96 57 87 44 25 60 7 95 41 19 27 66 6 19 88 4 9 96 97 50 42 84 
63 91 70 24 67 40 67 29 2 96 96 31 60 81 5 2 78 24 65 31 85 2 43 11 96 11 67 13 82 38 87 70 29 36 80 85 64 25 38 12 62 62 61 9 62 21 58 54 13 19 46 60 98 100 43 42 28 46 5 4 94 63 68 67 7 87 82 74 16 26 82 7 58 45 28 98 
43 11 73 54 66 90 16 83 92 76 15 24 8 5 63 98 15 0 54 10 44 72 36 77 1 97 26 93 49 52 20 96 58 65 61 7 7 83 100 76 20 6 87 4 42 82 28 49 46 38 62 42 85 73 28 72 59 91 88 21 68 17 65 32 84 7 13 34 24 92 42 14 53 42 31 54 
89 57 64 69 53 52 86 68 51 84 47 42 96 55 2 37 80 59 2 63 22 91 58 33 20 41 53 95 14 32 95 48 15 40 87 72 69 52 49 63 37 22 21 56 41 97 78 77 31 50 25 86 89 60 20 7 28 57 85 36 13 7 20 54 63 71 20 53 46 55 9 93 5 16 5 8 
95 43 10 82 21 28 24 82 73 50 41 11 86 33 51 11 47 81 75 30 75 96 32 50 42 44 20 50 3 10 70 65 67 24 16 42 80 40 93 55 45 64 23 14 94 99 72 8 43 36 65 44 86 70 36 30 33 39 55 42 98 27 45 64 74 80 58 53 34 20 0 11 31 67 79 67 
4 61 20 70 7 28 95 30 29 29 30 21 14 80 64 36 49 61 13 73 43 33 92 91 34 69 71 6 52 59 78 24 8 85 57 4 75 10 4 56 48 46 82 95 19 43 65 20 67 80 1 17 72 63 97 8 66 90 99 31 38 52 64 49 52 15 91 100 45 35 10 33 22 15 26 52 
35 82 11 15 27 62 32 9 20 81 90 70 12 44 89 45 94 87 26 15 75 12 39 8 52 46 87 80 100 70 73 34 21 21 35 12 73 97 5 91 28 25 46 61 57 89 34 37 84 3 10 98 72 15 42 76 88 74 59 6 51 15 84 58 40 59 35 26 41 6 66 79 83 0 17 48 
80 58 29 20 30 83 17 78 37 40 61 77 34 21 55 65 78 80 12 10 29 26 42 49 89 60 34 4 67 95 69 72 62 16 67 21 96 1 16 50 70 9 12 40 6 48 31 67 74 54 66 27 62 21 3 93 1 86 44 95 85 30 55 98 57 37 50 53 91 3 53 48 68 47 9 18 
44 76 23 82 18 67 36 49 2 85 85 85 74 75 41 61 46 62 45 17 49 35 33 5 82 81 55 11 92 77 37 19 76 79 21 25 49 37 57 17 67 52 75 91 100 63 58 82 19 93 26 5 24 60 56 18 24 100 85 89 35 69 38 53 15 21 71 50 4 72 17 16 15 26 98 97 
33 58 16 3 88 37 47 34 94 86 77 18 13 15 70 10 34 59 24 38 45 33 65 71 75 45 50 28 3 30 61 48 18 31 6 68 79 96 12 59 39 18 58 66 72 59 30 58 34 91 28 0 37 5 56 35 87 41 6 70 29 94 12 96 66 80 78 11 83 32 6 53 39 57 95 76 
7 30 77 48 44 88 24 16 51 30 49 87 6 47 64 45 3 82 65 36 5 85 65 49 22 7 67 23 72 99 22 65 8 32 36 96 37 98 92 40 36 81 54 63 71 69 95 43 31 59 86 86 36 51 33 13 80 0 80 20 96 77 57 91 56 54 45 76 35 16 24 3 33 50 51 69 
65 56 34 15 75 64 64 90 63 78 52 50 79 86 91 46 33 99 37 97 18 89 95 94 75 27 67 4 25 33 77 78 39 24 33 23 12 68 73 17 0 51 25 85 84 31 66 62 39 25 10 95 50 58 54 54 53 77 20 32 10 47 89 23 34 8 78 6 36 4 34 44 29 82 23 63 
10 31 5 94 64 76 21 34 5 84 62 5 18 77 59 30 95 63 55 76 97 81 73 88 46 55 23 16 47 13 69 84 15 100 58 19 60 73 18 100 98 100 47 29 28 21 78 24 33 64 8 66 11 26 20 55 90 53 40 56 34 44 35 84 44 76 74 100 66 69 1 54 67 87 54 88 
75 87 23 58 81 17 27 40 40 97 94 51 22 62 12 44 47 72 18 28 36 12 30 81 68 4 83 44 81 82 15 63 44 35 75 71 73 68 87 89 89 63 85 65 99 6 68 51 77 31 33 90 11 78 97 40 39 75 66 88 67 57 86 52 12 16 30 51 63 14 12 70 26 51 94 82 
95 90 35 29 77 71 24 71 51 11 38 14 64 72 18 54 72 46 98 32 40 94 44 43 97 99 87 10 24 83 20 60 78 88 76 87 82 15 1 24 18 3 7 79 75 73 47 76 23 22 80 37 74 91 43 53 73 70 9 53 24 99 4 47 55 64 71 8 51 66 54 59 85 67 15 71 
91 89 76 5 5 70 99 61 11 73 90 94 48 32 95 28 2 23 81 44 87 61 67 94 94 82 42 35 40 78 9 55 91 0 96 27 82 54 51 53 89 38 3 40 13 79 57 71 56 21 36 78 72 39 42 88 70 72 38 89 71 45 2 91 84 85 72 88 19 85 23 64 2 42 21 51 
72 9 11 25 98 83 82 98 77 4 58 91 37 45 56 84 17 83 86 74 11 91 32 49 80 74 36 2 61 64 26 88 53 30 82 31 85 13 73 16 97 10 37 95 38 99 18 40 78 67 97 28 62 100 93 33 1 3 2 20 19 70 26 78 71 81 39 58 14 28 12 68 75 60 23 59 
79 85 98 51 17 53 31 83 2 76 45 85 63 92 89 92 18 75 10 52 43 96 36 76 1 22 61 74 21 39 83 85 51 64 44 11 46 86 95 70 47 51 96 92 80 8 51 70 24 5 61 53 77 22 84 94 6 1 40 95 42 51 41 50 46 53 79 70 88 34 15 69 6 8 10 4 
38 100 73 50 39 44 76 50 52 80 42 52 18 48 100 100 38 79 19 27 38 49 58 43 71 38 90 5 83 14 20 40 24 17 49 69 70 50 61 86 17 50 5 30 25 53 31 82 72 85 73 67 60 73 57 83 63 98 96 52 74 40 9 85 47 24 28 81 23 2 84 88 13 24 52 24 
26 28 54 3 19 6 40 10 57 50 8 41 32 54 12 11 41 9 78 23 34 53 25 73 58 38 87 69 23 50 55 92 91 12 15 96 80 24 13 99 50 93 30 51 68 11 29 48 73 8 93 69 59 86 28 11 61 20 18 48 21 24 94 18 84 8 7 6 96 71 8 9 12 66 70 90 
100 50 85 72 69 83 50 25 54 4 39 64 54 75 21 66 26 23 55 31 61 72 2 35 50 81 43 21 68 29 35 50 61 32 9 22 45 86 4 74 24 29 18 79 25 67 38 55 26 88 63 24 36 88 71 52 60 81 9 19 31 7 20 35 92 32 74 15 48 6 16 22 69 84 34 60 
66 28 15 20 84 89 37 67 39 61 43 45 96 21 30 83 84 10 78 46 33 85 23 54 97 54 25 80 30 86 66 90 1 55 68 87 82 61 85 59 5 80 99 90 11 51 57 81 48 38 64 43 68 11 88 42 93 67 1 40 11 83 93 84 39 54 16 28 65 47 23 64 84 99 24 24 
47 75 75 32 39 53 29 60 10 4 12 99 86 83 20 64 4 7 33 96 55 74 14 36 75 74 67 30 26 99 67 8 81 13 52 66 76 10 98 45 38 70 73 42 44 16 99 28 21 51 87 68 66 24 18 35 27 99 61 25 60 64 56 98 33 84 54 86 91 28 27 11 85 57 9 12 
39 44 52 32 35 17 82 91 15 4 36 1 60 95 18 39 39 71 66 68 24 85 49 71 16 45 37 51 46 37 35 54 41 31 96 5 35 74 55 86 80 38 65 7 55 87 51 57 25 26 42 94 42 19 53 42 25 12 56 9 19 90 6 62 35 34 31 55 19 32 79 68 16 54 32 87 
18 43 41 46 98 0 42 80 96 67 75 51 98 70 45 64 24 77 1 16 71 27 94 96 25 63 25 85 94 85 37 5 100 61 24 60 57 4 28 65 59 61 56 98 61 81 56 53 76 6 82 48 25 39 69 50 84 69 12 98 4 33 20 32 26 38 16 89 0 97 76 78 13 1 73 77 
15 16 100 10 51 38 8 2 86 21 85 30 87 51 84 35 85 42 57 5 69 39 69 75 56 95 38 53 82 88 94 100 54 69 69 85 60 42 24 59 74 10 9 39 39 76 68 89 70 18 91 31 77 69 4 4 93 31 89 73 47 93 71 75 42 28 25 7 63 74 55 95 13 49 82 15 
85 48 24 98 30 60 35 74 32 1 37 66 47 0 9 18 42 98 73 100 40 83 40 74 46 4 38 21 52 18 32 28 38 95 90 5 74 100 8 41 71 81 12 33 48 37 16 86 68 30 39 59 15 44 41 17 32 21 62 20 48 18 18 44 29 77 43 39 44 3 16 42 71 67 1 76 
74 47 87 5 80 84 24 25 63 37 25 84 88 11 100 52 8 61 68 58 89 12 90 9 79 30 85 71 100 71 3 60 63 55 99 3 89 46 29 37 73 86 6 13 92 63 11 4 46 88 70 11 61 19 59 86 5 76 56 23 12 98 63 40 95 100 58 50 23 38 27 85 96 22 41 45 
35 23 37 33 21 64 20 26 60 88 63 81 93 45 60 66 7 6 54 46 55 4 23 87 89 66 15 70 41 20 49 16 68 11 54 9 64 54 96 55 10 14 70 95 60 62 41 20 62 64 93 81 83 69 54 22 10 73 53 47 26 70 63 92 41 88 22 81 23 20 38 98 92 57 88 50 
38 94 69 62 45 61 61 56 96 83 56 86 9 40 26 58 12 45 8 92 76 45 83 72 86 3 93 23 26 26 7 96 49 34 70 3 89 67 91 33 78 30 19 74 37 51 23 43 25 44 93 21 27 48 50 95 26 50 80 99 20 88 6 49 8 85 31 83 53 29 64 8 17 20 10 33 
16 62 53 80 59 75 22 49 83 27 70 72 96 66 6 53 30 67 38 11 92 86 57 74 56 93 74 29 96 62 9 40 66 95 13 33 63 57 34 54 65 96 62 4 89 51 93 88 74 63 36 28 83 63 48 0 87 86 3 3 33 22 0 49 93 65 15 7 74 3 90 54 95 77 6 2 
68 84 96 92 58 70 36 55 74 85 50 32 64 0 22 86 47 56 1 64 72 82 65 88 51 37 40 6 88 10 55 63 79 100 17 83 27 47 82 11 96 53 48 16 55 66 49 89 98 40 95 20 42 83 17 45 43 12 62 2 40 48 84 87 85 16 98 7 83 84 25 22 44 10 84 60 
38 61 57 48 42 89 22 4 8 56 61 53 31 10 96 56 35 40 13 92 100 60 15 74 84 72 12 50 57 38 3 59 39 1 76 15 79 25 90 29 58 35 1 0 39 59 26 7 70 27 54 65 77 48 85 63 94 64 69 77 18 42 77 98 98 1 73 71 28 15 6 59 13 72 77 51 
33 2 82 82 73 30 71 98 65 33 84 51 64 92 93 13 50 0 78 29 63 3 91 67 24 12 70 28 49 49 15 4 26 80 34 67 70 94 83 2 85 72 65 13 27 11 54 65 28 73 96 51 62 69 42 8 45 48 67 74 68 76 22 33 27 11 1 21 97 43 51 55 64 5 61 93 
52 3 58 32 55 92 29 88 24 0 24 24 39 71 4 91 13 32 42 63 64 39 4 65 69 26 9 14 8 2 18 95 46 67 56 32 0 71 50 28 99 96 68 2 63 17 63 59 40 74 5 30 46 78 1 84 56 13 21 61 72 66 58 80 84 3 55 20 81 5 2 100 11 62 89 9 
49 82 77 33 40 53 99 78 84 13 81 53 76 66 20 13 89 16 42 13 43 65 71 4 44 56 55 8 69 47 45 95 2 93 9 84 21 46 25 76 26 88 28 50 70 21 57 6 52 16 72 1 74 88 44 4 62 45 90 41 96 32 37 12 6 15 73 11 12 81 68 49 1 14 54 60 
37 82 9 71 16 36 91 70 68 4 85 61 0 75 58 92 74 76 78 1 30 24 96 76 30 91 49 67 86 6 2 5 51 27 41 29 58 56 24 52 55 92 24 60 100 7 7 69 89 75 93 34 60 13 96 64 92 4 63 34 26 57 36 96 100 96 53 81 55 67 75 14 56 3 50 82 
29 66 11 59 22 38 49 53 94 93 22 89 41 84 86 71 19 41 54 91 24 44 91 36 29 3 36 70 58 2 1 71 20 25 95 95 65 2 62 29 92 90 75 5 78 43 0 75 68 69 90 100 73 56 66 1 76 93 63 86 12 53 42 39 25 35 3 97 51 40 88 96 38 9 91 65 
8 14 83 58 45 37 57 63 80 99 91 62 19 16 88 26 16 31 6 18 42 42 95 45 54 89 76 3 28 78 51 4 64 42 46 27 78 93 79 66 77 21 69 8 17 6 49 86 62 56 63 53 73 21 70 16 53 52 66 62 18 95 94 92 84 81 32 99 56 25 73 6 61 65 48 85 
12 5 27 51 59 43 87 4 20 2 98 8 61 6 64 66 82 37 14 30 91 71 13 33 52 93 0 53 5 82 17 93 10 63 35 13 31 42 71 56 4 90 89 30 88 87 25 83 23 54 76 86 2 24 72 32 51 76 20 6 98 67 59 25 1 26 0 31 55 18 44 91 46 94 38 70 
15 50 88 88 73 44 56 96 79 8 83 57 97 83 9 72 56 48 57 10 16 44 15 21 51 22 100 53 27 49 18 32 23 72 3 10 8 79 64 73 25 31 17 60 73 1 58 94 100 94 100 64 89 57 41 90 55 25 47 28 57 90 17 58 22 1 42 65 9 95 34 82 36 100 41 43 
43 46 85 80 31 83 24 65 56 98 38 35 62 1 6 14 46 61 100 22 23 9 96 95 12 77 4 95 98 73 98 72 38 23 80 55 78 94 64 72 58 77 43 11 23 90 89 66 87 30 59 65 38 33 2 89 66 79 27 94 76 19 100 34 80 42 37 42 9 19 41 11 33 76 37 50 
12 22 98 14 55 5 56 2 40 97 49 32 94 16 30 40 3 62 37 46 96 33 7 53 56 71 59 27 73 73 14 20 29 97 61 80 66 7 55 65 39 60 51 8 4 51 17 55 50 17 76 10 92 23 28 100 85 27 58 12 52 53 55 61 15 28 45 0 41 77 66 90 60 40 73 78 
82 15 27 26 65 41 95 77 18 19 98 7 14 19 63 46 1 79 10 49 29 98 46 69 54 75 17 36 54 18 73 47 75 90 15 51 58 21 17 29 21 17 9 46 55 30 58 34 69 94 9 64 23 95 55 2 90 21 21 71 92 33 54 46 62 34 89 46 58 71 75 44 40 55 33 25 
91 69 36 87 11 30 7 90 14 53 72 82 47 7 69 94 20 59 21 60 74 98 74 91 80 27 54 32 39 50 78 73 30 93 74 60 2 8 32 35 93 5 58 27 83 3 93 94 26 71 76 61 21 74 62 23 69 0 69 27 2 62 56 45 94 43 9 17 55 87 47 48 67 90 96 18 
78 35 37 8 55 23 81 82 43 93 77 71 67 13 85 37 9 54 31 99 87 31 18 86 1 18 33 20 7 33 74 89 36 50 51 15 0 36 3 20 52 4 66 37 46 38 52 91 22 66 93 92 38 85 84 44 95 46 2 25 7 17 4 90 24 52 94 34 73 18 83 17 31 15 39 7 
15 93 15 98 24 21 51 100 79 58 3 60 61 50 3 96 48 74 30 86 19 66 95 11 0 74 99 94 3 46 57 33 57 15 73 48 84 73 64 71 22 33 78 18 68 17 11 31 97 52 65 59 1 4 36 71 6 30 34 46 54 14 4 51 8 69 13 95 9 83 2 60 21 25 26 84 
9 53 10 97 37 19 29 44 92 42 61 25 10 86 97 17 7 49 16 80 93 67 27 27 66 78 52 18 69 89 39 49 60 1 34 86 47 8 90 97 87 66 82 56 95 82 93 3 38 85 69 91 57 99 91 73 76 56 9 56 55 15 41 16 19 59 41 15 92 67 6 61 81 87 100 57 
