27 40 52 101 61 120 125 157 103 185 163 127 100 190 100 107 77 101 63 90 104 149 98 146 148 106 35 133 90 53 79 75 41 168 72 71 96 69 97 102 143 118 149 105 97 115 87 116 115 101 79 60 95 70 87 118 94 46 59 150 53 102 59 99 72 145 146 121 30 69 137 137 125 117 93 142 
76 92 87 32 41 10 68 58 168 47 130 79 78 164 80 142 157 156 65 44 107 55 102 114 89 102 87 9 76 172 112 110 85 100 136 67 137 189 56 103 59 161 69 110 148 103 145 109 54 93 90 51 86 88 30 110 92 56 136 77 129 122 105 120 61 100 156 58 168 74 142 81 127 77 147 82 
89 43 105 104 136 105 83 94 100 132 9 100 143 102 121 11 159 125 99 46 157 42 72 96 158 31 97 101 71 116 109 107 135 139 106 102 105 76 125 99 110 167 126 97 65 118 103 111 106 97 19 101 27 63 137 90 116 67 100 59 77 124 69 27 138 172 133 39 54 147 132 153 21 45 30 96 
117 87 89 74 74 89 127 17 177 110 48 74 76 84 173 129 174 25 122 151 97 93 144 65 103 195 99 120 25 106 99 64 139 137 152 93 98 87 94 119 103 99 94 61 22 152 98 61 122 133 60 47 71 13 38 84 84 140 141 133 83 107 45 88 89 123 74 76 105 155 174 102 124 85 131 68 
111 31 141 145 38 90 21 134 46 81 155 147 129 124 57 146 57 113 106 128 70 86 150 31 164 72 163 119 172 81 52 54 84 36 40 10 112 144 95 51 111 118 22 159 87 37 99 143 72 128 113 161 69 115 110 133 93 111 151 71 107 33 153 119 148 122 169 80 129 61 44 27 99 118 81 76 
47 72 179 42 69 146 125 88 124 166 91 78 174 96 123 86 78 115 154 114 77 125 105 99 14 58 76 61 165 62 101 77 101 57 118 183 44 69 19 119 109 111 131 50 115 83 90 126 70 150 129 14 140 106 105 75 147 103 37 167 90 103 17 65 113 26 71 123 65 164 107 137 72 87 31 74 
131 94 112 71 157 97 44 151 125 46 107 63 96 105 59 86 116 79 33 30 71 60 141 88 121 136 57 82 87 86 187 122 60 133 148 127 96 153 91 54 31 160 81 64 154 99 13 76 53 169 37 97 40 41 160 88 109 23 67 102 124 51 122 144 74 37 151 129 72 34 89 48 136 36 156 194 
60 155 143 103 107 113 117 86 128 108 119 149 164 98 108 100 90 116 84 173 138 114 88 169 195 143 57 93 83 79 122 121 130 66 76 185 153 74 166 134 45 107 89 115 18 96 119 123 143 101 160 87 183 84 179 127 131 76 124 119 63 98 39 154 53 187 65 168 90 174 69 68 168 115 124 103 
82 62 76 81 127 165 95 150 101 155 124 110 15 106 64 164 136 88 156 167 93 88 103 80 17 135 160 125 72 148 74 190 110 142 165 138 95 86 18 141 11 89 134 113 72 153 30 89 98 186 139 129 141 154 47 51 79 143 97 115 134 81 94 54 131 121 98 26 97 89 47 86 54 137 93 28 
1 83 82 80 116 65 134 103 73 121 194 163 134 106 97 112 37 117 102 134 96 37 146 114 85 71 90 112 73 120 139 131 30 14 181 63 159 47 129 105 114 64 88 73 121 134 129 94 161 47 120 127 116 94 138 169 168 142 125 107 135 91 45 91 176 115 85 29 91 146 126 165 94 88 99 103 
110 106 77 127 130 103 187 122 118 46 97 160 132 120 102 86 27 139 144 109 184 122 21 63 66 96 98 141 104 120 104 15 96 55 94 89 128 29 40 73 117 101 97 133 8 89 141 77 101 34 44 74 124 157 180 44 175 59 105 141 10 68 63 68 182 188 164 87 115 65 100 174 62 104 56 95 
90 143 71 80 53 128 116 100 143 85 34 49 141 104 69 105 114 69 74 144 124 42 40 132 128 85 73 80 69 18 132 143 138 89 162 87 135 57 64 78 165 57 60 111 133 93 22 173 118 104 141 53 112 110 131 82 61 43 91 52 143 107 114 162 82 65 167 110 87 75 68 97 35 86 120 127 
117 150 110 103 92 162 82 74 39 120 89 32 101 75 36 5 169 54 111 117 110 96 69 137 72 88 74 111 86 105 125 66 137 104 153 73 87 149 103 186 158 107 104 145 150 167 148 3 142 109 33 112 88 108 170 120 73 86 76 102 174 23 63 87 108 91 55 97 127 81 114 58 43 101 122 125 
95 30 159 96 94 90 117 119 71 33 149 96 152 61 168 153 138 43 49 40 133 133 126 114 118 139 100 81 176 99 36 62 61 177 62 59 97 46 163 52 124 130 128 37 78 183 189 116 82 55 116 105 90 94 83 125 95 79 179 118 114 147 114 114 109 135 112 197 113 132 70 154 12 114 43 86 
87 107 100 81 95 79 57 111 11 96 143 61 143 102 161 71 148 180 101 153 92 115 110 143 109 113 61 36 38 140 90 54 105 76 172 83 85 89 170 43 104 110 116 76 12 71 51 122 82 108 118 100 64 122 56 93 50 56 88 92 114 101 44 123 130 118 111 65 58 79 119 130 63 101 149 43 
107 131 85 170 31 75 59 103 167 148 183 85 162 120 94 92 141 75 51 71 114 85 132 73 127 87 120 160 101 36 129 91 134 119 95 120 98 61 27 75 133 118 149 78 97 55 74 95 85 100 104 139 90 143 118 184 152 159 86 130 102 171 128 67 137 83 47 161 31 126 66 77 50 86 118 89 
64 64 67 69 25 46 70 79 177 85 113 116 82 74 47 63 150 97 102 68 127 118 94 100 107 69 89 115 63 55 34 87 124 104 114 88 17 161 74 175 88 81 161 129 117 98 52 131 61 63 78 147 113 121 123 111 70 136 188 145 180 69 52 95 104 71 37 27 199 144 130 178 99 115 51 91 
96 113 139 78 72 88 40 77 114 96 120 93 63 47 102 87 152 141 111 103 173 124 79 92 127 115 133 55 38 101 22 118 96 119 122 80 112 60 155 108 135 197 69 144 112 40 111 132 106 49 43 127 101 110 124 152 97 125 70 132 73 136 16 133 94 188 96 85 132 92 116 130 47 118 111 104 
117 33 16 192 137 58 59 170 135 149 196 36 86 188 24 106 116 85 41 77 173 124 30 56 77 150 31 135 119 159 72 112 106 176 189 5 95 150 118 175 90 47 146 176 101 90 44 133 127 151 133 94 1 124 76 2 57 108 28 77 112 80 140 82 78 53 72 144 128 112 58 91 47 80 25 103 
87 151 143 51 111 126 94 102 89 107 58 22 93 68 127 166 52 115 130 124 62 29 153 111 123 101 146 52 80 154 29 82 130 110 106 132 62 70 164 165 105 133 102 142 100 115 92 45 56 79 24 35 97 128 124 106 21 54 73 95 113 106 132 36 44 179 161 104 31 134 73 157 92 131 192 38 
133 91 92 82 130 91 67 168 165 42 34 136 139 97 101 119 139 133 143 92 48 137 9 72 127 123 94 176 94 115 148 139 162 90 7 111 100 40 94 72 167 107 185 159 38 152 98 83 62 107 152 76 132 89 147 109 43 98 87 86 87 136 107 123 73 141 119 77 153 128 93 132 147 115 70 85 
38 132 88 70 94 42 160 173 25 162 79 68 48 96 140 167 121 146 72 74 65 112 96 161 44 110 92 143 100 96 116 143 125 79 126 89 155 119 94 88 75 14 64 122 127 144 65 121 18 109 112 75 170 137 135 25 109 104 139 86 107 104 86 113 57 78 94 142 152 160 57 117 107 120 88 171 
54 123 85 174 95 156 132 171 130 104 99 80 125 130 71 22 181 133 90 146 150 84 81 53 112 83 72 114 95 53 48 114 77 81 24 150 151 149 121 156 55 186 45 95 47 58 62 67 31 145 87 164 158 107 155 19 74 166 90 163 139 184 111 157 103 126 116 139 83 78 162 73 68 115 99 98 
65 190 120 31 91 125 67 43 65 159 94 56 160 95 74 90 72 148 190 21 87 93 51 57 94 52 164 115 139 163 116 147 101 56 125 121 67 103 75 121 68 51 87 149 131 154 185 74 118 86 171 155 78 136 140 113 97 106 94 73 88 115 100 88 135 184 82 174 89 18 98 137 179 52 64 127 
99 132 51 63 54 107 32 157 100 67 116 108 162 122 148 72 125 133 26 41 82 61 10 129 118 57 105 56 169 151 127 53 57 104 108 113 108 95 42 129 60 109 113 150 87 123 84 147 104 135 28 156 86 137 55 128 56 141 36 94 145 182 127 159 145 74 135 134 172 108 40 41 122 67 158 122 
40 100 119 112 52 69 66 119 95 55 105 128 174 137 102 111 126 109 111 108 89 40 117 4 141 105 39 123 30 100 35 25 64 152 101 116 133 54 72 98 133 106 186 142 161 111 112 96 108 138 117 115 113 132 46 107 89 36 111 156 119 117 134 82 129 72 57 36 84 162 96 137 47 103 164 118 
147 98 99 141 88 117 110 127 159 94 30 131 48 119 85 69 183 73 31 91 136 101 104 10 162 85 15 94 139 75 96 83 187 138 130 90 56 58 132 93 170 142 155 97 151 129 98 74 97 136 74 60 161 98 89 81 163 97 127 106 88 133 46 65 25 152 84 169 114 172 82 80 6 100 157 81 
133 89 58 95 99 105 119 93 70 76 131 127 89 105 126 26 31 98 75 23 47 146 170 164 91 32 77 13 135 87 109 141 134 112 151 155 102 137 137 83 124 65 53 122 81 92 105 91 112 119 21 149 128 58 115 28 65 47 126 141 122 152 75 73 147 20 119 17 22 92 157 120 83 75 105 91 
69 32 55 62 108 194 16 94 113 21 110 68 28 121 68 98 121 138 106 160 93 69 65 23 173 86 138 139 14 35 71 111 42 170 98 81 97 81 63 59 132 51 131 107 90 95 95 32 57 24 113 97 58 42 193 133 125 88 45 116 30 145 71 29 124 161 43 60 112 85 37 180 122 104 49 138 
72 156 159 65 160 121 140 95 39 154 103 57 131 143 58 11 123 111 137 34 85 53 117 62 140 24 81 28 83 108 130 134 104 56 153 156 86 78 82 76 76 153 147 58 96 44 64 117 45 39 134 114 169 121 74 140 110 101 75 4 136 153 142 156 31 147 85 135 61 63 116 60 156 117 103 146 
83 107 170 60 140 138 37 116 94 153 103 109 39 72 113 188 65 71 131 15 63 153 108 131 14 129 68 118 64 128 67 150 115 118 84 48 89 150 111 111 93 82 136 99 64 111 95 100 94 81 97 89 138 77 84 155 147 97 145 83 101 87 162 115 90 100 96 114 84 174 117 42 82 136 121 151 
188 74 154 158 91 56 116 157 131 149 114 123 118 64 23 58 87 120 101 80 87 185 92 129 120 69 133 159 97 50 121 106 105 71 145 110 89 85 145 121 135 35 106 56 50 150 156 161 40 110 59 107 144 151 100 74 103 81 176 55 22 65 99 151 94 99 52 139 46 59 67 107 32 78 21 64 
186 129 57 140 68 108 43 161 120 105 51 101 162 48 98 103 72 146 141 39 136 130 33 79 66 79 90 105 44 52 140 130 143 55 52 135 90 132 154 139 102 115 70 46 94 189 155 96 43 107 159 97 129 127 39 78 99 63 90 121 184 57 81 112 173 114 146 141 61 47 3 28 104 145 114 137 
64 146 58 130 66 54 154 114 57 84 126 108 61 149 67 43 77 108 56 107 75 107 192 134 78 128 125 17 150 120 147 30 73 100 111 67 136 22 33 156 69 113 129 96 54 59 116 61 164 167 24 116 107 75 138 23 116 132 182 39 133 148 152 144 115 74 130 121 74 78 18 82 53 104 72 72 
107 159 22 91 80 71 57 15 39 174 130 81 19 105 89 75 189 134 93 37 112 67 62 70 124 74 129 160 103 169 128 118 85 109 132 22 148 165 89 145 69 112 111 73 95 119 76 37 165 32 56 126 90 55 61 149 99 127 145 78 87 79 178 87 76 92 61 91 123 101 106 176 130 87 88 117 
94 137 122 53 67 130 102 96 42 49 101 122 119 68 70 69 131 157 81 85 60 108 137 55 120 61 45 6 102 115 110 139 75 27 78 31 106 24 39 68 100 73 41 94 69 60 92 95 174 106 91 113 124 98 77 126 16 122 86 101 101 61 75 128 94 44 130 72 172 54 93 60 79 98 105 37 
133 98 89 159 45 73 39 60 38 123 173 111 173 157 127 141 96 126 125 47 91 53 72 62 131 139 153 28 165 156 91 35 147 127 31 91 103 85 101 55 135 121 113 188 110 101 58 149 52 97 65 51 89 155 97 24 83 180 166 167 90 114 68 130 40 36 119 53 56 145 29 52 115 109 135 153 
43 104 66 90 170 125 83 113 125 178 175 28 26 59 92 99 71 116 67 130 46 86 160 78 100 112 78 59 20 59 159 93 75 77 15 123 169 172 84 152 58 51 94 157 130 131 84 135 76 150 105 2 38 91 112 64 105 97 78 144 30 147 67 185 147 101 163 95 140 124 36 104 98 147 99 140 
93 89 133 51 64 144 35 78 128 96 107 170 51 128 70 129 25 179 91 69 62 88 162 59 41 95 104 76 81 188 48 133 67 37 52 134 122 161 103 125 130 147 76 99 90 123 100 94 72 113 89 111 100 81 93 20 88 4 98 25 179 167 97 187 148 84 65 126 64 82 66 103 107 141 51 107 
110 137 77 87 174 90 146 132 137 88 119 95 164 94 174 51 101 152 110 169 84 159 102 142 164 48 78 55 119 64 114 96 131 70 96 59 73 114 131 88 47 124 27 150 176 125 122 146 114 35 54 126 141 96 96 82 71 177 60 97 72 53 165 118 95 94 161 30 106 31 59 84 119 92 82 106 
93 67 38 131 148 90 37 122 88 181 120 89 20 141 66 93 140 156 123 118 98 100 170 155 74 103 62 81 91 89 95 176 51 198 157 83 91 127 97 181 113 140 60 35 128 97 92 75 63 124 21 137 98 38 113 85 138 127 104 77 88 60 133 163 115 117 145 121 91 102 21 58 93 153 66 100 
82 150 48 142 111 110 42 113 140 148 127 56 101 90 65 117 56 99 56 118 136 98 40 163 148 8 162 44 100 166 115 85 79 107 156 87 151 138 178 144 176 126 185 70 102 93 77 62 126 96 95 130 40 82 166 96 74 130 116 153 112 71 137 66 72 77 69 93 159 109 95 78 91 87 193 138 
179 94 108 119 176 79 118 109 80 42 61 20 118 93 98 121 114 55 155 123 131 145 99 83 151 128 182 59 93 85 41 84 141 91 97 143 116 88 17 114 71 27 53 149 158 138 95 145 118 85 124 104 94 103 141 70 101 120 50 75 88 110 93 105 95 66 84 66 64 115 100 95 91 158 35 137 
164 120 171 55 29 109 153 88 49 133 144 98 89 125 189 78 97 61 100 131 142 79 122 190 138 82 60 79 105 102 79 89 140 36 160 71 109 57 133 127 110 88 13 130 102 125 133 165 122 78 115 173 77 83 102 135 162 104 68 180 107 81 58 107 122 137 95 148 68 86 29 67 71 94 119 111 
113 90 69 112 189 132 136 134 123 81 132 152 70 112 105 124 104 171 185 142 37 142 86 148 165 149 44 75 76 135 92 131 97 56 154 80 124 108 135 68 167 31 126 129 134 198 106 67 111 122 195 49 95 119 178 100 44 65 94 87 70 107 66 126 118 91 103 139 92 62 99 108 148 140 65 119 
106 96 178 110 57 100 72 140 67 139 88 142 85 130 166 138 78 109 66 136 53 143 125 76 54 49 101 123 49 83 93 173 139 158 48 89 98 115 118 91 123 91 131 100 137 15 135 87 71 88 154 118 138 63 151 122 27 5 49 187 111 114 78 52 134 122 132 110 113 44 63 113 80 31 69 27 
120 182 121 132 57 98 101 67 64 93 131 112 42 92 178 116 67 104 57 74 60 136 109 52 134 121 109 6 134 104 76 136 73 24 145 133 127 86 71 96 55 100 34 46 47 103 36 111 95 168 128 128 66 73 87 165 69 176 139 80 101 45 96 168 101 117 82 163 108 74 160 173 63 106 117 98 
116 44 104 44 56 46 133 105 119 52 77 86 54 71 65 95 52 36 130 64 129 99 95 162 97 73 123 113 30 129 107 160 173 54 26 196 97 64 76 120 76 106 54 78 147 32 107 95 83 80 122 136 122 154 114 105 74 99 36 122 106 47 118 118 122 68 58 96 146 95 104 42 28 108 163 148 
189 60 90 145 165 170 123 64 71 52 107 96 135 143 87 70 118 99 106 93 137 134 89 70 73 147 102 77 127 120 42 81 138 91 26 108 75 171 32 150 48 47 57 134 120 89 59 114 119 114 140 42 119 167 93 74 87 141 63 80 37 18 88 74 152 88 80 108 96 97 89 96 71 93 74 88 
86 54 108 63 127 126 81 96 86 155 52 46 170 82 69 93 140 32 129 79 95 177 78 130 195 56 103 121 79 170 118 137 5 134 82 150 144 90 168 154 30 146 153 154 84 126 96 125 108 41 75 115 146 37 118 42 123 68 85 117 75 144 138 89 67 87 90 28 98 122 52 108 157 118 36 37 
134 77 83 42 139 62 78 86 109 90 82 181 160 135 28 69 82 106 75 149 62 103 33 46 126 100 148 52 121 153 121 74 105 46 77 166 89 29 130 94 99 83 99 58 98 89 110 30 76 99 120 107 145 41 115 62 98 104 147 91 76 91 106 121 90 146 80 177 185 31 50 60 139 103 16 50 
50 107 142 89 49 63 93 157 72 66 53 101 77 118 44 84 75 110 133 116 50 103 141 84 40 81 92 150 63 93 118 81 141 105 109 77 84 147 150 179 119 88 100 21 108 125 88 84 34 69 124 161 132 67 135 91 33 106 135 47 117 123 74 147 118 37 85 96 32 115 130 160 109 81 60 138 
113 65 70 123 192 66 79 93 174 112 140 103 191 142 107 103 64 155 90 28 143 100 119 100 50 134 79 144 174 161 78 12 116 145 28 130 141 36 30 96 75 156 121 100 105 106 134 87 173 72 124 93 52 118 109 144 139 120 81 165 8 76 22 105 112 83 50 120 84 158 96 88 107 100 161 87 
111 74 149 103 51 89 41 10 173 42 93 113 118 116 109 118 93 98 109 57 161 48 100 126 122 151 115 120 107 128 176 147 112 94 84 125 111 93 49 130 160 31 28 117 134 100 92 91 136 41 136 34 141 78 87 93 145 92 124 126 95 97 157 119 92 29 91 59 118 113 58 174 41 107 89 86 
136 89 101 122 111 143 48 155 103 53 73 82 60 37 41 78 117 150 100 150 118 90 57 132 143 82 95 115 133 83 127 37 86 144 126 35 150 128 22 135 120 121 106 45 130 75 102 88 150 94 72 95 108 143 71 109 69 50 131 110 122 34 44 57 108 120 62 131 113 90 27 97 152 150 62 117 
102 143 108 98 120 140 57 66 156 39 115 179 181 17 173 99 11 153 117 103 123 37 125 66 82 44 101 137 144 87 90 78 63 110 166 7 181 64 121 58 88 170 65 52 169 80 43 83 112 90 167 55 146 78 109 108 24 155 99 24 44 169 158 69 146 130 118 57 68 46 78 129 176 119 115 56 
100 63 76 113 105 154 88 108 70 147 69 141 117 66 149 145 12 80 87 56 61 78 57 128 175 70 25 114 110 59 140 27 155 15 64 100 159 83 103 112 90 58 114 157 79 153 110 107 118 90 116 105 109 110 79 61 83 145 87 75 101 106 113 171 90 154 51 159 69 108 72 158 135 112 127 73 
70 115 71 130 134 88 142 66 153 98 91 150 10 102 30 128 73 130 11 118 131 76 114 131 158 47 166 28 68 62 93 108 130 122 147 63 145 74 111 109 172 100 97 118 130 60 25 141 37 55 141 73 101 62 58 173 53 61 158 100 29 116 52 139 34 133 94 97 130 81 65 74 78 116 77 120 
112 121 146 168 118 169 79 82 171 114 146 168 191 126 18 72 115 160 55 101 153 90 90 160 58 123 76 48 140 111 58 48 148 170 85 111 89 109 38 130 116 125 127 33 184 59 94 114 169 104 113 84 106 74 121 40 147 109 38 41 126 60 27 117 161 100 113 61 169 83 181 125 153 110 51 43 
139 111 180 92 145 126 120 73 162 159 98 110 122 15 63 148 99 121 58 163 83 147 82 165 132 101 109 43 116 17 146 104 173 149 94 144 94 112 97 105 112 60 70 42 76 155 134 101 106 133 150 87 136 98 77 138 68 88 90 90 60 64 123 134 92 58 121 74 115 122 116 30 92 81 145 94 
51 115 65 62 107 179 87 23 84 61 121 62 63 83 109 131 53 92 106 171 152 93 104 100 125 86 110 109 139 45 74 117 115 56 154 98 131 50 148 63 153 58 58 67 74 119 101 10 94 110 122 107 79 69 93 106 94 163 140 163 55 87 167 142 188 25 135 134 118 41 69 124 76 107 146 140 
98 41 134 156 168 86 158 196 76 58 160 68 148 107 166 99 103 95 119 114 115 96 135 80 86 15 74 54 63 123 23 65 111 154 105 162 80 133 156 93 125 123 146 80 50 80 83 158 126 110 123 138 78 80 142 99 92 125 85 157 128 86 94 71 94 25 39 77 157 120 89 63 156 11 143 169 
64 101 106 77 55 114 123 125 69 38 26 70 125 150 45 98 49 82 136 83 148 51 4 72 86 113 34 87 50 67 105 187 94 137 115 34 97 137 99 59 177 163 107 99 112 38 77 107 47 107 56 104 120 177 64 141 74 36 95 157 105 91 154 143 159 54 137 59 113 36 16 156 105 122 107 59 
112 100 114 119 100 110 161 132 142 82 147 120 81 106 47 16 149 30 47 75 54 88 160 104 99 61 113 41 94 132 86 114 5 168 87 158 81 68 73 155 82 90 127 114 165 80 148 16 140 89 141 17 115 99 81 10 136 88 112 71 137 61 121 64 20 62 126 47 51 101 126 117 9 87 85 72 
68 150 94 82 34 38 110 87 98 79 111 84 15 153 89 117 102 104 80 47 99 66 158 157 75 162 61 152 178 53 96 82 138 115 94 70 83 89 90 152 106 138 77 120 185 97 84 167 184 172 169 47 114 45 167 72 130 32 136 49 110 87 43 127 123 196 116 168 85 155 127 76 77 96 98 139 
61 120 32 96 40 63 71 102 157 167 32 127 57 106 157 166 47 119 57 116 119 65 182 113 46 31 86 151 141 78 26 88 67 39 167 140 114 58 107 114 164 176 169 14 81 115 28 171 97 131 117 162 154 134 90 60 129 125 115 175 29 116 142 120 95 68 95 124 54 65 120 146 77 100 138 110 
83 112 131 136 62 47 60 100 114 120 170 121 117 64 89 71 104 81 81 103 86 119 187 74 68 116 130 8 46 87 117 8 140 89 89 116 88 183 110 66 123 96 71 53 48 42 120 137 148 104 108 81 104 27 142 71 114 144 75 72 92 179 181 140 124 140 76 155 92 49 87 47 149 145 114 145 
43 24 37 134 87 50 167 37 22 87 119 22 83 17 115 150 116 39 92 39 140 71 109 87 136 122 90 113 44 166 95 101 36 98 95 97 74 100 131 123 56 168 134 119 137 120 72 140 122 141 147 134 62 66 129 36 118 151 26 42 112 110 125 101 36 56 85 93 152 88 55 142 140 106 105 137 
70 121 177 185 114 128 88 153 158 67 116 106 179 84 94 115 96 102 135 75 80 49 18 44 122 115 162 104 61 145 108 91 26 130 90 33 99 138 89 142 110 130 43 84 88 62 58 183 148 135 112 102 125 129 107 183 81 71 127 122 116 107 52 69 63 53 115 75 81 174 69 138 67 173 51 65 
61 72 86 120 128 135 106 114 146 107 129 40 158 50 67 86 142 132 125 36 111 81 175 140 54 94 71 121 196 172 155 106 123 41 178 113 110 191 141 136 98 175 137 26 87 135 167 127 161 126 122 163 100 93 63 161 139 172 91 178 131 80 196 99 148 70 129 105 69 67 76 101 55 174 81 54 
56 84 158 93 72 70 97 90 105 156 109 56 142 59 106 84 91 161 63 50 149 121 7 139 126 135 67 44 147 100 104 90 41 158 100 153 83 13 119 78 121 87 72 57 5 97 51 147 93 102 89 86 143 98 31 154 170 112 116 23 117 69 136 77 75 44 139 79 60 150 74 108 106 140 131 130 
130 48 75 90 158 108 121 107 50 106 107 98 45 45 86 113 75 81 19 69 110 122 132 148 61 101 88 46 111 103 126 76 76 131 53 139 116 64 87 30 95 89 84 83 62 91 93 100 162 191 65 96 51 125 136 90 186 31 22 145 164 72 90 80 148 74 94 97 76 109 98 84 47 58 63 116 
180 85 73 99 69 59 28 117 98 130 135 136 82 58 150 115 75 156 43 108 130 165 168 120 173 105 143 94 70 130 170 168 73 128 151 94 29 28 67 115 123 35 102 60 130 35 187 120 55 126 150 102 50 86 158 39 154 21 129 71 11 132 79 78 173 57 40 89 118 155 112 105 104 135 101 53 
135 60 96 48 147 109 137 146 113 116 159 80 118 104 174 86 50 54 73 149 182 76 61 146 15 98 76 103 62 95 132 114 95 62 95 66 51 61 37 21 103 53 85 130 68 76 58 128 60 91 100 170 81 86 97 58 116 53 64 43 56 19 62 144 67 94 174 53 131 108 119 33 113 98 109 90 
41 96 22 136 82 55 105 197 135 149 27 127 110 57 27 172 67 86 32 186 88 137 146 75 36 154 114 175 72 132 61 57 128 55 135 50 133 164 125 163 24 35 94 49 122 85 48 63 157 127 156 146 87 77 129 141 28 103 117 145 114 83 103 99 77 117 81 167 9 95 17 91 30 66 28 107 
28 95 74 114 105 56 34 44 174 102 92 37 109 131 156 113 71 138 66 160 153 86 47 31 104 118 128 66 164 128 93 107 67 91 81 148 53 59 157 161 129 106 159 130 142 134 183 22 110 147 89 114 63 127 111 153 155 140 103 88 134 69 118 93 87 120 58 36 181 107 91 84 114 89 146 90 
