91 58 158 93 26 56 85 123 127 139 72 82 11 136 108 173 90 82 148 77 124 125 123 55 152 73 104 45 38 136 139 104 16 47 140 69 61 69 123 84 155 121 169 18 74 127 127 110 64 152 78 121 92 12 82 58 151 161 185 143 169 58 35 183 45 88 77 58 94 82 123 78 125 154 173 107 65 85 62 
8 77 18 99 98 102 93 139 93 104 20 175 80 82 59 131 56 98 141 74 70 84 118 102 112 81 87 121 75 101 156 86 87 102 117 11 42 149 120 141 88 151 61 62 75 114 81 41 93 140 49 80 71 142 29 102 118 195 106 116 94 103 122 100 39 52 52 108 112 103 105 170 128 155 141 82 89 110 171 
90 120 120 109 97 71 124 119 63 143 87 102 11 80 86 122 94 149 50 54 52 86 152 110 129 146 43 164 124 89 169 119 97 39 78 97 171 134 42 110 154 134 71 90 25 28 176 156 78 189 89 160 115 140 81 74 58 81 96 123 122 158 158 130 122 137 73 161 147 75 80 76 102 28 96 80 21 131 134 
194 62 134 123 172 116 48 132 87 146 47 120 120 149 106 167 113 141 139 70 64 79 95 105 63 140 140 155 32 151 104 37 112 101 8 152 76 45 28 55 26 102 37 130 139 132 120 74 155 148 53 70 123 125 162 83 153 41 71 103 112 99 145 49 90 37 98 103 149 67 100 114 53 90 49 108 120 128 113 
119 95 107 100 118 107 128 124 98 100 93 119 100 192 89 134 180 110 170 77 65 39 170 142 160 147 48 56 55 142 162 125 128 98 75 85 90 148 99 65 85 156 66 47 75 157 163 91 9 69 161 106 80 42 41 112 59 81 136 137 80 72 154 110 59 73 86 180 78 104 82 71 57 121 158 160 99 51 58 
75 35 90 88 102 154 126 87 181 111 192 99 137 63 10 112 56 87 100 122 76 74 101 94 93 149 181 37 84 27 110 119 136 32 89 77 80 36 73 133 165 105 110 84 120 181 72 93 151 81 183 130 62 115 136 160 68 122 102 122 131 107 129 86 107 107 117 149 104 83 140 106 91 140 119 73 67 115 73 
110 94 77 127 77 83 147 67 111 65 148 174 102 146 162 73 90 79 156 89 79 86 5 75 144 194 87 62 89 133 121 88 151 133 32 100 82 126 36 77 36 84 47 112 113 32 123 118 32 137 112 55 78 120 140 149 158 44 177 109 70 84 147 130 73 111 83 124 111 76 33 53 169 142 133 60 84 58 25 
48 116 100 125 34 172 71 142 160 53 141 124 166 106 118 81 77 147 101 141 2 97 141 177 14 173 145 107 61 84 81 100 101 93 98 135 112 54 119 10 77 45 178 92 150 111 37 111 185 98 73 43 120 122 173 14 90 112 104 9 155 159 70 39 124 93 120 172 132 186 100 131 102 70 157 118 16 189 109 
122 28 119 179 83 70 86 43 118 91 83 132 131 76 63 108 75 134 103 138 124 98 68 20 66 113 80 113 92 22 123 120 141 168 144 128 68 100 121 81 26 121 145 86 59 114 90 46 52 119 91 108 137 66 77 152 129 17 148 48 120 119 150 78 121 96 140 173 127 128 64 126 165 145 192 98 115 94 175 
94 125 147 70 120 92 135 152 68 112 82 87 137 83 146 31 86 79 95 105 111 149 43 23 112 131 60 7 102 101 185 66 128 26 109 150 86 140 180 99 58 157 117 83 107 66 114 127 97 63 6 82 75 123 47 160 121 179 177 182 87 118 75 56 164 78 140 66 147 89 94 102 81 124 118 61 74 130 36 
164 72 109 114 25 149 132 77 63 49 124 115 167 61 120 50 44 128 81 94 89 58 134 68 32 91 35 160 94 120 93 167 131 137 101 180 77 65 98 113 76 100 138 111 161 118 104 77 149 64 89 136 109 63 134 58 79 117 120 92 175 175 102 103 6 77 105 110 42 132 102 67 137 103 133 169 164 41 123 
53 110 69 139 112 134 107 126 88 37 161 115 83 72 160 116 142 131 56 110 91 40 179 130 71 117 117 101 85 160 197 173 100 49 119 34 87 103 112 82 151 71 56 3 85 81 137 144 72 44 133 135 33 67 101 77 17 63 97 108 109 161 184 185 158 88 125 37 27 129 77 105 89 124 80 176 139 130 85 
90 96 90 67 144 90 67 65 48 76 92 137 34 67 116 198 92 97 108 59 176 139 63 157 63 146 121 122 110 89 111 52 90 125 52 85 109 103 119 143 102 163 109 84 35 111 143 102 71 110 146 172 160 58 77 154 97 59 78 181 179 70 123 58 92 98 58 151 103 121 103 63 85 129 109 119 183 98 138 
140 113 88 20 98 52 89 61 84 109 82 48 60 88 63 82 86 29 62 161 101 80 73 102 145 36 129 124 103 93 72 182 109 53 33 99 68 171 16 89 141 72 77 119 54 40 53 45 73 96 31 182 74 86 11 71 149 87 115 93 24 82 156 58 174 69 145 157 136 106 7 106 27 158 102 140 53 172 79 
42 142 184 98 92 150 64 99 104 172 180 136 106 54 185 66 115 161 90 140 86 40 185 95 115 118 60 101 116 37 105 112 156 195 40 87 168 175 106 83 136 97 96 91 81 45 160 95 66 67 110 123 173 51 98 83 69 60 106 79 78 110 155 83 124 35 127 28 78 131 62 79 40 88 77 121 127 44 45 
56 53 164 96 149 94 116 120 82 138 115 8 95 51 122 100 27 78 134 73 34 65 85 123 91 142 76 189 127 55 105 65 114 95 32 63 87 126 89 156 110 133 92 150 130 18 173 95 111 88 79 96 111 82 112 60 101 134 117 82 105 92 175 42 82 69 133 88 84 29 105 116 71 133 119 75 73 126 100 
46 112 139 65 129 64 83 55 14 139 100 19 75 47 197 124 84 107 165 104 169 21 15 122 17 117 120 101 102 151 89 108 41 72 73 136 50 74 60 93 96 46 49 115 94 164 42 98 132 67 103 140 93 56 78 68 112 103 134 93 124 141 82 183 108 62 83 93 43 74 68 132 146 168 38 20 38 78 72 
137 157 168 80 31 79 116 93 37 165 45 155 73 126 20 114 112 89 160 84 57 80 46 150 63 50 129 73 154 64 154 130 159 49 42 160 77 162 98 69 182 114 86 58 71 46 179 21 84 134 93 148 75 75 137 30 147 159 90 128 108 81 107 143 134 107 188 52 61 26 31 42 170 110 41 37 52 32 30 
170 100 110 164 110 155 0 123 63 120 102 131 87 162 46 124 90 63 136 65 79 138 53 67 175 137 113 100 171 79 66 139 94 152 8 99 75 136 143 21 99 109 138 119 127 96 115 77 142 22 101 121 97 132 142 136 87 65 99 146 117 153 94 98 72 71 112 102 149 88 94 105 127 29 87 86 98 162 101 
60 110 105 192 160 188 95 93 80 20 43 140 130 131 76 110 69 158 175 128 104 150 74 184 33 126 111 123 55 58 153 133 143 56 142 83 6 161 132 105 137 143 105 61 129 41 44 44 95 74 50 46 45 138 173 100 174 94 135 55 37 129 136 67 72 30 43 151 37 146 159 118 154 90 109 133 133 149 59 
111 99 49 110 165 96 99 133 116 90 68 132 95 53 81 130 100 110 149 153 66 95 126 128 58 115 56 82 162 130 145 111 106 56 63 142 64 142 101 108 117 138 110 72 126 73 63 182 119 56 8 111 121 93 142 107 78 70 23 130 156 112 60 127 68 95 27 114 71 143 19 112 89 127 165 66 134 150 112 
126 107 101 164 40 145 149 128 126 33 95 144 108 92 79 140 144 95 141 21 125 100 97 118 56 142 110 78 119 108 53 105 120 105 110 117 135 135 113 132 125 58 21 34 102 167 158 106 96 53 58 58 55 122 94 91 48 115 84 140 61 24 144 111 93 49 117 129 83 96 64 135 70 146 53 99 82 52 87 
105 145 111 157 124 154 61 98 89 103 154 63 172 108 144 92 102 124 65 15 171 52 123 132 65 101 106 182 79 161 90 90 168 63 77 89 174 96 41 85 102 96 134 91 90 40 135 56 51 71 35 107 122 103 130 74 84 121 145 15 178 78 51 110 131 156 129 18 110 145 96 151 107 138 97 98 115 154 151 
120 87 96 36 100 154 95 141 75 134 60 84 65 109 97 99 118 47 135 144 134 57 96 40 84 100 179 34 38 170 84 57 16 164 73 42 40 109 70 104 84 148 125 3 109 93 160 71 93 95 54 42 81 156 158 50 125 37 155 158 60 75 98 139 103 88 129 147 80 50 68 183 163 105 116 86 56 93 52 
113 115 89 100 123 110 23 138 45 39 81 74 107 27 127 165 69 13 119 72 169 27 125 153 11 118 82 76 121 151 59 38 169 107 146 94 99 138 97 116 42 69 53 53 120 105 52 88 112 95 88 99 58 96 11 68 125 57 59 126 111 91 105 111 21 62 117 171 78 146 144 92 106 146 100 84 112 55 109 
97 17 155 45 81 166 100 139 99 103 166 65 87 70 147 169 134 18 94 69 99 82 144 116 102 77 153 151 85 121 93 110 40 54 137 68 125 161 117 164 109 96 141 54 183 135 159 98 125 45 100 105 107 72 121 113 197 79 148 103 103 101 78 107 99 90 126 142 76 99 166 125 74 115 104 105 173 92 43 
61 102 61 152 49 6 53 73 89 151 160 98 105 69 60 63 55 22 23 74 104 118 73 73 136 19 144 126 113 122 90 68 134 148 99 162 45 118 157 171 97 97 79 87 49 94 82 57 23 15 99 156 96 75 87 47 87 72 115 91 102 113 106 154 108 103 67 107 84 173 121 68 50 106 136 114 45 155 137 
112 151 62 134 194 97 109 64 137 16 58 193 137 147 70 58 151 68 147 85 72 74 64 72 91 173 125 107 125 85 62 23 75 86 33 78 147 114 48 44 30 25 79 71 102 106 97 182 137 44 82 63 174 66 143 76 91 87 93 82 148 47 38 73 100 71 157 95 108 102 37 110 77 109 93 71 73 149 137 
80 19 117 122 127 96 82 80 176 131 48 84 137 80 81 128 150 56 56 76 164 125 28 124 58 127 152 69 124 55 72 144 41 135 39 142 48 123 140 92 92 171 65 152 121 151 100 195 78 76 56 133 116 76 72 162 89 95 12 150 51 98 120 73 61 133 149 185 21 162 158 98 91 180 75 96 74 110 75 
61 163 114 100 27 139 29 68 149 67 104 83 107 75 148 113 76 99 148 47 97 33 122 115 84 87 122 56 111 109 48 104 121 87 108 105 122 80 173 111 45 174 48 83 100 165 40 176 90 106 106 116 145 74 96 183 193 165 80 181 113 72 123 93 171 43 119 166 102 110 90 39 115 48 105 130 173 141 39 
158 139 171 121 150 186 148 175 63 49 91 119 121 117 164 86 139 41 164 165 43 48 129 76 161 163 110 101 36 40 91 65 44 81 161 115 78 104 127 135 103 38 103 107 60 18 104 124 142 139 57 92 66 42 108 168 57 162 24 95 65 117 93 94 75 177 116 84 49 72 63 121 81 101 119 53 133 163 115 
89 85 79 73 100 120 102 105 148 124 42 119 126 123 132 49 68 90 70 64 74 101 118 35 70 72 137 113 173 91 130 90 97 58 70 77 133 138 103 97 96 103 85 83 95 101 10 112 137 80 157 75 80 112 123 109 114 67 73 87 42 87 70 65 88 171 119 80 162 86 97 28 86 120 82 115 79 118 149 
114 187 107 139 94 179 49 93 63 113 108 167 69 30 139 164 119 97 69 107 60 104 154 166 70 100 160 101 81 136 169 107 123 117 75 167 133 132 157 97 141 142 71 44 12 143 134 39 112 77 121 116 69 129 79 117 53 60 91 107 65 105 93 180 60 125 109 179 151 79 148 101 144 105 104 135 86 133 10 
47 24 105 144 71 49 110 136 172 90 66 105 100 92 104 134 101 75 162 130 97 156 63 82 124 105 54 15 181 132 107 114 108 60 68 75 56 106 171 116 78 133 90 71 140 76 105 105 53 96 121 85 23 119 124 56 40 112 87 76 178 173 109 174 153 44 106 55 167 161 25 91 105 27 136 71 134 131 162 
190 94 137 112 84 95 64 123 89 77 72 68 126 72 37 101 158 64 77 84 59 114 101 29 58 83 123 96 70 137 80 37 125 92 117 165 177 98 136 106 78 137 73 103 83 119 132 130 52 89 110 116 85 165 17 49 58 63 85 146 46 123 110 104 151 35 128 87 89 70 23 97 172 166 60 116 85 99 162 
42 138 104 80 103 118 54 141 74 107 47 107 127 127 85 94 136 11 45 150 71 46 4 50 172 40 117 78 18 73 125 177 36 155 76 108 19 116 50 82 112 14 69 84 93 160 174 55 121 46 92 125 114 138 34 107 102 101 114 119 75 70 160 56 181 65 117 119 77 55 141 155 150 124 90 33 113 70 89 
139 79 101 7 80 97 86 100 90 121 144 56 95 65 127 42 91 132 93 30 152 129 101 114 48 102 118 166 136 105 102 111 74 94 131 95 125 132 72 79 172 178 184 108 66 133 5 118 81 101 46 103 85 70 20 92 21 58 74 65 67 42 81 140 65 78 169 131 157 97 137 45 116 43 35 9 169 73 34 
149 141 63 113 110 87 107 85 104 59 50 62 121 122 86 101 91 66 102 91 63 114 116 91 89 80 166 17 115 46 74 112 9 157 176 108 49 138 90 68 53 107 76 102 155 85 109 67 167 40 104 50 43 101 37 82 71 100 96 109 98 83 165 89 175 55 5 46 71 61 124 61 172 47 92 75 175 152 125 
34 124 161 32 88 186 63 143 56 102 104 129 45 159 107 113 93 110 116 154 128 21 38 38 108 97 51 112 122 84 124 177 114 154 91 47 99 153 96 112 103 180 81 64 78 140 79 85 124 166 111 76 98 125 64 83 163 161 116 90 182 85 84 100 66 96 150 166 93 128 6 106 145 64 87 36 36 131 44 
31 67 113 114 61 44 113 16 68 29 127 87 82 110 116 98 95 129 63 1 176 138 35 80 74 97 102 58 63 32 92 52 101 81 50 58 100 38 144 147 138 37 114 115 67 102 107 49 107 61 88 129 111 170 187 173 124 51 97 177 7 75 84 107 74 22 28 97 120 103 113 82 59 94 138 26 82 116 108 
151 160 94 133 91 101 53 61 35 127 84 88 129 96 99 150 154 51 142 138 151 150 94 154 66 59 113 65 113 51 87 107 113 147 103 178 121 56 76 89 42 102 48 158 85 93 136 106 130 100 101 137 98 106 136 107 65 107 118 121 38 159 96 81 13 99 93 91 109 147 41 45 150 149 118 15 164 98 60 
112 93 87 58 71 162 138 75 123 103 167 83 113 81 48 91 4 44 90 25 94 73 52 171 57 136 65 53 127 146 27 54 124 88 104 70 67 66 113 102 121 80 151 153 112 87 82 117 141 193 120 139 105 134 137 159 31 150 60 137 19 57 81 148 104 85 89 121 83 96 139 55 139 81 79 130 131 77 109 
127 50 10 98 136 108 37 103 32 88 168 76 86 163 53 196 90 115 138 64 106 114 71 93 65 9 131 136 86 103 133 94 143 108 86 74 42 77 102 136 119 108 122 155 74 124 153 181 101 24 78 33 98 148 143 51 174 102 110 120 99 72 99 126 195 82 47 153 60 154 80 110 65 147 146 119 53 64 107 
51 96 140 79 84 155 50 130 78 68 104 69 128 17 39 131 85 54 56 107 130 162 164 42 100 105 122 103 117 30 128 47 42 33 144 12 148 93 130 105 156 65 4 76 77 118 135 158 109 121 51 64 96 113 78 63 137 150 68 73 112 174 138 91 64 17 98 126 69 77 100 119 162 117 88 39 125 60 90 
91 45 128 150 35 23 172 137 116 61 114 64 124 127 21 65 90 99 95 98 102 42 87 96 144 125 139 141 104 53 51 134 51 125 142 77 154 14 86 141 172 144 96 72 93 70 86 66 46 93 142 112 148 101 46 44 58 1 137 101 39 113 119 102 71 140 126 60 27 89 114 99 187 83 86 131 90 46 161 
59 64 60 65 64 150 84 68 85 25 113 111 184 104 88 92 138 67 37 98 43 112 48 56 51 178 81 99 90 69 136 49 160 120 158 103 146 113 152 167 91 36 69 122 40 109 164 68 129 98 57 126 87 63 182 45 116 131 124 90 144 109 165 109 23 146 100 102 106 100 100 138 150 94 160 35 115 95 158 
116 23 145 98 71 97 155 12 65 89 174 183 144 96 88 158 186 186 58 67 64 125 31 62 42 31 105 132 72 96 155 139 109 133 97 178 118 108 76 107 99 159 113 94 182 15 159 154 178 109 126 48 102 90 61 129 62 128 41 102 118 105 148 136 128 102 78 16 96 28 61 117 110 90 118 175 108 76 89 
56 78 5 73 80 86 72 128 168 70 111 140 119 46 172 142 131 43 178 88 92 145 100 105 144 94 68 173 118 108 96 125 87 152 152 157 186 133 152 89 98 106 120 79 69 132 117 55 111 171 89 187 156 62 73 48 120 87 132 144 185 117 57 96 95 28 99 161 83 133 121 122 156 138 131 173 159 83 157 
108 151 145 51 108 96 108 117 143 6 103 87 177 81 84 112 161 119 111 67 32 137 81 51 113 102 159 176 111 69 136 135 46 167 95 109 119 151 151 37 179 142 108 76 36 138 101 92 135 172 140 142 123 110 59 113 129 76 93 76 115 148 92 173 91 61 148 69 85 154 136 177 100 63 162 28 13 82 53 
60 25 100 38 179 156 128 124 135 107 138 127 107 72 140 93 12 42 58 93 81 81 96 66 40 153 98 116 102 155 58 127 117 60 59 25 137 188 122 18 69 171 103 103 165 43 33 102 69 49 23 105 142 187 67 193 190 46 156 137 78 36 46 62 79 19 13 97 111 71 105 113 117 96 97 86 31 60 163 
93 67 101 24 155 26 50 118 81 129 65 105 111 110 98 157 44 34 147 130 95 8 89 96 35 115 128 85 106 47 56 83 97 77 179 91 52 111 96 114 118 138 98 89 140 55 107 69 142 42 94 170 147 151 76 81 118 47 117 17 160 146 133 104 76 100 169 104 137 45 105 75 83 77 84 88 94 90 116 
97 106 38 64 170 60 18 98 61 63 169 95 79 68 90 156 66 132 93 64 66 80 153 76 32 116 143 152 74 189 132 155 162 134 124 73 146 112 108 130 63 102 145 44 146 173 179 120 136 73 22 140 63 133 128 82 89 182 145 98 150 97 168 139 149 117 73 189 80 49 33 114 87 74 85 109 138 86 67 
37 87 162 147 136 51 59 138 115 97 91 60 173 142 39 78 96 58 168 40 149 76 156 96 119 154 151 80 55 94 99 104 43 73 169 149 35 108 155 139 124 140 70 107 73 90 5 104 84 36 98 83 150 90 186 104 148 118 72 127 76 1 20 18 51 153 11 168 88 170 74 86 93 151 75 49 75 46 48 
120 41 171 144 77 58 119 100 101 112 124 133 176 110 18 109 128 103 105 149 96 137 118 138 50 131 126 111 96 94 90 49 157 188 81 28 154 50 85 175 101 97 79 130 112 151 60 94 133 55 137 29 36 93 169 102 159 87 25 46 141 143 76 121 163 141 78 21 81 136 37 60 101 142 118 62 29 117 130 
137 60 176 21 105 35 87 103 54 89 93 82 89 141 122 67 46 116 97 89 139 39 31 95 53 89 35 18 90 116 75 70 143 133 85 62 80 106 113 101 67 88 99 38 107 66 119 133 108 128 96 77 144 162 135 131 34 160 83 146 74 139 99 147 118 149 85 50 133 168 145 150 157 74 136 120 158 146 136 
114 109 31 50 179 39 95 96 42 57 85 20 93 73 112 58 172 84 124 19 141 155 136 63 98 75 61 81 112 132 29 188 121 136 128 103 98 87 42 99 111 63 148 80 86 146 33 96 134 122 118 33 136 44 106 146 189 169 76 100 72 141 126 116 108 50 158 96 46 77 144 124 106 113 141 157 123 112 124 
80 33 50 85 97 77 83 65 132 125 114 40 97 148 79 128 72 148 167 157 93 88 112 139 64 126 78 135 131 146 111 140 59 17 84 107 93 84 184 135 63 157 101 124 107 51 81 43 47 102 85 137 84 40 76 84 172 131 68 96 101 40 111 46 43 18 168 55 93 57 130 125 164 100 161 113 128 88 170 
94 32 151 185 40 30 100 107 106 131 88 185 66 93 140 119 82 183 66 129 96 167 100 126 47 147 169 80 124 60 68 39 28 141 97 38 57 93 139 83 132 111 61 95 68 144 97 108 99 104 156 105 128 124 119 149 32 152 119 140 52 75 84 93 133 134 149 162 127 130 43 163 84 77 158 87 121 102 84 
186 135 58 44 81 79 97 18 74 133 160 112 44 102 43 65 35 44 128 103 142 50 140 141 74 114 80 48 23 22 73 137 133 46 160 120 100 48 72 113 137 114 99 167 107 90 89 127 124 139 183 121 152 141 123 80 101 80 102 163 165 75 84 128 90 82 21 23 187 57 118 90 100 71 169 102 137 52 149 
113 22 35 134 162 111 126 179 81 65 81 104 111 162 93 90 142 186 150 143 160 78 82 110 101 32 182 54 122 92 93 152 35 141 151 191 191 154 26 61 76 131 161 67 93 100 95 159 27 114 71 90 112 145 121 120 88 76 98 48 67 176 102 117 96 169 109 81 45 53 117 56 82 107 124 107 72 115 74 
98 126 172 134 55 101 167 105 21 144 74 131 107 145 124 22 106 126 102 88 37 125 153 163 31 97 60 43 51 64 155 54 29 114 109 142 101 25 61 80 58 85 122 53 134 121 53 51 105 151 50 124 90 103 86 137 126 44 56 58 56 106 105 142 12 167 122 50 92 107 130 98 23 153 107 74 128 21 130 
92 89 89 100 53 122 138 172 54 107 172 128 155 188 144 160 147 82 13 109 86 64 95 111 97 134 87 63 110 142 176 73 112 138 101 110 87 148 134 59 63 95 154 173 153 108 118 68 143 166 149 184 39 100 96 101 142 45 42 104 72 46 130 117 130 140 124 170 110 95 133 54 34 116 58 108 96 71 141 
111 60 112 77 60 134 110 108 128 117 74 101 51 48 119 43 21 75 110 31 91 105 180 160 109 39 49 118 39 50 30 112 96 101 121 76 185 110 74 141 140 114 46 92 120 82 85 131 82 155 99 98 109 168 114 180 71 99 81 61 88 194 78 56 85 108 156 76 96 86 43 106 92 118 80 84 105 45 129 
81 148 69 148 136 102 52 119 34 83 101 125 122 91 86 69 137 48 63 116 118 107 95 41 108 82 1 90 68 120 51 116 167 141 94 91 104 47 97 104 109 29 150 104 91 62 156 21 102 71 84 160 92 49 84 29 60 83 38 152 95 118 32 71 74 51 79 93 107 172 105 64 138 181 138 106 169 86 49 
55 133 108 68 70 95 70 130 140 76 74 125 81 170 177 109 130 94 77 93 104 59 54 61 114 54 119 150 129 194 154 45 77 113 164 101 125 123 102 48 84 49 34 122 21 93 149 47 130 38 58 151 133 38 101 162 149 174 78 123 96 104 146 68 49 72 132 158 82 177 85 86 89 94 43 63 72 129 106 
74 111 110 116 36 82 116 164 95 30 127 143 68 173 100 62 95 96 111 76 167 162 31 78 152 131 61 169 151 42 80 111 95 54 93 188 75 144 153 66 74 184 85 60 160 108 157 82 138 126 114 148 68 149 94 139 113 147 110 103 185 149 83 54 68 116 29 97 47 85 126 64 155 30 146 95 44 86 49 
25 69 133 80 22 85 135 53 124 127 93 97 142 140 54 156 76 32 154 106 45 27 115 115 87 110 156 118 65 122 108 132 112 150 42 135 80 123 39 134 134 80 57 98 96 133 152 150 82 98 69 168 131 106 113 155 82 71 110 144 85 74 79 100 132 39 134 61 118 127 80 99 64 164 110 129 95 70 144 
94 78 98 150 23 106 58 102 99 189 48 109 89 63 67 71 99 126 83 185 91 106 79 143 106 152 117 124 159 59 86 66 59 154 90 95 94 95 150 74 136 8 35 75 109 154 36 87 75 143 93 76 113 89 105 98 124 142 111 170 113 17 149 49 80 45 82 62 89 109 119 70 67 54 67 131 152 107 126 
122 83 69 69 125 77 145 88 73 65 95 117 28 75 66 76 85 152 123 125 159 131 103 105 93 111 145 73 110 98 64 129 147 86 89 108 93 138 100 130 102 108 3 131 140 47 42 137 122 90 108 65 187 88 135 40 158 17 55 97 91 67 23 88 100 115 102 82 81 117 94 1 102 35 151 58 79 85 87 
126 107 108 68 114 39 118 94 104 119 43 45 110 107 54 179 14 119 73 169 158 172 89 138 66 111 96 124 129 89 76 128 97 78 176 168 100 46 62 67 72 55 57 154 25 65 127 156 144 98 8 63 61 105 43 43 95 116 61 113 116 52 46 109 115 137 26 78 73 148 97 58 124 108 130 87 157 143 63 
146 138 41 139 125 108 65 72 103 83 118 150 104 185 154 109 126 74 57 157 80 33 102 92 62 132 47 125 55 86 83 135 162 135 81 18 115 2 102 71 120 181 14 83 131 117 102 186 84 136 7 100 171 36 88 101 143 68 111 170 79 110 57 161 51 88 91 113 133 169 95 19 68 156 137 45 168 59 36 
135 74 58 49 47 123 69 156 167 171 152 163 136 123 135 70 164 68 43 29 82 155 129 46 125 130 80 60 136 108 81 67 98 173 88 162 94 125 78 110 183 86 96 41 116 69 41 183 88 197 76 102 95 121 73 145 135 171 72 110 136 103 108 79 29 87 97 50 154 80 180 146 114 127 181 67 151 78 117 
190 114 98 29 44 93 185 100 127 124 85 101 86 143 139 108 102 98 96 158 48 135 15 127 36 130 164 112 108 113 65 77 49 88 78 147 71 68 94 94 112 128 128 161 54 53 121 152 148 101 50 106 129 73 39 137 152 80 143 94 106 73 66 132 126 131 100 54 96 115 74 135 46 98 23 54 39 112 151 
90 56 147 120 81 171 134 103 58 162 132 140 63 120 107 128 43 75 185 91 158 80 86 116 142 156 112 129 57 17 152 32 124 130 108 127 44 104 18 139 57 31 98 18 57 158 163 109 76 63 69 112 123 118 159 50 143 51 138 126 60 91 83 99 163 149 54 115 55 95 158 112 95 59 64 103 129 101 88 
61 128 144 140 76 159 94 181 64 96 88 132 134 117 86 135 104 83 139 109 101 131 147 131 81 52 83 77 11 119 97 109 29 111 114 134 88 47 96 108 36 166 97 112 59 78 121 17 117 137 57 101 153 17 105 91 129 111 60 108 96 78 71 24 119 87 101 148 121 73 42 164 109 93 93 97 130 51 134 
166 89 31 73 112 37 147 65 84 133 82 99 151 163 121 80 113 65 121 108 128 127 140 89 104 99 172 74 185 78 63 63 120 11 84 75 112 150 152 80 110 78 118 105 85 96 158 88 122 165 12 157 114 123 122 130 88 62 38 124 199 139 160 73 83 42 103 114 35 120 149 80 46 158 109 118 146 3 99 
101 50 13 187 89 99 113 127 109 68 110 126 97 89 115 108 162 109 140 129 110 51 120 49 101 52 148 64 51 139 23 67 152 120 76 99 34 43 53 129 29 36 103 106 117 101 60 103 99 158 90 103 120 18 77 171 130 94 93 50 90 79 125 95 104 52 139 55 120 106 103 90 107 94 50 105 73 85 65 
122 98 99 114 76 78 16 126 148 117 93 32 122 94 114 99 120 76 101 72 43 13 139 47 100 158 100 88 137 129 50 44 124 150 178 107 135 84 102 122 111 146 118 178 38 166 185 66 110 29 49 107 122 143 82 148 119 93 110 112 147 125 99 151 68 86 118 137 40 89 160 126 68 97 194 103 33 55 95 
130 185 46 105 116 88 109 99 101 11 19 47 40 17 169 28 136 166 128 119 108 63 161 114 91 94 108 110 67 119 89 100 79 87 149 54 97 83 126 118 122 147 104 71 139 25 176 153 152 72 128 77 127 133 64 160 66 151 63 29 84 29 47 93 48 151 133 116 51 114 124 107 79 104 91 155 68 130 117 
