165 53 112 142 155 161 120 95 163 83 131 156 163 89 131 104 104 97 60 72 89 72 123 96 75 85 122 113 54 89 20 16 85 119 129 70 96 69 85 46 167 144 130 115 66 58 74 84 195 35 100 148 130 72 94 52 64 81 39 124 103 55 160 128 190 101 29 99 109 55 133 34 97 111 97 85 42 114 169 149 
116 72 90 104 25 129 38 137 128 145 165 108 115 142 111 66 145 66 136 142 96 108 139 106 85 173 106 94 106 87 148 24 137 89 64 115 57 135 60 184 98 96 83 132 14 87 104 93 39 96 58 49 111 84 155 152 72 104 114 158 109 165 97 90 99 57 92 94 82 154 102 36 64 104 141 86 169 86 81 113 
124 114 96 64 147 55 98 68 73 170 109 63 44 71 91 130 17 90 48 122 122 176 122 71 124 174 137 99 179 93 139 88 91 47 127 194 182 126 119 127 177 86 90 81 54 44 78 111 84 123 48 117 157 69 52 137 69 128 96 27 52 122 134 119 104 165 92 29 91 51 118 77 55 120 68 89 60 43 63 115 
128 61 68 60 179 156 45 76 81 89 135 105 73 182 90 156 62 103 69 113 103 147 114 20 123 60 168 146 114 145 93 74 29 34 38 45 116 51 91 45 59 119 166 138 135 73 69 109 150 102 98 56 121 98 122 76 54 65 154 119 47 31 73 63 97 128 104 75 28 55 21 182 105 188 61 160 105 51 141 100 
127 62 164 124 12 24 103 168 47 61 37 90 98 57 165 79 78 177 21 115 170 129 137 172 100 94 94 96 52 60 113 189 68 76 80 100 88 41 105 110 50 160 63 33 134 120 73 128 149 139 91 102 164 80 124 164 44 49 61 129 75 71 103 132 67 106 114 83 33 6 150 114 145 71 175 44 38 94 174 131 
68 77 78 129 143 120 99 19 165 105 117 148 157 113 72 119 93 145 59 170 133 47 143 30 91 79 58 98 118 59 90 159 47 39 65 148 60 174 175 141 85 100 87 82 163 127 99 92 99 97 153 111 44 138 117 146 75 102 58 104 158 184 78 48 136 96 88 52 155 130 52 128 122 112 75 69 81 60 84 56 
71 61 87 110 125 59 34 42 31 76 70 171 94 127 46 45 118 132 95 91 100 159 84 92 140 69 72 90 91 48 15 54 33 66 174 124 159 148 134 155 55 21 76 95 148 50 85 156 65 42 159 66 93 130 53 63 118 154 151 78 103 101 66 119 118 16 94 120 142 56 95 86 67 78 38 58 152 144 81 162 
91 156 124 103 86 136 101 74 147 80 8 66 121 106 170 45 162 111 34 100 104 115 121 99 103 70 156 23 162 106 107 153 106 78 126 98 70 146 48 150 164 94 152 71 118 137 101 103 68 101 96 80 88 52 74 155 40 167 86 142 97 181 132 101 154 92 183 132 169 152 95 119 145 87 108 59 132 90 102 39 
105 49 185 143 93 131 132 51 111 103 118 22 51 75 56 106 49 92 109 106 87 72 115 105 84 131 99 86 109 105 159 147 106 30 77 82 100 94 125 89 20 108 148 99 110 84 152 151 33 158 144 154 46 26 107 80 73 148 49 120 73 193 62 71 98 101 107 106 104 43 115 85 123 94 162 107 105 111 70 154 
82 121 94 56 125 171 96 129 54 107 162 166 85 94 115 144 117 52 181 100 122 54 88 22 43 38 73 76 101 55 145 147 143 121 106 182 27 122 46 96 73 88 116 111 35 108 76 166 121 98 151 172 140 46 103 103 82 103 186 58 107 32 177 190 67 151 90 136 106 112 85 65 93 107 127 126 114 45 183 128 
142 68 95 60 119 92 16 126 156 36 114 133 122 73 71 136 110 96 137 27 126 137 69 72 82 122 161 24 189 80 22 175 57 111 14 128 74 146 107 109 98 86 31 40 185 105 108 96 43 128 76 95 130 103 178 80 48 104 119 24 74 17 73 117 26 163 109 71 84 123 71 51 130 95 105 91 85 128 148 75 
182 133 77 98 79 61 73 91 157 193 141 133 85 65 78 105 63 119 183 101 43 119 159 152 79 121 169 160 136 124 141 47 24 29 84 55 157 113 157 66 91 177 133 181 172 120 111 84 80 83 77 110 122 161 103 157 94 98 122 103 62 58 148 82 174 74 89 153 171 139 179 118 161 98 75 177 119 97 102 75 
119 101 139 176 57 93 28 115 73 134 91 83 109 180 180 145 154 104 20 107 63 88 100 60 126 145 81 89 70 129 69 118 90 71 156 172 82 35 55 128 13 44 155 103 141 77 83 84 91 155 129 68 134 82 26 125 43 26 170 70 70 107 147 95 133 108 131 175 100 93 102 69 64 58 80 122 41 70 38 55 
57 81 62 59 67 48 41 87 67 114 127 76 91 89 106 93 60 41 49 111 83 46 78 116 60 133 104 115 139 74 130 105 156 145 51 129 108 63 91 101 161 126 37 93 27 101 72 96 32 87 64 92 156 145 116 82 63 73 81 76 168 90 94 34 136 141 111 54 46 144 107 78 112 156 42 97 81 85 123 54 
160 117 124 122 101 108 123 136 154 115 52 135 91 117 78 125 117 152 44 120 117 122 56 135 39 149 80 47 121 71 12 69 96 80 152 90 27 162 93 117 120 186 165 17 147 47 66 89 160 168 50 28 92 156 110 151 72 82 150 171 88 29 98 41 168 65 63 61 129 70 127 107 20 62 98 132 138 108 107 31 
15 119 103 78 118 128 154 37 119 178 107 114 122 115 29 119 159 109 92 18 67 108 169 95 99 127 171 117 120 90 180 154 70 98 103 95 119 107 103 95 180 58 65 102 66 165 148 89 146 78 78 71 153 70 44 155 100 74 31 104 146 97 106 24 39 186 67 86 76 37 153 187 110 115 14 66 21 124 88 11 
138 72 143 69 59 132 121 39 135 34 103 27 9 179 178 66 71 87 18 143 62 37 103 114 79 102 93 96 94 93 60 84 18 85 57 173 109 123 149 128 180 68 92 52 53 142 175 34 102 151 51 103 54 151 83 83 95 124 143 68 110 122 35 98 100 111 78 123 95 82 171 38 93 97 108 75 115 194 17 65 
34 58 40 83 85 61 79 80 160 24 75 69 72 152 136 128 84 113 88 48 132 60 80 33 88 113 155 132 21 120 121 8 160 72 81 122 151 64 103 88 85 69 174 92 101 70 140 92 47 86 68 102 61 106 137 178 144 71 37 89 156 78 115 65 142 85 119 72 109 67 109 105 118 135 128 176 130 105 89 134 
115 107 157 161 104 114 52 58 106 128 138 87 96 80 143 117 135 83 157 176 88 143 106 116 120 131 109 90 63 78 68 76 86 184 77 53 116 77 129 59 146 10 42 140 85 159 122 115 66 74 59 81 130 158 153 123 139 129 174 99 109 141 83 90 41 164 96 131 88 104 130 104 139 94 121 185 125 89 127 96 
48 122 82 158 158 125 103 114 114 131 116 74 50 134 159 175 106 149 171 34 85 77 60 90 111 127 42 53 135 37 97 152 73 21 114 105 98 137 72 101 66 151 125 42 100 152 152 154 45 134 170 127 92 99 167 33 114 58 57 108 152 38 111 58 28 74 175 91 97 115 159 117 98 181 162 148 122 134 100 83 
60 47 153 104 131 76 111 103 87 69 67 148 104 132 126 43 116 116 69 50 84 115 131 104 78 75 45 86 52 99 168 111 132 59 81 98 120 41 86 149 84 148 52 74 62 60 90 118 123 69 50 145 54 94 32 108 35 71 162 23 57 148 165 99 163 159 103 89 137 39 142 49 60 126 101 19 60 109 71 83 
97 69 110 124 114 113 86 117 122 95 101 55 117 153 107 70 117 87 82 144 31 97 7 108 44 158 150 126 63 112 142 88 169 55 87 123 89 58 77 44 140 64 134 10 46 163 103 29 28 104 157 89 38 139 137 44 114 111 120 65 58 25 151 182 97 121 58 145 60 132 145 120 62 45 98 82 25 41 52 72 
112 130 49 70 143 23 169 166 89 7 62 68 104 75 134 123 104 109 90 35 116 131 157 56 81 163 55 162 94 41 77 58 38 49 95 45 68 32 143 39 151 75 40 111 95 79 84 96 35 146 140 94 14 55 55 96 114 58 53 76 95 56 114 45 115 51 110 109 158 102 108 59 107 41 50 31 128 79 43 126 
17 122 139 102 124 69 117 106 96 71 133 122 86 139 150 51 22 141 95 87 184 171 63 33 136 78 93 19 134 94 174 117 126 101 146 107 97 127 57 131 112 165 96 13 92 52 96 111 43 63 144 86 112 84 130 151 118 74 49 60 53 175 48 113 107 79 47 23 149 151 111 90 145 76 104 13 73 158 110 109 
94 143 120 116 90 124 135 86 101 66 47 17 82 107 97 80 55 129 68 114 170 134 90 106 169 80 115 102 93 109 30 173 148 108 22 86 95 103 40 38 87 110 88 168 67 92 150 106 149 33 118 117 42 97 29 150 41 75 92 25 7 72 50 131 120 80 101 33 86 71 108 114 165 137 95 51 98 84 146 99 
31 186 163 152 79 173 82 81 177 98 173 43 115 138 102 62 25 87 126 112 105 126 98 146 146 81 71 92 178 107 109 132 132 46 75 94 148 149 121 127 108 116 173 83 51 142 39 12 120 101 98 74 84 116 88 76 114 134 50 108 112 77 98 40 87 68 126 130 104 143 147 64 97 77 77 32 75 79 90 179 
91 110 58 111 136 71 159 8 126 91 115 129 105 82 54 60 47 89 175 101 31 72 67 109 124 62 29 94 102 93 162 61 84 138 47 49 34 73 65 34 107 34 120 46 111 97 168 30 14 60 59 108 44 117 66 108 76 82 157 178 130 178 48 48 156 105 79 40 41 65 52 52 37 170 177 194 96 151 100 136 
101 110 92 92 125 89 37 94 132 134 22 28 83 59 14 67 175 104 110 130 138 76 74 103 67 91 126 115 90 121 180 103 105 71 17 111 72 104 25 156 134 107 65 132 88 105 45 79 73 100 71 120 97 28 79 101 65 71 62 175 144 106 16 15 98 129 129 90 37 78 141 113 143 110 147 79 124 95 19 85 
97 132 105 89 123 67 127 126 54 124 131 144 141 138 135 89 68 127 96 117 93 137 147 70 109 188 21 88 158 174 140 134 80 111 55 166 101 177 109 106 94 89 21 147 48 96 59 98 97 100 142 141 7 122 116 94 96 126 138 102 100 81 96 93 77 83 154 140 115 29 33 78 82 75 98 100 142 168 77 31 
61 117 80 145 127 154 88 134 153 93 152 179 92 151 131 77 115 100 98 113 136 137 95 147 40 109 90 83 115 86 27 146 108 93 85 122 82 173 136 84 75 125 113 77 123 146 153 102 68 86 113 120 27 125 150 101 60 172 96 143 156 72 124 63 61 46 101 116 63 56 94 64 104 122 167 73 100 94 70 65 
33 134 76 101 152 136 146 182 79 104 94 76 170 182 82 104 92 181 87 87 43 38 68 84 31 26 133 135 179 97 86 76 131 41 184 99 62 120 41 40 156 97 92 88 132 154 67 103 103 114 68 18 90 120 99 120 127 78 70 166 54 144 105 118 100 188 107 173 145 46 78 14 93 27 47 102 76 101 103 97 
65 133 51 141 63 41 39 118 146 98 109 116 75 33 50 88 157 145 71 35 171 180 105 151 120 79 95 22 92 88 51 96 26 56 158 81 23 100 170 113 74 116 83 31 81 75 183 106 106 123 73 143 129 35 120 128 138 46 64 131 160 123 162 158 130 100 112 131 121 131 129 81 91 101 31 95 125 102 163 63 
81 128 153 87 65 111 153 70 100 80 130 145 169 20 111 150 80 131 76 110 54 50 94 151 109 101 149 148 77 150 74 53 1 114 95 163 74 28 99 66 145 81 84 37 168 59 89 76 58 101 48 45 80 119 114 130 163 149 127 87 101 132 32 87 101 53 124 93 139 17 57 139 145 102 115 48 97 86 97 65 
84 69 71 79 72 4 91 141 52 106 45 86 91 70 93 151 88 146 128 85 27 52 49 59 116 105 70 56 152 121 83 137 170 113 61 108 80 106 18 80 92 122 69 130 72 65 66 64 56 48 100 91 104 111 79 149 164 104 43 142 47 132 147 89 105 74 66 101 91 138 54 76 128 138 106 73 97 95 143 133 
128 188 147 89 93 101 132 59 97 92 32 39 182 96 170 111 65 40 105 88 64 35 105 156 46 53 89 180 39 114 96 49 25 115 136 42 60 93 95 89 40 47 173 19 125 111 145 80 87 44 173 163 107 119 35 122 58 103 142 57 88 4 154 126 47 117 33 145 154 91 128 28 160 97 145 174 139 137 172 118 
88 83 148 122 91 65 94 74 71 56 171 75 79 86 103 72 162 80 53 146 59 176 55 102 130 140 82 174 151 60 106 78 175 61 142 80 59 30 97 111 38 91 81 99 172 69 151 100 123 103 61 11 92 58 27 57 182 140 106 88 36 129 90 96 94 93 144 164 43 147 28 53 144 88 32 40 102 121 141 142 
99 123 108 130 65 43 15 153 180 85 103 135 167 46 93 28 133 151 70 127 135 124 131 89 187 83 180 87 136 48 119 94 148 119 48 149 89 78 181 183 73 131 45 85 86 110 160 47 19 102 142 105 113 73 14 30 131 28 92 162 115 35 88 132 169 77 134 88 93 117 86 94 158 162 26 165 186 133 88 94 
109 161 92 157 177 36 53 118 116 86 135 29 148 52 69 81 80 151 127 96 132 83 146 126 91 78 59 121 66 149 84 172 57 55 111 156 113 179 86 46 120 82 106 176 68 99 75 194 77 154 140 163 84 126 127 124 118 157 84 108 50 76 104 28 96 73 105 34 108 86 28 148 142 118 134 97 165 25 17 82 
75 188 184 32 50 37 154 143 151 110 44 127 95 129 57 137 165 75 13 129 82 102 36 87 111 35 126 113 98 150 195 162 130 147 117 92 104 143 47 46 85 57 118 182 78 48 107 144 113 24 54 179 101 130 96 145 37 123 137 37 128 52 141 52 93 120 83 85 63 91 131 39 117 66 88 156 150 103 77 115 
156 134 87 183 99 52 43 130 92 83 96 163 159 142 56 85 123 82 86 118 128 41 91 116 110 176 175 80 99 78 100 121 63 96 156 100 158 105 73 165 172 53 107 135 153 92 171 119 135 117 74 103 105 66 116 104 143 47 150 93 29 85 111 114 83 68 76 112 30 80 72 152 112 109 106 71 58 126 70 70 
117 121 110 61 86 38 21 124 53 124 89 84 111 147 72 153 161 85 165 156 70 29 61 23 44 162 73 175 121 134 77 55 75 58 142 69 131 100 149 10 128 111 45 36 56 65 121 50 85 157 5 103 192 146 150 114 121 118 2 90 162 160 58 108 77 91 61 111 28 64 102 61 10 64 96 46 112 7 52 128 
136 90 52 46 43 169 31 154 126 71 121 101 109 97 92 106 164 108 85 115 76 88 101 128 102 143 95 141 107 79 42 78 42 171 136 106 114 127 44 158 97 74 103 156 145 82 144 55 114 66 72 97 150 118 37 41 113 137 81 92 151 93 72 51 175 49 139 148 107 34 139 100 19 128 141 33 124 130 107 99 
84 134 114 102 130 88 130 149 107 16 139 108 134 131 157 135 36 97 112 170 73 136 164 134 75 148 74 91 40 107 104 86 14 147 62 161 103 58 86 178 96 53 133 60 57 109 30 133 116 56 119 155 97 63 187 78 38 87 115 156 82 138 60 50 146 95 139 93 151 93 70 107 84 134 173 133 66 98 53 97 
69 69 110 103 81 91 130 80 146 52 51 132 124 49 100 8 102 118 58 157 93 46 126 154 79 95 99 191 113 98 112 118 103 130 79 121 145 149 116 125 99 31 163 57 110 20 40 165 79 124 112 122 123 70 86 104 141 93 130 86 72 98 51 169 111 110 97 102 66 125 54 72 59 32 135 158 103 74 119 62 
112 145 78 128 103 23 40 83 41 71 75 49 99 178 184 80 67 110 94 78 82 27 91 65 88 146 86 70 86 101 191 97 156 26 107 110 70 59 87 95 48 178 37 22 144 106 136 95 116 170 98 53 85 143 127 66 111 51 88 79 117 94 123 71 156 112 90 15 25 152 94 76 137 36 162 111 122 89 107 90 
69 128 152 128 165 82 67 97 108 181 135 72 171 74 128 129 117 92 179 57 183 90 118 67 167 59 87 102 109 151 85 132 25 110 102 111 87 96 104 109 60 78 26 70 108 113 99 102 142 153 89 59 102 86 109 68 101 81 111 163 13 94 55 74 75 99 30 81 132 99 160 22 73 129 192 144 138 86 155 156 
62 158 93 146 72 165 18 196 116 57 155 141 100 153 151 184 54 109 77 29 76 54 124 75 126 82 23 183 93 94 61 72 117 122 106 123 132 91 58 138 100 92 118 57 67 58 40 124 129 74 97 80 84 158 23 161 150 133 189 86 114 127 44 158 157 84 103 144 129 150 57 100 157 38 179 73 151 20 77 144 
85 65 85 154 107 116 114 139 105 114 14 74 101 113 140 42 33 109 87 57 51 90 103 33 58 134 104 29 183 58 15 77 189 37 155 59 76 54 160 137 23 104 81 128 194 48 79 160 70 11 51 44 62 33 129 54 69 68 63 108 69 104 140 56 171 87 32 93 157 140 76 162 153 170 86 128 77 45 64 47 
158 140 156 86 173 83 167 156 49 101 158 150 128 107 140 78 129 45 97 94 104 30 168 86 121 158 130 101 142 111 60 106 180 79 52 66 169 98 81 185 68 31 49 134 66 121 181 72 79 41 46 122 39 89 123 170 172 67 54 115 110 31 81 133 78 66 104 137 121 125 135 68 104 102 156 57 55 29 155 41 
73 40 100 136 92 120 98 75 64 137 136 60 131 49 58 122 105 103 106 78 133 69 66 58 142 89 141 121 112 50 4 111 38 141 129 105 75 176 44 145 98 112 142 121 127 114 113 88 64 59 40 142 9 118 115 191 23 81 103 65 76 117 101 12 147 125 95 147 174 162 122 155 123 53 100 98 28 156 48 86 
168 73 98 118 196 101 109 190 122 132 105 161 52 126 149 132 116 106 74 144 69 80 87 97 63 135 71 73 106 112 120 153 93 80 91 154 73 163 124 123 36 158 150 51 159 67 95 38 147 79 109 120 56 148 133 135 24 53 80 7 146 116 180 30 97 82 21 83 140 109 89 143 150 133 142 72 40 116 133 36 
63 155 37 131 111 176 166 171 79 87 28 142 110 103 87 37 137 148 73 142 149 103 116 81 116 86 108 90 140 131 133 44 100 121 147 100 121 57 20 34 117 141 105 53 119 118 83 107 100 75 100 96 25 85 62 183 186 144 120 136 86 91 85 97 113 160 164 65 76 55 61 115 71 36 30 95 121 65 115 154 
103 125 137 165 99 149 60 109 131 128 152 89 95 182 88 48 119 73 24 104 27 117 105 61 99 82 39 89 94 34 66 145 97 71 22 108 97 99 42 47 87 170 78 106 89 39 134 135 88 67 41 119 74 29 78 137 140 152 42 122 87 110 80 122 125 133 72 94 58 82 107 114 142 87 124 83 52 126 24 82 
110 73 112 102 121 18 182 158 47 49 70 78 61 154 181 125 95 66 77 117 70 105 74 147 116 104 60 114 65 96 85 91 114 184 69 166 105 36 111 135 49 78 44 107 55 83 127 133 91 41 91 114 82 52 77 71 67 29 41 93 111 111 170 111 83 83 120 117 24 117 113 110 80 69 110 71 90 135 129 125 
156 107 104 141 88 115 135 104 164 189 150 126 124 145 74 77 125 145 73 101 61 51 91 86 43 141 83 33 90 89 61 43 56 140 117 119 182 84 30 114 117 126 122 37 132 104 104 22 165 167 48 147 116 83 30 120 55 101 62 62 98 102 93 91 82 135 102 29 91 136 79 42 66 84 86 72 74 80 126 137 
161 103 135 64 38 186 45 35 107 33 53 99 143 170 69 7 37 112 148 107 126 72 111 113 108 119 117 86 44 109 149 96 145 154 93 78 116 161 87 132 11 90 128 46 145 49 101 119 149 63 58 74 58 98 105 172 96 91 100 157 112 105 136 154 68 100 55 53 113 144 87 151 119 113 71 104 91 176 129 16 
42 150 65 124 156 35 130 111 68 106 81 126 68 72 97 27 147 12 25 54 110 77 100 67 114 110 127 83 138 149 86 63 165 95 73 166 121 37 193 38 108 126 149 117 81 114 124 83 116 141 138 82 125 76 59 166 143 70 91 161 76 106 102 12 90 97 72 85 107 88 133 79 127 111 130 75 81 101 150 114 
186 44 108 97 94 98 93 139 152 50 163 100 114 66 153 153 118 149 128 128 95 150 154 63 83 28 70 103 107 30 46 40 94 187 107 98 90 151 76 117 88 146 88 89 80 90 35 97 27 129 127 28 101 22 84 128 66 127 62 116 107 102 139 137 136 128 67 29 82 109 33 109 160 157 161 90 88 61 80 118 
151 64 142 176 29 121 79 17 164 78 147 69 141 97 109 111 104 78 149 85 132 88 29 164 22 109 88 115 138 100 56 117 115 173 98 167 97 138 174 130 125 124 95 102 127 181 115 87 26 60 133 46 81 112 101 78 65 129 113 96 140 132 163 104 74 131 142 87 128 134 100 159 23 123 77 107 115 93 81 117 
91 137 162 14 66 172 100 162 90 134 83 154 132 74 67 101 56 89 108 113 46 135 131 60 134 138 119 50 154 159 97 24 94 48 56 119 86 59 105 27 116 71 33 92 185 96 130 116 103 87 107 129 101 97 86 149 177 90 90 123 73 165 161 77 106 93 173 121 29 82 130 51 126 138 71 159 49 60 126 138 
116 103 102 34 19 88 75 116 98 58 86 86 128 63 150 57 72 79 76 164 121 132 194 78 64 174 118 124 87 94 96 106 169 52 109 51 144 72 12 76 71 109 129 110 73 122 178 194 32 144 129 81 132 74 162 3 91 167 102 85 100 126 105 137 114 71 117 100 108 108 58 83 88 162 177 94 93 92 127 103 
105 166 31 88 132 169 84 134 76 41 97 109 81 98 103 98 110 134 62 126 125 34 144 80 103 120 164 102 46 134 38 71 147 92 15 186 58 137 143 135 63 112 47 88 126 124 77 25 67 137 184 141 72 159 104 102 113 55 50 75 56 166 111 130 111 81 15 147 102 66 87 29 13 131 94 9 119 37 136 96 
114 140 62 146 69 97 52 112 159 108 66 49 168 110 58 32 62 127 119 99 99 54 84 28 114 59 33 136 106 55 110 55 112 179 80 188 102 133 99 57 114 194 133 42 123 110 99 158 106 130 56 108 112 106 75 45 95 76 79 184 55 114 144 93 127 104 166 79 71 115 48 172 102 52 97 149 74 134 82 115 
101 75 116 101 79 69 161 43 12 159 126 95 104 143 128 120 84 28 36 89 48 109 136 47 82 82 38 93 160 88 129 184 51 134 142 40 93 158 126 63 130 81 100 155 43 139 58 100 182 99 78 77 132 57 62 130 69 149 61 158 104 135 70 80 105 104 58 139 56 93 84 117 70 135 61 74 119 147 69 78 
62 39 91 137 120 90 44 120 18 162 133 58 55 139 32 73 80 125 124 80 157 134 39 28 168 180 114 114 37 108 68 142 140 178 80 98 120 124 121 94 30 186 120 121 114 150 130 42 92 107 199 128 158 98 111 123 107 112 155 111 116 87 156 105 121 8 96 127 108 145 158 127 62 137 130 98 64 58 140 26 
69 102 93 55 134 121 97 102 79 57 114 155 65 70 84 120 101 36 70 41 35 181 68 88 58 74 143 104 141 128 93 105 150 133 82 113 133 106 47 149 140 54 130 141 134 96 77 73 110 111 86 189 51 68 106 48 5 164 92 27 36 53 91 94 97 104 120 22 91 46 78 110 151 104 32 73 111 86 125 159 
171 119 115 27 73 174 76 3 40 142 96 79 136 68 59 52 80 63 87 189 159 65 3 174 55 71 159 184 32 153 93 103 92 126 142 134 95 141 83 44 55 85 131 54 67 124 14 131 99 73 70 162 104 120 107 147 156 152 123 178 124 143 177 95 95 81 101 69 145 78 71 100 191 109 90 144 190 68 103 143 
139 66 158 78 102 123 70 118 62 72 100 39 94 49 148 78 83 145 97 113 155 31 139 76 109 48 88 50 126 60 51 139 90 92 117 73 80 56 81 50 66 49 168 165 76 94 135 181 41 130 121 159 41 102 76 86 34 102 135 78 58 96 156 156 123 95 73 144 138 59 160 115 100 156 152 81 81 167 69 113 
76 6 51 111 68 11 139 30 137 96 83 76 105 42 74 60 20 153 25 84 173 14 44 117 83 62 89 124 97 40 84 120 106 120 123 100 66 135 51 69 80 58 117 73 29 166 94 37 127 141 94 122 94 78 16 49 82 71 118 56 89 165 136 72 43 97 74 58 147 76 107 134 85 78 169 21 146 98 105 25 
84 86 121 157 77 124 151 114 130 156 120 96 171 165 117 98 110 146 80 80 8 25 157 67 72 115 51 129 37 21 123 138 127 105 114 64 94 108 158 87 45 146 107 99 109 47 190 65 60 147 111 28 84 98 125 56 40 169 159 61 53 137 81 115 83 147 119 184 86 129 43 126 42 81 142 113 64 157 103 7 
120 188 131 169 81 77 122 89 103 165 24 104 115 99 40 106 105 149 145 68 146 119 118 107 149 122 60 111 87 37 129 156 149 148 67 112 119 97 88 117 79 78 83 144 65 97 85 172 150 121 105 86 69 165 144 27 123 151 149 100 127 93 47 128 137 52 69 126 22 133 142 109 67 23 159 71 126 31 176 18 
158 115 38 24 70 96 74 140 86 113 140 74 62 122 152 67 76 74 122 69 114 119 98 39 107 106 53 24 96 98 124 95 116 143 147 124 61 106 18 46 16 102 78 150 70 118 57 101 102 192 41 102 92 106 168 67 129 110 113 53 104 80 155 53 177 148 70 95 84 179 110 96 84 112 111 58 80 169 75 111 
80 141 88 63 175 144 112 78 77 109 135 24 134 52 81 94 148 73 53 62 80 91 93 139 143 124 27 147 143 146 76 159 49 21 135 61 136 143 100 93 60 81 131 146 99 42 160 59 130 111 160 115 97 129 109 129 78 65 34 46 113 88 70 115 87 51 113 96 176 89 69 92 99 94 77 42 109 109 106 89 
139 46 131 69 133 142 86 152 162 123 132 18 96 59 63 112 105 95 67 152 59 38 69 74 97 116 173 74 83 118 126 134 140 101 59 66 138 87 106 36 86 101 122 121 123 144 29 85 123 70 193 57 86 169 138 164 100 84 99 70 141 135 94 26 132 109 133 79 156 95 173 126 67 143 106 94 187 93 162 138 
140 159 120 106 116 33 34 100 82 30 76 182 116 74 82 86 157 113 97 133 92 77 105 100 63 50 168 127 132 25 102 128 154 86 100 102 122 99 75 105 94 37 148 181 86 65 86 106 141 100 113 165 99 119 86 34 102 54 177 127 137 123 157 97 132 44 38 104 129 150 80 71 87 186 90 111 57 114 130 99 
102 146 145 80 152 123 93 108 145 62 87 93 86 109 181 80 100 78 26 148 156 156 68 55 48 172 131 135 109 77 109 49 43 56 164 147 94 134 68 97 63 86 78 91 144 137 115 171 82 124 105 94 34 67 87 56 97 114 91 62 66 169 87 56 106 143 163 109 101 81 95 143 130 43 75 114 141 132 175 102 
24 142 146 104 51 123 88 48 111 155 47 85 104 104 52 94 144 122 134 61 98 54 41 158 40 136 35 65 82 154 45 114 11 103 121 115 22 110 102 86 117 84 87 44 184 113 147 90 193 31 25 97 126 97 120 181 110 98 96 101 176 53 97 90 55 49 123 181 90 30 112 87 115 21 84 53 92 85 156 62 
57 105 83 139 130 168 70 51 174 60 103 106 15 84 133 93 99 62 87 36 126 58 73 91 107 102 50 88 99 19 118 39 110 74 142 95 119 67 155 164 37 100 106 112 39 99 123 94 87 57 56 73 77 63 63 78 103 170 49 97 107 68 135 185 32 15 60 65 89 158 29 163 142 77 145 105 84 53 87 176 
147 110 38 90 6 30 118 182 61 104 26 103 99 35 55 140 168 76 72 48 137 102 146 86 4 58 140 110 108 96 67 107 143 75 25 136 54 90 142 151 141 102 150 85 99 103 94 64 120 55 75 115 91 49 152 92 104 116 98 76 96 83 163 95 112 137 64 151 177 98 169 171 86 39 55 29 101 105 16 123 
106 125 87 33 170 160 50 176 129 180 158 76 161 147 90 59 94 166 102 82 78 77 31 110 110 83 154 77 133 51 82 54 46 168 121 155 161 92 140 15 105 160 173 81 39 63 77 131 40 73 93 81 113 108 76 99 145 102 54 136 37 153 119 112 139 141 47 73 52 170 104 153 103 20 131 94 52 72 142 94 
