19 43 95 37 11 12 54 29 36 47 61 71 51 23 2 62 50 3 68 56 83 46 40 80 65 79 10 44 51 61 65 54 32 64 97 42 21 86 58 95 74 34 83 40 53 48 59 93 18 38 12 42 54 28 89 86 68 35 93 38 52 97 10 20 30 86 18 82 70 56 0 88 3 1 11 67 55 73 1 26 28 
99 5 97 61 36 18 54 71 55 100 1 86 52 3 57 5 92 9 54 22 73 34 85 0 66 93 23 71 50 59 5 37 89 59 55 36 74 37 97 87 70 79 70 91 22 91 98 17 24 62 76 3 16 11 53 94 22 89 84 56 42 53 80 79 28 25 10 74 25 92 96 8 91 96 21 73 40 13 7 98 2 
67 59 69 25 9 50 43 25 76 90 73 28 92 93 12 98 37 19 19 42 88 56 12 76 11 68 46 6 81 32 73 20 96 51 29 18 95 72 1 30 76 16 97 88 54 62 74 50 21 37 72 45 28 93 40 78 6 95 97 73 10 54 74 34 25 71 72 63 9 38 78 68 35 45 21 25 2 63 68 35 54 
94 6 52 4 47 97 6 98 38 87 89 25 41 23 48 63 35 84 85 16 12 77 43 34 76 56 77 23 32 30 18 24 31 5 7 53 9 41 52 68 29 73 60 36 65 57 31 79 64 94 69 45 13 12 2 70 79 38 41 93 67 51 66 40 99 11 6 55 62 92 48 67 47 38 22 75 74 59 55 35 55 
73 5 2 41 19 29 64 41 22 23 91 40 19 82 10 0 15 59 41 88 77 64 71 62 43 22 47 11 99 78 27 17 55 64 91 7 78 30 11 28 26 24 17 69 58 99 24 53 21 3 82 32 57 95 43 25 37 48 56 23 29 13 94 43 25 98 12 1 24 17 16 17 35 93 42 98 17 48 61 5 12 
80 56 56 7 83 62 33 80 74 25 6 90 91 74 90 36 96 65 62 28 77 67 96 74 55 97 19 96 21 48 39 17 96 67 64 55 35 80 99 42 14 38 95 62 77 80 36 19 10 10 16 40 13 11 100 30 53 88 27 3 76 92 35 80 80 98 8 82 77 78 19 21 60 19 6 64 69 36 5 46 49 
94 16 23 1 35 55 30 6 51 5 30 59 59 85 31 8 63 60 97 50 74 88 10 26 51 55 73 90 37 44 71 59 26 23 38 12 37 89 20 31 20 25 84 40 91 23 64 41 97 98 12 14 22 26 74 32 73 19 0 1 91 25 7 38 42 44 47 6 71 44 19 19 60 46 81 88 87 20 79 58 78 
57 97 5 31 28 77 5 99 32 38 69 68 76 13 49 79 6 59 40 62 86 90 0 3 57 74 69 5 25 65 89 86 45 26 27 38 1 56 100 88 87 9 20 37 47 83 100 70 33 67 53 2 54 52 37 64 98 85 74 6 13 73 43 74 92 41 95 33 71 92 21 100 33 69 50 57 40 93 79 2 27 
75 98 66 80 1 94 35 19 59 7 27 91 55 12 58 38 32 61 54 79 36 22 35 16 17 21 98 93 28 39 5 11 16 97 45 88 30 81 53 43 86 76 75 9 33 49 31 80 74 75 8 95 24 69 17 44 100 77 80 62 86 7 34 73 57 19 15 31 27 56 71 6 62 47 84 65 29 96 57 43 24 
95 3 91 96 51 42 86 63 81 26 83 45 46 66 55 89 22 88 27 84 93 52 88 77 41 99 27 90 27 7 97 6 28 13 7 37 43 16 2 66 40 54 30 84 80 73 66 91 2 51 9 25 87 80 99 84 87 29 94 89 17 65 42 68 15 18 74 62 37 68 70 32 33 54 37 61 68 72 86 52 6 
17 61 28 76 26 30 47 31 80 99 98 87 0 70 96 51 48 8 14 75 18 94 66 76 57 16 48 10 99 10 32 99 94 33 53 55 49 38 34 35 24 18 67 6 47 25 12 52 71 77 35 20 41 65 33 3 0 79 75 23 28 92 64 12 94 64 30 88 92 9 65 93 77 78 65 93 87 70 48 45 23 
54 94 36 6 8 95 29 5 34 45 2 74 59 76 14 0 30 28 6 99 31 10 17 69 41 84 39 9 10 77 16 40 68 2 86 75 64 6 9 46 4 74 79 24 13 66 95 45 55 24 67 54 11 72 7 27 76 94 57 89 99 57 80 53 5 31 93 21 49 95 29 0 96 83 55 100 73 99 87 40 86 
44 67 69 81 75 91 11 17 23 56 38 57 74 83 63 39 14 85 63 11 83 33 71 42 86 92 57 94 1 78 96 70 95 22 21 13 4 44 7 65 72 34 0 4 99 98 81 49 54 21 0 51 49 23 37 77 18 92 34 58 1 22 9 43 16 75 87 67 17 46 12 1 78 60 20 100 15 70 60 72 49 
99 44 86 60 14 96 21 63 36 93 73 23 77 83 3 82 98 99 10 64 68 63 46 42 53 98 83 27 92 68 33 49 35 6 95 30 79 63 82 8 61 3 74 70 35 90 43 76 25 64 73 36 79 31 37 96 95 74 20 10 54 63 98 66 45 100 69 72 61 76 20 31 2 24 59 64 94 37 68 64 34 
85 61 3 43 9 54 99 63 5 67 84 44 18 1 27 24 38 66 63 10 89 21 31 76 67 62 34 76 1 46 89 4 27 42 82 19 21 23 12 48 40 42 19 76 73 44 62 88 24 2 49 66 37 70 21 19 91 49 60 77 10 57 86 9 51 2 19 26 17 33 61 39 70 83 75 76 55 0 51 28 15 
86 88 26 4 56 56 2 75 12 49 96 72 33 48 0 27 91 92 46 6 7 100 96 67 58 94 55 81 93 32 76 19 54 29 62 96 51 29 62 1 35 17 34 87 4 54 75 78 52 85 61 83 77 87 72 4 84 70 2 2 74 55 8 15 82 77 93 78 6 84 87 0 74 47 0 28 40 67 98 65 93 
39 59 8 58 77 67 34 58 65 72 49 10 87 38 41 7 35 77 18 43 7 33 11 69 0 49 48 57 23 23 64 56 19 24 20 43 49 67 57 100 67 63 63 25 27 99 68 9 52 23 60 89 9 77 36 58 80 72 15 4 42 36 83 61 73 2 48 79 89 2 7 78 23 80 49 75 17 92 100 83 92 
33 65 88 76 56 5 72 73 2 76 3 88 36 68 47 87 58 71 82 14 41 66 30 83 89 99 42 3 58 24 74 73 93 3 2 48 47 1 57 72 47 67 45 45 71 72 72 54 0 56 99 84 3 6 64 66 41 57 46 37 40 1 64 22 32 85 31 90 64 45 52 87 42 56 96 64 53 11 59 65 65 
6 87 29 56 75 45 67 50 21 51 23 88 98 93 40 86 14 42 100 3 18 74 15 32 68 76 13 39 85 14 35 9 59 50 74 33 30 95 56 7 66 62 19 1 31 49 2 49 18 35 81 1 69 21 92 69 77 54 54 70 38 74 23 96 4 63 35 1 2 42 97 65 7 11 87 28 38 47 6 35 2 
91 33 95 20 82 35 25 95 80 38 24 89 9 20 73 22 5 60 2 37 82 10 7 55 72 45 10 76 55 82 61 33 97 4 61 17 64 18 19 84 74 75 62 48 35 70 46 74 90 25 85 26 6 12 91 31 3 83 3 7 80 89 24 27 70 91 73 34 5 83 89 87 60 52 46 80 81 20 73 50 66 
26 4 50 32 23 84 35 15 11 21 55 21 47 80 14 30 32 3 19 8 16 1 58 45 44 47 86 50 5 4 46 46 88 49 16 48 80 97 31 4 66 32 75 67 84 100 36 28 30 98 5 57 0 62 45 16 55 24 23 78 64 28 47 77 3 63 30 85 79 21 42 41 87 0 29 36 21 55 88 26 5 
78 67 11 91 30 15 61 80 56 36 37 31 71 43 19 78 9 89 64 93 41 19 36 75 82 98 51 10 11 93 85 14 54 12 10 100 7 48 68 46 4 46 9 94 100 15 22 86 22 30 41 77 57 3 78 4 2 82 18 67 9 33 4 63 17 87 75 26 31 36 89 33 1 100 26 28 32 19 7 62 86 
52 8 8 21 92 43 39 17 22 27 98 3 32 64 57 57 75 16 23 32 39 23 21 68 29 27 81 43 91 32 76 52 17 34 45 69 75 6 5 43 45 50 34 53 41 78 21 72 87 45 71 16 66 76 18 52 0 62 40 86 40 100 100 65 53 39 20 5 17 65 18 85 82 50 96 76 64 30 95 93 48 
91 47 49 22 20 3 39 51 45 76 31 4 79 85 73 88 51 10 96 94 57 74 97 35 52 29 87 33 16 66 41 25 50 25 11 59 8 35 5 79 7 18 95 96 10 91 98 62 2 30 99 37 68 5 61 73 10 91 38 23 100 13 5 36 65 66 38 32 65 37 65 85 55 29 58 100 0 99 72 68 35 
18 47 33 3 64 44 32 92 48 91 67 43 31 20 94 83 55 49 90 96 24 5 73 33 8 13 99 84 3 33 25 66 2 23 78 39 46 61 6 94 32 21 28 56 67 87 82 40 49 35 40 94 28 0 66 82 96 54 5 58 46 71 0 27 54 79 21 23 74 76 26 17 63 18 59 41 53 83 79 73 46 
16 50 83 52 27 14 9 41 41 2 90 23 21 66 15 80 88 28 14 60 9 38 40 30 11 57 76 36 11 13 38 5 44 51 5 81 25 78 19 79 28 5 30 67 63 72 92 95 36 55 19 25 22 93 65 84 44 60 12 99 42 13 97 49 56 84 22 97 59 29 69 87 33 82 29 80 45 49 67 70 48 
23 39 54 9 19 89 27 79 91 80 71 22 35 16 51 5 62 26 68 93 33 39 39 8 64 65 44 77 73 60 51 24 8 90 84 55 91 78 16 84 72 91 57 100 95 15 3 75 21 40 4 58 59 87 64 91 54 9 65 4 73 29 10 5 43 40 5 47 12 21 39 10 4 0 85 46 18 68 71 14 75 
87 15 91 76 89 92 84 61 60 85 3 12 8 69 63 91 4 11 24 88 59 65 95 96 97 59 70 86 53 22 49 9 2 2 26 5 82 79 4 57 78 26 78 6 63 83 32 71 48 14 23 34 9 98 66 63 13 76 18 30 55 5 38 49 48 77 93 82 96 88 13 94 12 16 77 14 75 80 85 51 14 
7 78 32 31 41 16 77 24 63 17 35 11 13 64 49 1 69 28 22 46 86 71 13 81 45 10 100 33 20 48 24 42 38 56 91 9 68 18 39 19 77 79 82 17 33 8 86 47 43 2 64 49 16 68 80 16 45 60 2 20 52 21 56 71 60 6 55 84 84 33 18 18 1 1 16 74 32 23 78 55 53 
5 83 82 35 48 11 95 5 62 15 91 71 49 37 7 41 61 63 6 71 60 93 41 52 25 54 43 5 100 74 22 35 17 21 63 45 95 44 88 89 49 67 67 95 96 6 87 54 67 31 23 55 90 46 10 90 80 20 41 75 57 58 53 42 40 16 8 52 11 8 89 56 7 99 17 50 40 66 45 61 88 
16 28 6 40 82 9 55 38 7 12 55 8 51 65 67 40 32 51 6 54 5 24 4 69 57 29 26 13 33 58 10 59 19 76 82 7 38 97 50 3 19 43 6 50 72 56 87 58 43 31 51 26 28 34 11 37 4 62 69 81 58 75 51 20 50 60 38 30 32 61 28 29 94 88 42 44 1 90 41 17 64 
47 52 47 80 81 45 61 10 74 19 19 95 65 51 11 53 43 58 13 26 93 7 37 59 67 39 23 49 17 81 86 8 1 68 90 27 19 15 23 25 9 95 78 21 16 94 34 31 88 52 72 76 98 27 39 86 82 8 60 10 60 48 3 22 0 34 31 56 1 23 61 57 67 95 27 61 56 0 92 38 88 
62 94 36 94 8 66 66 66 30 67 78 55 25 85 28 82 84 11 36 42 43 11 98 18 70 33 12 36 22 65 7 83 76 89 59 54 21 35 6 20 84 71 16 73 32 7 28 61 88 98 97 70 12 28 72 38 36 5 69 34 79 63 20 1 47 66 34 71 22 9 80 81 76 16 61 26 18 8 77 96 19 
90 81 18 19 87 13 30 18 50 32 85 40 86 65 97 97 7 51 46 55 12 39 6 3 21 51 93 44 43 75 55 1 2 90 91 64 23 17 83 33 26 36 77 83 72 94 75 9 29 16 98 47 60 49 58 44 23 53 98 72 45 3 70 95 22 35 32 52 19 4 93 93 76 4 23 87 91 25 66 8 69 
4 58 13 15 87 88 79 5 60 97 39 4 5 7 92 59 14 62 84 97 58 0 65 40 8 79 57 88 61 37 36 48 99 7 9 69 70 71 41 4 96 40 83 3 79 62 40 89 38 48 6 6 93 50 45 2 74 82 35 23 83 4 37 71 30 88 9 61 72 99 37 3 48 1 34 63 71 65 3 20 76 
78 79 43 86 91 67 93 4 100 47 64 29 52 99 19 36 33 6 76 66 23 87 62 11 20 100 13 41 81 16 84 26 12 5 75 2 2 76 87 70 69 16 13 7 57 77 44 8 4 60 53 67 21 11 9 9 55 1 1 57 84 83 95 71 22 47 44 36 23 45 28 59 23 21 23 38 87 81 56 46 54 
96 7 29 26 40 5 5 41 42 46 98 59 21 14 76 74 10 21 43 60 27 42 78 22 83 46 20 2 87 9 31 49 45 68 13 36 30 60 45 76 84 70 52 82 45 35 35 15 35 8 66 69 68 80 24 17 88 30 74 4 48 38 46 83 49 87 4 46 46 40 85 2 30 65 98 98 67 1 34 21 77 
39 51 20 4 37 15 29 71 61 71 100 81 14 100 46 53 91 85 58 32 77 4 96 91 98 31 87 35 56 70 52 42 89 41 32 70 24 8 69 91 88 4 51 2 50 93 75 42 47 61 92 2 57 24 80 88 79 90 21 88 61 17 23 5 53 87 86 57 80 13 60 44 36 84 81 54 58 90 91 89 53 
27 86 46 82 50 34 94 54 57 30 49 75 58 93 64 84 59 55 79 69 47 91 69 48 33 94 77 48 12 36 55 24 92 34 93 35 40 45 67 9 33 10 12 14 71 70 7 94 7 55 32 23 71 58 61 66 46 90 49 28 8 90 11 91 85 29 94 56 85 91 26 19 45 69 90 7 60 94 82 3 69 
80 92 84 54 96 19 20 93 68 70 82 73 85 35 42 82 62 54 87 100 38 65 38 63 20 58 85 18 67 45 73 49 72 3 51 5 41 98 10 20 74 6 94 56 61 95 62 70 90 46 3 63 77 31 59 90 19 87 92 94 28 42 57 40 51 96 62 7 37 40 71 9 24 89 100 92 5 89 21 76 51 
43 29 17 51 9 58 32 90 8 6 9 67 67 2 34 14 41 97 70 13 64 37 81 85 23 0 48 43 100 66 38 85 51 53 83 6 27 93 79 43 50 3 91 94 95 21 35 80 57 56 61 27 55 45 5 25 28 80 95 48 56 7 76 52 65 28 4 77 36 98 61 19 93 24 77 47 89 95 1 2 88 
60 50 71 45 52 53 1 46 89 47 86 53 31 63 90 4 17 74 13 0 20 15 8 14 76 18 57 36 68 65 20 36 30 51 55 38 0 77 44 13 14 88 7 5 32 13 96 11 8 98 22 13 17 67 47 76 1 61 68 81 88 76 33 7 27 60 39 69 71 95 52 3 34 90 94 5 40 87 38 81 42 
10 20 90 19 29 15 34 64 85 31 16 84 0 73 75 95 51 25 90 49 6 84 2 9 15 28 93 95 58 52 22 47 96 67 49 57 67 96 89 89 90 6 9 16 72 20 100 99 51 99 0 78 58 15 0 79 11 15 14 29 21 56 23 25 23 72 84 37 17 29 70 73 31 59 28 63 58 43 77 99 21 
70 84 79 73 49 17 84 97 16 21 36 47 51 21 15 21 88 67 38 94 42 25 77 0 22 100 66 100 19 96 30 45 49 44 25 27 55 25 71 28 9 25 86 54 38 89 98 92 84 24 19 60 35 90 23 38 83 69 88 97 60 19 33 41 76 96 1 53 10 4 88 99 25 16 63 31 37 31 25 34 16 
13 60 78 3 61 73 13 0 50 8 64 93 35 14 62 5 42 96 9 98 3 65 14 91 63 89 15 63 87 11 39 43 57 3 79 96 94 81 1 86 80 28 35 77 87 56 54 74 38 37 23 60 62 71 82 79 47 31 51 100 74 38 40 100 62 28 28 98 19 88 66 95 52 96 9 14 60 96 55 45 66 
95 81 69 74 100 86 92 97 60 23 75 79 94 63 10 80 74 28 42 87 76 23 44 80 85 39 22 20 18 52 25 29 93 66 54 5 85 77 8 81 16 79 100 46 62 59 59 10 16 79 51 46 11 93 75 98 27 50 90 44 63 13 79 94 84 88 37 10 60 95 26 63 33 45 88 19 76 65 37 98 5 
96 38 83 94 86 1 58 67 3 38 96 13 25 89 39 58 49 92 55 21 48 29 50 71 77 57 36 17 90 44 84 64 77 49 82 31 32 59 99 75 10 15 54 23 84 39 27 28 40 100 5 73 78 67 2 81 5 20 45 49 25 51 18 0 54 31 36 96 87 25 80 100 13 99 70 13 64 59 20 45 35 
75 80 72 28 68 15 44 42 84 44 98 76 50 25 89 22 51 56 81 80 10 78 13 77 60 43 48 27 52 87 73 62 46 44 75 14 64 19 23 30 67 78 56 95 44 64 77 34 87 16 55 89 55 9 87 61 28 87 37 68 57 52 69 3 10 89 7 33 93 74 92 1 67 17 52 14 45 50 85 72 32 
11 5 5 49 2 4 87 75 53 54 24 33 5 68 25 98 75 84 24 66 80 12 69 100 95 14 42 87 24 34 27 74 28 26 67 56 19 32 37 64 66 65 43 31 46 16 0 19 74 28 11 20 66 28 13 72 80 14 19 20 25 20 30 76 48 47 92 62 17 82 22 100 47 6 78 95 1 16 45 74 21 
46 65 88 34 59 40 7 32 24 32 89 4 63 55 65 20 94 83 10 90 67 0 18 83 82 82 68 45 24 89 70 32 84 87 67 85 7 49 72 20 82 36 68 46 78 14 60 28 83 45 14 88 53 38 0 32 29 44 93 26 49 35 9 92 48 17 99 21 44 15 37 96 24 26 94 90 99 94 97 22 21 
26 40 75 18 28 57 21 33 47 20 77 25 1 19 33 66 100 61 97 89 70 52 32 14 76 76 6 85 54 85 3 62 25 25 3 77 83 61 7 58 57 70 79 28 13 73 36 87 78 36 60 43 90 23 45 32 96 98 64 7 74 83 94 44 28 60 94 26 8 87 10 93 12 64 82 39 12 20 96 91 24 
66 54 65 57 90 45 47 2 55 91 17 95 85 37 69 87 44 3 38 70 78 13 23 34 25 92 92 16 98 56 7 6 6 93 39 60 94 68 46 73 35 23 96 18 4 88 28 90 13 72 79 99 90 20 76 91 45 83 6 11 58 64 70 87 25 80 52 39 70 78 87 26 95 75 54 34 30 18 23 76 28 
57 73 37 42 26 57 47 73 34 50 12 18 6 73 30 97 3 23 53 84 16 71 31 81 38 69 6 45 6 47 88 17 29 78 9 37 88 46 83 7 98 88 81 70 79 35 31 23 41 78 14 16 72 61 75 54 8 7 27 78 19 12 17 63 57 66 2 3 67 81 65 44 30 18 22 57 36 71 65 79 8 
95 89 95 66 44 72 51 49 99 52 80 23 95 87 86 58 56 72 80 2 20 34 98 18 80 49 98 79 81 13 49 18 81 22 47 43 12 65 63 27 76 78 83 49 39 88 94 64 59 4 89 31 11 49 14 38 85 79 59 88 64 62 78 74 48 81 88 67 54 51 87 23 79 49 87 31 26 56 7 65 81 
73 72 65 78 91 45 23 86 17 69 29 68 37 2 34 79 19 34 56 45 100 37 5 1 46 94 32 2 59 26 63 67 31 81 92 69 64 38 30 94 73 50 82 76 83 19 59 60 81 76 100 16 26 67 8 41 8 11 65 88 1 79 72 32 72 6 93 67 14 32 42 13 80 46 2 29 11 53 38 55 17 
1 40 45 65 25 47 3 59 22 0 64 16 5 98 90 27 69 2 88 93 33 42 54 36 9 70 49 56 8 0 93 51 75 17 53 86 82 0 1 31 86 42 0 67 35 3 19 54 84 16 31 31 17 32 7 2 42 100 36 14 13 34 60 87 95 24 87 85 8 55 27 46 99 29 37 69 17 85 14 42 82 
28 71 55 40 15 46 12 64 32 29 74 48 64 29 60 25 89 27 62 72 82 21 84 93 16 6 97 6 13 4 63 74 34 70 13 30 66 34 74 47 87 70 64 88 48 1 12 57 11 35 48 56 24 95 92 45 22 83 43 64 25 99 44 90 28 44 86 99 78 43 80 38 76 37 48 29 24 33 91 58 13 
66 50 27 66 28 60 32 42 71 98 56 30 63 30 61 35 31 94 58 22 50 12 62 28 58 92 97 4 33 95 9 83 31 95 31 92 93 79 60 25 38 72 68 92 39 14 69 96 72 54 61 39 79 48 44 2 50 30 18 49 8 63 91 16 43 59 43 21 8 2 29 36 11 50 72 21 16 44 19 10 45 
50 36 14 39 68 50 87 10 3 48 65 9 97 63 71 84 36 53 97 99 93 67 38 2 28 63 37 49 100 15 79 75 45 12 37 49 99 70 2 9 0 31 81 90 74 78 96 26 4 48 85 77 72 52 49 93 75 54 11 98 88 36 76 79 13 6 24 38 54 33 2 85 13 12 16 85 25 61 66 76 44 
30 97 25 8 59 69 91 10 66 100 1 4 76 33 33 74 38 50 31 59 53 84 95 20 71 16 4 51 69 10 1 54 12 43 93 48 100 70 64 94 23 30 69 15 10 47 51 63 53 62 64 54 66 52 69 5 44 64 10 8 60 4 70 90 34 24 10 74 28 86 85 94 89 49 43 50 5 85 33 28 22 
30 15 29 9 29 24 33 28 52 43 85 82 73 62 81 16 19 6 20 46 57 78 53 96 75 2 90 19 22 40 24 46 66 7 82 50 90 20 38 38 26 5 62 75 77 49 81 81 74 81 4 37 9 68 12 45 42 47 3 21 60 72 17 35 56 83 50 38 48 8 49 58 36 75 10 4 44 17 22 33 84 
57 43 96 28 64 94 39 52 66 64 13 18 48 81 31 79 40 68 26 16 37 95 87 82 23 57 21 18 54 3 69 88 61 18 35 31 7 72 9 90 43 46 75 50 79 49 41 38 3 14 17 53 57 50 12 61 88 71 96 33 27 100 8 4 88 36 3 78 20 81 61 74 38 28 83 48 1 87 55 64 12 
94 36 38 25 99 3 78 16 76 97 30 53 52 9 29 7 82 46 11 45 19 94 0 39 60 44 22 80 29 31 39 22 49 12 40 53 68 62 83 67 70 90 34 50 38 98 91 81 12 73 54 90 59 48 48 25 87 0 10 39 48 29 17 74 11 58 23 68 35 42 43 32 10 9 9 11 72 67 82 61 80 
67 34 10 37 43 39 11 48 50 81 44 99 17 7 3 75 91 31 14 20 96 94 92 18 17 52 97 99 80 14 87 43 23 85 26 70 17 12 71 10 99 70 14 6 93 30 38 43 95 31 50 84 5 68 17 0 25 48 28 1 83 57 84 46 42 70 89 20 21 58 12 98 5 70 42 20 15 73 37 5 80 
60 81 19 90 5 81 26 32 56 15 29 55 97 0 52 15 30 100 26 79 37 64 14 78 10 86 29 94 52 36 98 19 74 12 52 78 56 67 92 42 75 68 39 62 18 76 80 50 23 94 92 85 13 93 83 27 77 8 89 7 32 90 31 54 91 27 66 39 57 65 72 55 56 100 98 77 50 9 29 18 48 
30 59 57 53 46 56 39 16 97 65 80 13 21 35 80 71 0 91 73 71 42 8 79 67 31 68 31 78 100 4 18 37 27 67 80 60 47 14 68 22 61 72 67 15 20 18 70 2 99 20 59 65 71 64 59 74 1 35 0 42 49 9 23 43 28 12 27 73 48 3 78 49 93 42 13 30 50 52 94 47 50 
42 72 69 0 53 8 91 65 33 56 8 43 87 91 77 33 65 51 66 88 22 73 14 16 92 8 24 87 42 48 35 14 23 43 8 56 63 90 51 43 42 6 77 15 17 76 79 65 85 15 0 26 50 1 76 27 67 16 11 97 61 39 15 17 31 69 9 3 73 28 29 74 3 0 98 85 3 24 26 98 30 
52 21 86 24 7 40 1 87 43 5 27 19 97 44 20 49 80 98 28 3 77 28 72 6 70 14 12 59 31 65 68 93 34 86 36 36 37 11 63 18 96 46 97 8 36 59 70 25 11 63 18 25 37 66 24 54 80 37 96 35 78 93 4 8 97 88 18 28 86 82 27 68 78 54 44 10 11 91 75 47 24 
3 44 97 80 13 98 95 9 5 70 79 87 24 8 0 40 11 19 19 63 26 19 75 51 68 51 77 33 93 36 31 99 80 77 35 84 93 84 30 77 3 99 82 29 2 54 99 7 0 83 89 86 33 99 68 96 54 45 1 2 57 76 94 59 100 37 24 5 74 58 76 33 56 73 62 6 48 13 63 49 89 
14 74 61 100 50 21 79 23 49 66 85 90 79 40 14 41 5 16 40 61 52 94 44 67 48 99 33 38 58 3 46 98 32 47 67 94 90 96 43 16 71 24 72 76 1 60 25 29 20 69 89 91 96 74 99 100 4 63 19 31 90 55 37 13 4 48 94 41 40 59 96 47 67 86 56 2 82 80 53 73 90 
5 53 9 89 66 49 75 4 49 80 83 67 36 45 92 26 33 90 15 43 33 82 8 41 89 39 27 35 98 6 58 23 19 59 51 40 41 16 61 6 12 31 19 32 88 7 27 83 7 8 22 39 80 4 73 78 12 17 37 81 43 61 93 97 42 95 90 32 39 40 77 42 85 80 92 89 78 17 88 52 15 
36 52 3 89 50 15 42 43 11 52 46 47 13 83 1 21 78 86 73 22 3 64 95 41 63 76 16 60 75 33 68 92 59 60 68 25 10 85 32 64 14 94 1 54 83 47 14 17 26 27 18 88 7 63 79 5 92 47 51 47 21 16 12 67 44 19 53 37 68 46 84 15 27 96 97 47 29 89 43 23 38 
13 32 26 95 8 19 9 86 48 80 11 55 62 7 96 46 24 18 9 63 18 32 47 39 5 65 55 65 81 87 30 96 8 32 89 30 67 63 83 33 64 70 31 52 15 82 12 72 65 19 51 54 53 97 98 22 12 100 6 23 90 2 12 77 12 56 75 21 41 98 42 7 82 52 5 25 6 4 6 89 99 
99 85 9 52 43 15 54 76 59 38 29 96 30 58 10 69 9 4 69 64 35 35 30 15 50 15 69 87 44 18 100 7 51 85 39 88 14 62 72 31 44 4 70 93 67 46 19 20 70 97 2 93 84 59 55 59 50 34 87 65 62 49 85 85 95 25 32 90 27 55 100 41 31 53 15 60 90 64 77 75 41 
3 45 60 82 22 79 82 16 96 40 15 65 52 36 72 46 79 76 10 80 44 27 5 15 90 39 95 32 90 16 85 46 84 77 51 52 83 12 21 8 65 16 32 5 81 39 97 10 69 51 38 45 91 51 89 63 78 78 68 81 19 2 8 75 28 15 24 94 30 92 6 25 38 8 1 54 31 84 93 24 65 
81 65 55 20 35 96 29 22 84 34 93 31 11 32 90 32 45 99 99 35 74 4 86 58 99 44 5 43 100 64 72 93 91 37 41 83 8 96 74 27 15 49 62 100 16 97 24 18 70 81 4 0 12 7 43 94 85 93 61 66 18 63 87 43 85 47 99 68 3 48 14 19 26 94 18 80 90 33 88 100 41 
17 85 3 77 39 95 52 88 4 43 18 83 30 19 12 47 94 79 83 53 57 34 90 37 57 93 51 39 31 12 10 39 18 77 100 13 26 65 81 81 20 76 16 12 23 33 70 90 45 34 31 29 83 74 53 81 13 96 32 27 21 58 14 2 88 18 67 29 86 50 3 93 35 7 2 53 59 24 24 33 14 
90 5 9 94 20 44 29 36 50 33 49 22 66 53 86 19 17 54 60 72 34 53 54 58 94 95 77 63 23 92 2 37 69 41 34 10 21 25 85 51 4 80 36 39 88 93 70 51 29 91 13 39 95 28 11 71 91 4 70 76 16 15 9 48 21 38 66 84 46 73 77 38 33 30 69 91 88 44 37 0 77 
68 36 10 43 47 67 3 35 1 84 100 28 59 32 31 62 88 35 50 80 66 61 96 37 30 17 59 83 100 65 65 98 49 24 75 24 18 67 11 32 85 56 31 13 90 96 52 9 35 41 55 47 19 48 21 37 10 65 99 3 89 67 58 13 39 13 48 95 67 33 1 2 97 58 95 68 68 22 26 24 45 
91 44 8 96 59 84 90 75 11 98 3 78 67 9 91 63 40 72 94 47 73 34 92 33 77 67 38 73 94 51 100 47 33 92 49 8 99 13 10 48 1 29 92 81 67 89 14 95 83 95 63 42 6 88 49 45 10 60 61 20 74 86 84 54 28 2 12 92 54 14 88 27 82 13 83 48 48 22 3 36 27 
89 13 47 51 98 33 86 1 16 53 46 63 6 63 14 65 93 34 93 98 25 68 92 11 34 77 70 58 43 81 21 24 11 35 98 32 93 41 63 90 42 30 52 97 56 32 67 79 42 32 15 93 95 50 90 10 10 36 78 100 67 10 46 8 42 97 97 23 0 55 46 6 96 39 100 5 62 88 18 64 5 
