64 111 126 132 136 14 105 22 15 28 192 165 78 32 93 102 78 86 87 102 177 114 63 123 65 24 42 189 30 140 96 90 96 109 110 134 11 42 109 35 65 157 80 39 54 91 31 124 69 130 125 63 59 92 26 162 156 99 94 136 66 147 82 140 138 44 99 94 79 62 61 166 81 133 83 125 87 95 63 108 180 73 
102 113 142 85 95 112 43 150 82 123 74 82 27 137 164 100 55 123 95 110 77 32 172 85 116 63 165 109 144 154 169 48 64 57 117 196 19 66 75 24 158 52 102 182 166 51 128 49 146 122 17 89 130 63 87 68 89 162 89 139 106 143 140 149 114 100 71 182 158 95 88 59 130 107 71 123 169 8 109 101 96 83 
21 31 112 73 95 109 95 46 135 37 102 8 84 131 104 89 180 156 69 98 93 179 73 110 60 148 188 84 89 94 114 45 172 121 100 155 94 74 153 72 165 115 72 148 85 102 92 95 70 10 69 157 120 128 90 103 148 142 130 183 89 98 88 80 90 58 90 151 47 88 109 117 44 52 168 64 55 41 97 125 85 148 
113 16 93 40 112 168 177 148 152 152 85 79 67 126 79 80 117 9 128 103 107 83 74 109 84 18 111 36 57 62 78 105 75 80 106 173 125 179 78 58 100 149 128 79 132 122 61 83 74 27 119 92 145 126 67 157 72 155 103 119 96 113 70 73 76 157 120 104 154 64 127 57 169 109 118 97 111 134 143 76 139 68 
71 34 105 65 121 44 27 176 29 89 56 131 89 86 107 97 144 73 148 134 101 119 194 64 103 39 29 115 61 189 143 59 107 39 17 184 120 142 151 88 100 176 89 38 145 54 177 120 73 184 134 48 123 153 110 53 55 134 81 83 71 82 169 81 89 111 67 87 103 40 60 110 123 138 114 75 129 73 154 93 110 66 
112 18 48 107 121 153 34 27 127 89 93 38 121 77 51 48 99 111 128 49 137 84 92 48 106 105 90 53 100 178 101 135 159 154 140 169 158 167 113 63 77 106 141 88 101 113 147 67 145 74 155 106 73 53 99 116 128 54 44 128 104 95 22 167 146 151 179 11 97 61 98 159 104 96 103 170 132 79 78 10 106 36 
102 120 141 107 127 181 131 101 18 138 115 89 165 159 70 85 70 129 161 127 172 27 108 173 165 13 44 122 129 156 117 69 77 90 118 114 114 38 143 128 36 48 101 137 103 85 153 157 67 21 105 89 67 62 182 167 101 111 160 164 93 95 99 137 124 64 102 43 116 149 163 86 49 106 25 69 34 88 124 144 182 135 
7 85 96 49 156 105 16 74 71 26 106 88 123 60 64 21 86 139 101 135 135 162 172 115 60 114 91 120 52 60 105 154 80 76 56 172 105 156 61 132 67 92 141 47 138 70 116 41 101 177 43 155 105 58 84 136 44 147 47 191 78 159 98 24 94 74 159 71 125 79 109 110 94 93 92 67 181 141 121 69 146 118 
115 79 61 118 99 30 156 125 105 180 88 38 91 119 105 21 115 97 92 164 86 139 121 53 90 129 90 74 107 78 117 84 186 83 137 61 125 94 124 119 118 142 93 88 115 41 116 85 100 54 96 68 91 115 77 152 39 100 99 95 168 113 122 119 147 179 127 95 118 85 70 153 92 45 87 135 143 87 93 96 58 15 
58 174 101 105 155 80 44 111 163 122 72 124 126 38 80 108 93 69 67 46 73 176 122 65 167 122 167 18 125 84 82 101 94 138 180 138 150 114 171 146 44 74 127 116 126 96 54 41 182 22 82 43 90 27 11 94 135 143 101 143 75 90 17 139 181 181 102 98 140 90 178 92 146 162 73 182 91 117 50 85 40 55 
95 138 125 115 73 148 108 100 105 175 101 143 97 111 115 104 97 72 185 84 44 105 169 37 58 39 42 113 105 105 60 99 95 116 68 49 119 81 116 166 180 47 34 104 32 128 87 100 108 148 110 79 98 106 189 152 112 100 64 108 131 107 152 79 137 55 152 118 128 199 81 91 98 96 31 90 161 91 139 116 105 104 
44 63 89 81 123 5 104 97 154 184 36 63 130 80 117 70 185 131 120 96 118 159 167 37 36 129 151 193 87 179 17 137 140 158 144 74 72 113 119 132 148 140 144 59 16 100 149 78 66 31 163 71 36 135 101 100 91 102 36 84 119 75 63 135 75 87 47 96 88 56 57 40 138 142 137 116 150 150 28 69 128 66 
134 156 77 58 34 86 90 67 88 81 57 149 67 111 85 49 90 98 63 150 5 124 114 95 122 104 121 120 122 92 128 85 110 172 21 145 163 102 75 19 177 88 169 107 147 118 133 55 85 93 64 145 126 83 99 102 121 83 98 94 143 137 120 67 103 45 62 147 108 59 102 147 96 29 165 94 103 79 142 101 101 155 
36 171 134 92 110 67 17 24 52 49 140 65 68 73 83 85 71 168 77 64 169 82 102 73 146 63 121 60 83 101 99 106 148 50 104 93 97 87 155 129 80 87 111 101 22 97 157 141 31 116 12 133 64 99 57 59 135 106 71 27 109 121 151 137 118 108 43 135 100 169 147 62 10 93 11 48 97 111 167 117 53 90 
138 122 58 45 147 42 133 146 79 102 140 110 99 52 69 90 145 169 144 161 89 57 13 110 169 110 64 83 92 80 168 138 134 128 118 66 111 148 97 32 106 144 108 151 125 90 58 150 89 91 78 56 96 89 164 112 95 59 177 97 158 70 120 84 140 40 104 77 8 103 124 97 76 91 121 136 98 88 60 94 159 50 
84 90 115 85 164 156 60 97 81 160 168 39 104 86 137 144 59 185 72 167 97 184 149 122 74 40 89 29 110 94 49 116 95 76 86 112 70 130 82 42 52 91 65 80 113 124 134 130 101 108 92 129 66 39 64 109 127 92 143 153 102 53 24 115 109 162 110 74 180 44 61 87 162 124 137 113 121 107 49 130 122 130 
170 169 149 84 146 109 181 27 93 140 95 120 95 89 107 67 12 67 75 134 89 96 112 105 47 101 89 105 144 106 112 65 45 140 116 165 63 126 65 157 69 129 148 168 52 132 85 144 143 141 172 91 154 119 141 14 105 63 69 120 173 124 137 94 132 163 104 44 90 99 112 174 97 59 114 181 88 60 62 58 140 68 
154 21 81 125 125 42 67 151 159 86 32 108 125 104 73 79 65 72 137 134 130 134 154 43 94 115 120 182 106 95 73 152 126 35 40 110 49 60 123 117 49 107 134 114 119 90 131 130 89 90 55 156 121 96 138 74 112 156 59 92 86 161 47 80 55 51 182 115 19 120 65 81 72 94 160 72 177 104 81 103 95 104 
48 105 112 81 87 99 124 145 165 162 183 127 143 98 117 115 49 61 72 78 134 112 11 108 143 42 95 91 81 42 133 45 128 46 112 135 59 118 95 104 115 161 109 93 117 168 102 102 58 55 77 153 77 178 114 114 45 30 52 84 94 43 156 49 137 37 187 168 104 101 71 177 110 50 65 114 67 125 40 103 191 193 
110 135 66 145 159 99 100 69 102 114 18 76 61 45 99 30 94 34 125 142 104 93 131 124 113 127 74 34 70 146 47 127 168 108 93 124 41 73 143 38 69 138 116 155 64 118 90 177 152 97 82 125 134 114 113 56 72 32 193 88 15 32 111 98 122 18 113 45 99 144 104 71 113 73 159 59 93 122 67 28 125 138 
24 87 58 135 73 135 138 97 91 96 134 52 33 66 131 18 148 115 32 55 78 141 105 9 36 62 148 97 69 139 96 120 47 120 46 151 83 103 125 63 162 113 114 96 127 93 66 56 151 162 145 56 61 113 34 57 97 172 89 96 84 129 123 96 74 121 163 139 79 100 92 46 145 115 55 151 73 47 162 77 122 64 
135 83 124 120 49 170 118 42 109 150 156 179 119 97 76 117 83 120 126 80 107 84 60 130 79 78 44 181 152 82 94 51 68 86 146 169 89 147 58 116 40 126 71 69 180 98 30 140 137 93 102 172 49 37 135 99 101 6 94 60 137 29 135 87 55 81 137 21 139 137 187 83 109 192 98 163 85 173 148 14 138 63 
75 103 100 24 97 50 61 169 80 129 164 135 32 105 134 15 110 106 97 57 126 147 125 131 58 60 112 183 80 162 124 105 103 62 69 90 87 109 109 132 74 85 135 146 114 98 149 52 84 105 163 131 82 83 168 136 35 134 122 20 85 123 90 119 142 112 103 71 75 89 131 74 114 98 144 95 108 87 110 44 136 120 
58 68 85 88 77 196 113 112 126 199 167 132 123 47 67 98 62 98 102 130 101 24 106 88 79 117 110 92 31 153 134 194 112 112 148 133 107 147 85 112 120 54 84 121 115 172 92 125 116 108 153 79 112 102 93 77 65 124 47 106 106 25 134 63 109 84 168 55 88 94 107 169 37 104 64 45 157 152 147 103 108 124 
112 108 123 179 62 60 138 85 91 140 72 65 98 89 150 54 20 94 180 137 135 103 140 52 29 115 117 93 40 44 115 109 100 174 45 108 122 140 34 194 107 127 75 94 15 76 151 78 92 177 157 55 89 116 130 34 94 136 119 96 54 77 28 108 45 117 146 117 88 99 40 37 116 72 100 145 42 101 151 147 116 157 
95 43 137 125 53 143 98 115 26 73 31 84 105 148 55 143 155 114 100 22 95 59 142 155 79 67 133 102 170 69 77 101 99 167 46 118 20 104 77 82 142 34 85 67 162 109 57 69 105 79 8 103 86 117 72 102 44 92 121 121 56 142 121 69 103 68 131 92 144 104 130 176 109 39 102 82 116 100 101 40 88 87 
81 24 160 3 51 166 120 139 133 97 74 128 95 199 94 56 181 139 22 84 102 132 186 47 145 109 144 123 99 98 130 87 81 125 109 125 120 98 51 50 119 179 180 144 21 127 105 86 57 68 85 98 74 152 78 110 130 82 163 129 88 96 121 93 134 150 111 155 85 131 79 39 58 26 72 72 103 137 61 75 119 31 
71 116 104 108 81 156 165 117 66 140 117 124 3 98 134 111 94 136 125 44 127 121 140 90 118 47 84 42 96 66 52 138 54 24 71 102 118 47 16 85 60 54 112 183 81 157 87 91 105 37 113 136 14 13 72 119 118 114 70 122 101 137 84 107 123 160 88 147 128 78 115 79 113 123 151 57 46 54 102 66 86 49 
113 128 40 94 109 107 87 115 86 94 144 75 96 138 19 91 98 119 189 110 147 142 100 83 146 105 129 60 14 60 65 10 117 80 130 103 52 127 158 57 147 140 13 162 52 142 92 141 74 61 122 90 71 105 55 44 117 111 100 100 83 122 90 86 61 27 88 154 126 76 91 117 151 136 128 101 173 133 154 121 94 122 
56 141 159 62 78 145 94 85 55 123 75 145 164 83 162 117 87 28 4 131 111 125 72 139 118 186 58 22 163 90 116 127 113 170 90 134 98 66 134 65 147 99 127 154 101 151 49 88 100 57 126 133 125 144 52 99 78 83 131 68 134 183 105 102 32 69 82 116 171 120 143 55 127 90 99 137 152 98 73 83 113 58 
79 23 125 44 81 77 136 54 158 94 72 72 134 47 98 85 101 104 99 123 29 146 136 110 106 43 137 64 136 66 44 22 170 79 24 138 111 143 73 94 46 128 137 76 41 85 167 115 63 60 153 32 123 94 52 117 88 128 175 89 143 53 54 144 136 99 76 92 119 106 148 146 122 118 46 134 47 175 171 41 143 81 
17 32 94 161 165 54 119 100 59 142 21 124 123 88 107 93 21 43 92 109 15 148 114 75 94 66 98 73 107 70 108 97 51 176 90 111 120 89 101 111 112 170 92 30 62 103 105 157 122 19 99 121 43 125 74 59 157 75 147 97 29 94 100 139 98 76 40 80 10 49 90 108 120 149 88 130 42 157 159 175 45 110 
93 106 6 141 60 117 78 60 39 90 67 112 87 170 105 108 85 88 125 94 44 70 69 147 117 76 167 100 100 134 150 134 59 75 136 109 156 190 75 92 160 164 139 132 150 54 154 181 84 66 90 138 109 109 25 78 88 48 92 36 108 95 159 120 94 84 40 36 73 118 75 145 126 101 102 124 72 17 116 100 95 99 
93 157 49 104 9 48 79 111 144 88 89 104 155 95 76 80 114 106 69 103 99 15 189 93 176 118 82 98 116 97 94 135 81 82 142 111 67 97 66 96 78 120 185 143 31 150 10 107 66 61 31 124 150 97 154 59 112 111 13 6 95 95 136 125 146 68 142 89 60 152 134 114 98 24 91 117 161 165 181 106 141 58 
8 109 66 124 7 100 101 24 91 60 111 52 26 167 71 42 101 105 65 81 148 75 56 95 100 85 147 124 148 15 71 88 34 82 112 135 106 56 172 111 111 120 174 77 142 105 111 52 95 142 62 136 165 58 124 107 156 101 52 85 45 147 151 163 81 131 100 113 75 14 56 123 170 70 48 157 151 127 87 128 40 89 
184 84 65 42 148 101 101 82 87 94 83 64 28 32 66 78 98 122 93 95 73 102 52 58 65 102 117 97 113 125 1 123 110 71 127 120 82 151 69 53 43 75 118 14 95 151 26 80 92 99 100 68 103 81 118 141 26 83 101 167 84 168 74 91 174 77 99 179 44 131 97 127 123 24 10 139 166 41 63 151 199 125 
96 99 13 143 19 164 93 118 151 141 60 173 172 84 193 181 43 91 110 57 81 103 98 108 99 118 60 149 100 94 16 105 54 97 82 53 40 49 88 173 102 90 69 42 97 104 137 111 78 120 106 31 138 102 65 106 134 81 108 100 110 157 179 59 135 66 62 77 49 160 110 121 108 56 69 25 91 13 123 76 139 96 
124 66 121 22 175 161 155 97 91 115 60 138 81 103 110 145 109 73 77 103 109 67 74 96 83 125 116 127 13 173 14 101 122 138 190 102 37 168 88 58 61 65 118 111 43 56 179 67 52 117 94 123 99 75 87 184 118 133 114 123 149 30 21 64 98 135 115 127 84 100 117 163 46 95 65 151 103 132 58 84 133 94 
62 98 180 75 152 104 86 50 27 99 92 70 45 12 0 104 129 76 35 76 58 86 117 63 14 34 90 154 72 103 90 101 162 128 111 25 56 84 83 158 135 91 131 90 134 82 75 141 114 139 31 108 68 132 182 53 59 140 56 69 20 167 133 126 94 15 134 61 153 83 119 166 132 97 159 83 135 75 89 114 115 141 
34 103 106 134 109 96 111 63 163 26 119 111 36 100 153 79 172 89 156 189 123 101 89 88 140 79 79 179 78 98 106 129 116 76 156 80 142 146 111 70 156 80 31 69 88 133 41 159 83 175 149 89 126 117 20 143 84 105 142 118 128 142 85 92 56 78 147 65 118 150 104 149 84 108 134 95 93 51 34 126 45 73 
56 134 91 134 159 116 111 122 91 181 106 35 126 98 69 94 110 121 174 41 88 56 94 67 89 57 82 102 114 88 98 122 140 84 196 21 121 112 57 79 184 101 153 113 60 143 98 56 95 97 103 92 141 31 74 151 15 24 160 58 120 146 76 86 101 78 74 111 145 77 147 113 101 80 117 118 139 85 108 78 117 109 
99 36 65 77 117 99 70 139 32 112 112 37 106 162 140 90 161 113 7 99 155 85 126 88 144 183 26 43 168 98 118 92 19 68 138 118 53 84 96 116 44 73 110 98 35 99 151 83 69 36 181 125 156 31 42 63 42 127 130 26 126 114 62 116 90 37 153 16 118 153 126 70 83 102 104 112 26 22 32 122 107 171 
66 25 12 72 64 72 16 61 96 129 95 112 95 62 111 42 123 100 99 56 70 131 90 175 180 96 111 89 132 84 60 129 80 154 122 59 26 127 58 146 70 175 86 123 79 153 143 4 67 126 107 24 142 116 51 144 94 64 130 112 141 113 68 57 22 71 51 107 193 79 126 129 153 143 14 112 43 118 98 84 119 152 
82 87 100 30 89 162 113 89 74 60 38 163 115 69 181 42 114 11 8 157 91 76 141 115 170 96 76 94 90 13 134 116 130 152 81 75 126 144 58 101 159 54 68 46 161 64 110 119 150 116 98 45 85 112 72 82 99 149 118 134 122 70 58 105 109 133 109 141 126 152 138 136 138 143 94 55 139 105 80 149 163 82 
133 154 52 90 142 118 87 167 82 91 68 82 29 121 61 109 140 5 92 72 130 121 24 104 108 141 143 188 91 101 84 45 172 159 93 69 96 104 135 149 141 146 106 78 95 144 68 124 95 49 184 80 116 99 107 68 11 90 112 153 112 110 108 103 52 151 123 151 62 53 60 111 148 93 12 84 69 66 80 81 106 115 
60 41 192 125 139 127 141 62 34 72 36 129 117 122 89 100 89 153 59 152 168 144 55 115 92 164 140 193 55 71 81 52 98 134 123 87 80 81 64 135 81 77 135 32 41 60 42 109 117 79 166 51 34 133 152 125 98 61 103 69 99 132 55 88 130 84 86 53 79 110 138 41 68 86 76 74 40 112 100 85 78 57 
87 71 83 77 125 142 81 106 77 129 94 88 133 183 81 26 46 32 123 95 78 126 49 27 24 179 111 14 68 163 134 103 73 132 90 98 80 115 102 85 51 93 58 76 122 38 96 142 75 134 173 96 99 174 159 148 25 64 128 133 114 81 104 144 82 80 163 47 139 107 35 16 57 117 91 101 68 89 120 127 159 70 
90 169 125 101 131 112 160 189 68 47 89 23 97 57 125 72 61 116 141 120 71 106 42 7 74 60 136 127 92 97 127 8 116 159 93 107 45 120 68 138 96 94 124 85 140 173 179 104 81 115 99 115 138 42 44 71 143 109 72 83 143 51 109 135 129 67 83 61 30 71 84 139 86 155 124 92 189 183 138 91 82 75 
161 67 29 125 80 49 112 188 83 132 93 76 163 110 168 80 47 104 175 54 126 128 142 135 90 130 142 97 123 5 117 175 98 79 85 162 159 43 42 99 88 125 154 189 190 93 73 18 159 161 10 126 112 180 77 124 97 163 85 20 108 19 89 158 130 101 114 82 45 86 84 51 22 84 37 104 23 81 105 109 152 175 
59 88 120 145 39 53 50 131 45 91 164 86 120 97 101 78 29 69 46 167 55 83 123 179 113 93 107 103 57 102 166 158 41 86 171 129 67 40 136 141 81 135 113 128 116 127 116 80 156 131 119 130 36 62 83 29 81 62 88 165 97 104 83 97 69 107 114 184 143 118 41 110 67 60 174 153 101 192 118 126 158 108 
88 105 71 108 61 77 87 130 177 103 135 113 134 49 19 95 139 162 43 98 136 145 59 111 55 26 128 85 105 146 149 108 105 93 159 86 52 135 155 99 130 132 145 68 66 68 91 84 118 43 98 78 85 56 82 55 56 64 88 64 67 169 126 104 51 135 132 111 171 102 65 111 116 105 129 56 60 43 54 45 102 108 
63 100 184 125 155 121 99 90 72 101 39 108 114 85 69 85 112 132 93 84 74 64 33 129 166 132 74 166 109 90 37 31 159 69 111 85 104 62 66 130 150 82 134 165 121 76 141 101 175 81 117 84 170 76 144 32 93 127 64 26 53 20 61 14 62 66 50 113 137 80 95 52 165 11 136 124 93 85 67 70 176 95 
129 72 112 19 131 16 109 66 77 28 112 186 88 149 49 153 106 51 127 119 148 163 190 162 99 63 108 80 158 159 119 50 93 69 85 125 53 59 131 25 20 116 141 121 29 102 66 152 80 110 65 123 99 128 81 18 101 89 114 94 80 94 110 93 104 62 157 121 109 103 67 137 112 134 147 87 148 109 128 116 110 101 
113 19 157 90 152 130 60 100 65 81 75 41 68 115 58 125 139 72 32 152 144 93 55 138 69 88 131 73 53 99 140 123 155 38 107 57 70 131 100 129 76 112 139 75 180 30 103 122 96 95 117 105 78 6 32 142 98 118 75 197 142 175 68 95 36 110 35 98 146 64 99 44 166 105 66 168 134 87 115 122 84 160 
47 140 135 20 107 38 152 105 81 85 118 117 71 23 94 67 70 61 121 88 50 92 52 79 109 90 102 90 137 62 118 156 74 99 161 164 18 99 18 115 30 53 26 64 83 31 139 116 66 22 161 142 122 23 74 97 75 42 136 33 75 168 140 76 48 48 21 107 107 148 147 161 195 87 85 60 83 136 126 193 125 108 
139 173 46 124 93 137 24 115 116 112 92 117 5 36 34 59 67 104 39 93 157 142 186 126 101 119 164 150 108 91 166 100 44 91 136 119 93 92 126 165 76 77 161 135 46 112 80 37 173 91 94 87 179 92 100 133 76 134 36 145 73 146 167 74 21 59 87 101 21 138 195 147 63 80 115 70 102 99 131 104 100 180 
144 62 84 161 82 94 64 174 151 87 108 89 50 77 53 35 61 93 146 94 136 70 20 156 123 33 138 115 80 90 164 155 107 95 69 57 120 79 54 93 145 179 110 142 180 146 107 121 122 88 51 91 129 45 159 92 97 139 123 115 65 153 122 114 84 46 162 91 146 181 187 108 132 80 112 91 147 109 41 45 170 107 
155 163 10 99 121 165 133 132 97 144 147 58 136 42 95 57 81 84 145 160 121 122 50 132 25 82 175 17 148 97 95 82 115 23 106 146 156 93 36 76 142 162 36 35 21 169 122 16 64 98 77 60 90 77 180 117 43 83 155 92 176 59 58 98 59 148 73 77 77 50 107 106 165 80 48 103 96 100 62 114 134 152 
70 146 94 95 40 80 85 97 155 145 33 113 46 133 171 110 98 57 96 77 188 67 107 83 122 132 99 168 49 112 126 85 112 15 149 73 151 82 54 142 73 39 41 65 121 131 139 78 128 121 83 27 55 83 77 107 97 99 64 156 94 100 113 56 154 65 72 200 161 172 45 14 66 79 153 71 150 64 87 69 77 111 
166 141 44 59 49 72 58 62 48 87 125 147 176 83 35 172 88 29 100 101 178 56 83 59 129 46 19 66 137 173 138 110 124 189 121 70 152 84 104 56 118 24 89 87 83 58 79 150 147 15 130 153 39 60 113 122 129 160 128 103 136 54 77 105 111 155 26 95 105 101 91 67 161 83 130 49 117 74 88 28 47 92 
72 102 127 161 87 103 91 116 153 110 163 141 166 124 82 158 106 156 128 110 99 142 107 106 174 82 146 45 166 144 85 95 159 164 130 69 106 120 85 164 94 47 101 123 8 40 104 154 86 67 159 105 91 127 93 137 65 75 39 120 109 70 90 92 120 182 159 66 170 69 135 110 89 119 78 94 89 125 164 141 145 118 
82 122 122 135 175 159 62 73 64 75 177 38 11 80 72 148 70 145 122 80 33 48 89 197 27 95 73 70 77 36 20 46 57 196 52 81 57 131 107 124 80 185 102 50 100 137 109 146 128 103 124 120 104 93 164 98 100 51 60 173 167 131 71 95 111 50 103 94 109 132 190 116 49 93 95 45 102 119 64 126 149 74 
113 111 140 26 133 100 78 68 169 130 101 92 75 116 96 160 101 100 142 105 148 97 186 88 111 53 117 93 80 43 92 68 75 174 117 103 121 80 52 115 104 58 35 185 166 145 89 154 124 90 129 65 151 69 99 32 173 91 172 125 79 76 95 95 105 95 103 88 77 108 161 115 95 49 65 84 61 149 108 103 85 79 
50 45 166 64 69 51 88 65 25 92 143 145 129 153 132 101 115 90 127 92 82 116 25 122 45 142 73 94 71 56 125 58 79 46 33 150 115 178 73 118 97 137 83 147 126 113 123 97 119 79 79 117 88 32 107 35 82 59 66 101 86 46 100 141 103 73 143 100 126 65 96 60 119 86 50 153 93 82 67 135 21 91 
190 48 157 87 77 47 103 117 63 85 42 119 85 121 142 87 16 107 123 144 56 72 95 57 113 172 85 46 91 89 153 17 101 173 17 99 156 124 85 77 106 93 101 69 111 62 50 156 145 108 160 90 75 89 50 128 62 57 34 194 94 119 140 18 116 133 90 64 36 60 57 89 80 139 31 27 108 119 104 128 97 46 
124 114 105 88 71 139 125 135 121 146 134 103 91 120 89 125 48 98 108 43 33 77 108 56 108 31 129 56 112 101 173 144 138 84 117 87 190 94 141 58 115 59 92 158 115 91 98 181 38 124 57 116 14 53 94 22 65 86 86 111 139 111 68 117 139 113 72 164 102 113 76 142 156 101 108 67 73 45 70 185 183 136 
100 98 128 121 13 59 63 95 91 16 85 109 111 112 129 93 100 142 16 129 173 14 149 73 160 80 80 158 73 87 117 54 92 100 91 185 174 91 93 93 63 70 157 63 45 74 22 141 184 53 59 111 83 127 153 32 184 108 88 54 157 44 62 100 75 162 103 23 74 130 143 95 55 56 108 173 121 37 130 74 82 45 
27 92 99 156 135 100 168 47 158 123 92 1 93 135 121 133 30 106 122 132 29 154 160 134 154 34 27 128 164 48 78 50 74 80 143 192 60 12 112 113 90 91 78 69 92 64 57 193 84 79 117 86 155 172 36 180 195 63 129 30 99 161 107 139 145 89 34 31 124 107 97 106 55 113 49 116 133 133 50 124 29 25 
115 91 87 63 134 106 67 96 100 133 49 71 63 66 143 72 96 108 82 143 177 153 97 70 48 77 149 139 105 76 182 95 111 11 97 118 144 122 27 120 136 71 65 133 99 174 79 82 139 89 126 21 72 37 148 128 78 122 162 116 76 87 126 71 91 87 133 146 117 35 35 104 80 107 101 74 125 53 83 80 158 90 
85 31 128 59 29 152 17 142 137 85 150 69 128 64 44 79 76 147 131 94 129 85 28 58 102 91 18 123 113 110 71 179 193 91 51 82 89 47 125 155 132 84 75 123 133 35 149 117 126 98 93 52 82 95 92 25 134 124 78 129 163 93 144 141 138 111 44 74 133 82 69 170 179 132 89 22 68 112 116 23 57 114 
73 113 117 195 129 84 127 95 45 49 133 136 116 123 111 86 33 100 124 125 108 121 62 26 17 111 147 43 80 130 54 102 80 130 94 120 119 41 114 72 117 97 104 145 83 65 72 121 144 109 113 9 88 105 162 115 89 74 105 140 157 111 117 79 56 114 19 56 90 143 59 95 160 31 70 95 158 126 52 44 188 121 
112 126 76 24 118 85 98 91 71 59 147 120 104 86 144 11 187 102 129 148 128 72 64 29 32 149 158 115 146 62 131 56 134 113 119 125 100 86 186 142 102 82 112 72 50 83 173 117 157 107 146 114 93 65 20 115 74 98 72 66 162 81 70 84 130 165 170 114 36 88 100 58 158 144 117 137 110 57 129 139 66 83 
140 94 59 101 120 93 163 136 174 143 126 119 150 161 130 187 133 133 114 91 73 18 91 114 9 34 149 67 105 70 86 74 121 108 132 111 93 99 67 34 168 123 28 86 118 105 187 121 34 52 123 125 98 90 138 120 107 112 92 153 78 167 178 77 99 49 86 4 44 175 96 142 109 106 167 105 144 93 21 99 145 69 
114 113 179 110 75 110 43 121 10 161 75 136 168 97 100 171 190 151 160 124 75 130 78 181 154 110 193 107 99 79 10 38 182 56 118 143 42 128 165 68 128 43 18 43 90 120 48 33 172 36 111 135 102 126 172 46 148 65 129 164 172 6 165 89 76 122 151 149 57 106 107 138 134 111 81 140 126 6 79 149 124 132 
56 98 94 129 116 93 112 45 89 117 46 55 135 110 98 73 31 130 58 155 87 147 67 148 86 128 65 183 45 95 46 163 13 18 72 118 149 165 99 125 157 38 15 109 87 96 72 145 85 47 119 103 128 54 149 82 72 123 145 126 68 115 99 115 127 147 124 38 98 39 85 169 99 149 76 34 114 33 152 68 96 27 
113 21 98 153 98 131 161 133 73 39 98 147 98 88 101 108 35 156 179 127 41 121 130 183 62 67 162 96 67 106 151 92 57 56 98 100 55 138 132 2 59 84 74 135 139 178 94 142 167 81 89 71 90 109 67 105 71 127 122 87 155 63 80 127 94 85 55 119 95 62 49 75 84 109 93 106 54 68 98 94 147 131 
57 86 122 105 93 176 148 107 121 127 37 103 86 45 113 70 75 100 107 110 39 60 116 157 111 94 72 122 73 34 55 31 86 143 77 187 138 149 165 27 86 76 136 140 184 133 69 161 88 110 86 135 146 32 144 106 36 108 132 136 108 150 29 106 25 31 113 168 105 90 123 111 83 49 127 169 166 118 124 130 123 36 
108 159 147 104 94 133 75 64 34 30 83 42 65 118 104 79 82 91 86 158 129 137 160 118 27 83 111 138 96 110 92 106 121 120 180 115 93 139 138 128 78 157 92 80 156 160 99 69 68 149 81 99 105 165 170 75 100 31 86 31 120 92 180 24 137 91 65 119 188 143 83 150 142 184 95 81 151 95 91 112 105 173 
100 114 91 23 144 145 99 107 87 119 159 89 97 80 72 99 9 121 69 102 96 41 36 104 92 99 54 41 43 108 105 178 46 155 83 117 94 104 102 70 110 107 65 115 192 126 69 60 52 128 111 82 28 73 45 38 112 37 110 58 134 78 109 152 120 61 66 25 90 62 137 33 103 71 104 145 81 116 92 43 38 48 
78 85 108 118 116 95 89 32 89 107 153 58 99 145 68 88 27 36 84 84 152 170 114 91 128 140 82 70 126 73 95 168 148 79 67 103 101 136 75 122 11 105 84 123 155 64 125 100 11 144 36 119 127 100 97 14 129 101 77 88 80 128 45 73 110 51 154 30 40 20 146 21 101 68 172 150 56 103 104 92 138 81 
27 58 100 129 55 151 57 97 113 63 116 38 96 93 69 107 29 154 17 89 162 120 137 121 95 86 145 127 129 100 119 22 22 104 34 105 196 65 120 112 168 65 88 89 117 143 24 121 85 116 193 64 51 9 80 108 55 182 100 148 161 89 75 34 112 80 73 64 82 119 131 74 133 85 132 65 110 161 14 105 108 97 
117 25 75 145 121 117 73 78 114 108 89 42 45 144 149 63 156 132 106 153 146 89 87 96 151 115 108 81 116 92 125 120 60 150 102 75 126 126 124 98 52 183 145 95 121 101 137 103 112 23 57 52 46 107 53 44 75 106 113 69 140 58 100 136 118 70 54 160 67 103 115 74 114 68 93 112 68 61 119 103 155 24 
