-58 19 26 -28 -58 12 -91 -10 1 -6 -2 -3 14 2 -19 66 -12 54 31 92 -19 78 15 -71 25 -12 26 11 2 54 36 70 74 41 6 -2 -3 -40 9 -33 43 15 -36 -25 36 -79 -7 -62 53 24 -51 -19 -55 -4 -24 0 -12 -81 62 62 -46 -25 -60 36 4 8 75 34 -1 -46 45 -34 -55 33 65 51 -75 5 49 0 16 -55 
-94 47 12 49 -75 52 35 -50 70 69 -26 -72 23 -11 32 8 27 -11 45 6 57 -18 -10 39 64 -41 7 57 -56 22 7 32 -56 31 53 4 -11 -52 -35 -12 18 24 -82 6 34 -35 -56 -47 -24 -34 17 -57 -10 11 -23 22 17 38 19 9 -72 -27 14 1 -48 44 -9 -6 2 -67 52 3 -14 -23 25 -41 -5 -6 -75 5 60 -63 
13 3 86 71 -17 -7 59 -16 31 -31 -56 -4 -30 35 66 41 -6 44 15 -72 39 -1 39 -48 24 -44 0 80 -89 -32 -34 -7 28 23 0 45 -42 -46 -11 -6 -21 15 -26 -42 17 28 -68 -93 -8 10 -3 25 -58 46 70 11 38 22 6 7 -71 -68 88 58 -84 -32 64 -23 7 56 31 -69 -24 -22 -4 -2 -47 -37 77 45 -75 -24 
-33 6 -45 -6 -16 -16 11 50 48 26 -9 75 25 -42 15 -78 -77 -1 26 -69 7 17 -66 59 80 -8 -23 -8 43 -36 72 -19 -51 -78 34 -7 -59 15 -40 2 -26 3 54 25 64 -60 15 -13 34 -9 71 -4 -7 22 37 1 18 -1 95 -19 30 -19 52 19 68 13 60 36 38 -14 23 27 1 -65 72 -51 87 30 -41 -10 33 -16 
31 -12 -41 -21 -63 2 27 18 5 -81 16 57 43 -60 -57 63 22 15 2 50 -41 -63 -4 -38 37 -11 27 -1 -59 -3 31 -43 61 31 -1 10 -78 22 -15 -64 -84 20 -13 14 25 14 21 -2 59 16 44 16 27 -43 -70 17 55 -16 -31 79 -67 44 -13 -11 -37 -75 15 -41 71 -28 44 74 -59 -4 24 51 65 39 -32 -31 16 66 
-20 0 -20 3 -29 33 8 -13 19 7 -71 -8 -9 -31 21 48 -99 -3 56 -35 37 -64 12 42 -42 -21 -28 -41 -40 2 7 -27 13 -4 -36 -23 40 -9 37 55 -21 74 -35 72 -33 73 3 33 27 34 -29 -88 -15 25 35 82 -18 10 2 66 54 49 -10 -13 30 9 -1 -3 -73 29 46 41 -56 18 -3 14 -38 71 66 10 -94 -28 
72 32 25 -79 15 -15 53 -69 -6 30 35 51 -19 39 -60 15 6 -41 33 11 -10 -27 64 -27 23 -3 -32 -4 -67 -36 -59 -7 49 -52 -22 0 86 22 23 -30 -2 30 -95 29 -7 7 -35 -31 -7 -15 -9 -57 17 10 2 11 -1 87 4 -16 -7 85 -5 25 -16 -56 -50 -21 -30 9 33 -76 19 -90 -21 33 -14 4 52 -16 -4 57 
-7 23 56 -11 -14 65 12 38 -1 14 -12 0 -77 -26 56 11 -28 -19 -11 -5 -35 22 18 -7 -46 14 91 52 -38 -50 53 42 -46 34 -54 -10 47 20 53 4 -43 40 -27 -43 50 18 -32 -35 3 19 -43 -21 -49 -28 38 46 26 13 45 -5 24 23 -40 16 18 -34 -33 53 -5 -55 -77 -32 64 -63 -86 63 9 -19 11 -61 -8 -72 
-65 77 -41 -8 -31 0 -10 13 -9 -8 70 22 -7 57 -33 -11 61 73 -2 0 76 7 15 -43 -4 69 50 6 57 -14 -75 40 10 83 19 -33 39 -58 74 -5 40 -24 59 -44 -65 -3 30 77 82 36 74 10 51 -71 -45 8 11 -68 49 73 -14 61 -26 27 35 -1 -17 55 -32 57 24 43 -4 -29 23 53 25 -77 -59 -4 -44 -13 
2 -8 -47 -95 -29 58 -42 -47 -25 -54 -20 26 -40 14 42 -2 71 59 -27 26 27 -12 70 -23 31 -30 5 -12 63 -24 40 97 4 -12 20 -62 -10 -50 5 -24 18 -24 -57 8 -56 72 42 -41 -8 -10 40 11 -10 -27 -1 50 -11 -45 3 5 51 40 15 59 15 1 14 98 18 -38 -18 24 -22 38 13 -10 59 -41 26 -65 18 37 
-93 -30 -27 75 63 6 36 -98 11 -1 -75 35 -1 15 63 48 1 -26 -1 -84 34 -73 11 -7 -34 -23 -24 45 81 1 -56 39 -25 10 -50 -3 -17 59 58 20 -4 -31 16 36 -30 -52 -67 -48 24 2 -76 53 -24 -56 9 34 64 68 6 24 67 3 -10 -5 45 -33 18 -78 -32 1 -25 -17 -82 90 -31 -84 29 87 53 -44 1 18 
-18 -27 -77 81 -63 1 -32 -59 24 2 36 -15 -32 68 -13 30 -5 47 32 92 -56 -3 -7 -7 14 -41 -1 -5 69 15 -15 -27 -36 14 -14 72 4 -69 79 46 52 48 -4 37 -16 26 -13 38 -48 -9 7 -51 -14 37 -71 -36 13 -90 18 2 73 11 5 -49 73 -55 47 -16 78 -34 3 20 -18 4 51 18 -38 -26 12 67 36 8 
-32 18 -45 6 8 -36 -46 59 -76 49 -35 -11 17 -43 51 -49 8 80 25 -10 -5 -68 -84 -19 -34 -56 75 42 26 46 68 -1 -48 -26 -1 -51 -13 -70 59 -5 -15 -42 -3 -79 -11 -26 -57 -45 45 85 -58 -51 16 51 47 -14 -11 53 -52 28 -41 31 2 5 63 17 -2 51 74 -49 0 -19 14 13 -13 -18 47 -63 -6 -69 -9 -3 
32 17 -14 -70 -60 -53 1 24 18 17 -44 -55 54 63 81 23 47 -12 53 -24 21 -12 -76 71 -6 -37 19 -22 67 89 45 42 -18 -8 -48 -55 -87 49 21 69 8 -29 -19 -71 -10 61 3 31 -7 48 -2 53 44 -91 -13 17 -39 28 65 -13 -9 59 -13 51 -56 -28 -37 -9 -70 9 -43 -28 8 83 -11 30 -3 61 -23 65 31 42 
58 -56 26 37 -35 -14 -23 -28 11 88 -14 -78 -47 34 67 -42 33 -29 16 27 -57 35 -13 66 -3 -64 32 23 4 -46 -28 -2 54 -58 28 -6 45 -12 79 18 6 -26 24 49 -69 44 48 -34 65 -77 -28 32 32 -37 4 32 83 -53 -21 -63 -8 -34 -26 80 42 -10 76 23 -2 -75 -14 -1 54 -91 -63 64 -80 88 -8 22 -25 18 
-66 76 5 -85 -4 -14 -24 67 57 -38 -26 -29 92 -84 21 -38 23 11 30 -33 -73 10 29 74 -28 -30 -19 -13 -68 -60 -21 -38 -15 -20 -82 60 -4 -36 72 24 -12 -13 -29 62 5 -72 24 -66 -89 16 50 43 -50 19 -50 13 -9 14 -1 -9 16 -23 16 -17 37 -2 24 -18 10 -40 -47 13 -10 58 -29 -81 -35 55 -7 -24 -54 -32 
2 -15 43 66 32 55 -11 -27 9 -32 23 62 3 -13 79 29 0 -41 53 12 -5 -86 14 19 -11 55 17 -57 40 -14 4 37 5 8 30 17 33 -48 63 17 51 19 -44 -10 0 54 31 -36 45 15 -22 65 -26 9 -25 -10 93 -35 -25 -68 21 62 -49 74 50 25 -34 20 48 -27 34 4 77 -1 -52 -1 88 -40 -24 44 6 -10 
-26 19 -71 -59 55 24 -37 17 -1 -44 -30 26 37 -14 -69 -17 23 -46 61 -12 -30 16 8 21 0 -69 40 4 10 83 -47 -34 40 23 22 -4 49 50 -41 39 47 -63 20 -60 33 -78 27 -18 53 -58 15 -32 -79 80 44 -58 -88 2 -27 36 70 33 39 26 -41 -3 -8 29 9 20 31 -25 -68 66 8 -18 -1 -94 27 25 93 -48 
36 -7 74 -47 -37 -37 -14 7 25 -28 9 -63 -57 96 3 7 -49 -35 52 36 8 76 -1 82 1 24 -85 75 -19 26 -13 -43 -68 -38 16 3 47 -58 -23 86 -79 7 39 27 -77 -2 40 -64 38 -53 63 -3 11 -2 -86 40 5 -8 30 76 -36 35 -32 47 -49 11 9 6 -10 99 71 -17 -38 30 -33 -10 -15 -69 0 -61 3 -1 
76 25 -66 -45 41 -27 92 31 -74 76 2 -2 21 33 -27 -2 -18 20 7 40 -10 55 9 2 -85 -5 -14 -16 34 -48 -17 43 -12 40 -35 36 27 -5 27 -38 39 24 -68 41 26 80 76 21 0 81 6 -21 -38 -86 -25 -56 -14 28 7 12 11 -26 -41 28 46 8 -87 3 -21 -20 -34 -21 53 -73 -21 -23 27 -70 -55 2 41 -2 
24 45 -58 -19 19 51 42 -89 -89 40 36 -20 21 -20 -25 -6 32 21 -20 -43 -56 9 5 -3 28 -56 14 37 17 29 -64 -26 25 -24 8 -41 75 -19 51 -17 26 87 24 2 -19 45 -48 -26 -3 -24 -15 16 -51 -41 10 19 9 -26 -55 20 26 -47 -53 78 -32 -1 1 27 -59 -18 18 16 -17 -39 5 -17 61 -3 0 41 -18 -44 
-29 51 52 -80 -45 30 -64 42 -77 16 -30 21 31 7 -70 21 -3 70 -34 20 81 -70 -58 52 61 20 2 -15 44 -82 -80 -51 52 22 -6 -25 19 -31 -46 6 28 62 -19 -43 18 78 -4 50 -1 47 24 4 -43 -31 9 -89 47 6 -38 -28 -63 13 -13 -9 -3 39 -51 13 -17 -47 -1 13 53 2 -38 31 33 -21 -14 -4 -38 -9 
-29 89 -88 -14 -47 44 -21 -11 0 9 -14 47 -22 93 -14 7 18 20 -21 -49 52 -37 -21 61 58 -6 36 -15 -68 10 48 27 -59 -58 7 38 -31 -59 -41 -32 -64 53 -45 4 6 -28 -47 6 38 -67 -35 25 -24 -59 -12 46 -27 -18 -60 -10 29 -67 48 -17 34 -10 -49 13 -69 51 37 10 -68 86 -26 71 4 37 -52 34 -10 14 
-18 -44 31 -32 69 4 -57 -38 -32 1 -7 26 -25 41 -17 46 18 54 -68 30 41 6 -20 60 3 -81 -14 34 -7 15 -48 -6 82 82 -12 53 -33 47 -47 -24 -70 18 -82 -3 -51 18 34 17 44 -74 33 -9 -84 -18 49 -7 33 18 -5 -92 -2 7 -22 -13 65 68 14 -27 54 4 29 -25 33 -82 40 9 -27 -44 -11 63 -58 -38 
-28 -56 -27 -7 46 56 8 39 1 30 -20 -31 70 29 32 16 -16 60 -20 1 13 57 -54 32 5 -23 65 87 22 6 67 -79 -52 -26 -15 -64 -58 12 28 -2 -17 -7 -19 -70 3 -28 -1 6 -40 7 31 21 -29 -68 -58 -26 64 -38 -19 -92 26 37 -2 78 -7 -1 -4 81 -40 73 -10 37 62 12 -84 15 36 55 -3 5 50 -11 
41 -33 59 -47 -21 47 90 -9 -18 29 -15 48 27 22 25 3 -45 -6 70 22 -65 41 -8 -33 65 -31 -59 -32 6 -65 13 -63 -39 29 -20 74 4 36 -15 -66 -52 -24 -9 21 0 69 -37 -41 45 31 4 29 24 -49 -44 -12 -22 60 -17 -63 6 -40 71 -19 -69 -36 7 -42 -12 60 -4 -10 -65 -3 8 -26 74 -54 -65 -28 62 -15 
-17 4 -12 -1 51 34 26 -39 -31 -65 -40 -22 35 1 -20 -54 1 -3 -14 62 -96 22 0 -27 39 67 16 -61 -85 -48 -46 -13 -25 -39 47 69 -68 -50 -11 42 -27 -15 14 -36 13 -21 25 62 -27 -10 9 -4 24 -12 -30 54 28 -34 -9 51 20 96 61 11 -46 -50 -29 19 63 39 -33 35 36 10 10 50 -3 -59 -51 -5 15 -19 
-31 64 -90 56 -67 -12 -19 -29 -8 -40 23 28 1 -4 -14 -3 -38 14 65 -26 -43 -43 -36 12 54 -41 -4 -40 18 50 -20 -32 -28 10 9 -52 -50 -43 -4 63 -20 8 -74 15 -5 -27 21 -23 5 -29 -11 38 -10 11 34 25 46 0 58 -46 85 -11 52 -73 19 -8 -88 31 -4 -56 -69 -71 -37 7 23 13 -10 34 84 -26 6 -27 
43 -34 -16 -52 7 -21 69 27 -10 -66 16 -73 84 60 15 -59 -4 -1 -1 -56 1 -40 -98 -67 20 11 69 -36 8 -50 57 -2 11 40 22 81 10 -25 26 1 -17 20 -7 30 40 28 -50 -35 12 53 -56 14 -35 -53 -7 -36 79 83 84 70 -3 -58 -88 20 47 -13 60 36 60 8 27 11 1 62 42 37 17 51 42 -15 76 -34 
14 -33 -27 4 -18 47 66 -79 -3 -41 31 -1 8 57 0 -17 -57 -18 0 7 19 65 54 -61 56 -4 -52 4 -31 64 -56 19 51 -26 54 26 12 50 -52 55 -25 31 -17 30 5 -41 -39 68 -42 -27 4 -21 -41 46 -24 -13 32 35 41 52 46 -9 -91 -26 10 67 22 -28 -25 -22 11 9 -7 4 -75 -49 -46 -30 -47 65 39 50 
-23 3 -35 -4 -71 75 8 0 22 -72 -54 8 0 -47 -92 19 -49 44 5 -27 -5 -50 -50 34 70 43 55 -54 36 -34 -10 -2 10 13 6 -46 -25 -5 -41 -16 0 64 27 62 29 -61 15 -23 -5 -54 -7 14 35 30 20 13 62 -42 -3 -77 -5 -11 -2 -44 -14 75 62 -36 13 -54 38 -42 68 48 2 64 -5 -13 17 -37 57 -25 
-3 -20 52 31 -21 -4 57 -40 -17 14 -7 16 -59 50 -23 29 -1 -31 -52 -71 9 36 56 -45 -64 42 -32 -69 15 -20 -32 73 35 20 6 85 32 29 -85 21 6 4 82 14 46 -15 -35 37 56 -9 -73 35 35 -25 -56 -53 21 35 25 -67 1 18 44 13 -86 60 -2 4 8 -19 -2 -56 -54 51 -36 -50 -26 -23 41 5 27 -10 
-59 -12 2 -15 34 -5 -42 50 -3 -88 15 -38 -47 30 -89 -54 -7 0 -31 -4 -36 38 -51 -31 77 -48 -29 -30 14 -24 -30 -38 -37 41 56 -59 10 10 -51 54 -20 -24 -11 -58 -30 -22 18 9 -84 -40 44 10 37 -67 -3 46 -74 -26 -34 -22 62 49 -21 74 40 34 -12 0 -27 76 -33 -7 20 45 78 48 -24 -15 -26 -100 -77 83 
-91 37 37 74 7 38 11 33 20 -52 -1 -84 5 -33 2 -36 30 6 -39 9 -13 3 -3 11 -22 16 -60 70 -20 -63 42 -1 -63 -2 0 -39 -29 39 -2 60 -68 -70 9 21 9 14 0 1 62 -29 11 -48 46 -49 26 -25 2 43 -7 -4 45 31 -22 -11 -42 34 -40 69 60 -28 -2 -76 44 4 63 -71 23 3 -11 -92 -23 42 
4 11 -2 64 -7 -94 89 14 89 -16 89 28 -6 -13 -13 24 -25 3 45 17 46 11 -34 29 50 -5 -33 66 26 -7 -47 -2 14 12 -16 -43 -24 -34 10 -47 71 0 18 55 -18 9 -65 -10 77 30 -22 -26 -15 42 52 19 -44 -33 -28 77 -37 13 23 -1 -55 11 42 39 -23 0 2 23 8 58 -26 37 21 -31 -41 -52 -6 29 
12 -20 -15 24 -46 37 -71 58 77 -50 -45 56 4 12 14 -74 92 -32 -75 75 29 16 -38 -48 5 -40 79 -57 -31 -51 1 -39 86 -13 -45 74 56 -19 -19 -11 19 -31 -62 10 -93 -5 0 66 74 -65 -94 20 -27 -71 66 -51 6 55 79 -25 -10 -26 -44 -25 -20 73 -27 17 -40 -43 85 23 27 10 -10 -59 28 -33 -15 -25 -1 33 
24 85 5 49 -17 -34 21 74 15 43 -18 -21 0 -22 -7 5 5 -67 12 27 -69 -7 8 -28 -7 -46 -22 -3 30 34 -6 -47 20 11 -18 -53 -32 11 50 13 24 -78 51 -32 -49 -78 39 -7 12 -6 10 -27 28 -90 35 26 -52 69 76 -50 30 -35 -9 -39 -5 -2 4 -45 -13 -2 82 29 34 50 -7 11 27 -5 33 4 47 -88 
-48 30 23 4 7 7 -43 -19 -27 -73 -14 32 73 -43 58 -11 39 -39 -65 21 35 33 16 -62 33 -39 48 -41 11 7 14 3 -2 -16 -4 -2 21 0 36 -46 -35 -63 16 35 23 46 -1 5 -30 -47 0 -7 -17 -65 -59 14 40 25 68 39 35 22 7 -4 6 -61 -69 -15 84 -14 55 -17 28 -25 43 -23 67 16 -10 14 17 52 
50 68 20 -69 -38 -28 68 -42 -11 -87 30 14 43 0 0 -46 -53 -6 -33 -60 12 8 -59 1 6 -6 82 -46 -54 -5 52 85 -24 -36 -45 -13 -46 78 31 24 13 9 -5 -72 -34 74 21 51 -68 -37 19 44 34 -46 -2 -19 31 -38 22 -17 0 19 -47 -20 26 -15 62 33 -41 -13 33 -32 4 53 -11 27 19 -1 -87 -64 -61 -41 
-2 49 40 32 -45 6 59 27 5 24 21 -79 -28 100 47 49 -4 35 2 1 5 85 -49 0 28 9 19 5 -32 20 2 -45 52 -62 30 68 38 -42 -67 32 -20 -66 3 61 88 -3 23 -1 31 1 -17 -15 66 -5 6 -29 -24 15 -38 -30 44 56 25 -86 2 50 -51 37 34 2 94 -15 -72 -28 66 -29 59 7 -34 -60 -23 29 
46 48 81 -16 27 72 -79 48 -81 9 6 -27 -28 12 13 8 -4 -67 -26 13 -38 46 12 55 -5 -27 -42 32 0 -26 -92 24 6 -52 -4 -15 7 68 29 53 10 -15 29 35 -42 -31 -84 2 -55 -31 -67 -54 33 23 -58 11 3 6 -26 -36 -76 -18 40 50 37 -60 58 23 9 19 -5 -5 -39 76 65 56 -29 -49 64 16 13 -1 
-29 -30 23 -39 -71 15 -16 -25 -30 -24 -70 31 34 24 -50 -76 3 -51 1 -41 37 -29 -42 48 -46 1 -26 3 20 56 -64 74 -19 54 14 4 41 14 -72 74 -28 -7 -68 -8 -17 -29 -27 45 -33 12 11 -69 -14 5 30 35 -32 -35 24 -4 50 -18 14 72 -16 27 45 14 -10 21 62 -64 43 42 -76 78 12 6 -6 58 89 15 
-16 9 4 -36 10 -32 6 35 -4 -27 -41 6 13 0 -57 -6 -55 36 -29 -4 -40 -27 12 19 -8 -12 -35 -13 -14 44 36 -65 -24 20 -58 21 12 -25 -32 12 46 21 60 27 -63 17 -37 4 -45 58 11 24 -18 -14 7 -32 56 6 -12 -8 -17 11 8 39 -20 25 -43 -9 -7 77 -2 -59 -27 33 4 -52 -19 -6 18 14 67 -38 
12 -57 54 -18 -11 6 29 83 -66 40 -18 -37 -73 37 7 38 -80 1 4 -23 49 76 -27 -25 -26 -68 56 88 24 3 56 -48 -32 34 21 35 -40 16 14 39 39 -44 60 28 17 62 -36 53 -28 -10 92 -17 -1 62 -10 -12 67 -9 34 40 56 -62 -22 -55 -27 51 -37 -53 66 28 60 22 -20 -41 54 21 5 81 70 47 -23 -80 
-7 -30 -46 66 -12 -70 -43 11 -76 -31 56 -52 -17 7 -59 -57 58 1 -4 32 -6 -19 8 96 58 -3 -7 -4 -19 39 -50 15 -2 1 29 -49 76 -84 -25 17 41 -24 0 26 67 4 -58 36 -15 -31 8 -58 32 71 -27 -12 11 -90 -62 -45 -58 42 -10 -49 20 43 73 9 -54 3 56 87 2 -3 8 -78 49 62 80 51 -82 -81 
-6 -17 0 59 -47 71 -39 -16 16 8 12 67 -25 62 -31 -20 63 -3 -17 14 22 -40 -43 29 -92 26 20 1 -37 63 81 -38 26 -26 31 15 -56 17 -52 15 -69 -47 59 20 25 4 -4 81 21 -39 -16 -37 22 33 -42 53 52 11 -23 21 -49 -16 49 46 62 6 -4 -39 55 -54 4 23 -22 -60 2 74 4 20 -84 -53 38 -7 
41 5 19 75 19 -28 51 -22 7 39 -2 50 -23 -3 5 0 0 2 53 -77 -46 -56 19 -5 20 -3 -85 -14 26 1 36 51 -31 6 50 58 68 1 -96 59 -33 -57 -36 74 -30 -26 -80 56 -63 30 7 -34 -27 12 -3 -52 21 -38 62 15 -38 31 -78 -26 -16 -18 37 25 -17 -55 19 14 55 -19 -41 55 -66 15 -46 37 39 -6 
-44 23 -23 -3 55 32 -28 11 -12 -1 -37 -19 33 33 -57 -2 49 6 5 8 49 56 -18 1 -44 -54 42 -21 -50 -43 9 6 52 -25 -53 -7 31 76 -36 -36 0 -80 -12 59 26 -1 5 -68 73 17 61 77 34 -26 -44 67 -25 -53 10 67 29 49 9 1 29 -9 -45 27 28 -39 0 -61 -60 -31 74 -2 -3 -3 52 -87 30 -13 
-35 7 -19 55 -40 -33 -28 4 55 -20 -67 -34 23 -2 0 -50 27 50 -21 -20 22 14 18 -65 58 -46 -44 89 -57 3 63 -25 -8 79 79 -28 -3 15 2 -17 50 39 -2 5 -10 -73 -55 -10 -25 33 -8 24 -82 -10 13 26 53 21 -31 -6 -66 -19 33 14 -24 -53 -42 -72 -21 -4 66 5 2 -56 1 68 -5 -49 83 -17 -8 11 
-31 0 46 -17 -37 1 -32 25 17 47 -10 42 -2 45 -17 -60 -11 25 -42 11 35 -25 31 -9 41 -73 39 43 -9 74 4 24 5 14 27 -59 -7 16 20 39 3 -49 69 50 56 -55 68 56 -38 -37 41 62 18 -50 13 13 -65 6 20 9 -69 34 -21 -49 -25 -25 -16 -2 -43 6 11 -10 21 -56 -14 45 -49 -4 82 52 2 74 
64 -83 5 54 -47 35 -49 -36 -17 -49 -3 -77 -32 -21 -3 95 -13 4 -7 16 36 -25 -19 -17 25 2 -60 85 -75 -6 -51 -12 93 -7 -1 48 -24 53 -5 -1 -36 -36 19 -10 22 30 69 -2 46 19 46 26 -79 -54 82 -9 18 42 14 58 -37 9 -20 94 39 9 12 11 21 18 -19 41 -40 29 63 -8 -42 -31 -12 -23 94 84 
-9 74 14 9 -11 -1 -79 46 4 -45 -29 44 -16 -45 -19 -15 -64 38 39 -10 -60 -32 -5 -7 2 -2 66 12 -9 50 11 13 11 17 27 -77 -40 -22 34 -30 40 8 64 29 11 -48 35 23 3 27 -33 38 12 -74 -46 24 33 37 -38 -18 -19 -18 -13 -10 22 -52 32 -79 11 -54 -59 -50 7 -11 18 0 79 -69 -47 -2 10 -53 
7 -4 76 -15 13 -16 11 -44 -57 18 -18 -4 -22 37 9 -31 -24 43 33 79 44 -13 -8 18 89 -17 -6 70 -4 27 -75 40 -37 39 -31 65 -29 47 -11 9 8 -32 19 -3 21 -46 14 -38 -24 -78 65 -39 75 20 -63 -10 89 35 60 74 24 -52 82 -79 32 16 13 -7 85 -63 -45 -21 28 14 -17 -59 -42 -51 -14 36 -18 -83 
-83 13 -43 -52 4 52 58 -30 59 19 49 21 24 -79 -36 49 -9 8 -6 -12 0 19 35 60 29 12 57 17 45 -97 30 27 -33 -12 75 -7 -2 59 36 -55 56 16 -51 -67 16 12 -75 16 16 43 5 -5 76 -6 6 52 48 -38 27 1 -46 -11 -6 -11 2 44 33 -96 -42 -30 69 6 -8 7 -60 16 58 79 -79 10 -18 -38 
-11 -58 47 -16 47 -16 -44 91 -49 -25 46 65 35 15 -34 39 4 -35 -41 62 -14 -28 -2 -51 67 70 -86 -70 57 50 -72 22 -40 -17 -17 12 16 77 8 5 14 1 -24 14 -29 5 -47 32 -60 -18 35 42 0 3 52 75 41 8 8 -23 13 -22 -8 14 12 2 -17 -3 89 28 -21 29 5 71 -67 8 -1 -8 -22 -7 15 52 
23 -27 -6 -54 55 -49 18 -7 -50 -24 -70 5 5 -14 32 3 -57 -46 5 -37 -29 52 -8 32 71 -75 -12 28 52 81 -16 -76 -38 79 -58 -53 61 -4 -54 -25 26 -29 -27 7 -40 -74 -80 -9 1 -79 -62 -5 3 -28 92 -41 44 52 -8 -51 -45 -34 17 2 -1 1 39 63 7 2 3 15 49 -52 -49 -24 -96 1 -49 -2 -34 12 
42 -58 -74 -5 50 0 -8 -10 21 23 -66 13 10 25 51 9 -53 -73 0 -80 -22 -70 -6 -26 -73 31 36 -5 -10 48 -24 -33 -29 -23 -49 9 -52 11 -26 73 -15 -19 68 -40 -14 54 -23 -31 -42 76 29 -17 -17 -43 -11 72 -47 -47 -27 -85 17 -37 62 58 -56 -30 -36 33 -52 -17 5 -50 0 68 -56 27 35 -13 -19 1 -14 -89 
-31 1 2 43 -15 1 -65 -68 -27 10 -25 14 -30 6 27 5 -43 -60 5 -20 71 -68 8 50 -3 46 23 -1 -46 -33 -51 -2 35 3 -78 -4 -44 15 36 -30 28 -22 -28 33 -11 -31 -16 14 -46 -16 21 -60 70 -65 6 -81 13 51 7 74 -6 -5 -44 24 -27 24 13 9 -25 -48 73 -12 17 4 2 49 -14 -32 4 46 14 -36 
32 30 -30 -79 14 -80 75 -67 39 29 33 59 8 -55 -29 52 62 -53 88 -31 10 43 1 -71 -72 8 -67 22 9 -12 -62 73 -82 -7 -3 -57 -33 -30 52 -56 -21 9 33 7 59 -47 43 70 -14 -15 -67 21 29 9 25 -59 1 79 -26 16 6 -8 5 -50 -18 -13 54 0 17 -18 -45 -2 -40 -55 -19 1 -48 -4 11 31 -47 -75 
4 15 14 -11 -3 -2 44 30 -2 73 -59 -3 -22 45 -1 -28 -46 17 -66 29 14 -4 83 -27 7 -6 -5 0 23 15 -6 -68 14 -7 -71 0 34 -46 40 -8 72 4 -85 25 29 24 -45 -10 31 -15 42 29 -29 34 -47 -52 63 -38 66 11 -20 8 53 -67 11 31 22 73 49 13 73 -13 13 45 38 -19 -11 32 -76 -26 -35 0 
50 84 -73 27 75 63 11 -66 13 72 25 39 -10 42 -18 14 -42 40 6 86 -71 50 91 58 -20 70 30 -45 16 36 -7 79 35 -8 -10 -23 -14 -52 57 32 2 -11 -69 -61 8 36 -92 -38 84 17 -3 -31 -23 69 27 13 -41 15 -21 -72 21 18 22 -38 -72 4 1 -12 -24 15 -27 46 43 -27 52 -42 39 -19 18 -29 19 8 
28 36 -26 -11 -15 27 38 -45 54 59 13 -8 5 -66 -48 12 62 19 18 -62 27 -26 7 1 27 -19 -69 56 65 30 -8 -24 -3 4 -36 51 5 -49 -89 -32 -4 5 14 -24 58 15 61 22 10 -59 48 58 28 91 -24 -76 62 -25 -28 -23 -33 -37 -61 -43 -73 -34 89 -88 5 30 2 -32 21 -59 -79 31 58 61 -54 -64 -35 6 
-25 87 -32 16 -49 -26 -6 -4 -19 -46 -75 16 -19 -4 -54 -30 29 30 -12 57 46 81 2 -38 61 43 37 61 -26 27 -50 18 -65 -20 71 -55 -3 -20 38 -59 -42 -30 13 1 34 -9 9 40 -14 32 -7 49 -43 49 -47 -28 27 -79 26 -3 -9 -46 57 89 -29 89 25 -28 43 52 33 59 -93 -1 -25 -16 31 -33 -50 97 69 43 
-26 -13 4 -30 -51 25 -62 21 -5 -48 13 49 -53 25 -62 23 9 -14 39 14 20 16 17 -66 29 32 -39 88 -35 -24 -53 42 -27 38 19 46 -19 22 -61 48 -49 33 47 -47 -48 49 -47 89 57 77 1 27 -84 30 -41 -35 -42 33 34 57 -54 -28 16 -33 -5 -53 -11 34 -30 -41 68 -16 -23 -66 -16 -1 37 -62 51 -63 -7 89 
-8 16 -7 59 -3 43 -15 37 7 -39 -38 41 79 -53 50 81 -10 -27 77 -32 2 -34 -39 31 -77 -22 83 30 17 -35 13 3 51 -11 5 -5 34 -10 -63 -29 -38 27 -19 67 33 46 28 -30 -7 -34 22 -28 -57 39 -44 -36 -20 -11 -24 6 8 45 -28 4 48 -7 70 -48 4 -28 47 -19 -16 -17 17 11 -64 73 94 64 -41 -2 
-2 -44 81 -48 49 -17 -53 65 -71 54 -58 93 87 72 -71 27 10 -84 -62 -7 11 27 30 36 -62 9 69 -52 74 -53 7 -4 22 -54 -7 5 -8 -50 -27 -40 29 43 32 -12 -71 61 -50 -11 -26 34 13 54 -6 -41 36 6 49 -56 -82 -63 -43 -53 54 75 -35 37 58 32 72 39 -34 34 -28 45 -92 -19 23 41 -34 -11 5 50 
94 -80 30 55 5 15 -31 43 77 6 -59 -13 83 -82 9 9 74 -24 -8 31 7 -8 11 31 18 76 12 36 -5 -63 -1 -32 50 28 -69 15 14 73 -7 17 63 -64 -29 11 27 10 14 9 8 -1 -13 -59 -69 65 -21 -26 -4 6 -82 -2 19 2 -10 94 -67 38 -11 19 42 -36 -45 -79 -9 38 -62 -19 21 9 4 -8 -60 15 
7 30 33 -26 31 56 26 -11 14 23 12 -1 47 -5 -17 -57 20 -90 30 -62 -5 -12 -22 -46 12 -14 1 -20 -2 -4 -20 4 20 42 37 2 -48 8 10 -67 -32 21 -22 61 36 -36 -53 3 38 1 -41 -46 33 18 10 0 -1 55 -37 8 47 -19 -89 23 -7 61 -28 -9 52 45 -45 64 35 -83 39 -10 -47 59 -32 -6 25 -11 
-79 17 -25 13 -26 92 -45 -22 30 65 -49 47 43 0 43 -64 -72 40 60 -35 -23 -15 -45 36 -38 67 -43 -15 -69 46 -18 33 81 -7 37 -36 20 -34 -3 -38 14 55 -21 -43 77 -8 -55 22 -49 -43 -70 -21 -20 3 -20 8 -16 -72 26 -40 52 -73 -72 59 55 -41 -19 -32 29 -7 19 54 -6 69 53 -12 -63 -37 -17 44 0 -6 
63 11 -62 -7 3 42 -3 -38 -29 41 12 49 12 -6 -30 -23 2 -43 -55 -40 9 51 8 -44 -18 29 -6 73 87 2 -13 3 -7 63 9 70 23 -5 67 -35 -26 34 69 77 -61 33 -31 -67 -8 -8 21 -40 -6 -65 -90 11 -54 -52 -22 53 -23 -81 -12 -23 32 -71 10 -20 -9 -48 -49 8 17 6 -15 -8 48 82 -54 21 29 -54 
-69 -25 -71 1 15 -80 35 71 3 -41 -21 6 76 51 -69 34 -17 -76 -22 75 -92 -25 20 8 -17 79 11 -43 58 -4 38 94 76 14 -62 -4 51 -35 -32 28 63 67 56 -1 39 -17 -42 -27 10 31 13 -7 14 47 -14 37 -29 18 3 10 23 29 63 23 -38 30 -17 -48 48 -17 7 -17 -38 -21 -24 95 -42 -14 -28 28 0 -61 
38 -18 68 -16 -56 -9 70 -3 59 35 37 60 -36 -34 -54 -5 -3 32 -27 -28 34 62 52 27 -14 -21 -4 -75 14 40 11 -18 46 7 33 -13 -70 -32 12 -32 84 -2 -4 -58 -10 79 19 -21 1 15 -24 28 65 37 6 41 64 10 -38 60 -24 29 -34 -40 -20 -33 -20 -38 12 -44 54 30 16 -26 11 -63 44 21 -61 55 -34 77 
-46 14 -13 -99 48 1 33 -42 -24 53 -12 41 46 -35 50 5 -3 -43 44 -9 47 6 -73 -52 5 8 31 41 -51 -50 -30 -12 39 12 24 -29 91 99 11 26 4 31 12 0 30 -13 11 -7 4 44 -19 57 42 -2 38 -8 85 26 -70 -27 -6 11 -6 -61 85 17 82 4 -4 5 2 -34 -39 38 23 -69 40 37 11 59 -13 23 
30 71 -5 -58 -9 10 41 75 -4 -39 67 -26 -12 -25 74 -29 -2 25 -32 22 -69 36 -8 -13 -8 -82 -3 -19 59 -59 4 -28 10 56 28 27 20 18 17 -62 -10 -39 -8 -7 -52 0 46 13 -12 -30 -69 -43 -66 -68 -2 -46 40 -5 61 -2 14 -2 35 -57 56 34 17 41 -5 -10 9 14 10 51 45 34 32 6 -47 11 68 -32 
42 72 8 55 54 -33 32 -43 41 -67 -2 -33 51 52 76 53 -3 -50 -56 3 -69 3 -27 -4 32 -12 -41 9 31 -71 28 -37 13 2 2 22 -17 25 -1 -7 25 38 -1 23 7 32 4 43 3 41 -31 29 22 6 29 38 34 61 -11 -56 -40 -3 -23 25 -3 -29 -18 12 -10 -15 -79 -5 -69 39 48 0 68 25 40 -2 42 15 
3 -15 84 -39 8 -5 35 -65 15 -23 -42 43 24 -18 -11 -12 17 18 -7 53 -37 29 -2 -17 18 -15 2 78 -43 -76 35 -40 -21 52 14 -60 51 10 -68 2 11 24 -28 -31 17 -12 -34 26 33 -81 -37 -1 -52 -25 -47 83 19 21 -10 79 -43 -43 14 69 30 79 -25 41 79 -54 -39 -33 -68 -79 -37 -12 52 6 -52 48 -51 41 
41 -84 -50 -39 85 -24 2 91 19 53 -7 -77 -54 -29 25 -50 -73 -28 -37 8 -31 52 36 -9 81 -34 42 -30 23 -16 -53 31 -16 -9 27 7 -24 -13 35 -13 -16 -10 18 24 -12 -19 69 15 86 58 26 -47 46 14 38 -40 -6 2 26 14 26 -18 23 -74 23 -23 17 28 -59 60 -11 -51 49 21 -53 -15 4 -40 -22 -38 65 36 
66 -41 -11 60 -48 -57 43 56 34 16 -11 0 41 34 80 25 52 35 -4 14 -71 -19 -36 4 11 49 -85 -2 -82 -14 52 -50 45 -54 -12 23 49 11 -30 8 -46 23 -28 -30 4 22 -9 -41 -4 49 47 91 -49 13 -2 -73 -22 -23 16 -9 72 -36 -2 6 45 -21 19 63 -12 -11 21 8 34 14 21 -41 5 -19 85 4 63 15 
-34 -12 65 7 -10 37 99 -67 55 -75 -25 65 95 -6 -66 -81 3 53 -11 -66 -68 23 2 44 16 29 44 11 43 -26 9 -12 10 -27 -9 43 54 18 -18 68 -80 -13 61 61 -8 -74 -9 -50 24 34 81 8 12 -25 13 -12 10 -3 46 -18 26 38 63 -24 60 -17 36 21 88 58 29 -29 -17 -13 44 37 -7 -76 48 -41 18 30 
58 83 48 -38 78 -95 13 28 77 -57 15 -4 91 -49 -56 -36 -27 -34 22 16 34 -10 54 29 -46 -16 16 42 10 27 75 -24 -30 -5 43 81 -53 24 -39 -6 -5 -19 -26 5 23 -28 11 16 7 -14 -26 1 1 -46 -43 14 -71 -43 37 -70 36 30 45 13 -6 25 -34 2 -20 -4 48 5 -99 -50 -18 -16 -52 7 16 16 -12 -59 
-23 -50 22 -69 -11 -37 -1 -55 -57 -37 -42 24 -2 67 7 -55 27 0 17 -51 -30 -32 -41 43 -83 30 33 -63 -17 -44 51 -10 -10 62 28 71 -4 -7 -20 72 28 43 86 -31 -67 15 22 -47 -11 0 3 2 -13 -7 -62 -62 19 14 -36 -36 21 -21 -47 -22 -8 8 -9 -14 -16 -63 -55 -40 13 -53 -38 -21 86 19 2 -25 58 -93 
55 13 -5 -21 -75 1 -65 -26 22 64 -41 -18 -13 -12 -9 53 -20 -22 -42 -45 32 65 -23 -54 -21 -15 -58 77 -12 -84 -47 -10 -48 -50 18 -11 14 -36 62 84 38 17 39 69 -23 47 -21 53 46 -1 -51 42 -2 -7 19 38 5 90 -11 -13 42 -2 16 -22 78 -54 -22 34 11 -33 43 8 -28 -22 89 76 26 33 49 -5 -21 -16 
