18 58 14 21 53 45 59 53 93 79 95 30 41 12 37 65 86 42 97 8 74 94 46 82 58 30 64 7 93 85 15 17 36 26 92 13 64 25 11 99 77 22 30 75 44 93 54 82 66 69 15 0 70 13 27 52 5 76 56 94 17 14 23 21 49 48 99 81 87 94 26 39 58 23 25 7 13 60 93 62 82 1 79 44 
29 32 84 52 49 76 37 23 3 9 92 9 93 63 82 40 7 51 100 55 58 97 49 25 79 57 61 89 71 83 30 50 69 94 61 5 31 93 77 57 77 70 55 85 58 77 44 90 86 20 100 75 61 21 80 10 75 19 15 16 13 87 66 26 2 43 72 16 0 74 31 65 40 39 24 21 42 80 44 0 57 41 20 36 
70 80 52 0 43 88 64 4 27 18 52 52 28 88 38 11 11 41 17 1 33 49 0 76 90 65 85 46 66 23 23 33 35 29 13 24 49 52 40 15 56 69 90 79 76 80 30 61 56 43 47 91 38 5 15 48 28 40 44 93 30 78 77 52 66 79 43 58 49 4 84 78 28 65 56 24 54 65 33 71 42 39 29 100 
94 5 31 89 92 93 70 60 70 36 96 99 81 10 34 92 87 71 100 26 5 65 87 28 25 36 82 78 66 28 77 30 30 31 36 50 72 20 17 79 48 22 0 54 57 47 18 42 80 61 73 97 46 76 73 0 58 6 47 96 96 2 81 47 26 52 78 21 64 1 72 55 99 41 33 35 83 98 60 96 100 89 25 37 
16 14 94 71 41 54 59 0 10 97 79 10 83 42 2 67 92 27 72 15 10 90 42 5 0 56 90 30 17 27 30 15 96 62 72 3 58 72 80 89 98 33 26 15 14 35 59 56 26 53 51 84 24 93 2 65 66 39 2 98 93 5 35 48 6 84 84 80 51 51 90 43 34 25 44 52 47 11 73 70 73 33 93 92 
86 42 80 95 85 25 10 8 97 26 57 10 39 11 17 31 59 4 55 4 71 82 98 11 63 94 12 12 77 57 46 24 58 55 2 81 68 17 47 86 41 53 49 33 29 26 18 75 7 79 91 55 82 66 62 48 65 0 89 13 27 1 33 3 43 82 73 16 85 59 35 39 53 29 73 2 13 68 53 91 94 86 36 30 
23 71 56 8 56 16 33 23 25 83 84 97 66 1 84 17 81 74 79 12 81 13 75 99 3 43 29 57 80 9 67 73 10 72 26 4 84 34 80 51 73 84 61 65 78 65 48 17 73 54 76 22 47 85 29 31 62 51 6 23 35 28 28 0 0 4 87 7 89 12 97 5 78 76 54 61 41 86 96 54 78 94 51 21 
30 73 37 89 22 52 13 11 8 16 87 78 28 83 90 0 22 37 29 1 12 32 69 37 50 18 96 18 49 12 45 46 87 21 26 67 58 46 17 47 92 7 99 8 55 10 40 9 55 64 6 50 43 3 42 85 36 87 59 18 16 74 12 2 28 7 89 100 93 3 20 21 11 14 36 69 92 6 34 36 85 84 0 57 
52 74 38 18 71 46 5 29 26 88 2 84 87 21 82 17 25 18 96 3 55 53 30 41 100 74 81 80 81 51 90 86 22 67 64 42 18 74 17 3 40 82 42 12 22 97 15 49 67 41 4 7 3 68 33 61 32 14 51 73 29 16 17 4 90 31 99 48 75 51 14 11 99 33 43 20 34 95 31 91 83 91 55 75 
17 77 5 81 66 2 85 85 99 80 60 32 95 100 48 15 99 71 13 75 65 97 27 7 71 71 43 30 58 76 64 46 8 0 49 99 59 3 98 9 28 31 0 68 40 48 63 30 81 20 42 63 23 1 68 24 83 65 1 74 46 19 24 36 95 62 70 39 66 82 40 86 41 86 51 9 75 0 79 72 1 70 60 50 
97 47 53 99 95 79 60 56 42 10 50 21 16 69 71 0 80 86 8 89 92 90 96 25 14 2 23 87 89 57 90 71 7 26 80 65 96 79 84 74 66 52 66 37 37 85 80 16 75 64 9 79 63 90 35 66 18 53 24 31 31 45 66 72 48 12 40 69 89 61 38 48 32 53 92 70 14 71 76 25 86 13 2 27 
31 58 59 72 76 58 69 94 23 14 82 64 75 6 92 50 82 87 87 74 40 16 7 10 73 34 91 28 70 20 55 31 99 38 66 24 38 40 33 96 1 46 32 7 84 19 28 79 68 77 68 10 61 21 80 89 76 52 70 30 21 72 15 13 71 19 93 45 84 89 17 23 73 69 18 11 58 38 46 45 31 27 17 40 
38 31 12 72 45 89 70 49 66 15 76 27 19 10 31 45 67 30 91 70 79 21 20 17 25 77 3 100 62 50 18 42 66 71 97 12 99 14 55 21 26 66 20 70 30 68 4 44 14 20 83 93 59 55 65 92 32 32 14 84 90 35 22 6 35 66 5 83 3 96 84 67 78 64 28 66 81 91 27 19 78 51 98 72 
51 27 1 67 54 19 8 37 68 74 35 38 36 67 58 75 42 30 38 50 31 47 2 85 56 17 98 16 95 9 61 47 53 76 88 70 73 43 53 41 36 4 47 65 24 76 19 50 85 56 43 62 83 32 27 89 11 13 55 27 81 70 4 28 74 12 83 34 2 27 37 13 74 81 28 74 97 78 70 35 66 92 39 83 
82 98 24 73 9 22 96 91 77 75 7 54 47 8 67 15 52 97 15 14 7 91 26 66 23 55 54 27 73 25 78 36 74 68 69 82 19 97 60 48 43 9 27 64 7 8 93 69 73 61 93 74 89 71 61 44 58 79 17 99 30 96 64 98 15 18 69 96 85 85 91 5 58 45 10 64 30 66 39 55 72 17 13 22 
43 32 41 94 69 61 10 17 59 20 86 47 42 53 100 42 1 41 47 31 23 68 76 64 37 3 60 81 50 80 100 36 40 100 85 85 20 12 23 8 36 1 100 28 90 59 89 11 92 46 60 4 76 54 23 20 25 17 63 5 63 0 31 60 57 29 100 41 35 100 69 17 82 59 3 2 72 34 94 72 22 40 66 75 
47 23 55 93 71 94 28 84 82 52 53 29 48 41 41 6 52 29 88 95 57 63 51 31 65 93 4 57 7 90 17 86 51 88 62 97 38 47 57 59 44 18 59 85 98 20 83 15 90 33 26 31 46 79 3 82 40 15 61 9 21 46 28 35 27 5 55 74 11 78 60 36 36 48 35 98 7 54 91 78 12 44 8 78 
96 72 57 91 26 9 38 45 19 69 80 61 4 31 46 24 28 31 9 20 43 73 41 82 39 34 29 16 2 7 48 20 48 60 56 59 100 30 19 38 46 27 55 50 65 44 16 32 31 10 54 48 61 64 39 12 32 86 69 75 90 79 50 13 71 86 93 50 32 91 96 99 43 7 79 38 74 80 76 39 76 40 63 22 
21 81 89 29 17 49 37 42 80 46 69 66 53 64 68 53 47 24 50 19 74 52 70 44 68 17 1 67 54 92 44 28 80 97 8 63 47 47 73 66 12 52 100 18 57 99 43 97 45 39 22 29 28 86 13 46 35 60 1 45 21 96 2 23 11 12 73 17 31 49 59 25 17 95 0 0 57 8 74 56 40 68 89 55 
8 48 94 96 31 23 35 28 78 9 79 62 30 4 100 22 34 73 73 84 67 69 67 34 85 85 35 39 93 21 74 54 99 75 93 94 44 93 91 95 94 17 34 95 69 13 52 35 58 67 11 90 62 86 56 87 66 37 71 12 80 21 59 24 67 89 92 35 94 48 65 55 37 66 61 78 68 94 82 6 63 38 19 4 
84 49 74 66 24 19 65 88 89 3 50 50 47 45 46 99 55 82 90 40 88 2 62 41 92 54 30 28 88 86 89 17 51 31 83 38 23 54 86 49 81 90 92 26 84 67 92 20 62 97 76 78 67 76 55 23 36 21 23 14 60 45 51 65 62 71 20 52 28 70 66 41 91 78 66 96 42 14 10 100 68 66 95 92 
20 20 45 40 42 83 89 29 61 21 43 8 49 56 93 13 83 24 83 17 0 59 93 93 74 7 36 32 21 81 73 17 55 55 13 72 78 79 69 42 38 9 75 93 80 6 56 42 56 37 44 51 7 81 47 39 44 45 0 70 15 75 25 74 44 69 76 37 95 73 60 48 38 17 54 6 76 78 88 88 70 66 25 82 
15 24 42 37 55 12 55 44 27 52 75 28 37 68 87 57 32 14 89 91 43 71 94 85 31 44 62 58 66 96 84 26 4 39 62 10 94 11 30 66 26 26 98 48 42 50 95 4 22 27 51 31 43 38 6 37 47 57 30 53 44 6 79 68 21 26 33 50 4 67 21 1 94 82 39 44 2 61 98 49 49 58 26 0 
46 52 82 47 39 4 88 83 86 63 95 12 62 28 1 55 66 90 27 4 54 33 75 19 98 40 12 9 27 27 100 25 77 21 80 0 36 68 100 36 10 57 13 40 13 73 74 84 60 68 73 65 94 99 57 10 89 92 29 54 95 78 4 5 43 24 60 64 64 64 37 76 65 42 30 39 26 74 45 58 52 7 39 63 
5 90 80 87 54 65 25 61 42 1 85 2 25 89 97 9 16 96 78 2 26 65 78 64 39 0 94 1 66 12 24 96 32 53 4 12 45 26 79 29 41 0 89 10 34 65 71 51 11 0 65 78 26 9 71 5 46 66 46 20 24 73 30 31 11 26 13 48 39 83 14 29 73 18 44 80 80 25 58 56 99 15 38 20 
74 18 57 71 64 30 34 7 76 50 59 21 77 100 31 26 58 16 54 80 66 57 22 23 24 76 91 16 28 59 56 97 87 49 71 68 30 72 37 59 69 6 8 50 56 69 51 98 89 87 61 35 11 10 34 4 93 34 27 47 28 90 42 58 76 3 74 63 83 41 86 41 25 79 83 90 50 73 37 39 68 43 85 45 
26 30 39 45 79 18 12 95 43 97 82 46 9 45 55 21 96 40 39 59 64 61 89 20 23 68 64 24 30 0 71 57 38 58 52 76 62 18 37 10 2 5 66 13 12 28 86 44 67 26 86 11 77 84 78 9 21 93 52 25 44 18 94 4 74 61 70 83 28 98 90 57 56 25 89 29 10 11 6 54 82 13 21 49 
83 0 50 36 12 82 38 35 82 52 15 2 59 88 20 82 48 28 86 33 81 36 83 95 1 45 72 15 89 76 18 52 83 0 59 49 64 80 74 53 53 56 33 94 42 57 17 45 85 13 58 57 83 54 77 73 47 53 78 27 24 32 4 5 43 20 54 44 31 79 97 77 77 41 71 66 69 40 0 3 12 2 74 44 
83 60 74 14 93 18 35 51 58 40 12 14 84 69 35 74 66 1 42 100 69 17 1 45 39 62 83 48 2 78 79 81 60 80 46 44 4 56 16 53 52 35 90 92 92 99 65 93 48 58 51 11 2 94 86 34 28 84 7 35 0 82 74 33 61 99 4 91 27 62 39 74 52 30 39 41 12 34 73 78 69 76 22 40 
6 78 26 19 58 94 45 20 42 94 51 10 50 10 62 91 40 100 71 87 89 15 60 27 48 18 10 33 47 32 53 61 82 30 10 65 90 21 58 89 33 46 99 29 99 5 88 48 7 97 64 18 13 67 15 42 30 33 3 41 85 84 48 21 18 90 18 34 21 2 49 87 67 73 60 51 58 89 19 9 29 55 4 31 
30 42 75 82 67 78 13 3 47 38 69 19 73 6 70 79 67 54 36 61 37 42 42 94 78 12 19 1 15 60 37 12 39 3 23 13 88 13 97 90 58 41 32 65 24 88 71 91 32 37 17 92 26 35 19 86 45 17 10 63 2 44 54 42 97 13 62 85 9 99 92 41 30 36 57 33 37 35 40 77 19 43 82 70 
16 55 93 37 91 32 74 100 51 60 46 57 83 2 3 74 89 1 20 88 4 34 48 59 92 29 64 87 84 62 37 57 49 1 79 6 34 0 48 70 9 1 100 13 62 71 45 64 41 66 5 43 75 57 54 25 27 83 9 90 96 57 53 72 72 62 44 55 39 57 5 51 11 73 8 47 64 35 10 5 80 34 71 21 
2 33 50 4 80 95 53 17 21 95 10 91 18 81 76 37 99 59 0 38 30 26 87 91 41 7 41 19 50 90 49 97 83 88 34 89 9 55 50 36 12 40 83 59 93 8 76 41 27 21 85 73 55 26 55 47 65 49 11 71 15 45 80 59 28 52 17 55 63 24 1 65 67 68 47 62 9 35 89 15 31 72 81 52 
48 58 18 54 36 18 49 91 99 20 33 61 43 65 18 66 55 58 4 14 43 39 38 95 58 97 11 17 0 66 7 21 93 29 18 11 33 32 97 63 77 22 61 100 45 90 56 7 11 71 25 99 18 21 63 74 43 40 22 54 8 66 75 40 84 34 26 50 57 77 68 82 81 75 58 77 80 17 64 32 66 31 38 43 
94 39 11 88 28 15 65 19 67 99 11 18 36 1 67 81 75 24 50 5 28 97 98 30 48 75 1 90 19 62 12 66 3 77 9 25 21 74 18 49 50 45 37 84 71 76 87 23 21 98 56 39 89 33 66 22 90 61 29 90 99 38 18 2 33 83 16 97 31 44 98 83 38 80 93 75 50 76 68 93 66 75 68 1 
45 34 43 24 29 33 38 23 19 40 93 32 83 32 38 37 16 55 55 39 19 50 26 65 55 43 89 99 80 5 67 42 28 32 65 6 45 27 3 37 99 25 81 70 28 60 78 42 15 54 56 96 69 6 62 44 48 12 74 97 22 91 84 89 97 78 35 13 90 6 65 23 79 93 25 8 91 96 70 40 43 26 79 66 
24 21 8 94 60 36 79 32 6 37 9 91 66 7 62 80 13 53 48 66 60 14 91 91 14 56 56 30 87 2 20 28 86 2 27 29 65 88 16 59 52 43 7 80 84 86 23 19 68 41 23 39 91 50 90 40 98 60 97 25 52 9 25 32 92 63 60 14 33 25 92 9 63 15 71 45 13 8 22 38 82 10 47 51 
8 35 93 66 78 6 81 7 65 75 13 28 33 24 46 71 80 81 46 35 93 52 80 7 8 63 63 63 90 61 23 9 26 21 21 79 90 42 63 55 49 2 66 34 7 78 70 9 95 16 16 99 7 65 66 76 95 10 93 2 58 86 50 62 15 31 75 19 62 22 18 8 66 74 61 75 38 65 33 67 21 38 85 40 
37 36 14 62 64 86 25 89 9 59 23 71 54 85 66 18 51 38 70 54 9 97 78 76 0 17 85 40 57 66 67 74 58 12 62 8 76 64 41 0 1 19 74 27 45 54 23 66 86 76 81 20 60 1 36 15 25 11 28 36 58 100 7 51 26 76 3 82 86 91 50 78 35 55 38 29 14 12 35 56 75 24 38 4 
18 85 14 47 26 30 28 19 49 67 86 3 94 99 8 97 33 70 54 84 23 91 25 67 52 86 72 88 15 32 6 82 85 45 43 81 94 86 96 45 33 97 76 46 7 81 34 13 33 77 33 92 14 48 68 41 30 81 63 95 92 8 58 69 18 39 23 38 75 23 49 58 57 83 34 80 20 38 94 74 27 50 56 58 
28 69 95 31 43 95 37 59 78 88 72 54 41 60 75 58 78 38 18 75 24 40 87 36 98 52 94 89 23 61 50 41 92 75 77 44 83 60 98 61 27 100 75 79 49 70 94 65 41 62 78 90 36 31 8 53 28 82 98 3 13 1 87 75 6 1 31 82 45 91 70 26 78 58 5 26 25 71 95 55 7 83 30 67 
82 72 48 7 32 45 51 33 76 95 35 65 18 73 30 27 20 8 87 53 43 68 0 19 24 37 49 23 73 69 3 24 8 46 72 78 36 81 86 40 39 91 78 48 14 69 1 64 23 16 23 68 85 16 44 45 80 55 69 45 87 83 55 40 39 67 31 62 27 18 3 100 31 31 52 48 58 57 55 41 65 8 94 70 
68 31 78 63 97 52 85 63 78 99 24 50 38 7 84 35 94 56 80 61 66 68 75 35 65 65 16 44 65 93 69 58 93 44 41 100 13 72 64 37 79 64 35 93 17 71 92 4 86 40 53 88 29 31 84 66 83 9 34 76 4 91 22 69 7 21 98 82 4 12 74 88 62 66 69 97 87 94 64 22 65 84 44 74 
0 52 76 86 38 60 80 42 50 95 25 87 72 37 57 19 9 60 70 5 46 99 41 22 35 21 18 68 67 34 10 32 72 96 48 52 99 27 92 24 22 71 46 46 58 64 39 33 90 10 60 54 75 31 51 100 84 35 27 0 5 34 76 92 36 53 69 65 63 41 6 46 31 35 72 87 15 28 94 26 0 44 94 78 
92 85 5 16 28 89 93 17 71 15 69 68 15 46 62 29 36 74 73 100 84 37 69 97 12 1 94 67 10 84 2 3 86 67 54 74 41 36 26 91 96 40 38 44 42 5 70 25 14 87 5 56 14 79 74 58 85 81 47 68 34 60 21 45 92 75 86 74 56 2 0 32 81 63 79 78 94 97 48 68 70 3 65 91 
97 4 3 52 28 0 53 77 45 35 53 3 17 73 50 5 50 96 80 40 85 35 12 29 57 24 36 85 86 7 29 84 7 87 0 83 28 84 69 56 75 39 36 69 100 42 67 26 26 54 25 70 36 19 32 17 55 37 35 29 40 55 8 60 55 99 38 70 98 86 39 97 28 8 25 46 50 37 78 53 12 54 77 81 
91 50 77 16 75 33 89 94 76 8 2 54 51 23 71 31 26 55 89 83 44 95 31 53 23 63 84 96 86 92 57 5 69 64 40 83 89 38 78 12 72 57 5 69 53 59 3 30 59 46 75 20 93 54 91 85 0 24 92 25 13 70 39 65 49 22 85 63 54 71 27 18 79 24 44 86 70 73 51 0 25 76 28 21 
3 83 17 13 32 84 7 2 10 67 63 33 77 85 58 46 40 15 94 1 100 57 64 73 13 51 71 44 28 42 2 25 94 87 3 97 54 19 55 69 85 29 64 2 35 75 59 75 74 17 6 77 89 15 40 10 89 3 83 19 10 54 24 74 71 49 56 58 42 44 27 16 37 73 82 12 40 71 28 75 89 99 92 44 
39 70 28 36 86 98 98 100 24 41 81 64 6 52 21 89 49 66 38 81 30 97 10 16 27 70 24 76 17 19 25 54 6 83 36 65 90 45 7 55 56 11 17 45 63 49 46 49 55 35 81 65 21 0 57 8 33 4 78 16 74 80 94 60 41 69 6 63 40 89 45 45 30 57 64 94 23 56 31 82 58 72 77 47 
45 38 29 85 70 68 11 7 49 49 91 76 63 93 75 95 66 60 42 20 18 80 19 43 16 93 40 59 58 9 15 48 32 94 41 32 29 35 54 92 80 100 89 44 36 0 44 99 82 56 4 2 13 50 93 85 33 5 5 88 37 51 99 34 81 15 42 80 23 48 11 68 90 72 30 18 87 91 70 14 10 33 64 67 
93 17 98 18 69 44 58 25 73 80 95 65 74 46 98 11 70 79 59 50 7 47 5 79 84 77 71 51 51 46 29 66 53 54 14 25 40 49 12 6 85 97 10 84 22 59 43 60 6 87 76 9 24 16 73 29 50 65 56 97 27 13 34 50 33 62 15 37 58 19 58 100 90 3 9 16 89 61 41 27 38 25 1 94 
51 87 66 67 5 20 7 85 64 36 85 34 57 91 55 25 52 1 68 5 43 6 69 75 11 52 26 51 48 56 43 38 94 69 3 96 41 92 30 20 49 88 83 41 1 44 98 21 26 9 39 9 96 68 97 33 48 82 99 4 14 7 32 83 48 78 68 100 40 79 97 28 67 82 27 88 14 34 41 78 71 72 66 62 
0 3 36 16 86 60 37 87 15 83 17 95 25 93 85 51 95 55 72 2 4 83 88 13 93 96 50 34 15 35 45 40 34 54 34 30 4 21 38 2 28 19 75 77 25 9 23 18 24 44 99 34 82 52 41 80 10 98 54 69 88 42 93 39 70 42 18 68 87 88 7 3 87 81 49 86 85 89 95 28 5 86 37 72 
38 45 63 55 98 63 8 38 19 70 64 78 52 5 3 56 56 44 82 68 94 67 30 95 17 18 70 40 4 34 85 30 84 0 10 22 33 52 19 28 81 21 68 3 31 58 83 20 35 1 78 15 68 87 41 65 52 8 10 94 56 59 65 64 79 1 53 70 34 75 86 7 32 10 71 98 3 37 63 59 15 14 30 52 
86 88 31 5 28 93 70 55 10 49 61 27 9 77 16 38 14 77 86 83 15 46 82 57 19 67 16 24 6 60 96 10 4 20 12 70 2 80 74 85 41 41 8 49 96 56 34 25 42 73 15 10 99 0 37 91 55 3 2 9 28 67 49 14 59 50 97 86 34 81 68 31 7 24 6 24 4 36 15 49 18 81 49 28 
76 81 7 96 87 51 88 37 37 31 57 3 52 67 54 99 81 79 77 49 27 41 42 83 59 90 69 27 31 43 39 26 57 50 38 93 9 14 69 58 82 49 53 11 99 23 21 28 30 100 59 7 28 39 70 20 6 46 32 93 82 25 34 28 50 89 42 81 80 43 97 80 51 90 85 2 52 3 9 85 51 43 0 100 
81 84 13 66 1 37 98 57 76 99 15 39 55 34 3 7 17 60 89 27 44 45 87 94 2 76 73 62 87 84 23 25 18 78 35 98 51 65 66 90 34 37 11 7 91 54 34 0 56 35 96 99 51 6 30 63 61 13 36 2 42 99 77 85 36 100 13 3 33 93 40 7 42 36 6 15 39 89 25 17 79 13 96 96 
62 36 15 85 0 69 4 51 14 32 66 97 22 16 51 95 72 45 96 88 65 94 50 100 70 49 68 33 23 44 84 11 16 19 7 5 77 7 15 58 100 47 7 11 3 15 88 47 39 51 70 3 64 5 19 0 13 59 60 5 33 31 34 39 67 40 34 70 20 56 21 97 32 80 5 41 31 47 86 60 81 97 21 40 
50 37 54 100 54 94 73 93 73 93 4 90 93 85 93 46 8 29 37 16 13 48 92 28 36 45 45 95 68 26 6 27 85 0 41 20 58 23 17 87 36 14 3 73 60 75 19 45 67 62 28 79 59 63 9 73 97 70 38 60 30 92 21 56 29 46 50 28 29 65 61 18 50 72 33 81 75 66 50 4 78 16 60 47 
1 8 91 7 8 46 65 1 29 51 95 40 88 24 69 0 88 67 98 91 85 23 47 98 94 89 37 21 0 44 32 85 97 57 27 33 57 96 66 48 66 74 51 37 23 9 96 28 39 73 8 27 50 54 23 2 69 48 52 0 32 58 91 80 41 90 95 39 14 5 88 0 87 82 49 11 76 77 62 86 16 73 75 31 
23 11 53 53 2 95 9 56 5 61 8 26 86 33 60 21 16 51 11 16 1 68 12 56 86 87 22 19 1 64 4 36 26 99 29 71 56 50 45 60 84 10 79 72 88 89 53 24 65 6 44 98 90 25 70 75 50 33 39 25 73 15 84 60 43 45 44 24 29 65 8 76 5 24 42 80 17 80 42 8 63 68 58 78 
32 0 26 54 93 0 84 67 90 93 32 86 91 17 44 74 2 20 82 66 29 41 22 81 48 22 63 7 93 86 100 77 28 98 51 15 65 50 31 86 28 66 29 67 79 40 26 70 85 59 97 7 17 13 54 39 25 82 70 76 41 10 96 66 11 52 71 75 91 28 27 59 88 58 9 35 2 57 71 25 71 42 86 16 
36 32 8 36 45 61 80 40 61 24 82 94 88 10 85 16 18 37 79 70 70 1 89 67 95 36 59 91 8 7 57 99 40 8 72 34 30 31 74 60 76 20 93 30 87 57 71 73 88 73 15 43 56 5 41 39 46 8 22 55 58 91 47 3 89 23 99 52 26 10 59 93 26 71 27 51 30 66 3 96 66 41 78 77 
32 59 20 90 81 89 40 45 97 50 64 4 78 86 11 68 39 68 46 77 18 68 40 66 36 48 33 44 59 54 58 7 79 77 73 34 11 23 21 76 33 56 53 17 87 79 39 48 7 79 56 36 94 94 86 80 42 68 55 95 21 53 52 15 64 6 73 5 100 19 86 38 20 23 68 29 37 97 55 17 65 18 87 63 
2 76 3 98 62 99 81 40 38 11 45 10 97 0 98 47 34 72 24 46 45 75 17 12 61 76 1 27 67 68 22 65 6 81 78 49 30 60 48 52 24 81 14 57 71 15 70 46 12 73 21 66 54 22 7 8 83 28 17 96 43 61 81 14 63 39 46 100 61 47 61 79 35 80 37 69 91 75 89 85 17 78 55 88 
89 35 24 40 72 7 86 53 51 66 94 76 37 52 77 40 22 67 30 3 55 16 75 51 81 95 96 22 53 17 22 9 4 59 81 18 23 14 57 80 43 29 35 81 70 34 41 88 26 77 25 55 70 49 85 85 74 56 62 96 59 93 64 39 74 22 39 53 6 81 94 13 48 42 27 65 74 17 66 95 92 24 52 37 
80 39 13 92 43 55 78 36 84 23 58 62 97 42 68 89 16 48 35 42 21 65 29 55 64 96 78 27 52 49 29 54 72 22 86 7 68 7 22 75 3 25 5 62 0 58 99 44 98 90 55 86 39 39 90 69 100 12 15 11 86 92 54 26 70 29 9 76 79 70 3 22 94 15 90 7 15 10 88 48 4 28 33 29 
77 87 78 0 6 80 41 68 80 50 17 59 48 10 54 46 99 35 41 70 81 34 91 75 10 96 6 62 14 51 26 97 50 68 56 57 69 40 25 63 22 33 98 53 67 64 94 37 99 64 93 51 2 12 78 91 86 95 64 60 36 39 9 27 93 19 42 3 14 46 39 23 29 88 91 93 17 37 62 30 25 62 6 71 
84 85 91 97 54 65 15 14 19 100 85 31 4 29 58 37 37 60 98 40 67 97 84 20 73 8 90 5 15 21 49 14 81 75 54 56 4 39 20 54 66 13 24 69 70 41 86 55 38 85 90 81 80 50 57 12 22 92 34 15 15 32 62 92 97 99 57 31 37 68 44 80 67 0 0 78 86 81 61 85 44 78 91 97 
10 36 47 70 64 19 72 23 36 43 82 64 61 0 88 96 40 51 64 82 45 4 67 68 97 93 54 13 68 78 46 60 48 52 99 16 23 47 20 14 84 34 83 10 46 66 12 45 100 15 65 90 13 43 79 41 86 38 2 71 81 98 48 45 72 97 94 95 48 4 69 69 18 55 88 79 79 5 50 35 57 65 85 48 
88 62 3 78 24 41 62 23 84 61 47 52 100 74 87 53 56 62 40 45 91 4 9 88 82 74 68 35 22 91 64 34 20 19 69 75 39 13 8 81 43 64 61 24 68 28 56 73 15 8 8 94 15 1 50 71 28 60 77 29 18 0 31 83 81 52 26 12 97 95 20 33 75 42 1 74 41 87 0 28 26 14 90 77 
16 15 31 56 54 30 24 46 90 44 52 47 67 14 46 17 24 97 23 21 7 78 59 20 98 47 96 85 18 92 86 55 100 100 67 48 51 14 30 19 53 80 30 76 43 100 72 28 16 46 36 14 53 50 37 8 15 49 75 41 34 45 54 91 63 17 58 50 29 2 23 59 98 49 31 36 8 80 16 91 65 99 5 7 
35 65 2 17 73 98 23 78 65 57 34 18 41 74 17 10 88 2 71 22 57 45 26 43 47 49 100 18 59 46 54 72 92 12 29 82 89 64 29 62 2 36 33 5 1 89 1 69 16 70 95 97 65 89 26 67 37 87 67 55 9 78 4 95 49 38 62 93 45 30 71 36 79 49 37 39 37 17 9 7 3 29 58 50 
30 87 63 73 63 100 55 81 63 13 32 44 75 24 59 82 17 56 20 73 14 71 100 17 56 29 4 41 59 33 3 28 67 53 44 33 56 91 48 28 58 15 29 28 84 54 56 95 38 39 52 27 93 99 66 88 51 15 45 29 77 96 15 60 4 23 15 40 49 98 31 30 75 55 79 45 35 48 81 97 54 57 92 73 
13 10 0 85 20 93 49 91 67 43 11 50 92 85 90 20 18 73 68 42 12 29 56 36 85 100 12 30 13 7 52 10 28 43 44 91 15 63 91 82 80 43 3 69 25 70 2 1 94 53 54 6 85 25 25 76 62 44 89 17 66 35 99 40 38 80 10 22 43 14 88 55 57 72 88 13 57 0 97 72 19 40 18 59 
69 97 3 72 85 54 95 10 90 52 1 64 54 65 90 60 27 27 53 23 69 0 58 69 46 2 93 42 65 31 39 36 83 90 60 91 93 45 48 30 94 100 11 74 27 13 85 83 56 65 26 62 99 57 77 49 99 86 3 53 39 66 39 19 48 33 8 62 84 52 98 50 49 52 92 31 82 56 96 21 99 85 61 38 
39 92 11 15 51 68 81 23 35 47 98 8 94 82 43 64 44 89 100 6 56 13 14 72 31 43 17 75 58 93 22 55 87 43 51 14 87 70 66 73 67 13 20 78 93 74 98 62 7 70 97 69 24 31 43 74 78 55 11 95 77 1 46 34 78 79 75 66 52 38 76 32 34 3 82 63 85 37 27 37 5 91 41 55 
92 74 4 48 7 82 25 98 83 19 83 84 24 62 100 47 81 7 28 86 79 2 2 53 42 86 84 20 9 52 10 2 10 42 67 6 32 49 60 100 22 45 32 46 36 34 65 12 2 99 8 10 27 98 99 13 45 52 63 36 67 92 26 83 32 94 70 90 78 34 90 90 0 100 78 99 48 84 91 36 64 57 51 0 
38 13 51 32 45 46 40 66 39 46 14 70 30 68 91 94 16 42 29 93 34 5 9 16 62 78 37 68 97 80 42 17 14 34 81 72 94 28 56 98 73 2 37 76 60 64 57 28 88 95 59 0 10 100 96 25 13 40 0 22 7 83 24 66 92 68 78 96 47 76 67 22 94 9 21 66 59 33 44 57 28 48 78 70 
6 58 9 94 37 51 36 23 99 42 88 67 8 67 50 88 100 8 57 16 51 81 59 58 67 45 52 68 53 71 12 40 96 21 73 92 10 83 42 82 50 29 45 77 77 48 87 75 88 100 1 7 45 31 92 53 25 45 47 39 87 21 24 11 15 44 76 30 54 85 24 23 26 48 77 39 93 17 51 13 70 16 53 26 
72 2 34 42 4 81 8 74 91 21 46 33 36 97 17 64 56 73 96 20 53 62 76 42 66 12 49 11 50 71 57 2 46 98 91 42 62 2 1 14 61 65 20 82 35 29 19 86 49 19 3 24 21 70 30 26 98 6 71 80 46 71 77 81 47 95 59 72 66 30 53 39 9 7 59 65 25 92 35 68 62 64 75 92 
37 32 38 77 52 73 36 55 54 49 99 83 63 41 19 0 63 4 58 42 72 67 83 68 77 49 71 81 72 98 80 61 27 0 74 8 90 25 31 12 25 43 45 57 8 80 59 44 98 2 98 63 36 75 65 3 25 28 44 77 90 19 98 3 90 93 27 85 95 83 52 87 49 98 48 42 48 7 9 74 90 89 93 9 
96 40 27 32 58 86 30 53 42 78 60 59 8 5 51 83 30 57 92 61 96 17 40 17 9 95 31 74 52 43 23 41 81 6 20 47 29 0 45 34 73 37 95 83 62 66 65 58 20 18 29 8 59 49 94 44 24 60 45 100 74 32 9 6 52 47 62 46 95 1 78 34 12 46 27 2 28 56 66 49 4 27 82 25 
14 61 56 49 5 6 50 82 2 22 14 1 79 18 4 57 29 13 74 92 66 68 68 85 100 14 92 59 64 99 72 81 21 81 25 53 86 97 33 31 6 10 100 53 1 76 2 20 86 51 61 50 73 25 90 85 24 66 84 22 12 5 97 29 73 46 21 95 13 39 20 0 74 14 9 54 73 84 97 59 16 11 42 55 
