5 -9 -49 -15 -3 3 1 -17 54 -8 48 -56 -45 9 -33 -1 33 31 92 -30 0 58 -41 -3 -40 -47 15 4 31 -6 -64 -18 -14 18 54 -79 43 -56 1 46 12 14 -15 34 -50 40 46 53 66 27 -43 -4 -15 -34 -58 45 -66 52 -40 17 -58 -7 -38 -57 -44 -13 65 17 -12 38 -44 -53 58 14 11 -90 -39 19 11 -17 -6 -96 68 -3 
-55 -30 -14 24 14 62 -49 -48 -41 -76 76 -83 33 -2 51 22 -41 -36 24 34 45 61 15 -71 24 39 -21 80 -4 13 -25 -28 -9 51 -11 -30 12 50 29 -39 64 -15 7 23 3 52 -51 -8 71 -62 58 -22 48 -21 3 -55 -23 -55 0 -48 -30 83 -27 0 -6 40 26 -36 -7 33 -13 8 24 5 -60 -72 28 52 0 -59 0 11 -29 26 
46 28 -21 -46 10 65 4 -39 -17 15 -15 9 -60 69 -26 -75 -75 -24 -20 -67 2 -40 -45 8 72 63 25 -16 8 -60 -55 -17 -24 -42 -15 19 -10 -41 -33 -50 21 -22 -1 51 -10 43 -69 41 34 -12 2 35 -9 -91 -31 22 -52 -18 5 59 15 66 30 36 52 -19 -25 -30 -3 -44 83 76 -60 2 0 -61 29 51 -34 27 42 -51 -35 60 
11 1 -29 1 -6 61 -27 -22 34 -29 35 1 13 -66 -34 -7 2 36 98 -68 -65 -8 38 24 -63 -37 53 45 31 20 31 -31 -53 -15 34 -33 28 -56 -8 29 -49 -55 -45 -43 54 -43 -19 -18 69 45 37 17 -34 -1 31 -5 -37 -86 5 76 54 -18 -9 -1 -38 50 29 16 21 -68 13 51 13 -20 -60 -12 61 57 -32 40 79 26 16 8 
-7 3 78 16 15 -7 -7 -32 -21 71 46 -11 52 -47 -19 1 82 23 18 -74 -70 48 3 -84 -53 -21 44 26 -78 -7 -50 6 87 -24 -4 -29 37 -26 37 17 16 -8 -58 0 -25 -1 43 9 -42 27 5 -6 -67 69 -88 -24 8 -58 -14 -1 14 -94 -14 -25 -67 7 55 -9 6 36 43 17 -6 -39 -23 -9 41 -21 32 -8 57 -3 46 39 
28 5 42 53 58 -37 -90 -75 0 -34 -2 -19 7 9 -29 30 -25 -50 -17 -91 71 49 17 9 13 61 -59 -34 -2 14 -44 16 48 25 -52 24 -3 -67 -35 49 -32 7 29 -31 -55 -73 -47 -24 -17 -12 75 10 78 -20 22 35 30 -58 56 -32 5 -21 -26 -37 4 -18 -27 -15 84 -18 -42 10 20 -25 54 -43 -58 -7 22 75 17 6 -56 29 
7 30 -23 -72 -14 -50 22 -23 -11 31 2 19 25 -50 69 -73 54 1 67 -18 46 -13 -6 75 -91 8 8 49 -2 -44 2 42 -18 42 -63 -94 79 -12 74 10 29 75 -9 -5 71 -26 -2 -28 8 31 30 -35 -3 9 -54 -68 24 -28 -61 16 -11 -12 -42 -46 -25 -94 66 -68 59 -83 66 -45 -9 -11 48 60 -17 10 27 -5 52 -4 -19 -41 
-38 -9 3 85 -11 33 -22 3 -54 -23 61 65 -20 25 5 -52 -67 -63 -36 -89 -26 -49 0 -38 -6 -34 65 -51 -51 -78 44 -8 5 -51 -61 13 -33 -30 -82 2 29 -22 99 -53 3 -44 -30 -26 25 49 -67 -44 11 -57 21 59 -28 12 14 -51 -4 41 -84 -97 -64 -33 36 59 -5 -31 -65 -40 -76 -27 -27 37 22 -70 -57 -59 74 74 -27 -22 
52 58 -9 -58 -18 -21 -43 25 7 45 -98 6 -12 -23 -18 -77 -53 -27 90 -9 -34 38 -19 26 65 40 21 -9 44 -47 48 76 3 6 -15 41 -64 34 11 -2 -36 27 -5 -55 -72 82 -42 -39 -17 8 -82 -23 -73 51 -54 32 -54 -40 -22 -20 24 0 -60 -10 23 -49 82 -46 13 10 -70 -29 31 -44 -28 -19 21 39 6 56 38 42 -23 -1 
7 26 -21 -16 -10 -39 35 16 55 19 -24 -13 59 96 26 -53 7 26 9 51 9 80 0 -70 -10 2 40 -60 24 69 -2 32 -58 -55 -44 45 -9 -92 44 -58 -59 -26 -44 4 32 -24 42 -19 -10 -62 -56 -14 -16 -71 -14 9 -10 -7 -85 32 46 -52 -1 -6 90 48 52 -25 -27 -3 6 40 -38 69 0 -81 5 -84 -20 -8 -48 -4 56 -15 
88 -37 22 55 44 15 26 -11 37 -76 45 -26 -23 29 -28 -86 67 38 -76 49 10 17 82 -27 -20 -61 -66 15 56 39 80 42 -67 -63 6 53 54 55 76 41 48 -46 42 -56 -27 -3 49 -70 25 24 -51 51 54 79 -6 49 -6 37 -43 8 -54 -12 34 72 18 9 -42 0 43 -24 -50 7 28 4 10 13 -23 0 28 13 13 1 -6 27 
-45 -1 22 17 -23 33 31 51 -10 -73 73 49 -20 -19 73 33 34 -4 67 -24 30 7 -71 -17 14 -22 53 -12 11 -72 -38 -41 75 17 22 12 -39 -26 13 53 -50 43 -12 -69 47 -68 7 -6 28 19 -5 -81 -32 -55 33 9 63 -10 -18 -24 -22 17 -60 -62 -19 -31 81 -24 49 25 -16 -65 28 60 -58 -64 -11 -13 19 -16 15 9 -25 -24 
36 -67 -87 61 -50 69 -10 -23 -26 -67 70 -17 6 -33 -61 11 -2 20 54 20 69 -1 19 0 -67 -1 -21 21 15 33 6 5 52 -15 19 -36 16 -59 -27 -26 -57 31 -72 31 3 -6 -23 -16 -52 3 9 5 -32 -12 46 23 5 -35 4 18 72 -59 -38 -65 -43 32 -33 66 -43 17 7 18 52 20 -50 64 43 38 -64 -17 20 28 74 -24 
-8 -36 -21 -23 14 -32 0 19 -12 36 -26 -24 -43 34 -33 63 -41 -46 -49 -18 -53 -2 -96 18 -36 -31 42 -60 45 -27 4 9 15 10 42 27 50 -14 40 -49 -60 -56 18 12 -23 69 -32 29 12 -40 -43 22 45 19 -4 19 4 -3 13 -41 8 -30 -87 -6 5 -45 22 -64 -61 -60 21 -38 -14 9 -56 -19 -2 44 26 28 -32 60 -7 35 
57 90 14 66 -6 -49 38 -8 35 49 -9 48 4 -48 -25 -35 19 62 -29 -31 -11 6 21 36 22 -35 -28 -71 41 7 74 -49 52 30 -7 -1 9 64 2 46 39 -17 -31 -28 -84 -37 12 -19 -2 31 71 67 8 -20 34 -24 26 35 -61 45 -47 26 51 41 -74 2 28 11 -11 53 50 -86 43 32 -49 10 -42 3 -10 35 -2 -6 -38 -42 
8 -28 24 21 2 13 4 -64 47 -44 5 -29 27 22 1 26 -30 -2 -26 31 8 -5 44 -17 -42 -81 -23 16 9 61 0 -34 30 78 41 72 -75 -56 -58 -79 11 -78 42 -10 0 24 76 -72 18 46 37 -96 36 -38 20 -7 -74 -11 -21 -2 -37 -71 -54 30 15 -67 15 28 -63 53 20 -78 52 39 -70 -22 -5 -30 90 13 -62 -37 -17 34 
36 -58 7 78 35 -6 -29 51 50 39 25 -68 0 -30 1 -27 15 -40 72 92 -3 17 -10 21 48 43 -5 -34 -7 41 -75 14 13 19 11 90 21 8 -6 -33 -2 -43 23 18 50 -7 -13 -78 87 -46 -20 -22 38 43 -80 35 -21 -24 38 -52 -26 21 5 18 -10 -70 45 44 0 -3 34 3 4 -12 35 15 7 -44 3 10 -9 -20 0 37 
74 32 15 25 -36 -15 -2 21 -5 -16 74 -7 -86 17 -43 -30 -45 14 7 -75 5 55 18 -8 -39 -38 27 -14 -4 2 -11 6 10 7 56 -5 80 -63 -78 18 10 -62 25 -4 18 5 -62 -41 -33 -49 42 -20 33 -26 23 -64 -22 76 -20 37 57 22 -19 -55 14 42 69 -28 -68 89 54 66 -10 -10 13 -8 6 43 42 27 45 -60 13 -40 
-36 43 -1 9 -62 14 -18 -50 65 29 -18 10 -4 26 24 39 31 -38 8 -36 31 24 32 -50 62 -59 -71 8 -16 68 7 -70 16 67 -35 -18 13 40 -20 -31 -5 27 6 -53 -22 93 31 56 41 -29 2 -51 -2 -1 -57 19 31 -14 -16 -9 -75 44 -57 -1 -56 -7 39 -59 23 -13 23 11 -7 61 -56 -71 7 -82 52 28 -20 43 44 -41 
-60 8 24 93 -18 21 35 -48 18 -6 57 13 22 -23 22 17 -36 -22 3 15 4 19 -9 -43 31 41 19 -8 42 -50 23 11 89 19 37 52 -20 58 67 12 14 -48 -34 26 59 -6 11 -33 -41 -27 -69 -6 -9 0 12 82 57 -42 -8 -16 74 -36 -34 -29 -26 45 50 18 55 -45 14 42 -2 52 -16 62 -29 78 49 -74 -21 -55 7 -12 
-12 -40 40 -32 -75 18 34 87 -3 -44 50 -48 13 33 -47 39 4 8 15 -35 74 -94 -18 -43 6 -34 25 13 15 5 19 -63 41 -13 11 -29 -35 1 7 -17 48 28 67 -66 18 40 -3 14 14 74 61 -13 56 2 -9 -64 -30 0 -76 -6 2 3 2 6 -20 55 -51 6 -54 62 39 -38 33 4 -22 6 -34 -21 -26 83 21 38 86 39 
-34 -55 -50 37 -21 55 58 24 -33 -31 22 -42 -30 44 59 -11 61 -51 72 -77 -79 12 71 9 49 -16 19 -62 -10 38 59 11 50 20 -40 -24 22 6 5 6 -26 -66 53 93 73 -93 9 25 19 5 -21 51 -8 24 -41 -12 35 12 -77 18 -79 59 -42 -20 -56 -10 42 29 5 -8 -27 -2 -12 -66 46 -4 -5 59 3 33 25 30 15 23 
-5 -53 15 -57 -14 -85 -2 -19 19 -11 53 -56 -27 42 63 -8 -19 -47 87 48 21 -21 48 55 7 -39 -10 48 23 32 11 -32 -52 -18 32 -46 55 -16 -54 49 -51 -39 71 33 -16 -49 -1 -33 -20 -20 -10 -68 -6 -58 -86 -27 -44 16 -25 2 -27 -85 -14 -30 -6 -16 7 2 -10 11 17 -93 23 47 1 -5 -30 2 97 -34 30 18 26 -68 
-34 -33 78 -14 20 -29 4 -10 16 -8 22 1 22 10 -48 10 -8 36 -68 -88 10 -47 30 -3 65 -1 -35 -51 -26 -43 25 16 68 -25 0 -45 4 49 29 -16 -75 23 -68 -5 -82 -5 22 16 -9 57 73 42 57 12 -37 -71 41 50 -31 -36 65 8 -46 -19 -25 -47 -32 33 -4 -16 17 -13 -33 41 -48 -54 2 -10 -32 -42 14 -52 19 30 
2 14 53 83 10 37 -33 61 -20 -12 59 -63 21 2 70 -43 -19 24 62 -40 -28 16 50 -31 38 -40 41 -23 2 -53 -25 74 -12 53 -27 12 17 -50 -10 -40 29 -95 16 -12 27 -9 70 33 -66 -46 -16 43 -22 2 46 -24 42 25 -44 -67 5 -3 17 -24 -85 -66 -54 -15 -52 20 -11 -30 35 -59 -2 51 9 22 42 27 60 12 29 -10 
-8 -32 15 10 -2 -70 -66 -87 70 34 -3 -45 56 19 19 6 37 7 -5 78 22 36 -30 -65 -36 -15 1 -41 23 -29 56 72 60 -38 56 24 -26 42 -16 19 24 -55 -71 -23 40 -25 -42 63 45 -12 -27 -11 -19 -22 0 -73 57 19 20 -25 -4 40 -23 9 8 -30 51 -17 11 17 67 -52 17 48 21 77 -45 54 36 -56 -20 30 65 -13 
13 10 19 -55 17 -43 -42 27 -16 76 17 -14 -24 -17 -10 -55 44 8 2 -33 30 35 23 -78 -58 57 4 -29 -4 -23 57 49 0 -12 4 34 52 -79 -7 -47 -49 0 66 -73 6 -56 10 35 46 -29 83 -87 5 38 -5 -64 -77 61 12 17 -9 -24 35 -28 68 55 -15 10 7 85 -5 22 2 2 20 -28 -84 -54 -28 10 10 -34 -32 43 
11 -97 43 -54 -18 51 -35 -22 78 -24 -45 -60 23 62 -77 19 7 -68 36 31 62 -20 73 52 -82 -52 45 -5 9 20 -23 27 55 -62 54 -8 47 8 60 47 -11 -6 -15 93 -29 43 -25 -12 69 -64 55 11 78 48 20 59 35 15 52 -35 -22 -27 -29 -53 -42 -25 -39 9 1 76 63 -9 30 21 -2 17 4 5 -99 -2 4 -53 10 12 
45 20 72 14 16 -68 -37 -42 46 -28 -60 -77 30 37 4 -17 -20 -4 -1 12 56 1 -3 24 -37 58 52 3 -7 66 74 17 -1 14 -18 -45 0 50 -25 -14 50 -31 5 42 49 -1 1 51 -18 -23 41 -12 -10 38 51 -42 10 8 -64 -34 -63 -2 23 -18 57 84 -8 -9 -55 51 -12 4 -37 -26 -32 -40 -29 -60 -19 58 4 -2 -38 -32 
-36 77 -10 -12 -42 6 31 -14 -41 90 7 -10 -25 -56 46 78 -4 65 37 69 47 0 -18 -47 -6 -71 -51 0 -26 -20 30 -19 65 8 -39 -22 77 -7 42 4 -53 1 65 -29 73 -28 43 37 -70 14 44 -51 -37 49 -12 -16 6 -55 -23 40 14 81 -29 -31 3 41 -78 -47 0 -31 1 65 38 65 -23 18 7 82 -23 -3 -16 18 -68 -31 
23 42 -8 35 29 54 -77 -92 -1 -51 51 11 34 -8 -23 78 -20 -11 5 -35 -41 4 -2 62 -4 1 -67 -49 -85 26 -47 -7 -59 -62 21 -17 38 -58 89 -5 -8 25 -27 47 -73 38 40 -4 -43 -26 -77 87 15 -30 10 68 33 -68 -33 -11 -83 -28 -10 19 93 -72 -4 -1 -9 30 -3 -55 -15 -50 47 17 0 -44 14 62 -72 43 38 -5 
-75 -2 73 -61 15 18 19 82 47 8 34 43 60 -69 -32 55 36 -49 -78 3 -81 -40 -10 -2 42 -63 14 4 -10 -14 -10 23 2 -86 58 -93 11 -76 -46 8 -3 -83 67 -71 -35 13 16 16 -11 16 -73 -3 44 -37 31 4 -61 81 -13 31 57 -12 -9 30 39 -30 -29 33 -45 -31 -53 37 -36 51 -82 5 17 25 3 -95 5 -1 65 -73 
-93 -50 -39 -17 3 23 21 10 -1 75 -70 13 9 1 -21 -29 62 -24 -83 12 -60 -58 36 49 -13 -16 9 -30 36 70 -13 40 43 26 -37 14 -18 14 -40 1 -67 2 23 24 24 -8 63 -36 16 -72 73 69 21 4 30 -40 -23 16 -53 39 -64 -13 80 37 -50 -39 -67 24 -4 -44 -38 13 19 56 -12 16 -54 -35 72 -66 -34 2 77 -25 
-34 -32 -50 -30 -31 -28 13 10 29 -42 1 31 -16 -27 -26 59 -32 22 -5 -59 10 -38 -7 36 43 50 -88 -26 -48 58 -21 -74 65 24 -1 -15 -6 -68 24 51 -18 3 11 69 -51 37 35 -59 -50 52 -67 51 -44 -65 41 14 -5 -52 -67 -40 -54 2 65 10 2 -64 -24 11 -11 32 -15 11 -2 -24 -9 35 59 -68 34 -18 47 24 10 -50 
63 9 -46 41 -70 -22 -17 -15 -23 45 -66 -50 27 -62 -8 43 68 0 -25 -29 -32 80 1 18 -38 36 -20 -7 -65 22 -5 -1 -34 59 -43 -67 5 10 -9 -29 15 -51 -24 62 -11 32 57 -27 -5 26 25 -22 46 -32 54 -19 49 45 -33 59 33 34 -45 -23 -33 -1 -76 79 0 43 62 40 32 55 13 71 40 21 18 49 -12 34 4 -46 
29 -62 7 -12 -8 -9 9 11 -49 -37 76 -15 12 -3 -53 15 -6 47 36 -41 -36 -21 -37 46 50 -11 15 27 18 -65 -26 -16 -61 -12 40 -60 -35 2 0 -21 25 -10 29 -1 -18 37 15 -35 -82 2 4 34 1 -19 56 -26 30 -54 -15 13 -53 18 -3 87 66 26 14 -37 78 4 33 15 53 2 -26 1 6 -4 49 -6 -17 -40 -5 28 
-73 2 -85 -4 58 -29 11 1 -1 -48 -10 67 11 -5 -5 -15 -33 -26 38 31 -3 -37 52 54 12 41 15 -13 -2 -71 -10 -58 39 -58 16 -5 10 32 -81 17 -8 -57 -54 -13 30 36 -37 -11 22 31 -70 35 34 37 55 7 -2 -12 33 -25 0 -6 -4 28 -2 55 53 -28 -26 -54 23 -34 -9 -72 -11 -51 -48 -10 -30 -18 9 -66 -1 41 
-33 25 58 -24 49 -11 75 -67 55 -19 -14 -43 12 -49 18 -16 24 80 -54 13 49 -8 56 -53 -77 12 1 7 23 38 -8 -45 -64 -26 -7 21 31 20 49 54 48 -80 -25 -24 -55 12 -21 -88 77 -59 -9 21 -88 42 53 58 26 -85 -7 -9 7 32 28 -34 -44 22 74 -14 56 -78 -10 -50 27 1 -8 28 36 0 -54 67 -58 -52 85 -9 
-60 34 -13 37 31 -13 -1 63 -17 43 -72 20 -8 1 -6 -13 40 38 22 6 -62 10 58 28 -14 -68 -11 -39 40 52 0 4 -7 -27 31 -57 12 -9 6 -77 -28 -70 -7 -38 16 45 -76 12 21 4 74 -54 -28 -88 -43 -64 -36 -42 -58 21 -24 2 -19 3 -29 0 -8 41 16 11 35 0 -20 -34 29 -5 -25 -33 -48 -25 72 -10 0 4 
-4 39 -57 5 8 -5 -57 6 -7 67 38 -57 27 15 -37 86 12 50 -3 14 -60 45 -49 49 11 76 67 82 14 -19 -77 30 65 -53 -17 47 36 7 75 11 -42 11 74 22 -85 12 -61 -63 -16 57 -62 86 -51 42 67 -25 -19 33 36 27 67 -75 15 -16 -2 29 22 -15 -5 -47 -2 21 -15 29 32 79 -29 -61 37 -6 25 -14 19 -32 
-54 -17 88 24 -1 15 17 21 77 62 2 -3 -44 -13 -5 57 78 -18 -73 2 -35 28 -3 -54 50 -16 70 22 -71 47 -41 -4 52 -1 64 -31 75 -13 -2 -22 26 86 -19 37 22 60 63 60 -25 21 58 77 -44 24 -87 -30 -29 40 24 -59 -85 -48 66 65 -66 -38 20 65 20 -1 -25 -65 23 53 -88 23 25 -15 36 17 -2 -5 -47 60 
38 -22 24 -85 -26 -28 27 -14 -13 38 3 14 -22 12 -28 -19 -28 -11 15 -37 32 52 -59 -24 16 -22 -42 -50 6 15 -42 4 -32 41 57 -4 -32 73 16 -20 -58 2 49 -8 14 60 -81 22 18 -7 -75 32 23 -11 23 -46 68 -13 52 41 87 1 11 -48 -5 3 20 35 -22 -22 -59 94 -55 22 31 -14 -19 31 23 34 54 -63 9 13 
43 -47 38 -31 63 -22 23 31 35 91 -66 12 30 2 18 26 89 40 -19 7 -31 7 8 -8 50 30 -53 -39 28 69 32 43 41 25 -47 76 -21 29 10 -4 -11 -6 -43 6 -2 7 48 3 85 -48 15 31 -35 -7 -3 45 27 -30 0 -10 -56 9 17 -21 1 13 -1 81 -28 -86 51 47 -28 32 -27 50 44 75 41 -13 30 27 41 20 
-70 17 5 36 -39 43 61 -18 -18 76 8 45 -5 32 47 -79 -59 -27 40 -55 45 10 36 -75 10 -17 -79 61 37 27 -73 -24 -11 68 28 -19 9 -29 12 -58 11 65 7 10 8 -23 22 -9 0 -43 -30 -30 24 11 30 91 38 4 0 -6 -85 9 -22 35 36 11 64 10 -9 -26 -59 -20 -65 -53 2 14 -55 -12 34 -26 -38 23 31 54 
9 37 -31 -76 -69 21 27 -51 71 -45 8 63 -33 6 -13 -14 26 -2 28 24 77 -62 15 93 9 -32 35 52 -80 13 -63 -79 65 -6 38 -3 1 14 12 36 42 20 -39 -47 17 -56 -19 -72 -33 1 -32 55 -68 45 -11 -29 54 -5 1 55 30 -38 7 -43 72 51 41 -10 31 -81 -31 -38 5 -7 76 -22 9 41 -42 46 -30 -55 -33 44 
57 -29 -77 17 -56 -44 10 15 37 -17 -25 -34 -63 -13 -7 -56 -32 15 63 36 28 13 -6 1 30 -28 -15 21 85 -80 27 -11 -69 27 -16 14 -22 62 39 37 -9 -24 -52 -2 99 13 34 -30 -9 -27 -68 7 -1 -30 30 -45 28 -49 32 -17 19 46 -55 -32 -38 87 -8 45 81 25 -28 37 -26 -4 -32 -18 11 -50 46 -45 -41 -21 -10 28 
9 31 73 -47 52 -56 8 -6 52 -30 -81 30 -37 7 40 22 -71 28 13 -6 -13 74 28 -27 14 33 54 92 7 69 18 -40 -10 -18 1 23 34 -60 68 -73 38 -15 -29 -25 8 -39 -51 18 48 -43 -22 -15 28 -44 40 80 -61 22 8 4 -66 -28 -9 44 18 -22 9 42 -6 67 14 2 -20 -38 0 80 -2 10 -45 -63 -18 69 -51 -23 
-33 46 -17 -39 -10 -14 -68 -14 -34 65 -33 -50 -17 55 -25 13 -9 11 65 -49 53 1 28 16 -73 38 -28 -3 13 31 -9 -57 72 9 -86 33 -1 -13 -1 -23 9 -48 48 -80 34 49 10 73 -7 -2 4 37 -2 -26 4 -25 66 -72 45 -46 -72 11 -33 39 0 41 54 -25 3 -39 -31 -31 29 54 41 -27 10 -23 -67 -20 5 35 2 29 
8 -14 22 12 18 63 12 21 11 -12 55 56 -80 29 -48 35 -8 -26 -3 12 -50 33 -75 -74 4 13 -68 75 9 -53 -11 18 -71 -15 -31 -26 63 -46 -10 -19 -20 -43 16 7 17 47 43 -17 -44 -44 19 40 -67 -68 9 -16 -30 -82 73 -68 64 49 68 37 -28 -26 -71 39 16 39 38 -11 -55 33 50 61 20 36 12 60 4 -7 14 47 
-48 8 -17 55 64 8 -65 -51 -1 -38 53 1 -35 59 -15 -1 49 27 -34 -9 -76 64 -54 20 -52 1 2 -24 -10 -55 -26 -39 -47 3 -2 10 9 6 0 48 71 16 41 25 3 -57 5 52 58 -41 -64 -58 -26 37 69 3 0 -56 -80 75 -37 14 58 -20 -17 -12 -55 -13 -50 48 -37 54 77 65 -52 -10 55 54 -3 -47 -51 -18 36 0 
10 -57 7 -41 -20 10 -29 -52 62 77 85 65 49 -37 60 3 -9 8 33 33 -71 29 -77 41 10 1 -12 -16 -14 11 21 49 -40 -21 -59 -39 34 -50 -47 -21 43 81 -58 2 -74 18 31 -33 -15 44 42 -29 -7 -23 15 -1 -39 12 -25 37 -1 2 -4 3 -19 14 -75 10 -26 -47 42 4 2 -97 -71 -78 -8 -8 -18 -50 -23 -6 -7 40 
32 11 -6 -3 -91 -59 -50 18 -5 -39 27 -10 42 81 -30 -27 -32 -31 56 -20 -9 -61 -26 14 -82 16 13 -16 1 4 26 34 42 31 -3 40 -30 1 -61 -67 -32 72 14 17 1 -3 52 -74 -23 -14 -13 -43 61 15 60 -25 -3 58 74 -26 -47 2 14 3 28 -1 -22 19 -5 2 69 -10 -15 16 -66 44 -44 -62 24 37 42 20 28 28 
-40 -85 -7 -49 31 24 -38 33 -44 -9 -80 27 2 83 -6 13 40 -32 48 0 -9 83 72 -40 27 35 -21 -43 -79 -56 -16 -33 29 -40 -54 -3 -56 18 -42 -36 -58 -6 22 44 -7 -47 -45 -75 19 15 90 -18 56 6 -36 2 -20 76 42 -3 12 -44 37 -16 45 -37 -24 -24 69 35 7 -87 1 27 -11 66 -13 85 33 1 -69 52 -24 0 
-20 -43 -6 -30 89 62 1 4 11 38 32 60 1 -86 -88 -18 44 -18 28 49 62 50 16 28 -1 -64 -12 -43 -88 0 12 -5 39 -46 -77 10 -36 24 0 -61 56 -24 36 -55 -28 32 66 11 26 -57 35 -28 38 86 29 30 -32 -7 -89 46 29 21 2 56 40 -11 -12 34 12 63 39 -34 -41 -87 -9 82 -31 19 24 -33 1 -64 -51 -20 
19 7 -25 -62 -39 25 -26 18 -32 -2 13 -30 -37 20 -5 27 -28 -20 82 16 -29 6 53 38 -19 18 4 -62 -79 -16 86 -45 -8 -47 -81 58 -12 22 -4 -6 -8 -14 -55 21 61 55 -38 -30 8 72 12 -38 0 -80 11 68 15 -96 -63 -74 -45 50 15 13 -38 -42 18 46 -50 19 62 15 4 -53 -2 -6 -29 -28 -41 -18 -63 43 -4 -61 
30 42 -11 35 87 -14 27 -33 -41 -57 56 -33 47 41 49 74 56 48 13 -37 -44 -11 31 31 33 -10 31 -59 -11 7 20 6 9 36 16 41 -15 -45 -9 49 -9 -31 27 -60 87 -14 -15 -64 -69 71 48 -40 -39 -53 12 -5 -42 -48 -1 89 -17 -72 -31 -6 39 28 30 25 58 -53 15 25 8 60 36 -18 -14 -38 -70 -8 22 3 -49 4 
-17 82 -67 65 -15 -10 47 -12 60 55 -7 -42 42 34 -66 -52 -67 2 53 -44 -40 -46 69 81 -34 50 30 5 13 -16 -51 -37 -82 67 0 73 -1 5 -23 60 -49 13 -68 -60 20 42 1 -32 -10 -45 20 83 -1 -59 5 -24 1 -18 21 -26 -21 26 -18 0 14 95 -52 -36 32 81 -40 -85 -5 -47 -79 -42 -60 84 -68 15 -3 -56 16 13 
53 -17 -81 13 -90 69 -46 -15 -8 6 -1 84 -74 -32 -9 50 -8 -34 25 22 -6 26 -3 96 64 -33 68 -56 -14 -16 66 -3 -13 18 -62 0 59 -27 -80 56 90 -37 -60 4 -22 -2 8 -1 -12 18 -6 -87 28 -65 -34 -4 -43 23 60 -52 -52 -40 -24 -16 -7 -27 -28 38 -20 17 -38 33 -34 9 -65 33 -68 -47 40 26 31 10 -9 -53 
32 -1 -3 70 24 66 59 2 12 31 4 6 -4 69 14 25 -68 -30 -27 -53 9 -28 78 7 12 44 21 71 -32 17 -49 -68 53 -91 8 -74 -38 -26 -74 -10 -46 -1 -11 53 -16 65 -61 8 -19 -31 13 -9 -9 28 -53 24 23 3 15 4 -62 91 -72 -35 5 43 -17 -62 -59 -16 9 -56 -29 48 -16 27 74 3 -12 -55 41 -33 1 -49 
-9 -40 47 -12 -57 28 6 1 -16 24 75 1 63 -31 14 -6 1 -30 33 67 65 16 44 13 42 21 24 -38 0 1 -32 -2 33 -5 -1 -45 -17 74 51 38 -32 -4 29 -40 11 -41 66 10 32 -13 -84 -29 5 -42 9 -75 55 -24 -40 -20 -28 -30 77 28 -34 8 21 -10 11 3 49 -45 85 1 -26 -55 59 45 -33 58 -24 -14 -21 -26 
-67 -65 6 -22 -44 37 -68 10 -3 -26 -62 -13 1 -20 42 -27 2 -36 -24 13 -20 29 4 -41 79 22 -20 -24 -78 33 -47 -11 -5 90 -43 -22 12 8 -49 36 18 1 71 52 57 57 45 -24 36 -82 -4 38 7 -73 33 -15 -33 23 29 15 -4 6 -7 43 13 -7 -4 -69 2 0 -88 -18 -62 -24 -28 74 -81 9 27 -48 12 -4 53 13 
-15 -82 -43 47 63 -28 71 51 41 46 -5 62 -6 -33 22 18 -90 18 47 5 24 -7 22 22 8 -17 35 5 65 19 75 67 -32 27 -46 -39 -5 -48 -35 60 11 -29 -21 56 73 29 3 -25 59 -31 34 -53 -63 11 -15 1 -5 -17 31 14 37 -81 38 32 -87 -41 15 -13 49 5 -11 -29 30 11 -22 30 -26 30 47 -43 18 15 12 -75 
-17 15 -20 -53 -47 -11 -8 33 -1 -23 63 56 52 -3 78 -16 -52 17 45 13 7 -59 62 40 94 13 4 31 -1 -56 40 59 27 -43 57 32 -66 1 0 60 -20 -45 -3 10 50 19 -12 11 -4 54 -21 -12 -39 -73 -28 -49 7 -10 -60 -34 49 78 -16 -63 45 -33 36 15 -62 -81 32 54 -15 14 0 -48 -36 64 -75 9 45 14 57 49 
-20 49 10 28 25 80 26 -29 34 47 17 -48 5 48 -43 35 25 35 7 -23 0 58 -49 44 -12 -20 29 -9 31 40 14 -18 46 -18 46 -45 -38 -49 -70 16 10 11 31 5 81 63 -54 -22 -13 -10 6 -29 74 82 63 45 25 -21 10 53 -59 -1 -19 -83 50 -61 22 -22 89 -59 1 -12 8 -54 2 11 -40 22 -22 -59 -17 -63 -13 7 
-27 -21 -59 -1 -31 77 3 3 30 -66 5 -15 50 -23 67 -43 -43 41 -61 -3 -43 42 -36 -60 60 73 -39 6 30 40 8 0 -48 0 11 18 -13 15 7 -46 -69 44 -29 1 23 -84 -7 -44 -16 64 -63 41 -27 -13 -16 -66 12 -50 -81 44 -14 17 -11 -1 52 -8 32 11 41 -15 24 2 -53 23 13 10 49 47 77 -1 -19 19 12 45 
81 -63 22 5 34 -5 42 35 18 -30 24 10 -10 27 15 -58 15 -16 -25 -22 -16 -55 34 34 4 51 5 -52 30 -37 -44 -45 -9 55 37 -72 -46 -46 -3 -15 -57 18 25 41 37 5 38 4 -43 55 -22 1 30 19 -9 84 66 -6 37 30 33 83 55 -27 3 15 -22 10 -91 47 14 -13 -23 -50 -55 -11 29 2 63 21 54 -10 41 -50 
70 -11 -63 42 -29 23 20 -19 34 -25 -41 -11 42 -46 -5 88 14 -32 -50 35 13 -15 -21 -4 -5 14 29 -39 -24 -20 -18 -37 9 -40 -13 -73 56 -40 -44 50 -38 -58 -57 -1 -33 -17 32 -43 68 -6 34 60 11 -16 38 19 65 -23 6 -45 19 74 52 3 -5 -40 -55 52 -3 58 -51 -46 12 -1 48 -83 -45 -16 69 -24 -80 6 -4 -48 
-4 56 17 -100 -54 74 -20 -11 45 -37 -77 10 -31 -84 39 1 30 -46 -39 -7 8 -9 28 40 -55 94 -21 -9 -21 40 -67 36 36 39 20 55 -3 8 -40 25 -65 13 2 -10 -4 29 3 -18 25 45 75 -44 -54 10 3 39 39 91 -11 40 -60 -10 4 -23 75 11 13 -55 -58 32 -60 -17 18 80 24 91 -44 -3 12 14 -17 19 -44 -13 
63 1 13 90 10 1 -14 11 -76 50 24 -2 4 -54 42 -19 -19 -34 92 -57 -9 11 33 -4 -3 -17 50 -48 -2 9 17 -29 8 21 3 -6 -21 19 -67 0 47 -5 -38 9 50 -37 76 46 -14 13 72 33 14 -6 -19 3 -29 26 -47 -51 -44 19 47 72 90 41 11 -56 -28 25 27 6 -7 -84 -9 47 74 50 55 82 -26 73 64 -1 
-48 -7 -28 64 -18 -38 58 -62 -13 21 23 26 31 -73 63 48 -17 20 27 46 -46 -60 23 9 50 67 -30 -23 43 -12 -11 19 -20 22 90 -32 -37 -38 -61 -3 25 -27 70 8 -19 32 7 -37 52 -33 51 43 1 -33 -17 -49 1 -12 -63 12 21 2 9 0 56 15 31 5 -49 3 66 61 -16 19 1 -13 -18 3 22 22 20 19 23 10 
6 -3 -15 8 -73 -32 19 -52 30 -6 -37 -26 45 -6 2 12 -3 -26 -37 27 75 -46 -60 52 64 1 23 -3 -20 11 -30 -23 -20 -36 60 -5 -13 -3 2 69 11 22 15 -20 29 -16 -18 58 -59 -24 -41 22 -12 -49 -17 49 11 -33 41 -26 -63 -58 -51 20 52 49 19 -54 1 75 -42 11 21 -49 0 59 -39 0 -8 -33 2 -85 31 -4 
-70 -1 -19 17 -27 -28 -19 33 -5 31 -40 -28 22 -71 -12 -4 -36 23 -62 -33 -79 75 16 -57 42 -27 90 81 -67 41 48 36 43 88 -7 26 -39 -60 6 -73 -13 18 17 34 -35 10 55 -16 -3 44 -28 -77 -24 8 -32 -75 -2 -10 23 -10 33 42 52 65 37 -47 40 -9 -29 -53 -18 5 48 -20 -18 0 -83 55 -50 43 54 57 -27 -11 
-58 16 -15 -75 22 94 -11 52 33 40 -37 -26 -58 12 15 -11 86 -48 -24 -37 -18 -26 16 38 12 41 8 4 -7 -41 36 48 67 -47 -68 63 14 -27 -27 -22 -54 17 -9 -52 -8 79 -28 -31 6 18 91 52 20 56 20 47 8 44 3 45 -62 -11 -21 42 34 -43 32 85 43 -38 28 -47 52 23 -25 2 -43 -83 -61 -3 -51 -64 17 -39 
-43 -6 15 36 59 26 47 18 41 -54 23 30 -21 -56 44 78 6 25 9 -4 5 -22 76 -40 -28 -31 -77 -59 29 -8 -97 -23 52 -9 -21 -9 31 35 -34 -59 20 -30 2 -31 52 6 -10 73 -27 -61 -39 27 -1 93 53 71 -16 11 -4 -31 21 81 -52 -8 -9 -42 -84 14 -18 72 -43 -29 -13 55 30 6 -40 -48 48 37 -10 -17 -7 -22 
-76 5 -36 11 -38 83 -51 41 -17 -54 -83 18 -5 33 55 -43 -38 38 -8 -37 -39 -34 31 -61 15 87 -78 -18 -71 -76 -33 -48 -28 -48 -21 79 -69 24 79 26 62 -46 -2 -6 -52 55 -9 -50 52 1 19 -21 59 -8 -72 21 14 37 18 -44 65 -59 14 -27 -40 49 -40 -54 -42 -23 32 28 35 17 32 -85 -37 -65 73 65 -64 -34 -31 -37 
68 11 -95 31 35 -41 39 -43 36 9 -2 48 -9 7 41 -25 8 -12 33 -61 11 0 23 12 -54 -9 70 13 1 -52 -1 -24 55 20 1 75 41 -31 41 -61 48 1 -40 57 16 -56 51 17 49 60 -10 46 59 -16 -15 -30 80 17 2 -9 -48 44 1 7 -19 -49 -8 -15 7 51 50 -8 32 -9 -6 2 56 34 95 8 34 6 50 37 
-43 13 -76 -13 17 26 -19 -63 32 -20 93 -29 16 -4 -19 46 -39 7 43 -42 -44 -10 -52 11 -9 34 -37 38 -36 61 -8 -41 85 38 42 -77 80 28 3 65 33 -52 15 52 84 7 11 53 1 17 18 -9 -39 -20 21 -12 8 53 -3 37 58 -98 -51 21 10 -10 0 59 10 -34 13 5 -25 -63 81 28 -8 -24 -64 -56 -78 36 -59 4 
79 46 -33 38 -91 -2 -43 3 -1 -12 20 30 -42 -12 83 -52 69 -60 -59 23 13 -16 -71 -16 3 -13 6 -20 -7 -34 10 -71 -13 10 45 -75 -35 -3 33 48 -42 -44 -68 2 -31 -45 15 -57 -67 82 -55 -76 -20 83 41 8 -35 -25 -30 10 42 48 17 62 -18 65 28 49 39 -26 74 17 -16 57 -14 83 -47 25 72 -57 -2 -18 24 -57 
-59 -47 50 -41 -42 -35 36 40 -15 39 -3 -7 -31 -9 6 80 -35 4 -52 85 -48 -36 -12 1 21 -9 14 -22 14 23 -52 -48 6 25 38 -3 39 -16 50 6 -2 -26 -55 -4 -24 -3 11 -14 8 26 56 -66 -27 80 0 1 -3 -49 -49 -3 -50 62 -52 28 63 36 55 67 20 68 -3 -32 74 -17 -20 43 -8 -60 -32 -6 -3 -26 78 60 
-13 49 -86 65 -24 -7 -54 12 4 42 73 0 -30 -20 -36 88 53 -30 4 -52 0 -9 44 46 29 -34 40 53 -6 42 -19 -18 62 -2 49 68 -57 8 -49 5 -16 26 -34 39 65 -45 38 21 6 16 -68 -60 -14 25 65 -35 16 -49 -10 33 57 -38 -49 8 -30 -9 -5 23 21 31 -27 -69 -71 8 53 -4 46 -77 18 -83 -30 -57 -35 -62 
-11 -46 -34 4 -62 55 -81 25 38 19 43 -14 13 71 -10 2 35 -22 45 -17 -5 -8 52 5 22 5 -13 -57 2 42 -43 -31 37 1 29 -41 55 -65 -38 -18 4 9 17 30 -16 21 -13 31 -21 16 -80 -73 -36 42 -52 -47 94 -71 57 57 -20 57 52 -17 -23 40 43 -19 -32 -48 17 -22 -47 -86 -31 27 -3 54 20 32 37 5 49 60 
13 12 4 56 -5 6 -56 33 -38 -15 8 -5 2 -34 -24 -79 53 -69 -9 17 35 63 36 27 7 -39 8 -18 10 15 -12 30 -24 -93 54 -57 -4 20 -42 7 -12 12 -8 12 -28 73 9 -25 32 -31 39 -29 -59 62 15 -29 12 8 -4 -12 19 -78 6 -69 78 -5 2 3 73 27 31 -12 -51 37 22 -16 -16 -21 -23 26 81 79 39 -58 
31 17 9 12 32 70 7 9 -44 42 -7 -15 -11 -49 -19 66 -64 50 46 6 63 7 4 13 -1 73 0 -23 -23 -57 -61 -16 45 -65 -19 34 -28 -69 0 -30 23 24 36 78 48 -16 57 -6 -61 -43 -21 -67 1 31 31 -4 13 -6 40 58 41 26 -12 -86 -18 -49 16 15 59 -67 1 -10 -51 26 -25 -50 -56 -22 -11 24 -76 -34 77 -15 
-31 13 -30 -20 -27 -94 44 6 -96 -58 -17 -58 24 -20 -85 -18 -49 -23 20 58 3 67 -9 48 2 -47 22 15 62 17 33 -15 -9 17 -65 35 45 40 -28 -53 -61 -64 34 53 -96 4 -50 -22 -4 45 42 -31 65 -35 58 85 -11 33 45 -60 -36 -58 15 26 49 -32 -33 81 -69 -56 -55 -27 30 -84 -74 51 22 69 51 10 -66 -12 27 -31 
