194357 190492 186627 156618 192883 201708 207922 180493 186970 179052 224410 198133 201297 202627 194081 164710 190131 217211 202588 187090 205658 202276 215136 192263 192177 183501 185830 182589 183840 200960 190681 201205 203255 144236 201148 185009 198431 221357 180790 212477 196195 153357 200351 186290 214995 205096 186243 219124 215738 180736 204231 177863 203491 202987 208265 194663 197984 210092 194736 184830 163134 201903 184999 196885 193378 182246 178872 216981 206215 170459 195750 208408 189079 221538 208880 181096 195102 191843 184685 198497 224509 189259 180480 198981 198875 
233922 191990 209034 181477 197967 221459 216370 217329 204563 214402 234579 205853 219537 228092 202225 202288 195964 226193 221183 195694 209468 235787 233525 217037 223983 203467 211652 212438 197571 220989 217314 234566 213110 184065 229647 208625 223385 233899 180478 209488 222037 184113 210284 205032 248246 221980 201326 230353 230073 203853 208346 198158 220297 220344 236231 208100 221285 235254 237686 214914 196367 224489 213370 216838 209073 195800 190619 239239 232069 191493 217459 221206 210127 232989 217249 191055 200418 212103 197042 232078 244287 223514 194764 208261 210950 
218934 198115 211324 182244 208523 219126 217032 216163 201756 227674 239466 225182 226882 230460 209739 201028 226726 221608 206959 216112 220428 217142 229443 191803 224530 194623 197061 211654 213427 235131 211465 229480 232612 169948 238938 208907 223498 233679 181149 234421 210106 183341 219031 200954 232329 226498 202361 248736 238616 217358 228691 176351 217979 228372 222815 208962 223567 227445 231545 189889 204191 225572 215026 212711 208423 186817 195761 233883 200948 215906 218361 228666 218112 236848 228110 191431 220547 225885 192651 222450 234774 211788 194285 214246 214389 
214617 190390 208540 186953 200372 211628 226566 185259 215374 220112 250698 222890 218540 207340 198082 185496 214206 233637 215410 212412 220126 226893 248410 204497 225916 201242 209852 210886 211260 214467 204693 213567 218194 177504 226438 224720 202338 237795 194933 222527 213718 181313 201282 209786 236837 226357 193416 230239 218029 193337 229168 205010 221538 233754 220407 214388 226580 219441 227356 213582 205387 196485 208976 227763 210726 199619 187561 228094 215236 194661 213041 227847 228696 236655 239869 177502 199152 207218 179337 230737 232862 229551 179597 224877 215860 
175117 177027 176351 178417 200083 210739 204604 186537 190534 185306 225079 210402 196020 194939 187216 187687 188196 216607 198428 205180 201599 194894 215763 192784 201793 185522 184881 182630 203792 195110 209167 213061 195833 166538 213958 197892 208365 223334 182712 204541 215404 174625 192540 184497 221861 189803 182007 208931 195718 180052 188657 179722 199379 186005 192926 185854 197866 203528 208797 187782 183696 185705 164977 205683 204790 174557 172995 215680 204572 176275 191697 200359 197394 188746 201736 160444 179496 180897 176370 191727 215137 200368 183819 169961 190300 
211141 205012 204369 196505 223159 232724 228927 209374 225702 210761 250898 228494 221834 236310 223816 203314 225502 251398 230616 220370 231670 242125 231672 221421 234669 215430 201422 224481 233915 233829 215891 232711 233956 194825 253875 232182 226321 245021 189081 234154 226979 199309 211859 214945 232851 225375 236724 251618 235377 228261 232696 190553 246455 232062 221311 209788 221405 240359 237575 214819 214604 201081 213771 230143 222399 206216 201095 249521 222126 221858 223747 235607 220797 240239 237664 191465 212467 228761 193363 237547 242639 237935 203297 217133 215764 
202036 186616 185471 171796 200859 206621 220620 196324 206998 205010 255471 216378 215633 194850 181992 187716 200204 224603 217248 212657 209202 221384 232025 187873 214341 195381 182647 201500 212730 221861 204885 202915 211641 171408 217429 206544 212991 238518 178559 194363 212724 186650 205629 216137 226334 214828 184584 228851 221103 200962 204423 169901 213638 221058 219172 198830 191793 227150 215330 209066 183642 190891 196640 206867 210132 194373 169686 216436 208028 189030 211574 220484 205496 227449 219557 171535 197078 222827 179259 221068 212924 213622 196360 203090 194476 
213061 184277 201315 187978 191099 212975 209412 203384 202300 184686 232894 218677 237321 205482 212170 193070 220096 229399 213205 216336 214052 217470 230257 196325 220405 181839 191046 212133 217759 226758 213242 224607 207145 180074 228510 197184 220294 224090 188875 212807 207588 175926 208117 213797 248112 231658 201825 242013 224593 204673 232192 177687 218746 223607 228944 191998 212432 227188 242031 211321 201883 207737 193327 211181 224723 207830 193627 220555 211032 191802 223392 227113 205628 215122 227816 163306 202858 203037 184153 220596 234391 228608 188140 199214 225709 
207273 200951 225343 200098 215344 227263 232429 200257 223608 201928 246513 226751 224857 226958 213503 199654 211205 235245 228054 225497 238992 249574 246270 217760 228971 228669 222983 209860 205767 223852 211322 223010 226137 195575 240771 223479 216156 244042 192046 221766 230269 180072 213581 201373 227971 220178 199980 241170 223569 213165 227555 198093 223365 225050 215719 210631 230077 233907 240724 203159 202885 211083 219008 225807 230750 202598 204992 241747 230269 210965 215119 217546 214871 241639 242793 202583 208152 222484 196910 230677 236246 231007 198351 203041 227762 
211521 196439 216886 205642 213023 233565 223991 184707 210414 208734 245284 226068 229482 217877 222489 191584 224473 248526 229582 226017 235532 229841 235808 205641 222885 213406 215741 207911 207341 222479 212828 225071 219847 185619 233551 224108 226329 230491 182517 227378 232155 191831 212628 207393 229926 215198 198374 256112 232011 215417 225499 203126 213842 224489 219299 211999 225924 220836 248860 202440 213306 214632 199987 227410 207811 213804 199546 238153 217071 225156 211942 236324 223102 217701 237153 180357 214218 218709 200184 236941 237808 243075 200295 229645 220006 
205145 207823 190846 176397 208770 229003 210748 200857 208346 212499 253521 222680 224895 202369 202993 182132 206763 238322 206344 214442 218000 215989 245250 209827 212271 187820 203029 204382 209256 217205 211755 215935 207217 180484 233618 208100 223563 240186 190123 217099 214054 178473 192071 198146 236840 214329 183145 243393 223101 203252 203054 211407 211354 224960 223678 198281 208559 231306 235504 194786 197808 221065 196263 208150 204140 199653 184432 214887 214717 191401 197083 217351 217154 237839 229981 189463 211074 202694 189469 233503 215221 224529 197497 203324 204472 
203728 183591 190666 163387 181513 204079 211391 191453 192937 186356 231666 199327 204575 209332 192515 160514 203836 225035 211929 208306 196689 188846 219919 190930 205899 178994 182872 197474 185389 214469 189661 196905 203137 148930 209891 180756 205623 214435 165679 212132 198627 178230 205057 197017 216567 212482 190445 231680 227720 189818 219342 173245 211827 213254 200417 189968 204112 222391 212470 196512 184418 201543 183207 196266 197258 196811 164763 225623 200357 180516 204270 215327 179077 214978 206442 183632 194181 201477 179077 213244 223907 206324 168583 192854 198869 
201869 191998 203383 190647 210510 228407 221892 197892 212102 219254 241333 228841 221252 206704 209357 207118 216573 239220 228145 211091 214921 212870 233408 206058 216250 194287 203884 210222 222223 226956 194076 217103 227279 172546 226744 216146 228975 231584 181225 228163 231957 186479 214580 211712 226794 227098 205705 243613 214056 205708 219645 175638 200187 224144 234057 210322 217887 214262 226815 211289 190794 215171 209600 218137 201424 204926 190819 224360 215984 201004 217221 219602 205583 221404 223325 184654 217464 200264 187293 221230 221756 213641 191873 217847 214839 
197894 191960 176823 184781 199389 211186 189537 187106 200011 191785 231915 183044 204761 207191 190638 163198 194456 211858 209053 183127 186217 205474 227023 196339 206913 197149 188667 202545 202868 204326 196960 220749 193096 158900 219939 196906 187195 222753 175329 207447 198970 174517 206938 188191 224070 183712 177048 221495 209084 192586 199660 183704 201406 209109 218391 190311 200496 214394 214513 180380 190216 212669 183935 189115 195634 170545 177987 216883 193632 180822 188474 210887 213251 212210 224999 169182 187128 191071 184114 219196 198209 213916 183684 182944 193040 
182872 194538 174910 167657 193815 200702 203761 174120 196631 187219 220755 215899 201027 190605 191297 183699 193982 216046 205887 196363 199791 217132 212400 192741 198338 188060 169566 179352 185997 210711 183925 186064 189718 169229 190548 197850 194222 216012 173346 196925 207589 180586 188634 178289 205170 196627 178022 228526 209715 186409 181350 175002 206096 200752 193025 181388 181345 213032 216224 181084 176919 183981 188066 198037 197993 183132 181364 200125 195198 185738 183567 197554 191828 199394 208397 163996 189750 191605 185531 193450 211866 211872 187693 201327 192938 
170154 152989 152978 160697 161056 181311 175505 167521 174945 160033 200200 181777 164897 188501 183977 151903 176069 195413 193038 174458 171880 182911 190367 165783 166681 166601 165718 166309 180007 171967 167579 166454 160481 144736 182650 159744 173987 192788 158991 167975 178816 142836 170361 159161 193695 167097 140080 184305 180992 163282 176776 153302 184750 182509 176134 174272 171689 176218 186946 169450 172576 175985 166796 172722 166129 163323 160500 188617 184042 167132 173698 188387 170973 181045 179008 152515 173981 166182 158543 181622 196849 168258 159306 175336 172525 
226549 205453 222621 184168 208116 229347 231547 199655 206594 214584 248507 221616 226658 225645 207025 177731 208546 244498 234038 205928 222092 232657 247078 206626 243573 204521 212037 205428 221507 236390 215819 230174 228362 173201 237383 214683 220275 244673 175538 237824 227144 192573 209597 228809 232772 221204 225506 252026 233922 212551 227633 202507 217993 230614 232772 205848 216031 214683 225656 215227 199173 201377 200494 224550 213582 207145 195330 230610 217446 206498 223624 240807 205985 244390 240347 185351 196561 231494 201467 246096 239464 224243 197943 219431 218343 
205522 212318 209373 197208 208025 224924 223991 206845 229395 212540 259075 233828 217497 222166 215836 184573 246644 253134 245003 222737 227147 225487 252056 222137 237369 201910 209180 227838 236124 244945 237047 236380 229400 182660 237392 215905 232592 245271 189498 233886 239449 200464 222718 218896 238485 222275 214298 258455 227118 212635 225197 204862 216755 232806 240441 218849 245035 234424 256200 210233 214928 228101 194175 231325 224552 222791 198586 243315 244912 209385 211031 244787 219126 245992 241475 192630 212935 221831 189132 249815 236794 232011 200843 216664 227572 
217298 199463 219896 188614 219216 218927 225940 199746 218839 216942 272415 235634 236169 207533 207121 185659 225040 257257 222422 234069 231239 234041 241541 213752 231323 212523 214277 222574 215644 229048 234736 233250 220137 199383 239868 223321 217264 248703 202020 218247 216328 197062 223415 226454 242689 242371 225410 236592 228955 217263 243320 183763 224075 237208 231125 213005 229779 237278 260372 218419 202452 205794 210818 219427 226228 213467 197835 246933 236462 200737 229815 242912 212829 246365 256023 198546 218065 231232 189552 238392 239916 232456 192770 213872 222610 
198767 189273 182635 171528 188334 209693 203582 188345 182830 175018 219059 203314 204182 196593 192523 175960 203058 213971 202597 186551 194555 212483 230265 181782 207441 191373 197553 189462 202817 211225 197322 210480 211520 165551 231539 190810 198525 220928 182830 198784 205061 182835 201031 189084 215758 203385 187068 235457 205798 188781 198227 169403 194926 214364 208246 186000 202678 200586 223706 185508 192823 200621 180120 197809 203279 181353 185633 229812 214715 186311 191438 209147 204324 216721 209270 164681 181912 202920 179440 203491 227717 206221 189503 173286 193381 
175699 187639 166428 160386 180911 187642 184313 169809 179559 177212 212038 187763 192999 186882 181755 161874 168786 206488 194527 168811 186930 191630 207590 195429 181288 170232 170437 179152 186272 176054 183312 185085 188522 158940 196563 184019 176051 203726 179054 188057 172265 154017 186719 175410 207359 191243 170827 205448 207262 169693 191760 182254 189524 199288 199130 183802 174577 201481 197610 174152 168753 179909 181937 195898 170615 171180 164244 206780 183598 174734 193502 200486 171805 215243 205303 172361 178744 186950 175839 202748 191238 196238 176829 178577 176638 
192197 188620 199521 173632 194800 208257 230057 172050 207783 210782 236789 227228 211161 206788 195640 190302 202565 203009 210036 212991 213396 225922 225903 195044 203185 194132 190431 188549 203239 212031 198311 204871 194016 181157 225732 204641 194688 223705 176337 207789 214514 178367 203184 186181 216220 210121 181031 217904 215411 203387 195119 191822 208423 208729 206726 191078 206484 212924 214281 197946 186114 187649 193099 211811 221387 180808 176784 218114 212424 187814 196257 207264 202394 222142 225384 174885 192567 209859 169187 207675 213197 208758 182535 196181 208088 
194913 164631 166821 154511 201807 188504 178549 183426 185100 185008 206880 188731 192285 192242 175221 167233 170451 200832 178330 166134 178390 200099 205498 189247 197616 176096 177498 174902 188789 202125 184102 189145 176101 150135 199189 177975 186559 212743 168025 190502 176235 153950 187088 185969 203375 180227 180347 203544 180768 176528 195572 164908 201961 192922 194184 180277 177622 187057 196033 172440 176425 182964 176813 176489 190183 171759 176395 203092 180285 157237 193986 193395 182000 200008 183673 177109 181191 182935 163544 206778 208151 205408 171279 175248 171844 
201612 171367 192210 170827 183693 209900 198865 183363 192278 184552 234617 199206 202256 191088 186951 166325 189677 201211 193485 199414 196348 209920 205965 196191 195826 184504 193537 195520 190138 207565 193614 207424 196289 157471 216883 191188 188834 215967 165210 191607 188920 163288 202172 201232 223301 205039 182676 212668 207049 193336 204563 164241 212399 211666 205099 188862 182280 201461 209918 189178 172831 187041 185040 191037 186672 163972 169226 217310 192216 186352 206272 220268 207411 206880 221897 161752 182527 202379 168742 197665 219544 198577 169566 202755 198040 
215433 191581 204128 156818 174388 209578 216077 188066 181363 190908 228443 213418 209115 196616 197455 173138 195190 205906 195133 208369 203903 207468 222566 181183 199050 184787 195806 193565 186030 211625 194601 204027 183254 163916 212514 177132 203828 200704 158023 210682 203557 168550 206377 210311 217227 205757 182456 237218 216386 186513 216090 172186 198784 219951 204424 187632 196645 209107 214350 202038 181099 204182 187247 196651 203731 191533 177447 212882 211095 193292 197929 213933 194512 213659 220695 169751 194430 205883 188058 215028 226820 190320 182646 216884 207013 
204643 181072 183947 175090 189983 220982 209676 186195 209994 197299 229813 212154 220643 199631 197712 175613 193275 225426 205449 197739 210705 205758 227971 209362 206057 194427 199774 208673 195637 217944 210739 227606 210101 165138 249580 207705 213406 230359 173119 204535 209464 179460 215057 196481 234961 217485 204387 245305 229644 200630 207032 191209 223581 223978 223029 191943 212603 223144 234278 207194 187225 215549 189738 205346 213104 190199 186576 225597 217963 199229 221490 225155 217425 203402 209142 193690 213601 218100 187094 225964 231684 219742 189219 192060 211907 
200151 190704 171885 174892 202965 207571 200925 191269 184451 192312 224403 207116 206626 212413 204556 167319 192551 222097 217855 194238 206858 220121 225469 187020 205286 200939 189330 194901 195977 203021 196550 224014 202200 168545 227761 211096 188549 222117 176969 206253 200876 176828 208923 193095 236209 208546 184852 234915 213860 200580 198044 179090 206826 225000 217692 198616 196264 216532 216991 198940 189891 199491 184652 209007 191561 171546 189079 209890 196950 193325 201763 208588 204340 228087 211011 187261 194703 210821 186315 215343 214304 216022 188953 192747 189661 
229839 199382 201080 182417 221487 235376 238234 225134 214046 227491 258963 230871 227363 240281 219902 202081 220434 256553 239130 231091 218994 250413 245738 211221 241494 205966 212667 207446 229389 251255 230127 250196 228734 185412 249158 228260 231904 253385 200064 242385 228589 202104 218626 221698 254004 243237 215175 258841 235488 228229 216552 200049 237906 240086 243234 215937 231187 242818 248918 246081 216008 218678 215797 226852 229008 219075 195197 231351 230148 224352 244701 241061 218476 237432 221893 203011 219452 229356 200766 238668 260020 234441 224070 224630 229298 
211725 217683 202885 197577 214845 224662 211795 204727 230271 204186 242830 212225 225962 212594 226907 185363 203462 221542 221638 219615 211485 231942 239769 226785 228266 208287 202625 226118 227520 227169 216303 225856 222633 169342 229909 213745 221134 240212 195460 227638 204964 185265 229324 220861 249572 214609 201466 248319 241396 212530 234618 194592 214996 232780 233042 195842 211718 237118 233538 205681 200373 225633 209252 207298 232834 209257 204406 229780 224077 201622 222953 226619 211836 239342 235696 186533 200928 226216 209560 219548 232481 228354 214111 208816 217917 
246314 196524 226146 211993 239060 247060 236704 225405 222475 236874 274980 247958 234028 250396 234312 204261 235608 270529 245768 242403 233467 251719 253974 219062 241383 215199 212878 229265 250008 240589 229542 243478 231663 208778 249211 227046 256829 261151 203873 254461 229612 213777 220008 250686 273766 236269 215049 268005 241817 232682 254054 211577 242136 259873 249213 226735 238598 243041 255993 224125 221687 229709 231584 237140 234444 218871 212143 247382 236097 215411 243821 260961 229937 257617 246688 194962 233735 240819 218847 250225 267702 235739 221427 239488 241025 
213502 214843 217876 192569 225679 245106 239170 206545 220801 220277 251193 239448 228358 222586 221031 208312 217616 247561 242894 221651 234173 253457 263420 222739 242493 212242 202730 213408 235407 231353 212946 231014 222862 192604 246300 227950 231449 243426 193905 238143 239928 200968 213457 210831 239192 218707 207417 249869 236710 217217 220121 211335 227365 230452 232065 215174 226275 226961 238661 204043 206714 219220 214389 221088 231121 207559 197674 236018 232648 194618 225985 228193 210248 249719 255042 193638 207970 223778 202565 231732 241180 226896 210576 223567 219511 
215558 194285 205808 180400 202061 208288 227518 199353 205159 220224 257815 213014 217413 233152 207481 179459 209388 242515 217426 221627 212843 233187 236389 225590 221894 192222 210128 206823 216434 207817 210145 217042 217793 183791 234334 219851 226121 233966 191803 237848 208241 199792 202991 217302 236273 219608 211629 245716 226562 197864 229029 197138 215072 223999 212925 211230 224146 246256 225533 213161 193682 204377 210134 222478 224616 205281 180026 234744 224159 196430 207849 232939 202175 241632 229488 194548 197210 207668 202980 238392 232051 235568 203981 215526 211430 
173847 182107 178415 159000 182440 195986 202135 172288 191159 181333 210439 190910 194249 182323 184113 165933 182312 195667 198394 174541 189114 197716 211378 181039 197527 177377 192262 165969 174510 191866 180785 201038 187800 138134 195310 169919 188495 202538 156950 203355 212483 153870 199641 167077 181823 188885 168831 211003 185047 170263 174794 163290 190091 188007 199287 181478 185772 197548 191921 178062 173896 189629 171653 188105 192338 159388 175210 210642 196465 165867 177050 193094 182042 200810 201810 163829 165014 182046 164748 193352 196545 184153 173006 176970 185409 
214985 210558 216459 189918 220044 239564 227024 197661 220772 194819 242244 229899 222586 207619 206207 182402 226388 244240 224771 217868 224987 218098 255625 227277 231919 210195 210591 212509 221791 227270 224147 229005 205328 180383 236403 214442 213971 248627 192468 229292 222768 195041 220089 221898 234522 214984 210099 245930 232917 204411 223659 208774 228129 237295 232077 212903 223679 222745 235436 209129 212212 215935 192625 227450 220631 205969 194074 251878 241613 195473 212772 234570 215798 229224 249340 192037 215784 214153 195584 234139 242263 231569 191312 211152 211842 
236429 242699 228417 217264 234951 257748 246971 222212 244705 233951 283714 254694 251168 247255 230296 214565 240393 271536 262040 256345 262473 276187 281504 231529 252176 229506 237459 242197 246608 257936 234331 258372 239863 212505 268319 251127 241569 272167 218346 246560 258703 220815 251671 235938 271229 263168 219457 271064 257214 251903 238721 224424 252601 270571 263871 234828 246757 276457 269774 246320 248201 244069 243908 264614 232786 230392 215388 263273 268068 231087 240905 264693 227695 282245 272677 208990 231007 246085 221239 274133 266140 256231 227269 230164 237915 
194089 168723 192613 186328 196345 213896 206268 177731 196951 199902 234119 212080 208007 202383 206546 184803 207288 239847 211636 213923 197467 217156 231400 189188 218455 200076 203704 192961 218674 217499 192043 205498 195160 175467 214102 194964 207905 238380 179462 205310 199495 167419 203776 213897 220492 205929 185910 235900 203315 194039 218441 179844 218563 206234 214207 203641 207462 211839 232220 198896 205692 202885 194204 192614 197916 198204 187653 219011 209569 190301 214653 219556 199437 207640 212782 176407 206031 202804 187510 222577 235455 215356 195804 194238 214306 
244993 220402 223112 206025 231591 253067 238464 215563 228753 237014 268894 244807 251576 249661 237640 200773 242585 263873 237948 226778 233791 248008 263704 231724 240858 214872 220282 236340 253118 253245 226888 251814 244591 196451 259249 245991 259670 251693 204540 265965 240802 213641 242549 224359 251955 247096 237708 268197 252517 229216 241138 213505 242382 264312 257145 223418 246770 251060 272242 225809 219319 239072 231607 234164 246116 225829 221629 251864 237538 221153 247560 263375 240351 247773 241923 213358 237756 248625 212962 267398 251737 247715 230042 236868 244958 
217935 190056 187122 169374 206043 222866 222204 188084 208366 218774 253805 220742 213860 200249 195791 180914 204408 225836 204283 198659 209679 225208 232009 199188 205751 191065 211118 205202 205791 228258 212918 222022 210308 167840 229057 210814 205659 248205 194592 211014 227002 180794 218117 200103 231765 201430 190186 227273 217638 207036 210303 192044 205856 219756 225511 203817 204687 219118 219881 199760 202819 206167 200866 208966 200574 189252 189005 222103 218408 208523 205027 226948 209140 240767 229476 185024 202629 214639 186786 219077 232697 213020 198169 197529 203287 
207391 193431 185423 163585 196467 213528 216788 199294 201914 201009 240836 216890 214507 210330 200517 185490 199381 220374 205647 200463 215668 214317 224106 192931 212213 180520 204585 212640 203365 221503 209267 214910 195559 176547 238704 202859 196348 237636 177982 206946 198198 179298 203765 207027 230491 209618 179306 243095 210831 204066 207341 191533 211342 220114 214367 203093 197956 211963 211663 197652 194755 204094 202786 202641 198092 187464 184127 216467 213497 198146 210657 241748 197840 229252 224758 178987 199370 210559 186756 232474 224211 211391 177570 201668 188501 
239307 231847 230399 207287 232597 258278 256094 210729 244414 227064 285824 261029 252868 241530 232391 198427 239231 267039 258293 241560 256736 261392 277322 247523 255562 215424 231508 238586 236269 246066 246807 236918 241438 200001 258530 249650 230433 262350 208084 236206 254926 198538 225570 246781 262740 236075 232234 290111 259330 222727 253015 226348 250436 256296 253753 235120 238486 259101 269944 228562 211968 233307 224285 240629 233853 214079 218352 259183 245153 221668 244550 257771 229377 270760 273942 211983 230443 258916 228041 261483 259230 253713 241699 246728 237818 
211303 198044 197173 179338 206968 214665 225660 192869 203224 207216 251953 222667 207429 206922 206712 193061 209359 241517 218028 214268 220719 221950 236933 216961 222151 194003 196438 206911 214376 211158 206315 197272 208509 171127 224484 219296 201031 230023 198181 203461 218082 185401 205071 201867 233569 208309 183084 247083 225180 209855 213943 190255 221383 216373 217754 206892 214103 222042 229338 186325 198194 204939 200333 213242 194336 182621 188752 217138 218179 181324 200166 213015 195106 226688 230812 190111 203342 220136 197254 232298 233503 223923 208289 202772 198212 
183864 182584 198613 169969 187782 205139 191742 201422 179860 184061 206819 184998 204010 208354 191403 169598 186526 207678 195514 194745 196744 211976 223584 198434 198887 174823 202793 187730 193595 211610 203803 213962 188696 165313 210192 191714 214260 197521 161219 211342 213240 166214 199130 191956 212593 200370 184639 205094 205007 192523 199725 169786 202980 197861 193916 183294 199108 206350 218492 184748 176449 207785 179270 200191 207847 178550 172671 218851 206593 187254 194279 215323 184629 210734 205617 169034 198137 194652 172478 219219 213627 192684 172524 183359 208108 
197184 196986 200413 176923 211088 224292 220062 189168 209960 188225 232972 220320 205897 205841 197909 198020 186108 222969 219017 205069 206083 207583 211695 200352 211433 207727 195590 207831 206492 206596 203784 214761 209821 176477 223223 195526 202621 242705 183952 213202 215889 177704 212775 191859 217235 195357 188951 233111 214401 194934 201535 199309 208095 197956 206078 203604 201966 208321 213753 185449 188287 203081 201368 193323 202900 193343 194056 214794 216397 189501 212787 213731 189808 221814 219108 193485 197134 205986 192254 208021 226121 207976 191696 182427 191798 
210696 197389 201124 183342 226500 230214 212760 192772 192357 194041 229364 211105 221745 220690 205118 187961 201155 220838 211402 200425 194039 222671 220087 203449 215815 196813 210066 209630 206470 214528 215867 232135 201140 169092 227510 206033 221447 234817 170414 211637 223650 187835 234833 206171 225703 206773 202610 237612 217339 190934 205400 188456 204625 211174 224390 209487 222919 210398 222591 197094 197586 218667 192441 198001 213176 184698 182864 243770 220573 193315 209359 224932 191214 222377 212844 188732 197500 198389 194907 218627 227705 226214 187814 196673 202894 
194366 175930 193803 162790 191135 207845 200032 189174 194661 216535 233802 203888 209436 199169 174612 173627 195782 219746 202868 199822 209383 222586 233435 195662 202815 167131 194495 200670 209137 214787 208468 209211 209198 158232 200341 207209 217924 220998 170981 220790 199727 163835 191241 192188 218340 209898 193494 224415 210545 185208 208804 191903 209572 217619 213749 193596 204819 220494 206887 193301 192171 208445 193247 197237 192350 189289 170414 205438 206760 188562 214426 223185 188469 229112 226479 187423 190906 199652 180738 228416 210725 197546 181036 218655 200069 
216286 206923 212796 179880 211612 230233 224492 186816 199339 204227 240425 221477 218917 211648 206510 182671 207704 246914 210223 197604 217830 220658 235712 211571 229571 194585 213617 201980 206336 244141 220245 222765 214004 162973 229652 209515 213729 239794 183020 211757 216383 168195 221765 213290 223547 224953 208667 247913 235013 195836 228280 194914 221488 223496 230562 213521 224212 209787 232866 199445 199455 225246 198235 207943 211454 206497 200649 234934 219718 206534 223102 235526 200932 227197 227062 183834 211981 214415 192489 230561 251435 219016 208507 220784 221527 
196419 210324 188033 176903 193864 218715 211785 175822 201738 191390 230191 217195 217904 207771 203725 187774 200746 222592 220840 204451 211138 207654 227075 208791 215433 191004 205450 204324 216279 196859 203592 209905 205018 164557 228669 207238 199531 228880 172826 205392 221481 172552 209072 191962 217206 208686 186015 236053 198635 203406 182519 195981 211974 215053 223463 200720 213898 196189 227477 197005 187429 208486 193601 208445 198129 174639 184918 218191 212656 170788 204401 215264 191789 212202 231854 186273 197483 206725 181222 236333 208556 207167 188749 187960 199891 
217893 184622 187138 165532 202280 229197 213228 199454 211020 210062 230179 220192 209432 204494 204779 183109 194519 231845 218446 195043 198088 214859 232278 195961 217558 184097 196763 195927 198913 220678 184531 204850 200176 170720 221465 198976 202966 234730 175843 216990 215248 188040 199692 209364 235583 210179 193974 234831 201325 197577 202824 184807 210232 226124 227181 201574 191429 203467 209196 205269 189978 193610 187522 203980 206673 203796 201899 216084 215396 183289 216367 227484 199605 214106 224722 187503 205693 197307 188672 225069 228514 202366 187659 225686 192228 
243183 209104 216772 189497 235695 253848 238347 220636 215215 236824 267438 247170 231503 231492 218676 202295 236232 269599 246360 243104 233235 249764 252567 221031 249118 213603 221488 213816 241843 251214 217272 239708 229210 197681 252957 234832 246752 249706 200510 240384 230570 208695 222395 235856 245891 229655 214013 258446 230823 222549 236946 208943 238898 239918 240427 223736 239092 243367 249309 226738 232169 219143 210486 228389 233621 227492 199435 247343 246436 216897 232763 236683 220928 251849 240619 197267 224741 222153 211896 248442 263748 238576 208248 231660 231884 
216078 194314 195929 188143 200509 230104 209757 197485 220096 206165 252464 211966 225627 211454 200544 188697 191117 220353 210852 205692 212860 230424 236159 210544 227940 202739 210192 214469 210531 216364 206320 223144 218486 181570 232682 206854 220936 243220 178059 209742 206348 185933 214743 207534 234964 207596 211847 243572 239467 206793 216280 203221 230501 219874 219139 189749 219245 230068 240171 198290 204231 221151 204638 218568 215929 208072 187987 235385 219026 196800 215981 229433 216630 227044 225878 186456 196915 224921 202265 238780 244534 239121 187776 196711 212370 
247483 226144 236972 198989 233697 240122 248734 219621 236421 230414 271536 255908 241918 238677 239284 213556 249009 262613 242591 236430 254946 253260 253215 228794 242911 226039 229515 232432 225245 255066 238114 255306 240145 188092 264595 227367 242268 260471 204763 248950 256633 211769 250585 220546 250276 246215 228035 282305 255280 243599 240572 209137 249927 252790 247703 232077 237068 247838 264371 231048 224598 240444 233378 237244 232637 219517 221532 254285 244442 228492 227553 261792 240387 266042 255346 218709 239493 249697 209159 250272 257164 251052 224972 236408 229301 
213065 196670 199013 172989 203059 227172 237518 184803 193705 217708 249609 221636 204416 213449 204004 182273 214232 234259 229114 221560 216482 215400 234959 214674 222607 190519 214086 198257 207663 212818 205149 218262 202218 182512 231209 223290 218336 219407 170345 220170 225227 191236 211246 218523 222609 207303 195948 246986 216511 203959 207547 192358 219835 214536 207596 214361 222201 225437 222854 207513 201239 202633 186480 219669 213494 191973 189757 224511 224973 189592 206751 235197 192279 231053 237236 180574 199116 213654 190088 245934 226723 228388 191308 213178 211417 
198630 196707 221146 201342 216736 227595 221894 186551 215965 206518 236862 220009 207261 223721 212810 199886 223422 240823 225031 235225 225674 234018 238333 219013 230318 203661 212220 221784 224043 220319 204591 218527 216509 190431 220418 224355 212091 232341 186146 227496 225453 195101 225454 221526 225680 213707 210737 239183 224005 217389 220190 190288 233877 223366 214096 203163 236366 222735 240248 211325 210936 211798 213641 209431 208255 189479 180078 243855 226313 196797 211909 220320 209493 219979 222347 181278 215363 218285 188273 227587 242863 229456 193590 214231 207652 
199634 189078 188469 166877 206945 215305 207221 189357 189228 208869 234006 211022 203322 205463 183784 179454 195589 219355 204446 189119 196887 215500 220511 187514 206656 198258 176546 194564 207875 223291 195139 214883 206527 173838 223885 196289 206219 224465 177059 200399 196112 192568 202953 200545 221591 210739 198926 222621 219838 191175 201738 180906 215353 223195 225945 188349 192819 221984 206715 202180 193933 184844 188752 194715 204305 189360 178794 225282 214535 188869 204885 224533 209850 226703 215825 159256 190268 208794 186132 214118 214271 206490 177864 198433 198036 
177811 170649 184139 152700 195028 201481 193318 180170 180943 185781 215518 182610 189936 188493 171616 162441 188934 207765 181009 181937 181134 207048 204733 189518 203306 166494 173531 171409 199294 208270 185894 197005 185579 152045 198836 200407 186060 208510 159082 196483 183031 165654 174962 192046 206787 191666 184628 204167 208871 184677 189924 177649 192363 183649 201722 177820 185289 206673 194116 176501 180339 185230 174471 179246 188813 184503 160121 181521 198453 192797 185381 195874 172199 199710 194647 167013 183357 181413 171021 197727 214994 198437 181736 189004 173864 
209905 208659 207061 188623 214626 233281 219176 207347 217516 219518 257244 224364 217133 221363 213086 195571 227832 234175 229519 221857 220259 223351 247359 213327 229522 213258 218847 230739 226253 239713 217100 228484 223685 194912 236436 221706 209422 249317 178496 232236 213502 194128 220504 224278 253849 222524 209625 247304 227412 211450 243016 192878 228086 223933 234795 225549 221549 224274 237136 210624 205327 222653 201019 212724 217693 191615 190967 238220 213528 213298 224049 230088 223041 244477 248772 193506 208978 212884 201841 243151 237934 213846 189587 210778 217558 
211939 204155 199047 179407 209756 231917 224884 207370 209157 203694 243660 231280 221042 218887 215971 190516 206480 247021 211541 206921 222955 213617 245201 210304 217748 203263 206526 202651 221455 218195 214197 234782 205265 182975 244914 203560 235748 230964 194323 233654 228288 180117 223064 195139 230905 210393 206590 241498 225703 206773 207469 197515 212477 225391 226031 214183 214364 217902 248626 209179 189458 213330 199754 222614 207083 202644 199345 227470 220466 207649 217498 232389 215661 229265 222051 200571 222606 213085 202154 231246 227102 210456 204524 191992 226246 
175938 181694 191965 184757 196080 208952 215464 191530 214566 216521 231941 214230 220444 220703 195564 193560 195579 202756 216976 192972 221553 203767 235267 195360 218820 182943 187250 198110 202465 208816 212307 204810 215357 168310 213274 194007 216623 231669 179814 210250 202109 166853 195195 191547 219942 206531 201406 229745 230859 179869 211419 182823 207484 197225 221702 189107 198939 217417 208331 197324 184830 204959 180992 212079 213518 189581 178462 233705 206884 178996 205340 205356 211126 212715 208559 177536 185588 210150 190473 213093 210020 209714 170418 195918 191358 
216276 194720 207698 168526 214551 226859 224899 190485 206150 205827 247324 220201 217531 207995 201386 188590 212189 230227 211850 208664 219231 236108 235100 200087 227488 195486 205821 202379 207060 225019 202128 234639 204281 180713 236843 202925 210303 236463 181768 225035 206617 191320 218971 212342 229450 211335 211398 244709 223776 212716 205139 186228 226510 224893 231030 209866 206212 208941 235551 199556 199338 202312 204309 205490 195394 192247 182572 220853 200200 192581 213328 242369 210819 225936 232106 177561 200593 224955 191774 234292 249036 227010 198553 206336 206110 
210929 189753 191406 181798 214428 212713 213937 203155 206060 217876 253537 229882 214152 213166 206832 186667 220849 243185 225050 210442 210828 222878 234342 194263 216250 199287 210355 194011 215570 225966 196625 212378 205908 174666 233208 211461 220998 228861 180359 234549 225231 190121 208770 199520 220463 217737 192630 250334 217237 206639 217177 191856 219059 212979 214251 214170 207106 228307 226990 209391 210619 218928 205202 212110 215278 201233 205689 216226 220113 211224 205038 224869 210218 236713 219811 196001 213938 190863 196726 238328 237376 219408 204417 209229 205545 
222866 189162 198656 175414 207097 213311 218495 210828 203723 214520 249224 220936 226952 222714 212283 190639 208129 239699 221566 214413 213850 242085 250836 221713 228391 204265 212027 204383 209515 213249 204232 223113 204643 171861 230119 206813 214327 249301 194200 227689 222678 186665 199566 206352 243797 230683 206171 246434 225535 200703 225898 188931 233186 232334 225569 214449 205141 243099 231450 223269 193558 208230 207152 212038 209949 213159 189988 212564 215755 196987 206503 226495 213486 229526 219660 200105 206332 205227 202564 238023 242712 232431 210098 214511 205647 
207432 208425 212458 189650 220207 235786 223999 199259 219615 210306 224858 228644 224025 207726 192720 206178 204396 226630 215017 228039 218161 225877 233603 208903 224527 192475 207171 208530 213346 228826 202323 223424 218582 169748 238649 217378 229850 238190 183392 204691 228614 176390 220338 210942 219088 223221 198074 242500 218824 206913 197975 197589 215709 223865 225453 203698 227913 227946 230641 216044 216405 213332 211221 212037 226779 204828 193085 236593 237098 193656 219064 227448 192716 223459 220621 184834 213424 210705 181060 230651 244584 235874 188341 202700 215335 
191157 198224 190523 178961 213786 225030 207510 187474 207557 192386 230267 229479 223158 205475 216119 184167 208823 239432 214851 203229 230838 222698 226818 208378 221009 199342 197944 202532 222460 215956 225953 215679 224464 179361 241522 213669 207784 232872 193418 213030 215654 185988 194922 199823 226372 205200 192054 248844 224214 209824 201831 199262 219345 215738 228704 210896 205486 214255 232719 180861 195584 196682 192542 214672 199137 194827 201499 222526 220833 199905 205618 230965 216487 237919 229346 179657 215213 225021 186586 235057 220313 225311 194240 201544 190291 
179165 170954 181596 157475 178747 177929 187507 166620 177430 179760 205883 181699 191925 192805 170306 158095 186482 224049 217400 177616 187146 191301 208911 193615 203814 178469 178886 177996 186585 193354 185711 202029 196536 152271 205313 191670 195482 198953 164780 195608 189106 172612 186409 176173 204107 196586 190268 210682 188338 175114 187404 177947 195561 186875 199766 182935 194282 203673 214316 170337 171575 180016 172079 181338 181342 167849 179944 195811 196416 158462 189229 211267 173784 199147 203396 159554 185164 186702 172704 216456 189820 198533 171021 168544 197391 
193112 184808 178564 181686 186903 213111 204004 179363 204318 190654 246769 212565 223459 199003 190562 169821 210104 209943 206910 199807 202336 207739 227672 196339 206491 186710 186553 193551 209626 210289 213192 199845 197190 170261 218803 197632 202134 217422 177498 197033 215678 164978 184889 194051 221773 201402 176198 231528 209809 176280 201409 182815 208491 211470 212631 190220 193727 222531 219792 195247 181040 209013 176698 202544 212453 183034 180910 212714 204523 187450 198213 206710 213504 209673 214220 167222 188386 204522 179705 216024 195873 207973 187271 183390 205970 
191368 188344 189153 166861 195982 212378 212045 186306 201694 199663 230097 211798 192231 204981 203078 167809 194500 227145 218282 206605 205371 207438 214561 190059 211291 196880 201019 194827 211098 225685 205269 210015 219425 160600 222040 201983 209332 227198 167545 219037 197932 174658 197165 193875 220447 210930 185754 236396 220988 201733 200525 193782 213553 215531 215652 203944 196772 210455 202080 191055 194290 200314 186266 195400 202488 178019 186443 205763 216741 200128 210478 214356 209640 226324 212311 187955 182662 212521 173436 207111 224805 192186 189110 197402 194628 
197120 177031 186906 164759 192811 195656 209583 197692 188972 200520 219104 206158 203599 202038 204089 187475 219231 220931 205411 206224 194778 201813 216216 201420 201592 182741 183090 199976 214856 212928 202577 202557 203676 159281 232987 200061 210043 219862 175729 201867 202077 171656 192358 187687 231533 214589 195952 231125 221675 198005 195054 171527 205277 206058 197778 192116 214486 218689 224379 188066 193087 206539 184654 207362 202784 179848 179591 211002 207764 188955 198271 216078 206778 220523 204934 167559 202362 205238 165286 208024 212932 212525 173128 185061 197746 
205637 184922 206881 180779 191923 222063 208870 192226 210358 190667 230085 210406 231625 207784 196374 158822 199637 220049 212773 205480 204428 211264 223081 194117 213341 181951 205046 196600 207937 205815 217507 215764 204919 168827 226435 199880 217052 221479 160380 219814 214886 179043 199903 196610 210781 212683 193523 242439 223803 188996 210659 190766 200300 224192 222383 200354 200817 210697 219603 196535 174406 200557 181759 201467 205506 186030 180686 226550 207462 210432 207895 231941 202387 211998 214583 183854 200812 211409 189473 218261 223761 192044 193810 204925 208046 
187767 166345 182326 168273 186805 198274 190600 170701 172774 187442 207814 194388 195351 186791 189409 163301 178587 212549 193968 186682 184024 187698 196356 183376 186247 180155 169117 187755 199810 201756 193600 206613 187312 147618 214981 179522 206109 199415 169349 200886 195035 166808 197857 172561 199340 195288 175094 211957 205411 198645 189055 171013 179109 201286 208620 177015 195674 189918 212727 166471 177377 186853 172128 172606 185613 177214 170065 197871 193536 186030 201819 212428 181207 197101 200026 163008 190244 202682 156693 199375 199692 178200 182079 164107 194897 
200991 195255 193183 176920 193056 213552 219620 181693 193122 201462 232486 212495 216482 214610 202247 187549 195010 215307 198896 214198 208014 219304 219782 202846 204444 198644 192815 200865 198783 204990 184129 219339 182732 175863 236633 197960 202815 216513 170622 210463 219299 164986 221381 197438 214459 203465 193365 229938 219003 199680 204594 174557 199028 221855 208760 186734 213635 224231 232803 192809 189916 216965 203249 213857 205329 194420 185311 220615 197307 200374 194740 207315 199814 223569 212975 186513 205133 204994 185136 219100 229337 214826 187034 180150 206198 
227316 211641 212464 194910 231573 238559 245827 198521 231576 220282 263735 247224 225912 229445 232834 201673 221472 260038 242953 226553 229811 230783 245812 218769 226658 225962 222559 224372 228280 228631 226169 232172 220925 193532 253799 224141 214067 255215 200242 237060 240250 189325 225986 226107 250104 212201 206291 251463 237343 211700 229987 223426 231197 243109 233417 227521 232327 237333 241796 217600 216279 225831 218799 230559 230258 206124 216228 248006 241269 217454 233444 233865 224116 255323 241279 220714 233148 236525 201867 239400 233651 240732 211159 212883 222550 
186020 180107 188534 174989 198918 206752 211248 175949 195462 197283 227394 205036 206487 214375 198209 185060 190501 202731 212455 194536 197074 224636 222646 192561 210484 189791 191317 188664 183954 202232 193313 189562 195992 166201 214265 192568 191139 221095 173431 209884 199979 175743 193036 175109 212105 206374 185430 224687 214949 181267 218778 177158 204590 198580 208102 194557 193028 204668 200719 181988 181160 208475 197609 193472 213625 177668 177704 226755 204838 178429 194502 194412 195959 214019 214369 185449 177775 187409 181633 200435 223812 202102 183012 200854 178824 
213068 220953 209700 204751 217503 239719 243243 214031 223925 225115 272948 243322 238575 238187 220121 213980 233063 229326 229115 240006 241555 251943 261632 232901 229939 208228 211677 211329 221955 239855 224619 230469 209247 186404 244234 217368 238844 245957 201151 226298 246180 200147 237820 219342 248161 235143 204863 262306 238094 218252 226461 193419 238605 228603 231440 211306 229072 249982 248317 213255 212897 236212 205345 235688 240253 208199 192073 252842 236735 202404 204413 239122 222165 235054 245587 183460 218080 225973 203182 246832 256854 251146 210019 223658 231007 
211389 190099 186930 183801 207309 220830 226322 187908 200786 222406 260232 215204 223307 220651 196486 191705 225018 245778 231099 211146 225775 214484 231133 202401 217724 191083 198823 210297 209827 228114 223489 230658 232315 172483 227864 215578 219416 251518 194569 229151 232059 189547 207568 212258 238921 221928 207308 240517 230942 197132 222191 195000 215177 225796 236865 209411 222153 224347 230196 204707 199420 222746 192404 221327 218016 198773 179443 240908 220001 204265 228731 229198 222615 236829 226188 190735 210275 220284 183986 224231 230533 221657 194212 216680 204080 
223006 202604 217790 191739 217251 235630 243135 193103 222805 219966 264202 223664 235662 226725 226303 189070 219353 249219 221483 228917 224326 231111 235185 223888 231845 215177 233455 232057 218222 239044 238993 229439 238024 184869 244688 233329 214812 250994 204760 233150 229731 194908 218797 205855 240391 231122 209452 263551 239840 212516 236204 209484 239383 241624 225588 222748 237646 235210 241936 209663 210885 220807 220777 208655 216302 193360 211075 239132 232595 217674 231362 249147 218119 238439 245660 206366 213958 238072 200684 242146 242740 235609 214317 217782 221048 
197969 190434 194331 183301 201149 220105 213086 199500 225726 192101 254712 230329 221393 203272 206432 185381 199054 215081 215805 212610 213480 230108 222630 198225 200944 205649 195564 204924 208752 204669 209972 222089 195767 185296 221266 205981 195706 240381 174200 208075 216752 184848 223597 194729 229288 215704 204443 231984 221240 215646 206226 176954 220174 222613 212871 194073 201860 214715 213574 214192 183938 203000 200333 213420 206003 191359 182160 221949 205139 203960 199211 223114 209817 204983 238668 190131 197196 201291 186658 210688 231609 213856 185604 211407 203215 
201369 183322 204451 178304 207871 206668 206412 196846 192379 210360 251600 207558 203694 222276 193178 184480 222468 230685 215074 216164 218436 215940 219336 217299 209473 190550 190468 206457 210312 221401 218100 202086 208064 175664 203878 227724 219602 224742 182702 217513 217024 196986 192719 217586 224712 217290 189124 223899 225796 197957 211793 184138 220405 208496 215340 203117 204969 231239 231124 191662 190762 194148 187019 205053 205718 203432 176006 230332 226970 187554 206736 220946 206103 237312 234460 180145 206020 206272 192079 221185 226422 220807 203423 219850 202342 
214451 207762 215505 184334 216157 239026 229300 215900 212071 215962 243003 234319 228033 210642 213823 201338 210536 239481 215837 216701 211188 245010 248952 207041 230426 203776 217984 206936 211689 244740 210369 228476 224948 180761 242202 212922 214685 237243 192874 223854 239165 186469 219238 205122 227922 222447 207921 237112 228777 209494 225185 182491 215766 236486 221363 208401 212914 229851 236390 210616 204638 213749 216898 220886 220192 209500 199402 233868 225457 227731 216129 233486 203625 228725 230814 188094 215032 216066 184919 220824 247802 209721 209671 216116 216498 
194857 182859 174870 166963 181064 207798 203519 191726 192310 193727 217209 196473 198965 203165 205929 181200 184115 204973 195838 190174 190433 210296 223285 195613 199424 185311 194447 191384 196978 210245 194109 205766 200083 156392 228283 189171 196287 225749 177119 195097 191560 160004 198270 190739 235121 205859 193283 227549 223052 195209 211171 175679 206550 213395 210445 186768 205123 207630 220917 197699 184513 204401 191912 197699 194700 190152 180936 209254 192533 184823 204753 215323 196782 205438 200234 163721 189173 205363 180269 209362 230173 201684 197713 190424 204119 
200996 190895 184946 188460 197696 220488 223807 177558 200103 199462 250196 217635 218158 218928 197382 166810 199068 236178 208762 214638 214362 219579 241968 204666 222931 193933 202598 203144 199475 213773 205806 212173 197282 170462 231131 211238 197494 214863 196762 220404 212681 170358 221740 206995 222451 195745 185548 238812 215307 193210 222562 177796 221665 216288 203247 202030 214755 226277 228431 204151 192878 202763 201927 221246 214688 193305 192928 234274 209898 190004 211232 223426 200822 224461 239563 180441 202665 204728 196380 232812 230772 217610 195715 193148 217213 
225981 185755 213658 187498 208693 232330 226697 202207 194698 216092 260981 223988 224338 225140 213652 188024 217030 248267 223766 215543 215927 225766 241435 204218 226716 217326 217657 216845 219390 236370 218439 236122 221567 190984 245508 215143 214567 256696 185691 232704 218308 194781 218431 223078 267190 225430 215340 247720 237804 202545 256449 209031 233535 231996 230253 217066 219165 232405 227657 212833 213649 221017 206226 216639 220733 196086 207599 231838 225993 212019 226784 234451 220887 235563 238594 191034 211221 211547 215233 237848 242759 218166 194852 217401 229246 
227463 217107 214395 185397 229641 247819 225385 228486 225947 217636 265207 242803 222529 223929 217292 198444 224271 251101 222952 210854 232282 221139 253879 213214 239119 225107 206894 212535 238433 233189 227151 255702 229255 205278 250435 210445 233736 260938 193953 233241 230310 200976 232162 228574 256841 224434 229438 239924 243170 223566 233715 222723 238112 235990 245892 230123 220644 244074 247182 210914 207945 212916 202912 229202 223274 207443 208627 247611 235887 214072 225273 236679 237070 251545 241308 215036 226187 228715 196099 235398 244027 226792 207458 196374 214632 
203255 184399 169069 174881 203555 213022 207615 179718 209084 182561 236129 210291 208335 193858 190545 180921 187482 228742 211669 202852 200267 208453 211271 206569 210416 189140 197140 190512 199718 199285 197350 215403 201391 163223 214584 201958 209552 229970 172845 198969 218598 173380 206598 200708 222703 192717 190592 235647 200327 194322 193109 187839 211467 204504 205589 192947 199240 211991 226517 200017 189955 196987 186620 199825 207343 185836 185942 209951 204909 186537 208890 211555 188716 210841 217726 178397 189718 196427 192002 211059 212925 222376 202832 188038 195326 
193647 183903 197868 175400 199918 206771 218154 190189 201046 199609 242875 225484 218382 221317 200408 188243 214847 240035 217389 200849 220484 216285 238009 196418 212618 188270 196421 200027 213113 220856 210396 215185 211329 184437 232542 196743 222683 228234 181097 222122 213744 170951 211904 207360 230476 212599 204163 231736 220323 198837 216889 187167 208152 222586 211770 202794 219790 225224 230924 195066 189302 208055 210110 216048 214968 200402 188639 231148 214105 197121 216971 236556 204391 240347 234504 179698 220664 215098 175925 227215 219728 208465 185189 190434 214864 
207121 174759 182239 168242 187789 217126 201752 190192 202627 213932 242753 210785 206486 194227 187987 170541 201517 226285 202244 201877 196077 189080 216885 198454 208041 181200 189110 198068 215924 214070 190595 209051 209484 166689 214994 199991 208931 220130 177848 216823 208601 183491 190874 203722 214484 204668 185814 218268 204380 190887 199556 179397 200818 233842 211288 182780 206042 219294 214201 190905 189421 193522 180289 211693 202295 204319 187368 212057 215343 196937 212009 218192 200965 214620 219506 189959 200078 209011 166531 211729 214211 205026 181444 188736 192879 
