57 30 17 35 30 18 43 70 55 27 37 44 66 57 98 55 75 38 21 21 99 94 64 60 74 31 44 9 25 99 91 33 68 24 5 49 97 74 60 72 37 61 5 89 35 73 7 60 50 13 15 10 12 42 55 61 59 37 94 83 76 86 69 26 97 44 56 76 86 98 30 70 22 30 92 24 79 17 61 14 89 17 69 92 48 92 26 
17 97 26 67 95 80 44 46 30 48 60 34 93 58 21 59 90 63 98 90 3 28 34 84 73 27 90 24 69 29 58 49 56 61 69 100 72 8 5 5 70 29 35 76 99 99 29 66 55 1 51 96 96 77 79 48 98 91 13 0 97 78 9 87 69 44 79 70 61 84 77 4 39 4 31 38 3 16 51 10 9 77 84 7 21 34 11 
70 20 9 13 13 62 55 3 57 37 96 78 64 25 67 85 91 8 2 11 56 46 11 33 4 27 63 27 67 24 4 90 48 44 93 83 73 18 13 10 39 63 66 14 13 81 49 1 81 37 2 61 75 85 47 48 67 23 54 2 23 25 52 25 9 90 10 68 47 81 66 89 30 80 0 95 37 66 98 1 57 33 36 23 62 77 52 
82 23 61 89 72 53 92 77 78 33 52 39 8 26 89 62 19 50 76 58 48 5 77 15 90 77 67 50 3 95 25 93 45 67 57 6 58 16 88 94 52 18 70 62 40 19 83 28 88 24 72 78 14 3 24 10 51 7 58 2 76 4 58 93 10 86 26 73 40 16 40 91 40 52 100 40 2 45 56 15 96 46 88 90 2 100 100 
31 6 77 72 52 58 80 76 77 83 53 91 21 93 96 26 89 92 14 37 91 36 5 54 40 11 61 82 70 27 49 60 78 0 74 91 16 64 74 95 35 13 100 84 91 70 68 25 30 7 38 38 84 4 50 41 1 85 16 55 28 56 59 79 18 29 75 65 48 49 73 75 85 90 5 90 55 74 84 35 39 97 13 8 32 1 30 
24 99 5 55 77 89 66 5 25 41 36 18 12 56 20 37 6 26 93 16 22 69 13 71 75 51 37 85 25 5 74 11 73 7 30 29 64 99 7 90 73 5 59 61 13 43 48 71 66 84 85 89 62 8 22 82 62 20 100 59 40 33 38 12 3 11 43 9 40 91 85 43 53 13 24 97 92 54 22 13 53 56 55 86 67 55 7 
57 63 71 97 69 67 5 62 99 67 70 57 35 40 17 92 5 78 89 73 100 91 73 58 29 34 3 50 1 16 9 82 56 15 53 14 88 75 95 30 21 15 87 9 69 5 87 14 38 26 54 2 17 66 61 99 83 92 55 39 68 96 10 22 64 56 68 58 13 10 92 25 59 75 3 58 52 51 96 93 31 27 89 67 98 66 29 
10 34 81 42 35 69 45 91 29 31 8 77 20 41 58 88 46 15 32 67 16 55 38 99 24 35 40 26 58 47 76 49 43 3 12 58 6 59 33 98 90 95 55 85 6 25 8 77 41 90 11 64 96 2 51 66 43 35 35 15 15 56 24 55 96 45 42 13 2 18 53 92 26 23 77 12 3 56 94 30 94 67 6 7 68 59 90 
9 76 71 4 81 45 74 57 54 100 6 44 85 96 59 34 18 29 7 77 6 93 7 99 28 77 57 35 10 87 22 98 4 66 9 98 32 26 25 12 86 94 66 96 63 45 81 64 39 86 18 44 55 24 49 97 75 55 41 84 41 44 3 80 37 58 10 93 52 83 30 65 62 72 49 79 85 25 63 97 76 52 4 57 10 96 81 
88 56 29 49 91 27 53 11 76 52 18 81 22 4 40 75 48 66 21 97 31 98 96 31 90 31 3 71 54 56 9 28 10 37 7 24 27 57 77 45 9 31 29 59 30 7 7 32 71 20 27 92 53 97 13 66 67 51 75 52 89 34 36 67 59 67 28 6 9 97 51 45 4 67 58 63 87 88 14 31 61 51 60 72 73 51 86 
12 63 40 34 96 11 98 58 59 40 10 6 99 14 76 91 49 13 94 18 82 40 37 81 33 1 12 53 64 0 5 20 20 8 89 91 34 86 97 6 59 8 91 16 43 58 61 73 75 90 31 26 45 82 92 48 25 61 14 19 29 6 32 76 76 3 83 48 48 66 40 75 56 98 52 19 79 69 54 48 80 19 14 33 56 55 47 
79 20 21 19 24 10 27 89 78 88 7 67 53 65 95 83 68 94 35 69 66 20 26 49 22 20 59 87 80 73 51 66 80 67 82 22 98 86 26 100 38 8 6 43 77 92 24 95 32 78 83 30 98 58 78 5 96 30 49 6 99 73 71 76 27 88 45 90 84 29 85 94 35 57 32 80 47 96 4 59 20 61 24 41 93 40 13 
69 67 15 88 60 93 20 16 37 1 93 53 21 47 91 50 40 13 77 33 8 81 45 5 66 72 54 51 40 49 53 56 93 23 0 60 10 88 8 71 93 13 1 50 32 50 3 20 54 1 50 69 73 12 27 62 84 86 37 9 60 89 73 72 58 32 55 4 26 77 40 98 39 75 26 92 87 12 17 21 76 63 90 76 81 99 34 
84 36 96 15 43 36 71 93 3 61 53 75 53 65 27 49 96 36 59 96 32 54 75 87 76 85 73 64 12 2 12 42 39 12 75 50 96 80 73 100 85 78 19 13 6 71 89 68 23 100 17 94 31 91 1 92 94 57 94 23 96 99 0 42 2 46 56 10 13 23 34 3 82 99 72 43 89 57 22 34 5 66 26 52 2 0 9 
89 24 69 96 25 27 48 55 71 58 82 30 28 79 9 34 52 11 5 91 8 48 11 5 60 20 100 85 31 90 51 81 53 43 33 83 25 75 98 7 21 31 51 82 22 34 98 17 12 41 15 62 40 59 18 2 25 83 3 62 98 77 91 34 73 60 47 53 7 58 36 9 59 49 64 98 51 23 62 95 37 28 26 58 58 14 0 
31 63 20 91 49 74 84 95 90 55 5 73 45 91 56 28 96 20 56 79 94 45 66 93 4 94 78 26 81 8 84 98 1 35 68 11 16 8 87 37 75 69 56 54 83 54 84 12 88 81 33 62 63 52 74 66 3 51 56 64 60 82 97 8 9 38 88 51 28 17 86 56 89 82 88 30 53 29 48 79 95 91 26 18 74 0 0 
65 72 37 82 53 45 68 100 70 67 50 67 61 97 24 68 53 16 24 7 99 59 29 75 38 56 17 59 63 69 18 80 86 11 63 0 23 57 10 93 12 83 23 70 59 90 6 6 13 59 69 61 16 86 18 76 98 93 59 34 66 21 74 81 71 68 30 87 45 99 78 65 94 21 24 90 81 84 35 82 85 53 91 11 19 99 32 
2 89 8 49 45 3 32 13 71 99 58 65 72 30 9 51 21 25 10 93 61 5 91 53 9 55 41 11 97 4 28 83 70 87 60 64 48 53 22 27 33 98 20 16 1 58 55 87 25 14 87 79 83 11 90 19 51 50 82 40 28 56 14 71 35 95 87 19 45 14 7 49 20 83 100 32 0 14 45 92 75 83 4 28 88 90 42 
87 88 19 65 1 68 78 67 98 28 42 74 75 28 86 41 51 99 53 65 83 48 47 94 9 2 70 88 38 63 91 91 36 54 41 17 2 12 51 1 79 1 98 97 23 73 79 2 10 15 91 43 48 39 38 88 44 63 82 11 20 52 23 15 70 4 38 59 13 94 74 49 42 54 87 4 78 60 1 11 68 10 89 43 93 0 22 
0 39 98 26 85 57 14 95 0 62 7 47 53 60 70 12 35 35 17 28 44 61 84 38 74 18 25 27 66 87 5 97 76 12 28 20 59 34 3 94 43 73 43 11 98 91 66 71 2 17 20 94 53 69 21 0 71 27 51 37 72 86 47 54 22 47 40 0 87 73 12 51 25 25 22 56 18 82 80 39 2 20 71 18 71 32 11 
18 86 76 23 81 26 15 56 98 17 72 55 31 65 97 29 23 67 47 53 34 39 36 44 98 13 25 29 59 55 30 41 94 77 47 82 64 99 40 67 6 23 11 18 77 43 89 63 96 98 19 31 6 24 100 7 95 82 93 47 48 3 88 45 18 12 8 56 86 92 90 48 9 94 28 80 53 85 36 66 2 38 10 42 20 71 14 
58 80 32 86 19 33 86 12 30 3 77 94 61 76 37 82 82 19 81 92 64 27 72 84 80 55 22 0 20 74 65 87 47 2 30 55 88 57 45 55 9 8 81 51 85 54 75 16 68 46 78 24 35 79 21 19 98 62 57 33 91 26 91 39 54 8 73 57 67 94 52 75 5 58 38 11 6 86 100 65 45 12 58 81 93 39 85 
81 77 59 24 96 30 55 46 63 54 48 28 68 32 72 11 89 89 1 30 4 86 3 2 30 17 69 76 79 80 26 13 98 94 88 72 66 58 89 71 26 25 22 76 14 22 32 50 76 92 93 18 32 33 16 74 86 74 3 39 91 39 19 95 88 57 83 47 58 6 36 7 54 89 77 22 45 86 41 39 82 60 88 88 31 54 18 
49 61 38 81 69 73 10 56 77 58 46 0 21 99 42 12 47 49 27 81 71 22 74 29 46 83 81 80 83 95 68 0 17 24 48 17 76 69 87 58 14 63 19 95 93 21 95 41 66 26 46 26 97 59 94 47 38 44 51 74 99 33 37 91 48 94 34 43 72 26 42 35 96 20 60 86 49 23 1 55 97 15 18 8 23 60 88 
13 50 61 39 100 3 44 51 6 57 95 6 76 74 99 71 83 62 94 96 39 60 88 71 63 55 75 38 27 48 62 55 31 7 35 67 88 43 17 5 57 4 58 20 19 21 73 65 48 44 73 12 44 63 1 52 63 73 30 56 88 18 55 1 46 34 70 71 88 63 80 56 20 100 70 35 68 61 1 86 7 22 5 35 38 3 18 
82 36 21 22 54 98 46 12 69 99 1 90 45 84 50 35 59 42 74 69 51 34 87 81 59 38 46 42 14 94 47 1 24 11 61 42 75 97 6 88 15 57 79 16 88 71 67 56 30 60 80 21 9 70 74 36 75 55 85 23 44 73 40 32 0 98 46 13 9 74 3 27 94 37 22 24 78 70 72 81 32 98 62 97 14 82 42 
5 4 62 73 61 55 5 71 35 21 8 41 8 22 46 69 67 8 51 60 91 87 53 18 85 88 98 48 16 68 38 11 16 95 7 91 21 12 15 53 65 60 66 81 19 75 85 68 31 83 80 67 5 95 75 66 29 8 62 95 6 89 6 9 9 76 21 45 53 81 40 91 15 48 21 22 24 40 87 7 50 59 2 40 9 40 30 
13 90 30 16 31 36 35 82 4 0 26 1 81 11 20 25 36 87 18 67 52 79 23 19 4 12 98 42 26 33 63 84 43 30 49 86 1 59 41 39 87 21 11 89 19 38 47 82 28 61 69 44 89 55 95 66 18 92 4 57 12 27 89 79 94 84 46 61 88 35 80 64 6 43 4 47 64 76 7 30 31 94 28 1 10 21 91 
50 100 58 90 1 76 1 34 100 86 100 82 93 10 78 18 51 11 49 66 73 8 21 73 75 42 54 10 14 34 3 67 99 77 40 92 65 94 32 11 88 44 99 70 94 41 58 12 6 93 57 49 82 20 64 30 87 33 12 100 14 0 23 89 9 30 25 7 9 100 65 20 36 89 1 60 94 22 100 84 35 75 97 45 19 10 91 
81 18 30 5 38 87 9 62 78 32 20 11 22 54 97 43 36 7 19 3 38 73 17 1 34 55 8 71 74 30 61 1 32 97 14 92 44 91 44 9 22 61 80 73 33 84 76 92 51 30 37 4 96 25 85 22 49 34 29 91 91 33 64 31 52 60 69 23 8 73 77 49 55 67 96 36 5 5 41 39 72 27 29 21 8 40 25 
46 14 15 60 46 3 75 12 71 82 82 49 46 87 52 24 98 35 82 24 1 61 99 67 77 33 7 64 16 57 19 75 42 47 56 40 97 84 54 39 76 7 62 16 6 99 52 58 93 14 17 88 88 95 49 75 85 58 25 94 48 89 17 80 47 96 72 15 65 66 46 6 4 79 66 1 22 20 21 83 44 80 36 19 15 73 75 
8 14 46 75 65 41 17 21 74 70 71 35 64 64 79 78 28 98 53 78 87 60 90 58 91 20 48 84 97 33 27 65 41 0 60 84 59 99 34 25 40 24 52 18 18 64 90 69 36 62 52 24 81 18 49 27 40 72 54 44 40 37 2 6 64 96 48 13 2 26 37 54 100 44 50 47 71 80 86 3 1 57 51 71 58 84 10 
94 74 1 87 74 75 28 52 15 100 25 46 61 53 6 52 10 0 10 50 86 21 45 27 61 56 11 74 24 90 99 13 42 81 43 50 90 44 87 63 43 2 96 80 66 64 26 97 36 92 24 7 30 60 9 5 46 30 14 99 27 23 98 54 37 32 41 18 92 16 21 89 77 79 34 53 80 19 97 36 75 45 42 26 7 88 10 
64 49 17 11 7 88 43 55 87 71 51 78 76 31 50 8 81 41 85 50 19 81 43 63 59 60 26 70 53 1 90 96 62 44 65 49 56 52 32 1 89 20 3 20 19 71 77 87 77 2 90 52 64 42 75 63 68 93 1 61 72 52 55 57 4 41 83 70 57 42 63 44 56 83 87 35 97 83 68 44 1 24 91 94 8 2 80 
9 44 83 26 16 100 11 26 99 29 81 2 68 7 87 1 89 68 16 64 2 82 18 45 52 86 31 98 58 9 81 7 41 53 2 48 88 20 100 59 47 47 19 52 31 81 66 7 43 55 62 27 36 90 93 76 39 42 34 14 30 34 22 79 75 20 1 31 87 22 40 55 38 100 22 57 83 96 64 34 90 15 10 69 28 83 22 
52 35 68 79 29 12 81 18 68 88 8 27 81 20 21 37 53 82 13 53 48 33 95 57 75 70 91 83 99 80 18 58 81 36 4 5 95 1 88 0 97 87 93 49 78 26 28 28 71 72 39 71 36 6 48 83 15 83 12 12 26 97 11 17 72 13 0 5 3 95 23 91 53 98 66 43 15 87 22 74 52 49 41 83 41 51 10 
0 90 24 2 96 25 80 42 41 29 77 74 31 60 75 99 7 90 7 54 76 9 43 68 71 9 25 76 6 91 60 64 12 73 12 0 53 52 88 38 33 67 49 19 70 70 63 84 87 54 42 30 73 78 24 63 9 63 53 0 63 94 11 76 30 97 23 29 33 95 71 58 7 29 50 0 26 4 8 80 26 10 72 76 59 44 94 
27 85 96 4 70 40 42 90 55 2 28 41 12 65 11 33 92 40 76 14 93 64 20 79 57 74 58 33 80 61 5 2 47 0 71 74 96 7 31 88 56 28 77 39 44 28 26 33 59 86 10 84 43 14 8 62 23 24 27 55 44 47 33 59 75 33 17 57 28 74 25 78 66 94 25 16 28 81 1 57 15 93 22 95 12 0 5 
10 82 87 88 59 70 56 83 44 46 78 40 36 82 95 76 56 12 91 5 89 43 94 91 98 71 81 36 58 2 0 23 79 45 26 50 6 47 90 17 83 3 80 27 24 35 59 71 57 25 55 64 14 4 98 52 27 87 60 2 76 57 36 41 13 46 66 5 37 43 90 46 13 30 62 69 94 100 49 30 22 93 60 83 4 42 57 
18 79 82 86 70 42 73 41 17 62 30 74 56 89 3 48 54 2 99 13 26 63 37 69 60 70 23 92 54 56 49 8 46 53 65 23 6 29 18 42 70 0 43 31 16 76 41 80 54 64 96 74 2 23 49 86 60 18 51 96 28 71 0 23 41 57 71 58 47 66 91 46 79 6 4 12 9 32 81 93 91 98 22 2 54 3 37 
69 93 42 91 80 87 12 7 15 68 87 73 79 65 59 13 17 79 91 12 87 87 15 25 44 80 70 74 72 28 71 51 65 14 29 48 56 73 24 84 25 90 60 98 46 24 82 21 84 43 73 6 68 67 57 74 29 67 12 50 0 99 2 80 54 76 73 36 90 68 54 60 39 46 42 11 11 88 8 94 5 36 7 85 48 96 84 
19 88 40 88 61 62 82 5 28 27 81 79 45 65 95 13 23 83 11 47 11 13 19 3 36 82 21 57 16 35 60 16 6 36 49 81 73 30 67 99 28 27 31 57 5 14 98 81 84 34 22 36 12 28 4 71 16 66 72 91 30 91 89 23 95 5 12 10 71 95 54 84 95 33 73 55 81 56 72 39 40 74 31 55 1 87 100 
31 72 84 74 77 98 25 32 69 91 34 88 31 100 18 61 36 55 92 19 52 81 90 93 25 6 83 55 20 87 17 93 50 83 16 80 94 3 11 63 63 76 23 63 79 97 54 49 46 89 72 78 93 23 44 60 94 94 98 44 51 80 18 2 19 8 96 20 78 54 68 11 66 91 25 73 35 90 72 33 95 77 47 73 67 47 25 
29 79 29 3 24 43 22 4 41 17 30 36 78 13 60 76 28 88 12 38 14 83 91 34 20 87 13 11 48 46 16 96 37 76 38 52 80 21 49 27 99 85 30 10 0 25 41 9 55 34 21 85 88 14 27 90 96 80 15 43 25 10 57 16 37 75 6 55 35 50 9 71 98 19 78 33 58 68 33 86 100 36 4 89 4 93 8 
26 100 72 49 92 13 35 30 24 5 25 42 57 24 2 100 66 83 53 4 65 56 87 66 93 31 98 62 95 93 43 24 79 12 70 77 49 26 86 6 49 4 77 85 2 7 0 13 100 84 54 89 43 47 51 93 40 96 77 73 49 19 35 75 29 52 81 55 24 70 35 73 94 21 22 51 20 33 66 49 95 98 76 44 91 35 38 
36 55 25 97 0 3 0 14 46 50 8 66 83 4 88 17 67 68 61 41 73 88 21 13 86 34 22 92 99 89 4 43 33 83 66 71 81 94 15 67 87 94 58 28 19 8 95 41 79 33 1 77 52 8 89 61 81 25 59 18 86 18 22 5 54 85 21 75 22 78 12 20 46 50 80 27 85 25 77 64 22 39 67 70 2 72 50 
90 50 71 25 73 49 52 31 13 0 23 76 96 46 86 20 41 58 47 16 72 80 39 97 81 32 66 91 85 70 81 65 40 40 17 55 38 67 65 70 26 4 1 96 47 74 25 35 68 82 2 59 30 86 53 72 89 46 23 4 51 97 18 50 68 34 37 62 53 13 2 30 41 50 28 82 79 19 71 2 78 34 17 77 20 36 39 
78 6 87 10 85 50 25 54 39 74 90 76 16 68 32 4 95 32 39 34 100 84 89 12 85 82 36 49 70 96 36 1 32 69 36 79 98 66 83 81 49 46 67 47 36 46 100 72 78 10 56 52 38 85 43 87 74 16 78 24 25 62 21 46 46 78 92 34 45 97 3 70 52 29 66 49 94 24 68 42 40 75 35 80 25 81 88 
60 0 93 2 77 1 62 69 84 97 71 86 97 56 79 61 63 97 68 60 25 64 75 8 49 27 76 6 97 35 21 98 60 11 65 32 95 32 66 44 32 7 31 22 73 0 82 23 85 94 91 88 26 98 70 43 6 100 47 93 91 46 13 24 14 86 71 18 58 33 66 59 79 28 65 44 6 16 68 47 5 68 64 71 99 80 34 
52 74 7 41 77 12 0 4 53 31 67 55 81 30 28 24 66 66 25 54 76 54 8 66 27 97 94 72 73 69 29 83 11 49 23 1 41 38 98 19 80 33 23 36 6 94 87 68 93 95 74 26 94 16 52 79 47 45 88 58 49 85 69 15 73 40 25 13 82 88 76 78 32 1 83 33 29 100 44 22 51 26 32 100 1 57 69 
96 37 92 68 13 52 74 54 33 1 94 47 15 37 94 16 100 38 54 24 45 20 59 47 73 45 44 25 6 63 51 61 71 66 53 27 66 56 92 62 29 19 94 79 37 96 79 1 17 73 53 79 27 63 11 65 45 44 22 2 47 73 78 33 77 40 6 9 64 52 18 13 22 6 87 48 13 38 33 6 43 28 13 37 11 87 16 
94 31 83 78 4 6 53 1 46 56 36 17 35 59 32 9 7 29 3 58 95 26 54 65 19 4 38 44 34 33 30 100 65 16 65 45 8 17 26 79 59 29 43 60 54 77 55 30 13 89 73 13 6 52 32 40 7 7 16 42 58 59 83 28 70 86 60 26 61 78 79 36 26 45 64 48 92 45 91 69 51 71 52 0 48 59 19 
6 31 60 98 80 70 96 16 87 99 34 53 17 54 78 97 78 14 26 27 36 78 1 9 31 6 5 57 37 19 77 43 74 54 44 12 2 10 86 40 98 10 70 19 8 81 19 62 65 93 90 95 75 91 69 81 11 90 55 85 60 60 35 25 45 45 38 96 64 73 12 52 0 71 2 20 17 34 17 32 44 96 28 11 17 61 71 
75 80 53 38 2 42 5 55 31 5 82 74 90 58 76 30 32 96 15 43 96 71 63 53 88 42 76 81 43 69 71 88 54 91 100 38 81 0 67 22 43 0 22 0 93 10 35 86 36 89 10 88 9 51 70 61 0 57 28 78 39 74 81 72 20 74 55 62 99 9 34 63 11 50 15 27 30 99 97 25 79 33 85 29 2 43 6 
31 21 57 89 8 77 98 48 79 59 68 32 90 75 68 93 32 49 4 92 68 96 52 72 49 38 6 99 11 75 41 4 18 26 86 71 77 41 59 88 91 48 61 22 8 20 2 46 80 85 12 48 71 42 81 51 42 92 75 41 11 29 24 79 47 63 88 65 99 40 57 40 87 0 0 9 6 14 29 17 82 74 93 15 19 66 53 
23 52 29 20 13 97 30 99 59 35 0 69 87 39 43 62 1 17 68 34 76 25 24 40 37 65 21 53 3 30 47 58 76 34 36 26 62 72 99 58 59 20 100 70 89 12 1 76 44 29 79 19 35 91 32 67 33 86 27 49 14 36 35 85 5 78 71 26 33 83 16 70 74 49 57 90 25 14 12 12 90 24 46 44 89 34 67 
68 51 45 9 40 4 76 79 66 48 79 81 90 29 67 35 23 90 98 84 41 13 33 24 78 24 82 72 0 64 91 63 73 12 85 80 80 81 71 66 16 97 60 87 3 74 75 50 85 57 64 3 3 52 0 33 27 76 11 62 9 46 51 36 77 2 14 84 85 84 49 37 56 65 38 5 34 46 33 58 77 85 40 76 16 1 53 
48 91 53 88 11 17 74 86 55 56 72 51 55 5 68 14 20 48 21 63 55 22 19 21 81 5 15 97 98 55 5 84 42 53 10 70 32 62 59 82 2 35 77 81 23 25 45 32 56 99 71 68 26 65 3 39 14 33 87 23 27 98 11 12 18 1 17 96 97 67 71 96 84 28 28 14 40 54 40 42 90 8 87 88 62 0 63 
84 35 62 3 52 43 9 2 29 44 68 68 41 35 5 56 62 98 74 25 59 58 73 84 43 94 31 78 98 74 11 36 6 74 25 93 96 100 88 38 83 37 2 3 89 62 87 39 80 34 80 76 85 93 20 64 100 96 14 94 62 26 14 61 34 47 15 17 65 60 35 29 93 58 7 61 21 58 50 72 44 38 63 42 72 71 89 
13 46 53 80 13 94 17 45 19 56 75 35 27 73 18 12 82 91 77 0 15 10 34 27 6 96 0 86 18 56 57 87 45 51 76 87 42 45 19 0 30 35 28 76 34 70 45 92 21 90 9 47 8 1 29 7 33 39 74 35 30 13 91 21 83 72 16 17 28 33 34 39 50 19 75 22 39 61 23 57 31 86 73 61 36 17 23 
44 93 93 85 18 21 19 35 46 47 27 12 31 72 80 68 48 56 91 58 75 79 42 94 49 16 31 3 30 56 32 54 66 29 58 28 95 42 95 84 49 72 30 75 30 92 82 80 75 82 54 44 33 36 19 53 8 30 76 20 11 20 51 53 75 2 65 79 9 77 85 83 76 12 73 45 48 93 77 89 47 17 68 27 81 35 99 
72 66 26 20 66 73 71 72 31 2 5 11 94 80 43 82 92 73 59 32 50 73 30 13 91 54 25 81 53 56 49 83 20 87 43 76 3 28 61 97 99 50 81 8 76 27 63 92 49 70 89 80 52 82 57 90 45 33 76 86 71 39 72 13 82 53 74 61 56 72 48 83 36 26 63 24 62 68 84 10 49 34 40 38 69 44 87 
89 18 20 65 9 91 20 67 34 18 80 66 24 27 1 80 83 94 52 3 13 51 43 51 19 25 5 31 27 76 71 29 25 52 94 62 77 53 100 27 100 81 21 47 1 47 30 2 64 22 57 22 80 72 79 12 28 6 36 69 24 38 85 85 50 4 7 40 32 57 58 8 72 47 11 84 46 37 14 1 71 7 23 100 25 63 38 
59 73 25 9 67 76 41 85 100 15 60 78 88 74 32 3 10 80 47 78 29 46 71 61 99 1 76 73 79 58 86 87 56 88 81 97 13 21 96 50 25 97 14 19 47 73 10 39 11 1 87 38 90 13 50 1 43 0 96 3 39 50 7 82 4 45 63 90 25 49 10 89 6 31 63 55 76 67 39 1 11 84 27 56 15 12 78 
54 4 94 10 12 21 84 66 89 95 9 27 6 81 9 74 21 57 88 92 31 68 47 65 60 1 42 19 61 88 26 2 0 54 30 14 44 91 81 96 15 34 39 38 59 74 57 39 58 66 44 27 56 86 30 37 92 95 80 71 57 62 7 28 61 71 3 16 60 66 44 21 62 21 97 10 53 81 22 57 77 12 72 5 25 84 4 
30 82 76 77 0 73 35 24 53 97 28 34 94 62 47 72 93 5 2 39 7 38 61 10 56 60 68 85 74 2 13 31 61 8 6 81 33 21 70 79 61 54 53 51 25 35 44 30 57 93 86 59 95 7 54 17 20 12 65 18 66 91 88 46 47 10 27 18 42 92 66 17 91 62 24 68 52 47 76 92 62 56 32 61 89 96 87 
86 60 44 77 45 64 70 64 60 1 82 94 95 73 99 53 48 48 58 63 88 5 76 1 91 36 81 44 72 20 37 12 77 47 42 43 54 89 41 40 75 2 41 52 25 21 68 78 81 31 87 95 72 26 16 18 21 80 21 2 83 82 41 35 45 23 82 10 40 89 86 5 90 10 20 82 95 100 0 32 31 4 66 80 72 40 12 
56 30 5 72 17 0 25 19 55 9 4 72 55 3 57 56 11 84 24 12 0 91 9 85 98 90 13 51 35 56 55 8 93 100 23 78 89 67 45 32 19 71 70 46 43 52 14 99 72 3 8 94 29 56 28 47 3 12 12 81 94 7 92 27 90 89 87 85 76 21 28 49 61 22 64 51 19 90 54 1 75 83 88 84 98 57 76 
31 51 8 4 45 79 79 59 37 77 75 75 6 69 77 69 63 83 16 66 88 78 47 58 96 63 82 34 64 32 0 47 43 10 21 30 8 47 44 94 43 10 63 95 95 71 51 16 2 20 43 27 49 16 5 54 94 0 82 44 33 13 11 53 30 60 26 74 7 95 87 48 53 75 11 24 33 46 3 37 62 57 19 70 75 14 67 
95 61 63 16 47 5 5 96 38 5 99 67 40 8 100 44 29 83 15 4 97 60 88 9 56 0 81 100 62 20 83 51 55 51 48 16 56 11 18 36 57 48 70 26 75 9 38 62 19 97 67 92 12 91 63 3 78 71 12 94 43 35 38 74 50 69 92 54 100 21 40 87 22 24 44 77 7 22 88 36 3 63 10 86 11 32 85 
51 34 98 82 94 80 49 57 43 51 40 68 8 5 2 66 26 39 53 40 0 50 1 74 28 49 43 53 9 9 39 13 19 64 9 28 55 34 62 51 25 82 56 91 3 87 65 21 92 14 17 40 58 24 10 93 13 75 63 50 43 28 23 18 34 34 6 72 8 51 21 16 94 76 15 19 63 30 88 55 45 56 24 64 84 77 60 
92 57 61 84 76 2 99 47 92 4 79 84 10 99 71 85 99 35 64 20 94 83 61 22 35 64 21 45 52 66 96 60 74 34 12 45 77 54 47 67 55 15 14 72 29 11 2 86 40 78 85 96 54 3 61 31 3 78 43 93 50 98 9 10 67 41 94 35 41 70 68 43 52 86 34 68 28 57 96 81 23 46 10 24 76 31 42 
19 37 51 85 34 87 97 76 48 46 62 0 11 50 80 70 80 8 36 39 55 74 76 10 21 80 77 22 3 71 84 77 75 63 26 27 47 19 9 45 78 13 90 40 5 49 77 5 20 70 79 44 93 46 46 97 9 15 8 29 28 11 36 23 90 64 81 43 22 4 74 97 61 61 54 8 60 40 54 12 35 79 22 65 65 80 7 
70 35 86 61 46 90 38 59 24 51 87 80 69 16 35 35 32 65 25 77 81 53 43 66 26 80 3 23 80 70 26 47 74 65 82 100 22 49 40 12 18 36 82 34 56 61 39 13 69 71 69 52 33 65 36 83 18 54 70 12 4 51 12 96 16 53 93 38 4 16 4 66 9 86 91 68 68 37 35 67 35 51 15 50 42 74 19 
99 53 59 30 16 39 86 94 51 64 49 81 95 95 69 13 54 98 100 95 8 47 81 97 4 9 47 86 59 71 60 9 35 60 17 34 29 49 25 18 87 80 6 91 11 83 87 69 25 97 12 94 26 52 54 63 15 35 36 77 59 72 49 59 47 2 60 90 1 5 55 25 23 33 79 4 67 13 51 97 69 54 94 4 27 44 22 
72 44 65 32 67 10 92 20 11 14 90 70 8 55 90 13 10 13 2 73 34 50 39 13 63 74 79 27 19 38 67 88 30 34 96 80 77 71 45 7 67 14 5 21 69 75 96 46 100 47 63 30 42 16 17 57 57 18 50 25 49 33 98 97 25 88 9 28 79 66 18 2 33 67 28 71 96 25 97 85 69 17 61 12 93 87 36 
84 47 25 15 63 41 4 90 98 6 25 42 70 25 81 96 9 72 96 71 20 79 99 25 94 49 49 82 64 23 57 33 9 57 17 44 80 99 20 22 39 100 38 96 5 100 35 90 87 53 78 27 70 10 72 95 44 0 5 73 77 50 58 63 67 58 26 88 65 28 88 72 100 23 45 44 13 28 53 78 54 100 22 22 35 19 84 
26 32 34 27 52 27 99 60 42 51 50 72 61 16 47 33 96 33 54 98 11 83 13 84 86 71 31 37 37 36 85 13 49 88 78 0 86 19 85 5 2 45 36 62 17 70 64 36 32 98 53 91 16 93 13 11 13 44 25 97 51 78 36 85 15 43 91 98 23 75 28 51 89 48 85 48 30 5 83 67 38 80 62 17 14 39 38 
59 25 15 68 26 22 8 52 68 76 98 5 28 56 62 51 47 9 5 73 0 10 65 0 71 92 61 83 45 28 43 7 45 92 64 23 0 57 55 48 40 25 51 10 35 63 79 67 97 88 68 72 51 76 34 98 33 26 42 67 93 36 75 98 70 76 39 98 40 77 8 21 21 78 100 26 76 23 55 89 68 79 45 88 51 60 19 
87 82 67 77 58 21 58 20 25 49 13 84 94 53 64 56 25 39 0 2 40 1 96 91 17 70 21 25 24 93 78 22 12 86 76 68 35 89 70 10 30 26 98 46 61 76 74 95 19 25 85 3 38 32 95 85 36 70 34 3 90 23 23 64 54 2 97 2 52 30 32 50 59 26 43 54 17 65 4 98 3 35 99 79 25 55 64 
75 65 26 74 11 22 27 10 17 27 76 97 82 90 15 75 36 18 76 81 93 87 26 93 76 80 54 31 88 61 17 50 54 44 41 33 93 60 52 24 70 1 55 28 18 70 85 6 40 19 87 5 31 37 76 63 12 75 99 7 61 79 83 41 47 21 16 80 9 41 7 69 50 81 75 59 58 35 7 73 56 87 93 68 25 37 31 
75 13 80 3 51 7 3 77 56 77 18 50 69 98 56 5 7 12 76 30 18 59 2 46 38 20 17 94 40 55 88 86 16 97 85 19 55 24 84 49 12 12 98 99 53 67 94 17 62 55 30 29 43 10 59 35 25 30 56 32 16 12 14 5 13 48 36 73 51 33 44 64 24 20 0 39 4 87 91 8 95 47 51 53 50 32 35 
83 79 20 51 80 10 89 83 35 45 89 46 33 8 74 59 78 76 62 63 67 94 2 39 76 90 46 87 45 35 12 36 55 10 64 67 73 45 65 47 81 61 81 52 38 31 2 3 62 19 52 79 64 95 35 65 31 84 13 77 33 7 39 64 24 52 55 56 77 74 50 39 95 34 72 64 65 81 28 48 79 55 25 41 53 28 37 
48 63 3 40 96 14 85 62 64 37 23 0 61 98 72 47 31 100 0 99 51 13 89 71 39 14 68 31 10 81 13 90 71 9 33 45 25 77 36 76 55 1 45 10 76 75 4 25 77 43 18 52 19 80 45 7 94 17 34 63 67 19 31 99 24 98 5 88 8 75 46 44 57 25 26 1 91 9 78 42 61 74 61 96 81 25 84 
6 1 87 9 2 40 83 7 80 31 87 89 46 43 47 90 37 49 72 51 34 25 35 40 71 100 17 82 46 18 64 85 68 54 74 48 81 57 76 54 50 46 3 74 84 34 9 18 89 29 11 70 61 23 51 77 34 100 15 68 76 7 8 57 11 33 70 8 90 61 15 92 15 41 33 70 17 68 60 72 25 95 71 14 9 21 49 
74 56 73 57 42 80 83 31 32 51 3 79 29 33 58 0 91 86 74 88 50 26 51 45 77 94 31 72 26 42 46 91 64 4 92 75 41 43 70 78 93 24 54 97 93 20 69 88 97 4 86 63 73 9 2 17 28 74 63 19 5 90 31 49 49 17 62 4 88 48 48 34 63 93 49 53 11 55 42 23 24 6 60 2 38 6 23 
99 23 83 28 16 50 94 19 60 20 81 55 53 59 20 87 40 42 4 54 98 81 71 61 46 43 30 59 56 92 80 66 46 63 19 81 31 16 2 24 44 55 33 53 25 89 100 48 68 64 3 4 19 89 40 49 96 89 38 83 94 44 1 2 75 2 17 40 69 68 2 31 43 11 51 45 95 73 46 56 44 40 19 95 78 73 10 
