4 -57 -60 -2 -36 -48 28 20 20 -65 -12 -20 16 6 14 -40 -13 -28 -72 -11 56 1 -18 6 4 -22 -7 7 -74 63 53 -28 -28 -23 -23 -35 63 71 -29 22 5 61 -13 40 -13 46 -16 25 22 -44 -66 4 -28 -19 -7 -17 23 -49 45 -9 69 65 48 -71 57 4 47 40 81 3 6 32 -18 9 65 20 33 12 -8 6 -2 -10 46 -7 39 43 15 
-45 95 -67 -20 76 69 -20 -8 27 -14 52 -28 23 1 -33 42 15 -14 84 77 -60 -21 -65 -9 70 -14 6 24 48 -65 -20 -25 -18 -26 0 99 37 7 -26 -38 -24 -53 35 35 14 77 29 -24 -37 -13 -18 83 -1 53 29 27 74 50 -30 -32 17 7 -38 3 33 -28 47 -16 56 46 67 -54 -58 -82 -51 -13 -5 -30 -37 -79 -63 -5 54 -86 -12 31 -6 
-2 -27 -13 -7 -65 -27 -17 -11 -42 -10 23 69 -19 -37 -2 34 23 -56 -70 -3 -18 -51 -73 29 -77 26 -19 -33 6 -58 -47 74 15 -46 37 -5 -8 -71 -56 -80 -1 23 38 -62 -68 80 5 -59 41 31 -13 46 45 4 16 1 19 12 -9 -7 -34 -40 24 -55 -34 51 9 -17 4 21 5 48 14 68 -38 55 24 35 78 -65 8 17 7 -28 54 23 -23 
71 -3 11 71 -27 -42 50 3 41 -33 -11 23 -64 -72 25 43 -69 32 36 20 -16 -28 -13 -4 28 4 22 -43 -40 38 -7 1 44 -8 25 6 -33 -57 26 51 5 -9 -22 37 -53 -11 -3 11 84 -49 26 -2 -83 -90 -43 -43 14 -45 29 0 17 -47 57 2 -37 74 -45 47 -5 -66 19 -3 -27 -14 70 -35 -88 -2 12 -29 8 -19 65 -6 -74 62 12 
-9 -74 70 47 -7 -26 48 22 68 -13 42 38 -18 10 63 -20 25 20 -24 -18 91 -11 3 28 33 9 56 69 31 -51 9 12 -21 -72 36 88 6 -16 13 19 -58 -69 50 56 -5 12 15 2 16 -75 10 -55 61 -49 -15 -50 -30 -8 -72 6 26 -38 12 1 -25 20 -22 -33 16 9 33 64 58 80 -45 8 18 21 40 2 -46 90 7 -69 -44 -29 -36 
-52 61 -40 41 17 78 -25 -91 -41 -37 -62 -58 -52 -14 -59 -49 -60 5 -3 -83 5 27 3 -7 48 -4 -44 25 14 -71 -22 -8 32 -8 -38 -63 -3 92 -37 63 57 -88 40 -17 -43 4 29 43 43 83 -9 4 30 -78 -9 64 42 -36 5 50 -53 -6 -35 -78 -71 -78 3 -36 6 48 76 14 12 11 -15 9 34 -23 17 -52 -31 8 22 66 -33 34 -91 
38 44 -24 54 -2 58 -12 41 0 -11 25 -38 -5 0 -64 83 -57 13 -5 24 44 -2 14 -17 -39 24 -23 48 -89 -52 -36 -2 -43 -55 -14 -27 -4 74 60 20 -40 -35 -3 -46 6 -45 -1 -40 -40 6 1 -53 -1 16 20 29 41 -4 38 -7 41 94 -8 -70 9 24 -16 29 -63 -86 71 -30 -29 45 -58 1 -29 -42 88 -1 3 25 53 66 9 6 -69 
-13 12 4 -44 -11 32 -55 50 6 -21 8 60 -34 -25 -8 26 15 -23 24 48 -3 12 7 55 1 -50 32 -63 -36 -10 31 -41 21 -77 -59 -39 -94 28 15 32 60 69 24 3 3 -13 -67 68 23 -10 -8 -4 35 -24 20 -20 -18 -8 -18 -82 -49 -29 9 11 21 -43 -46 -3 -18 -60 -27 4 -43 -57 -1 -25 -36 43 87 -37 8 49 -4 -77 -15 48 -1 
-41 22 50 -39 44 14 39 -19 -45 60 -6 -19 82 65 21 -61 -53 18 -89 22 -8 22 -83 48 -31 41 52 32 -61 63 -71 11 -86 -4 -53 -1 -28 -34 -19 -84 78 60 10 10 28 -47 67 2 10 81 -49 -19 -9 -21 -5 86 -24 39 4 7 -13 35 -4 -9 -10 30 4 2 35 67 -26 55 14 2 38 -2 -4 -8 -4 37 76 47 -47 -16 -87 94 -10 
3 10 -58 12 26 -46 -1 -19 26 38 18 -17 -3 -91 26 57 18 33 -25 31 -44 92 31 27 70 -3 -26 52 -3 -35 -68 -18 -89 -36 -44 23 -6 -10 11 -55 -60 7 -67 27 4 -43 -70 -57 26 -63 -23 52 -1 4 13 14 38 -26 4 42 46 -66 -3 54 -40 -8 -53 -64 4 95 -16 -23 -6 12 22 -20 -6 35 7 14 21 46 20 55 1 -31 52 
-82 -10 -27 -64 5 -22 47 35 21 2 -86 4 91 -70 32 83 15 9 35 -3 53 -23 18 75 31 -39 -55 -23 16 -50 -78 -12 7 -23 29 45 -42 20 47 4 -40 -46 17 -82 -4 -25 -22 17 67 39 -16 -7 2 7 45 -20 -75 -35 1 -8 -37 -70 8 37 46 -68 5 16 -21 -27 -46 33 15 78 -48 -24 59 65 -1 -21 32 -38 -10 -55 25 -2 -3 
69 -66 -79 -79 10 -6 6 72 52 55 -93 12 0 -24 67 3 68 0 -37 18 -19 3 -48 0 -41 -47 17 78 4 -11 -2 15 15 36 56 -28 10 72 25 20 13 -89 -39 -24 12 11 16 20 13 24 5 2 98 7 58 -82 -4 -20 -17 -14 51 42 69 44 22 -12 36 83 66 -44 79 21 -4 -36 23 48 18 8 -64 39 -4 -6 8 -37 66 8 -86 
65 62 -67 20 -17 91 -6 -81 -48 -24 25 -21 -17 -11 14 3 23 2 51 -29 7 67 4 0 19 -28 35 -10 -19 5 30 -43 -4 -51 -25 13 -6 64 7 35 14 12 -96 -45 8 -4 -97 -10 -42 -7 1 14 49 0 12 -7 2 67 1 -50 21 47 7 -1 7 13 2 -59 -34 25 6 89 25 26 -42 41 72 -54 16 13 22 -31 -5 6 37 89 10 
20 -35 56 -36 29 -8 -24 47 -56 28 -19 23 20 35 24 37 79 9 39 28 19 -12 70 2 -15 17 5 18 -49 -11 -66 -4 -21 -75 -1 38 82 51 29 41 84 61 -35 -62 -38 -8 84 3 4 21 -28 48 0 17 -52 61 54 36 32 -15 63 38 -27 -12 -41 -14 -41 -55 -30 -28 -63 -36 43 66 23 -57 75 -21 -22 25 -52 -30 -41 -1 -82 -2 -24 
32 4 47 75 -23 -41 5 -18 19 30 59 -30 -14 44 -42 7 -14 -70 -54 84 -20 24 -65 -85 57 -31 80 6 -55 4 -43 34 20 24 -5 73 -57 22 43 -30 18 -31 -4 17 -75 13 35 -35 7 -50 1 28 28 -30 -16 -61 -43 2 -81 -23 22 53 44 3 65 56 -12 12 -69 13 -56 -78 -7 -51 -13 87 9 -77 29 10 29 -26 16 -21 19 -72 -97 
-8 21 -46 87 -8 62 54 59 75 8 -83 48 29 18 19 -12 17 -23 38 -16 65 26 52 83 -72 70 69 6 42 -33 9 31 -32 4 3 -28 -67 -59 42 -17 56 13 32 -16 -10 36 44 -9 3 26 -60 6 -1 -34 5 12 -71 29 54 -31 -34 51 5 -17 -63 -31 47 12 -1 -23 84 51 44 74 79 28 29 5 10 9 44 50 -67 -7 20 -84 -21 
-28 71 -38 -7 -21 36 68 94 14 47 42 9 -11 1 5 61 -12 -45 -73 -52 83 5 -66 43 34 12 -66 23 32 68 -60 71 32 -71 2 -24 -68 26 1 73 -9 65 -57 47 1 30 -92 -35 -8 -38 -25 -21 -24 -4 -15 52 84 49 33 -18 30 -66 51 58 -24 33 -44 64 33 21 48 14 31 17 -29 5 81 47 31 57 -7 47 15 -43 -80 30 -36 
-96 41 -29 29 11 -11 28 -39 30 10 -2 50 -27 21 -35 15 -45 -75 -11 71 22 -45 0 6 9 27 17 2 43 -88 15 31 -27 -9 52 -22 22 -35 22 -5 -18 2 -56 -48 -80 -25 -5 80 -30 -1 66 -11 49 -39 35 -14 -12 -48 49 -54 -56 15 8 4 28 -2 49 -10 -25 4 5 33 -58 37 64 -67 -10 -18 0 39 12 58 -62 -14 -1 5 -40 
-8 11 -29 19 -89 37 19 -22 62 27 -32 33 54 -63 62 -20 28 21 -46 50 71 17 -33 -5 -70 -10 -16 74 -33 63 52 -9 -54 -28 -33 -42 -67 -33 -44 -7 79 -6 68 16 -28 53 39 -28 -16 5 90 -57 -15 -52 -5 65 -54 -17 80 -56 -72 -19 -2 -73 31 -76 -15 55 -20 36 55 -35 -56 51 84 -49 -1 16 -97 -23 -21 -8 33 -28 68 -66 -49 
-9 -38 30 -73 55 -17 10 23 -74 30 -38 20 -25 -11 -29 1 -48 -36 3 -2 23 17 81 -61 -4 -71 -54 3 55 14 -10 48 71 -20 -51 -57 49 -31 -83 83 -52 26 26 -8 46 89 -16 5 -30 4 -51 8 46 49 -61 -98 67 7 18 33 52 6 6 29 1 -34 -23 -6 16 -26 4 17 -45 -23 -65 1 -35 67 -8 -5 -60 -12 28 -15 28 -63 -77 
-54 40 48 -16 -5 -14 -26 -39 32 -46 -21 11 -23 42 36 -40 -28 62 31 24 -22 -59 35 -35 71 -72 -58 23 -40 52 9 31 48 22 46 -5 34 47 33 64 -22 -59 -77 -13 21 -24 -4 28 58 39 -51 -47 -72 -8 69 -33 71 -2 2 -48 -38 -12 1 23 -5 -60 -79 12 58 59 86 31 -69 0 21 26 -32 53 31 -4 -88 -4 -75 -42 -64 -16 -69 
-37 1 31 31 -79 -13 60 -31 -2 -85 22 62 -17 8 -34 47 49 -59 43 64 4 -40 2 -6 60 -4 -5 -12 -22 40 7 75 29 -91 30 -4 64 -36 -11 5 -8 -79 -3 -40 -5 48 -17 3 -3 4 42 -35 -65 14 21 15 0 -25 33 -60 -4 -43 -6 -15 38 -92 32 -40 5 3 -20 2 -64 -4 -17 -79 -53 54 100 -16 21 -2 19 63 38 -26 21 
50 33 54 -53 54 -45 -41 -21 44 -44 -3 -20 1 -4 -5 -16 36 50 -11 7 -14 7 -82 -29 -54 -23 -14 -13 75 -11 22 -77 42 65 47 19 27 53 47 30 -4 -41 -43 9 -81 -65 -43 -44 63 -7 85 -61 -63 -14 6 -16 3 59 -85 35 91 -25 -39 84 51 -26 -3 24 51 -88 4 -69 25 -8 -8 -50 -1 65 -5 -1 11 14 18 -4 27 -25 -49 
15 43 14 -3 -13 58 -67 14 35 48 -41 -26 -25 68 -29 -53 39 28 -37 50 14 -1 37 -48 -37 -15 41 80 70 3 21 -45 12 -18 -6 -14 12 45 24 29 -75 50 -80 17 36 -45 46 16 4 -29 -53 -38 65 50 35 9 -40 29 30 -24 41 13 27 79 -50 78 -52 -2 -11 -60 -7 -62 38 -64 11 39 11 -15 -10 -39 26 -20 -29 -59 -27 31 43 
-39 -19 36 11 100 -18 20 -38 -65 -7 29 -41 42 -12 86 52 -5 0 37 38 -43 -22 -12 -9 -3 -28 51 13 4 -25 48 -6 26 -54 -64 42 32 -33 -5 -88 31 -58 -2 -31 -78 -58 34 -4 -12 -30 -11 -52 -38 25 -95 25 -16 69 -30 -10 14 -75 46 -52 -34 -25 48 14 16 28 24 5 -48 16 50 10 25 22 -58 73 -51 -72 -79 21 -11 -61 -74 
42 10 -14 -9 -3 64 -31 -31 5 35 -8 -7 -19 10 -9 30 28 -9 71 46 -21 -23 74 77 -11 5 -48 18 -52 65 -26 -31 -66 -46 -7 -30 -12 12 -26 53 -75 -21 52 -29 37 -18 7 3 -54 36 -4 -5 -70 -25 14 5 3 -33 41 12 33 47 16 25 -97 24 3 -19 -20 -3 -11 0 66 8 -67 -49 70 59 -26 47 30 36 22 80 -11 55 27 
-36 -14 57 69 51 3 -57 20 -7 19 -27 -23 -2 -9 6 2 8 -68 -23 -31 14 17 2 -15 14 88 84 39 -84 -18 -55 4 -34 30 -70 5 -17 3 15 51 -13 17 9 78 -27 62 47 -23 4 2 -7 19 -6 71 -3 2 -52 -11 -11 90 -72 -11 -31 -90 -26 76 16 -51 27 31 -47 52 0 -25 -27 0 -46 22 -7 -83 -9 -10 -95 23 -48 -55 -3 
-31 22 14 -43 -39 -64 -53 38 -45 -82 -68 -40 -16 -19 -31 -48 -6 15 -82 -18 8 79 -13 -33 -43 -30 47 23 14 4 4 49 9 24 6 71 -73 -20 -37 -19 10 -31 -74 46 11 -20 10 -1 21 56 69 24 20 32 51 -17 -36 20 -75 -27 -34 -2 10 37 39 25 12 -19 -4 29 59 30 -63 35 -53 -15 -13 -1 -54 -67 -17 15 -42 -43 -60 17 -6 
34 42 5 22 -64 0 -61 31 61 1 34 13 76 1 65 -80 -40 -7 27 -9 67 -55 -45 18 65 8 23 -23 -12 -47 -49 49 94 48 24 19 62 34 -4 -78 81 9 6 0 75 -45 33 -71 -78 3 -3 4 -2 16 -19 -5 -7 4 -74 13 -76 -55 -63 55 -24 -27 -75 -27 -74 3 46 -53 23 65 -84 40 8 -27 29 24 -2 59 14 20 -60 -76 15 
68 -1 13 -78 19 87 -20 43 31 -59 10 -26 -35 29 77 15 26 -12 -17 -31 -7 42 -67 -53 -20 -14 4 -8 3 3 10 -39 -64 19 -67 83 -52 -5 33 -46 -49 -17 44 -27 -55 81 65 -6 -4 16 -41 -89 31 -19 64 -25 24 -65 -7 90 58 13 30 2 -4 24 -13 -47 -7 63 22 -30 -14 -33 84 -56 -48 -12 -36 2 24 1 -22 -41 -48 -27 -10 
-27 -79 -41 12 3 -22 62 -55 -5 68 16 -12 7 42 -18 -32 60 -60 45 -37 -93 14 24 -32 46 -27 -89 -18 -54 41 -37 55 -45 -34 -17 15 10 58 45 15 -7 -16 62 -51 -30 37 18 -1 -1 5 9 0 87 61 -18 -21 76 36 -19 39 -40 71 -69 -5 2 62 37 -20 18 42 14 -35 -71 27 39 -36 -31 -20 -8 10 -31 7 -8 -5 -8 -25 69 
-7 -22 11 -14 32 -4 -40 1 69 70 32 -41 -14 -22 -2 74 -13 73 -6 53 66 60 6 48 60 -59 8 22 94 -29 -41 22 -25 -58 59 12 29 7 22 -31 21 -12 43 -80 15 37 45 65 -38 -16 -17 -8 38 -33 24 -9 34 -25 4 36 34 23 -48 -37 0 80 -41 -38 -96 -9 7 25 55 -47 39 -47 69 20 9 -70 -64 -3 35 45 -1 41 -57 
4 57 -8 85 -9 -17 28 31 -74 78 -13 -46 7 23 -50 -48 -25 -49 -37 28 10 -13 -13 -66 52 -24 3 -18 -54 51 26 -41 -28 37 -8 -46 23 -5 72 -35 -2 -36 27 22 2 -33 -58 22 0 67 -70 7 4 -28 -82 -72 24 30 -53 2 22 3 13 3 33 -50 -3 0 31 -42 -69 0 7 60 -36 -39 -7 -70 83 8 45 -28 24 23 -21 26 -77 
-23 -25 -21 -51 -23 82 -47 -32 2 0 -32 -11 19 -36 39 -49 53 -33 83 -3 -40 -8 34 52 -36 -34 4 -6 38 -74 -7 82 1 -8 -2 20 -34 -12 13 -65 82 -74 -41 -61 -65 49 41 66 34 -90 -7 18 40 -28 59 57 -29 31 0 10 37 0 51 5 -41 -37 58 57 5 18 5 32 48 62 32 -8 18 -11 47 38 -91 -55 47 19 -26 -81 48 
-5 -34 -8 24 -56 21 -79 -11 69 -17 63 -64 68 -93 1 -4 -3 5 -61 2 -60 64 -65 28 36 63 -53 84 -26 -17 42 -44 11 27 -86 -46 72 11 28 43 35 -9 -27 20 -66 1 51 -8 6 48 62 -33 -53 89 35 -15 24 26 -3 -56 -62 25 7 29 67 -31 -4 -62 29 13 36 19 33 62 -40 32 5 32 48 22 3 11 -87 -5 -64 3 -70 
28 -54 31 72 -64 3 25 11 -20 87 -56 -64 -13 20 -65 23 -33 -10 -64 25 38 16 88 34 37 39 14 13 4 41 -31 -6 -15 -39 -36 -17 34 -81 9 -44 74 68 76 -35 31 21 -23 -1 60 14 -60 19 -10 -17 -39 13 -49 65 -55 0 -33 83 -11 17 21 -45 -26 -9 -81 34 -58 41 -39 67 0 -15 -78 -1 -54 -14 29 -18 -13 77 -53 16 -24 
-76 13 -14 -95 33 -27 76 -28 -39 9 21 22 21 4 14 22 -1 33 -54 -33 68 -81 18 -2 -25 6 -19 -3 -63 73 -13 -12 -44 52 -37 -85 -5 -34 15 19 -60 -6 -45 -36 30 23 -34 81 21 17 39 -52 6 -1 -22 -16 -38 -34 53 -99 -5 -5 -57 25 -49 23 -64 0 -30 74 2 -17 -3 19 -25 -33 6 -51 -84 55 -55 9 -5 47 -33 31 77 
-26 22 3 -87 6 -42 5 32 51 -1 -56 -7 -72 32 -74 20 -5 -55 -7 -79 42 8 -54 -6 -2 61 38 22 22 35 -92 -16 -23 -36 59 28 60 -62 -66 27 48 -71 46 37 -1 -5 19 -66 -23 44 -53 80 3 -16 -25 -3 -34 -31 -71 -7 25 16 -17 -36 -17 -44 -21 46 -25 4 25 22 35 69 19 -23 -42 68 -65 -8 -74 46 -38 64 -56 -32 -61 
-33 73 27 46 -12 30 -7 0 -27 37 -2 4 -30 39 20 10 -23 11 10 -31 70 -25 86 31 71 41 25 10 4 -54 -32 -66 22 5 -22 -49 -34 10 58 -58 54 -40 53 -54 -29 34 25 17 20 -72 31 51 -17 -63 82 -37 -41 -8 17 -76 -22 -18 33 -20 -13 -19 -29 -63 -21 -3 31 -4 -46 -2 -36 51 66 33 -50 -60 6 46 13 47 -90 14 -27 
-74 70 -7 54 67 25 35 -59 -62 37 -65 49 17 78 -19 -14 47 -27 56 -67 -1 -16 8 -19 -25 17 -47 3 10 -40 1 -1 0 19 20 22 6 14 -72 -24 2 -58 -53 -21 -37 -14 -45 52 -2 61 77 -5 -41 -18 -21 44 46 -21 -41 8 -29 40 -39 -42 7 -40 24 -31 -35 2 68 20 -17 -25 -81 -61 -21 -55 19 76 43 48 1 -13 -23 -13 19 
-3 24 13 2 46 77 -66 -1 -74 65 71 57 58 63 8 -53 -10 53 74 4 15 4 2 -58 -55 67 60 -8 60 -55 -9 28 -28 -73 -34 -52 -40 41 -27 68 10 59 45 81 -31 20 72 -36 81 21 47 -39 -7 27 21 -12 -67 29 -38 31 -50 41 -26 -7 -45 48 28 -38 19 -14 13 38 -28 44 -49 -11 -65 16 -86 72 -93 16 -78 29 -14 34 59 
-21 20 6 24 22 -4 -9 -19 27 -59 -10 -17 43 39 70 12 -53 66 2 -27 9 -86 -43 -72 5 75 19 2 -2 -59 15 -16 3 -23 34 46 -12 -9 65 36 -72 -15 -20 45 4 -19 87 23 27 -35 -45 -34 -80 -69 -14 71 -9 56 -19 37 -36 9 67 -76 66 -82 -28 -36 8 92 11 50 6 27 29 -23 80 55 13 34 -31 19 8 32 -6 63 67 
28 62 2 69 3 96 -40 -38 -2 24 21 80 -47 57 -71 -23 -1 43 5 -53 5 48 -2 30 -8 -71 62 36 17 -10 -29 5 -22 6 -77 -9 39 -14 -18 18 28 36 4 -13 51 73 54 -32 10 -3 46 48 36 17 39 22 -4 58 4 -49 -10 74 -6 -38 -57 -79 45 -76 56 -37 -22 -75 -22 7 -27 27 9 49 5 -60 64 -14 34 -21 -33 -14 -39 
-34 2 -51 -67 -56 -37 2 -58 -53 -45 -14 -3 45 -63 -6 10 25 54 -85 -4 -4 67 36 -30 -76 61 -65 -88 -1 -47 -62 60 -2 17 21 15 31 -2 -36 7 55 20 -64 -21 -98 -59 35 -16 4 21 -3 37 86 -2 -9 42 45 42 2 -36 -35 -65 -18 -10 18 -20 -64 41 -54 -8 -67 -12 5 -57 -16 -46 -42 16 0 53 75 -33 -67 69 4 61 -74 
-38 79 -28 31 21 -37 -23 -59 -28 -94 9 -40 51 -68 -48 15 8 66 52 -31 55 -34 -9 35 42 24 77 -20 45 70 -49 -48 -19 -32 30 -14 -30 -23 20 -25 4 -41 61 23 -82 -25 -71 -52 64 68 -24 62 27 -17 7 37 -5 23 9 -4 37 -37 -36 57 -59 36 2 18 -38 -11 -10 9 35 -70 -55 -5 -31 19 22 40 15 50 33 17 -9 12 3 
27 -6 20 54 -10 0 -55 -34 -54 -3 -37 35 22 -91 10 -20 41 -26 -38 18 -19 65 -25 -80 -6 -32 -65 38 83 59 -61 -48 -46 57 19 17 74 89 -43 -29 7 72 -29 -45 -57 -3 58 36 64 -38 -11 10 1 -22 -9 -8 78 -74 57 -5 54 4 -53 -6 44 75 -51 51 -63 31 7 10 1 -50 60 -34 18 -6 6 -31 -26 -57 9 -1 -24 40 -35 
53 -11 33 -8 8 28 52 11 5 -26 -32 -14 5 43 1 -18 18 55 -27 11 23 57 22 6 8 14 -17 -1 34 -29 59 -29 18 -15 -58 22 -32 -9 34 -30 -14 -2 -97 63 -13 -17 -39 -47 67 -6 -23 47 19 39 -42 -2 -9 -9 -34 -24 11 10 10 -26 -20 -64 36 -13 -21 -79 0 -6 34 29 -54 18 41 -74 22 -74 -2 27 -33 48 -32 17 -16 
-1 -15 16 -68 53 12 20 27 -47 52 39 8 -32 28 -3 -82 24 -56 28 -50 19 43 4 5 31 8 -38 4 0 14 -35 -28 -54 46 29 10 22 -23 37 74 18 -28 -5 1 -17 -29 19 63 45 1 -16 7 36 80 15 79 29 -39 66 -37 10 24 -53 22 -41 69 8 -54 -19 78 -42 66 2 25 -19 -9 -3 -67 47 -50 -17 -7 -32 -10 -42 29 31 
-16 -23 25 -47 65 -33 19 47 7 11 69 75 43 -5 55 23 62 0 -18 -34 -15 -25 16 -32 21 -67 53 -20 45 -2 -68 85 -37 -33 58 4 35 -65 43 -19 24 -32 -12 -11 38 -20 30 20 26 3 84 -5 -43 42 39 30 -18 45 -34 -7 57 -52 -41 -66 -6 56 20 -59 1 -15 30 2 -3 -1 22 -38 -21 13 25 -28 -28 63 12 34 31 -16 -46 
19 27 -14 -1 -15 -56 -57 -61 -36 -39 -17 3 79 -54 -29 -22 6 23 -56 20 48 -43 -91 36 -69 -1 73 3 -21 -21 -9 55 -2 -16 22 -7 26 -17 4 -11 20 27 -46 -15 -89 7 18 -16 38 4 2 -51 11 -82 -11 47 -11 -4 5 25 30 -7 5 -69 32 3 -4 -36 67 79 51 44 -42 -11 -14 -22 18 25 6 -43 25 -40 -60 98 -27 -40 22 
85 6 90 62 -60 33 43 46 -34 -42 87 -25 -81 -34 10 -58 31 -40 -37 -64 -40 7 56 -28 9 0 3 -44 -51 -7 -35 -21 -29 -22 -17 -39 -2 -17 -6 38 -56 -81 32 61 2 66 55 -23 -82 25 40 17 -30 54 -12 46 -26 -3 -6 -18 -37 64 -13 23 20 10 4 7 -21 -36 16 -71 -9 -61 26 30 -79 0 4 -34 2 20 -20 -14 -15 35 -68 
27 -53 53 28 -75 -44 51 -41 19 -1 9 10 14 -31 10 -37 -10 -64 -49 -1 51 -4 -37 -15 -23 -89 8 -37 -44 -55 28 54 -32 -42 27 40 -57 -3 -7 16 31 15 1 8 -37 71 33 -56 -53 23 -27 -35 -46 21 18 -3 -20 -14 16 -17 30 4 76 -3 53 62 31 20 19 50 46 -54 5 1 12 -47 56 -3 65 22 -3 -26 42 -94 -36 38 5 
-48 -16 12 98 -11 32 21 -64 24 87 -10 46 -35 9 70 87 45 -61 -54 -49 8 41 -9 -1 -23 -42 -21 55 20 -62 16 -22 -5 -8 -39 3 -31 -32 52 3 90 6 35 -50 -90 67 8 -25 -1 8 72 37 62 2 68 28 -11 -6 -16 29 21 32 -15 -57 -16 -24 -51 26 34 64 -32 0 -100 33 -93 -76 -14 -26 9 -58 -49 53 -10 -42 -47 36 35 
36 38 10 6 -16 -22 -71 38 15 -54 65 41 31 54 6 -43 -14 88 -80 -4 30 40 5 -34 9 -42 68 72 17 48 9 48 -8 2 77 -21 19 -35 -10 -2 -52 -94 -22 -41 34 -80 -14 10 26 31 -34 28 -32 -48 19 14 -59 -9 -22 -4 -57 23 18 50 -2 -10 39 34 98 -42 -66 41 -4 32 1 7 -30 31 83 -70 -15 -65 42 -22 -1 41 4 
-56 -69 -15 63 -12 20 9 -50 48 32 45 -22 -8 57 -28 -4 -64 -37 -48 44 53 14 26 -4 2 33 -15 66 -31 -18 -55 -46 -46 -58 11 2 -10 11 -36 21 24 41 -5 2 -69 2 -24 30 57 34 -23 -23 54 37 37 -29 -7 36 34 12 -87 -61 9 32 -37 27 42 -32 32 -30 20 -9 35 -8 -90 -20 -4 -19 -18 -53 42 29 70 -70 -53 17 -21 
23 16 -45 -43 -25 50 -70 92 -19 -50 -45 4 -12 12 15 -32 -97 -35 33 28 41 -17 -3 40 -24 -12 -28 36 -43 15 8 25 -6 -64 -32 10 -12 70 44 13 13 12 19 -9 13 -67 -19 67 24 -9 12 -50 -39 26 -10 -20 5 81 -25 -38 -12 30 -35 57 -41 73 10 6 -49 50 -29 33 -18 -51 30 80 -63 -9 -66 -58 14 11 3 4 21 21 55 
-17 -46 -2 -34 -10 -52 -9 7 19 -34 27 3 -9 -38 4 20 -34 15 1 44 8 -49 -36 -54 65 12 56 2 -55 21 84 -36 57 -61 41 14 46 37 21 15 -52 27 60 62 -40 1 45 24 45 -43 -32 -61 -87 20 -21 -41 -18 -6 -52 -6 -88 -6 -25 30 46 -30 -80 58 79 22 -40 -27 32 11 32 -28 25 0 -43 36 53 21 -3 32 -11 -93 29 
21 9 47 42 5 -24 -6 3 37 -26 34 -21 -10 -8 15 -80 -50 -48 -76 -29 16 -10 -41 -76 -19 -66 -6 37 12 -39 -2 -3 -1 33 -47 21 -57 16 37 77 -71 -8 -10 58 -24 25 -3 26 53 30 -16 62 21 54 -27 -13 -29 6 11 -58 -51 73 -77 2 8 -64 -73 40 22 58 -17 96 1 -38 6 -65 16 -28 -39 42 39 -85 45 68 -14 -78 -10 
-7 -40 6 -53 -25 -50 -73 -44 14 -8 13 -19 -9 16 -24 30 -38 79 45 -35 -18 14 -13 69 -14 27 -15 37 94 -2 -43 -28 -93 -25 -43 84 88 45 30 25 25 33 -78 -4 59 -15 87 -5 69 -1 69 -17 32 19 -23 63 29 32 -21 29 -11 -72 -40 46 25 -33 -62 -54 -19 56 1 9 14 38 -70 24 -18 -37 9 16 -11 -1 -25 -29 57 -8 20 
-14 35 35 -20 -49 94 -32 -5 -55 -17 74 22 -39 12 -42 -78 76 66 33 -56 -27 7 -12 -7 -37 6 -41 61 -28 -28 -6 -3 30 30 69 42 -1 -33 -14 -72 -70 -3 -36 -10 -5 33 28 75 -28 49 -50 -11 -18 -20 -22 -30 33 14 73 -45 -54 -32 3 -40 40 -20 -67 11 -24 29 -57 5 -31 -14 -2 -12 -30 43 -33 50 -12 60 65 0 -25 -56 -41 
-20 91 66 -12 -46 3 14 29 -21 -50 2 -40 10 -21 78 62 -42 5 57 -4 -18 11 -42 41 25 -2 -21 -91 -60 -43 23 -16 65 -4 -28 -32 46 -47 53 -7 23 1 -12 62 -40 80 65 46 28 24 14 39 -66 -40 -27 49 -41 -37 60 -2 4 10 -27 41 -23 -61 -4 44 -67 32 52 1 76 -36 49 23 23 45 45 77 22 -37 24 6 72 -8 65 
67 -15 -2 -39 29 30 10 55 29 -74 -58 -25 78 23 17 -11 -2 -22 -22 -64 -46 22 16 -82 61 3 -18 -19 19 38 22 64 3 43 22 25 -57 -72 -27 38 18 -22 -5 -13 -21 -16 -30 5 -5 21 68 -13 -16 12 18 4 31 23 2 17 27 -20 -26 6 8 26 41 -17 24 31 38 54 -15 -63 44 10 -31 -9 36 -42 41 -61 -31 32 -28 -55 -11 
88 -7 -2 -4 -85 79 -69 -11 -13 2 8 -7 -70 -38 -69 -15 83 58 -7 -28 -1 -17 -19 -32 -69 24 -9 14 17 -6 -11 -60 -18 -38 14 -34 -3 -30 92 -26 20 27 -35 -53 -70 -40 16 -57 11 9 9 -66 27 29 16 -14 6 3 21 57 -6 -35 44 60 -39 -38 -73 14 -1 -28 14 2 27 27 -52 44 -20 -53 -16 -99 -10 -73 -44 22 -44 -23 18 
2 72 -6 -30 63 13 40 73 96 -85 6 41 75 -6 5 -92 -51 51 26 60 -46 40 41 38 49 -73 38 14 48 46 21 60 17 -6 28 -2 -78 6 6 3 -57 81 -59 -80 41 -10 -15 -57 -9 -8 57 28 41 -74 -50 -73 -18 -72 52 -74 -56 49 -34 61 -67 -46 12 79 9 0 -39 55 -6 -30 -30 3 -11 57 7 -7 -69 67 -32 -27 -37 -62 4 
37 -88 26 -22 -58 -27 67 38 86 4 -13 -15 -52 -9 -84 1 -6 48 -12 14 2 2 -41 -11 34 -71 42 1 39 37 -23 -44 -38 -7 7 -31 -8 33 -17 -4 -66 -66 25 -45 -26 40 52 10 -5 28 27 -15 56 54 -54 -55 49 -2 -20 -23 -33 -34 -9 -61 -14 -2 -95 -77 33 32 -50 -23 -6 -46 10 -29 35 26 -13 51 -10 12 -4 -8 17 -9 -63 
10 45 53 67 -32 21 -17 -16 48 25 -1 -23 21 -36 -9 21 37 -4 -51 38 -93 -48 1 9 42 -21 52 -6 59 -70 4 -41 -35 -70 -69 -1 19 -51 -27 36 -30 45 -37 11 -22 17 12 -11 -5 28 36 21 14 -18 -42 10 -67 -19 -26 18 -21 61 -2 -15 -3 -27 -34 -40 34 69 61 -21 58 43 -19 63 27 27 7 56 -13 39 -54 37 25 86 49 
84 37 43 -3 -45 3 47 26 -9 -95 -10 8 42 29 95 4 44 21 45 56 0 -32 66 -82 51 6 0 22 32 -7 -36 -48 57 -28 -13 -13 33 28 1 -30 47 -84 13 -2 -62 -65 -31 30 66 -36 -8 85 27 13 9 -2 -43 25 -46 -79 32 14 -7 -48 9 -20 -17 -61 -51 7 -8 -40 81 -51 -62 37 -3 98 -5 19 -41 -66 -2 65 62 -3 -6 
-1 -17 -79 10 -8 -90 -5 -69 0 -29 -53 45 48 -10 50 -20 1 75 -4 -41 -46 72 -4 62 65 45 -20 28 -30 29 36 -8 65 66 -33 -16 84 -19 -8 -20 -32 64 63 41 -27 15 -2 15 69 -94 -89 67 -60 -18 11 20 -3 -21 -63 -2 57 -35 73 1 11 26 4 -9 -23 -75 -45 2 -21 22 -15 -31 -32 61 -14 -38 30 73 19 84 56 -4 63 
7 45 -45 -47 -40 53 44 56 28 -18 47 28 -10 -12 -23 33 -11 31 -40 -1 84 17 -23 15 60 49 17 3 16 -66 -55 6 -40 -86 -53 -14 -41 8 20 14 34 -26 21 48 27 8 19 -70 -86 20 1 -34 37 -33 -73 -23 52 -91 9 -13 -9 -64 -40 28 -2 26 -17 60 -57 75 11 38 46 -17 -38 -1 -50 -5 -37 0 -15 -11 -41 -27 45 -27 58 
61 49 31 -38 9 -34 -17 60 7 -3 73 9 15 -57 23 -46 29 37 -57 0 53 -34 -12 -52 -39 -28 61 93 -4 -78 72 31 39 -5 -49 -78 -28 -22 3 -42 55 21 70 -49 63 -61 17 -28 -9 79 26 16 4 43 47 -88 12 71 -25 62 43 -39 -30 62 -46 56 66 31 57 -4 -55 87 -24 -53 -15 60 -18 19 75 -51 -41 9 -30 21 -16 16 -1 
-35 -38 97 37 25 48 49 8 24 -30 -19 52 -64 3 -75 42 5 36 -16 40 -34 -6 -14 33 -20 -12 42 -11 -19 -72 -27 -71 -65 25 -10 12 35 7 16 27 -53 62 -8 -4 -89 61 -5 -59 28 -36 -80 3 21 2 -65 58 -5 27 -12 12 -50 9 11 5 9 -52 -57 48 -37 -37 -50 -7 45 12 -71 -1 -33 -40 68 50 -9 41 -28 57 7 -12 -27 
31 -28 -25 33 21 -78 94 20 33 0 27 65 -82 73 35 -13 63 18 12 1 28 73 -36 -4 -63 -35 -25 30 30 -22 32 17 42 -35 -68 29 46 -29 -35 -18 -13 -38 -10 47 -28 -23 -87 12 -55 59 53 23 -26 -6 12 -37 -37 10 29 69 -48 -1 -21 -21 17 -36 11 24 -47 48 15 -45 -12 24 -23 1 -30 36 76 5 -33 -14 -51 -54 9 -62 -32 
-38 0 6 6 31 67 67 0 -1 -3 20 -64 -16 -8 -4 11 37 -37 -6 -12 26 -24 75 -61 12 -16 27 -55 -55 65 1 9 38 7 7 -10 -12 -34 -19 45 72 -87 50 33 -94 48 55 -13 -19 -25 62 26 4 28 46 94 -45 5 -82 -70 -17 -79 24 -29 90 60 22 -47 -24 -40 8 33 7 42 51 -63 53 -21 -25 -21 -7 31 12 -14 49 16 -73 
43 -53 8 -2 1 30 -23 44 -12 -17 26 -19 40 -7 -4 -44 0 -6 -9 49 64 -4 38 -19 -38 57 -77 0 53 -19 -43 -42 67 -7 -2 58 -4 32 30 -27 -24 -22 12 -39 6 -25 29 -3 35 -7 16 31 -6 -8 -21 59 -61 54 10 -67 -15 38 -37 69 -68 31 42 29 3 -24 -88 60 -9 80 61 46 56 21 -51 37 1 14 -19 0 -56 19 -62 
34 -25 37 26 -9 -8 14 69 47 25 -31 -17 66 20 53 -70 35 80 42 9 6 7 0 19 -70 -74 -24 52 15 56 57 -19 -48 -40 -63 12 -67 -38 -71 11 25 70 -93 -9 -73 -6 47 39 -3 59 11 13 -2 -31 -27 -30 -69 25 -48 49 -21 25 2 32 -2 -31 -6 51 -63 -53 -5 -5 -26 -36 -18 -39 -17 -4 -3 51 -24 7 -2 -24 -38 41 -22 
63 -37 13 -32 18 -85 18 -61 -28 1 35 -30 -61 13 4 -35 -88 -19 -15 56 -33 45 17 -42 58 59 6 -52 -23 -47 -30 45 8 15 89 23 -7 -26 40 -8 65 -86 -82 -37 26 -8 66 -30 72 -42 -11 11 9 -49 6 -3 52 -26 -31 15 -34 -13 71 42 -17 69 -31 -45 -4 18 -47 -80 -41 20 -32 8 91 18 57 -13 58 -80 29 -63 20 75 -20 
4 -25 -18 -77 32 -24 -50 55 2 -77 2 -18 31 -35 39 36 0 -23 45 -28 -41 31 85 -24 74 27 -15 1 19 -34 -30 27 -12 45 -30 43 43 -1 -13 -21 -20 53 1 0 -49 24 -55 61 62 44 -14 -40 5 -47 -27 88 -20 -67 -5 39 18 34 44 5 8 -16 -35 45 -31 -66 8 32 100 -23 -43 34 -35 -58 -12 27 -12 39 22 -17 -63 -23 80 
9 -11 -49 7 -4 5 36 19 -40 -49 13 8 19 -82 20 -67 39 -44 46 82 -39 33 -15 7 79 8 -8 -58 9 -13 47 -32 46 -6 -4 -20 42 -46 37 -53 -83 16 -31 1 -13 9 10 -10 25 63 53 39 -50 26 8 -86 -38 -3 0 6 -14 -14 -17 23 -3 -57 1 93 -15 19 -59 -36 8 -17 82 -45 -36 -84 79 -7 10 42 9 -70 -9 -24 -42 
-31 -45 -37 -29 16 -17 -54 -10 32 20 40 -70 -66 33 60 43 -45 -33 -29 61 -10 -74 -17 -44 17 19 -34 0 -53 -13 11 -5 6 92 38 -48 -6 17 30 -8 -58 -73 48 -16 -7 46 28 67 14 -5 51 66 -14 -12 -31 22 -4 4 -24 0 12 -25 67 40 60 10 -13 53 26 51 -21 -63 13 -14 75 21 60 3 -3 4 35 21 28 -7 4 58 -5 
13 -12 -6 26 31 -13 0 -57 -13 18 -40 38 25 53 12 -43 -49 0 -4 -68 -5 -16 71 57 10 59 -52 -25 -38 87 -8 20 -45 58 15 -30 -58 -1 63 -54 -5 -12 54 0 -16 51 -9 33 -75 -22 64 1 -27 0 75 -2 -12 -27 -59 -15 55 -74 -20 -25 8 -47 68 -72 38 17 21 -49 -36 -51 26 8 -41 11 -25 90 -94 -38 36 23 -25 27 20 
-4 38 -20 -26 2 -43 4 -53 -27 -9 12 82 -8 54 -18 -15 4 -46 34 38 77 86 2 58 49 50 -20 -7 -4 -36 -40 -10 -19 -26 -1 7 23 9 47 1 0 -84 36 -15 2 22 46 -43 -56 -63 70 -90 -2 31 44 -3 -64 -5 50 -19 44 2 -10 -47 7 -73 -45 12 8 -47 0 -27 -34 75 20 41 42 -53 -6 68 -28 55 57 30 -46 24 -30 
-3 -13 45 -43 9 -75 -77 17 28 31 8 8 14 9 32 -63 -36 -22 1 -40 -72 41 -67 -16 -36 -43 -56 59 -18 10 38 38 -32 93 30 1 1 -19 17 -11 -16 -40 74 24 26 61 79 -80 20 42 -18 -8 23 3 28 -33 -53 -62 -36 25 -62 -55 -84 -27 -86 11 -6 59 -1 -27 -47 16 16 -5 -23 14 -52 49 35 -65 79 -40 48 29 0 -45 19 
30 29 -78 34 72 -13 27 76 5 -44 70 -20 -1 -13 44 -17 6 40 24 19 9 9 -25 -32 48 48 -1 85 1 4 -21 -17 -17 -49 -22 57 -23 -53 63 -36 -13 51 -16 22 -44 -36 -10 -71 -31 3 -5 19 -9 38 -42 30 -60 13 -39 56 -27 -14 -19 37 -29 -21 40 33 -23 4 2 16 38 29 32 12 -23 63 22 -3 8 37 -28 3 2 -43 -19 
-30 10 -28 24 35 -20 21 45 -25 29 -3 -24 27 6 -10 21 -43 19 -86 14 -47 -85 48 2 -29 -46 49 -24 -57 37 -69 2 46 -38 -20 45 -18 -22 -8 -10 -15 -32 16 -90 49 55 -46 -66 -13 42 3 -30 -48 28 3 -53 84 4 20 -11 19 17 -1 39 20 68 -36 43 5 37 -42 -39 31 -23 -35 -13 2 -83 22 -15 18 4 9 58 53 -69 75 
-83 -55 76 -9 -6 37 79 -2 -16 14 -9 50 3 9 18 44 -1 -17 -20 -49 9 -59 16 -38 54 60 -2 -9 -48 -67 18 85 66 33 -8 -30 36 34 31 -27 -21 24 -39 63 21 30 -88 -23 85 -55 -84 3 5 -62 15 50 -8 25 -82 45 29 -41 -5 43 -76 -38 11 -92 72 53 -13 85 -33 25 -53 13 -80 37 -15 -15 16 87 -2 -11 -69 11 -22 
26 -38 60 36 -34 69 -5 16 28 50 -80 26 -67 -18 -13 -32 32 18 54 43 -41 -14 43 -28 28 54 9 8 26 -44 -10 -1 -4 -95 10 -4 36 24 -20 48 7 -36 -25 52 93 -72 0 10 9 -34 32 62 -24 -20 -93 -72 -44 15 -32 -72 2 8 10 -12 15 -1 26 -54 -12 16 3 29 -15 45 28 -17 0 53 -5 11 3 -91 -19 -22 16 -8 -69 
85 -2 70 12 13 22 85 -34 25 8 71 50 -23 31 -15 37 35 21 -47 11 45 56 52 13 -47 43 -23 47 54 9 32 60 -40 54 5 78 -24 -58 -94 -18 24 14 4 45 -41 78 21 -39 52 38 -10 -50 -39 76 -13 12 42 65 -60 45 -1 -52 -2 -78 30 -94 -19 -14 -12 35 -57 -57 40 -59 29 2 -3 66 3 25 -30 -25 -7 5 -12 -21 -1 
