110 117 94 72 96 84 58 120 90 119 86 108 116 108 182 150 163 104 114 53 142 187 146 114 144 84 95 11 124 135 129 94 164 71 33 133 131 77 149 122 69 61 23 138 83 100 30 95 78 70 96 16 52 103 117 139 95 123 143 175 83 107 90 123 137 84 65 112 91 193 54 108 62 51 119 28 125 22 130 22 180 44 92 191 57 141 37 
79 99 119 154 114 91 108 100 33 110 68 96 163 115 75 76 165 140 112 103 66 77 133 177 76 68 174 24 90 123 136 123 130 148 138 101 107 9 36 48 164 111 35 117 184 121 29 156 147 15 120 109 193 101 129 69 122 132 56 32 177 149 56 171 105 116 111 156 66 122 87 62 136 90 113 89 11 62 139 99 81 159 114 100 54 37 28 
142 67 31 33 91 151 127 17 156 84 169 87 147 87 136 136 159 72 74 25 130 143 95 37 85 28 145 87 128 106 55 106 81 134 149 171 154 107 82 100 79 103 94 90 94 82 93 61 121 43 17 76 105 166 78 95 115 34 117 11 80 90 80 105 52 129 11 153 90 141 127 130 46 92 38 135 50 97 118 67 106 49 65 74 70 131 127 
93 49 111 107 171 148 134 151 115 99 115 55 80 124 153 81 107 68 116 96 112 38 167 34 152 150 112 143 46 152 57 185 46 142 89 6 149 89 150 137 99 45 162 87 133 49 169 45 92 97 118 158 111 96 91 63 88 59 87 4 135 55 59 184 57 98 97 99 85 98 61 185 107 118 130 115 92 92 100 59 184 111 111 186 78 138 188 
71 86 84 97 111 142 112 130 86 179 64 144 60 176 129 72 153 164 52 92 91 83 7 80 47 13 66 95 109 105 89 108 177 72 112 94 26 144 135 171 128 95 150 112 187 128 121 48 44 89 66 131 107 57 115 132 32 178 104 104 30 150 106 157 61 38 172 163 80 89 113 86 112 100 55 172 92 127 128 68 124 104 19 85 108 31 96 
100 137 50 69 137 100 157 101 91 119 134 94 76 126 99 123 72 47 189 115 39 111 23 149 102 106 118 145 36 81 170 30 114 22 98 121 131 106 51 117 89 98 78 139 69 82 67 99 89 85 179 174 94 94 53 100 82 76 195 68 133 72 111 102 77 100 83 54 74 134 94 72 94 15 63 185 150 131 27 78 137 104 88 106 167 76 105 
76 82 166 140 140 76 22 83 198 145 115 152 75 80 98 101 67 143 183 122 156 184 132 133 97 44 29 52 91 84 54 166 155 85 120 55 180 76 130 40 82 65 177 64 132 55 175 68 116 46 107 57 35 116 102 169 125 188 72 85 95 98 28 114 119 88 152 87 89 106 113 80 147 105 64 115 133 144 104 187 59 29 125 68 187 126 127 
33 56 158 128 81 106 145 132 52 83 8 94 74 107 124 150 77 53 40 86 35 98 69 143 47 120 48 115 152 104 121 139 65 83 83 155 106 90 51 164 120 121 86 167 9 63 83 86 59 190 30 132 157 28 82 152 104 78 88 112 79 141 39 99 171 133 130 29 22 96 133 180 95 103 155 49 42 69 101 97 180 85 16 91 151 70 181 
59 130 92 47 118 76 109 133 153 140 18 107 88 127 97 129 89 40 103 132 20 164 97 150 87 113 62 38 81 111 115 185 94 136 71 197 92 86 69 108 94 128 122 182 98 137 95 126 68 91 85 107 119 69 103 108 174 71 78 161 95 53 10 169 84 86 16 184 69 99 86 75 110 142 60 160 174 58 130 157 76 57 55 130 107 98 172 
173 102 116 86 156 100 107 41 126 66 18 179 47 99 54 93 78 99 67 163 106 104 161 35 110 65 32 90 111 147 86 74 109 110 58 25 60 124 143 145 78 55 125 91 56 57 84 121 116 103 77 132 107 190 13 118 96 128 146 62 132 134 75 80 158 142 109 76 14 99 118 113 14 122 94 146 180 141 21 48 101 56 100 89 145 133 120 
106 136 107 132 187 44 149 81 97 78 106 8 107 98 120 99 83 17 153 39 111 103 56 87 35 41 79 129 112 50 88 52 33 39 149 137 110 152 147 8 158 62 165 114 90 141 144 129 83 141 78 59 88 157 139 116 125 157 27 46 95 82 56 115 106 74 161 80 117 159 126 117 97 118 152 62 99 73 109 117 128 76 38 121 87 112 97 
89 106 121 117 38 26 48 106 104 121 107 122 106 154 123 163 68 188 107 120 151 37 100 98 85 87 101 96 156 157 104 117 145 98 108 72 186 100 27 180 63 105 51 110 142 173 32 170 51 132 161 58 98 109 98 92 196 80 115 26 147 104 73 108 32 188 54 97 102 102 91 167 74 150 41 112 76 184 72 79 44 128 40 119 120 72 112 
73 72 97 156 137 95 46 113 122 26 161 127 59 105 168 97 57 24 103 95 9 95 86 10 113 172 73 112 99 93 76 155 190 97 25 107 26 112 9 107 172 14 98 145 56 104 103 50 150 9 99 124 97 24 42 131 166 105 73 68 99 131 139 145 109 51 108 67 86 129 74 107 53 124 94 143 102 78 18 29 130 157 185 146 125 109 58 
148 107 136 66 57 80 166 139 62 94 125 127 86 95 30 61 113 63 79 164 45 120 80 172 167 153 141 110 73 15 90 88 99 99 151 62 110 109 117 159 86 95 73 88 50 150 94 133 42 179 62 140 62 165 54 123 134 78 156 61 129 160 27 96 45 106 153 75 56 74 131 42 121 132 121 143 103 135 66 43 62 162 93 105 86 2 42 
146 44 91 117 73 95 91 128 123 86 105 90 70 114 60 61 118 92 64 98 36 72 87 95 63 71 120 164 117 176 145 128 86 62 71 93 107 128 153 44 24 93 106 147 119 55 161 69 17 132 29 96 52 148 52 65 93 164 87 147 174 101 138 65 81 64 106 94 83 103 128 96 125 149 141 109 93 123 95 180 45 82 36 137 97 100 97 
70 105 86 95 106 86 114 131 105 102 93 98 61 164 93 68 175 63 74 174 123 64 80 103 80 118 87 46 120 49 159 165 34 66 133 50 99 75 132 91 94 125 80 124 176 72 124 33 173 136 126 118 127 138 143 120 77 73 58 159 154 113 189 33 81 107 129 90 57 57 88 61 134 90 97 32 77 53 86 149 146 132 119 43 128 84 21 
158 73 112 171 127 54 68 106 126 87 58 125 133 193 43 75 118 77 121 66 115 113 124 107 42 100 100 95 94 70 96 89 140 93 124 24 114 88 19 113 33 101 103 93 117 150 104 47 34 156 163 143 56 176 51 100 112 137 85 86 102 108 97 104 166 103 104 110 57 177 108 116 157 25 77 175 81 121 39 107 177 59 167 65 118 168 100 
100 137 45 69 79 17 36 65 112 188 118 80 171 39 53 87 87 125 31 115 100 55 182 100 9 83 65 20 151 96 41 135 167 183 68 150 74 141 22 59 84 194 96 80 82 141 115 94 80 29 108 169 117 61 145 52 114 148 115 134 112 97 20 138 42 192 125 48 115 24 9 65 98 129 136 131 10 46 90 145 138 108 70 70 177 175 124 
182 165 67 111 91 99 137 156 134 29 116 115 96 119 110 102 74 177 152 80 95 79 127 193 88 14 156 102 109 63 130 191 126 136 115 76 71 57 146 9 79 8 128 178 74 93 119 32 36 25 92 143 111 130 81 111 142 143 84 78 112 123 48 103 109 84 91 63 46 152 93 133 140 57 90 57 157 104 99 45 157 28 145 114 118 66 93 
9 116 166 125 115 131 18 167 74 94 52 74 131 131 169 23 118 106 31 58 65 105 87 137 152 107 104 51 77 160 20 146 81 44 107 97 69 99 89 105 138 120 60 30 150 93 148 137 34 30 91 180 60 89 103 98 75 47 84 41 92 166 88 79 43 128 103 6 158 172 20 85 95 73 109 111 71 97 168 83 64 52 114 51 114 127 99 
90 132 104 62 167 66 56 151 164 80 165 99 85 88 158 98 74 72 63 82 90 137 37 123 125 98 108 35 158 58 51 51 140 132 48 169 94 151 47 70 34 105 99 49 133 110 182 98 134 157 89 109 84 56 131 47 119 166 184 142 134 18 175 67 41 84 95 100 114 125 94 65 87 188 35 134 138 117 41 136 92 80 95 126 104 158 97 
153 159 33 141 117 79 112 55 62 91 132 126 139 144 108 117 115 97 119 120 124 94 142 174 100 114 49 12 62 108 123 99 65 95 30 114 112 150 101 105 26 95 165 142 175 60 167 29 139 88 114 83 135 144 21 23 196 149 81 126 186 95 188 93 70 108 114 154 129 185 124 148 74 120 93 101 65 118 100 146 69 26 97 99 148 104 149 
112 121 64 101 138 105 151 113 82 152 99 76 135 68 149 38 142 128 13 53 22 165 88 33 114 57 152 165 83 171 30 103 154 123 129 125 105 63 131 112 56 91 87 143 109 109 107 144 89 191 101 97 127 80 26 164 169 89 91 43 91 103 77 106 125 140 169 70 65 100 68 83 83 186 162 94 91 107 87 79 153 106 158 180 35 133 85 
83 79 62 165 151 88 87 98 119 68 133 26 67 130 113 77 55 70 91 112 128 45 111 106 129 181 121 80 96 187 115 45 22 66 102 48 140 93 150 87 103 76 118 173 150 87 144 66 128 81 145 90 129 68 153 85 116 59 72 172 157 53 47 103 146 110 120 88 155 112 91 132 154 104 109 133 87 61 12 149 168 50 65 75 73 89 133 
65 119 86 67 100 24 68 140 77 121 161 53 110 160 112 90 171 124 151 154 121 142 188 151 129 138 99 63 50 121 76 116 36 68 134 92 144 119 39 98 83 66 118 71 116 100 112 134 108 118 157 76 126 101 97 79 142 77 90 122 162 111 64 54 126 93 92 128 160 98 136 107 88 184 90 60 111 100 60 99 65 116 89 49 87 67 110 
122 62 56 53 111 132 123 55 133 163 10 187 109 158 109 40 90 93 77 92 123 91 100 85 129 71 140 66 80 123 120 33 114 68 129 114 162 182 38 123 105 135 106 61 139 160 127 109 114 84 164 47 88 165 134 67 147 143 129 34 55 99 64 39 97 172 89 45 38 151 17 54 122 66 111 97 86 81 170 115 34 160 102 114 39 109 57 
46 22 67 77 71 107 67 122 77 23 43 105 18 53 86 136 126 84 125 151 168 157 104 51 156 88 112 57 116 154 131 18 66 160 84 177 59 21 15 55 143 103 123 84 65 88 123 159 58 164 167 115 16 119 153 130 110 27 135 100 84 189 43 108 44 76 26 141 79 131 127 130 30 121 69 44 94 58 181 97 109 128 99 57 66 135 63 
57 158 46 75 101 136 123 126 53 82 120 42 178 41 71 98 78 159 118 152 96 79 59 71 51 54 149 61 38 62 122 119 77 36 92 101 75 138 119 97 164 73 96 132 27 96 84 165 35 66 69 64 158 78 139 149 72 164 83 141 58 56 168 121 149 143 80 141 180 41 101 98 75 51 61 109 141 153 68 127 79 173 98 45 80 25 188 
66 158 111 158 66 152 63 37 139 171 166 151 110 19 91 116 142 29 71 141 79 71 87 128 85 76 85 43 40 115 55 85 104 106 56 165 68 154 68 100 95 79 192 140 113 127 83 95 90 183 117 94 166 24 147 65 181 62 98 187 104 55 109 123 42 87 125 41 92 197 84 93 49 113 86 80 180 71 171 144 72 91 180 70 98 96 167 
94 37 47 88 57 87 38 81 125 123 30 48 79 79 117 71 46 26 55 37 83 104 101 55 88 124 12 150 145 57 112 41 128 175 95 101 140 187 55 64 93 139 116 173 121 87 87 190 106 44 115 97 161 69 106 69 74 133 65 92 124 53 98 60 108 96 151 93 23 83 132 128 124 167 108 128 58 22 118 76 120 53 80 83 64 107 60 
119 107 71 108 89 28 88 79 147 96 148 110 85 132 122 80 136 130 119 85 95 108 174 166 108 93 103 146 86 73 75 95 129 128 129 65 184 110 63 63 159 30 62 83 42 161 86 117 187 23 25 176 89 129 116 171 94 80 69 149 136 107 103 165 92 130 107 50 112 90 78 47 79 131 93 38 75 60 50 156 119 153 80 43 38 171 81 
23 50 81 164 98 86 74 41 79 70 110 111 142 150 160 82 69 123 112 103 108 60 174 68 122 99 88 146 100 95 95 108 107 58 61 156 89 191 46 81 59 60 61 116 21 91 135 73 110 140 121 56 124 69 74 63 46 169 104 52 46 51 52 49 128 112 137 64 100 61 67 83 145 135 61 141 73 140 163 76 66 117 67 97 117 127 77 
184 91 10 89 157 167 28 73 104 122 63 138 115 83 62 152 45 49 57 72 162 55 103 120 70 136 19 166 102 129 172 67 112 125 94 146 157 93 102 161 88 40 165 138 130 161 110 172 72 117 118 7 56 148 100 82 68 30 81 196 32 43 183 105 41 114 85 36 153 74 111 178 147 98 104 145 167 108 111 64 105 118 60 29 35 150 97 
151 123 55 73 37 94 133 142 172 142 134 167 133 98 61 65 109 115 87 103 78 170 52 74 154 154 48 146 68 76 187 110 123 96 132 78 146 116 51 67 96 114 47 101 103 93 113 108 120 94 187 86 88 112 91 69 165 155 2 112 107 104 59 109 49 119 108 83 109 66 121 56 64 104 142 78 176 177 89 50 93 103 135 169 42 85 112 
23 122 174 28 88 179 101 63 129 75 99 68 68 107 173 6 181 131 93 126 64 100 101 62 68 109 115 112 142 35 120 58 71 79 90 142 104 29 172 75 59 103 65 84 128 161 81 22 80 62 62 87 125 91 151 167 54 58 71 84 122 43 37 129 83 71 6 124 145 31 44 91 43 138 84 82 161 160 80 46 177 19 107 143 120 163 114 
76 124 105 86 122 21 137 25 156 89 72 118 175 20 107 51 139 174 90 81 58 50 102 80 113 101 168 153 194 119 67 122 177 111 44 27 156 83 167 44 120 106 110 133 125 31 79 57 82 130 138 123 82 29 135 153 79 101 79 24 85 111 33 17 123 71 26 19 87 156 104 141 145 129 132 101 108 175 98 162 75 116 95 89 135 86 44 
76 167 62 99 159 77 84 112 121 49 133 126 41 116 136 176 15 147 68 141 84 99 68 138 167 12 69 155 75 109 133 140 68 94 61 85 111 138 161 57 126 140 143 74 110 117 160 87 153 91 45 112 140 157 70 142 56 160 53 99 131 193 79 127 109 171 110 58 96 116 140 133 17 39 125 33 46 59 100 105 107 11 149 105 151 57 111 
80 148 189 95 134 122 79 148 59 5 112 89 96 98 96 46 189 135 159 107 144 120 94 164 116 87 78 44 138 87 102 20 117 36 83 120 132 76 128 149 64 127 108 41 89 61 33 132 141 128 73 88 83 44 41 127 80 79 125 117 63 78 83 154 167 110 55 68 81 144 25 134 97 119 31 55 98 94 67 122 104 140 82 126 80 32 71 
53 91 147 130 130 110 119 166 115 55 158 76 102 125 170 142 135 13 172 41 108 111 102 151 125 101 137 62 112 58 32 112 136 85 74 149 46 84 122 92 112 46 107 108 77 36 93 125 94 122 79 77 45 71 114 141 95 182 103 80 174 132 39 102 39 111 161 73 95 89 149 96 72 62 160 87 122 167 148 120 38 140 107 119 98 70 141 
110 88 171 118 73 59 111 141 96 87 125 99 95 100 25 110 61 31 142 93 53 142 66 157 145 123 93 181 98 152 97 17 92 87 110 24 6 44 108 108 138 58 139 83 69 166 127 108 110 67 115 153 45 64 119 128 74 57 143 184 85 102 39 88 75 154 118 147 129 130 114 72 175 37 89 85 39 119 143 110 139 148 43 17 131 19 55 
141 162 71 180 114 97 90 15 104 71 103 89 100 67 110 79 44 105 108 20 159 170 28 108 143 93 80 156 84 111 151 74 158 101 92 148 152 105 75 100 40 121 75 115 123 28 92 78 87 65 99 51 143 107 93 160 125 105 62 69 50 157 30 167 153 104 118 110 161 150 95 82 106 48 133 33 87 160 102 116 103 56 92 141 110 158 109 
59 156 74 152 100 128 173 29 29 113 172 175 47 91 120 14 99 100 20 121 13 112 81 78 67 89 23 112 34 129 105 48 9 95 64 116 158 69 69 162 128 69 82 69 6 47 109 139 141 103 89 106 104 125 22 71 41 76 163 145 96 173 111 122 124 92 52 56 134 98 97 118 184 39 117 133 82 57 131 44 111 129 54 78 8 111 133 
34 82 166 79 151 100 90 102 140 158 47 96 109 143 107 145 73 67 179 91 99 114 182 156 58 83 104 74 23 184 63 181 122 160 109 169 149 20 40 108 98 116 42 139 107 121 54 130 82 181 98 108 150 29 49 98 192 130 192 137 112 86 42 42 95 95 147 116 100 145 158 97 154 175 77 119 61 131 139 126 126 168 60 167 167 108 89 
92 156 109 73 104 123 42 66 135 79 74 75 111 89 126 142 31 122 109 80 32 99 146 98 116 113 91 110 97 139 94 132 76 135 55 89 129 44 134 47 143 150 124 41 98 109 47 34 106 47 45 133 90 30 63 138 147 118 28 122 85 85 132 42 56 170 76 69 124 108 85 154 191 95 172 112 158 120 66 119 125 105 75 109 4 125 90 
90 121 172 67 163 63 93 119 76 104 41 124 63 116 52 185 124 100 54 39 75 146 183 97 144 38 119 144 145 116 135 96 177 56 110 168 128 75 152 37 94 49 93 147 86 39 71 78 136 100 132 116 59 111 95 149 85 169 145 150 61 75 106 93 117 68 160 92 86 151 80 137 153 112 99 107 71 47 110 58 175 146 119 71 191 58 73 
45 116 30 140 10 6 55 62 146 103 53 97 144 99 166 54 93 162 160 64 165 111 67 106 178 100 109 146 115 119 69 134 112 109 113 125 88 99 73 163 167 116 145 101 95 19 132 46 94 104 13 144 103 38 187 130 84 124 61 41 118 32 97 16 64 95 93 99 107 125 17 30 91 150 100 88 152 56 148 159 70 135 125 141 28 104 135 
127 111 109 58 138 70 52 51 21 26 78 166 187 49 171 58 64 61 121 21 121 103 56 188 154 50 149 183 136 169 103 159 62 95 92 88 108 143 96 170 66 10 99 129 107 165 89 117 69 170 27 71 41 133 148 146 187 101 80 32 91 184 26 126 156 132 38 137 127 105 4 66 48 71 110 146 117 112 120 78 158 41 67 106 72 55 94 
157 27 158 88 117 88 30 81 125 96 141 144 64 108 67 90 166 120 50 118 181 125 174 19 139 156 110 94 140 178 107 30 118 92 43 148 174 155 129 88 80 120 139 93 89 121 181 81 111 19 128 97 40 90 71 95 119 71 90 85 40 100 95 70 133 87 176 122 109 116 48 74 102 33 151 107 191 115 89 134 97 157 102 170 92 133 145 
136 23 161 51 89 35 105 91 161 183 73 97 151 117 103 99 64 194 154 154 65 153 134 48 77 121 99 32 149 72 110 111 157 55 72 60 155 129 89 107 40 46 74 55 108 20 134 26 144 185 98 181 95 154 101 56 30 155 128 193 125 144 67 114 34 116 122 95 115 81 102 116 161 57 108 126 33 19 111 122 38 73 116 108 167 176 114 
85 121 28 83 169 80 57 69 142 101 151 107 83 114 85 70 126 109 106 88 104 151 107 96 123 195 115 141 167 159 67 111 24 114 24 9 56 93 192 49 140 39 92 87 101 181 156 152 148 186 146 103 177 114 115 111 105 94 171 91 68 177 133 99 114 77 54 62 97 97 101 112 106 13 180 88 40 175 82 87 77 92 124 102 29 154 116 
107 68 94 74 86 71 105 62 100 44 101 119 111 108 178 90 169 116 145 112 130 33 62 122 137 90 85 94 63 133 137 143 171 154 123 93 134 129 190 86 114 119 156 97 72 126 103 25 116 121 66 141 84 72 34 84 116 91 50 22 131 82 169 43 134 70 8 11 149 140 20 97 53 73 148 66 105 76 62 46 84 36 46 88 37 139 100 
161 115 113 128 83 56 55 43 73 113 63 24 56 149 54 55 24 122 55 117 139 56 145 145 61 97 68 125 112 121 32 146 162 74 103 50 73 37 59 142 87 43 85 112 145 83 77 116 79 155 173 61 58 83 46 83 34 28 16 101 86 114 90 59 87 110 89 32 103 106 112 126 47 89 116 143 128 93 117 116 105 168 62 94 132 80 33 
60 78 108 98 171 108 171 96 150 111 78 60 69 99 86 107 111 89 106 103 64 115 11 19 85 54 31 59 54 100 138 108 153 116 127 21 35 52 120 77 106 14 105 88 106 95 30 149 131 178 108 153 88 180 70 134 33 186 126 141 99 88 85 107 106 114 127 166 94 82 56 104 100 109 97 116 48 94 25 122 137 139 66 64 81 86 107 
114 122 96 70 20 106 81 72 47 64 99 107 149 62 146 103 78 104 110 90 162 102 121 140 167 126 84 90 69 90 133 128 116 180 123 97 143 35 144 46 138 94 66 41 152 100 84 162 46 147 54 148 50 150 121 108 59 123 78 160 135 125 144 94 42 158 71 90 100 60 134 85 26 68 29 47 90 167 111 120 173 131 128 80 5 45 8 
118 111 129 115 28 134 187 146 110 86 91 86 188 93 164 190 128 135 56 140 83 178 78 148 96 43 27 132 53 168 137 54 82 110 161 140 164 71 154 155 158 55 127 42 85 38 28 62 103 136 47 119 88 47 125 131 91 148 116 70 109 119 39 126 131 99 134 162 166 110 94 89 139 8 90 38 16 47 76 87 122 119 116 100 91 115 127 
23 88 103 83 51 144 130 106 137 120 45 134 186 66 71 156 99 69 103 40 111 67 51 40 98 142 70 70 49 45 86 91 158 132 104 42 136 74 154 103 105 28 181 149 165 91 21 85 64 67 146 88 109 156 74 154 61 91 79 136 40 42 105 113 51 83 132 46 115 116 61 107 166 149 84 100 113 37 90 82 166 37 89 84 157 47 79 
153 148 92 52 90 60 161 151 113 130 131 159 189 96 130 50 80 165 195 124 74 75 102 102 91 36 108 142 55 107 98 162 89 85 129 146 114 125 121 117 84 167 60 112 46 147 105 76 125 157 160 67 93 84 21 107 72 158 74 130 106 98 127 42 108 34 108 110 91 146 138 101 80 119 44 38 43 92 109 80 101 149 83 120 43 95 77 
75 173 59 134 17 58 154 169 73 138 110 123 120 18 121 108 90 144 118 155 94 54 79 118 181 76 36 157 184 149 12 171 85 73 67 119 121 108 81 87 75 78 164 104 70 25 93 38 59 168 158 74 31 76 33 91 57 60 163 104 105 123 99 22 28 66 107 152 172 76 159 96 167 94 50 93 64 136 119 42 141 101 129 108 138 78 136 
175 110 118 59 129 136 91 48 44 96 123 155 91 54 34 82 162 117 103 85 136 102 159 99 100 161 77 119 102 150 65 100 105 173 93 102 104 155 146 51 141 41 82 10 119 139 87 83 91 69 91 169 138 167 63 65 171 160 49 159 135 124 68 76 43 127 92 88 149 64 69 49 172 78 84 98 60 153 91 128 99 77 151 113 87 150 158 
40 57 71 180 75 94 66 95 93 129 76 48 93 134 78 102 88 116 121 56 57 13 80 61 49 186 41 111 64 140 120 177 60 72 83 132 85 123 52 72 130 73 92 162 73 107 62 109 70 131 68 105 34 22 80 44 33 64 75 115 114 58 179 82 126 164 99 23 80 37 125 73 131 52 152 56 108 79 79 64 74 112 81 122 97 90 87 
108 95 120 182 82 39 24 41 113 144 52 64 52 165 82 74 138 107 125 120 168 147 126 147 73 34 83 97 120 155 41 124 67 62 144 88 144 131 137 175 75 143 72 88 100 104 99 114 122 140 94 49 132 112 65 57 57 97 92 42 18 30 129 65 173 65 134 114 85 122 118 165 76 60 97 67 73 141 109 101 72 71 112 48 90 78 133 
77 147 54 79 103 116 132 89 33 78 68 47 110 137 69 175 186 168 140 128 146 124 44 108 121 105 68 181 87 74 76 102 37 131 64 127 63 128 149 156 180 122 167 29 173 70 156 179 103 119 110 173 120 152 96 176 59 43 150 155 115 98 170 20 156 80 107 139 88 113 58 112 87 115 82 38 155 145 132 62 57 129 111 44 166 143 185 
90 43 42 134 103 103 109 145 81 34 152 139 118 92 71 175 83 130 111 34 27 119 105 134 107 26 19 48 37 158 153 118 68 142 174 158 157 136 108 80 180 135 77 147 72 134 44 61 117 35 105 110 133 115 142 38 50 9 51 81 54 111 126 110 139 46 87 66 65 142 102 14 117 67 74 124 112 127 44 101 152 87 90 178 94 149 58 
116 74 56 48 71 139 42 97 104 115 114 115 101 154 59 98 71 109 68 96 104 52 101 84 149 75 114 132 110 70 151 114 95 182 134 196 104 36 186 97 107 113 87 118 53 156 35 135 31 10 117 48 139 100 150 75 104 72 140 80 134 51 48 103 75 136 114 101 41 98 59 123 18 92 156 107 163 77 71 9 91 101 86 139 67 86 152 
71 96 162 42 82 69 101 94 92 186 31 69 64 171 102 147 48 66 188 170 60 134 135 141 86 73 42 37 83 139 75 48 38 115 53 59 96 149 179 196 96 134 53 121 144 108 62 68 121 104 61 69 56 118 114 129 135 192 180 165 147 158 23 117 136 144 101 109 87 100 138 65 130 88 184 49 71 136 57 63 164 12 148 18 33 177 71 
50 119 99 87 32 125 87 64 58 169 57 91 167 160 103 123 149 14 55 40 107 124 121 11 70 141 84 176 89 74 22 103 157 86 81 163 47 93 167 122 152 63 143 91 72 53 76 71 119 158 136 97 176 32 150 24 107 43 156 18 153 121 178 107 97 47 88 76 50 115 71 55 124 81 67 73 77 67 145 128 137 73 118 85 153 106 125 
88 83 45 157 135 125 93 102 129 97 174 180 148 117 103 102 52 75 71 70 176 42 86 84 131 66 162 66 112 47 110 72 97 122 97 99 75 150 81 110 103 88 69 106 112 107 167 126 96 98 182 105 117 39 23 38 85 135 88 83 134 150 89 118 81 66 181 81 131 171 180 50 99 71 102 127 193 102 5 45 103 74 134 95 82 83 30 
113 77 89 134 42 90 55 107 110 47 61 99 62 16 64 132 21 93 52 65 46 110 22 108 131 135 46 74 100 83 74 24 121 134 79 172 94 153 98 84 70 78 77 51 113 89 30 183 75 100 105 121 118 130 45 74 9 45 87 164 131 49 111 53 169 152 170 179 175 117 101 96 143 22 143 133 70 119 122 40 120 93 157 84 140 118 89 
55 57 61 55 130 105 114 62 46 172 103 122 22 150 177 105 137 135 72 133 92 139 117 101 132 77 147 65 112 130 55 88 126 106 95 74 57 86 68 174 52 46 105 142 163 134 83 102 90 20 85 88 61 65 83 131 136 91 155 101 75 90 62 78 62 94 69 88 71 115 163 58 60 167 60 49 116 97 43 74 139 125 79 167 105 55 76 
129 73 95 70 85 44 27 132 69 13 125 125 65 73 177 134 29 129 87 8 141 154 188 70 151 28 101 107 128 118 94 71 71 107 145 110 140 44 33 114 59 75 70 101 87 79 59 152 47 115 108 168 20 139 79 94 144 71 49 126 43 109 106 86 146 82 118 77 143 46 135 87 68 101 103 94 32 25 101 123 47 117 50 151 38 48 171 
137 106 99 127 163 112 49 106 62 132 99 84 80 7 79 90 47 42 122 40 34 106 16 115 76 110 44 117 37 90 105 97 103 103 28 44 75 61 108 75 103 102 120 186 95 113 135 101 156 64 114 77 95 46 85 128 31 123 138 88 136 47 35 31 59 120 69 96 53 139 92 39 143 140 101 39 159 100 108 60 99 71 76 71 161 166 147 
153 142 147 135 131 82 104 74 151 8 131 103 102 125 107 183 135 52 116 39 160 93 158 48 133 163 67 60 74 154 160 103 106 103 92 61 108 137 129 152 123 68 38 97 86 45 91 160 135 97 117 169 134 12 110 99 43 146 57 117 148 197 39 41 117 118 177 46 129 92 121 131 116 148 91 135 86 78 116 157 79 106 71 102 143 124 116 
76 74 96 164 37 107 127 152 97 95 104 64 38 108 164 129 123 53 78 90 84 172 77 81 30 176 127 99 61 77 167 145 112 119 45 64 106 72 37 45 84 113 130 47 104 50 99 23 59 165 96 62 182 64 46 100 63 25 98 128 73 101 48 75 90 68 140 133 68 48 140 161 115 80 57 79 67 101 133 45 77 127 32 144 81 144 87 
97 123 164 124 91 150 99 74 60 119 148 179 98 39 74 114 64 136 59 105 98 110 48 151 90 103 83 46 107 159 95 136 81 137 166 142 48 66 50 51 60 94 152 107 106 147 49 29 103 149 122 73 72 138 93 107 97 54 130 91 23 64 61 123 100 75 144 47 5 56 96 72 27 92 121 90 80 53 121 97 69 88 49 100 140 129 100 
164 131 81 34 41 86 158 119 55 103 129 179 124 170 85 96 73 116 158 181 10 87 162 175 78 92 118 120 103 86 63 37 118 160 97 56 125 136 121 25 149 90 105 191 95 172 127 99 53 135 13 175 54 135 135 156 99 45 120 105 139 119 96 86 96 35 126 129 65 63 115 55 72 102 176 47 151 30 105 143 162 101 190 32 92 47 66 
81 125 117 96 116 105 166 101 50 27 145 170 77 97 176 61 108 45 19 90 101 55 61 68 68 89 152 106 61 123 164 131 52 53 103 137 161 168 50 22 69 114 92 79 112 158 126 122 128 136 137 49 75 81 28 117 62 62 131 35 132 79 125 152 67 107 49 101 162 114 83 84 107 114 88 134 101 32 137 183 80 114 93 87 166 99 92 
164 119 68 107 94 106 58 125 194 89 48 102 109 85 123 156 18 167 147 170 81 127 113 74 114 71 113 163 109 80 144 39 30 69 64 45 117 199 53 65 98 147 75 192 59 176 125 119 112 62 170 94 135 67 171 102 108 67 15 107 136 66 72 121 126 132 87 131 161 122 168 112 100 69 133 54 61 114 118 129 120 161 22 61 133 61 88 
43 75 117 47 108 49 162 101 124 151 87 136 103 114 74 133 153 110 62 114 61 133 41 161 93 134 70 132 65 85 123 58 52 182 160 20 130 84 133 63 87 74 103 123 47 131 118 82 39 133 53 143 82 160 18 108 64 91 50 188 116 170 89 147 33 143 181 103 61 131 115 138 170 113 88 141 96 94 87 141 66 118 115 104 37 102 118 
149 95 67 165 36 61 70 114 104 132 156 80 122 79 64 59 139 51 39 85 10 94 147 44 125 165 156 166 143 69 75 19 84 92 90 94 6 97 80 104 138 123 54 36 77 80 130 67 180 181 85 78 116 164 99 174 70 48 108 134 174 97 83 156 80 142 91 143 54 103 37 105 29 170 125 31 92 43 113 174 101 137 62 183 98 62 43 
161 176 140 128 85 55 116 97 63 80 66 130 163 53 116 155 99 78 4 72 85 18 121 125 24 81 94 75 86 99 164 24 69 114 137 166 128 179 77 74 65 64 142 92 138 101 157 157 113 72 106 5 103 64 115 172 84 167 127 21 125 120 66 153 100 51 126 76 66 43 43 149 154 103 60 100 75 119 33 106 100 108 162 135 75 83 108 
154 92 72 174 20 87 50 73 61 63 140 112 172 126 48 165 68 82 118 124 109 88 50 128 103 110 128 69 180 158 74 110 127 114 83 59 163 111 57 47 140 86 74 71 34 118 124 55 136 101 104 100 64 43 108 129 88 155 148 33 78 156 176 129 87 115 77 148 10 129 14 165 134 87 130 77 74 123 20 78 140 119 129 106 96 50 92 
153 39 115 49 93 89 83 137 84 123 28 92 124 187 80 73 50 46 151 100 108 77 71 108 112 83 90 129 98 100 138 134 64 101 140 37 109 67 151 109 40 64 122 174 80 73 109 114 104 68 78 66 63 17 90 103 103 122 148 39 94 79 112 37 112 85 78 87 103 93 135 112 32 45 23 64 60 125 147 81 111 134 54 77 100 109 51 
136 129 118 68 88 33 151 90 65 134 108 112 67 29 104 135 150 112 100 107 125 179 29 110 104 132 93 89 89 66 45 89 127 69 150 77 169 143 67 130 175 71 178 82 120 98 14 77 155 35 109 139 137 152 112 100 122 155 65 98 93 28 97 91 77 125 70 79 177 144 98 62 152 39 112 116 153 99 34 99 150 73 78 79 104 99 93 
126 116 34 56 157 48 149 79 153 45 49 24 95 190 154 73 105 181 86 184 149 111 130 140 107 74 87 86 77 125 95 178 96 56 86 45 68 176 80 162 125 34 74 110 103 95 54 116 167 44 33 134 86 132 87 67 104 30 48 137 115 21 63 159 28 128 46 133 11 113 134 127 83 73 87 15 180 101 134 99 104 144 113 134 109 119 93 
95 57 98 27 10 43 87 16 176 48 183 128 89 77 76 136 75 115 164 151 59 109 54 118 88 140 36 173 140 103 110 85 70 75 156 126 126 80 121 135 121 68 45 85 147 38 106 59 93 113 106 137 117 108 87 104 76 175 112 91 123 55 21 71 98 104 129 108 108 69 43 99 63 57 119 127 114 99 135 159 34 103 144 39 87 31 120 
122 150 86 78 118 91 171 46 36 52 86 132 125 84 129 32 150 154 94 133 141 66 59 118 126 134 53 136 26 128 102 183 132 103 174 154 46 62 160 108 179 84 133 142 93 112 138 166 185 42 140 64 170 38 97 106 100 133 158 110 8 172 52 110 83 35 98 62 188 80 93 39 141 141 70 123 22 57 89 35 45 103 139 26 60 20 115 
113 48 96 44 19 78 103 72 95 32 91 60 129 87 55 137 45 63 55 97 151 106 90 109 139 43 83 71 58 175 128 72 132 72 33 84 86 90 98 66 64 96 62 61 91 100 179 135 84 90 16 58 77 102 93 86 150 113 136 121 189 140 4 82 120 98 53 94 150 101 61 119 46 81 73 88 193 80 89 87 118 105 45 185 168 167 21 
