56 32 64 71 6 66 90 5 38 44 11 62 85 26 0 55 51 94 48 84 8 43 80 36 19 64 74 99 33 17 40 34 97 1 69 81 100 49 73 80 74 88 18 80 15 2 82 76 56 75 57 42 95 49 85 80 80 63 45 45 74 61 53 53 21 22 67 1 88 0 87 9 39 47 19 84 73 11 75 17 2 99 65 96 54 94 33 90 73 16 23 17 36 
36 22 27 69 32 33 15 22 32 59 9 26 41 72 89 74 0 8 50 29 61 100 14 88 78 69 82 58 23 19 0 12 37 82 100 12 71 45 78 53 55 70 21 7 85 1 94 82 42 69 67 68 31 12 59 81 28 82 29 3 92 24 8 11 86 23 100 9 30 55 78 59 65 25 99 100 42 97 53 72 79 54 54 72 6 62 64 91 74 78 48 65 39 
75 88 93 17 28 44 43 3 0 64 16 5 54 73 96 98 39 73 33 38 54 73 44 62 69 45 11 70 49 70 6 59 67 18 12 76 8 48 75 3 48 63 10 80 71 43 39 81 45 95 50 44 65 80 11 90 72 60 6 54 86 94 49 79 85 25 75 93 51 19 86 53 50 100 28 5 52 48 65 10 8 46 11 95 69 87 99 92 23 5 18 13 8 
67 89 40 7 1 77 77 1 16 43 14 62 9 53 36 37 33 26 71 34 9 62 43 89 12 50 62 79 1 36 40 92 57 61 64 97 50 82 9 57 37 20 22 22 40 97 41 28 3 46 43 90 64 85 88 67 41 31 50 13 42 95 10 60 5 0 95 88 58 10 21 9 68 91 21 25 8 19 71 83 9 9 47 80 52 90 32 97 71 85 67 12 41 
22 4 62 45 95 95 43 65 79 55 11 16 32 8 8 92 7 58 88 73 41 91 49 87 24 13 76 6 57 34 99 3 87 45 5 49 78 44 36 8 97 22 52 34 13 20 33 0 21 66 65 21 70 36 71 99 95 3 54 67 24 14 17 53 54 80 73 37 49 68 85 85 80 75 61 7 19 62 92 56 52 90 3 63 36 52 36 98 88 94 83 2 33 
51 23 2 30 89 66 63 98 69 4 80 13 80 27 6 77 70 98 71 19 41 75 12 47 15 61 37 46 5 99 15 66 33 41 10 94 83 27 37 98 42 36 26 42 92 3 93 65 62 71 22 23 80 62 27 28 64 91 16 64 75 63 43 58 71 18 82 83 56 78 38 86 63 65 27 63 38 66 46 22 5 63 75 55 72 23 50 29 100 16 29 90 33 
4 90 35 74 82 32 35 23 33 2 69 73 43 74 14 71 67 47 54 4 76 37 0 17 49 66 31 23 65 89 61 15 65 4 57 62 96 61 34 94 97 56 86 80 22 22 29 54 19 98 12 28 61 91 18 52 55 100 21 72 1 3 51 75 32 53 31 41 36 30 10 36 30 25 21 23 78 9 3 26 67 81 2 65 8 74 96 64 72 24 85 20 88 
95 84 87 0 61 0 80 56 2 39 62 10 76 45 41 74 33 58 22 29 5 69 5 81 20 25 21 6 23 5 76 16 30 34 9 89 56 68 83 74 36 97 8 27 18 78 66 23 12 0 44 76 81 51 41 66 20 70 32 62 59 29 92 52 21 71 44 58 79 69 10 82 13 29 33 49 10 41 92 56 48 95 61 12 85 5 83 21 3 24 66 84 11 
47 48 41 78 5 24 31 71 61 25 57 22 98 87 93 41 72 64 93 43 59 27 67 67 83 92 45 4 63 26 73 49 53 99 15 37 88 79 73 4 67 31 87 43 60 86 74 91 91 24 33 9 29 31 66 32 45 57 68 81 65 66 23 59 58 87 75 60 24 55 14 83 3 50 96 89 90 23 86 72 40 38 56 85 5 18 44 43 90 4 43 77 12 
45 37 62 45 100 89 81 40 47 54 68 36 20 39 48 80 19 0 71 50 99 21 57 93 81 39 50 60 82 79 36 72 99 79 11 1 43 35 62 61 52 40 78 86 67 84 44 62 7 16 91 27 88 99 42 50 76 69 20 8 28 29 76 42 22 92 18 71 52 24 4 77 74 61 75 23 45 28 62 66 32 11 77 4 67 20 95 38 64 21 61 73 14 
49 12 53 11 31 11 96 98 45 59 5 44 84 60 46 59 24 13 7 92 94 81 76 73 97 91 7 88 49 25 8 61 32 39 55 15 76 24 94 7 46 61 42 2 60 61 9 68 43 46 26 1 70 77 63 51 95 44 26 91 80 84 38 81 1 31 11 84 51 44 71 27 47 37 7 90 38 80 46 96 59 36 61 95 51 67 73 38 2 94 79 100 19 
21 1 84 48 97 8 91 18 18 23 50 15 59 0 68 65 56 27 24 25 45 55 64 24 5 59 69 73 80 87 10 3 95 75 17 60 44 37 47 34 30 17 31 52 54 12 12 10 11 42 86 29 67 69 4 17 69 34 40 23 12 88 8 28 3 75 54 64 81 50 6 86 90 61 41 13 88 99 83 39 14 53 21 45 65 68 8 39 1 100 100 44 90 
53 41 39 93 1 97 85 87 80 29 19 12 98 78 30 54 47 26 24 84 2 62 93 77 61 72 82 75 86 87 9 16 68 31 75 9 83 10 38 28 86 27 23 8 96 24 55 57 90 38 89 36 77 80 28 99 50 48 48 57 67 73 4 94 33 75 92 35 53 25 60 31 46 25 33 31 46 16 63 31 65 30 44 75 59 95 26 69 100 47 58 24 29 
27 22 44 91 7 75 41 72 23 26 44 100 20 62 10 7 49 72 17 96 7 3 98 78 6 24 15 42 86 30 48 96 100 30 71 13 81 10 15 45 44 75 78 98 41 38 67 47 42 12 15 79 48 39 97 65 48 9 25 10 17 16 66 5 65 85 5 62 14 83 100 8 98 19 22 92 5 95 36 82 39 50 66 19 95 45 69 49 94 33 91 39 75 
77 5 2 4 4 35 20 71 64 55 72 15 12 22 47 18 70 79 36 16 21 8 79 55 46 89 82 78 51 56 66 5 68 4 46 76 57 23 52 67 43 71 74 29 64 32 9 79 35 3 36 63 40 96 52 5 83 57 65 6 56 41 76 78 55 99 43 69 91 78 87 22 30 11 26 10 76 45 4 52 24 3 18 31 44 45 20 66 46 81 12 71 44 
78 42 39 70 50 60 21 23 30 21 26 48 58 61 64 44 6 69 17 91 69 98 87 2 68 90 10 10 63 60 57 19 40 0 79 12 9 49 29 88 75 76 84 16 73 60 35 7 64 50 13 26 88 68 71 94 22 44 16 41 0 85 2 98 5 6 41 79 21 79 95 75 21 62 36 73 12 9 6 12 61 75 73 67 7 18 67 68 10 17 85 31 47 
57 51 94 82 51 20 74 100 1 69 49 82 79 68 3 70 82 79 31 52 49 76 87 8 1 93 78 29 47 86 64 63 53 50 82 41 71 25 72 75 44 47 73 70 70 43 60 67 59 53 54 40 41 44 33 72 85 16 99 11 6 40 83 49 21 69 10 80 76 76 89 98 58 26 27 92 53 1 43 53 51 20 9 84 90 26 8 83 28 83 53 30 4 
44 37 53 48 79 64 47 80 4 25 27 22 24 77 91 24 27 5 73 74 8 69 34 39 2 70 62 82 6 8 71 43 6 18 40 100 87 75 53 40 30 29 39 18 93 57 79 73 61 80 7 10 87 65 8 37 57 98 77 30 55 91 41 32 58 52 4 76 68 52 54 7 51 6 100 72 73 18 17 12 63 14 36 51 49 0 98 65 84 91 98 52 21 
9 99 70 91 100 9 99 79 51 83 91 73 6 25 26 79 87 78 36 79 62 11 75 30 51 90 50 78 11 43 61 36 63 55 96 74 97 29 95 69 12 0 38 76 15 29 54 38 44 11 90 71 51 30 96 67 55 98 49 37 10 18 38 87 4 93 56 66 77 33 62 97 96 1 6 82 9 83 97 95 65 6 84 0 57 86 47 23 20 14 72 90 72 
6 61 44 14 16 10 42 18 67 87 59 35 30 22 45 92 22 21 53 88 35 93 97 37 44 99 1 89 7 71 64 68 54 21 11 0 35 71 13 12 93 43 8 7 49 58 54 63 49 51 1 3 46 0 82 13 81 71 13 43 29 19 59 15 52 78 49 80 85 82 61 92 29 9 84 27 32 74 4 42 43 65 53 70 6 56 78 84 4 93 31 69 91 
27 1 56 64 16 2 79 55 40 12 87 78 50 81 98 8 43 58 50 31 22 69 94 18 17 89 68 83 5 2 24 32 10 34 84 76 99 53 34 16 78 98 46 87 21 91 21 22 45 8 51 42 63 70 64 0 75 36 99 71 51 81 37 9 12 92 12 9 13 70 97 81 70 49 58 38 0 73 51 64 28 84 45 68 75 21 57 22 7 82 94 58 69 
16 91 87 91 87 7 98 55 38 87 20 60 89 50 26 20 39 37 82 55 87 78 21 78 99 100 77 65 97 2 76 65 52 47 62 23 42 74 83 74 33 36 40 35 48 31 87 15 17 32 77 80 16 32 69 33 71 18 0 86 33 22 69 90 60 61 9 70 100 12 69 68 72 91 97 66 0 64 15 11 20 23 66 64 47 36 25 55 53 49 64 100 84 
39 13 10 92 79 98 3 63 26 30 37 91 59 80 22 38 46 25 93 4 93 10 30 82 62 64 74 99 50 36 86 67 54 9 32 40 39 91 78 16 36 54 70 13 22 16 57 47 51 42 21 52 43 43 25 33 4 17 75 15 66 14 41 63 27 63 48 46 18 36 9 61 82 11 23 44 2 60 68 30 43 35 17 31 53 18 39 33 59 96 46 38 47 
50 37 62 74 36 57 53 7 66 38 32 80 51 39 59 36 70 30 63 98 59 68 88 85 71 27 85 89 67 63 19 41 57 19 49 52 73 61 19 35 48 21 74 72 48 64 69 75 78 53 7 32 67 18 37 40 31 34 7 6 61 67 33 28 51 67 77 92 45 61 69 66 76 59 30 47 17 4 39 3 62 61 83 45 39 30 96 14 72 18 53 83 6 
95 20 92 36 19 88 31 80 22 94 71 44 84 68 89 0 35 89 92 95 40 54 77 65 87 39 52 46 77 86 90 32 46 13 46 44 84 2 96 37 16 21 32 59 52 81 60 67 4 53 8 93 74 11 63 5 13 9 25 66 90 7 33 35 85 26 21 56 6 14 79 99 41 96 89 43 25 23 83 36 41 24 64 97 79 62 69 17 94 51 17 51 75 
25 27 35 0 70 13 89 97 9 69 49 100 98 95 29 77 68 33 2 54 85 67 56 26 47 44 67 66 67 44 57 20 20 80 14 34 18 86 70 30 2 47 99 29 60 20 100 37 99 33 39 13 46 91 54 50 22 69 63 34 96 83 48 53 49 6 97 79 34 41 3 22 74 83 32 24 2 78 42 74 40 65 34 67 70 64 9 92 53 53 31 82 20 
8 25 28 14 62 88 0 67 66 92 99 81 3 45 56 36 50 32 73 1 56 56 71 60 61 21 2 33 64 2 0 43 6 90 48 58 20 79 13 38 75 12 76 10 4 44 74 90 1 79 41 17 8 31 57 97 61 45 40 1 46 84 16 3 50 15 67 80 58 25 43 12 17 54 87 77 96 95 43 13 62 90 6 86 16 89 85 55 88 84 64 9 70 
89 58 50 33 26 75 54 50 18 57 68 70 52 7 59 60 53 38 83 36 80 57 36 11 57 5 4 28 69 22 95 62 58 44 50 40 28 89 50 52 6 91 91 81 91 19 62 100 28 34 59 58 40 94 100 29 29 34 9 2 13 10 25 65 100 2 77 93 93 9 79 23 48 68 38 54 48 95 38 95 52 13 69 98 98 8 75 40 68 56 45 11 8 
24 40 24 29 92 75 18 36 17 21 99 28 52 22 54 29 11 65 100 29 61 86 1 92 78 84 94 58 31 29 38 31 55 89 89 25 82 61 22 72 35 48 90 73 94 77 72 92 17 13 46 73 10 67 37 32 54 7 43 42 57 94 82 69 16 97 92 4 71 41 69 55 7 34 99 31 38 88 15 93 71 87 6 75 97 51 98 100 96 97 51 26 100 
9 43 27 35 58 74 76 76 53 85 82 85 65 42 46 69 76 3 25 41 40 83 45 16 4 33 34 68 84 45 100 32 19 67 78 89 52 33 100 55 20 48 6 10 17 79 35 45 66 90 49 93 66 47 48 66 78 100 14 9 85 86 95 69 64 24 57 87 30 49 27 85 39 41 23 18 81 85 20 23 52 89 62 81 29 52 0 88 2 86 42 32 100 
40 12 51 55 17 85 3 46 21 11 64 12 53 87 77 11 28 3 1 93 69 95 31 34 32 3 35 57 90 16 41 53 34 24 59 91 66 92 99 51 44 35 55 66 89 7 88 15 47 83 57 64 98 54 18 6 39 20 53 59 52 31 11 47 30 92 85 74 17 93 2 62 23 73 57 22 82 71 66 11 55 40 50 13 13 28 82 68 71 29 49 54 34 
38 71 32 32 6 40 88 31 53 72 25 20 45 97 88 35 5 71 8 5 64 49 24 44 64 69 61 36 39 94 11 85 62 38 46 45 9 0 52 6 52 25 1 68 7 46 38 15 58 11 34 81 49 57 37 66 59 81 78 82 40 44 52 54 70 65 26 19 66 36 5 35 17 64 2 88 45 29 53 16 14 72 71 47 0 72 21 61 87 1 59 59 5 
47 27 6 40 66 4 47 69 94 30 72 2 94 20 15 58 2 46 100 1 45 6 7 62 44 58 73 60 71 79 74 3 51 26 9 95 45 26 75 92 8 69 97 71 1 53 56 18 17 100 7 100 21 7 32 61 8 59 60 70 19 75 53 67 58 91 66 55 52 64 74 73 87 41 36 69 1 71 0 53 70 60 57 23 76 29 61 86 34 28 34 16 88 
28 61 36 87 89 11 98 35 54 57 81 24 57 64 39 4 32 82 79 75 45 64 57 44 61 49 30 87 82 20 76 45 72 89 65 91 60 95 70 78 97 23 80 0 35 94 42 16 32 45 92 18 83 83 83 26 68 53 72 96 77 100 28 45 57 48 87 54 92 92 58 66 20 20 19 7 83 29 35 96 67 28 5 9 25 42 40 86 95 72 59 84 20 
31 40 34 84 16 56 41 67 9 17 15 19 36 28 22 94 80 93 46 83 11 92 58 39 60 84 70 19 69 60 60 84 31 71 42 85 59 58 73 17 32 28 75 3 96 86 17 77 2 2 92 89 45 70 49 55 75 89 92 9 29 87 23 29 68 59 44 21 42 40 59 84 99 15 23 75 4 79 25 63 68 93 79 31 37 36 76 59 55 92 38 32 85 
4 0 90 99 93 36 34 43 58 56 6 62 60 94 68 46 72 39 78 12 4 96 63 0 53 42 29 4 32 61 90 36 90 39 100 11 94 50 30 76 60 93 16 66 26 50 93 12 58 86 54 9 86 83 34 44 36 54 89 73 70 7 44 3 70 2 43 58 79 97 89 17 81 78 17 66 87 66 43 91 67 7 2 15 71 93 80 49 6 13 0 74 65 
60 31 76 63 97 69 63 2 80 92 33 8 15 98 81 57 47 64 14 78 35 99 60 19 58 90 64 26 60 32 60 2 29 23 26 73 14 48 17 73 13 96 65 12 100 19 33 92 65 44 96 10 20 63 35 38 93 56 43 15 12 91 79 99 46 14 5 10 23 93 79 2 96 18 99 46 69 57 70 38 87 46 73 79 81 59 44 98 23 8 19 84 99 
89 70 89 84 40 98 34 100 27 96 55 13 8 70 100 73 43 23 11 76 66 83 90 0 47 36 14 61 86 27 100 28 53 20 66 15 61 0 8 34 32 38 80 8 41 95 81 2 1 2 87 20 11 89 56 68 53 17 19 83 80 43 64 69 87 98 52 75 41 20 28 89 20 85 74 58 44 80 70 67 56 88 15 16 54 12 88 4 52 50 60 6 61 
50 26 3 53 88 67 21 31 79 38 16 81 76 29 33 21 12 83 75 0 50 90 16 41 42 90 4 63 27 75 75 45 98 7 40 15 33 93 26 94 76 29 5 89 19 69 36 38 35 21 45 51 68 9 41 79 60 46 10 28 7 74 31 77 8 16 41 1 24 32 28 9 7 45 92 31 16 96 48 31 72 23 65 98 69 9 83 72 59 7 84 17 43 
27 27 9 48 92 82 72 15 59 14 71 58 25 1 86 34 97 21 7 76 15 71 77 68 69 5 53 70 68 2 36 47 32 92 99 76 39 6 20 49 19 81 98 16 41 65 27 45 37 40 35 86 14 6 73 60 80 43 6 58 79 65 78 48 30 7 43 2 34 68 0 38 2 30 94 61 13 28 89 41 31 20 65 86 3 3 61 88 12 69 40 87 43 
70 23 12 51 36 54 28 6 22 88 99 26 60 76 52 91 0 1 15 86 50 10 98 27 1 65 20 75 88 57 58 98 27 3 43 92 27 48 20 9 46 100 87 59 16 10 28 58 58 18 90 76 57 6 38 59 90 3 17 92 50 85 69 4 79 82 100 45 17 86 79 31 11 2 83 63 61 39 2 31 28 0 24 22 82 44 81 78 87 68 4 48 84 
74 28 8 94 52 95 18 22 22 90 93 29 20 18 54 67 31 23 50 39 47 71 37 21 71 16 74 5 74 16 76 60 53 18 29 77 57 41 41 25 16 65 41 23 38 76 42 84 38 0 70 29 67 60 77 35 4 54 59 32 51 13 28 73 29 61 38 21 47 25 55 89 49 63 46 55 90 84 97 47 84 43 6 76 97 61 1 3 76 52 34 89 55 
26 38 73 8 51 81 31 72 16 71 76 60 50 15 57 57 99 16 53 56 75 72 30 67 88 80 91 56 89 66 58 79 84 14 5 90 44 30 36 40 70 27 37 30 100 22 5 79 89 13 75 8 77 84 75 45 43 64 7 38 24 76 9 100 70 37 89 3 46 0 24 82 96 31 12 60 79 17 74 74 20 0 32 58 34 47 18 36 81 71 78 40 43 
43 89 21 2 90 92 49 18 67 66 59 69 37 78 9 78 13 15 83 10 84 49 30 90 68 97 49 13 72 11 3 99 82 99 10 27 90 29 24 22 65 66 96 12 93 10 16 55 24 94 0 50 7 6 50 18 65 12 36 40 46 40 27 49 56 88 44 69 67 55 88 2 32 78 2 8 82 42 26 14 34 88 71 91 40 15 70 59 78 17 84 32 87 
57 5 43 4 33 60 40 19 32 35 49 63 44 55 73 72 38 98 51 45 35 23 47 60 34 36 94 68 17 97 29 56 100 0 39 77 40 34 64 22 95 19 72 14 93 68 95 67 3 30 46 65 76 52 38 13 99 50 25 71 91 16 57 92 43 30 44 45 22 9 87 93 30 61 9 28 27 66 32 0 7 72 75 78 43 41 46 57 15 36 58 13 13 
57 31 65 46 2 47 21 3 1 18 62 23 61 25 35 48 83 11 89 91 90 76 9 93 95 1 90 78 91 5 80 33 92 44 17 94 95 40 44 29 96 16 65 16 65 62 48 22 72 71 13 18 93 47 62 32 17 5 47 6 16 83 49 1 99 35 7 96 73 100 67 2 80 28 66 29 60 46 92 85 94 57 4 39 48 26 6 3 66 78 53 78 79 
35 18 13 10 42 11 64 91 98 2 91 77 3 95 5 75 95 75 0 84 75 13 66 33 97 27 62 59 68 84 61 32 87 40 35 90 76 30 95 52 23 39 60 55 85 8 59 46 0 25 69 44 27 99 98 40 37 14 47 32 65 19 54 61 11 34 24 3 57 15 39 91 83 62 70 93 77 47 55 29 95 77 37 52 88 83 36 51 66 24 3 48 65 
89 85 38 94 73 83 94 15 78 11 100 55 86 99 12 21 84 76 51 16 48 39 50 48 82 27 97 98 57 73 13 62 21 53 6 61 6 29 97 38 66 6 9 57 10 29 76 39 60 31 91 95 96 91 78 64 67 5 97 60 30 20 51 76 14 87 90 50 17 87 15 27 97 5 2 40 82 3 4 87 96 39 8 87 86 77 32 18 51 83 31 44 93 
60 100 38 32 96 62 99 3 24 10 87 11 56 79 26 66 68 94 44 47 28 45 6 45 10 43 81 87 94 50 3 90 31 100 11 62 70 60 90 72 24 63 38 95 89 6 38 95 94 31 47 1 61 72 14 88 67 72 86 6 21 75 59 88 71 86 6 42 24 100 48 47 85 50 51 87 11 9 56 81 30 21 54 57 26 78 81 100 96 71 0 79 35 
31 99 46 77 67 42 95 41 84 45 39 92 40 30 57 98 14 17 61 55 97 50 59 98 83 43 41 72 4 8 54 61 64 40 21 54 62 4 11 83 8 85 59 47 59 45 55 13 36 57 1 64 34 65 53 71 80 44 83 25 64 77 82 10 74 55 59 27 26 9 66 78 98 94 28 15 6 69 33 91 7 7 52 99 15 44 51 58 93 94 1 73 1 
49 23 90 37 58 99 14 21 37 7 92 33 24 30 78 0 10 60 42 19 84 17 70 73 12 98 30 94 84 12 76 70 62 64 100 79 92 32 60 67 88 8 51 1 56 56 23 29 47 39 95 71 84 17 83 28 52 39 24 26 21 58 40 13 54 84 41 32 57 48 80 71 13 9 24 59 94 17 43 42 50 22 68 98 90 64 48 63 6 72 78 82 31 
16 79 3 67 60 74 14 85 74 12 33 49 63 40 18 40 10 20 65 33 8 81 50 93 24 56 19 58 95 3 100 63 69 96 1 64 18 63 51 21 78 89 41 61 66 94 61 28 44 61 5 55 71 11 26 51 99 3 38 82 51 40 17 49 23 73 57 3 85 38 40 82 71 72 27 74 29 72 23 15 63 40 71 26 79 22 16 60 77 14 40 34 99 
10 28 95 58 74 41 74 1 81 68 11 53 80 53 20 2 70 3 8 60 90 55 100 0 34 71 2 78 30 61 16 61 92 12 85 44 31 80 92 78 22 38 85 74 52 33 71 5 53 40 45 74 88 95 56 40 56 3 32 53 61 9 93 8 3 17 77 5 19 79 41 36 14 44 72 97 58 2 0 15 84 78 29 74 95 65 6 55 75 84 89 11 86 
4 82 29 35 4 9 11 99 76 30 21 57 4 27 94 81 3 19 35 17 43 38 38 23 12 14 3 74 96 35 94 7 26 55 2 98 26 1 80 97 44 31 3 99 89 9 17 83 48 34 34 84 39 82 95 7 16 4 4 95 8 8 77 78 64 73 83 79 62 0 68 86 60 48 64 63 23 12 100 16 58 79 13 10 16 5 35 26 77 37 34 17 27 
58 4 84 67 60 29 68 90 10 23 2 13 61 87 64 5 29 63 1 71 30 21 23 98 43 95 7 55 92 30 66 72 40 63 48 61 46 21 60 19 47 1 72 85 1 42 44 43 79 81 78 28 24 70 39 57 83 42 52 57 3 53 47 15 94 96 34 20 35 15 35 79 93 46 23 44 55 7 51 64 8 67 90 100 67 72 97 15 75 74 43 11 69 
38 20 63 6 95 13 60 24 1 49 4 78 24 96 6 52 18 73 88 10 89 36 6 68 38 38 95 90 0 47 95 49 79 57 25 80 65 43 4 10 94 38 12 19 66 29 58 17 52 15 96 4 56 34 89 66 96 99 7 91 86 40 42 53 9 8 30 37 7 92 52 84 44 89 60 4 38 49 44 7 73 75 34 36 40 81 50 65 70 29 3 64 54 
100 70 6 2 26 79 39 41 61 97 100 55 98 86 20 89 68 71 29 80 57 75 49 0 68 13 42 54 44 66 57 71 42 23 16 46 59 14 94 55 71 53 12 76 73 16 43 31 21 45 49 19 40 4 12 13 8 48 3 18 79 34 42 2 33 48 18 13 50 81 49 28 51 27 16 32 12 33 15 83 35 7 37 42 37 1 13 90 20 18 46 35 78 
27 13 98 24 53 91 53 56 39 47 77 11 91 17 83 3 14 25 42 8 51 73 47 10 16 47 51 4 50 61 2 78 56 14 41 78 4 73 77 32 94 52 36 88 98 62 91 64 99 26 94 21 0 40 82 56 62 44 27 37 6 74 23 81 49 2 63 34 57 5 76 54 51 94 62 11 25 90 81 93 34 78 55 15 3 31 36 86 78 3 85 74 74 
32 30 54 46 75 74 5 55 24 4 88 99 43 87 84 81 12 40 0 83 47 91 30 15 93 77 81 8 43 31 87 56 15 100 87 3 73 38 39 61 61 24 33 73 90 45 99 0 41 54 68 84 23 93 70 54 30 63 1 31 90 94 45 5 59 32 68 100 50 3 23 51 91 49 57 71 14 40 78 99 85 52 9 47 90 28 75 18 20 4 48 86 75 
73 88 40 9 95 41 95 95 28 61 97 99 52 22 7 47 27 8 2 29 54 16 35 11 73 30 82 28 41 79 5 49 5 61 91 30 90 0 9 24 74 45 93 73 70 26 11 10 50 3 48 18 50 79 8 15 38 57 92 38 66 41 41 94 72 62 56 98 81 79 41 18 27 86 96 73 11 83 8 25 24 24 98 85 40 35 57 38 54 12 33 23 46 
59 1 61 74 18 47 60 90 16 78 92 71 21 30 97 82 6 81 7 73 84 96 61 20 32 80 81 55 61 10 70 8 54 56 44 90 21 1 58 59 22 43 70 69 20 92 46 52 54 40 34 46 9 3 7 23 95 87 64 3 36 3 35 100 7 14 37 81 11 60 64 68 1 61 84 24 95 72 10 26 77 6 63 56 2 56 95 70 90 58 61 46 98 
30 2 17 82 69 31 33 98 74 67 58 18 28 8 47 53 82 78 72 50 96 98 86 35 75 89 67 54 96 19 26 4 53 87 22 29 80 40 86 64 80 49 97 42 100 23 47 61 66 59 36 41 72 56 36 65 16 70 76 72 69 58 21 61 91 59 36 55 46 36 86 10 4 77 7 9 46 68 39 25 9 76 98 31 48 4 6 42 94 7 85 16 79 
43 66 92 69 8 63 15 32 19 64 93 85 57 59 78 8 27 45 8 44 85 94 52 72 24 7 66 65 69 57 53 23 51 65 36 85 8 33 51 20 73 44 55 22 59 0 89 47 60 30 75 71 2 27 67 88 58 50 26 75 99 88 85 49 21 83 72 77 15 62 25 30 62 51 48 46 25 51 55 78 39 47 69 14 84 81 58 60 44 10 91 10 66 
48 92 77 29 88 64 19 62 40 82 26 68 100 35 27 22 65 41 40 42 0 23 31 58 3 9 69 76 95 1 47 38 95 72 93 77 17 11 25 4 10 90 91 19 10 46 85 1 24 48 89 6 1 40 2 85 43 38 2 0 62 71 13 43 48 100 100 16 21 39 25 23 75 84 59 30 84 21 73 70 94 36 92 63 0 21 15 20 12 77 61 60 36 
13 94 22 69 27 24 16 26 65 42 49 79 97 61 27 37 73 33 8 12 86 31 1 62 69 18 30 90 74 62 37 77 29 0 90 94 21 21 54 13 20 12 73 28 43 27 61 56 76 12 81 56 82 14 95 93 84 57 44 37 72 37 59 92 65 27 86 80 11 93 63 83 0 95 97 54 99 77 97 13 96 7 53 75 14 50 13 72 46 79 20 1 53 
24 90 34 55 74 78 39 38 26 4 31 0 61 35 40 3 97 19 93 76 17 23 14 61 48 53 46 30 65 66 16 47 13 47 59 13 69 77 55 93 89 87 69 25 98 78 62 20 96 22 9 21 92 43 41 94 27 86 95 31 5 67 100 100 17 39 40 91 69 91 77 26 30 89 96 53 82 94 59 99 55 41 81 56 12 80 10 44 10 34 73 23 55 
53 69 45 8 42 56 93 2 85 21 78 44 84 83 66 52 72 60 59 28 45 81 52 41 50 78 49 63 40 94 82 38 28 46 21 75 97 76 54 19 91 47 80 54 3 8 51 94 58 45 6 61 66 98 9 8 35 17 31 35 86 85 31 20 13 93 24 16 3 98 56 11 50 92 40 56 49 38 4 68 65 82 100 27 35 94 16 47 22 25 91 51 20 
82 69 51 60 46 22 63 37 78 100 77 97 62 75 43 85 28 44 67 29 85 56 50 69 96 48 67 9 46 74 2 98 49 20 58 90 81 7 1 55 72 27 75 73 92 6 5 48 95 7 47 71 60 82 38 35 14 29 11 2 19 12 63 90 1 75 99 11 28 47 37 83 2 84 73 31 72 100 38 67 39 32 19 9 48 98 95 31 48 56 86 23 52 
59 93 60 49 12 54 15 82 90 2 42 48 8 20 56 18 25 8 45 73 58 50 51 72 29 63 55 87 15 83 62 17 98 66 87 25 40 38 16 57 90 2 27 11 79 80 8 64 13 24 4 83 42 63 46 57 74 85 48 65 1 82 11 46 80 16 16 5 89 24 60 32 51 37 39 96 5 34 100 33 78 73 33 42 68 4 27 93 68 99 96 93 45 
77 68 53 78 75 98 73 52 38 88 9 31 95 98 93 25 31 57 73 25 79 62 95 41 83 18 64 59 94 49 53 26 60 64 15 82 46 97 23 76 61 78 60 0 86 19 18 62 51 42 62 16 60 18 18 69 65 23 13 62 40 80 9 50 37 21 91 67 59 40 89 12 99 66 51 64 54 69 91 22 49 10 68 37 33 100 43 61 5 6 62 11 77 
2 95 19 35 72 58 34 20 94 56 6 75 64 10 69 11 47 21 41 22 85 27 29 40 69 19 1 62 0 20 100 18 47 86 36 61 47 100 7 61 67 4 89 79 98 60 9 47 23 58 78 44 79 12 25 37 9 53 100 24 17 5 72 50 45 33 16 18 60 62 14 72 53 71 65 30 72 23 100 65 85 34 96 25 81 0 37 51 48 19 74 48 61 
0 88 58 62 37 99 24 38 96 87 41 43 93 17 49 61 87 18 88 65 2 52 1 4 8 46 1 6 79 18 52 15 58 90 69 35 14 12 99 72 46 8 25 6 82 55 61 17 47 4 65 93 73 60 58 52 59 77 27 12 2 80 58 75 41 56 53 37 80 34 93 94 19 97 84 5 65 99 15 70 41 16 86 13 88 98 92 42 81 27 97 27 50 
3 91 91 89 9 93 31 35 64 81 42 89 7 36 73 66 55 72 44 74 58 73 24 11 9 59 5 67 2 20 1 73 41 15 41 2 60 18 14 18 63 36 38 14 76 87 37 24 38 13 84 56 68 65 68 39 47 51 18 100 4 74 47 41 61 89 86 69 26 29 40 27 73 26 67 90 19 82 11 86 57 96 1 36 7 50 50 22 20 77 86 20 45 
29 16 81 18 45 96 37 1 47 40 92 56 50 0 78 11 4 7 62 8 5 10 48 70 68 39 31 74 29 6 35 42 99 52 40 94 88 54 87 68 93 4 47 90 18 87 45 90 94 35 10 65 49 11 26 28 39 95 55 46 99 18 3 84 60 94 48 31 86 36 89 14 57 83 41 81 77 27 44 1 12 30 14 88 43 100 13 38 3 58 43 39 91 
90 35 72 84 17 98 66 23 1 79 78 61 92 6 22 86 31 82 20 62 81 85 63 92 76 20 77 70 7 76 33 99 56 92 49 86 85 58 30 11 80 41 76 21 19 16 89 98 71 41 68 42 88 19 11 54 25 49 4 54 55 5 64 55 91 43 87 82 82 82 64 60 0 26 23 98 84 72 32 73 53 67 12 23 76 58 97 16 59 39 48 67 33 
76 24 30 54 40 49 53 67 59 81 84 33 40 90 96 30 16 92 4 73 11 36 4 80 5 95 67 1 92 88 100 32 96 99 32 14 53 36 22 88 50 66 25 26 94 39 55 95 23 52 81 80 77 54 66 53 51 74 75 56 80 39 72 55 86 44 86 7 84 1 95 9 60 83 83 100 76 86 78 99 55 12 2 95 63 77 63 85 43 25 78 18 58 
92 47 21 48 46 93 86 47 51 27 91 15 39 82 43 36 57 4 61 59 34 81 2 8 92 81 69 74 38 12 66 63 56 91 66 78 39 74 76 82 86 57 86 16 14 16 96 98 35 2 46 11 27 26 33 64 100 4 49 95 36 6 50 40 50 84 21 44 52 51 15 12 53 87 6 81 46 67 38 55 2 11 83 25 57 48 70 28 65 30 75 16 1 
57 82 77 23 91 18 74 14 23 19 33 5 66 64 61 10 56 8 61 72 28 71 63 9 29 64 5 33 75 64 34 91 27 54 38 98 68 91 7 98 50 21 75 5 78 0 76 58 94 17 46 80 100 76 92 51 1 61 53 41 20 76 65 59 37 26 38 0 23 71 79 49 61 13 10 76 0 85 15 85 26 89 93 75 52 40 15 83 23 85 49 42 35 
18 96 97 30 95 24 37 13 12 14 61 2 49 30 11 23 67 47 34 57 80 62 44 32 6 51 3 13 22 90 100 87 89 58 52 56 63 13 93 54 90 98 62 81 74 95 12 38 13 18 63 32 81 2 92 76 72 42 56 35 49 55 40 30 94 28 96 75 20 25 43 54 96 23 43 51 22 30 94 63 35 36 67 88 4 14 82 10 18 46 14 4 68 
82 64 74 6 59 17 64 35 98 51 73 33 29 75 34 80 86 91 48 37 79 62 15 69 94 52 3 32 70 28 78 52 76 77 51 97 75 72 49 90 64 21 38 95 48 6 20 88 77 44 35 40 38 52 53 79 98 78 43 98 56 66 33 46 7 78 42 30 90 16 87 82 38 15 9 33 86 85 98 92 11 89 5 52 36 38 14 74 14 92 60 25 39 
59 79 99 43 95 26 82 60 50 40 37 17 83 54 83 54 78 34 19 38 78 30 34 97 59 26 68 69 32 48 22 1 88 45 34 86 55 3 69 51 91 46 34 60 61 20 96 94 60 60 71 31 11 17 76 91 8 73 97 52 93 98 98 1 40 59 89 16 34 89 17 36 41 8 87 100 14 23 33 17 44 4 37 99 20 86 19 17 48 41 72 55 49 
29 82 14 6 30 98 75 40 42 97 93 24 52 99 2 82 16 49 63 12 38 72 34 51 72 64 89 31 69 48 34 88 22 22 64 79 47 66 71 8 59 84 86 92 33 25 37 20 23 59 20 27 8 65 53 66 61 23 93 72 88 98 52 44 84 7 28 86 7 14 65 92 5 37 40 47 24 31 90 28 88 83 81 57 49 100 99 6 39 28 20 64 69 
59 81 80 68 65 57 43 8 95 27 51 95 33 12 48 27 71 36 45 69 32 86 56 30 71 92 59 55 17 56 62 17 81 55 4 59 51 9 15 62 60 31 75 89 32 70 32 96 33 28 24 99 55 7 12 43 29 83 62 66 65 87 81 85 50 20 24 6 65 75 25 74 79 98 78 41 3 66 59 27 80 98 99 7 83 1 20 76 35 99 44 83 86 
78 71 16 14 78 4 99 18 86 98 76 68 76 35 59 58 57 68 93 32 9 55 70 9 22 63 49 40 46 35 33 73 79 8 69 9 47 86 79 77 7 21 66 79 0 45 25 55 88 28 100 26 42 56 2 32 54 48 87 15 96 37 19 10 14 7 78 54 80 56 40 50 84 16 95 69 24 4 31 72 59 37 52 73 29 1 82 97 39 0 96 30 38 
23 16 68 15 19 11 27 10 92 92 58 10 89 78 24 39 80 10 59 34 82 42 63 14 56 43 38 27 60 8 5 50 24 74 56 69 33 91 68 9 89 18 4 13 56 79 92 70 1 42 42 27 84 87 6 71 55 75 17 68 29 95 37 58 27 72 71 57 96 15 47 26 99 55 19 60 24 97 10 5 77 27 80 90 49 22 64 100 13 33 1 19 88 
55 99 88 75 58 58 82 55 16 51 88 18 85 59 22 12 97 4 99 5 24 41 19 56 16 19 95 27 82 2 47 56 18 52 45 42 94 36 32 25 36 65 39 26 64 72 62 68 6 11 99 46 0 57 17 68 76 32 36 65 83 97 18 89 3 83 9 94 44 8 63 20 23 7 25 63 2 47 81 44 43 87 90 44 70 47 81 4 26 14 1 40 6 
78 13 6 41 31 34 23 18 65 13 32 77 90 69 49 45 50 75 97 67 94 31 78 37 76 29 31 96 7 11 77 53 80 30 37 13 65 21 85 78 73 94 76 49 63 94 73 60 78 91 25 13 1 73 96 46 57 10 88 5 40 29 10 73 100 57 11 39 11 0 21 26 33 57 48 19 31 75 87 76 90 36 63 61 58 42 3 48 39 53 58 73 27 
51 20 61 31 64 28 33 34 23 99 89 12 77 0 3 24 33 44 72 50 78 6 66 98 4 11 51 62 34 73 92 76 35 46 99 66 99 25 48 4 86 92 85 31 28 69 45 67 76 45 49 61 37 50 7 40 83 15 68 74 22 15 90 88 64 40 61 32 94 21 87 35 46 95 43 68 11 54 5 25 96 64 30 82 30 5 83 20 54 99 22 0 75 
95 12 11 3 97 61 98 0 25 27 35 84 62 44 53 53 64 72 55 14 23 49 45 11 17 9 52 71 20 64 100 26 29 23 25 88 54 11 19 89 58 22 65 7 61 55 52 88 98 52 32 96 50 29 60 73 99 62 97 83 56 70 44 91 45 53 100 34 0 91 21 34 73 37 26 54 11 51 88 84 42 96 50 86 8 78 64 92 12 89 11 4 100 
32 94 81 36 9 4 24 44 91 27 38 52 38 65 66 98 6 59 86 57 28 45 76 68 74 1 91 41 95 42 63 4 9 44 78 26 23 64 45 50 100 43 75 18 96 6 87 75 50 25 11 95 76 87 99 69 79 12 51 94 14 55 39 29 53 42 1 78 21 64 14 3 39 90 11 47 98 36 56 61 41 54 37 60 97 42 27 77 53 88 61 68 5 
99 34 6 13 17 88 46 9 23 88 68 87 81 52 46 34 12 58 84 99 10 10 15 100 21 43 21 72 19 71 94 49 60 56 33 45 17 91 50 23 92 15 8 98 62 57 94 6 61 10 37 17 7 18 75 47 26 29 42 82 90 56 49 77 58 22 29 91 83 34 84 35 23 29 73 63 3 38 68 5 87 56 80 20 34 95 43 62 82 70 62 12 72 
48 36 94 39 37 88 39 28 41 85 85 77 10 43 78 46 8 60 100 6 51 73 32 49 95 0 62 94 85 3 66 44 52 25 34 6 33 13 2 51 10 35 62 7 73 59 58 75 65 41 40 12 71 52 63 28 93 78 26 97 43 52 35 99 1 98 60 54 89 80 94 24 55 68 14 62 62 7 7 10 29 8 18 30 64 0 54 55 75 65 16 6 31 
28 81 35 53 99 24 13 86 98 7 7 96 44 44 4 89 93 100 6 29 0 75 28 29 20 45 43 16 43 4 36 62 97 40 79 10 22 59 83 16 22 4 95 12 82 79 70 44 57 92 80 60 72 98 14 30 8 61 62 80 20 22 61 72 42 5 42 14 72 97 97 3 52 6 93 77 99 50 92 46 73 70 76 7 41 93 51 63 61 22 10 93 75 
