100 88 76 33 93 85 76 94 74 13 23 83 2 36 48 40 40 73 37 85 54 43 64 47 36 31 12 97 59 60 99 79 92 76 96 51 64 70 62 42 74 67 34 43 9 87 90 79 5 2 28 2 50 9 2 36 31 78 34 37 30 2 5 78 94 94 62 37 79 55 65 84 89 78 99 61 64 84 15 11 17 45 18 3 79 96 60 92 66 84 82 17 77 90 
40 20 2 12 29 79 5 14 67 67 48 45 10 47 80 17 14 73 30 5 34 69 49 95 53 52 28 60 74 36 58 62 13 81 87 85 29 65 31 47 42 3 59 66 31 81 43 53 96 81 44 67 81 50 62 74 16 91 43 17 94 10 17 38 93 75 7 24 75 30 63 33 17 3 58 62 12 9 28 65 85 69 90 21 81 95 14 63 46 16 40 25 21 97 
81 37 22 30 18 66 6 16 56 82 94 36 17 81 22 15 80 47 71 88 99 46 5 80 77 3 71 6 25 74 83 62 77 72 45 7 76 38 39 46 30 78 92 24 29 64 35 19 7 70 69 36 1 20 69 93 50 6 95 14 32 26 68 71 72 99 26 46 95 96 68 28 31 29 73 11 27 27 43 89 30 0 62 94 2 43 76 77 50 23 50 52 23 11 
59 51 100 46 26 10 80 73 52 20 37 14 46 11 50 30 24 8 80 44 30 91 36 4 54 34 84 71 10 81 4 21 17 88 37 40 38 95 58 84 17 57 97 58 53 14 83 80 81 39 55 29 96 71 82 2 43 8 25 91 92 16 94 47 56 60 69 18 83 36 81 66 8 68 71 51 0 99 77 66 92 1 61 60 40 21 32 78 32 24 36 50 83 61 
65 56 65 35 82 73 16 44 0 82 33 42 92 51 50 24 78 21 39 96 55 50 45 89 72 45 93 19 60 76 56 60 87 39 31 96 42 86 65 68 36 97 96 6 48 15 37 54 63 14 46 90 22 61 21 23 61 53 61 38 73 42 32 38 83 54 94 53 55 77 12 10 14 36 2 53 23 38 88 53 65 12 25 37 1 91 34 81 45 82 92 64 50 48 
22 96 6 85 55 90 36 3 65 4 3 40 36 67 13 84 54 41 24 47 61 32 17 49 41 20 69 13 46 39 39 51 95 0 58 4 12 7 28 69 9 34 71 24 53 72 81 26 96 55 97 30 100 1 84 8 1 77 56 99 17 14 74 26 31 100 16 49 42 23 79 20 94 80 42 92 30 20 3 82 25 97 28 49 15 98 81 36 88 56 2 83 21 95 
95 88 84 46 39 29 5 7 53 100 1 100 47 81 10 88 33 23 4 5 25 10 44 25 45 40 84 93 97 0 93 52 39 62 77 15 87 68 14 8 10 44 92 45 99 44 63 48 86 49 28 17 69 6 52 30 83 6 23 69 43 12 6 87 94 1 53 35 41 96 22 77 47 61 27 13 81 7 24 40 66 52 50 95 48 32 31 41 34 37 100 56 13 96 
42 74 92 5 51 55 89 63 48 80 12 58 87 71 87 50 50 99 14 79 52 34 78 38 15 86 10 76 36 98 88 38 53 77 33 19 2 69 31 20 67 20 17 55 41 82 81 10 89 39 36 55 19 27 93 10 87 35 41 12 69 74 5 92 22 68 31 40 88 35 85 24 43 18 24 34 11 48 58 69 59 15 45 47 0 52 4 5 35 37 68 95 100 52 
82 90 42 26 12 10 89 88 62 34 20 23 88 93 42 97 1 79 85 89 52 50 72 24 53 41 60 35 55 7 70 54 2 32 60 41 0 83 27 93 6 73 1 40 98 32 36 50 87 91 4 88 99 10 63 10 57 10 66 27 1 66 69 1 43 15 47 44 69 38 27 97 53 27 97 93 45 5 14 62 30 40 57 75 36 9 50 49 71 59 3 99 4 56 
1 50 50 63 54 36 89 32 34 90 59 10 86 52 56 64 63 27 38 28 86 14 9 9 65 4 46 55 9 71 15 43 2 0 1 76 38 24 38 57 88 91 63 43 71 28 29 68 87 66 0 48 27 92 86 43 30 8 43 39 49 1 8 54 81 82 8 70 92 85 32 27 89 70 95 90 63 45 15 78 52 50 3 100 40 73 80 16 81 27 52 59 95 70 
9 17 79 47 23 13 80 33 29 78 12 20 90 94 21 6 41 25 2 14 86 58 50 75 8 63 15 75 89 7 55 54 65 82 68 71 16 67 79 68 55 63 60 84 33 42 82 44 66 13 11 63 0 9 35 14 1 28 45 72 32 63 54 60 56 55 25 24 24 0 58 45 39 92 20 11 42 62 75 19 72 62 95 72 74 2 82 11 29 35 31 0 93 72 
12 45 76 98 23 74 3 17 34 91 17 42 40 1 33 70 99 16 38 35 100 76 45 24 63 37 52 92 72 74 12 21 56 43 38 96 11 16 44 62 87 71 67 50 53 32 15 34 92 3 63 76 64 88 88 100 84 0 82 48 48 38 9 93 90 45 100 56 65 99 18 18 47 69 26 73 99 99 66 2 86 91 87 1 54 18 37 75 50 2 96 9 17 73 
5 63 94 32 42 66 100 76 12 97 57 7 24 2 69 57 11 77 16 21 72 38 97 29 50 81 98 100 88 83 12 43 59 84 69 80 25 48 88 23 19 93 91 100 30 22 64 91 55 85 21 56 58 8 8 100 18 11 4 78 91 86 17 40 20 47 67 38 2 29 58 87 38 70 35 91 37 35 1 35 3 19 99 46 99 34 79 78 89 73 88 93 42 39 
69 47 64 5 26 46 68 99 67 11 75 56 15 74 2 60 35 11 57 65 58 99 96 76 2 20 6 35 79 13 48 76 100 54 55 15 32 88 51 89 37 71 3 23 37 97 17 18 45 72 79 65 96 95 54 75 62 10 88 7 69 43 77 1 95 39 17 56 2 44 51 66 96 58 42 52 61 22 17 66 1 95 35 29 47 67 6 41 92 16 94 49 100 25 
62 42 96 37 44 87 12 48 25 100 96 71 70 40 6 93 63 13 35 100 23 21 30 41 97 51 65 5 29 82 83 43 21 63 59 2 65 0 57 53 64 45 57 48 98 78 48 5 15 26 17 36 59 49 86 94 21 9 76 18 29 95 99 9 18 38 65 25 73 91 90 77 10 96 44 14 15 24 94 94 29 56 62 12 13 6 0 16 96 42 75 27 24 95 
97 52 89 95 20 45 89 23 60 58 26 4 65 20 23 55 12 94 88 77 9 5 41 68 86 80 99 51 86 66 79 40 61 52 36 14 35 93 75 4 83 33 71 58 11 60 41 46 13 77 58 96 22 86 40 57 22 51 94 66 9 76 47 77 67 33 42 41 96 45 19 61 65 68 14 97 96 12 32 0 72 43 41 49 2 95 98 36 17 29 5 43 49 28 
35 5 96 80 40 82 37 18 4 89 89 4 33 9 67 1 97 28 81 36 97 91 40 69 89 5 14 90 91 59 19 17 96 54 24 29 99 57 25 85 69 20 46 13 75 13 47 67 24 93 54 34 29 95 38 9 78 81 56 84 74 3 60 53 12 80 33 47 27 100 45 8 19 51 90 86 15 25 65 31 61 75 42 45 95 4 73 72 4 70 26 51 75 5 
48 35 20 97 92 45 10 77 18 45 56 17 88 64 83 32 81 31 87 75 41 94 11 39 18 63 37 27 2 1 58 20 85 25 53 98 51 80 82 61 60 44 11 86 33 18 88 8 75 82 87 78 32 72 71 57 94 16 76 93 77 83 31 15 99 54 34 24 90 80 17 63 41 41 4 5 62 3 45 94 33 55 62 90 60 32 19 56 73 87 61 43 4 92 
19 7 36 90 99 7 98 73 66 100 79 67 9 75 94 95 63 3 27 11 46 71 23 25 20 66 8 45 92 66 1 95 68 26 51 31 45 40 72 31 51 49 44 0 36 19 14 46 36 65 69 70 69 42 59 73 53 40 8 69 59 41 10 15 29 84 18 69 52 14 5 90 69 89 69 88 12 24 76 51 2 45 27 68 19 43 2 94 92 73 73 95 0 65 
63 64 30 91 44 99 91 85 3 72 54 14 64 73 68 94 89 81 82 51 79 96 86 46 92 89 85 34 20 23 46 90 58 70 41 6 31 43 42 80 71 66 6 64 55 93 71 16 7 20 77 34 53 95 38 78 70 59 37 94 99 43 98 28 12 24 19 34 8 2 96 3 61 83 100 98 41 37 63 93 98 8 95 58 10 82 85 81 66 61 3 86 55 56 
45 88 64 71 1 19 90 21 63 37 94 85 30 12 48 56 65 92 94 18 94 9 26 55 88 23 67 60 68 90 75 38 80 60 17 26 33 0 71 7 81 55 36 52 20 3 41 78 75 71 65 28 57 79 0 88 44 69 4 86 80 33 78 20 28 13 19 21 95 29 3 10 32 79 1 14 58 31 63 68 85 46 62 11 35 57 64 63 36 98 10 79 38 42 
100 61 40 54 63 13 82 24 47 90 29 80 56 92 93 55 26 50 1 62 23 67 0 7 61 8 69 13 98 96 54 32 13 72 64 89 25 47 50 91 58 88 26 12 56 31 10 86 95 97 81 92 76 63 29 95 8 22 31 86 51 23 14 40 50 70 12 5 34 61 73 89 75 87 95 53 18 91 74 74 70 72 51 65 94 54 5 39 43 4 7 71 73 28 
23 16 39 57 14 93 88 89 56 75 11 40 21 27 49 25 53 24 81 21 86 69 23 72 85 47 34 25 44 78 84 67 49 0 100 50 21 49 67 50 84 11 10 25 88 43 48 79 92 10 89 86 30 60 22 25 72 67 15 69 6 27 92 14 34 90 44 56 83 5 48 82 99 36 30 90 38 31 83 88 5 40 2 96 53 7 42 20 90 15 48 91 28 40 
80 70 14 85 56 87 30 1 94 36 86 40 35 52 18 28 15 28 61 16 59 18 31 58 89 76 19 25 98 60 40 33 49 86 13 83 80 41 61 82 29 72 11 55 81 83 48 99 85 52 69 81 51 92 94 24 31 97 40 38 85 8 78 78 40 59 92 85 87 91 42 30 100 3 94 78 48 49 81 4 50 25 100 43 26 57 17 94 6 80 31 28 62 41 
70 26 0 100 67 74 36 23 28 29 53 71 27 89 91 96 80 88 56 21 54 2 6 97 33 26 21 32 57 41 68 97 80 92 30 54 27 17 85 27 18 93 80 59 36 62 61 40 37 82 61 46 87 36 14 81 27 20 76 79 28 77 94 87 0 1 66 0 89 14 24 68 95 23 49 19 39 16 92 49 26 97 24 99 90 0 98 53 97 36 93 6 57 85 
10 40 40 95 100 9 36 88 20 5 39 65 26 15 90 80 28 49 93 99 38 39 32 52 81 11 88 34 79 94 8 67 38 55 40 40 100 42 41 37 50 82 45 6 99 75 10 49 84 54 5 9 14 17 77 77 38 82 23 5 1 20 46 67 0 51 68 69 13 50 6 94 77 70 55 86 66 22 41 3 7 9 71 20 39 28 10 38 29 28 53 78 87 11 
43 64 92 98 77 50 20 6 55 31 6 59 89 81 32 99 98 93 85 18 40 81 79 31 1 88 12 50 57 91 94 59 31 82 53 61 42 37 18 82 59 40 50 38 20 46 53 96 6 0 96 64 44 17 32 26 36 9 85 46 74 97 22 30 74 53 26 0 90 27 73 68 11 6 11 19 4 100 98 68 80 3 72 10 12 11 58 3 71 74 35 97 27 85 
6 44 53 24 14 30 75 33 76 41 36 49 24 29 97 44 88 59 57 26 51 97 27 88 99 49 35 5 16 29 39 36 38 24 58 50 56 57 30 7 30 99 38 65 83 80 67 42 63 5 48 17 20 99 2 75 7 41 70 64 4 40 29 76 50 39 64 38 99 19 80 2 6 26 57 29 14 77 53 8 66 51 53 11 11 2 30 86 52 85 98 88 26 2 
45 9 97 69 66 68 64 85 54 64 76 65 89 38 28 90 18 22 45 32 49 87 37 54 72 82 99 53 3 22 87 82 27 5 32 40 42 55 51 22 49 4 71 12 87 78 52 50 63 83 36 1 43 84 7 20 9 70 66 77 75 38 29 13 7 57 96 30 24 65 5 70 50 11 66 71 47 22 87 61 77 85 67 39 28 28 26 63 66 85 35 55 42 91 
21 97 98 28 50 9 52 80 59 96 90 41 88 100 99 99 93 49 22 60 40 92 97 65 50 75 18 40 10 88 54 95 92 75 49 37 54 33 42 55 36 23 0 23 89 17 83 77 8 76 15 89 73 25 13 21 78 72 1 68 0 43 52 44 14 50 2 46 4 55 73 67 7 57 46 67 14 51 78 59 78 22 83 2 69 64 7 26 36 79 6 27 37 9 
74 83 33 12 93 4 31 21 0 47 34 37 69 91 74 52 50 71 30 18 38 90 85 6 14 84 75 64 86 78 79 10 67 52 85 0 62 74 11 58 52 12 5 52 93 79 6 43 89 4 92 84 50 30 66 41 93 1 93 89 90 65 19 48 61 56 2 47 65 22 72 0 6 8 31 47 19 17 13 47 56 5 70 18 10 91 7 56 34 2 25 12 63 5 
72 39 66 19 6 53 66 11 55 35 81 72 23 93 39 20 54 61 24 67 6 22 73 5 42 48 42 6 71 6 39 60 12 62 30 58 41 65 63 94 76 86 70 7 66 52 39 34 48 8 41 13 29 96 43 45 29 9 98 99 5 93 68 78 71 72 35 75 98 5 75 88 24 4 19 91 91 93 57 0 45 58 73 43 42 25 20 9 91 7 73 83 84 61 
85 64 38 3 18 72 79 49 44 65 84 2 3 39 27 44 49 8 30 1 87 69 15 38 62 76 12 51 53 94 47 30 30 73 70 2 26 62 21 37 58 90 43 62 12 83 95 36 95 25 21 36 18 10 9 1 81 64 17 31 2 13 78 90 96 58 58 88 84 39 70 26 67 61 24 55 83 6 10 96 84 70 69 5 14 89 2 1 53 39 13 62 18 88 
11 87 36 70 61 64 21 37 76 94 18 2 78 71 83 38 5 99 29 32 59 13 8 100 65 58 55 78 18 36 94 88 95 53 61 88 27 6 22 57 81 67 31 52 29 99 69 46 57 49 96 74 10 72 66 72 26 94 84 31 92 42 43 74 25 85 69 71 81 83 6 78 19 20 72 54 88 32 62 28 12 73 24 83 68 63 37 38 65 1 92 57 22 78 
88 46 94 31 64 74 92 24 0 49 38 50 43 71 70 30 57 3 95 78 76 34 100 72 90 24 12 42 16 84 71 90 33 12 99 84 44 63 0 38 75 86 10 35 67 35 100 17 100 35 32 92 18 57 1 24 2 21 79 75 78 79 6 69 8 92 76 98 18 13 69 32 58 69 1 23 99 3 75 99 33 40 34 82 32 84 59 49 21 79 85 27 32 92 
37 9 86 80 0 28 5 43 58 5 41 78 57 2 10 36 47 80 97 17 14 99 79 35 45 90 25 17 85 79 14 68 30 26 46 71 93 27 40 26 65 49 22 17 67 48 52 5 27 6 73 31 33 40 13 0 8 60 91 39 52 71 71 39 24 34 52 75 47 87 41 14 13 73 49 63 81 59 89 38 75 8 29 13 94 19 62 8 44 60 34 19 67 83 
23 73 14 31 55 14 79 65 1 72 88 92 11 78 52 100 76 35 55 17 56 73 82 100 48 37 13 16 12 9 36 73 51 49 97 81 53 90 95 12 82 46 29 26 14 48 78 15 13 88 73 54 49 62 86 57 39 96 2 6 30 36 35 11 17 51 69 34 51 94 59 36 51 10 87 16 41 26 71 95 23 13 21 99 91 24 46 51 94 20 89 88 5 18 
96 7 86 85 28 28 75 52 21 93 9 38 23 86 53 29 54 98 89 15 11 11 74 0 76 46 20 41 55 64 49 59 22 47 24 41 0 10 66 82 100 100 28 13 81 83 25 36 85 63 86 96 30 78 96 60 16 75 76 49 93 10 63 56 0 90 80 72 35 22 41 67 45 60 7 12 87 14 34 37 97 20 82 57 25 44 36 61 54 70 86 15 6 76 
40 53 43 57 17 2 57 69 19 42 33 67 32 69 31 98 37 4 38 58 77 42 74 50 24 96 5 14 67 68 30 32 77 29 70 58 81 57 26 63 5 68 66 86 30 6 12 72 35 48 51 10 53 90 84 19 38 36 84 11 42 43 55 92 21 90 79 88 13 72 67 16 66 72 76 63 7 59 72 61 46 2 75 30 38 20 41 97 89 51 38 45 43 67 
92 1 80 21 15 54 64 11 75 56 53 68 48 0 57 16 37 3 65 48 56 83 94 7 46 26 17 59 72 30 27 22 60 37 65 28 80 95 68 45 50 71 80 28 61 10 22 79 15 95 36 27 81 69 100 53 35 66 20 29 8 61 69 88 45 81 8 33 84 95 83 65 30 89 57 19 2 51 3 46 75 1 53 44 68 63 78 70 3 74 10 23 7 26 
70 1 16 26 87 48 18 56 89 40 4 84 73 21 64 57 52 24 61 94 54 95 22 86 58 42 91 41 94 61 58 23 84 30 77 60 4 76 31 38 40 79 14 2 19 57 29 68 42 21 1 92 50 30 62 62 84 61 66 100 13 49 95 49 38 0 21 51 73 1 52 31 38 0 33 83 80 98 7 4 89 13 77 30 59 87 92 51 88 24 67 26 42 24 
77 76 94 74 51 84 79 97 40 3 91 28 93 26 34 20 82 71 55 59 94 33 75 40 20 23 99 77 23 61 28 94 44 84 32 48 78 44 27 77 56 73 71 58 37 27 0 67 45 46 33 86 16 62 61 37 77 74 15 26 96 93 57 54 14 5 10 64 74 66 49 92 41 45 41 70 73 90 99 75 84 95 86 44 67 51 57 31 8 5 33 46 21 58 
20 94 15 81 8 42 68 5 47 83 26 67 48 80 22 44 14 31 88 99 29 69 21 14 96 33 44 78 13 47 97 88 24 69 86 92 6 30 38 42 90 89 25 52 46 82 27 45 69 7 55 73 74 100 26 41 75 52 84 50 22 93 2 7 47 96 44 47 93 96 81 28 92 52 29 92 34 41 43 24 78 51 84 56 98 22 47 20 70 91 99 80 35 17 
93 28 41 21 5 4 56 87 34 30 70 81 100 87 72 16 80 2 14 98 53 12 59 6 31 27 78 68 28 11 0 74 35 82 79 69 65 33 0 93 37 58 89 44 21 6 82 39 12 88 16 44 15 71 29 12 93 96 53 88 3 60 78 18 7 14 1 90 67 4 51 72 20 54 84 90 80 5 66 84 33 76 0 98 42 52 21 56 51 83 27 8 73 30 
72 19 40 47 93 8 22 64 0 43 8 62 69 20 7 87 32 52 87 40 81 68 77 80 97 88 51 31 77 46 62 11 55 54 30 56 6 14 25 7 72 78 46 53 29 59 58 28 57 12 97 60 40 61 10 48 64 65 74 53 57 82 19 61 8 96 24 57 26 55 50 33 61 39 39 91 58 11 49 34 0 80 7 56 64 43 78 82 67 2 83 41 44 3 
53 54 91 63 43 22 38 2 71 82 58 74 80 41 48 59 86 48 58 1 92 78 79 57 0 78 11 51 29 95 72 17 2 82 12 34 43 86 19 83 49 43 17 89 19 40 21 66 38 4 93 52 30 87 63 30 72 68 48 24 46 50 18 43 10 20 55 65 51 57 22 72 44 67 49 32 16 2 20 80 5 3 34 46 86 7 75 100 84 14 97 88 83 22 
56 87 59 5 32 96 22 77 80 97 89 54 88 59 67 86 66 28 51 96 60 56 17 32 5 97 34 37 61 75 72 16 11 55 26 61 90 51 75 74 55 92 95 20 73 8 59 47 44 79 42 15 37 20 62 24 88 7 82 21 52 35 20 56 55 24 7 16 21 50 32 76 37 7 52 44 73 81 97 27 88 60 25 15 23 54 27 32 68 97 13 82 68 13 
93 94 55 15 1 5 8 28 47 25 19 58 31 91 11 62 20 54 77 26 90 16 96 94 67 18 53 76 24 3 54 48 79 18 27 58 85 21 20 1 18 39 55 45 31 5 51 98 19 74 10 67 2 57 96 16 55 58 69 18 41 99 2 87 37 78 92 92 97 76 26 81 39 31 48 75 90 96 17 72 78 4 23 5 68 51 79 67 25 38 66 46 87 54 
69 2 59 53 84 10 24 89 41 11 57 13 20 90 56 26 74 94 43 57 64 24 5 78 10 89 30 59 4 60 5 49 100 67 75 100 29 40 93 77 77 31 23 3 26 1 94 77 34 3 51 96 41 3 85 44 32 10 90 60 65 31 68 99 40 28 28 4 78 99 49 57 57 93 82 26 36 20 9 90 54 67 9 5 92 85 79 66 64 61 56 56 54 88 
10 26 17 37 53 12 51 97 14 74 62 26 78 29 73 23 94 1 89 87 2 9 48 37 53 65 94 60 87 68 6 81 26 3 75 93 22 62 17 10 28 85 9 81 10 54 10 13 98 55 100 67 0 81 66 100 0 77 45 7 33 79 25 15 24 62 90 37 23 4 15 75 27 86 94 13 99 5 7 14 48 61 25 3 44 20 30 34 74 16 89 83 39 36 
34 13 2 42 79 75 99 96 9 85 73 84 63 81 41 34 87 0 22 61 42 67 74 57 45 26 30 73 49 57 77 97 30 79 13 15 99 88 23 71 93 58 40 73 93 42 87 11 44 49 98 67 76 0 57 91 79 18 17 73 33 9 47 53 13 1 66 4 71 68 49 60 16 100 59 16 87 14 54 93 17 100 12 43 35 67 27 22 38 68 96 12 91 24 
57 96 34 50 15 39 97 5 43 40 76 10 5 26 78 38 76 79 31 15 43 81 57 5 69 34 32 98 97 27 56 96 1 33 44 52 33 47 76 65 8 97 15 0 8 28 34 10 56 78 15 33 21 23 46 73 95 29 5 81 85 55 43 44 25 98 76 16 8 76 21 45 38 93 96 63 69 52 57 60 9 24 55 90 57 81 53 39 94 9 64 8 16 97 
59 0 98 98 9 19 24 24 39 28 49 48 72 15 94 46 78 77 91 6 25 5 99 14 25 59 88 52 85 29 59 85 81 52 46 91 42 53 23 45 75 19 53 60 0 19 96 36 93 85 59 33 12 47 31 59 74 69 32 28 62 44 27 84 64 71 55 62 34 95 86 24 56 14 48 0 98 61 24 52 87 65 59 90 34 84 60 34 13 1 27 94 78 81 
26 86 86 67 97 95 27 35 32 6 54 68 57 48 65 26 71 87 97 13 95 10 75 58 12 86 53 12 89 68 21 41 70 39 18 42 93 54 74 26 74 29 34 39 28 25 50 100 12 82 58 64 42 84 78 68 31 15 49 91 40 32 98 49 33 15 67 45 52 84 84 61 77 4 56 54 29 81 25 6 49 64 16 86 59 6 1 53 14 18 19 10 66 13 
96 81 40 28 48 81 13 8 64 95 95 95 91 28 66 73 65 85 65 74 35 42 85 54 10 26 3 52 84 34 52 70 37 38 66 10 8 30 82 94 40 54 32 91 81 32 58 83 22 18 7 11 2 16 85 81 68 89 5 94 53 88 65 85 27 76 40 98 26 74 90 32 47 99 44 47 72 21 21 85 45 85 25 12 68 87 24 92 75 39 53 2 52 25 
35 78 99 92 91 85 42 15 15 6 90 26 15 46 10 23 94 70 50 9 95 25 77 94 93 12 89 20 53 35 93 0 43 5 61 42 17 46 80 46 7 85 1 42 74 49 85 65 92 5 26 58 52 67 24 7 60 83 61 0 57 49 82 69 57 94 63 65 100 20 94 56 97 60 89 48 46 94 80 70 96 96 36 74 55 57 33 11 7 22 10 46 79 43 
89 70 25 10 71 76 85 84 7 67 87 47 36 28 6 94 62 36 81 55 72 58 40 31 14 52 8 69 37 52 70 59 66 16 17 57 56 16 39 91 51 5 15 17 78 6 90 68 86 26 59 7 46 17 79 16 48 50 85 35 87 99 91 65 67 57 71 87 3 40 68 87 98 62 82 46 73 12 48 51 66 92 75 73 66 91 41 45 38 72 7 95 63 56 
0 4 34 15 47 14 94 27 44 88 31 24 68 44 81 56 16 48 21 0 79 93 21 60 42 34 12 27 77 99 57 58 18 37 32 18 6 31 19 1 90 66 94 17 19 24 50 70 12 4 85 81 36 89 11 94 14 78 9 39 54 99 100 100 98 39 0 49 44 76 6 81 40 58 40 37 89 75 4 98 0 92 72 68 45 95 21 67 86 58 27 41 53 1 
51 35 34 51 30 65 5 84 13 94 59 50 23 56 75 82 13 57 84 62 42 56 26 47 84 26 59 92 75 97 61 51 73 15 25 17 56 55 85 67 98 23 14 54 68 63 34 29 27 5 2 15 4 74 76 4 5 73 43 17 91 14 92 14 35 84 65 24 29 1 9 75 58 37 53 64 13 63 64 1 38 44 57 11 84 33 35 82 9 63 77 75 56 4 
10 39 92 94 8 38 8 94 100 0 31 52 65 74 64 20 20 26 71 12 49 39 72 66 96 22 73 86 87 74 62 13 63 0 94 43 100 90 59 86 58 46 22 60 98 1 45 72 69 72 97 44 66 16 62 48 33 4 100 72 75 91 1 89 3 33 95 53 72 64 76 54 18 99 13 31 50 79 74 54 0 65 49 78 100 29 49 15 99 14 16 38 84 89 
19 62 77 79 34 11 32 76 49 48 56 85 49 23 75 40 40 67 51 35 82 14 60 39 36 70 61 61 19 59 85 70 61 42 57 69 79 87 10 22 58 87 38 81 73 17 20 76 70 73 92 85 35 23 41 50 91 39 45 92 13 86 27 72 20 13 15 39 92 68 21 46 7 17 36 59 20 88 91 45 100 22 49 91 82 78 0 37 79 45 5 48 17 29 
87 85 4 46 31 98 9 78 82 17 88 37 20 67 66 28 71 74 85 54 96 69 90 53 7 46 99 18 6 1 93 84 43 41 64 18 21 77 97 5 82 16 59 11 67 41 64 96 39 71 61 58 14 51 46 98 61 79 31 81 18 28 48 51 90 58 16 71 33 65 25 32 2 16 41 64 32 35 98 50 85 15 96 78 53 80 89 22 26 42 49 54 84 93 
25 6 5 61 72 0 63 32 62 33 84 79 83 25 16 91 2 75 5 32 20 14 11 2 51 24 9 35 40 54 81 16 85 69 68 53 93 78 50 80 98 35 47 78 19 13 54 7 19 18 58 44 57 14 13 18 13 22 95 90 36 33 45 81 94 27 98 29 9 65 17 70 91 28 5 41 95 60 92 71 54 61 60 6 16 81 70 62 7 59 73 69 85 37 
20 34 85 19 2 72 33 83 44 37 34 89 93 19 81 4 93 43 48 97 8 86 68 100 48 20 23 0 91 8 91 35 58 71 5 98 6 68 46 75 78 20 55 86 18 75 81 66 36 14 26 83 82 40 15 13 59 50 28 69 47 100 96 69 59 34 86 37 3 83 20 81 28 37 52 65 9 69 32 63 43 71 69 95 81 4 24 82 94 12 24 18 50 100 
18 87 65 14 37 8 61 96 31 0 86 65 5 9 22 59 53 36 52 75 5 76 5 2 71 51 53 98 59 40 37 33 49 14 67 16 54 12 71 75 10 60 17 66 99 90 49 58 16 98 84 82 52 75 27 38 87 60 79 68 63 15 6 86 87 4 91 97 26 15 42 63 99 94 49 86 82 9 28 80 100 11 16 68 47 62 14 68 56 25 65 80 79 33 
1 31 83 70 49 22 75 41 55 56 88 32 44 44 59 11 17 40 40 38 62 40 88 85 7 75 35 70 96 0 67 86 29 68 12 60 10 19 77 57 76 33 95 56 7 15 5 48 59 72 52 45 31 19 31 52 29 22 15 25 2 79 46 94 80 24 5 17 45 27 72 33 90 62 83 28 41 26 26 21 40 36 34 33 20 15 42 43 49 88 63 94 19 19 
98 47 72 54 66 76 54 4 35 69 23 76 47 4 31 78 19 71 98 93 87 29 85 63 25 37 12 3 24 71 38 70 57 91 25 91 36 4 32 9 93 53 99 67 56 0 5 50 85 73 33 27 40 31 57 41 7 37 98 66 59 20 39 71 16 39 53 48 75 91 25 34 41 80 6 66 63 47 61 0 99 23 70 84 71 15 40 15 87 100 14 79 16 89 
22 90 12 3 66 78 2 13 59 26 15 98 13 32 23 42 30 93 78 60 76 37 45 38 71 71 65 95 12 3 41 90 2 77 4 65 63 80 92 73 9 26 32 45 10 81 23 89 61 88 94 47 69 25 70 96 78 75 21 65 0 54 93 1 55 100 13 11 58 38 96 14 90 58 99 84 37 67 33 60 59 17 25 17 28 3 70 11 99 65 37 99 2 96 
39 62 72 78 12 34 61 60 7 12 11 25 40 37 75 69 51 57 12 0 28 11 73 89 87 37 58 22 71 84 83 35 19 18 18 68 27 59 97 95 25 75 28 63 51 40 61 90 96 1 78 56 44 0 97 94 7 72 88 28 14 30 60 88 27 12 96 69 42 5 59 66 94 99 91 20 13 59 68 52 41 100 99 64 70 31 33 7 85 57 99 66 57 71 
12 85 50 67 11 80 15 78 100 87 39 94 61 74 99 14 62 84 30 81 97 86 94 92 77 28 62 10 33 60 23 57 29 58 5 88 56 45 55 16 52 2 44 22 43 12 69 100 26 7 9 39 58 43 61 72 32 0 29 97 38 80 90 95 60 75 40 69 41 64 88 36 83 85 82 48 73 87 46 81 95 63 95 45 63 17 65 20 73 84 20 5 0 81 
65 9 100 1 12 22 62 58 71 0 74 97 21 84 5 47 55 29 35 81 20 38 25 35 70 25 18 25 23 18 83 60 51 96 41 49 86 1 29 53 16 48 66 97 23 25 12 23 82 62 68 53 27 81 21 77 100 82 39 77 72 26 19 96 20 55 79 93 98 9 83 8 55 90 66 8 37 99 21 10 80 18 65 47 26 15 67 36 2 38 72 83 97 45 
68 4 11 98 52 68 21 44 55 25 65 45 63 0 100 13 39 24 34 8 14 93 89 67 51 45 39 33 29 12 17 90 68 72 14 87 34 6 46 80 14 73 63 19 5 93 18 34 43 26 39 16 7 56 100 45 96 49 20 7 78 54 93 84 27 4 71 77 78 48 87 40 53 85 44 29 88 3 30 83 84 89 96 15 24 81 69 40 85 73 50 2 76 30 
91 88 56 95 39 27 60 53 69 65 63 64 72 52 74 87 95 63 92 8 20 8 91 55 15 65 48 10 94 85 12 74 9 17 88 50 93 54 49 76 2 27 26 99 1 69 25 41 90 58 6 41 16 75 85 58 33 75 85 100 63 87 42 17 76 24 11 14 27 85 98 78 32 71 6 98 20 11 86 71 36 98 13 39 60 92 62 31 34 97 29 71 49 9 
90 47 45 96 53 24 3 81 69 49 51 88 53 13 80 33 60 80 7 41 34 45 82 19 16 42 67 50 49 31 13 30 21 70 60 53 93 66 59 60 25 36 70 90 41 19 65 57 75 18 94 52 54 9 83 63 76 53 69 24 33 27 10 41 83 4 58 74 50 26 40 43 77 77 76 23 70 30 80 65 78 48 38 45 22 46 6 46 81 25 25 87 86 64 
88 56 67 22 4 47 4 23 100 8 28 20 55 34 97 43 6 54 33 90 92 76 68 40 7 2 10 43 1 67 51 95 37 2 90 59 16 50 65 42 48 22 47 70 63 47 9 94 84 58 15 97 45 20 63 31 74 81 12 24 57 100 87 79 84 91 39 0 84 7 32 48 88 49 33 49 33 60 63 86 98 22 1 62 6 34 93 52 89 9 54 60 46 25 
13 28 35 17 21 19 94 17 39 15 5 95 68 4 8 69 35 65 81 20 15 31 47 25 11 4 100 95 89 28 39 81 26 9 17 55 18 39 7 32 0 98 75 28 40 19 54 56 8 50 42 79 83 43 52 59 39 37 4 35 88 96 9 72 88 64 64 63 36 88 85 22 92 60 51 36 36 77 100 60 32 67 83 77 69 36 29 60 84 80 40 85 54 37 
94 35 89 90 20 26 88 6 92 40 76 87 76 31 7 7 31 100 8 91 65 65 39 0 61 53 79 30 75 69 42 15 90 73 83 13 36 99 6 52 7 76 3 25 12 39 8 50 31 15 50 36 41 2 12 67 91 66 39 24 85 54 54 81 23 66 65 4 6 39 82 29 23 97 56 67 25 12 63 35 91 51 48 2 53 16 19 87 9 46 26 56 17 3 
41 99 37 72 55 54 5 67 9 31 93 24 37 36 32 71 42 57 4 61 64 97 25 82 44 59 15 14 58 33 16 28 47 86 18 75 83 48 85 12 52 90 46 17 39 82 59 6 83 13 2 91 28 6 55 53 0 10 43 96 43 18 71 56 95 15 31 95 48 74 48 94 30 39 10 28 55 28 60 100 31 29 80 9 44 93 37 57 37 23 1 38 79 98 
11 68 88 93 86 15 48 96 10 88 29 95 15 80 19 86 71 84 78 18 64 96 94 7 51 19 47 61 74 77 79 31 98 23 84 1 20 14 4 7 86 56 46 45 0 42 98 61 75 23 43 64 54 65 49 75 11 64 73 3 47 59 69 100 41 49 50 64 1 55 40 93 38 82 90 16 87 40 12 24 34 17 20 37 56 21 63 7 95 16 52 12 50 6 
7 40 20 34 65 0 41 95 1 34 63 29 8 98 5 44 75 63 80 62 66 80 84 98 57 66 19 2 74 14 59 72 17 84 43 89 3 90 39 46 49 31 58 85 12 15 87 33 64 61 15 72 86 31 18 77 82 64 16 24 6 33 25 52 88 37 25 14 56 34 33 39 32 95 71 9 75 26 97 0 28 1 33 45 53 35 40 79 92 4 97 26 41 40 
8 85 73 63 87 64 70 99 35 62 81 18 46 35 58 95 73 87 57 68 88 93 44 14 9 17 5 31 45 6 100 33 75 56 8 14 18 90 63 41 92 52 58 96 41 49 74 32 36 88 61 0 66 100 21 18 10 18 39 24 69 33 12 2 56 17 17 52 8 63 0 33 8 30 33 84 72 38 94 45 32 60 42 17 74 25 49 14 79 61 81 16 73 5 
8 74 93 12 99 29 3 73 90 76 91 39 95 38 73 68 38 78 72 45 41 42 86 2 21 9 51 70 83 44 16 42 40 69 0 11 27 94 28 87 21 39 0 46 7 63 76 38 34 32 92 37 6 54 41 100 97 68 100 14 15 13 16 49 63 36 61 82 3 66 52 83 1 78 70 71 45 95 43 39 24 11 23 79 32 34 64 88 79 76 7 83 46 80 
44 76 5 55 20 53 22 20 91 70 40 24 21 16 15 78 82 100 18 95 2 97 72 29 46 62 8 4 53 81 49 62 49 43 92 35 95 35 47 42 15 1 20 43 23 93 27 14 55 24 71 79 88 80 57 72 43 17 61 36 53 36 96 35 52 58 96 35 52 18 95 89 45 2 60 64 22 41 86 73 14 44 94 53 40 76 11 59 44 87 44 47 48 73 
85 93 92 97 91 37 48 0 27 57 89 36 76 85 48 55 98 33 80 38 50 27 41 5 47 1 79 5 3 25 2 31 49 72 82 9 94 26 68 27 5 26 83 95 37 59 77 79 29 70 27 50 6 89 22 54 94 22 0 54 46 93 64 3 75 68 10 72 65 88 43 98 95 1 38 12 40 2 80 19 86 66 89 10 5 72 56 76 33 76 83 58 23 15 
0 88 54 75 14 11 43 26 96 63 2 91 88 25 58 17 58 93 54 77 1 86 47 80 79 33 84 15 0 51 11 10 38 8 90 44 30 74 79 29 47 23 81 30 78 76 71 21 39 36 12 84 89 79 87 69 3 29 60 88 76 52 96 33 3 97 37 50 50 26 40 80 5 36 83 31 12 82 48 80 19 7 22 35 91 29 49 77 62 20 21 16 42 97 
60 62 17 35 53 32 79 53 6 95 68 9 0 77 52 35 83 4 3 75 18 27 56 53 10 2 38 47 4 45 44 37 28 49 93 61 27 99 60 63 59 36 66 28 66 27 23 81 9 53 62 67 26 97 88 66 65 31 93 55 14 38 51 15 5 20 25 8 56 23 86 34 65 86 26 61 82 99 77 93 11 18 79 60 41 86 20 29 12 64 77 0 41 10 
34 51 51 75 88 78 67 59 86 63 27 23 78 90 22 32 42 77 30 77 30 3 48 16 20 79 72 96 54 32 88 25 32 13 86 7 14 30 64 57 93 43 10 27 37 48 97 99 27 22 16 16 65 21 27 96 78 71 93 67 61 86 75 9 29 44 9 60 65 95 37 23 45 37 60 22 21 92 78 53 55 34 55 39 42 45 81 25 97 43 46 7 99 36 
3 33 80 74 22 6 14 59 9 56 65 38 72 67 95 3 33 65 22 91 78 33 82 0 27 41 59 86 62 78 66 38 52 37 4 24 95 3 29 91 46 43 53 6 19 63 15 37 7 34 63 27 22 3 2 54 5 80 86 13 21 60 37 80 78 0 54 35 50 78 61 26 39 30 24 82 79 13 94 14 37 86 93 71 12 32 84 33 40 1 86 100 37 61 
86 25 23 5 91 55 63 17 21 71 43 91 32 84 70 35 90 11 48 97 19 61 36 36 5 75 61 2 24 7 45 38 45 69 77 75 39 21 26 81 99 60 37 15 69 29 8 65 20 0 34 10 52 29 59 54 18 19 19 9 98 1 17 98 35 43 96 34 100 31 12 47 77 62 23 41 59 25 90 6 62 86 69 32 0 99 87 27 16 89 55 92 45 71 
5 23 21 22 64 67 87 86 64 74 42 15 13 25 21 30 3 7 46 88 51 48 58 8 84 47 42 16 60 71 61 1 21 24 93 15 63 34 3 90 25 50 22 33 95 96 70 3 95 96 38 73 6 63 88 26 91 45 27 55 33 36 27 99 98 65 31 52 95 78 75 93 22 35 27 0 32 57 3 55 22 99 71 8 72 51 25 43 9 50 88 76 42 11 
18 91 1 17 78 54 53 44 16 15 50 92 78 1 39 10 29 47 57 3 41 30 2 8 2 84 85 84 2 53 45 64 21 90 2 59 46 32 74 18 71 34 78 2 10 46 7 92 76 92 55 30 43 97 88 85 22 50 29 70 49 69 19 49 85 75 47 100 62 64 88 9 26 24 28 67 99 58 52 15 49 38 63 88 57 100 12 90 24 47 52 64 70 55 
28 56 62 25 60 69 70 34 16 78 52 23 27 36 50 36 6 51 53 20 13 97 54 72 46 81 30 9 72 25 52 85 84 58 99 34 70 15 90 18 86 2 78 51 94 26 85 52 39 27 10 84 23 26 0 87 72 14 84 32 63 48 80 9 54 14 72 51 34 55 76 47 76 42 14 19 67 85 87 93 40 17 79 68 45 0 11 26 21 37 73 78 61 36 
60 33 88 72 48 54 86 56 51 23 74 81 14 91 16 88 85 35 3 11 88 26 15 44 39 61 95 39 88 23 49 22 77 59 22 57 36 14 85 26 6 93 73 84 0 50 85 58 9 70 3 66 13 39 3 76 7 36 45 28 68 7 99 9 30 45 36 36 70 53 28 0 23 34 10 67 34 23 94 13 73 87 76 14 6 86 98 7 62 46 56 35 55 86 
49 50 13 36 22 0 64 50 84 8 74 99 28 41 32 59 83 82 48 71 40 33 35 22 93 14 93 47 37 94 57 21 15 61 32 68 89 94 2 17 74 8 69 73 68 42 92 88 29 32 100 78 95 42 96 59 91 9 100 60 70 85 13 99 91 78 67 56 16 32 9 58 99 39 40 49 6 96 6 74 2 11 13 84 77 71 13 29 64 43 71 84 60 50 
