82 91 13 54 58 90 93 95 127 96 122 66 119 44 113 75 93 111 40 178 136 68 163 71 25 87 155 112 164 157 71 155 184 138 35 56 136 30 154 163 129 160 16 161 75 99 165 45 27 92 87 57 71 134 83 152 151 66 160 61 112 49 133 14 55 58 180 75 112 95 131 127 117 28 182 63 26 23 75 100 71 100 112 88 86 116 107 107 62 135 97 46 49 147 161 
127 48 108 89 72 168 111 141 93 132 129 91 142 118 71 66 98 58 124 107 8 183 141 111 97 62 125 66 174 117 39 100 73 109 121 26 90 110 30 144 56 129 169 37 134 92 46 160 78 185 161 137 102 68 177 41 110 111 154 164 149 162 59 102 79 168 113 98 79 45 62 98 110 105 127 142 111 98 69 115 133 113 89 99 98 164 105 104 83 61 116 93 96 117 118 
84 112 83 109 119 135 29 67 157 102 42 101 73 130 138 21 151 2 130 154 124 125 108 84 51 132 43 164 62 78 156 89 75 137 78 152 156 87 56 68 68 124 65 145 95 98 117 160 150 99 4 51 132 110 141 132 166 92 121 133 24 140 119 39 97 59 13 154 132 83 126 140 81 154 97 62 136 144 81 70 129 112 36 135 96 108 50 100 81 94 76 35 147 111 82 
169 38 123 124 133 71 23 107 150 111 136 83 102 68 114 106 39 136 80 51 104 91 99 158 85 117 77 111 47 100 167 132 39 137 154 83 134 143 63 98 86 129 112 62 20 120 78 39 72 113 111 72 102 111 156 122 122 158 72 98 28 69 112 24 63 40 170 142 169 77 28 120 34 102 112 78 146 111 31 144 15 105 117 109 67 129 169 53 112 69 159 158 104 28 154 
74 111 22 101 124 43 34 140 53 85 139 39 142 109 111 140 110 64 99 111 142 104 26 154 152 97 88 95 140 164 112 93 127 179 126 58 158 139 100 99 106 72 69 58 102 188 6 99 56 14 89 127 118 46 96 120 100 118 109 98 89 56 121 151 109 63 88 102 44 70 98 48 123 111 178 143 91 120 94 107 106 91 149 189 68 106 118 54 114 147 54 51 109 135 127 
109 146 49 63 102 111 172 72 122 187 87 136 107 73 96 145 66 97 44 159 48 112 133 155 91 48 94 94 42 157 145 111 147 115 93 134 83 96 125 76 149 117 99 95 187 171 160 33 107 90 152 126 146 58 46 59 162 71 99 131 121 54 148 105 76 62 26 134 93 68 108 94 88 132 15 43 18 133 89 123 104 13 20 19 162 138 138 174 125 149 120 44 149 28 102 
22 158 144 112 80 103 96 142 86 162 69 65 76 167 137 25 62 29 73 96 24 129 33 91 139 51 104 144 130 173 143 30 112 76 160 94 46 99 22 86 74 131 54 106 96 119 61 122 73 113 127 113 70 186 89 172 172 143 149 50 103 76 137 146 116 27 145 61 47 87 94 133 59 91 59 147 52 75 104 176 121 116 175 66 98 63 108 148 77 30 75 116 111 131 76 
80 72 173 76 85 88 109 73 75 33 72 164 70 17 129 141 159 124 134 34 152 184 95 100 169 128 57 114 143 122 69 130 124 112 112 36 56 153 155 46 108 20 95 102 99 42 51 61 88 127 137 56 136 89 95 103 135 160 146 88 183 160 153 112 68 69 136 193 105 68 36 47 20 103 31 80 105 116 148 127 175 112 163 130 129 81 108 34 122 151 52 113 58 111 147 
48 78 59 132 160 14 124 106 76 134 172 177 87 23 5 90 83 32 172 48 63 150 109 62 136 93 159 65 106 78 139 138 90 126 144 14 91 107 162 21 40 99 52 24 123 166 50 41 50 34 135 48 59 34 66 115 135 185 99 102 53 152 72 68 125 38 181 85 56 62 52 52 90 37 81 175 89 171 60 12 131 129 174 153 105 125 181 85 136 103 50 36 77 134 176 
88 96 44 132 88 164 70 106 143 62 137 80 80 124 66 136 105 93 164 129 161 38 118 141 83 130 85 80 147 129 45 98 86 153 68 87 115 95 116 81 89 175 74 82 107 37 96 104 184 119 60 93 128 49 84 102 127 98 64 78 35 112 86 99 42 155 117 78 103 104 36 82 51 104 83 137 19 147 186 107 186 116 101 68 36 115 39 177 175 78 91 28 41 131 100 
14 85 115 61 118 41 145 104 90 101 76 89 104 89 157 141 147 85 150 143 95 128 110 78 64 100 106 123 115 73 60 122 65 76 66 23 81 96 25 115 34 104 145 60 38 85 63 136 93 30 180 85 147 45 130 136 43 31 52 137 158 168 128 88 133 114 18 178 21 97 55 38 126 92 126 99 155 65 126 102 165 145 142 51 150 81 50 52 136 67 64 135 150 126 138 
75 106 123 134 148 75 160 20 111 130 118 60 60 25 143 5 93 115 94 121 88 99 81 92 121 80 116 113 116 12 95 127 20 101 89 171 34 119 162 179 24 86 69 121 30 94 94 27 70 98 72 25 81 113 107 90 43 158 80 143 130 130 109 55 55 34 110 4 86 94 190 105 65 143 111 120 188 157 31 90 70 58 71 95 73 162 153 107 113 131 36 83 123 133 178 
175 80 177 96 124 106 46 92 173 76 153 160 91 138 81 34 107 55 8 77 103 47 72 146 96 169 109 32 139 95 116 90 106 166 59 111 89 56 60 98 64 121 51 76 127 153 88 133 146 116 69 34 105 135 89 88 51 62 95 65 111 101 66 92 79 63 10 89 5 74 128 88 83 135 126 123 95 153 90 74 134 88 82 154 82 107 72 86 118 102 36 131 33 114 85 
101 74 104 58 167 56 63 86 127 121 141 76 75 113 43 103 91 179 149 26 176 114 145 139 129 99 139 127 84 71 70 28 117 55 71 145 79 141 18 63 126 22 95 142 138 64 67 12 150 107 158 8 17 27 91 36 116 94 117 135 46 155 71 56 20 41 29 113 90 35 149 89 192 159 143 138 63 41 115 80 180 129 6 32 68 167 92 108 90 121 182 163 114 161 112 
113 101 89 102 92 68 130 97 169 117 80 104 132 34 71 77 184 54 9 107 62 133 14 100 41 103 137 86 14 99 74 92 59 132 102 29 115 107 80 126 85 80 86 174 137 57 39 66 88 108 135 146 71 82 140 92 173 192 183 153 74 159 72 95 51 59 138 118 57 94 21 113 162 147 117 52 24 53 100 104 77 119 167 102 163 91 155 159 133 64 144 128 39 147 4 
30 123 3 105 112 109 151 21 110 105 107 64 23 142 87 173 116 146 69 128 79 101 158 44 142 129 11 41 125 124 161 52 166 68 113 107 77 98 10 48 111 25 94 66 49 150 110 67 165 77 73 165 99 83 96 117 101 161 52 155 121 53 58 18 163 99 118 42 105 85 39 77 170 104 176 71 141 116 106 59 176 110 21 39 150 2 134 75 85 99 114 138 112 114 129 
122 69 42 147 73 81 138 76 104 58 159 7 97 103 8 106 93 135 19 127 47 127 49 67 55 86 61 113 174 116 81 90 141 75 19 121 32 74 89 185 82 85 70 68 134 98 50 27 36 10 156 144 122 138 44 80 144 49 15 142 98 25 26 77 84 15 100 59 59 41 139 127 160 116 61 110 123 87 40 98 93 63 99 103 147 15 124 87 21 184 181 90 111 99 26 
106 114 86 184 117 107 129 38 114 88 138 61 131 86 125 90 101 149 93 80 126 27 11 89 162 136 48 117 85 104 68 155 100 162 144 110 146 117 107 73 115 43 138 108 50 46 98 159 94 112 95 76 111 74 79 69 142 27 81 91 61 110 148 115 80 150 172 72 69 114 152 123 165 81 91 72 177 86 122 159 120 134 101 83 26 85 100 154 110 74 145 133 59 46 32 
142 121 83 121 109 62 164 162 59 131 126 173 158 93 56 38 65 101 89 109 85 99 94 47 168 90 81 115 78 10 124 45 79 54 59 61 108 139 68 101 63 141 133 5 161 140 55 85 119 106 130 15 97 45 37 188 179 119 153 125 50 102 45 126 48 22 59 112 127 51 93 79 112 173 49 74 68 52 107 151 89 50 66 94 100 105 111 41 133 103 138 120 177 98 44 
57 159 139 99 82 107 41 119 107 48 116 138 90 147 104 54 63 62 125 93 91 158 113 147 79 30 112 162 180 37 81 125 53 159 60 183 88 32 93 24 97 165 36 107 102 140 58 66 81 5 87 80 172 71 172 115 50 90 114 128 85 86 127 95 169 122 121 129 20 65 163 70 69 63 76 88 82 146 138 31 127 159 153 144 87 166 94 86 115 59 97 146 156 66 95 
78 93 100 103 57 59 118 147 30 86 96 141 25 80 102 131 71 173 27 76 114 87 73 105 77 42 54 85 151 89 76 78 113 139 98 107 164 61 91 126 73 87 55 116 132 51 142 94 98 111 45 133 104 170 119 117 23 42 85 181 59 85 100 85 65 89 114 183 58 107 79 110 89 124 71 180 42 35 84 90 145 71 130 53 79 81 106 102 95 73 97 103 116 68 70 
152 68 151 47 113 120 153 24 108 95 92 63 97 77 106 133 143 105 79 85 178 120 18 117 47 70 38 70 26 173 147 88 98 88 131 42 132 57 118 53 55 118 83 2 114 69 99 16 69 93 148 118 126 84 106 111 117 79 145 78 96 167 98 65 150 99 134 130 109 29 71 96 127 41 146 119 112 46 138 94 76 105 47 170 122 60 155 120 105 117 93 108 129 114 38 
89 85 128 74 82 178 157 20 80 70 143 90 84 30 122 106 93 72 124 38 108 141 84 94 100 134 58 76 138 83 51 48 129 45 80 141 86 74 75 89 17 91 59 72 64 162 33 36 89 91 72 100 86 131 148 121 193 69 66 118 158 134 63 69 108 95 93 119 27 133 76 77 165 79 127 43 72 11 97 85 62 106 78 93 106 123 163 84 126 146 91 123 91 70 182 
60 86 80 84 96 91 69 40 138 88 82 85 146 149 130 138 70 98 99 163 193 68 113 82 87 59 110 44 92 102 100 34 107 104 164 137 99 86 67 69 40 138 100 168 96 10 55 80 166 79 101 107 123 56 116 82 172 166 141 97 119 83 93 96 96 107 100 85 189 122 152 72 117 38 89 73 151 183 101 28 149 6 102 150 37 93 92 46 89 102 164 77 134 79 83 
152 56 150 94 64 128 73 92 119 81 132 85 144 100 12 93 28 121 54 106 102 178 108 138 43 50 85 78 129 91 35 57 65 93 113 93 133 155 168 89 85 168 111 106 175 86 135 59 16 67 42 107 41 101 60 57 101 106 147 98 49 43 81 21 166 117 108 64 34 156 152 9 74 182 67 159 138 90 34 160 52 9 91 87 31 160 78 37 157 134 101 92 100 180 70 
142 97 73 95 76 150 74 95 70 97 126 83 34 66 100 28 55 152 97 96 142 67 140 128 81 86 88 99 125 38 104 93 102 85 68 82 25 167 130 124 40 141 62 110 159 37 69 130 188 101 84 84 96 10 41 110 11 88 127 101 91 58 92 126 184 35 153 71 109 159 139 86 175 90 129 16 91 38 79 154 44 129 31 110 55 181 116 143 109 137 108 72 175 106 60 
157 114 130 133 65 138 161 158 152 122 125 85 162 104 103 64 76 132 108 120 98 20 99 122 148 26 113 71 149 114 95 144 68 121 89 15 97 71 82 54 117 119 106 117 82 42 111 85 98 67 111 72 127 170 87 121 108 89 129 131 86 95 107 53 164 149 129 112 128 111 108 120 98 135 103 101 80 92 74 104 89 115 54 100 104 78 118 154 139 162 95 156 95 89 146 
120 130 162 111 112 4 146 118 142 100 148 83 178 50 99 107 120 133 73 136 70 83 112 31 122 90 194 110 135 53 76 61 104 74 111 164 119 160 103 55 73 115 139 89 94 155 17 113 174 121 158 89 122 85 138 132 97 82 127 60 103 156 82 85 111 104 112 80 122 67 179 115 100 109 47 132 86 56 89 78 102 90 39 119 75 89 185 131 48 120 112 101 86 99 113 
66 44 71 81 28 97 132 75 70 115 72 151 178 84 74 160 87 112 63 186 48 154 145 102 124 66 90 106 170 40 106 144 97 149 159 105 37 122 26 167 107 148 101 109 139 130 103 151 28 130 23 85 23 103 126 125 107 46 137 78 8 117 176 54 138 164 117 111 159 68 59 134 168 119 113 126 94 161 168 56 153 119 44 17 85 176 118 103 11 106 98 61 157 100 96 
133 94 26 130 64 174 146 60 168 98 117 155 81 6 49 150 114 21 67 42 45 88 110 142 8 145 144 111 106 91 132 50 163 113 97 85 100 58 68 85 26 31 81 156 73 147 70 158 81 144 54 118 101 191 140 115 102 97 31 183 136 40 147 92 104 138 159 66 50 135 40 49 108 103 174 142 92 137 44 28 141 168 56 58 134 42 89 86 99 87 168 90 140 154 106 
35 85 145 145 146 78 111 140 106 118 72 112 100 93 149 88 96 195 11 132 58 5 160 22 86 106 101 108 55 92 91 85 134 120 145 122 113 95 79 63 119 153 111 30 151 111 164 99 24 91 122 65 138 65 65 124 53 120 99 91 131 119 58 117 85 131 72 79 151 80 173 118 89 112 113 72 21 62 75 145 44 92 29 147 82 44 113 51 160 112 55 64 108 41 171 
59 76 120 66 33 79 39 143 24 107 100 49 152 158 112 181 41 66 132 188 119 90 75 103 75 173 82 123 34 114 85 147 94 35 118 136 138 96 164 173 117 184 146 37 175 122 157 106 157 157 9 113 114 129 49 114 35 38 87 39 64 132 134 34 48 47 115 76 121 87 166 78 104 59 180 38 51 33 111 194 111 115 10 22 120 136 64 95 133 80 98 152 56 55 141 
124 133 165 87 106 78 183 80 17 118 153 91 118 87 96 114 123 91 11 81 81 77 107 72 86 72 101 55 144 46 128 181 65 32 127 62 142 93 87 62 129 154 71 42 119 40 95 76 70 98 131 104 150 63 91 90 93 47 122 78 41 109 129 118 158 70 72 158 67 139 102 178 81 68 101 134 54 91 122 144 113 97 42 103 71 93 33 171 80 71 110 106 53 108 138 
74 150 135 90 150 96 158 72 90 99 99 120 78 98 48 161 84 109 105 81 53 71 191 60 90 126 125 106 107 111 126 115 45 57 62 141 121 79 128 107 123 106 80 96 100 36 64 44 126 104 45 107 128 107 158 109 98 192 162 57 74 104 90 98 46 84 103 90 14 34 154 94 71 157 139 78 67 79 115 86 103 132 44 76 74 134 88 10 33 166 30 95 150 55 46 
56 133 106 19 77 100 58 46 81 111 62 141 63 38 124 117 70 102 133 173 102 45 98 45 113 93 115 109 181 103 54 53 128 43 161 50 74 89 57 57 127 167 145 115 71 127 90 106 78 126 90 149 105 38 39 59 115 115 27 142 26 159 117 74 141 65 133 80 24 80 65 91 112 114 153 62 107 82 150 86 98 67 66 175 112 106 90 101 108 103 129 56 124 86 139 
109 37 118 154 131 123 59 30 86 19 105 98 135 130 145 88 60 78 173 161 104 78 116 88 100 178 103 65 78 101 120 115 128 114 92 105 54 125 109 122 93 108 139 112 64 112 109 54 169 182 97 153 129 24 96 14 114 92 120 141 77 97 47 53 92 79 56 155 118 70 133 175 85 69 72 107 99 107 90 52 40 160 62 144 162 85 114 172 78 82 155 92 91 103 56 
141 108 107 67 45 38 81 136 132 108 94 108 89 106 166 120 155 50 103 130 69 151 45 68 106 81 75 94 134 73 85 88 114 68 131 88 16 81 94 119 80 138 99 127 62 179 99 161 125 87 127 108 168 92 111 101 40 97 67 151 69 105 57 56 115 90 69 103 77 32 66 185 73 111 129 62 99 101 152 36 75 154 118 83 56 87 94 91 57 28 135 73 102 126 89 
59 143 74 164 152 65 86 139 87 73 140 58 109 79 155 175 68 88 48 102 97 103 81 163 68 153 131 157 90 142 30 85 91 118 178 122 96 61 171 89 114 123 72 130 105 65 85 175 105 65 96 130 184 100 70 24 83 88 113 141 116 147 138 151 102 85 122 59 133 76 130 79 33 27 94 80 81 106 104 84 162 37 124 95 75 77 56 85 121 122 191 101 77 80 98 
89 4 111 50 186 46 47 160 115 60 63 148 35 12 138 157 85 110 103 72 56 89 67 62 88 54 26 76 82 20 62 90 104 96 181 144 115 29 89 154 29 73 95 94 110 101 39 95 69 86 132 74 177 38 118 112 52 124 99 67 93 78 92 124 117 114 57 67 111 82 60 112 102 93 47 77 53 88 56 85 101 37 98 125 81 132 117 147 96 129 73 131 161 36 44 
118 142 133 135 143 64 90 68 129 57 40 60 80 50 31 84 78 110 63 99 157 110 129 89 119 128 101 146 21 178 42 116 136 82 185 115 94 74 102 152 44 38 99 77 101 166 68 144 95 98 146 87 16 126 94 48 52 172 149 105 59 111 150 133 91 98 152 97 94 109 169 89 70 14 24 163 108 28 130 146 51 21 93 106 118 115 21 49 100 85 2 34 123 96 32 
155 110 129 95 42 74 91 55 43 63 60 106 140 129 83 60 71 102 163 139 80 88 92 42 47 25 159 76 44 162 116 179 107 77 124 75 79 145 53 106 20 35 25 36 52 161 174 29 112 159 121 129 98 36 29 130 90 86 185 70 84 173 171 42 102 114 19 95 112 78 91 67 59 89 114 127 54 88 170 157 16 30 53 181 56 180 61 117 85 98 41 101 53 146 126 
65 77 142 103 117 35 79 103 64 64 107 89 113 50 146 137 67 102 60 54 71 64 74 155 95 72 115 174 171 131 145 130 61 91 91 121 33 89 119 36 94 100 136 88 100 88 26 103 28 134 64 115 126 100 132 102 98 109 144 76 73 145 39 82 152 124 83 82 107 96 113 139 126 130 60 40 134 83 137 102 155 62 139 48 97 121 145 58 70 80 155 93 45 50 161 
134 119 121 169 93 51 96 92 90 99 95 42 53 120 153 103 118 88 165 116 176 179 13 132 100 46 80 139 76 126 121 141 122 119 108 28 171 85 116 55 128 85 170 63 43 123 100 113 135 66 135 113 130 147 136 142 94 110 95 118 162 95 51 147 155 111 116 95 123 145 22 111 78 65 42 102 116 104 114 110 147 169 154 143 116 74 110 62 101 69 78 134 41 67 167 
160 109 138 111 120 38 175 78 43 76 95 108 93 25 110 117 85 106 41 137 117 95 41 64 84 163 110 138 88 97 114 95 118 81 165 134 181 135 84 194 178 162 138 131 148 22 65 109 96 83 179 156 50 90 71 176 39 30 82 115 158 127 80 117 122 99 37 66 104 104 144 136 145 152 149 116 113 160 93 164 143 99 81 80 120 93 91 101 138 63 180 41 153 101 112 
190 94 117 136 96 144 114 106 83 117 129 123 108 169 151 165 119 121 142 165 47 128 81 60 41 86 115 65 103 86 48 100 107 68 175 111 46 181 120 162 61 137 80 73 118 68 126 72 102 63 108 83 176 168 86 181 108 104 58 108 65 81 153 153 61 70 38 71 93 21 41 75 70 58 112 101 124 99 81 113 103 155 68 184 76 114 70 63 32 47 148 88 155 80 86 
36 44 159 102 152 12 110 84 152 174 87 105 90 74 166 79 115 90 105 115 31 145 50 179 181 62 99 102 166 147 88 107 48 115 141 182 27 104 98 24 56 92 70 80 157 98 44 150 152 107 38 162 101 69 130 86 34 34 23 177 147 81 146 95 63 172 146 171 25 130 125 84 77 145 79 73 65 94 83 92 74 125 163 81 154 128 87 88 159 85 138 172 178 116 127 
88 6 37 122 95 92 82 136 149 124 164 109 115 41 94 138 110 51 115 176 27 114 65 157 87 136 133 129 117 134 155 165 76 92 58 72 112 102 47 148 58 183 155 64 119 118 88 91 193 148 117 85 101 141 146 134 131 121 134 84 133 62 113 92 96 141 120 29 91 92 16 26 26 107 121 42 157 80 61 84 84 178 184 112 88 173 76 27 46 54 46 62 65 82 83 
99 95 27 171 92 104 25 105 86 106 106 77 107 81 90 88 53 101 183 129 56 133 108 112 94 111 106 51 128 103 77 99 79 75 22 98 116 74 123 85 148 170 85 159 114 39 120 117 95 113 101 75 93 55 56 142 86 22 94 100 165 137 92 31 115 119 125 56 115 105 78 185 107 88 55 37 100 108 11 16 126 170 146 111 159 176 69 17 119 86 16 145 56 124 149 
38 71 87 85 107 123 82 133 107 119 73 60 89 175 94 146 95 67 30 51 176 79 107 90 45 89 38 122 108 108 122 53 169 96 119 74 60 102 99 166 19 113 128 121 53 120 153 96 90 100 70 23 74 96 72 143 43 140 173 160 87 137 33 148 93 99 115 106 132 49 121 37 89 5 111 25 86 128 75 73 103 89 144 29 112 103 50 117 29 125 69 143 169 110 63 
171 60 103 170 29 29 88 102 102 102 105 53 113 194 160 90 67 113 120 81 153 89 79 182 18 129 103 114 131 93 58 49 141 57 194 154 138 80 145 31 142 89 83 133 150 124 89 78 109 63 44 69 122 88 128 123 105 105 125 47 60 135 180 104 138 27 58 115 107 163 76 90 94 137 61 120 149 104 105 136 89 42 106 105 106 83 134 116 134 120 83 57 167 36 105 
68 116 54 42 104 130 94 162 56 111 76 34 151 99 53 154 118 38 135 32 123 57 150 168 99 160 102 38 172 105 93 146 71 64 153 112 151 169 45 109 117 34 92 121 132 62 149 177 154 129 78 91 139 126 139 72 42 99 118 156 139 102 127 31 48 111 103 172 97 64 131 164 151 168 113 177 95 131 183 158 101 98 53 178 154 83 85 14 111 128 24 88 98 160 106 
108 148 66 65 115 158 79 37 96 109 141 167 82 118 117 142 81 151 28 22 51 98 38 98 156 72 138 123 32 144 139 58 57 115 47 76 98 157 109 104 166 132 172 88 176 76 63 86 161 151 122 72 131 85 184 134 184 18 46 156 171 125 124 35 59 123 82 80 63 60 70 124 153 25 31 137 120 12 111 151 89 103 51 112 164 136 92 22 97 127 135 89 53 111 106 
114 69 145 162 152 73 74 102 36 50 71 130 91 168 116 123 122 100 27 64 177 39 120 167 183 113 95 42 111 165 118 112 91 130 77 193 70 68 52 56 55 96 138 181 104 49 63 88 65 33 21 80 119 69 55 58 31 66 110 101 35 98 119 84 100 179 103 66 93 68 67 81 90 127 91 72 165 86 88 116 111 102 133 123 46 62 90 57 119 37 56 32 90 71 68 
34 72 66 105 36 110 110 178 74 107 87 122 96 167 179 111 153 117 98 130 35 76 165 97 56 110 92 62 67 60 130 118 126 92 181 101 87 83 122 86 83 26 173 119 93 124 145 71 139 79 78 72 88 132 108 175 83 132 179 121 125 118 119 74 55 60 124 78 169 104 95 153 82 185 120 71 55 96 157 54 138 90 160 37 40 48 159 33 145 127 115 161 192 90 91 
90 153 109 81 98 119 81 119 28 123 125 9 65 80 142 103 97 114 77 111 110 163 54 37 142 180 11 67 46 111 101 56 106 113 29 168 129 94 100 82 164 33 82 81 143 104 83 87 94 126 126 136 176 184 150 60 138 121 99 178 179 90 56 125 164 21 153 78 170 116 55 56 78 62 140 90 105 111 124 111 87 149 115 136 116 90 25 87 45 85 178 130 73 79 70 
136 91 75 127 132 161 90 140 109 121 118 59 68 129 155 83 151 115 61 80 125 149 161 106 141 23 78 111 94 77 176 80 162 83 100 42 36 93 61 81 65 73 87 81 115 96 129 101 106 152 102 120 163 63 116 166 165 100 95 151 98 174 148 92 87 34 112 92 139 140 53 64 86 178 149 84 71 87 138 19 171 99 87 147 190 119 144 129 101 41 79 77 139 49 74 
122 135 127 140 63 68 97 110 153 121 88 97 83 116 142 89 103 110 113 86 163 96 57 56 64 101 89 16 105 82 113 112 152 116 52 139 141 117 33 156 88 120 36 181 127 133 74 40 87 145 28 70 16 43 80 117 70 14 72 35 92 150 169 93 81 95 103 118 100 116 91 93 67 145 91 178 95 181 94 91 108 115 131 98 66 75 31 100 108 118 106 125 159 58 127 
176 85 108 93 130 109 20 101 119 128 76 69 117 143 134 156 88 67 65 181 79 158 120 171 100 156 171 92 46 99 99 133 70 6 64 47 54 143 66 100 153 60 35 109 88 84 82 68 115 51 67 150 54 118 99 53 116 123 83 94 127 142 58 104 134 51 72 136 16 54 132 50 82 144 127 94 94 95 63 111 88 105 99 146 105 172 83 36 96 89 97 99 79 111 135 
137 147 170 136 87 95 123 157 123 120 38 118 21 93 190 50 38 86 83 100 70 141 93 54 23 43 87 135 74 80 87 74 168 62 70 85 35 98 115 99 143 100 79 90 137 110 104 51 122 107 98 106 176 173 124 114 125 72 156 73 110 33 189 127 114 103 57 77 98 155 137 70 111 67 127 146 72 49 159 90 42 83 50 155 80 179 67 180 63 93 112 80 119 111 78 
113 51 123 136 84 111 115 23 57 134 142 61 119 80 86 92 80 101 58 59 132 164 39 28 63 128 159 95 71 75 48 116 87 116 127 160 77 71 94 111 169 125 31 149 88 45 67 150 80 129 79 61 23 108 48 47 150 100 112 47 64 20 173 116 78 153 100 62 64 100 124 37 111 154 83 102 155 60 68 69 31 39 96 68 106 114 61 120 128 73 60 74 153 116 137 
149 48 40 133 135 196 111 138 171 31 114 48 172 136 166 83 85 49 38 118 20 62 51 88 85 168 80 82 17 112 66 115 54 87 97 119 111 192 151 185 7 72 101 113 90 82 100 63 153 65 18 122 81 24 87 7 163 33 77 85 113 122 149 129 54 70 23 39 191 65 77 96 23 59 48 177 137 68 40 107 81 71 116 126 132 157 104 46 90 83 129 44 80 93 34 
151 144 142 81 89 25 119 110 157 58 86 168 66 34 135 153 20 54 145 70 163 21 171 66 116 104 107 142 99 64 96 155 45 182 121 90 95 38 67 119 24 20 97 148 167 72 93 81 44 72 112 135 129 120 28 109 78 82 129 116 119 134 108 41 34 87 106 67 175 87 94 70 77 59 83 156 37 119 47 107 123 183 37 194 180 147 58 55 136 72 147 164 107 115 101 
41 82 158 124 142 175 48 103 184 105 165 139 122 134 78 96 113 156 174 72 99 112 170 145 101 59 56 99 90 88 104 78 93 82 86 90 5 154 177 38 121 118 70 136 95 53 52 99 122 73 146 53 133 151 98 115 139 125 81 132 29 97 105 91 141 38 109 100 74 39 99 138 119 78 170 56 102 115 48 153 95 47 86 130 107 133 120 40 109 137 139 39 12 140 164 
101 63 192 111 88 61 104 101 37 69 82 5 154 40 76 109 97 122 103 121 84 145 157 102 118 72 115 157 113 119 114 77 141 41 137 132 71 3 86 93 118 80 111 149 173 98 43 98 35 72 70 108 127 119 40 135 105 141 73 155 153 95 73 142 31 176 133 120 103 133 98 40 33 17 165 93 58 106 35 112 60 81 139 33 161 120 102 127 74 36 59 149 81 63 102 
139 131 86 135 22 51 72 20 125 59 121 92 80 29 133 97 68 32 51 44 142 69 80 90 41 99 92 74 29 76 93 105 95 68 87 155 106 75 134 122 96 46 102 162 162 122 65 96 47 143 106 100 119 100 120 75 16 163 95 104 117 86 121 123 68 108 81 70 133 28 52 126 147 48 42 62 112 135 157 20 109 11 40 51 66 32 91 166 96 62 136 111 152 71 143 
60 88 53 110 98 81 59 32 43 118 96 53 39 33 139 104 84 91 67 49 80 94 118 150 87 69 27 98 91 103 107 106 75 99 44 142 55 110 94 58 162 71 174 93 106 99 135 175 184 64 99 157 100 28 47 152 119 47 62 41 114 110 111 38 91 91 68 113 159 176 112 161 72 28 82 115 47 98 95 133 78 92 115 185 67 118 42 40 46 159 143 66 72 167 187 
69 141 55 8 124 59 104 34 67 96 39 87 127 71 158 131 10 167 36 126 100 89 76 43 46 123 111 71 143 94 101 73 94 47 126 123 129 176 64 47 55 117 66 22 181 85 150 101 34 40 103 66 63 119 46 92 152 71 51 47 47 63 171 167 95 79 116 176 142 131 58 94 88 96 53 126 98 24 124 46 122 37 174 88 160 170 60 69 68 95 38 136 114 94 41 
96 115 108 71 108 64 119 62 187 65 123 161 140 51 185 66 100 58 94 126 73 33 96 108 144 89 87 122 90 73 121 56 106 131 50 131 4 67 77 67 72 37 56 138 55 77 177 34 129 34 61 127 62 181 48 121 67 145 114 125 95 68 45 47 70 126 157 122 134 94 26 83 63 137 122 105 124 100 84 15 77 158 55 85 112 59 57 101 111 86 156 182 53 92 63 
82 85 58 128 114 87 119 51 80 158 88 43 174 119 139 82 114 123 156 135 153 46 31 73 60 87 137 157 94 62 108 112 77 60 156 102 70 109 174 98 106 155 154 162 141 58 158 100 42 113 15 67 111 64 165 42 31 144 85 78 62 145 162 143 89 114 188 70 87 129 119 113 129 99 29 133 172 67 12 44 89 28 19 138 167 106 79 114 99 123 110 119 47 123 187 
152 69 74 121 101 138 144 15 71 125 129 121 123 66 156 134 84 72 77 66 80 106 156 78 53 80 73 59 117 117 31 63 173 157 121 111 77 58 81 70 22 101 194 140 39 47 47 29 92 85 21 27 117 88 23 101 119 48 18 156 52 65 108 100 130 174 123 127 190 144 94 71 105 19 102 129 172 44 75 112 188 27 111 199 116 148 86 77 86 150 69 122 188 182 89 
126 61 54 93 122 32 108 158 103 131 99 137 13 54 29 80 135 120 118 35 75 116 103 100 37 81 97 94 110 110 140 65 83 86 77 95 72 87 79 69 90 152 37 82 71 175 76 121 87 99 70 92 79 144 63 169 116 76 23 122 31 127 68 128 23 123 89 159 121 56 142 61 122 181 147 180 60 95 106 133 90 103 45 82 101 115 111 144 117 64 135 87 94 107 73 
80 145 126 149 109 169 130 21 107 50 144 118 102 122 77 36 137 28 42 99 117 54 176 126 118 133 140 100 55 93 104 131 82 62 122 70 74 82 61 138 88 177 159 89 128 53 180 27 38 68 90 114 189 71 109 122 119 96 70 94 126 106 122 170 69 134 27 86 124 183 142 132 74 79 59 124 38 70 103 172 90 15 44 102 80 140 120 113 81 101 159 155 45 160 111 
57 165 23 100 83 89 83 33 80 78 24 84 51 157 103 44 39 175 84 173 43 83 82 140 31 113 127 156 189 71 140 65 33 89 71 87 94 61 34 114 129 120 104 113 121 118 65 147 58 136 81 131 111 66 54 77 79 114 166 106 127 38 158 194 74 163 96 73 76 152 132 108 89 192 19 51 94 48 113 91 121 55 29 150 86 118 103 78 34 64 156 65 27 88 12 
111 46 110 181 145 63 172 115 140 99 94 79 90 81 151 63 40 137 187 53 122 178 94 179 139 143 121 30 108 31 144 32 60 90 140 143 141 96 72 64 22 60 31 144 100 145 89 109 124 41 157 90 78 111 115 156 162 128 109 78 150 105 128 69 86 31 132 95 15 167 188 84 181 140 162 102 78 126 51 74 120 124 108 146 144 76 94 114 90 110 93 129 95 81 151 
34 104 144 58 86 98 74 79 62 131 101 161 67 63 67 137 46 66 90 74 180 167 95 43 72 89 116 85 198 120 46 81 95 140 67 62 69 120 66 146 153 73 27 139 32 47 160 152 111 140 115 59 65 120 10 158 79 152 105 77 132 116 113 107 107 113 146 159 158 93 79 14 144 39 191 65 32 88 95 59 123 134 55 65 104 170 67 13 61 45 141 183 128 48 116 
96 69 94 25 110 156 110 89 53 39 21 146 50 110 67 85 58 164 95 69 112 115 110 62 140 25 43 99 79 118 167 75 111 151 152 94 67 133 92 188 94 117 21 103 140 122 74 71 41 175 63 61 105 112 28 126 44 93 105 96 67 138 78 139 128 132 110 192 98 76 163 122 109 85 136 69 71 110 92 116 85 99 148 63 55 146 125 30 84 114 88 95 151 41 32 
146 188 67 110 115 73 74 82 77 122 67 109 73 45 55 54 61 58 67 113 121 125 127 93 128 113 87 28 117 28 88 90 107 105 193 94 169 114 138 31 84 62 94 82 107 27 83 68 53 141 145 26 83 101 101 45 97 48 77 106 101 137 74 127 93 41 69 91 134 124 33 110 117 159 80 63 87 109 137 71 65 169 113 39 135 43 105 166 174 21 105 121 145 70 75 
88 128 63 174 28 82 91 88 104 128 102 87 123 77 131 152 118 115 167 37 37 70 79 36 44 8 90 125 30 74 63 109 100 173 59 69 83 48 55 74 151 69 167 194 84 117 83 102 104 104 105 90 152 139 39 173 88 74 118 99 159 110 103 107 182 90 109 172 104 146 60 135 60 97 119 72 153 194 114 29 123 163 107 100 87 33 182 43 68 89 82 60 92 84 156 
70 146 35 12 95 53 104 100 161 114 102 25 89 79 65 85 152 181 54 44 155 54 8 86 58 123 134 152 107 141 150 114 24 56 177 152 80 88 75 130 123 70 95 41 147 190 103 94 152 20 175 66 79 28 132 146 103 98 78 133 124 92 142 165 98 33 163 112 97 77 62 111 167 119 79 76 67 151 117 91 137 66 114 106 124 127 79 40 62 94 79 88 62 38 87 
85 60 109 113 80 97 33 131 122 118 92 49 129 165 98 80 95 176 116 88 152 130 118 155 21 82 82 116 106 94 74 138 133 19 98 135 90 57 127 145 115 53 96 116 137 54 90 38 25 165 103 59 176 107 102 68 142 110 169 35 98 182 90 71 158 114 110 45 100 126 76 46 86 72 150 60 122 14 125 102 93 127 38 145 65 68 8 142 139 94 129 64 87 162 98 
90 75 105 100 62 80 98 49 104 132 8 109 135 181 117 70 137 157 92 84 61 116 186 85 159 72 104 140 127 90 83 162 102 128 119 101 92 104 74 80 137 83 18 48 69 86 117 100 135 71 51 119 102 74 123 100 109 107 117 82 71 87 53 54 140 66 50 128 118 39 88 155 117 62 54 172 112 60 134 192 132 99 126 95 63 115 88 101 167 68 40 133 133 35 73 
114 59 159 132 94 145 121 118 164 41 41 94 139 118 182 55 119 55 137 33 147 153 125 163 160 156 89 114 85 166 75 109 101 102 136 145 108 97 108 125 30 62 89 124 73 93 90 20 123 71 57 14 40 89 177 27 116 53 49 103 50 111 128 61 107 111 73 87 152 84 133 145 114 109 48 115 136 81 53 138 122 176 48 71 74 129 14 155 91 91 44 77 80 160 92 
89 83 88 134 137 111 104 25 71 101 128 182 98 141 173 101 81 153 152 115 42 62 137 86 182 54 59 128 111 80 74 145 11 178 73 56 162 54 124 134 174 91 72 89 128 62 117 87 80 102 86 115 83 105 92 131 82 132 88 124 119 150 100 67 48 104 105 150 129 84 42 86 128 143 44 172 81 64 50 100 137 176 42 100 156 90 117 83 75 145 142 39 113 83 148 
86 98 125 67 140 145 115 65 97 179 21 89 119 91 56 178 142 131 100 131 95 187 121 91 104 21 90 138 41 87 86 102 59 27 128 144 177 62 76 100 63 147 104 51 136 86 116 154 69 121 59 136 112 128 106 92 186 102 89 142 95 150 57 28 116 123 106 97 128 116 15 70 40 119 137 110 121 186 121 97 149 113 139 111 93 87 173 72 121 61 47 93 115 124 143 
14 166 67 103 129 130 110 135 81 89 181 74 104 15 95 191 186 136 86 147 39 99 87 114 101 169 120 61 24 168 84 142 87 87 163 175 42 94 162 125 54 54 85 112 99 119 59 45 98 37 125 154 34 146 99 9 73 25 83 122 88 86 160 104 116 114 125 58 155 135 101 98 195 122 71 82 84 9 80 138 129 62 68 148 74 59 41 94 134 126 168 96 8 170 158 
186 98 142 102 107 42 194 148 132 109 37 126 134 104 93 106 36 156 75 143 187 63 48 175 21 69 54 153 142 141 72 56 68 75 62 113 188 94 125 137 23 173 108 21 180 118 182 140 100 66 101 56 162 149 117 30 88 141 160 143 76 169 57 162 121 132 91 145 94 118 107 61 111 114 98 119 94 64 90 73 173 109 79 69 142 108 127 95 47 109 23 91 101 118 114 
34 107 118 78 127 59 65 108 120 80 20 124 80 83 160 63 127 97 175 38 64 91 129 116 16 111 146 34 126 58 123 103 137 22 122 92 153 48 22 115 62 53 67 189 119 111 176 148 118 94 134 178 130 51 68 95 130 166 121 98 99 182 147 104 14 132 28 111 94 140 100 102 142 55 51 144 78 80 135 134 134 77 103 44 74 59 109 106 68 60 75 51 108 41 83 
39 56 134 121 97 36 69 75 54 159 81 46 141 74 116 118 176 38 114 118 91 151 82 120 108 121 79 81 130 120 97 95 82 42 125 100 116 83 36 171 114 168 79 129 149 180 127 148 84 144 67 71 48 150 91 69 76 36 92 126 89 103 124 25 45 72 93 95 104 96 104 78 28 102 58 117 75 118 96 105 132 115 140 126 172 92 51 152 119 74 156 116 99 58 148 
65 22 144 76 76 29 144 54 20 74 64 175 76 89 79 65 74 106 58 164 81 99 58 156 82 42 81 127 14 162 76 126 47 110 80 31 56 111 12 34 142 90 136 101 28 124 71 94 95 108 159 138 119 74 177 156 138 105 72 110 116 152 156 157 85 89 87 105 154 118 74 132 157 145 160 131 73 35 77 31 83 99 35 129 138 43 140 64 52 157 80 151 117 89 154 
57 82 154 102 66 15 71 99 52 131 43 112 151 106 39 35 95 64 111 73 50 91 28 138 84 138 59 179 122 107 155 30 168 90 185 129 118 34 141 66 157 70 134 85 123 119 135 133 58 102 177 104 175 151 45 67 87 89 112 185 72 136 102 86 50 89 127 70 102 93 71 79 86 103 127 70 95 98 102 140 91 90 38 127 130 81 73 103 81 155 69 60 145 90 118 
47 132 69 165 118 102 61 56 144 91 84 81 50 56 21 91 122 136 64 163 84 105 60 145 191 58 79 50 171 117 45 98 125 102 112 153 108 91 46 180 99 168 98 95 52 151 58 138 162 103 99 72 181 112 59 101 48 148 75 84 129 120 44 43 97 26 128 101 89 42 142 95 107 88 89 103 94 139 64 100 120 101 84 115 19 125 122 157 91 86 82 76 175 103 183 
168 141 142 55 81 174 101 150 139 103 163 125 182 88 55 36 65 165 100 17 107 68 115 157 165 176 24 142 59 77 140 112 131 61 102 38 117 60 83 49 150 80 60 101 72 44 104 16 171 181 100 98 115 59 97 152 40 111 62 125 62 111 87 152 76 151 86 109 89 145 26 89 93 128 126 92 87 190 107 103 183 190 117 120 122 156 62 151 136 85 27 96 139 83 35 
115 111 84 55 115 100 82 90 35 87 22 127 140 85 38 152 115 164 111 78 70 96 178 84 68 131 114 154 169 169 126 90 137 132 126 63 80 113 150 26 193 79 152 126 54 98 154 111 95 116 144 180 81 88 149 105 125 81 128 84 105 76 83 97 28 111 121 154 163 36 133 124 56 86 156 78 64 189 152 120 118 94 181 63 166 121 149 65 104 152 48 175 116 111 109 
54 101 159 169 141 91 37 179 97 66 95 98 123 65 96 140 36 72 159 135 60 105 62 80 55 82 47 69 5 110 96 98 84 96 61 52 84 57 115 133 101 64 49 48 68 106 114 141 146 104 151 122 113 108 166 177 113 3 147 119 44 44 71 54 119 77 44 129 99 93 79 131 179 91 135 106 88 62 104 94 44 99 37 158 90 124 137 143 100 196 132 144 138 22 90 
137 114 50 42 68 133 91 109 89 90 122 61 141 153 70 22 50 133 120 94 92 105 90 83 167 94 67 55 31 113 68 46 84 37 96 71 102 106 35 8 96 119 89 87 78 101 74 128 58 64 29 159 134 143 25 153 176 30 89 61 96 153 95 161 158 93 162 81 32 62 142 22 81 90 125 56 82 99 62 114 77 90 38 111 102 25 59 109 12 77 80 23 126 36 41 
