137 65 54 123 125 94 139 101 100 113 119 172 111 76 146 59 94 102 68 34 126 162 127 107 143 71 16 178 63 108 65 145 51 74 178 140 31 110 40 107 100 117 83 25 32 142 88 74 96 109 84 176 68 67 181 146 112 142 63 127 51 108 136 89 23 78 63 144 192 109 113 95 26 92 90 121 46 18 98 122 117 96 101 145 126 113 102 118 124 126 38 131 108 40 66 153 
86 156 98 67 83 161 98 157 73 113 53 97 63 166 128 131 100 88 118 167 165 113 71 51 144 163 76 40 119 103 57 123 88 40 164 69 72 57 75 129 110 55 50 105 1 122 96 93 27 62 100 153 156 146 64 103 107 143 155 59 99 150 149 134 141 103 105 79 66 130 90 89 141 112 37 78 156 108 176 188 110 143 86 107 73 80 95 197 27 41 129 179 186 106 52 129 
141 160 128 115 156 55 66 103 60 87 132 92 110 77 144 120 32 101 83 112 67 94 125 82 116 117 91 103 108 81 50 58 168 136 83 131 127 129 83 170 72 54 129 79 36 49 118 128 36 119 173 106 164 102 157 111 31 93 23 52 106 87 88 42 97 51 125 155 25 123 115 85 118 152 151 102 67 105 197 109 127 106 83 39 49 135 55 44 70 42 69 123 37 149 52 106 
191 148 135 75 10 108 76 83 43 80 29 73 93 30 105 144 62 87 57 86 81 73 180 95 161 77 128 179 83 40 83 111 85 105 184 46 113 32 80 126 55 157 103 108 128 106 104 178 144 43 94 153 135 156 98 95 29 12 115 81 128 85 104 111 193 170 123 95 88 70 79 137 96 25 15 78 81 44 172 85 77 155 143 109 49 66 125 46 60 172 152 170 160 105 97 42 
97 106 103 137 37 160 57 138 86 91 111 112 126 150 94 101 103 134 158 171 115 83 118 108 146 161 115 126 139 122 77 167 114 65 111 89 158 27 127 131 108 30 99 140 121 111 116 114 93 92 103 65 82 143 42 47 77 61 147 171 108 103 100 106 94 109 158 113 35 52 164 110 43 158 97 88 61 98 108 127 126 136 84 134 130 165 148 109 60 40 73 79 119 183 49 181 
39 154 160 103 127 143 134 68 106 31 124 88 117 68 81 20 35 159 83 51 151 28 94 156 166 23 82 34 153 130 179 50 109 127 110 62 91 76 49 153 78 59 141 44 125 55 97 59 110 168 98 71 127 181 158 85 144 16 94 196 96 105 153 192 38 70 107 89 90 46 66 42 127 166 59 115 76 84 154 121 39 98 107 137 87 65 144 61 66 146 81 55 53 143 63 74 
71 99 103 36 110 126 135 78 101 124 136 61 139 178 65 59 141 150 144 64 106 92 101 113 111 40 164 154 123 128 80 81 102 151 143 14 80 91 101 100 140 66 185 66 167 21 136 100 97 65 97 44 72 104 116 132 97 109 95 116 114 125 94 119 93 84 26 79 92 111 24 55 105 123 127 59 80 53 162 130 28 53 107 169 85 117 86 166 97 170 118 60 43 76 115 60 
88 132 89 37 79 157 87 139 163 54 91 61 83 152 105 133 92 69 167 89 76 46 117 93 51 65 103 184 30 56 39 82 165 138 132 22 120 115 128 70 95 96 142 94 65 29 91 87 149 102 84 77 122 146 179 80 87 157 72 56 92 88 41 167 75 111 186 18 39 22 101 143 95 24 46 108 139 164 137 98 42 98 40 144 76 38 165 89 47 45 111 85 189 106 65 101 
112 52 51 100 45 47 114 43 84 108 76 98 95 101 95 160 54 60 181 68 43 195 133 124 98 92 137 114 165 112 165 167 68 59 85 105 127 92 100 190 140 151 75 80 94 55 40 68 116 122 179 174 107 78 171 29 100 173 120 113 200 124 65 134 53 87 151 95 117 157 177 174 83 94 127 164 60 53 65 49 62 104 96 101 55 91 35 71 96 66 61 139 108 103 54 133 
113 132 62 139 75 49 87 159 100 120 75 177 15 106 88 80 90 102 86 128 82 145 115 126 83 151 134 94 108 55 169 96 160 114 47 65 85 99 112 98 97 94 18 67 142 133 166 24 59 170 78 182 89 196 126 131 77 125 120 103 105 68 55 154 67 137 63 110 115 99 157 54 92 193 64 62 173 40 31 83 102 71 120 81 96 96 84 68 172 158 92 81 110 64 109 73 
72 142 87 62 46 113 136 52 70 80 160 94 86 52 148 49 182 94 50 110 166 105 51 111 98 121 79 152 121 45 62 165 171 48 118 108 73 178 153 62 32 35 104 86 100 75 101 138 92 86 132 91 112 74 69 54 134 59 122 128 117 163 52 79 86 46 82 147 158 103 24 111 114 43 130 134 44 107 133 55 74 116 136 41 126 77 115 103 31 50 113 41 99 175 130 54 
76 94 136 129 135 162 64 107 34 77 114 65 65 93 147 62 74 54 113 91 107 106 100 52 42 101 148 35 173 105 133 85 59 109 101 164 150 140 155 157 74 29 92 27 90 128 120 183 83 93 160 130 91 135 38 85 130 73 109 49 141 86 153 141 146 161 106 161 90 171 179 84 152 10 31 91 74 25 186 103 142 124 150 98 34 142 75 92 90 143 121 110 66 161 172 22 
61 66 120 153 100 117 73 61 51 78 134 80 87 19 146 64 41 18 81 96 100 9 51 159 83 59 123 107 109 84 49 68 188 59 92 121 162 186 83 131 86 70 136 74 62 168 108 60 156 68 82 22 76 111 100 138 124 102 70 66 93 119 177 98 116 98 153 87 51 132 54 77 101 78 74 84 161 70 91 38 132 89 191 95 173 95 127 33 102 157 72 57 97 138 184 77 
156 85 91 172 44 70 78 170 96 90 108 122 99 133 170 144 95 68 51 74 171 166 92 98 146 77 171 10 45 133 86 148 19 152 133 89 71 159 104 121 16 172 124 74 92 82 38 105 77 49 157 110 102 110 100 164 58 105 78 80 49 68 118 78 156 111 134 134 77 28 82 100 155 147 63 112 98 145 139 97 152 112 74 116 81 99 168 62 53 60 32 41 115 132 38 147 
93 26 122 102 96 161 56 120 99 151 133 69 59 24 109 125 75 71 110 13 69 30 37 123 96 194 78 114 109 80 94 96 126 126 102 80 130 79 89 71 76 153 191 77 97 176 139 123 91 110 163 85 123 104 58 59 110 122 63 72 97 85 92 70 136 111 168 13 98 112 52 40 98 149 54 113 118 112 65 102 62 120 90 70 115 172 120 76 128 110 48 51 125 155 98 165 
31 107 144 52 15 49 156 114 68 63 90 47 105 134 131 74 124 64 83 25 137 114 22 30 70 32 147 160 191 108 112 59 116 83 93 78 65 189 145 170 81 38 153 161 30 98 112 26 63 91 124 70 72 194 80 103 64 127 139 98 62 135 32 105 45 73 105 60 127 67 136 39 128 170 34 125 122 143 82 103 56 145 99 87 170 115 75 155 57 52 87 90 87 91 42 156 
127 43 164 30 90 126 183 125 138 114 28 145 74 82 152 190 65 89 67 26 105 99 107 75 59 107 164 132 72 83 79 98 127 23 106 147 124 108 129 101 152 138 155 35 12 112 49 93 98 84 121 127 87 85 136 25 113 133 95 108 166 88 31 88 122 30 94 101 96 141 142 84 5 89 122 53 99 140 90 59 68 142 100 150 77 58 109 84 95 84 34 87 158 114 75 94 
125 118 166 42 125 73 64 22 101 112 109 100 131 159 121 143 113 120 89 127 94 42 74 51 49 45 93 132 67 34 76 128 140 16 95 47 168 83 163 37 52 125 31 85 49 164 86 69 113 91 70 108 150 61 79 114 69 97 161 61 92 96 135 6 157 42 44 161 111 179 81 187 79 24 38 27 107 122 85 54 173 163 85 154 82 35 156 180 166 118 119 57 118 101 48 59 
117 102 106 97 41 96 119 92 82 41 52 50 73 144 59 124 65 113 22 133 110 110 109 54 125 61 98 101 84 172 61 133 131 104 153 142 110 40 91 101 82 39 56 81 55 85 98 114 101 44 101 11 71 142 165 80 123 87 130 68 140 152 86 93 127 106 46 172 97 115 101 95 152 91 36 52 90 156 105 140 68 48 102 36 106 92 45 131 136 58 100 84 32 126 76 68 
193 122 164 52 99 37 186 100 89 136 82 97 113 80 117 79 137 154 74 82 37 65 23 104 107 135 123 143 111 131 96 93 182 121 31 100 99 77 118 134 106 117 132 93 78 78 144 114 64 99 71 74 56 106 84 59 78 75 123 56 149 114 72 65 47 82 101 90 38 98 44 76 161 42 71 86 146 100 83 122 59 73 43 118 82 94 157 41 107 167 172 35 104 22 127 80 
115 97 54 97 144 108 16 124 38 74 101 127 159 46 94 129 65 107 60 50 108 149 69 110 77 72 99 17 98 89 144 62 87 117 98 117 97 121 57 64 83 99 89 42 61 70 70 77 55 68 96 144 36 63 16 126 115 35 170 122 106 124 74 55 84 83 38 183 127 143 158 163 173 91 131 104 98 154 117 103 83 113 51 82 47 87 101 125 132 68 41 73 49 48 147 134 
77 122 101 87 92 72 11 68 99 110 50 70 161 1 59 94 67 61 153 131 117 158 66 76 128 87 20 50 105 163 188 129 156 109 11 74 126 34 78 35 55 120 94 98 106 72 91 140 77 118 144 95 181 80 114 50 105 62 134 50 55 81 99 11 94 57 154 102 132 119 73 172 165 101 95 194 149 114 195 117 155 73 62 111 106 79 129 115 116 147 33 128 49 132 109 58 
46 131 81 93 58 88 161 94 120 79 80 83 135 20 156 16 87 100 81 121 120 110 89 132 58 159 117 46 77 10 101 101 123 116 177 178 78 164 137 86 88 129 96 11 155 114 14 143 133 70 75 126 106 114 189 68 136 153 130 50 107 114 118 70 35 100 94 118 125 96 135 43 23 44 74 119 178 148 89 89 8 139 45 172 70 158 88 102 43 78 151 110 33 81 148 19 
47 33 121 143 30 57 118 111 115 133 170 142 105 134 8 129 95 97 97 161 140 143 31 154 153 135 47 134 103 103 94 116 48 107 137 84 72 165 42 136 100 80 110 60 169 55 87 85 42 40 172 120 148 98 115 115 100 60 35 86 191 104 72 1 110 148 162 38 181 135 147 39 89 84 118 73 104 33 97 85 74 132 148 20 60 98 34 180 141 56 68 105 108 175 105 71 
155 36 125 13 50 97 47 139 104 108 68 112 79 66 44 120 55 75 109 57 185 165 69 143 133 169 131 187 125 59 51 141 170 113 159 91 141 158 88 142 55 110 148 122 59 42 36 84 108 78 175 120 120 66 185 112 92 105 81 68 56 154 54 2 85 111 116 185 119 116 81 176 148 162 93 62 90 28 85 119 42 57 113 107 87 160 102 91 71 34 75 91 143 49 84 79 
66 82 146 36 109 119 125 47 73 114 93 163 172 35 84 95 38 102 170 90 103 105 106 72 15 105 92 116 92 57 96 93 145 108 154 185 86 135 54 78 116 17 113 108 134 53 78 126 93 101 69 74 25 49 98 129 109 96 42 100 130 93 102 78 35 43 43 117 145 73 195 139 97 178 32 85 134 80 105 159 132 89 60 130 65 90 91 106 73 88 108 84 96 130 121 95 
127 113 115 126 120 144 145 111 109 74 144 77 46 134 122 175 29 126 67 148 47 114 82 80 142 77 58 33 59 24 81 151 100 29 73 124 165 102 139 131 96 70 196 75 152 78 70 61 43 164 75 150 138 148 69 57 88 96 112 116 98 47 59 112 183 146 87 92 137 99 56 92 90 91 130 92 174 159 149 136 117 56 62 87 15 120 58 101 85 82 35 137 191 99 83 125 
81 72 149 52 105 66 44 69 139 31 95 159 180 79 153 27 32 175 192 31 102 54 51 144 48 61 152 82 115 179 63 129 126 56 57 37 107 80 158 64 103 82 57 164 108 114 136 162 72 99 102 158 80 187 60 75 100 42 22 78 87 124 105 44 189 142 37 75 178 131 166 69 119 179 34 80 28 77 48 50 89 132 44 56 108 158 114 85 153 97 106 95 84 78 125 107 
67 57 54 86 84 134 148 156 49 89 68 169 147 56 78 59 104 173 167 10 69 51 118 151 82 57 74 105 15 63 39 101 70 77 128 46 88 127 110 124 146 153 142 31 100 67 91 101 150 131 110 72 86 60 148 75 13 133 84 81 24 108 77 82 157 117 12 127 110 124 73 78 104 130 73 148 144 156 101 59 138 200 49 115 128 150 55 173 83 146 70 98 86 106 89 145 
101 93 68 19 152 104 27 112 54 86 107 48 118 91 67 97 83 144 35 93 73 126 51 80 173 187 116 27 111 98 72 59 99 113 41 21 92 136 52 60 134 70 62 103 68 146 185 54 21 51 97 128 127 114 167 104 136 142 155 95 172 108 140 78 139 109 83 46 166 93 35 133 85 101 165 46 145 20 68 45 80 78 109 49 101 131 71 119 94 105 94 149 133 94 56 156 
178 162 86 115 109 90 53 57 81 106 110 186 79 29 84 70 96 127 75 79 182 173 137 49 98 163 52 27 123 172 99 83 64 123 92 129 84 70 65 74 105 23 102 97 106 90 101 50 145 37 70 191 137 85 112 160 61 93 146 170 90 55 180 99 99 113 92 35 82 55 88 86 23 58 102 105 171 123 46 104 123 114 123 109 142 130 113 134 52 172 108 75 53 60 86 104 
16 61 150 127 149 152 88 106 112 135 132 61 187 161 146 139 47 120 76 144 45 168 52 117 112 70 76 102 167 159 128 150 57 129 10 109 94 155 77 101 111 65 60 85 52 115 29 62 74 108 68 78 182 108 131 138 181 56 162 106 148 112 164 38 47 18 88 136 34 28 99 117 114 112 104 115 188 101 165 103 31 50 100 133 76 157 79 114 64 142 66 104 71 58 57 127 
103 97 47 62 52 64 62 76 106 71 144 79 93 92 57 157 112 124 104 143 163 190 165 109 86 131 77 127 95 67 57 49 128 152 151 80 61 50 49 64 153 47 95 114 93 104 88 116 167 19 56 81 46 74 132 95 117 78 101 78 126 118 106 170 106 111 44 90 68 103 43 30 104 139 88 151 138 51 49 153 93 166 50 1 187 163 47 115 53 104 126 32 190 74 12 63 
36 124 123 40 161 105 133 110 138 162 121 105 37 74 21 33 148 74 28 63 125 157 70 56 50 102 108 147 123 115 81 95 149 101 106 130 143 111 143 98 103 40 5 150 71 155 135 172 92 99 22 144 88 172 96 156 117 49 40 88 86 133 104 18 147 87 73 71 79 94 129 162 67 146 40 145 138 70 135 113 102 116 158 118 48 14 138 114 132 100 84 148 77 52 150 103 
128 89 162 86 108 64 86 93 46 86 102 184 139 109 66 105 60 111 103 69 85 53 96 173 55 111 57 124 61 31 53 43 105 42 147 22 21 129 146 56 115 45 97 75 129 108 131 84 133 99 45 113 52 160 165 140 67 109 70 120 166 129 143 92 134 123 48 72 104 135 100 71 43 98 78 92 83 138 130 128 89 77 88 105 83 140 159 80 65 58 78 43 140 97 121 75 
61 173 160 80 191 101 101 168 55 37 105 131 122 106 96 57 118 144 65 54 8 134 152 113 110 89 76 174 149 106 133 67 51 158 44 43 104 39 78 70 63 58 120 52 183 88 99 120 35 156 114 79 78 141 75 153 122 103 111 147 143 43 175 143 128 118 86 53 119 129 68 105 128 76 102 98 101 147 160 137 101 187 112 47 119 164 121 139 80 98 117 130 58 66 40 87 
120 138 92 136 119 135 122 82 153 104 85 130 45 118 27 145 147 119 101 131 127 88 132 154 9 68 133 88 116 129 94 135 92 175 70 91 89 177 187 106 101 104 129 41 68 61 136 44 51 77 173 172 120 46 94 146 32 92 109 56 97 73 112 119 127 67 63 99 18 166 60 146 39 75 120 82 93 73 95 88 110 29 166 59 119 108 151 75 53 163 104 43 79 105 70 110 
101 71 131 70 45 104 177 113 163 44 75 100 118 164 128 86 140 49 105 78 78 91 126 138 60 107 81 122 132 100 115 174 119 20 129 131 160 52 82 106 146 137 166 92 115 91 61 107 27 78 101 39 99 93 138 157 64 80 111 175 50 83 88 157 122 145 141 60 63 153 84 108 83 92 62 127 113 91 89 167 131 90 96 143 117 138 54 144 70 145 56 96 30 78 151 127 
111 104 113 88 136 111 159 116 60 85 105 133 72 168 102 72 26 125 93 110 149 147 152 111 104 84 135 102 111 150 70 63 57 31 176 134 138 131 53 81 112 112 79 52 75 130 39 90 100 77 104 35 110 101 91 139 54 35 93 127 130 94 147 192 78 71 116 29 36 52 159 101 150 154 147 15 132 10 93 170 34 118 77 68 134 112 130 65 101 93 19 27 94 102 70 96 
73 67 107 98 98 126 125 92 53 44 86 104 192 108 64 185 158 162 86 125 99 104 90 66 111 122 176 168 153 98 67 180 110 114 120 80 169 112 170 67 23 116 100 109 51 80 105 128 126 44 30 128 90 70 58 95 150 158 67 79 62 53 97 157 86 100 122 44 113 116 161 95 97 110 84 113 103 157 94 133 60 78 101 57 137 153 112 147 149 92 72 110 107 89 139 47 
123 97 130 166 87 46 94 90 100 77 106 58 139 142 152 142 127 99 114 85 84 103 134 91 104 76 66 136 31 80 181 114 84 36 104 115 25 86 134 24 139 148 41 118 71 134 49 36 109 81 78 76 102 104 126 37 133 110 97 121 158 147 103 67 130 93 87 42 40 29 113 123 98 98 150 152 99 34 154 74 68 112 32 85 77 126 126 112 82 145 69 137 130 100 77 83 
110 148 87 21 40 63 62 90 139 95 106 136 98 78 43 44 126 109 126 111 127 136 95 112 102 129 116 152 171 148 84 117 89 82 90 161 90 86 94 179 65 20 91 136 98 134 64 40 103 80 31 100 115 168 46 110 20 152 106 81 76 68 93 118 68 121 90 105 59 91 180 53 145 177 96 85 97 98 77 181 78 70 23 100 20 17 87 0 155 171 53 100 184 173 120 111 
150 60 173 170 138 117 67 21 86 92 69 87 97 108 135 88 134 164 83 49 45 78 32 95 159 74 110 32 141 90 115 160 110 32 93 182 136 156 148 101 73 68 88 184 135 41 102 164 102 106 33 144 88 125 153 66 74 98 89 51 113 75 163 171 139 104 61 104 136 173 131 125 88 141 56 59 41 182 118 84 158 79 110 108 78 37 135 41 136 161 101 121 61 53 118 99 
176 120 84 150 167 130 74 136 80 96 37 113 91 99 102 128 157 130 74 95 186 60 137 154 63 67 117 100 120 80 62 92 148 54 98 75 111 106 20 153 141 71 117 73 118 90 101 81 73 105 189 165 33 70 44 182 120 83 168 151 169 170 126 96 182 134 154 24 121 69 36 49 59 117 68 180 59 80 128 128 126 147 169 69 91 61 121 76 140 73 102 72 69 148 41 32 
139 193 142 128 34 131 80 112 74 75 73 50 173 98 87 183 147 157 106 167 137 129 119 166 158 100 113 16 124 56 37 106 29 149 147 137 16 148 55 74 97 104 47 60 97 86 87 41 174 58 131 31 64 76 110 31 148 147 143 120 62 171 55 89 76 142 77 162 82 64 163 60 74 171 167 110 104 147 106 86 66 140 53 121 94 66 192 130 139 40 17 176 80 98 130 49 
104 95 108 116 159 41 103 105 57 146 87 69 83 83 35 58 148 72 83 171 53 175 94 112 119 88 135 159 84 119 90 94 197 80 125 174 35 65 46 110 169 119 73 167 106 164 45 119 99 128 152 67 99 53 115 63 57 34 114 103 18 191 63 89 23 55 149 77 87 37 148 42 73 101 100 90 69 45 90 127 106 69 68 18 58 57 119 81 177 147 155 50 78 128 38 156 
112 162 104 67 111 108 91 137 109 117 114 136 70 90 80 8 99 163 97 73 127 63 150 119 82 140 59 122 75 52 129 37 154 79 177 85 100 65 62 84 107 42 150 126 119 38 102 83 150 93 110 120 176 150 198 112 46 62 152 185 139 168 109 119 192 189 44 33 98 51 49 164 81 155 64 76 70 137 144 38 63 72 12 75 30 93 146 87 42 105 88 147 35 80 105 129 
124 142 103 179 101 31 102 133 64 79 160 122 175 90 100 21 86 148 120 74 81 98 104 103 28 136 101 179 46 113 38 64 57 99 63 147 136 111 127 81 182 68 106 101 169 57 98 157 109 104 98 42 180 87 86 45 107 158 96 94 89 138 86 100 44 87 90 119 131 160 52 94 145 85 16 114 71 70 52 111 178 90 100 18 101 83 73 23 42 111 105 70 104 95 186 64 
145 126 92 91 93 153 113 172 74 60 54 62 111 105 38 168 172 125 136 57 64 133 74 167 123 180 42 144 68 172 54 122 95 131 103 122 198 146 31 60 89 44 154 63 177 59 63 109 122 80 168 93 119 86 49 115 69 123 119 76 57 96 98 127 96 93 83 83 152 82 106 164 66 41 39 113 139 80 113 105 153 100 11 81 66 34 63 46 147 117 99 137 127 117 70 108 
123 78 163 123 160 118 138 106 124 97 18 124 133 95 105 18 156 154 121 166 106 198 80 93 90 100 119 10 154 14 31 89 23 88 115 87 108 82 98 73 44 138 28 57 90 129 151 100 80 120 103 56 88 66 176 26 61 168 117 115 70 62 74 105 48 32 79 133 135 54 105 94 87 76 84 66 35 79 19 105 92 85 93 138 85 122 113 57 117 105 163 98 146 146 98 107 
87 96 110 64 97 92 30 115 108 55 50 125 95 101 79 104 106 118 143 79 54 126 126 132 84 36 73 67 101 70 68 133 168 60 113 77 94 86 117 60 135 51 139 71 141 91 101 90 146 16 56 171 56 169 92 150 77 134 91 88 123 94 171 99 76 37 81 117 58 66 177 152 182 106 143 89 104 119 26 83 78 28 70 80 91 110 96 98 145 58 126 85 29 54 173 87 
86 146 142 141 170 123 66 158 52 48 143 94 99 113 54 77 67 106 66 90 153 120 132 24 98 73 62 143 115 135 93 116 84 76 106 67 95 120 79 53 120 98 103 62 52 130 161 148 156 115 81 66 90 103 78 96 101 86 39 164 150 180 67 56 72 121 110 177 19 136 121 24 127 104 172 100 195 92 97 119 104 81 118 192 114 96 89 43 96 47 46 97 22 121 74 79 
80 104 113 32 89 137 132 181 85 125 97 91 116 80 71 67 127 89 81 78 164 56 67 113 16 60 111 58 128 43 168 83 131 183 137 130 128 118 163 36 57 114 52 82 56 121 101 118 93 124 45 54 78 184 61 123 25 157 47 151 141 49 97 86 88 84 182 143 141 84 117 155 92 122 121 68 187 63 70 25 23 74 104 72 62 122 33 138 106 100 46 84 125 110 28 59 
94 78 113 29 103 179 158 114 89 33 80 92 54 63 71 136 20 116 133 132 38 67 20 115 53 64 125 42 73 46 124 66 113 76 60 112 37 91 130 172 153 119 81 40 30 83 90 112 20 157 41 110 88 89 117 118 82 126 137 37 52 12 101 95 118 135 69 75 46 105 129 69 64 92 157 116 78 136 74 143 84 57 122 174 123 124 88 38 25 157 78 119 121 112 86 141 
66 118 111 72 90 124 24 35 64 98 80 98 78 71 134 90 151 98 96 80 91 99 139 82 118 104 102 64 51 90 108 123 39 183 41 71 48 39 36 132 168 64 122 88 46 19 53 84 169 63 96 90 92 45 83 27 60 73 180 65 65 23 84 58 60 191 44 77 68 178 62 82 190 135 96 50 93 49 107 180 106 88 56 192 123 111 106 162 172 156 133 125 156 49 125 104 
125 151 54 113 139 3 77 93 108 44 54 103 147 62 139 100 61 144 42 116 26 60 89 115 131 78 180 78 58 23 43 133 42 119 17 153 151 115 124 93 110 86 104 127 135 125 101 142 86 70 86 80 163 175 90 111 130 21 159 37 117 108 88 143 74 128 126 149 138 105 165 83 98 92 149 82 53 93 114 110 112 121 136 78 82 122 66 197 117 40 132 123 96 147 152 158 
153 122 97 114 122 73 79 125 82 102 129 159 164 163 124 45 49 103 68 148 131 161 139 52 63 50 96 85 83 78 86 58 57 81 86 106 124 52 83 87 74 64 121 118 167 69 6 117 124 73 109 101 11 137 22 87 85 44 81 165 94 136 95 132 74 104 90 70 29 143 102 132 97 161 15 121 74 117 166 75 124 141 83 193 37 52 168 29 100 152 105 184 137 155 38 8 
36 149 59 59 32 79 21 71 33 70 125 119 93 173 44 111 127 92 35 137 159 104 102 60 116 101 138 165 145 100 62 84 65 118 138 77 7 136 96 90 106 127 78 121 53 92 127 91 122 101 72 182 123 107 75 120 100 59 139 26 85 138 174 34 51 91 53 142 43 155 114 130 58 41 121 81 87 176 77 45 13 60 138 94 14 74 126 130 93 43 57 130 65 25 93 88 
78 118 23 113 87 64 148 100 168 154 56 183 64 79 16 124 93 83 107 71 66 147 91 177 139 109 102 106 31 139 89 131 51 91 97 47 120 110 31 130 132 38 113 79 98 125 126 54 110 95 107 120 122 96 187 34 114 72 41 126 82 109 162 99 93 135 128 52 85 146 19 68 125 128 122 160 163 111 65 110 186 167 131 132 82 76 66 82 149 172 82 106 140 77 97 122 
73 61 177 122 111 108 21 119 53 136 60 133 84 118 48 120 61 111 145 137 33 100 84 80 42 141 174 134 35 94 72 198 131 92 29 97 95 94 26 97 117 89 114 29 127 137 71 127 37 63 123 50 147 80 135 102 132 126 86 84 106 96 59 56 136 76 16 117 112 25 108 122 140 108 67 94 132 112 62 133 141 112 124 93 36 95 18 59 106 122 94 94 114 131 85 82 
164 104 146 152 127 136 113 185 78 102 57 123 137 98 49 91 12 51 123 141 31 148 118 99 176 90 119 108 122 110 120 64 109 136 185 78 65 107 114 97 84 50 74 27 77 62 53 40 155 41 59 112 151 62 124 49 58 87 146 42 137 136 133 100 20 128 139 125 55 126 112 39 145 88 74 87 74 130 110 125 67 99 123 125 41 125 172 131 138 85 62 92 138 144 64 92 
29 128 116 76 75 140 76 132 53 125 113 130 188 123 43 102 15 71 60 168 159 77 83 85 44 61 134 107 88 32 14 159 70 116 105 52 39 49 77 56 163 144 145 50 77 133 107 31 73 92 156 65 165 31 190 66 63 107 124 169 112 87 137 90 123 80 127 63 125 112 61 5 141 138 28 112 78 52 149 173 130 52 115 81 136 26 21 114 83 113 112 67 139 27 21 73 
105 103 64 22 160 129 156 108 98 134 102 146 86 42 93 99 43 171 191 70 127 47 48 69 85 122 134 41 154 121 114 61 72 106 77 93 131 114 68 107 99 132 69 3 139 124 152 111 71 120 126 82 162 95 33 166 141 66 175 179 110 100 83 37 84 83 34 109 148 138 41 31 80 75 135 27 109 166 39 181 161 157 61 91 157 35 55 70 52 121 74 109 55 58 22 85 
103 103 91 152 130 87 87 117 144 124 183 79 108 81 50 200 46 44 79 82 110 84 71 110 185 101 89 148 127 130 51 24 16 62 95 164 128 37 127 65 64 97 80 178 49 82 89 106 166 119 104 75 93 79 90 81 110 130 118 23 104 23 145 128 95 108 116 25 162 135 38 58 81 46 62 82 113 76 121 122 95 68 45 101 109 26 32 157 100 96 138 109 46 98 86 95 
107 78 124 88 67 75 150 115 140 118 135 101 54 55 77 75 22 152 56 49 33 53 63 63 35 114 113 104 171 45 113 170 70 71 145 159 153 44 91 174 63 104 123 100 102 106 47 111 146 160 163 86 119 197 143 18 175 100 163 120 110 69 98 84 115 97 110 159 106 173 168 134 78 114 133 65 139 99 159 149 67 142 81 53 133 120 92 105 163 80 39 122 76 93 155 171 
93 108 96 135 51 155 50 77 117 29 13 162 67 100 84 120 95 105 60 94 81 34 118 115 171 47 117 84 32 140 104 71 143 129 68 71 119 6 104 40 64 112 82 54 111 143 153 25 87 106 114 43 118 137 69 45 111 120 146 110 94 96 178 112 135 177 121 84 105 36 70 107 101 150 13 172 67 22 75 48 120 73 106 48 36 10 13 99 41 40 114 133 172 74 120 109 
62 137 117 83 80 97 95 56 102 163 77 78 41 134 185 179 84 73 47 120 138 153 105 82 93 112 139 23 126 31 139 118 171 46 13 64 102 44 25 80 44 79 99 107 91 96 171 71 184 134 35 133 88 68 34 122 135 170 135 23 101 102 94 173 84 90 151 77 139 66 165 132 49 47 94 54 33 89 78 100 16 116 108 8 151 125 75 106 40 67 135 56 178 153 28 78 
135 81 76 55 19 125 52 43 103 143 113 97 125 117 120 152 87 82 106 146 40 13 132 120 96 75 152 85 19 119 26 56 72 68 38 146 123 172 156 149 36 119 90 57 110 59 59 161 97 91 27 117 106 113 71 41 82 95 199 136 133 110 100 125 70 102 99 75 93 14 87 112 3 97 181 139 55 18 136 175 40 103 79 150 46 182 186 161 101 77 5 87 133 111 106 125 
109 51 78 114 123 135 75 86 132 127 82 128 135 106 106 136 184 119 102 151 114 86 146 71 154 135 139 151 5 58 54 110 163 86 137 72 60 166 51 86 117 85 64 106 118 90 118 128 118 71 87 173 104 130 93 82 36 57 120 97 64 73 70 87 99 100 65 169 113 90 131 60 59 168 96 154 75 113 150 24 88 107 78 102 101 153 102 22 26 159 78 133 126 81 67 109 
42 78 153 128 169 133 97 121 97 160 157 67 114 89 107 173 127 63 108 88 109 102 78 151 142 48 127 36 65 115 101 90 66 157 156 78 153 116 45 154 113 145 66 10 137 149 180 125 167 48 19 104 84 58 59 24 66 79 100 79 88 93 128 65 133 65 100 109 180 98 92 137 129 132 74 98 114 178 24 100 142 98 126 167 55 122 35 76 19 81 102 119 115 116 90 70 
89 143 78 100 66 124 169 90 99 59 82 137 52 144 150 104 175 98 174 105 157 24 60 165 100 106 102 118 21 49 163 60 112 189 51 98 121 108 111 34 14 73 43 65 151 12 170 104 128 89 86 87 160 84 55 90 88 113 99 123 19 106 66 80 152 75 60 102 88 147 102 141 38 64 89 118 86 58 48 105 112 43 77 83 21 130 108 129 166 115 87 75 168 19 138 134 
146 78 186 66 59 74 59 139 19 109 154 108 96 45 65 92 171 117 136 56 122 40 145 161 114 44 134 158 133 31 113 80 76 80 33 97 109 55 157 52 82 104 43 66 91 104 125 76 154 130 76 105 138 179 108 99 184 155 22 72 61 167 73 142 102 57 46 101 81 74 164 40 104 107 16 105 168 84 85 180 82 42 129 92 57 152 72 112 60 25 39 71 111 70 99 131 
141 170 55 148 133 57 52 48 160 32 63 75 122 113 139 39 108 127 80 48 59 114 72 43 141 107 100 94 55 103 79 75 52 74 132 159 156 25 72 147 8 61 166 59 125 39 156 122 58 83 81 165 58 127 105 81 128 45 35 51 128 140 77 137 161 90 46 166 83 103 114 117 156 139 72 33 91 39 145 58 44 69 133 47 179 130 17 84 121 52 132 180 39 137 103 74 
138 41 89 122 113 49 99 72 141 93 78 62 39 140 152 136 105 105 94 66 100 104 100 89 173 95 97 136 79 148 91 128 40 67 135 119 69 108 115 142 91 87 51 31 2 71 68 149 67 36 88 95 145 132 158 55 97 98 143 64 95 175 6 182 132 77 66 191 87 195 110 184 118 143 113 154 11 168 117 20 84 133 137 124 80 16 66 130 90 131 103 140 101 148 88 114 
101 101 179 128 15 49 100 41 64 95 113 78 106 47 111 150 62 98 63 122 115 98 123 105 145 34 37 119 172 127 124 102 85 48 90 90 12 177 29 113 143 136 131 141 89 82 121 106 1 128 100 182 98 59 59 125 104 101 42 64 100 160 56 97 42 73 38 88 87 48 83 85 32 99 140 35 64 124 124 177 34 83 81 139 117 119 122 102 67 132 177 99 14 19 76 86 
60 53 76 16 77 121 109 101 65 88 85 61 180 32 75 98 166 139 121 113 11 104 147 167 186 25 174 85 91 118 152 101 105 122 83 156 53 159 139 82 110 95 121 142 113 163 154 157 70 134 141 74 60 84 78 79 144 70 28 77 29 71 75 97 89 112 72 123 141 81 122 95 135 82 108 95 49 78 103 59 125 76 115 175 173 119 65 58 72 111 62 122 49 152 101 76 
47 178 80 106 51 61 19 74 88 173 56 52 52 55 169 98 165 69 111 83 69 88 102 93 122 43 83 118 106 150 18 96 36 95 34 60 90 97 109 55 79 93 150 144 116 105 130 118 142 166 164 119 184 85 88 93 39 58 111 51 73 150 134 127 100 159 138 109 154 72 152 100 124 101 73 93 106 131 152 109 64 45 110 87 133 171 80 42 126 108 42 131 158 132 56 80 
92 90 81 18 27 100 112 67 118 155 79 188 79 52 139 146 100 50 171 101 94 45 76 78 70 100 94 103 44 179 161 51 95 99 182 37 65 117 50 97 72 119 136 51 171 16 65 73 122 187 28 155 54 170 145 86 117 111 68 159 79 68 104 122 121 8 120 165 108 106 172 96 145 10 142 164 71 55 147 74 74 129 128 55 63 34 103 170 73 139 136 38 114 25 37 113 
65 114 99 27 83 43 64 106 86 148 68 74 99 110 114 143 59 81 55 132 81 105 148 134 86 122 151 146 34 68 110 91 113 125 113 132 166 21 151 64 97 110 88 113 82 110 106 108 165 126 138 157 120 129 60 28 158 151 108 124 79 130 94 175 174 93 150 189 118 77 157 138 127 161 174 23 39 20 160 70 75 78 135 17 113 95 112 22 131 65 23 130 62 151 111 65 
190 164 70 39 168 72 59 94 75 30 69 181 65 107 112 110 30 177 69 119 35 174 107 108 29 84 194 116 122 106 77 75 92 111 182 38 78 128 53 64 50 122 130 86 185 48 139 33 144 100 43 47 140 96 87 64 90 65 94 125 71 100 145 78 11 124 134 133 112 79 143 111 171 70 141 150 96 98 83 135 91 135 79 82 127 181 106 188 95 143 90 108 119 80 148 128 
143 79 129 162 138 75 86 87 32 146 78 122 90 62 107 171 80 131 105 109 59 19 154 152 127 108 104 152 135 53 54 113 158 50 104 115 48 42 26 135 179 111 85 166 91 79 68 156 138 126 156 113 37 127 19 142 168 113 181 104 97 111 13 138 108 171 28 139 78 75 58 119 117 164 183 57 68 133 152 47 145 125 146 73 80 141 113 161 39 30 125 195 142 121 129 52 
30 85 80 160 36 45 161 75 103 159 147 89 120 124 109 48 124 175 130 123 28 17 115 92 96 76 76 152 61 58 70 75 33 19 131 116 100 142 136 144 115 101 163 114 17 103 164 74 102 159 90 158 108 99 70 82 115 65 92 143 98 57 66 102 53 59 158 30 105 88 123 75 128 98 114 140 81 176 111 95 78 115 101 114 37 117 179 135 78 89 105 72 37 117 57 65 
106 136 101 64 44 117 113 122 81 113 50 81 127 118 70 112 71 151 93 188 55 119 125 106 92 36 101 63 138 185 109 115 107 75 59 111 27 87 94 77 66 61 127 94 146 124 98 73 82 70 147 145 43 107 96 182 145 123 120 67 89 111 60 35 65 80 38 101 124 73 167 129 54 134 100 28 22 37 173 147 129 53 154 164 144 148 116 103 132 111 106 71 102 1 29 89 
43 34 51 46 107 31 101 81 84 92 62 66 115 117 133 153 36 124 64 49 119 90 158 48 116 191 43 150 118 117 77 65 73 104 122 167 47 4 131 88 74 17 134 64 34 89 162 4 91 132 90 153 38 95 124 40 113 98 46 111 121 33 141 170 155 56 102 172 112 150 5 98 80 25 57 21 115 122 80 59 113 145 81 136 71 67 38 107 119 71 87 116 76 119 139 177 
153 79 54 133 147 96 63 78 146 112 41 103 40 145 99 56 151 173 41 103 90 173 80 162 69 57 70 157 140 171 45 141 168 80 120 77 143 147 55 58 70 8 90 69 74 92 149 89 139 93 37 128 87 46 166 161 94 16 138 60 101 69 134 47 93 194 100 108 65 168 191 61 148 48 160 171 191 67 16 159 109 149 93 26 111 147 146 99 128 97 61 88 77 123 75 84 
129 38 12 59 65 139 134 80 43 74 113 101 105 133 99 100 55 123 116 141 176 132 111 58 70 107 122 98 121 92 100 77 154 37 94 124 84 78 69 126 78 29 85 106 89 47 114 113 120 25 116 98 143 165 169 83 74 40 172 178 140 164 110 128 143 103 94 72 133 142 43 114 121 159 157 92 88 48 58 61 30 80 79 129 95 51 135 74 146 17 94 59 104 86 13 84 
107 107 72 123 174 102 40 115 147 45 81 107 80 103 86 61 59 93 63 120 147 140 75 89 144 134 129 141 58 90 38 25 130 103 41 67 88 93 74 180 152 61 91 24 114 9 100 167 38 123 127 110 108 95 162 104 53 69 119 100 49 58 56 188 88 107 187 102 82 163 117 51 85 57 63 109 163 109 28 108 131 108 72 80 106 66 120 175 116 92 127 73 115 157 101 89 
183 128 63 118 49 96 98 61 96 162 113 125 138 107 52 101 35 123 42 147 72 152 99 55 137 118 115 117 31 115 170 100 53 96 154 88 93 119 91 93 176 139 124 103 148 59 193 115 41 47 146 36 11 93 98 77 52 149 60 48 21 101 180 141 156 130 22 179 54 85 71 30 88 89 102 80 72 53 47 115 38 96 27 107 56 116 122 56 97 116 53 83 43 126 55 102 
60 21 41 49 101 82 139 19 134 128 125 97 105 119 87 50 38 127 109 22 48 172 99 94 147 88 135 119 39 31 116 56 66 117 125 86 144 109 94 160 74 108 92 52 45 100 121 126 77 93 104 142 159 95 131 122 42 85 121 144 24 82 93 44 97 82 104 29 93 87 134 121 171 62 82 91 166 42 90 97 149 115 136 123 28 94 58 170 46 136 101 147 89 104 175 86 
33 107 107 109 144 95 93 95 94 170 112 43 115 189 111 138 73 121 73 165 61 123 35 136 111 105 30 78 21 99 61 97 122 117 104 98 93 62 81 57 29 30 101 88 133 74 26 126 169 147 168 163 139 143 122 62 69 125 125 108 111 90 90 107 97 60 93 120 48 109 109 72 85 10 103 88 77 106 98 99 88 13 38 165 115 117 134 27 35 82 69 153 127 94 90 74 
38 53 146 111 109 98 135 151 148 111 168 118 106 133 166 105 86 129 78 103 91 123 116 76 72 92 98 97 92 123 31 116 124 180 90 31 126 63 74 127 65 97 89 97 84 60 17 98 186 36 45 59 153 72 21 99 90 118 116 114 160 64 76 40 100 134 144 83 85 43 71 149 106 32 110 35 17 152 108 81 102 124 139 121 104 78 131 140 112 144 85 106 88 100 160 111 
108 48 140 67 158 117 29 115 91 42 127 73 147 133 123 112 108 43 120 125 53 129 34 169 123 17 124 167 150 112 114 40 115 169 81 154 120 90 107 125 62 82 94 96 102 65 69 143 60 120 131 74 106 66 7 162 124 56 172 103 14 177 68 29 44 83 88 128 57 68 158 93 72 144 100 95 116 145 191 37 81 108 145 99 70 86 135 26 96 133 65 14 61 96 152 85 
135 154 132 191 79 147 172 51 78 65 102 176 113 2 98 106 31 100 97 62 122 130 147 38 153 157 92 40 59 135 74 176 77 152 74 130 139 93 149 113 54 133 69 124 65 88 139 92 18 78 72 121 84 132 58 105 70 163 141 55 74 119 119 136 71 43 136 97 95 59 91 127 131 79 117 71 144 105 92 121 93 108 34 62 12 162 34 125 139 91 99 99 157 93 20 172 
126 89 113 95 137 135 95 46 73 107 68 82 107 120 69 55 118 102 54 135 141 63 177 49 96 68 104 85 71 88 29 72 36 173 156 98 166 108 147 112 109 139 50 73 74 107 75 78 116 119 80 116 126 88 88 141 32 86 133 90 66 128 57 77 164 129 87 30 88 60 115 97 164 80 86 43 60 168 123 106 84 103 94 85 96 102 109 79 80 125 127 103 119 53 103 161 
69 73 81 20 43 108 116 60 58 75 112 166 115 67 39 131 74 61 28 83 81 113 66 43 52 34 106 31 72 67 108 50 78 158 160 99 54 98 170 85 113 104 54 147 84 91 53 24 104 96 49 68 78 47 153 39 118 72 188 131 35 119 145 13 117 170 161 110 132 133 77 101 139 146 75 47 137 37 152 49 40 165 126 33 88 83 122 77 72 55 56 78 137 82 36 57 
130 51 135 177 147 40 55 75 122 62 22 129 21 160 110 43 40 54 51 33 58 101 111 92 85 134 103 126 9 165 83 49 111 99 80 56 7 45 97 178 120 100 103 144 129 142 77 104 109 178 134 62 86 143 149 70 130 40 135 108 110 39 15 168 86 103 50 51 78 54 147 106 25 137 125 111 127 89 60 65 120 66 159 83 147 113 76 165 50 101 81 188 90 7 10 122 
