41 4 64 63 75 18 7 79 90 27 25 63 40 3 7 49 68 78 29 34 78 76 4 19 86 79 39 2 72 57 16 73 71 32 33 11 31 41 48 11 60 23 8 35 37 12 49 31 48 60 33 96 29 5 4 89 93 40 79 80 98 91 26 50 3 12 77 68 86 39 61 74 100 98 30 93 23 61 73 98 69 30 28 18 99 58 95 78 6 6 37 2 19 43 80 61 68 56 
83 36 91 21 92 6 66 76 1 46 36 49 28 49 98 52 56 4 11 43 73 56 99 58 37 69 95 61 1 77 64 11 41 50 70 56 25 6 16 70 98 4 43 35 3 7 80 43 98 17 53 84 41 24 78 17 50 7 97 11 29 28 60 30 31 98 95 63 61 61 18 60 79 99 50 99 67 60 22 85 94 79 42 5 83 26 19 46 4 82 1 32 59 13 67 77 22 3 
77 31 96 96 49 98 67 43 70 29 86 55 13 36 98 85 81 47 53 31 83 37 58 57 62 46 73 4 22 7 54 64 29 1 95 32 5 92 34 33 22 85 30 51 44 18 50 5 5 43 62 83 60 36 70 43 63 55 61 77 32 40 4 15 25 13 86 71 74 67 15 56 63 8 96 28 9 69 77 95 15 23 96 82 47 3 35 12 91 66 20 99 66 45 74 94 54 30 
57 52 27 49 91 75 25 19 38 44 47 47 58 35 27 69 96 33 36 93 69 41 70 68 99 70 6 95 59 30 11 24 54 21 30 55 89 26 41 54 32 92 16 2 62 70 73 5 63 14 83 31 73 66 76 84 21 45 77 56 0 68 48 65 14 40 28 14 87 66 93 53 81 95 57 66 73 87 74 18 51 55 96 57 22 45 38 6 20 25 40 91 48 70 0 83 13 54 
41 42 33 82 5 90 44 52 33 26 56 86 99 37 11 91 43 35 27 38 37 53 27 88 33 24 89 63 82 37 97 52 22 7 94 6 60 81 15 29 77 1 16 67 83 60 98 74 66 60 27 35 48 30 80 14 35 12 68 73 47 51 88 82 11 7 86 93 86 60 35 71 88 58 64 18 92 73 92 93 59 28 62 33 84 74 58 13 37 36 19 84 3 25 14 71 90 33 
86 75 75 58 88 87 2 53 52 27 45 48 21 76 46 68 33 62 52 17 70 12 84 99 73 46 100 77 37 20 48 40 51 7 71 63 98 26 60 22 64 97 36 29 88 53 11 26 63 7 85 65 54 97 85 61 48 16 94 39 64 28 95 34 72 12 23 99 78 25 93 31 35 69 91 58 25 35 54 43 77 36 18 98 34 27 24 73 27 62 91 11 17 90 58 37 89 51 
18 53 57 22 86 56 18 20 64 24 2 18 57 96 22 75 34 55 46 32 95 39 9 10 14 75 92 48 18 27 96 26 61 37 22 99 58 36 84 23 9 90 58 78 37 31 70 100 29 14 91 63 93 51 71 1 100 97 96 73 47 40 19 31 3 85 80 79 90 39 80 23 18 27 31 18 75 0 38 31 47 36 47 72 60 36 78 80 6 2 66 66 9 32 100 57 96 32 
90 87 82 56 15 56 21 96 49 54 100 80 4 45 41 97 5 70 53 4 8 11 71 66 81 46 93 62 21 18 25 8 39 11 80 49 5 62 1 54 68 9 15 37 41 34 26 57 42 26 24 70 39 47 92 98 91 0 48 13 55 48 0 2 95 100 10 95 26 88 13 86 92 33 8 88 4 17 67 99 43 72 53 63 29 45 24 99 41 22 47 59 18 86 64 58 46 94 
92 55 25 33 39 12 51 73 99 23 27 84 50 6 6 53 45 63 63 55 66 4 94 94 27 20 76 26 63 58 95 84 92 33 98 51 36 0 27 85 78 48 5 50 33 37 95 66 34 58 36 81 89 13 8 2 89 61 74 31 94 73 37 35 4 89 69 100 57 10 98 4 51 58 73 53 52 21 62 37 37 64 98 42 62 84 34 52 87 42 60 88 73 78 36 93 14 60 
55 9 98 100 56 55 45 55 53 68 50 82 44 50 31 53 90 44 22 34 69 1 0 31 36 94 73 61 6 43 57 35 44 54 94 32 33 78 40 18 73 96 86 83 21 77 3 11 97 83 33 84 66 71 76 100 3 73 88 96 21 97 30 61 65 84 10 49 49 37 40 31 43 10 60 95 33 34 78 51 11 1 9 53 22 4 11 21 42 77 17 83 30 68 20 68 43 56 
25 59 54 9 77 34 23 84 64 64 42 18 61 36 40 51 100 46 67 32 35 76 45 0 21 99 6 22 37 69 41 72 25 0 96 84 14 98 93 52 49 14 41 62 9 7 54 17 55 67 4 75 38 39 100 67 61 21 66 31 53 76 81 95 45 19 20 22 67 48 71 9 81 64 48 1 5 95 14 91 21 36 90 22 83 9 63 29 41 42 5 74 69 31 68 54 60 15 
87 3 80 61 3 37 69 48 33 10 97 4 97 7 29 52 31 81 23 69 85 61 39 96 57 35 100 66 60 70 4 10 78 86 46 75 86 70 49 10 89 89 2 7 37 92 15 2 15 97 83 94 64 91 90 96 14 19 9 97 92 18 1 62 69 59 68 49 84 32 33 16 54 12 18 41 99 2 32 19 47 59 97 94 18 28 61 71 3 50 75 88 83 31 10 9 90 7 
1 84 71 29 29 27 23 15 0 92 11 29 81 100 51 52 75 11 9 30 5 13 8 53 96 12 38 96 10 62 16 38 74 20 52 97 57 19 19 80 90 94 56 31 52 87 30 90 60 26 41 85 70 39 74 8 75 88 5 94 73 2 49 84 91 41 67 59 60 23 79 24 98 15 69 7 74 18 72 39 66 79 91 0 94 51 95 94 6 85 35 19 51 55 41 34 40 75 
78 51 9 13 66 50 95 71 82 29 94 35 42 39 67 57 4 49 31 33 37 78 52 68 20 81 88 75 1 69 37 33 74 25 6 89 56 80 78 19 55 34 7 14 63 68 55 94 44 89 96 0 72 23 98 22 50 12 32 91 7 6 57 38 25 6 83 46 19 13 25 79 24 95 87 27 58 46 76 51 0 56 93 94 35 90 56 7 78 56 79 26 91 32 44 98 100 33 
71 19 3 62 30 41 83 79 86 89 96 89 2 61 34 53 24 27 29 4 62 30 69 92 62 89 59 66 53 46 63 6 66 9 76 68 3 6 24 55 2 93 3 56 87 79 59 99 48 18 80 77 93 60 27 34 11 73 88 89 92 17 2 33 53 57 75 78 88 54 86 82 15 27 48 94 13 11 10 33 8 79 36 33 85 15 26 25 35 50 12 71 55 28 1 69 34 71 
11 57 25 59 76 41 14 53 98 51 54 94 69 44 100 66 44 56 8 68 26 97 7 11 73 83 79 50 55 57 83 98 52 63 5 75 47 7 26 31 55 55 87 55 20 93 15 31 99 81 11 90 95 92 7 13 14 78 25 49 30 55 80 89 44 18 29 59 5 58 91 64 23 48 44 1 81 25 77 27 87 76 32 100 68 28 34 13 74 6 84 41 86 14 41 57 2 92 
1 24 11 13 27 52 23 82 33 14 100 10 0 63 69 91 78 10 29 23 77 89 80 86 89 54 91 53 80 29 0 20 47 63 100 81 68 49 49 89 93 29 2 75 26 24 63 20 79 76 41 59 25 22 93 13 57 86 43 8 78 36 93 2 26 63 50 29 79 9 45 43 1 63 54 76 20 55 77 36 33 70 3 33 92 58 60 41 45 60 47 59 81 16 56 57 42 81 
19 92 1 32 62 60 22 34 10 19 77 51 82 92 11 27 24 42 59 68 76 41 37 77 43 56 98 54 37 45 91 63 20 85 82 55 95 74 0 0 73 78 24 2 69 34 37 13 51 82 15 60 2 40 29 9 87 37 34 3 41 1 54 86 64 90 38 13 24 94 73 76 50 0 94 23 99 60 73 19 72 38 2 76 98 29 8 28 3 38 39 36 93 72 10 90 38 60 
4 62 56 67 12 81 83 53 89 100 89 65 23 55 62 21 23 1 72 97 85 63 94 91 71 25 69 67 35 81 58 85 18 100 65 17 80 35 98 100 30 67 10 36 90 48 96 46 7 20 22 38 15 78 36 95 47 85 12 19 12 47 78 46 68 74 78 78 97 88 10 32 43 19 88 98 31 72 26 56 80 94 5 60 65 84 8 80 81 58 61 46 56 1 35 94 50 84 
66 22 20 40 86 31 23 32 69 67 10 68 54 23 94 84 1 82 98 100 14 2 23 8 90 95 97 96 82 47 32 94 87 30 21 52 18 84 21 78 31 8 10 41 90 81 37 74 86 15 2 36 58 43 41 3 12 25 90 63 52 19 7 88 14 85 70 7 31 1 13 84 83 27 91 32 93 31 81 32 4 42 50 87 17 68 38 34 83 52 67 76 48 3 91 39 71 15 
71 65 84 49 10 42 15 54 54 29 39 1 71 69 11 13 17 47 42 27 100 18 52 33 60 57 29 84 30 35 27 4 69 4 4 35 84 9 47 40 49 1 31 94 1 38 82 54 72 31 42 9 90 17 24 48 35 54 57 71 44 12 73 11 10 84 19 45 27 95 11 83 73 79 49 36 62 77 82 60 63 2 44 37 20 51 71 6 49 61 69 15 73 6 80 22 41 15 
21 77 51 9 51 16 29 64 62 45 21 90 60 20 24 56 2 51 83 96 22 29 99 31 26 74 9 25 47 57 19 90 53 11 94 84 81 83 22 61 23 99 92 91 0 55 78 34 43 28 73 20 33 95 87 36 33 85 55 62 49 36 2 91 23 19 88 92 62 82 28 13 4 12 45 95 24 75 94 40 57 93 49 53 78 70 48 22 86 1 59 23 84 63 91 24 19 94 
82 57 73 44 60 69 74 67 48 49 92 77 3 92 89 83 75 2 88 27 1 27 7 1 1 34 20 60 4 2 63 42 60 5 27 44 29 76 87 96 70 94 66 68 72 29 52 96 6 54 19 75 78 27 35 67 57 54 1 5 64 12 83 87 10 80 14 24 32 88 16 92 57 5 97 11 0 57 47 13 43 10 64 41 83 50 90 48 76 25 60 2 44 17 37 80 99 33 
92 91 33 98 13 47 16 29 31 68 43 61 26 23 80 48 1 66 43 32 85 31 51 48 6 95 4 76 84 54 61 23 68 31 47 20 75 35 88 100 55 39 55 34 43 46 27 40 4 75 82 33 71 76 39 22 36 69 84 10 29 77 49 31 66 34 18 21 55 42 37 18 20 87 18 56 87 94 86 44 12 4 90 16 37 79 49 92 38 33 4 57 28 41 59 12 97 75 
26 2 32 92 24 73 17 3 97 63 97 13 41 38 43 100 66 18 44 99 11 86 1 44 97 50 63 70 27 93 22 19 0 25 99 89 75 9 20 85 74 3 6 67 88 90 64 26 26 7 35 55 12 75 24 64 88 52 49 52 47 57 1 40 13 2 71 86 75 27 5 13 96 88 14 37 8 84 45 39 17 31 70 81 7 62 35 85 74 100 82 46 81 84 60 58 37 65 
6 31 65 26 16 11 97 69 49 46 5 12 48 90 79 68 71 20 47 45 81 29 80 39 23 99 79 21 51 42 8 90 95 54 94 19 51 80 69 51 44 86 42 54 98 66 69 100 67 73 39 96 0 19 60 100 93 81 24 85 97 85 76 94 30 31 35 8 98 4 72 81 51 65 35 87 8 92 82 83 53 57 42 80 55 8 20 70 70 23 0 60 77 46 48 12 65 8 
37 86 85 78 53 52 92 3 26 7 37 33 13 71 85 59 42 64 32 86 37 72 79 100 79 30 33 77 79 42 61 72 53 73 66 97 74 100 3 78 19 30 13 24 98 3 51 94 99 47 87 61 3 5 57 96 74 92 60 59 10 19 63 45 25 17 12 79 95 41 72 93 88 38 69 63 51 23 100 39 61 10 13 19 42 34 52 81 3 26 9 78 45 3 49 89 5 69 
47 67 69 80 43 47 57 62 37 9 42 72 35 36 99 24 73 13 13 17 10 14 61 53 92 35 41 85 96 80 18 29 16 54 37 46 10 83 86 36 95 70 79 9 23 19 23 29 68 2 57 5 46 2 92 71 6 79 34 23 0 47 32 60 51 82 14 1 79 98 71 72 41 3 94 5 45 57 8 85 27 27 91 69 19 27 54 44 1 42 77 2 8 19 59 63 6 94 
53 17 64 45 53 54 90 10 19 12 2 32 54 65 55 21 29 54 55 85 8 94 19 80 43 17 59 94 31 77 37 17 45 20 98 74 53 4 43 2 18 100 76 97 30 6 58 25 11 55 38 6 46 47 99 86 72 96 85 83 24 83 64 32 63 36 50 74 76 32 37 74 67 11 44 31 33 19 92 9 83 61 66 87 91 94 77 94 57 96 49 92 52 87 29 40 12 3 
4 21 30 61 82 4 85 92 31 62 38 53 73 29 50 83 17 4 19 28 88 62 88 4 54 92 75 84 80 35 4 4 29 92 12 27 69 11 53 73 70 73 82 9 84 25 73 82 3 25 40 27 67 38 28 58 54 65 76 3 3 90 71 74 99 59 99 19 51 18 65 57 83 53 6 14 86 47 58 99 76 91 32 55 80 37 22 36 50 100 33 52 7 97 75 100 66 20 
36 99 85 31 32 62 83 48 50 6 22 81 69 11 75 82 24 69 41 76 47 7 6 10 86 29 93 20 78 10 2 80 11 63 64 41 69 85 34 47 64 61 74 43 66 18 92 83 68 1 45 52 21 55 5 51 26 71 70 24 81 10 26 35 19 84 38 41 65 2 1 62 100 14 54 12 56 14 64 23 62 2 69 84 29 91 22 93 44 96 68 87 20 54 0 3 8 26 
16 55 12 56 4 56 39 89 98 73 14 59 11 50 86 59 5 78 17 2 82 5 30 83 73 20 76 86 38 96 50 26 12 9 63 99 14 88 85 61 4 89 58 52 13 64 9 26 32 12 23 77 95 5 91 75 65 35 6 57 14 56 95 84 72 34 75 85 83 38 62 93 45 23 73 83 38 35 27 35 1 51 36 46 5 20 37 67 84 21 11 26 80 63 7 31 26 10 
57 36 96 16 16 83 74 67 35 13 94 70 16 95 46 1 33 95 21 1 12 49 85 62 65 84 75 100 44 11 62 25 43 48 31 35 26 53 24 50 42 95 44 74 53 53 3 64 82 25 59 32 55 0 8 35 2 100 25 4 79 100 34 26 36 32 12 64 61 96 58 17 99 29 47 91 67 84 61 37 86 55 88 94 30 76 42 65 31 65 86 40 44 57 24 58 40 72 
35 61 12 14 43 95 46 76 32 91 88 81 77 96 2 94 28 74 21 10 40 61 9 76 66 20 85 20 45 72 30 62 40 8 90 58 22 33 89 1 16 83 82 77 2 64 55 98 86 15 47 73 48 80 96 37 82 96 47 43 11 8 22 22 60 47 100 93 45 86 69 96 10 48 69 19 32 18 55 0 86 29 41 3 57 76 69 87 67 11 90 39 10 0 25 18 82 1 
34 43 86 87 36 82 12 63 56 29 11 93 46 52 61 8 58 53 14 71 87 47 90 5 36 96 30 4 84 9 100 30 87 24 32 99 20 66 69 69 35 21 57 58 40 8 64 58 25 24 10 65 80 86 78 74 46 4 48 88 27 64 57 34 42 60 20 20 0 91 95 73 76 73 29 30 32 34 75 67 64 74 10 48 45 31 73 34 68 28 43 26 13 88 85 31 98 92 
9 66 40 52 50 93 11 40 18 59 91 23 32 27 39 22 12 35 64 31 79 27 80 92 45 66 67 11 63 43 14 48 34 91 8 94 96 99 94 89 80 96 13 37 29 99 4 70 26 68 36 99 45 98 17 37 53 22 51 47 68 33 88 26 73 45 54 54 76 51 19 21 24 32 33 92 55 81 54 27 80 62 68 4 40 39 76 44 86 25 43 11 93 86 34 29 43 99 
69 79 13 40 49 86 31 96 89 56 7 57 6 78 58 48 9 4 94 33 22 39 27 75 12 76 99 73 29 36 99 23 46 85 46 83 65 88 67 35 4 80 47 23 75 5 90 27 23 84 87 24 87 96 51 15 53 91 35 16 61 9 46 78 98 65 66 56 78 4 90 92 55 77 77 58 84 86 70 76 14 44 44 1 51 83 82 35 3 14 19 43 85 42 29 83 21 72 
86 64 67 58 26 14 8 80 89 28 18 30 36 34 96 2 100 39 28 12 44 11 54 45 79 60 0 77 10 11 88 31 4 70 86 37 13 32 47 85 41 77 58 83 46 92 25 45 69 58 67 79 74 97 89 54 28 32 42 47 50 1 19 100 84 28 89 71 78 60 67 78 78 0 88 23 100 66 24 5 66 52 97 4 72 27 95 19 73 30 20 72 55 80 50 17 19 80 
78 45 79 65 34 16 55 37 22 82 42 2 4 52 39 5 3 91 26 2 2 38 11 58 53 10 83 72 3 96 46 51 31 18 96 33 64 76 74 49 42 65 89 69 46 95 43 55 30 33 33 92 86 40 89 27 98 42 1 24 93 15 10 69 61 28 77 82 98 5 14 60 9 27 42 80 3 63 27 44 58 8 71 87 89 12 22 46 61 23 94 1 48 61 53 21 38 33 
27 68 16 64 12 87 22 97 95 75 55 56 23 62 4 86 80 54 59 10 39 95 84 97 58 91 78 89 96 85 17 59 46 35 49 60 37 64 29 22 97 62 73 82 19 18 91 41 20 92 22 48 0 7 24 37 28 2 88 73 49 75 66 87 79 38 75 20 32 12 71 11 24 61 80 14 28 49 31 17 35 37 14 74 4 17 7 76 6 36 34 20 38 100 57 87 0 35 
22 79 95 48 80 15 79 12 81 72 9 44 32 45 71 91 7 67 57 21 11 76 11 38 61 29 79 76 68 17 9 78 43 90 56 28 21 86 7 3 36 30 7 80 24 81 3 7 70 51 91 2 78 36 6 18 91 27 53 96 29 28 3 51 32 47 65 41 48 18 21 2 58 87 0 36 68 64 48 94 54 87 44 20 78 26 96 73 67 63 77 72 6 87 53 89 18 1 
64 52 29 2 51 69 47 15 0 35 98 20 17 21 82 92 39 68 49 30 30 22 91 88 61 68 45 44 89 31 26 98 15 72 7 47 96 69 6 7 98 76 89 31 96 25 55 87 74 58 18 82 78 57 30 5 2 9 19 24 77 92 56 73 93 68 49 45 9 72 48 46 0 53 37 46 48 88 26 16 11 98 2 45 100 1 15 76 37 68 69 27 61 94 37 40 62 24 
86 99 58 48 1 100 85 28 52 6 33 71 95 19 31 0 2 20 68 65 14 87 97 32 79 55 93 56 67 62 23 34 49 50 12 55 97 43 41 85 24 93 89 84 18 65 25 70 4 70 58 55 52 23 24 32 44 91 59 62 68 68 57 21 45 70 98 91 37 9 54 11 69 11 25 35 82 22 11 95 92 61 92 91 67 43 99 13 13 19 82 100 23 61 28 34 62 27 
46 33 8 87 7 72 68 26 96 13 74 96 67 34 74 92 30 3 53 8 80 61 46 39 88 26 69 11 26 45 63 12 77 32 92 79 34 94 64 32 15 46 61 65 87 18 81 94 24 95 33 31 72 54 15 38 20 2 61 65 66 36 1 2 98 100 91 26 62 10 48 38 93 73 84 19 16 20 43 96 16 32 40 44 26 28 94 32 73 50 17 94 17 23 23 58 63 51 
71 25 93 16 33 83 61 12 11 27 10 63 98 20 14 26 3 90 14 93 84 18 10 62 40 96 37 3 84 88 88 7 51 77 32 50 51 41 85 100 31 17 81 46 14 42 72 20 48 22 41 94 52 59 59 65 19 66 9 17 9 39 40 92 23 48 20 58 92 21 78 93 57 7 87 99 73 4 72 63 19 31 10 100 10 22 28 19 51 65 70 68 21 20 26 2 8 0 
26 11 4 93 67 29 84 64 17 88 44 89 51 38 79 78 2 8 76 48 13 35 41 61 65 9 95 87 28 100 23 3 39 18 73 2 97 84 17 52 60 0 97 72 80 94 91 65 65 46 49 63 61 90 63 90 35 94 54 26 17 19 28 61 45 49 16 65 91 55 91 46 20 68 18 52 62 19 22 28 31 67 73 84 77 47 37 67 69 14 50 74 4 3 20 8 87 30 
81 5 39 95 74 96 77 31 45 28 69 63 9 12 72 83 94 58 56 31 86 90 17 46 85 55 38 75 56 93 49 42 36 30 24 57 99 66 59 71 15 9 93 46 6 13 96 14 69 55 85 64 33 23 30 32 88 67 72 67 93 79 2 5 28 19 26 95 32 44 95 44 37 33 48 22 3 3 63 71 29 30 87 54 83 21 91 1 86 78 95 9 70 75 48 38 12 42 
32 83 63 48 20 82 78 74 100 58 80 48 80 33 37 94 65 25 13 78 54 14 19 22 75 42 77 59 43 37 49 73 75 25 84 44 80 23 31 16 60 75 15 99 20 65 49 48 38 74 8 38 86 98 64 51 8 18 28 70 97 38 53 99 26 73 99 25 1 17 39 13 40 14 45 39 99 31 80 55 55 72 12 5 45 62 5 98 46 82 17 52 55 22 84 67 46 69 
60 70 21 66 4 3 49 8 35 36 98 89 54 32 14 94 90 77 5 84 70 96 30 14 5 23 53 1 32 37 38 35 45 66 1 70 67 30 86 77 50 93 11 50 8 4 21 51 13 12 88 7 22 76 56 38 71 15 74 19 83 56 32 4 94 68 21 80 7 52 25 68 78 60 71 9 65 30 55 57 27 95 42 2 0 90 67 14 70 76 23 14 75 100 36 67 66 13 
52 64 43 61 17 36 12 77 82 7 69 53 56 17 40 53 42 53 2 47 48 32 12 31 98 64 24 42 22 69 93 44 54 61 99 31 28 86 72 56 5 39 51 95 25 66 64 21 4 15 69 87 81 50 13 80 95 78 94 61 30 94 85 25 80 39 0 19 31 40 42 74 66 25 2 24 48 88 17 18 37 39 37 97 29 15 22 68 37 45 59 50 32 2 27 93 41 6 
43 52 18 60 6 4 15 99 23 89 75 64 71 73 11 80 88 40 59 97 10 31 94 67 82 91 84 64 67 37 22 12 57 79 75 78 7 59 33 47 82 34 95 16 31 15 82 86 40 17 74 61 14 47 0 89 87 13 93 29 41 59 38 81 10 85 25 65 95 34 77 65 9 87 94 93 97 34 51 100 7 12 62 22 96 23 62 2 41 21 4 31 0 17 67 63 64 21 
50 38 82 72 48 40 49 70 36 39 89 57 59 6 95 76 44 53 51 43 53 11 40 88 20 76 5 64 49 5 13 81 17 98 82 6 66 69 59 93 96 77 84 11 4 96 73 14 23 63 73 49 8 32 85 40 27 7 25 84 4 45 61 4 23 91 47 88 3 1 39 26 50 23 6 26 72 92 13 55 22 58 76 81 100 100 86 100 18 94 28 99 60 43 87 48 0 4 
63 68 11 6 34 84 6 48 99 38 68 20 32 39 88 31 2 36 64 55 57 79 45 89 15 49 3 4 97 23 80 68 2 1 61 73 38 17 47 25 33 84 5 93 20 62 47 38 73 4 92 59 51 52 46 57 82 34 13 83 34 29 91 2 52 18 51 20 97 75 51 95 85 19 67 89 34 35 92 48 41 33 70 58 64 72 47 43 82 45 9 67 60 1 78 39 60 100 
22 85 8 75 95 2 71 93 54 41 25 54 28 68 98 43 74 42 71 76 96 44 27 76 71 26 20 100 17 31 57 46 8 92 51 92 51 23 90 23 14 52 67 45 29 36 8 66 55 89 48 53 99 48 94 48 65 12 51 65 11 74 11 98 34 86 14 64 72 65 62 97 9 52 85 54 65 94 88 65 56 77 47 10 46 68 38 75 51 87 89 83 11 65 36 24 10 33 
29 59 53 60 30 10 56 70 3 26 67 24 95 30 52 95 32 10 18 26 96 75 37 83 58 28 21 62 39 75 92 63 27 14 63 19 36 74 92 49 44 81 98 94 83 89 84 29 19 56 89 21 67 35 80 88 30 84 31 96 75 64 29 88 33 12 29 35 42 72 2 84 5 99 50 45 28 93 2 69 24 64 19 41 70 29 58 44 57 99 78 20 10 7 76 24 42 74 
42 44 13 87 89 14 78 89 66 75 92 49 16 88 90 100 52 16 26 58 82 96 32 10 60 86 61 46 77 31 99 83 69 46 14 34 72 47 53 81 52 27 60 62 5 25 97 32 94 78 70 25 9 36 90 60 74 37 26 51 44 15 61 84 36 46 88 88 16 98 72 11 66 65 19 45 28 99 46 69 7 78 27 89 29 82 6 88 30 10 16 43 65 91 29 55 51 100 
66 60 39 93 69 49 14 74 40 21 43 79 7 84 72 38 27 99 8 61 0 33 32 44 28 29 63 69 32 83 2 47 86 89 88 23 34 97 30 98 51 15 36 66 39 37 78 12 70 58 99 82 36 39 53 34 39 53 18 70 92 32 2 39 86 90 91 83 8 60 92 28 93 96 29 21 87 70 96 73 60 91 74 75 15 100 1 55 63 10 68 45 3 66 58 60 22 88 
80 70 56 84 26 43 8 31 22 50 7 61 15 87 53 14 50 37 65 23 29 50 96 64 73 54 40 9 54 0 62 58 73 23 85 94 80 89 95 71 71 73 72 27 22 95 56 1 70 40 6 55 7 44 56 66 1 89 92 70 77 96 1 84 57 67 98 5 6 24 28 79 72 54 80 98 86 33 43 88 42 71 77 89 60 23 82 69 36 59 64 1 43 71 17 40 43 81 
67 51 33 50 61 29 43 31 9 36 36 45 11 29 0 96 13 74 69 11 80 43 82 3 84 25 58 0 89 4 45 0 34 17 1 33 8 54 48 69 29 43 58 59 60 80 56 38 47 50 61 2 60 17 62 58 25 10 80 53 50 16 72 89 2 95 45 21 61 59 9 46 28 0 87 29 48 10 1 58 41 89 25 22 68 70 26 27 91 93 81 91 6 95 4 24 25 13 
36 63 80 21 94 97 42 75 29 70 17 70 28 35 25 96 26 10 99 52 65 70 81 76 74 9 99 83 25 49 28 66 2 55 63 30 9 54 28 19 20 59 35 48 72 74 84 4 79 63 79 94 50 58 68 63 82 12 43 74 62 10 7 99 75 75 25 34 14 31 22 95 47 24 5 93 29 41 99 73 69 71 81 93 56 6 19 20 20 40 47 54 77 41 96 87 35 85 
24 74 46 34 55 37 60 0 32 23 94 52 15 71 70 73 96 23 34 39 55 13 62 80 16 75 62 5 20 22 30 76 70 49 40 80 75 74 16 83 41 14 32 0 68 82 31 85 3 7 17 99 63 40 71 30 26 94 88 74 5 95 52 54 15 65 83 6 76 86 57 23 10 70 30 25 99 14 18 3 83 48 34 60 82 15 44 89 54 20 24 17 80 90 16 31 43 0 
25 7 30 61 67 18 33 35 48 32 77 13 33 27 3 47 51 4 84 9 73 83 75 56 82 97 56 3 28 44 28 77 40 48 66 48 84 73 46 86 17 73 54 67 87 27 10 11 47 67 71 13 15 84 89 75 72 93 82 62 30 33 10 14 95 71 92 42 59 81 41 81 22 49 63 25 40 14 1 15 64 86 12 25 99 41 57 23 63 91 14 38 86 87 79 57 18 79 
70 64 44 69 93 30 64 87 14 59 36 12 16 71 64 77 93 72 76 98 22 79 100 73 36 18 39 0 98 98 90 44 7 0 96 55 94 46 88 22 91 24 11 51 0 34 17 62 13 34 93 54 62 72 59 40 15 58 19 17 48 42 95 74 58 23 35 33 55 11 21 40 80 50 95 58 16 21 13 91 15 63 52 67 62 57 39 40 70 4 82 20 11 16 84 8 82 55 
61 7 28 41 57 71 29 17 47 74 94 96 3 2 44 55 71 18 64 45 100 16 45 68 57 53 8 8 22 26 64 55 1 84 32 98 13 41 12 0 54 37 47 55 54 14 63 84 1 33 8 5 25 74 87 1 65 26 28 18 59 82 43 39 76 26 71 76 82 59 47 57 36 96 10 85 10 36 0 85 45 98 80 19 49 6 56 69 76 63 56 73 85 24 73 54 22 21 
78 33 7 13 37 40 22 22 21 12 34 63 65 6 9 28 71 20 21 32 54 69 79 61 76 98 98 63 36 9 73 11 14 65 30 37 45 42 53 13 65 6 85 23 42 20 50 7 26 53 66 87 27 65 95 86 22 26 29 13 56 58 43 84 29 90 6 13 55 36 41 1 70 85 34 97 39 56 31 26 53 37 89 80 77 96 82 58 54 16 37 26 51 81 22 46 55 98 
84 35 60 23 90 56 87 52 20 83 70 82 31 63 6 78 41 28 13 3 88 84 5 64 7 54 91 50 92 31 27 77 12 17 42 70 32 34 57 48 76 97 58 55 82 84 68 86 9 71 15 97 76 10 40 53 76 25 65 25 5 74 30 84 29 94 78 29 96 94 63 37 61 33 12 55 13 88 36 73 47 42 23 49 25 17 20 79 2 72 25 95 1 22 46 10 1 92 
13 29 47 82 94 31 33 81 57 48 78 59 39 54 36 100 79 96 61 40 81 67 43 47 24 47 80 76 95 31 86 49 27 16 2 68 45 49 87 83 71 37 35 27 90 72 68 99 39 100 26 78 28 21 49 6 60 13 33 43 66 73 5 91 29 2 5 77 25 43 52 95 40 22 37 38 35 27 4 98 99 94 76 95 31 64 25 20 75 25 14 74 38 37 33 7 19 21 
5 43 41 30 77 100 70 24 86 33 100 9 14 18 61 12 93 81 34 65 6 6 50 29 37 63 29 61 59 35 42 30 94 60 11 24 38 35 70 61 93 71 26 24 96 40 49 42 61 49 16 30 23 45 85 18 9 49 4 20 30 73 16 78 2 57 59 32 2 67 15 91 39 68 22 78 9 37 49 19 55 54 56 23 88 8 9 26 73 84 87 44 99 27 44 20 31 98 
91 94 7 43 11 67 37 49 12 13 70 64 65 74 61 83 16 5 19 17 23 82 78 18 44 3 10 58 49 51 87 99 0 8 75 100 30 40 42 34 68 4 8 83 94 70 18 56 49 54 40 97 5 85 8 3 22 90 54 66 52 30 4 92 25 56 96 78 41 8 34 9 44 52 75 65 12 84 42 29 80 76 83 25 80 34 57 73 49 40 23 37 23 14 49 83 70 6 
51 60 85 31 29 68 100 1 82 1 87 16 6 37 54 93 70 80 9 46 55 29 82 29 42 69 62 78 53 17 82 32 30 71 34 49 12 91 9 0 88 36 86 7 91 15 79 69 75 29 39 39 89 33 68 31 14 75 60 20 16 40 9 24 5 72 27 36 87 35 38 56 89 46 78 31 13 78 19 9 11 29 76 22 54 48 20 2 31 22 77 27 13 18 79 60 75 91 
63 59 28 68 52 12 7 33 66 88 23 52 29 27 0 35 45 61 68 92 27 94 27 81 58 89 32 96 13 37 25 48 72 21 47 16 6 64 41 81 66 81 73 58 13 4 10 33 88 11 82 76 95 22 1 87 4 2 59 72 58 92 86 57 73 42 63 87 46 77 10 16 95 84 18 63 57 46 30 95 1 71 95 11 94 47 86 48 90 48 81 4 7 47 66 34 15 40 
35 34 74 66 99 4 93 69 92 8 46 31 31 58 64 30 45 98 68 57 61 80 58 65 74 62 25 8 81 100 80 7 17 98 5 53 84 73 66 58 97 27 99 23 1 71 86 24 14 97 88 29 81 62 21 23 99 5 3 14 80 67 12 21 2 39 6 30 22 24 23 10 23 79 15 0 99 10 15 22 16 81 74 18 86 19 28 22 36 44 9 16 0 40 77 44 36 9 
2 49 54 47 14 86 30 41 63 21 31 20 65 91 96 32 64 37 72 0 96 29 44 79 40 83 42 53 47 99 78 81 78 85 97 62 44 91 63 70 32 65 56 72 71 56 84 3 45 83 8 48 7 93 94 64 57 29 45 51 87 100 98 61 31 1 61 95 5 88 84 83 68 16 5 66 95 46 64 95 17 36 78 75 29 24 11 74 20 98 27 85 19 74 36 47 67 40 
16 91 78 16 45 5 51 27 19 0 83 3 47 71 57 84 67 71 61 23 14 99 66 65 11 92 11 85 87 25 47 97 51 12 36 66 44 65 98 35 1 82 54 68 23 55 70 96 60 95 24 27 94 1 45 39 37 26 26 7 21 22 70 44 42 26 67 92 28 2 54 35 15 27 73 73 49 2 38 76 87 22 54 15 34 98 43 46 60 23 57 47 91 6 20 36 76 11 
52 36 83 25 2 44 20 41 94 33 41 2 33 30 54 63 71 16 90 5 75 29 19 70 26 69 25 79 75 80 6 88 35 16 53 88 80 40 27 6 60 49 81 48 64 61 85 6 68 49 56 34 92 65 22 56 35 9 18 85 83 94 69 5 17 18 90 52 21 58 60 43 14 94 9 49 50 3 71 9 94 54 87 27 44 96 34 12 49 24 20 73 89 41 30 97 67 67 
92 72 88 32 91 78 79 36 64 19 7 45 89 88 60 16 4 57 94 97 67 31 61 61 83 16 17 88 2 19 81 16 60 87 97 82 10 41 70 85 91 83 32 6 0 78 62 24 2 94 64 98 71 52 35 78 81 92 16 55 11 82 62 65 88 66 14 6 26 53 97 13 81 58 21 21 97 22 90 23 72 99 84 14 76 3 37 93 84 24 74 7 21 15 98 0 78 13 
41 47 88 26 12 58 58 98 89 44 21 48 20 93 47 74 57 68 3 61 76 60 80 28 12 88 9 90 16 71 97 8 14 81 59 92 50 67 69 45 57 17 76 97 20 8 37 10 94 94 52 23 69 42 76 18 75 19 83 74 51 88 56 53 58 28 22 4 50 64 33 45 82 12 27 48 92 65 39 90 5 95 58 74 44 48 91 37 34 84 60 15 39 21 94 5 92 74 
71 30 55 12 38 6 57 61 45 70 93 78 91 96 43 78 22 34 23 35 73 80 27 32 34 58 4 75 75 42 74 62 56 61 88 75 81 13 27 31 16 99 46 19 33 58 92 100 23 69 71 26 0 75 19 53 91 9 62 87 40 31 78 25 26 42 22 44 69 7 76 42 25 61 22 88 63 70 73 50 18 23 2 17 65 12 28 76 51 54 3 87 81 69 24 42 59 7 
20 32 51 45 40 75 9 11 50 69 20 86 69 9 62 43 6 75 28 42 81 68 29 80 78 55 88 69 79 42 92 5 80 55 80 20 81 15 50 12 10 79 94 29 20 99 59 80 85 98 57 5 19 3 99 98 17 61 98 9 65 92 25 17 41 83 42 59 27 17 88 93 67 1 81 39 57 51 70 37 78 93 58 78 2 10 8 43 15 67 71 69 46 61 52 53 51 87 
57 26 34 4 14 85 81 86 10 34 80 66 84 51 97 33 42 90 84 38 66 10 49 30 28 40 23 79 38 88 33 95 69 82 67 40 64 51 22 29 15 23 5 6 72 85 70 53 29 91 99 77 17 33 53 60 35 6 38 42 52 97 5 37 80 85 31 44 85 57 19 90 56 78 73 88 37 15 9 29 3 89 64 38 66 62 22 22 62 17 50 81 39 97 40 92 93 89 
62 91 51 95 61 20 9 73 68 20 95 8 2 54 77 98 36 42 11 26 6 67 81 66 93 2 3 90 52 2 51 27 9 41 36 77 13 21 7 95 70 95 44 97 32 35 87 32 71 44 38 51 47 41 20 63 74 27 47 36 59 92 33 22 46 4 92 16 52 88 54 66 39 24 94 50 66 52 1 93 65 51 96 38 55 12 31 30 1 75 67 63 1 23 49 6 4 11 
57 50 10 44 57 62 100 77 100 34 23 78 21 75 75 100 21 46 91 71 94 56 11 95 93 29 97 17 93 82 89 74 72 49 12 83 79 81 78 1 78 72 40 47 92 0 76 19 8 51 65 96 64 97 51 43 90 88 26 46 58 90 72 85 67 91 66 6 23 48 50 47 96 70 27 7 26 18 7 33 99 76 68 36 8 28 25 73 97 80 78 63 54 93 9 87 41 92 
24 71 75 14 1 43 1 93 91 5 43 20 64 50 76 12 77 5 46 85 86 39 31 43 98 90 78 39 72 45 62 33 14 53 73 38 30 71 50 89 65 23 33 73 45 37 51 26 57 66 61 53 74 58 3 0 51 55 37 49 54 85 28 69 76 96 37 18 49 33 28 82 79 2 21 53 77 43 27 23 6 62 12 44 40 54 88 77 55 100 23 46 97 24 24 5 31 77 
87 98 9 8 18 79 97 25 22 68 62 24 65 41 1 35 69 79 48 55 26 24 67 91 64 44 4 61 86 25 96 57 62 33 74 0 69 58 23 9 2 68 57 64 1 96 46 58 42 21 62 94 33 92 22 4 34 22 19 49 34 73 9 40 19 70 72 64 54 53 99 63 92 43 35 13 97 35 3 100 16 97 70 68 76 8 29 25 64 49 76 8 72 63 45 69 51 75 
49 92 87 96 61 19 25 75 95 39 16 38 100 12 27 79 46 94 3 43 27 35 31 34 32 5 56 98 63 69 95 91 86 90 47 31 68 6 14 56 0 14 43 94 15 11 84 56 77 37 83 97 13 71 2 94 10 6 23 90 0 73 92 19 79 12 92 40 18 26 33 100 22 66 14 2 97 90 51 17 89 46 29 92 59 38 62 45 38 32 32 46 36 9 64 84 98 72 
64 14 46 57 100 81 81 52 65 57 5 76 7 22 58 40 31 33 37 57 32 75 87 100 85 99 5 53 97 86 46 81 8 29 10 52 23 7 32 75 93 19 21 56 23 60 96 61 23 13 8 46 53 38 63 85 2 81 24 67 38 91 88 47 24 27 58 46 13 75 69 42 76 93 95 79 83 18 87 76 42 98 96 5 4 15 75 37 61 18 15 22 45 35 80 51 39 2 
21 16 41 57 53 17 72 6 24 58 73 39 7 73 60 26 86 98 31 43 57 70 100 70 79 65 42 16 98 10 28 82 48 30 24 90 43 9 34 74 8 48 12 46 72 9 26 64 100 46 66 85 5 64 6 26 83 57 74 81 11 12 91 55 37 44 69 38 56 18 85 74 74 41 16 3 80 55 71 20 29 91 72 60 73 80 83 24 39 76 29 58 27 26 7 57 100 20 
86 59 37 51 73 97 15 59 84 3 24 3 36 19 32 67 97 61 4 30 48 93 46 60 80 71 20 17 1 23 17 65 44 84 96 18 2 44 74 100 26 94 94 14 63 93 76 19 63 36 45 24 81 23 5 10 10 75 88 67 45 55 38 31 92 47 39 73 17 59 20 80 42 11 56 33 34 98 29 30 64 73 40 5 51 14 82 41 80 94 59 25 75 100 96 68 75 100 
29 57 85 81 83 32 29 69 9 68 8 52 81 27 25 94 50 62 86 21 91 100 51 39 21 94 43 26 94 40 80 52 67 21 55 94 50 1 16 30 86 17 63 65 1 93 47 56 5 90 64 96 65 16 63 35 31 2 24 68 39 83 17 66 99 98 19 55 23 54 53 50 66 62 72 64 83 66 34 51 4 31 47 95 64 7 72 67 27 16 67 70 19 21 56 32 20 60 
98 15 57 26 46 2 72 29 68 56 74 28 98 20 39 11 64 32 61 29 66 89 11 48 45 14 82 25 44 73 38 3 18 41 0 88 30 65 38 44 5 1 27 66 7 26 91 68 48 61 22 83 33 91 10 18 64 89 60 33 16 98 63 68 16 80 78 40 71 24 22 71 94 65 69 89 0 98 29 28 33 43 62 83 78 2 82 25 92 71 4 37 48 62 58 87 15 41 
14 58 49 13 48 75 61 47 94 43 40 39 94 24 26 7 11 74 23 53 80 7 38 8 61 33 97 58 84 65 63 41 87 91 70 53 26 94 2 45 61 54 22 86 0 28 41 42 56 76 35 87 32 36 35 1 41 36 9 83 49 81 40 44 100 1 17 66 22 88 22 16 26 89 8 2 97 33 71 67 11 75 23 63 31 64 57 2 56 47 78 48 80 8 85 7 31 50 
64 47 15 100 3 12 66 2 34 73 97 20 98 52 80 91 75 91 95 63 51 5 20 53 43 78 3 22 22 70 56 71 2 42 4 14 24 2 40 5 63 42 10 73 9 2 58 77 36 42 1 4 72 19 83 70 65 55 72 53 93 70 68 100 83 6 64 11 25 97 2 62 3 0 94 87 91 26 56 66 43 72 98 96 2 50 69 83 54 76 34 91 31 37 50 81 38 61 
9 89 61 26 54 3 39 48 5 69 31 65 100 84 1 77 11 16 67 29 19 76 76 90 41 81 67 53 5 28 81 21 91 55 36 67 96 84 80 51 17 93 80 12 89 15 92 60 14 78 68 67 3 92 56 79 84 38 35 9 18 3 89 72 75 12 5 82 67 84 74 49 89 71 82 60 89 29 4 62 72 71 6 96 94 75 74 65 79 24 92 80 29 96 95 7 44 0 
11 27 38 77 85 86 33 49 79 42 59 54 19 71 37 83 0 60 39 29 24 41 87 8 76 28 42 24 60 39 52 39 6 96 95 67 61 27 96 13 98 72 6 18 7 80 79 49 66 62 65 79 81 32 12 52 68 45 74 85 59 20 58 35 86 46 13 8 85 1 47 86 94 54 38 74 26 96 71 77 13 46 72 7 0 87 38 68 60 69 91 99 19 15 19 51 80 95 
52 26 53 55 43 23 75 32 24 11 91 63 61 47 90 26 81 63 0 73 93 19 60 24 95 14 15 29 11 3 39 18 44 45 60 38 67 85 18 58 84 22 54 85 72 43 84 69 45 2 33 31 97 1 34 56 38 57 81 100 27 81 3 88 94 93 71 94 84 97 7 85 19 42 56 49 54 88 74 70 26 94 65 27 4 49 50 98 87 18 52 41 94 48 90 5 14 30 
71 80 69 41 79 35 52 37 93 42 26 84 86 8 40 53 96 34 36 1 89 56 86 94 60 16 0 21 78 30 55 67 28 31 3 56 30 12 56 11 33 23 39 31 12 93 49 14 83 61 27 39 35 32 79 89 80 87 80 6 87 44 14 70 56 4 95 86 6 100 9 54 29 59 90 71 74 51 54 93 65 84 30 5 8 6 10 85 66 43 21 91 91 33 63 19 41 61 
69 73 22 92 50 66 38 24 34 86 3 59 41 13 7 51 97 34 77 25 57 30 75 65 16 18 77 25 50 28 45 1 54 8 39 42 92 33 12 2 61 40 93 43 15 26 2 62 6 71 7 7 45 37 41 43 61 6 54 89 58 26 70 63 40 43 33 54 49 17 3 23 51 12 83 66 8 57 71 52 12 37 97 42 86 24 55 7 20 69 82 65 28 46 78 70 68 81 
46 45 21 39 56 79 94 39 9 9 64 33 32 4 22 83 33 59 32 34 24 25 10 44 64 67 24 61 46 36 24 95 34 14 6 29 49 93 30 62 44 52 82 67 84 78 74 87 58 40 71 51 32 40 30 78 46 81 53 15 41 46 63 32 94 52 52 48 39 56 54 62 97 63 35 27 4 34 82 97 50 84 48 64 93 33 54 49 62 59 45 46 98 69 59 43 19 72 
