113 19 126 99 115 86 45 149 128 62 31 74 66 7 32 53 83 114 125 39 134 95 73 100 123 155 70 84 99 136 110 117 123 96 43 59 75 97 64 97 84 89 88 78 69 63 78 122 113 140 44 145 55 27 14 131 101 109 106 150 180 145 78 100 38 43 122 139 113 59 68 134 131 157 90 113 90 149 95 195 100 78 70 117 177 119 125 152 90 92 45 11 92 93 104 158 83 135 
113 133 172 75 104 36 142 78 75 57 129 98 107 99 134 119 59 30 37 133 149 75 196 101 54 105 120 74 46 133 136 27 75 115 164 91 26 42 80 152 143 43 133 111 98 74 99 114 164 28 77 144 122 58 165 85 128 78 149 76 107 64 156 87 81 183 105 77 111 86 21 144 154 136 79 125 136 83 88 153 108 162 55 44 106 97 98 136 57 97 27 95 148 17 133 155 52 69 
87 72 192 193 69 170 164 132 79 30 125 71 66 72 189 118 82 102 97 104 160 132 115 74 157 89 116 60 102 85 117 84 60 62 151 112 37 111 76 71 111 107 83 123 106 103 115 49 13 117 142 164 149 132 78 134 100 98 93 112 117 85 75 27 59 99 108 123 80 124 51 151 116 77 189 126 67 147 131 194 53 73 153 125 100 85 113 18 116 147 41 116 159 99 152 185 131 106 
130 95 78 97 166 147 91 109 67 51 93 91 107 83 63 92 158 84 89 180 150 96 166 163 187 157 80 156 69 119 92 48 118 45 77 137 118 110 63 74 81 106 67 87 162 149 159 91 138 60 145 55 131 121 160 179 120 113 86 78 29 87 72 100 23 92 98 112 125 147 162 123 147 169 122 102 91 101 173 22 140 97 115 124 108 55 78 65 20 90 127 182 126 145 17 167 45 114 
72 125 36 115 6 124 107 120 128 53 127 88 138 66 70 136 110 132 27 41 106 85 120 149 56 41 127 99 114 78 178 123 120 74 150 97 86 160 44 93 89 40 31 163 112 108 108 168 86 124 73 76 90 111 110 87 64 62 152 151 105 78 114 166 62 23 125 120 87 102 129 142 142 120 107 114 163 112 120 163 131 82 119 132 104 174 106 109 111 83 67 110 84 109 88 71 181 123 
152 110 148 64 92 167 33 122 131 81 114 71 91 87 124 160 74 150 100 76 149 44 86 156 171 98 174 89 93 53 97 66 58 21 77 69 143 92 78 80 138 111 98 43 103 105 25 55 124 8 88 90 96 99 171 80 81 44 126 125 160 42 186 72 122 71 33 162 101 117 117 95 85 120 164 137 101 99 114 137 117 101 45 193 43 73 26 144 90 131 154 43 110 110 133 98 130 90 
53 146 64 117 106 118 118 35 84 78 102 41 157 164 71 83 38 142 126 71 152 71 15 19 25 107 111 62 106 98 136 27 127 98 93 196 99 135 122 91 74 135 122 146 90 101 141 133 112 87 173 67 126 93 169 53 144 99 101 117 111 101 107 123 16 95 81 169 187 97 82 24 108 78 119 99 111 63 39 47 60 118 130 107 92 84 171 108 23 11 98 149 90 83 105 102 119 32 
122 131 155 93 66 122 92 176 122 106 200 154 29 61 125 125 55 149 57 62 9 18 110 83 180 56 187 107 93 96 43 16 55 46 113 138 84 99 97 69 85 37 48 77 123 105 62 156 73 51 98 92 86 52 167 184 127 35 50 16 89 89 42 21 102 194 82 103 48 88 45 119 132 70 38 141 32 87 91 107 49 155 95 72 29 126 53 152 79 74 93 90 49 136 112 135 129 183 
132 149 41 112 121 21 138 140 109 123 71 117 98 87 11 96 145 64 76 126 138 8 153 163 127 58 138 70 125 142 122 169 142 43 123 94 84 68 87 161 121 129 66 92 76 105 188 147 66 89 51 153 127 107 102 44 105 154 146 83 193 90 71 89 79 163 158 170 100 100 119 7 129 59 142 137 113 78 66 60 133 103 105 74 120 136 59 121 169 116 69 166 159 127 74 99 98 152 
81 56 103 166 155 94 94 55 138 87 125 156 63 69 93 107 99 78 83 36 128 94 35 63 65 137 102 132 99 85 64 95 47 106 163 125 133 102 86 106 137 105 150 97 105 142 48 64 142 170 94 103 68 120 82 186 59 88 149 102 52 136 118 108 123 172 48 112 127 54 53 77 73 32 124 133 48 122 137 66 104 24 59 77 78 46 69 33 100 99 107 126 109 150 72 127 119 134 
101 79 83 30 163 80 90 92 66 103 104 109 130 71 69 150 178 58 148 109 51 139 66 58 29 178 44 23 59 141 130 88 30 72 181 172 77 142 107 137 78 57 69 93 16 22 128 94 136 161 102 174 82 109 115 111 62 105 75 121 93 102 100 173 138 97 57 59 155 71 75 53 124 120 76 6 55 101 88 186 55 101 167 108 139 80 92 59 70 107 83 109 72 87 111 149 76 113 
187 83 88 76 29 99 143 78 113 18 178 79 186 37 66 144 37 160 114 146 145 120 110 133 115 56 171 148 147 133 27 53 101 184 87 129 125 151 136 63 144 168 68 76 137 143 93 93 34 185 119 179 154 150 130 177 65 24 16 104 184 74 82 158 120 137 121 62 151 101 107 60 88 61 25 140 143 89 122 118 140 126 168 135 84 41 109 139 48 73 128 88 91 32 17 65 179 51 
48 150 107 97 108 85 114 105 90 163 43 96 82 118 84 121 108 34 32 130 85 38 104 69 119 101 56 170 104 63 59 101 119 86 123 157 105 42 57 149 171 182 90 107 73 172 103 189 73 80 126 163 75 125 95 68 151 153 92 151 162 8 97 177 112 42 79 104 143 70 82 42 171 44 97 70 103 53 150 50 142 146 184 47 102 71 130 112 94 92 82 72 138 63 68 97 80 140 
150 142 10 86 138 76 189 164 135 114 153 117 78 58 90 69 47 130 42 74 121 156 54 92 112 117 148 175 80 125 132 132 95 93 24 157 105 129 88 25 96 39 66 100 158 159 55 155 91 124 156 66 153 94 123 39 72 83 119 139 68 105 94 112 106 48 146 113 87 21 40 120 46 163 185 121 134 62 101 143 46 122 142 148 116 141 115 61 116 73 104 115 110 57 116 152 147 77 
168 104 44 95 89 60 144 94 165 171 174 97 28 117 44 57 29 99 89 73 118 92 87 128 75 159 69 140 135 60 96 19 161 24 98 146 7 16 107 111 101 136 17 93 136 91 92 108 138 106 166 177 156 130 27 107 22 150 172 140 170 43 8 73 111 131 99 167 114 55 185 146 91 114 145 123 29 84 102 40 86 105 126 89 178 66 67 25 69 118 96 117 74 106 74 124 36 157 
26 85 28 133 147 69 89 110 119 138 148 115 123 72 164 112 103 93 87 153 77 136 25 97 94 165 172 106 127 92 101 191 143 117 81 83 103 107 40 46 111 61 121 66 40 146 91 112 106 172 25 173 105 190 78 48 36 129 44 148 129 151 142 107 142 33 67 95 18 80 98 121 49 134 53 69 148 49 162 64 158 108 72 194 158 65 114 100 130 81 157 128 113 63 128 122 30 171 
35 104 82 68 46 62 119 104 56 79 108 71 83 157 99 106 170 62 108 78 103 118 96 153 126 107 105 112 100 67 57 113 116 75 105 140 82 130 70 158 106 31 49 79 121 63 129 21 87 142 109 154 58 97 144 47 137 142 60 58 147 95 159 43 101 155 72 82 98 100 80 66 43 82 118 83 36 108 161 112 67 135 73 118 115 66 87 88 118 93 109 76 159 95 127 131 112 132 
101 110 73 125 79 92 53 89 48 36 134 101 114 127 43 95 92 55 62 161 122 46 83 82 74 84 162 111 72 138 142 75 26 114 89 101 153 132 14 21 86 144 74 18 114 96 67 56 140 85 103 83 80 76 121 39 90 54 34 42 100 4 66 181 156 110 76 84 65 192 82 157 141 53 184 120 194 153 164 72 100 94 79 142 176 30 12 105 101 68 138 103 119 163 88 123 89 149 
39 132 63 148 37 162 173 67 92 144 155 137 109 95 115 42 84 44 101 139 90 158 120 162 117 68 79 89 93 171 60 181 96 148 118 73 180 36 182 137 128 160 97 44 180 114 194 145 90 78 104 43 44 123 69 120 62 97 107 64 33 138 162 104 107 153 167 128 124 160 106 88 54 85 171 136 60 73 73 142 145 137 88 109 165 169 68 114 100 130 161 46 77 34 112 111 67 119 
73 95 113 75 163 73 100 56 142 146 40 156 91 69 118 164 43 133 161 131 55 69 45 67 179 158 136 102 125 101 121 181 181 39 111 148 37 178 51 174 37 86 63 97 100 163 123 171 138 98 37 105 141 62 92 30 47 45 146 144 132 35 32 160 62 114 144 51 98 24 109 146 92 126 115 38 139 71 179 129 75 63 93 106 72 87 45 64 101 62 102 173 96 79 173 45 110 62 
171 139 170 125 75 108 16 147 79 127 80 8 107 70 98 73 59 140 95 88 111 33 128 93 65 83 129 92 74 54 48 27 90 9 38 102 119 57 73 82 53 44 104 162 85 112 144 110 121 104 129 16 189 82 100 59 107 102 78 116 116 57 102 60 29 156 114 77 48 132 56 145 113 172 82 49 97 137 90 72 163 74 80 94 21 63 149 84 61 110 91 39 163 34 165 38 80 107 
21 164 115 18 106 24 109 87 124 101 111 96 89 95 124 61 101 111 144 178 97 30 175 117 88 124 92 61 59 143 119 158 73 81 151 87 171 138 27 117 93 165 97 191 9 112 101 63 128 66 121 92 122 153 149 39 54 149 60 88 73 61 76 152 23 44 185 152 62 125 44 20 72 37 105 141 121 120 185 78 70 136 139 80 118 84 77 80 179 57 106 39 124 70 167 61 109 181 
141 110 100 46 157 153 124 115 93 129 95 103 101 110 103 144 109 58 180 77 44 40 106 38 33 57 57 97 69 32 150 64 110 83 110 103 71 162 149 116 108 132 84 159 118 44 126 184 73 121 111 140 90 72 51 132 115 93 76 51 121 100 164 154 85 96 49 99 77 175 73 162 116 96 149 102 74 137 113 113 46 25 108 98 121 51 181 79 106 66 105 53 95 20 74 121 194 85 
141 139 72 175 82 50 104 113 73 109 56 64 112 36 147 85 53 132 94 61 85 107 55 90 32 122 87 88 103 97 120 48 168 96 131 105 98 92 115 172 149 53 100 89 134 48 45 105 83 85 89 100 169 103 68 83 103 124 131 56 53 137 128 52 99 54 84 92 98 67 100 85 27 124 53 128 147 179 95 48 105 84 128 115 40 179 108 177 113 61 100 96 78 80 138 71 139 162 
113 50 39 185 116 123 29 65 152 141 133 51 118 96 126 111 100 29 85 138 45 106 87 100 119 95 128 105 80 115 89 29 46 75 118 150 85 93 63 164 87 44 94 157 136 134 81 97 109 48 118 126 63 164 30 157 161 80 70 130 132 57 11 86 79 102 112 90 119 117 87 109 181 188 63 62 73 125 135 60 100 75 101 163 28 98 131 142 125 194 98 79 143 158 110 72 86 159 
68 125 154 96 109 66 118 85 84 97 24 37 123 188 172 127 104 98 65 98 137 55 97 110 94 166 151 71 84 117 27 130 121 109 135 25 57 166 85 93 83 86 129 89 191 132 156 119 157 173 135 188 90 113 60 152 116 96 100 170 167 156 130 161 44 114 69 98 191 70 95 117 124 140 111 122 108 150 177 159 90 89 60 148 103 49 80 105 77 89 83 92 123 143 101 84 83 11 
55 92 161 163 57 116 104 70 48 41 46 63 16 118 167 143 132 150 131 178 130 91 105 176 151 40 69 106 106 54 140 138 144 81 84 178 150 197 94 116 55 112 18 70 148 83 90 105 123 85 174 125 38 81 81 186 103 111 98 64 22 104 146 48 94 97 52 87 173 134 77 97 102 78 96 65 123 89 180 73 114 102 33 88 119 111 103 96 39 36 61 152 128 29 72 138 39 76 
71 90 91 165 79 97 140 114 133 87 141 172 122 38 102 81 75 42 71 76 18 104 120 77 175 96 105 184 141 170 31 68 93 115 84 61 21 102 165 103 159 91 131 20 42 92 60 71 119 94 79 42 93 28 95 107 8 162 133 121 67 121 38 136 97 89 18 4 157 106 100 138 92 81 109 37 56 92 38 175 61 102 152 123 33 61 81 52 34 140 131 19 61 38 104 138 65 143 
153 108 70 123 139 136 174 50 35 60 96 64 146 110 126 42 104 68 82 159 46 160 28 104 102 65 72 115 49 157 68 87 87 118 159 134 115 97 86 74 48 118 133 141 119 71 138 82 71 93 43 91 93 131 104 164 126 106 120 171 56 94 129 51 110 41 109 75 155 105 79 79 97 87 117 125 114 110 107 19 151 98 125 125 135 129 142 99 92 183 61 96 147 187 66 118 25 79 
37 90 43 84 176 99 179 109 45 107 63 70 110 89 131 147 89 36 42 121 90 150 119 99 125 186 85 150 162 73 11 54 60 116 20 98 155 108 143 73 83 170 133 75 110 69 74 149 11 62 87 93 160 97 102 154 57 72 91 86 103 190 118 164 141 67 166 59 76 49 68 125 114 76 105 89 153 105 65 172 124 98 99 89 146 102 106 91 139 120 117 147 32 191 157 130 141 93 
110 146 132 123 62 138 112 83 63 102 61 180 129 66 137 140 50 100 105 165 135 36 39 90 145 83 110 30 103 97 24 96 76 102 125 48 120 129 105 66 103 90 119 135 87 70 117 141 135 51 112 140 90 118 97 150 126 81 83 27 119 100 73 61 103 173 117 77 134 48 8 85 158 38 100 59 66 43 150 47 114 84 136 152 102 185 48 133 115 121 146 147 57 61 29 21 36 26 
81 133 22 80 63 79 57 155 102 125 86 148 73 111 169 138 87 137 30 85 99 88 83 114 115 118 126 93 121 112 116 63 72 38 108 175 26 153 110 142 66 93 63 65 14 162 15 105 99 53 94 123 191 19 143 100 139 86 22 137 27 103 189 101 128 102 91 91 156 58 129 122 129 70 94 132 117 102 127 65 48 96 135 96 79 76 63 153 87 89 68 53 104 73 69 122 124 59 
116 126 122 23 19 133 99 162 63 102 156 83 53 193 92 38 125 107 36 58 48 118 123 93 125 123 92 169 90 82 75 115 142 132 108 108 126 66 61 132 117 144 120 105 128 69 21 78 150 44 76 74 67 9 27 37 92 116 109 48 103 109 72 88 83 47 42 89 72 139 59 28 127 92 48 127 132 129 80 62 124 126 160 174 118 103 70 88 110 66 114 92 90 118 39 136 76 134 
109 97 67 40 119 102 114 90 42 118 122 129 119 118 35 186 87 108 76 17 60 113 81 87 159 69 98 45 87 81 70 73 119 100 111 134 120 117 173 52 57 87 120 145 67 132 117 146 104 40 130 112 113 118 178 45 108 194 98 59 42 96 44 85 69 139 117 185 111 93 132 113 48 54 92 91 60 76 86 68 91 108 132 47 89 159 82 176 165 27 177 101 62 55 115 52 104 97 
49 87 181 112 81 134 38 85 115 103 42 174 88 124 157 46 119 130 114 123 114 105 134 91 98 196 35 96 167 18 189 84 152 100 57 162 53 134 110 158 110 81 107 104 70 102 84 111 64 108 91 81 164 127 102 102 67 73 92 108 79 159 62 36 84 155 107 84 2 108 156 170 140 161 117 128 118 87 149 166 159 96 68 72 115 129 159 65 87 35 67 75 51 140 137 126 140 109 
54 137 127 67 94 119 108 43 33 114 96 76 127 119 56 53 89 57 89 83 136 29 165 111 69 70 162 52 77 133 24 134 40 188 67 94 102 188 137 96 146 131 56 129 127 138 12 98 78 129 109 144 144 150 88 128 132 36 74 145 93 100 174 52 165 58 112 57 153 82 84 70 113 94 78 189 92 175 86 63 89 124 164 73 92 54 136 96 112 96 90 98 124 169 125 69 115 149 
138 84 87 66 63 126 68 115 143 116 107 113 95 145 111 64 72 98 182 58 22 51 118 139 68 176 190 149 127 75 140 57 139 102 117 181 161 134 83 45 59 127 94 82 83 12 184 109 85 96 154 110 114 152 123 74 78 113 128 91 92 61 144 109 161 73 150 144 177 85 189 95 62 129 139 135 103 184 164 145 20 54 50 4 105 140 102 73 75 38 80 110 182 61 40 159 101 159 
156 88 123 120 43 39 85 126 108 80 43 92 62 116 102 70 107 109 96 52 66 43 120 59 80 68 43 148 96 73 173 116 26 163 103 44 60 120 116 129 72 143 73 97 59 157 70 127 139 147 93 90 100 129 109 71 28 54 82 53 64 76 45 152 173 96 114 141 99 122 87 161 135 38 184 99 174 148 26 78 107 124 179 56 155 102 124 115 83 106 116 169 111 169 147 54 112 175 
142 90 159 133 86 45 127 75 28 177 50 41 60 109 118 75 64 97 105 6 55 53 66 64 124 105 175 111 6 147 60 60 67 19 125 81 66 176 164 147 51 72 94 103 85 99 119 129 130 119 127 150 171 84 111 68 106 140 49 36 183 96 63 103 149 31 158 152 181 66 111 92 75 85 72 123 22 100 85 140 151 44 120 145 106 38 71 78 157 81 183 18 140 124 102 106 66 71 
59 139 107 98 74 107 36 108 96 124 61 70 44 115 68 144 110 151 139 27 130 96 157 106 136 155 112 184 126 117 90 86 112 89 94 77 122 88 101 104 126 98 127 149 82 78 191 120 117 99 62 141 12 87 76 62 50 78 116 114 128 109 84 152 158 125 125 63 76 36 86 46 32 136 114 46 35 71 35 92 71 51 72 93 5 38 17 125 85 41 53 42 42 171 63 166 86 58 
87 171 187 111 152 85 171 18 116 166 53 88 88 61 143 172 105 121 148 96 90 150 99 108 153 125 169 127 124 79 55 123 90 148 114 69 41 176 81 3 104 128 63 130 114 83 101 45 98 71 171 17 139 103 53 54 149 83 151 170 34 70 38 73 37 56 92 105 62 98 103 2 63 132 75 132 83 122 53 122 104 162 74 43 102 57 112 81 100 134 168 142 90 95 132 117 114 44 
142 87 75 37 134 163 103 56 97 64 182 71 35 63 144 94 136 80 74 31 106 77 168 181 66 136 80 82 171 45 83 101 58 154 86 82 174 119 79 96 174 174 96 90 196 31 106 151 90 146 101 108 153 116 51 15 81 60 31 39 139 98 153 152 173 93 128 78 29 96 87 123 68 95 122 133 65 176 74 113 75 185 60 91 171 22 100 116 122 107 82 33 115 104 39 110 74 51 
101 122 65 61 55 183 166 47 97 53 84 111 171 60 48 57 30 84 82 72 45 103 151 36 150 66 188 124 70 96 121 41 111 127 100 123 101 137 97 143 67 158 141 88 67 145 124 125 100 145 79 116 66 107 84 80 65 118 88 156 107 75 138 86 131 108 118 123 132 51 124 77 109 68 94 74 91 89 27 135 147 117 111 164 126 140 188 29 80 91 158 165 105 153 62 86 74 69 
47 127 52 108 56 148 110 95 195 89 98 150 126 99 159 93 128 18 133 62 174 88 93 61 178 123 107 103 89 63 65 50 122 49 92 136 59 113 119 83 56 119 101 123 183 53 88 143 49 111 33 122 108 106 59 87 106 48 133 142 110 49 67 78 149 110 118 115 102 43 128 119 187 87 124 114 73 39 112 188 23 127 61 82 83 39 142 72 93 99 52 162 86 94 121 79 67 108 
138 91 139 84 67 156 152 87 16 52 89 89 133 89 80 125 10 163 61 174 163 107 45 120 61 130 131 19 142 125 154 22 144 161 52 121 56 80 153 163 78 70 156 58 31 140 120 64 112 91 84 126 117 157 60 78 111 123 95 55 9 68 99 121 47 53 68 155 179 102 80 112 141 79 93 181 139 10 124 103 90 54 22 185 15 45 62 80 123 101 116 115 104 61 48 43 14 88 
104 42 14 98 118 29 148 155 25 171 108 120 132 95 85 92 72 16 147 55 82 133 74 120 82 26 139 170 65 169 109 79 101 109 155 27 194 176 21 75 73 15 139 130 150 191 158 112 70 113 132 123 133 131 114 110 118 165 104 93 97 34 109 94 129 98 80 157 157 137 134 136 69 94 98 61 101 119 82 121 73 139 129 91 176 87 91 83 143 32 70 156 31 62 93 47 167 107 
175 38 75 106 171 124 102 60 129 51 163 150 100 31 159 98 186 117 87 123 88 135 105 90 88 140 121 86 151 121 119 45 56 112 27 66 159 127 128 152 35 107 104 93 87 13 142 46 83 143 166 74 116 118 55 78 88 161 137 132 96 130 65 59 90 35 35 156 63 61 181 128 125 43 68 116 45 100 154 89 74 72 180 55 83 22 180 32 148 92 112 38 158 108 55 68 16 133 
38 145 155 100 45 130 128 76 163 111 167 54 143 77 74 111 124 25 14 112 69 88 59 106 146 133 97 139 79 65 98 122 166 76 110 104 151 63 70 86 65 78 111 135 81 101 63 118 106 133 34 79 186 164 160 76 89 25 110 161 186 59 100 141 75 131 170 80 38 48 60 28 140 81 52 74 182 46 84 58 144 78 38 74 84 76 54 102 65 83 50 136 66 117 121 164 56 116 
159 106 33 112 34 49 142 51 61 45 167 122 74 100 77 163 137 155 79 174 101 140 32 82 45 80 108 82 119 66 62 52 70 97 100 99 101 46 113 111 95 127 27 104 100 90 121 67 76 80 176 59 42 118 136 119 73 26 112 114 95 117 56 28 149 134 59 154 59 95 73 96 115 143 141 94 165 49 85 65 45 172 137 84 47 172 160 61 152 81 84 35 84 136 126 163 103 76 
136 89 134 88 111 111 57 100 151 60 150 126 148 43 72 114 121 103 14 99 103 91 72 74 127 148 119 112 116 102 169 110 90 92 152 70 49 114 79 75 99 55 91 125 103 69 77 59 11 44 164 110 127 76 100 151 138 100 100 104 37 171 152 32 168 49 15 108 41 40 119 79 160 27 25 94 76 130 101 115 102 108 124 169 100 106 106 107 128 73 126 114 57 14 105 129 118 74 
66 120 35 153 49 5 22 156 108 164 122 67 88 73 91 106 111 113 139 153 77 40 121 102 167 93 177 104 126 50 87 108 95 162 93 141 78 122 71 147 122 128 189 79 78 91 136 126 72 117 113 138 66 126 82 150 135 30 144 78 57 120 131 104 92 185 123 123 162 78 159 120 29 187 191 101 182 80 71 182 18 37 119 74 159 28 158 83 101 72 47 43 6 111 72 114 89 56 
58 134 122 117 63 55 112 160 110 75 120 141 66 97 169 88 136 143 97 77 58 93 108 137 56 171 39 114 117 22 48 113 103 127 164 30 95 86 103 193 156 103 87 12 65 186 122 63 118 119 101 90 20 96 158 115 74 31 84 148 72 134 94 11 103 175 121 91 66 45 90 55 69 89 46 96 107 161 66 155 88 129 134 86 131 200 127 140 113 135 59 164 85 129 122 55 85 21 
67 167 83 32 65 135 41 143 179 128 102 118 50 69 156 54 16 77 139 115 151 177 130 151 41 69 21 55 139 51 136 153 63 99 108 150 118 109 83 106 75 179 74 98 60 99 108 104 103 93 171 98 86 145 47 111 120 75 13 169 76 56 144 46 121 104 61 85 146 162 138 192 120 68 79 121 126 109 127 115 44 131 80 95 133 167 136 120 182 98 74 157 88 12 122 106 109 179 
89 136 20 102 157 81 98 114 66 126 46 99 31 76 187 127 77 95 133 124 181 118 58 114 89 66 104 109 94 62 64 106 76 170 72 150 67 30 117 45 57 127 149 119 37 106 57 153 150 108 121 58 177 93 102 138 94 20 121 130 46 129 51 127 76 99 45 95 166 99 96 110 57 108 139 120 71 139 95 110 137 149 77 70 74 124 102 172 131 168 178 117 31 145 130 56 56 40 
89 86 91 89 112 11 97 152 18 91 154 113 148 35 124 191 83 12 25 69 147 170 46 109 108 84 84 136 87 147 94 160 94 64 107 68 122 121 134 147 142 138 127 95 136 98 92 79 88 125 103 80 142 69 85 108 53 178 129 109 140 146 77 98 77 30 119 125 56 93 32 183 28 197 130 125 70 106 71 69 60 80 75 105 107 43 86 53 115 135 169 22 78 72 126 86 142 122 
69 78 77 88 180 26 120 185 152 95 115 111 82 94 188 160 150 54 32 127 136 136 110 60 156 130 82 91 92 43 146 133 78 48 14 123 161 146 68 95 106 48 128 81 97 27 132 103 110 151 137 111 69 50 102 77 130 89 42 115 51 107 157 106 89 64 123 137 28 117 147 68 128 87 47 90 45 106 133 83 101 145 116 165 126 83 67 109 118 96 102 143 151 177 52 148 134 176 
77 68 97 149 162 120 103 112 41 121 140 160 91 137 104 104 82 141 43 120 59 54 101 128 71 33 135 127 69 141 91 119 89 96 138 103 91 191 104 158 132 67 61 100 45 80 85 39 76 68 119 117 64 40 137 105 110 146 66 126 144 44 15 97 181 118 138 143 13 69 184 61 169 136 113 79 169 132 171 145 87 178 129 129 73 148 54 125 97 17 166 72 53 128 64 141 76 123 
170 97 101 167 37 106 64 46 91 78 73 135 98 181 79 85 120 110 160 99 94 75 170 138 120 131 79 106 148 38 72 83 75 23 110 137 145 183 150 128 152 161 107 56 86 96 150 97 142 56 30 97 41 132 121 77 76 178 170 154 159 129 66 100 154 134 146 5 51 114 82 132 80 119 131 191 123 62 105 149 135 89 145 155 135 47 180 152 60 145 105 21 82 72 73 135 70 168 
155 57 54 90 84 90 103 115 106 93 69 108 99 128 38 142 63 169 149 48 120 112 105 39 108 28 143 53 112 67 108 96 110 41 6 101 50 152 92 127 96 70 91 139 86 95 132 46 60 108 146 75 66 91 72 100 101 20 96 63 126 16 99 178 23 117 125 66 96 127 43 78 90 100 90 62 128 55 48 61 120 113 44 34 159 113 69 48 164 104 120 126 45 193 23 118 107 35 
65 85 92 53 146 177 47 114 40 131 67 157 76 51 75 193 120 51 150 61 88 92 101 81 94 20 186 181 35 68 127 155 52 124 158 68 73 91 119 79 84 75 83 112 90 107 113 101 138 79 110 144 64 105 145 133 180 63 103 174 89 18 81 174 161 132 83 92 35 89 118 185 51 27 49 116 64 95 106 166 167 88 163 108 56 14 63 110 52 124 137 99 103 115 159 130 132 159 
51 108 114 125 83 64 152 40 56 67 96 135 22 153 142 170 187 96 112 71 139 110 162 85 49 102 105 32 36 110 108 123 142 89 41 83 96 156 74 91 112 112 119 61 144 141 117 167 101 53 36 163 76 43 73 51 71 193 151 75 64 113 138 115 53 119 98 40 100 170 67 77 88 117 88 65 144 109 109 80 105 128 108 66 169 62 44 92 136 40 84 24 90 172 22 97 107 99 
51 55 47 90 71 106 122 82 97 55 81 65 78 118 54 58 134 6 171 53 76 116 105 93 127 158 129 22 90 86 62 109 139 77 85 73 147 151 107 177 84 119 143 73 115 94 34 104 66 147 152 91 96 159 123 103 130 112 136 141 89 80 109 22 112 90 175 125 79 141 47 166 112 79 97 89 74 67 29 113 154 96 17 122 127 88 83 40 141 105 34 118 159 163 135 118 81 178 
154 122 100 145 154 130 149 161 63 122 94 13 66 125 144 118 167 122 92 158 28 130 150 110 129 24 99 4 163 147 142 63 8 58 186 147 134 86 95 57 150 44 81 65 80 42 42 137 94 101 102 154 89 149 105 122 51 103 49 90 125 45 193 162 79 78 79 84 88 109 21 97 89 109 121 72 107 96 59 132 64 136 118 90 70 113 42 121 125 93 157 114 37 22 166 47 142 149 
121 18 86 68 135 147 52 37 111 138 153 151 86 52 57 139 99 111 83 86 184 90 106 147 125 65 19 90 89 34 96 142 58 140 98 184 86 48 41 60 83 105 50 126 78 61 123 183 87 86 60 20 39 86 168 29 86 27 88 24 125 153 131 50 128 85 97 166 99 134 72 128 48 119 69 109 94 42 78 123 114 147 103 32 81 18 124 125 111 90 105 78 102 98 150 69 56 100 
172 120 24 104 63 44 108 63 31 62 58 153 104 69 42 31 138 36 70 37 110 167 171 154 98 143 182 87 86 35 147 26 85 81 69 62 114 124 69 25 121 38 120 94 47 60 121 17 95 82 143 119 57 76 110 114 45 109 58 52 97 130 51 146 72 175 14 70 119 56 49 63 158 111 36 174 48 81 32 120 134 81 157 160 98 171 112 68 95 47 118 100 92 105 43 92 126 180 
135 98 77 26 127 110 101 146 98 112 154 171 84 136 106 138 45 67 102 73 155 119 45 77 43 81 178 61 120 84 85 144 104 95 50 86 118 45 153 120 134 106 132 131 168 181 104 119 77 116 44 194 132 10 106 58 100 62 87 108 6 136 105 124 116 185 107 64 191 116 131 89 98 128 15 153 98 89 102 164 101 132 71 130 98 85 107 178 49 139 49 141 9 122 99 85 10 125 
36 52 114 143 143 32 109 147 100 88 174 65 112 142 46 184 133 150 68 92 98 153 77 53 121 63 117 133 125 49 179 114 48 30 33 75 123 102 137 124 111 110 132 34 150 88 70 109 120 148 70 127 118 33 66 20 113 37 33 74 69 138 100 184 35 54 72 130 109 139 148 187 118 67 84 47 129 77 29 104 143 106 162 170 52 70 38 93 145 67 40 117 125 128 59 70 67 47 
33 87 48 82 150 167 118 85 130 94 127 64 76 103 134 66 157 128 87 158 76 38 131 58 125 163 42 96 92 39 73 59 128 94 103 115 55 79 105 66 103 100 82 120 124 44 74 99 70 73 94 119 33 51 162 117 15 115 35 108 93 76 70 82 89 128 94 43 82 113 38 117 134 145 79 139 68 65 142 63 86 72 140 123 125 107 75 39 148 118 88 79 141 122 80 80 118 142 
110 163 71 117 111 83 136 112 60 14 133 112 142 119 81 177 44 30 22 69 93 116 141 61 54 28 25 128 61 88 162 135 54 19 102 145 106 63 129 126 103 84 91 112 165 107 42 83 101 60 104 127 69 105 72 49 51 173 81 152 96 126 89 165 123 151 114 130 119 60 106 56 115 120 113 93 35 111 55 98 105 128 117 34 100 38 85 149 53 72 40 131 51 50 108 117 96 99 
85 87 92 82 83 158 199 44 108 28 171 53 85 125 135 112 120 141 76 93 119 129 108 41 123 128 154 170 96 31 151 99 47 129 56 52 21 124 43 100 101 118 180 68 189 15 80 153 116 30 110 119 89 123 82 44 23 90 75 99 60 110 31 62 69 120 95 50 109 66 131 64 138 109 149 88 105 80 25 73 41 65 101 44 98 101 63 71 31 80 143 41 32 72 116 91 152 124 
70 124 59 112 122 30 58 90 144 138 52 56 33 44 77 134 95 144 134 159 82 154 60 109 148 163 117 168 16 40 94 133 74 89 125 99 82 159 102 142 140 96 127 89 65 103 65 123 164 82 91 90 132 50 14 111 88 57 118 108 78 158 152 100 118 140 152 96 78 122 104 51 171 180 90 88 57 144 38 130 53 126 97 32 107 129 112 65 97 91 144 103 24 141 94 52 78 85 
121 121 174 109 144 66 164 95 95 47 140 66 99 151 91 109 84 172 151 147 150 118 132 90 84 134 34 14 129 182 124 86 24 103 95 82 174 117 105 108 123 83 129 32 98 121 115 68 64 148 175 57 90 90 82 44 108 10 75 102 143 109 96 24 52 122 106 55 79 86 37 62 88 88 23 24 127 84 83 112 43 84 158 109 157 62 47 111 126 89 14 60 70 86 158 107 98 80 
70 87 66 110 54 96 76 135 69 37 113 103 79 170 193 94 145 57 119 100 124 105 132 128 101 153 65 57 105 168 91 167 121 102 166 76 102 148 143 159 78 136 58 102 74 76 180 96 75 102 10 64 60 134 189 69 109 39 49 123 183 106 145 156 112 41 158 165 47 138 103 94 120 29 51 119 182 89 74 149 48 52 157 154 45 98 84 136 109 145 107 108 49 86 56 80 153 125 
77 185 106 108 86 17 124 85 51 18 126 99 84 71 153 164 136 141 68 26 53 179 161 130 93 117 76 121 110 39 65 104 148 91 99 111 107 93 156 36 98 102 145 78 82 110 117 103 91 192 59 40 162 23 75 95 126 65 45 96 95 119 98 107 81 54 122 128 61 7 145 83 25 117 100 81 67 83 107 174 185 122 122 29 60 133 126 51 67 90 106 66 159 6 55 117 127 77 
124 83 164 87 74 110 37 133 185 60 92 54 99 34 139 98 114 93 162 58 162 113 112 92 78 126 57 179 122 105 13 132 119 94 110 155 130 136 33 13 118 87 123 113 116 68 130 9 94 125 139 60 124 141 49 58 70 11 31 85 97 170 148 64 105 84 116 66 37 147 157 58 89 123 27 92 89 88 123 72 160 77 180 72 120 171 77 100 54 26 93 165 181 56 30 115 106 160 
136 154 107 119 134 110 128 54 113 33 16 125 174 179 109 16 63 157 122 128 85 34 117 87 112 70 75 140 27 95 103 73 85 183 193 164 20 112 111 151 95 180 94 103 86 142 110 109 62 131 127 188 165 103 116 166 111 160 34 55 45 92 122 72 131 126 30 63 34 83 182 43 144 157 62 113 112 88 148 89 126 159 91 52 143 99 133 152 156 74 86 85 80 109 131 77 133 112 
80 137 95 56 108 155 65 137 128 128 24 66 45 156 69 88 65 80 45 160 105 86 125 84 87 168 50 146 99 109 175 77 110 157 152 122 109 125 99 48 85 32 135 148 111 74 49 49 100 100 130 24 165 116 138 18 108 93 166 134 96 122 122 73 111 103 119 68 150 161 73 118 110 15 78 72 128 80 106 164 7 127 96 131 136 137 94 68 75 155 63 58 121 110 182 27 191 96 
89 85 110 84 129 77 138 152 80 149 120 174 131 168 95 97 63 40 59 94 90 155 73 58 123 118 24 110 159 126 117 157 140 121 95 166 157 62 67 103 62 152 116 55 69 91 164 189 45 86 121 58 80 82 81 143 101 102 120 124 105 100 149 47 79 103 85 82 98 85 86 95 33 72 98 186 130 74 73 102 49 73 77 115 102 36 88 121 95 94 25 146 175 108 60 65 148 74 
102 66 63 126 128 164 44 89 136 138 23 118 122 95 94 84 61 139 105 83 152 156 36 107 166 108 188 160 147 98 122 85 158 129 156 85 120 50 125 77 64 101 111 48 52 172 116 165 121 146 80 62 111 96 161 146 81 110 109 16 97 164 46 84 85 95 133 79 120 50 167 122 93 8 138 97 99 147 123 44 148 105 74 78 75 86 67 131 38 117 83 76 99 115 131 127 85 122 
68 111 131 10 87 170 145 170 53 70 95 77 168 111 163 116 135 157 135 74 75 68 111 58 33 69 40 173 81 188 123 154 138 161 139 85 66 138 103 36 63 34 16 74 113 140 155 82 35 159 101 144 77 84 135 127 38 47 50 68 87 110 96 46 110 143 125 140 149 73 107 108 76 144 146 116 120 31 87 49 50 107 70 130 115 98 92 102 124 114 61 181 106 128 60 130 169 159 
135 92 72 107 76 48 103 171 133 36 187 20 12 113 97 181 94 89 47 90 54 143 158 76 149 87 87 184 141 63 57 64 99 136 64 130 59 97 91 194 160 105 95 129 125 127 150 120 114 46 65 119 83 123 39 123 106 53 54 36 60 164 86 36 70 71 125 98 125 182 101 104 40 121 112 112 118 91 47 172 125 111 156 71 137 46 124 123 27 158 127 80 48 97 138 83 101 69 
127 58 58 129 155 62 149 169 175 95 24 116 91 169 150 133 68 97 158 148 110 117 92 163 94 79 195 32 180 152 110 120 140 85 25 164 154 122 155 60 112 100 126 118 116 100 116 107 58 86 71 154 80 187 133 116 105 148 117 66 102 161 108 121 154 137 134 23 95 88 119 60 117 167 100 15 54 62 20 116 166 115 161 77 31 37 85 80 194 81 82 65 143 97 41 130 90 164 
46 152 81 29 85 63 77 175 169 77 114 85 107 95 124 84 175 87 107 152 175 107 95 83 150 162 111 59 133 100 120 128 48 73 73 118 32 155 64 127 73 113 47 146 83 52 144 73 108 131 146 121 115 151 41 46 68 62 79 133 117 142 87 120 86 103 120 66 144 59 40 178 121 88 77 136 119 129 47 67 47 81 16 134 70 148 91 100 60 193 77 51 100 119 85 6 92 118 
110 131 97 51 65 97 143 55 76 146 131 64 139 46 18 103 157 144 120 56 41 120 138 106 102 134 82 62 88 59 186 57 129 57 170 93 137 143 73 102 24 73 136 77 63 194 127 95 107 81 127 190 77 143 121 104 96 32 20 64 85 142 77 130 102 167 162 154 91 95 117 163 160 87 114 62 187 93 67 174 19 186 101 69 111 59 98 48 96 123 165 84 97 115 117 105 151 88 
50 168 96 196 75 45 28 75 116 69 116 108 171 74 73 148 78 94 103 91 86 115 84 49 52 78 110 127 123 120 107 167 175 131 49 116 151 60 15 83 12 90 83 124 55 102 105 123 150 124 151 193 45 146 33 192 88 98 101 142 58 165 187 41 167 111 159 126 61 110 53 170 47 146 102 8 104 171 143 71 108 140 113 139 92 136 83 144 113 102 45 142 92 27 133 141 186 130 
122 102 61 86 105 177 113 130 160 150 20 142 9 98 125 103 42 79 59 151 122 105 116 188 178 123 103 129 99 132 100 106 70 75 100 125 43 23 43 117 103 68 40 118 46 69 129 81 69 82 14 127 79 84 113 180 2 132 41 152 126 166 102 84 79 124 114 142 24 169 146 142 139 184 146 174 150 81 108 137 77 135 136 52 52 51 172 100 139 38 64 29 68 65 111 117 135 79 
91 54 77 114 148 107 74 28 60 95 164 112 11 74 143 111 157 175 71 117 62 119 126 104 158 79 43 61 177 74 110 148 102 91 114 143 85 28 51 79 28 99 106 77 76 56 39 97 133 102 81 94 38 90 39 97 120 70 174 146 45 55 148 91 110 134 152 102 93 93 91 110 169 107 67 46 166 96 106 94 59 141 109 101 94 163 96 75 131 118 42 66 59 90 81 105 165 71 
157 139 100 103 161 149 89 84 120 4 29 20 59 77 62 165 119 82 97 53 133 138 95 80 124 76 98 92 21 84 108 141 59 160 194 114 85 104 136 125 117 161 131 24 99 101 169 20 157 130 116 32 106 42 77 27 103 111 108 81 135 75 63 39 180 143 61 91 24 77 97 165 78 23 151 111 127 192 104 56 72 117 124 16 146 69 96 93 99 168 65 77 107 148 196 97 96 102 
33 119 172 105 138 37 99 144 49 135 94 62 175 31 62 111 89 84 149 72 145 188 83 102 90 115 114 105 116 44 91 89 134 100 68 114 136 17 59 91 133 56 160 79 61 155 127 133 7 134 88 129 99 116 97 64 119 34 47 124 115 167 30 94 182 183 23 83 118 96 67 142 166 125 73 114 139 83 39 68 104 110 118 122 91 82 111 94 97 101 118 101 112 24 86 59 52 96 
186 49 120 92 52 26 149 69 126 110 167 111 161 110 90 72 125 97 103 43 75 90 78 90 70 81 128 97 91 111 62 20 72 89 45 152 104 115 57 112 52 67 82 120 71 69 117 113 56 62 52 180 78 160 101 109 99 137 89 129 78 102 136 93 34 95 155 81 93 110 27 162 175 79 101 106 73 156 119 32 94 138 86 155 143 52 99 52 163 168 45 69 82 148 98 158 36 85 
77 90 109 97 51 163 75 95 129 132 129 108 120 78 81 54 29 158 56 94 159 95 56 8 72 52 154 113 103 88 115 134 110 150 77 122 62 104 31 91 142 133 55 134 77 76 125 65 93 131 132 169 94 119 45 39 102 53 79 151 69 177 137 73 167 19 50 80 54 175 65 39 95 130 100 38 149 127 73 99 38 141 45 145 116 115 57 62 155 138 135 131 132 13 133 27 112 118 
72 72 35 178 11 40 84 58 115 116 146 59 125 130 99 119 149 146 165 133 117 61 99 152 109 107 34 69 115 143 96 165 31 50 82 100 47 28 73 76 161 142 106 101 74 64 86 82 41 86 1 4 164 98 102 126 109 61 97 93 126 160 132 106 161 57 111 99 37 173 18 141 75 90 159 151 168 82 145 89 61 88 105 143 37 66 74 109 152 102 68 139 58 42 139 160 119 119 
94 140 126 79 139 97 42 118 32 157 93 155 104 182 46 176 91 38 118 35 94 80 129 96 89 132 93 147 74 81 98 120 136 56 36 132 140 166 81 92 66 139 111 81 100 16 172 89 52 176 118 86 7 190 112 88 184 133 37 71 34 45 90 97 100 53 38 131 95 172 132 136 174 169 137 63 163 66 21 66 113 133 13 190 110 144 153 117 86 58 117 96 106 139 170 21 50 82 
42 74 41 114 163 155 113 142 159 61 133 117 53 117 80 143 64 101 125 106 55 102 91 92 89 52 96 34 83 134 67 86 35 126 151 155 138 72 142 24 108 161 54 25 103 166 162 117 142 122 95 134 95 65 71 56 156 92 148 104 158 29 103 61 114 90 21 17 100 67 85 88 155 115 69 148 118 103 157 153 50 62 115 65 67 91 131 96 145 169 115 172 114 93 107 96 96 187 
57 62 133 72 136 107 88 56 31 91 184 159 109 87 139 83 161 77 15 133 102 92 156 67 145 75 95 105 65 67 123 35 110 144 118 113 108 178 24 134 106 35 150 106 136 109 134 117 128 3 120 62 156 79 79 145 109 87 122 116 106 105 45 174 168 156 159 160 147 112 94 131 69 74 81 117 57 181 116 104 119 192 76 75 55 135 100 112 107 97 60 97 108 101 170 86 81 119 
146 92 101 134 88 113 144 79 150 100 119 182 104 82 77 73 166 126 105 69 184 142 141 132 112 85 77 115 145 100 103 78 53 34 6 100 36 84 94 87 68 64 85 96 85 186 80 56 166 141 47 97 88 42 114 131 158 105 171 78 104 49 65 168 59 12 146 165 88 117 64 82 83 130 165 94 126 52 135 109 129 140 128 87 26 93 23 85 135 44 45 170 137 129 71 19 99 150 
150 136 53 167 150 161 69 48 132 92 32 123 124 31 32 58 115 53 162 76 71 68 171 138 33 69 134 91 92 74 110 71 133 51 78 69 149 103 38 40 62 130 114 143 63 103 19 126 48 77 76 103 141 104 76 53 141 30 131 159 136 96 142 119 44 111 105 71 110 48 11 60 119 111 115 85 92 127 120 130 105 66 175 56 183 25 72 40 36 91 175 84 88 69 109 158 122 153 
130 124 59 49 56 89 146 44 102 30 134 46 80 10 64 163 119 78 53 82 39 112 90 125 138 106 63 127 141 55 77 138 56 59 59 89 62 117 48 111 46 116 108 95 146 165 96 119 120 46 80 110 91 128 80 117 57 95 85 16 62 123 142 53 144 110 64 147 82 56 75 67 125 155 67 73 61 79 84 150 62 160 55 116 162 101 118 52 142 107 140 86 133 92 121 94 109 140 
