45 79 20 9 1 71 21 37 0 44 15 32 72 37 8 53 50 7 74 61 94 10 28 0 84 76 28 28 73 26 37 51 47 4 48 40 92 75 96 26 14 77 83 18 44 19 0 88 15 63 99 50 78 6 27 49 66 72 76 53 6 58 12 36 39 53 78 46 57 80 10 53 64 31 12 74 26 10 16 37 17 58 79 68 52 73 93 70 7 6 43 5 79 87 38 27 11 39 48 
59 95 43 58 92 79 92 11 74 56 92 11 43 62 20 23 99 41 66 53 72 77 75 69 50 0 44 37 5 24 74 38 90 77 49 4 31 50 70 85 26 92 64 76 28 5 32 56 1 49 15 77 69 54 25 75 47 16 76 79 85 94 17 1 66 14 14 12 10 44 85 49 59 54 7 50 39 85 21 36 42 26 8 47 43 82 34 2 86 49 92 48 69 68 72 16 65 17 89 
27 72 67 93 86 1 0 53 4 93 9 1 99 24 10 30 36 68 51 46 72 53 14 72 13 86 34 41 47 94 73 22 74 4 68 17 91 22 98 72 100 25 6 99 12 34 53 62 98 14 94 69 48 76 69 96 96 27 91 36 89 6 24 11 92 15 57 13 26 9 70 65 93 35 22 61 32 36 1 72 30 88 60 88 29 79 94 98 20 48 45 59 24 2 7 82 68 33 68 
22 27 89 34 66 32 61 5 49 85 61 0 28 50 78 41 21 66 23 88 64 57 73 84 88 77 61 84 24 26 31 11 43 25 7 95 25 90 10 22 59 60 96 37 100 83 41 64 48 65 66 63 37 44 71 42 39 22 65 63 8 9 93 33 80 82 23 46 64 60 19 72 100 60 1 89 35 42 76 16 64 90 72 58 19 64 34 19 1 65 1 67 31 2 1 8 11 91 88 
72 35 89 71 67 47 0 85 28 54 63 45 52 56 100 64 88 75 42 35 48 53 12 75 40 41 99 40 53 23 5 24 50 61 82 96 36 33 89 98 43 4 37 50 33 57 54 43 82 56 24 15 75 17 17 58 42 82 11 40 56 15 31 41 28 46 71 100 74 96 87 19 19 10 7 82 84 76 1 74 52 51 27 41 18 13 60 51 94 75 69 23 19 95 20 88 46 94 85 
10 30 75 63 64 11 45 77 9 87 71 16 13 74 8 40 9 91 19 61 62 69 90 54 69 96 3 17 14 75 23 65 8 100 10 96 5 89 68 56 16 9 51 6 91 1 42 26 6 66 26 87 30 64 45 0 27 100 42 82 93 52 49 1 23 3 39 36 85 8 10 72 51 60 34 38 85 49 33 91 43 0 11 41 55 1 84 42 19 95 64 94 1 76 40 31 9 12 33 
78 70 8 96 19 84 7 68 65 60 67 85 72 88 96 80 60 63 36 60 46 65 21 87 47 94 74 45 78 30 73 55 45 18 72 34 77 34 77 42 25 51 63 33 42 51 71 53 85 90 45 4 70 93 12 6 31 4 37 0 69 29 94 24 83 62 7 50 50 95 72 94 82 31 96 59 62 9 4 52 40 26 98 75 77 94 60 61 37 87 48 38 23 32 46 98 18 100 37 
78 28 63 81 16 28 76 71 41 3 75 25 97 0 78 68 60 31 26 71 38 73 93 5 55 98 99 80 56 34 2 69 35 17 55 75 29 1 55 45 81 28 33 81 69 72 97 44 65 5 25 85 40 44 38 29 17 97 85 74 22 20 74 37 56 9 67 64 0 55 100 17 55 6 82 24 32 75 13 89 30 77 50 28 99 12 32 64 78 33 51 88 47 74 31 7 84 10 68 
52 40 74 44 57 9 63 35 38 15 79 87 85 34 35 9 40 49 5 68 40 67 32 33 75 8 62 1 77 17 42 79 15 1 14 79 43 28 12 47 73 80 91 0 45 87 52 93 40 63 1 8 51 7 33 73 8 90 39 19 82 56 19 86 3 33 79 78 81 45 17 0 34 4 99 93 48 32 95 38 47 17 41 57 48 56 45 72 92 25 80 91 98 95 32 42 35 46 36 
84 61 50 61 8 26 72 63 57 7 77 68 12 85 66 87 55 30 61 57 39 18 99 90 48 28 8 98 39 100 40 4 67 0 96 70 37 88 32 65 4 62 57 24 20 67 53 100 55 50 69 16 47 44 57 42 42 30 20 26 88 95 84 11 21 23 83 56 19 22 17 12 26 49 46 51 25 96 35 89 69 61 47 44 49 16 52 55 72 59 37 42 41 60 68 43 30 14 55 
71 38 18 29 98 96 59 9 38 58 10 93 40 22 73 24 72 53 1 52 100 18 21 41 47 44 83 46 70 31 91 88 4 73 32 78 87 13 10 50 47 95 84 61 29 20 80 37 73 33 64 70 16 36 67 58 97 76 34 29 63 19 57 23 47 15 17 93 89 52 70 11 18 96 96 15 36 13 96 30 11 73 99 74 65 29 40 100 5 95 79 78 60 70 4 23 73 30 96 
56 55 97 57 89 86 41 75 27 25 76 73 70 87 45 43 76 34 29 63 41 22 26 18 92 92 13 97 46 4 70 8 49 25 64 40 89 95 31 18 12 68 81 89 52 80 9 31 90 51 44 73 62 89 20 51 98 34 53 20 25 91 17 88 20 55 66 76 34 48 95 88 39 57 14 65 88 72 19 87 39 3 48 13 70 17 64 66 28 73 42 52 55 84 92 56 60 66 4 
27 27 86 17 23 67 70 66 71 18 88 24 96 40 8 50 98 52 37 33 79 68 97 37 83 11 18 21 26 83 36 25 9 98 13 64 83 70 20 11 15 41 78 34 63 2 34 92 2 35 58 38 1 81 8 17 91 35 95 31 65 58 37 69 77 73 19 21 22 50 39 27 49 73 64 15 14 90 77 88 83 68 30 71 90 2 49 88 73 91 31 18 29 0 73 55 92 87 24 
7 34 97 78 25 88 9 14 55 83 22 81 28 36 7 26 100 64 81 17 98 82 85 40 73 86 77 20 1 94 5 85 86 32 5 41 98 82 96 80 87 20 91 26 67 82 71 98 91 80 54 67 80 86 11 28 33 99 59 77 87 15 84 90 55 78 28 21 52 72 73 39 91 68 11 11 75 94 26 65 98 16 7 76 95 4 96 18 6 51 98 63 94 75 90 3 8 26 83 
28 71 65 69 81 13 38 13 71 60 74 23 7 60 32 64 44 73 23 27 18 77 43 13 50 72 100 80 40 15 99 73 91 66 29 95 56 78 37 5 53 40 81 32 66 87 41 26 6 42 28 54 96 25 69 43 33 90 78 33 100 54 80 55 8 22 78 14 11 29 95 60 46 61 97 43 90 4 42 44 42 67 52 83 81 90 24 15 58 8 73 42 94 38 73 68 38 28 78 
42 54 30 28 3 90 90 6 46 65 78 76 92 47 97 29 29 58 4 69 33 97 51 32 12 54 78 78 5 41 8 54 91 40 1 31 61 92 39 22 41 97 27 8 7 51 75 50 2 95 48 67 65 95 20 70 82 17 74 79 35 89 65 55 46 7 28 67 74 85 61 56 41 26 46 73 79 64 16 40 58 82 2 12 60 6 76 96 57 98 66 4 67 73 63 0 27 31 31 
61 59 95 88 70 5 40 78 70 60 58 7 5 83 55 8 21 37 1 68 2 30 100 41 90 46 77 45 14 25 62 44 50 82 7 56 51 40 78 56 8 0 34 56 41 30 37 0 11 1 21 89 68 55 22 87 7 18 60 10 57 59 49 10 31 38 2 4 68 32 44 15 63 29 11 35 98 41 39 70 82 5 2 96 80 65 69 19 25 70 21 22 65 4 52 6 11 98 17 
84 95 10 4 1 71 46 23 64 29 86 73 80 94 43 86 65 24 41 23 13 60 41 59 7 0 80 73 78 13 58 48 28 7 6 57 78 41 73 88 43 6 62 7 59 42 63 72 34 81 63 59 63 6 11 38 99 47 27 90 89 91 59 1 35 94 0 41 96 46 12 9 75 80 9 63 61 20 16 86 1 66 79 94 83 10 11 89 34 81 38 55 67 75 38 53 78 16 91 
1 82 90 24 97 23 4 91 40 69 76 97 41 80 49 52 7 85 57 24 35 0 55 88 43 50 0 59 100 58 57 90 38 52 99 7 96 30 80 33 1 77 57 3 98 16 58 77 92 8 96 81 21 79 100 76 20 24 71 4 73 32 62 47 68 69 45 69 62 19 13 1 24 40 68 91 97 11 13 68 61 76 91 92 83 92 36 26 57 100 42 5 83 55 100 34 95 78 85 
6 94 98 5 35 50 22 34 10 76 81 18 31 42 32 41 60 89 44 95 50 84 28 3 41 81 57 66 13 18 51 51 67 24 80 45 94 73 43 11 16 96 72 37 27 30 56 50 47 97 77 91 33 46 25 80 14 84 51 16 29 65 93 81 54 27 47 77 82 39 88 49 16 74 66 1 10 17 56 19 32 22 13 91 7 5 52 18 65 97 100 83 96 68 25 93 78 84 34 
61 46 29 31 12 75 39 34 1 86 83 19 97 4 5 13 32 47 28 60 71 17 18 52 26 89 22 54 34 17 52 99 55 23 23 52 84 41 99 54 72 18 18 51 72 27 53 37 28 5 79 89 56 63 90 34 42 31 13 27 85 95 16 93 6 100 62 9 29 60 74 60 63 34 61 3 29 79 70 24 18 54 21 47 27 74 41 14 54 16 59 34 66 33 21 60 74 0 25 
13 100 56 91 93 31 17 41 39 82 67 60 92 42 73 24 80 100 44 37 31 61 33 58 51 98 62 74 13 59 0 100 16 12 2 11 28 72 16 81 30 24 87 23 62 94 14 94 91 17 14 42 97 88 42 35 63 44 0 54 61 62 53 22 56 76 8 19 97 20 73 8 58 97 76 92 21 33 12 58 15 95 25 1 93 75 35 38 61 32 23 85 11 76 33 47 2 75 46 
9 84 17 4 35 17 43 52 62 94 34 92 13 41 57 81 74 41 43 82 98 67 55 67 13 11 10 35 52 8 93 86 100 98 69 66 7 64 66 69 17 72 63 53 45 6 22 78 24 45 92 69 38 0 11 46 69 90 38 47 15 7 54 33 96 70 48 14 78 89 48 87 32 30 81 25 7 16 56 27 96 65 72 81 74 68 83 79 77 52 86 90 97 68 82 95 85 8 79 
21 23 37 12 54 68 65 56 71 16 98 16 29 64 53 70 22 36 46 33 82 80 24 64 44 49 99 16 7 34 78 70 62 47 2 38 35 77 58 2 52 76 63 45 9 28 32 62 20 21 84 17 66 5 89 41 53 32 17 72 86 67 28 98 17 0 12 95 53 17 6 57 35 69 98 46 70 83 54 46 76 2 49 35 16 6 31 52 21 52 63 96 21 100 39 66 14 79 97 
49 84 49 63 6 63 9 59 42 82 59 58 20 5 56 0 86 40 91 21 94 53 26 66 36 66 6 70 32 25 48 94 41 46 87 86 19 49 18 88 14 27 95 14 22 98 14 93 71 63 52 14 85 26 63 17 71 94 67 54 38 88 22 26 18 30 14 50 64 78 23 83 40 50 89 70 14 15 36 31 50 78 2 69 93 47 45 1 13 23 57 18 99 38 50 65 80 41 74 
83 65 27 78 91 83 38 99 99 50 49 3 33 55 43 38 99 29 6 14 14 96 97 36 50 63 79 91 86 8 10 28 69 91 32 70 5 93 80 100 97 60 92 13 52 48 71 74 51 8 78 45 10 53 60 95 96 45 70 62 85 47 84 41 98 26 97 82 75 93 25 10 70 62 47 98 81 82 95 72 49 86 83 43 65 30 81 24 54 67 41 6 24 52 1 40 63 97 33 
13 93 35 3 73 25 13 20 50 62 97 67 72 96 87 6 88 20 12 75 90 11 77 90 83 89 64 69 77 29 82 48 67 83 58 31 82 91 38 64 62 25 81 78 24 27 25 34 12 17 91 68 67 20 28 51 22 94 94 99 6 11 37 82 41 52 37 59 79 93 69 19 98 15 43 89 20 90 90 17 44 48 42 80 93 94 31 85 82 28 95 46 31 0 81 1 31 8 13 
23 45 9 68 53 32 46 16 2 47 55 71 88 34 42 60 40 24 84 53 6 6 65 73 2 54 37 54 5 88 13 88 41 95 86 92 21 62 52 82 62 8 15 50 31 54 36 12 45 50 86 76 40 35 53 42 73 19 54 9 0 54 99 47 21 64 83 89 23 45 93 79 35 17 86 11 29 64 5 30 65 62 4 0 63 58 16 73 71 9 8 67 57 23 43 27 50 66 61 
98 96 59 0 3 49 16 26 93 34 43 7 66 33 31 87 4 95 40 71 87 49 65 5 96 56 17 5 82 94 83 57 84 86 4 60 17 57 69 15 84 88 57 10 23 36 61 97 93 58 40 12 92 7 1 21 84 75 69 62 2 82 88 74 5 51 19 43 15 50 5 16 43 97 71 97 63 58 98 17 2 53 7 89 45 70 15 43 91 35 45 77 74 48 89 30 87 68 79 
15 15 88 73 14 41 5 44 79 81 37 4 31 100 88 58 65 59 48 33 34 19 57 38 70 45 18 15 25 91 82 18 23 93 46 42 54 31 72 92 80 17 82 22 3 61 45 5 66 33 31 75 94 35 0 88 52 13 95 80 21 90 88 2 35 75 4 81 31 58 57 2 24 40 9 17 73 47 19 97 96 9 13 30 89 24 48 40 58 5 89 7 69 38 56 57 46 72 1 
30 46 81 71 32 72 31 51 68 44 80 52 72 22 98 0 28 54 29 70 7 82 61 1 16 92 35 17 82 62 78 86 99 2 91 88 2 20 69 6 37 15 76 80 89 87 67 11 63 52 30 3 51 97 34 35 59 85 3 5 79 100 91 40 86 47 26 77 40 10 83 19 31 58 37 42 65 47 73 16 100 68 64 64 38 98 1 78 58 81 71 75 30 78 50 73 47 45 16 
99 63 28 57 14 42 36 27 35 98 15 19 74 93 90 46 60 83 53 37 93 27 8 8 73 72 72 84 36 63 69 66 17 70 2 2 61 36 16 64 46 98 72 52 70 20 32 14 86 18 23 90 85 53 44 28 52 36 13 74 12 65 25 50 74 28 98 97 83 95 37 72 50 74 54 20 15 15 64 8 81 14 91 28 56 25 80 99 16 84 63 76 86 37 0 98 20 60 7 
70 75 93 81 98 79 87 61 82 12 36 93 2 17 38 99 60 32 42 80 93 56 68 81 35 89 4 33 12 15 29 38 13 62 98 95 11 75 64 87 71 5 53 32 18 84 91 82 28 77 87 75 29 35 16 65 88 73 96 33 46 52 87 25 38 74 44 72 95 80 38 82 52 92 26 84 43 9 21 90 43 60 95 27 30 81 74 17 4 77 42 31 6 6 52 22 13 27 75 
34 90 32 95 69 37 50 38 87 69 74 29 86 27 61 21 96 99 52 39 67 86 18 79 42 33 91 81 7 38 12 48 15 31 5 16 32 2 88 64 4 97 99 84 60 79 18 95 45 49 20 2 27 2 88 64 22 72 22 1 70 100 67 68 81 47 84 32 50 5 4 99 23 28 33 36 8 19 18 67 86 91 56 23 100 23 78 9 78 79 100 92 41 68 32 14 71 10 87 
57 40 33 5 98 48 83 66 72 5 80 62 20 75 2 88 44 3 1 69 24 81 8 73 53 17 85 20 11 12 75 96 79 54 57 69 90 16 17 17 11 31 46 68 18 74 72 16 30 47 91 48 24 45 97 18 5 63 95 5 44 30 69 79 17 8 61 8 52 41 85 98 80 94 14 12 94 11 70 53 56 96 26 65 24 19 79 14 76 30 77 81 87 88 22 99 67 24 5 
43 66 23 43 38 99 29 45 53 46 73 28 92 43 98 0 41 21 65 0 62 0 37 92 74 64 82 90 87 37 5 37 75 74 17 55 78 23 74 19 73 91 21 69 35 20 60 47 19 71 53 15 71 74 82 89 1 43 72 34 36 69 50 79 69 13 16 8 7 50 39 84 23 13 70 62 92 19 38 54 97 98 77 41 42 47 49 10 64 67 40 7 85 71 29 24 43 100 90 
75 23 90 34 12 87 45 18 91 50 83 22 4 96 73 85 25 75 94 46 38 54 15 49 31 48 42 36 4 79 31 79 3 95 72 40 96 34 87 41 47 42 42 2 32 33 39 45 14 85 88 90 12 80 65 54 70 76 52 68 90 28 45 57 34 29 25 15 80 11 56 68 42 80 34 100 16 67 31 6 22 96 91 40 64 9 43 14 54 15 35 81 23 11 77 95 67 14 45 
12 70 99 41 12 7 54 72 20 28 36 68 91 83 77 59 72 89 96 37 50 31 85 85 45 15 24 62 28 65 72 100 3 14 79 64 65 50 20 66 22 33 77 98 98 34 72 45 15 33 86 28 38 9 40 67 21 14 60 90 14 45 58 63 66 92 76 72 53 16 60 54 92 79 72 20 51 22 93 20 86 54 48 71 4 42 17 14 17 24 78 58 61 77 93 28 45 91 2 
38 20 63 91 89 68 21 66 78 100 100 10 12 78 71 60 53 57 58 16 7 90 69 97 9 43 37 96 98 95 18 71 85 21 71 88 43 44 52 14 78 51 95 70 70 69 38 92 30 87 90 16 37 78 37 24 41 16 93 52 99 32 20 61 91 57 97 3 44 19 78 82 77 65 86 66 35 8 39 51 51 25 74 29 65 77 51 56 53 30 90 32 59 64 4 37 16 66 15 
84 30 44 41 2 18 41 79 90 77 28 90 86 82 40 86 58 28 25 2 20 26 18 87 41 83 9 64 54 37 23 4 93 90 95 20 32 87 9 87 17 64 26 89 83 2 86 51 24 61 17 78 41 86 25 44 37 20 81 61 19 88 5 8 92 51 51 71 22 91 27 54 45 65 69 70 18 48 41 32 11 84 21 92 92 49 25 22 32 75 19 10 98 64 92 80 71 67 57 
69 37 72 65 7 47 7 30 18 85 11 10 55 75 60 7 48 28 62 70 93 4 75 79 43 80 98 80 98 35 87 13 23 6 14 72 46 86 70 59 54 38 76 0 78 99 41 26 18 69 61 69 14 69 16 98 3 79 86 10 45 99 21 77 82 39 80 23 51 77 1 35 85 43 12 24 68 70 55 17 28 59 99 10 70 36 63 0 26 62 74 21 43 2 97 2 45 2 7 
3 99 23 29 38 23 87 1 40 67 94 71 64 94 39 44 84 55 7 71 1 94 12 75 57 85 81 42 16 83 21 18 87 26 83 84 22 54 77 43 90 60 63 72 72 89 76 95 47 37 24 90 71 85 61 17 15 9 1 33 36 86 23 39 59 56 83 75 58 29 85 4 2 82 93 41 20 38 33 43 74 26 6 73 40 96 50 79 9 1 14 1 30 8 48 92 75 87 78 
39 12 26 71 74 3 25 52 68 52 19 36 68 31 26 40 6 29 42 79 32 65 52 56 44 0 16 76 45 57 48 10 75 55 42 57 23 13 52 97 99 39 3 66 5 36 15 19 1 31 82 1 97 49 31 67 38 14 87 49 77 40 98 62 71 45 17 70 27 93 37 31 62 69 8 20 73 25 75 92 22 9 29 21 57 10 65 54 31 35 89 7 45 100 39 19 33 34 11 
37 29 10 2 58 51 85 5 47 31 60 74 97 72 91 48 70 16 51 79 50 18 51 80 43 62 23 31 35 93 97 59 12 40 83 38 91 79 35 14 28 4 12 10 3 26 47 74 58 73 7 50 90 21 100 1 21 49 73 57 45 24 21 55 0 10 10 24 13 67 82 17 82 41 97 2 72 85 85 84 61 10 31 6 45 80 34 44 59 39 24 91 30 0 9 27 70 18 44 
59 77 28 2 52 47 35 82 99 40 1 74 1 8 53 65 38 5 37 56 10 64 78 41 11 87 42 74 33 8 26 93 6 70 80 12 18 35 40 78 81 10 46 22 37 81 39 10 48 66 19 14 48 77 19 55 78 74 44 39 45 66 94 73 5 20 99 61 56 76 80 29 8 15 22 83 41 2 43 84 77 43 82 82 45 74 100 53 52 87 11 89 80 55 29 57 70 73 69 
66 35 95 100 76 84 33 34 14 80 53 55 42 64 36 56 55 41 27 93 41 97 54 67 43 36 90 5 56 12 64 80 75 55 13 57 21 75 41 56 10 46 64 53 89 75 92 63 2 88 74 100 26 95 51 71 74 94 17 87 68 35 65 65 21 100 60 82 80 30 18 45 69 74 40 47 69 16 64 23 54 61 98 51 54 35 43 11 60 2 41 25 57 13 63 19 77 50 47 
54 5 38 82 0 7 28 44 62 87 90 52 10 42 5 96 54 86 3 34 84 12 64 91 77 63 76 16 70 68 18 97 100 99 89 64 68 88 68 94 35 42 97 29 32 92 40 28 58 47 67 61 95 6 51 86 6 64 89 97 51 26 38 27 28 55 99 84 80 87 29 38 4 6 78 75 80 44 39 87 72 76 98 53 39 61 11 89 39 98 29 70 77 4 0 70 28 65 55 
76 6 16 44 27 4 31 39 67 24 56 98 71 51 95 61 17 99 62 43 11 55 97 41 50 96 89 65 16 32 99 44 7 67 53 5 92 31 8 58 44 68 4 80 71 81 43 48 44 20 25 58 5 49 42 51 82 70 34 67 9 77 8 27 95 95 17 82 60 83 13 82 75 40 74 80 50 85 42 13 60 85 61 33 93 14 17 94 91 60 14 89 32 100 100 76 65 83 44 
76 60 73 45 3 49 67 1 55 67 66 64 50 53 89 70 42 48 75 69 83 3 30 85 6 34 77 24 28 70 24 44 99 98 45 20 29 96 64 98 68 75 58 99 92 27 12 43 7 84 76 36 91 4 66 76 24 89 55 8 77 49 48 0 48 97 59 69 37 78 78 85 69 20 48 33 10 25 100 86 80 7 56 34 33 74 25 27 67 71 67 22 12 13 7 94 86 97 65 
52 44 56 76 21 56 33 80 96 50 32 77 5 58 35 77 48 84 96 86 67 43 81 46 16 5 14 86 95 4 73 31 63 97 24 7 14 83 52 8 58 7 5 38 49 43 28 2 25 85 18 27 65 61 94 53 22 16 41 44 71 72 15 9 1 51 15 76 22 42 18 83 58 50 59 82 99 45 28 67 72 41 48 100 79 57 11 17 86 69 87 56 91 99 4 0 57 90 22 
18 97 95 100 65 32 71 59 52 40 25 13 33 98 78 65 100 92 0 91 20 69 51 44 86 6 89 36 54 93 57 88 69 57 53 59 66 65 5 51 87 29 6 63 41 14 79 90 70 74 43 28 100 69 22 55 80 95 26 80 2 8 42 56 65 34 63 53 13 47 78 19 76 25 70 8 32 34 77 98 72 37 45 38 28 23 0 85 61 40 30 51 67 98 90 24 49 9 12 
57 85 38 85 57 44 2 24 78 70 57 80 87 13 1 28 62 6 4 18 58 9 61 8 66 19 61 44 94 77 84 21 28 56 82 0 18 72 55 17 28 44 88 30 15 59 1 91 15 55 30 25 29 73 42 26 53 14 10 92 57 32 13 15 73 75 0 36 70 89 2 88 65 32 71 97 8 1 19 89 42 56 62 8 47 14 28 61 49 31 23 25 61 85 69 37 87 60 80 
82 0 40 69 31 91 96 11 46 14 48 68 54 71 77 100 28 74 16 59 87 18 83 84 38 79 39 27 98 76 64 2 2 54 68 43 14 7 72 35 39 19 40 45 43 49 49 69 89 59 4 27 54 21 3 63 40 6 8 82 31 61 46 77 81 29 27 95 47 29 64 20 1 6 2 52 40 4 55 47 67 50 13 30 10 60 26 94 54 50 87 95 1 24 13 71 0 55 47 
46 79 21 14 82 28 9 37 79 84 54 40 100 44 22 92 72 92 51 86 95 29 31 55 36 51 7 88 32 29 55 89 22 11 73 41 59 16 99 40 38 82 80 79 23 80 13 59 43 65 95 81 69 70 64 41 99 42 48 18 76 0 85 51 70 17 94 39 27 63 94 99 27 53 35 26 79 74 60 49 72 95 95 29 20 52 3 76 52 11 95 37 72 8 6 57 48 32 23 
8 90 37 95 98 89 11 92 7 92 46 14 13 0 42 43 81 90 83 16 36 39 45 34 11 84 47 50 40 78 53 32 3 22 47 26 88 88 17 52 78 3 64 92 35 81 46 86 76 0 24 82 65 48 69 81 24 1 9 67 23 8 17 39 82 77 95 82 37 22 81 96 51 32 79 49 95 53 18 4 72 96 69 91 30 95 20 20 4 78 7 27 5 76 15 21 80 35 65 
36 30 83 36 79 91 96 94 61 37 19 33 43 81 30 61 73 11 98 31 43 4 48 19 83 90 59 77 57 33 10 32 83 50 62 9 37 37 35 48 59 45 61 9 40 40 48 87 27 74 52 82 49 77 35 33 18 22 11 3 59 77 14 20 29 98 67 82 41 22 31 53 57 97 22 38 33 74 1 40 65 53 66 4 98 40 84 58 81 100 99 17 22 17 2 1 20 82 42 
49 75 67 94 49 20 1 23 62 15 44 83 90 18 39 96 17 83 17 97 2 2 5 28 22 11 4 32 53 20 52 34 34 19 47 49 85 31 0 33 75 8 100 77 17 24 51 4 35 75 74 75 88 15 81 28 82 92 85 73 95 16 40 28 100 66 49 73 4 50 8 37 34 51 70 75 75 60 50 32 56 57 96 8 72 11 49 51 71 13 51 52 80 79 38 91 88 61 82 
62 49 83 85 70 47 22 68 10 86 43 82 87 36 89 71 30 40 11 86 86 3 89 6 37 3 99 99 42 19 98 92 27 70 33 44 60 15 5 90 9 74 74 60 69 68 60 85 95 21 68 30 43 23 38 11 74 51 69 78 19 62 66 53 0 78 43 52 32 82 22 46 8 66 21 31 61 50 19 33 41 77 10 26 11 17 21 72 21 50 73 7 75 92 80 33 0 71 86 
10 58 87 98 15 63 7 29 73 49 60 59 5 89 19 72 78 10 3 85 88 18 44 44 96 4 34 37 75 14 21 25 23 38 61 65 67 16 37 0 26 82 21 27 23 18 38 48 56 21 98 79 80 70 66 51 37 44 45 55 22 11 55 4 5 28 92 2 26 54 43 52 54 8 98 3 50 69 100 54 38 56 4 21 100 36 85 24 26 96 12 2 17 53 35 45 5 56 29 
25 41 32 53 23 40 100 91 69 0 44 55 55 74 95 8 25 22 54 21 87 68 6 23 3 68 21 31 48 82 4 61 25 97 21 64 93 43 8 28 9 19 77 32 84 20 92 96 34 48 54 84 95 42 57 90 15 89 62 76 49 58 97 14 22 90 24 4 85 8 84 29 14 36 69 42 28 45 22 92 1 93 74 99 80 99 17 26 77 71 46 84 91 30 20 0 100 21 32 
29 21 62 16 56 67 38 65 52 56 30 4 30 36 59 95 75 43 6 67 35 31 65 40 60 91 44 78 25 93 86 78 54 10 19 95 98 58 63 23 44 41 25 54 75 53 63 93 94 78 75 92 54 9 47 99 77 92 22 95 63 16 30 15 63 72 69 11 47 83 85 10 41 78 42 18 20 42 31 22 77 58 94 42 37 26 46 81 90 37 2 94 55 81 47 72 40 54 25 
77 69 35 43 81 73 40 75 85 95 39 85 3 83 6 43 44 26 67 19 46 28 73 57 15 50 0 12 64 97 23 84 28 76 100 98 45 78 45 56 97 12 56 14 16 63 66 16 85 100 82 26 88 39 2 99 51 14 70 61 52 80 62 68 76 86 70 7 39 24 45 3 60 74 45 25 69 86 87 57 55 93 94 100 12 81 87 72 98 88 71 62 92 82 36 63 86 1 12 
3 12 17 49 28 52 67 49 28 41 65 74 12 70 22 1 81 16 96 2 68 25 31 73 47 76 50 5 7 75 36 61 8 97 52 7 81 18 11 47 32 53 23 15 63 77 14 33 37 47 61 48 85 33 7 91 37 6 42 6 3 42 58 20 67 88 1 23 19 21 47 47 43 33 27 48 24 11 32 28 41 26 17 76 9 95 31 2 0 100 74 68 29 68 34 35 41 17 1 
49 39 46 22 56 74 96 56 77 72 41 69 93 30 100 47 42 26 58 60 33 56 48 73 99 48 66 45 43 13 84 38 77 87 41 79 96 85 61 18 64 51 88 87 16 6 85 35 51 50 63 44 23 11 51 3 50 6 76 81 13 39 98 69 95 19 15 69 100 81 60 32 32 50 75 60 53 94 2 94 29 24 78 62 73 45 8 97 72 15 39 32 2 59 66 71 96 59 5 
15 86 94 98 93 25 25 5 7 95 38 43 28 42 94 73 69 80 85 42 41 36 92 50 39 76 96 77 22 48 78 76 27 70 11 49 68 11 24 31 42 29 79 55 97 74 18 8 100 41 87 94 50 28 45 78 23 52 46 91 3 66 50 61 66 60 36 20 48 82 18 31 1 62 26 9 44 3 5 10 33 6 58 46 34 49 42 58 38 51 25 90 57 49 45 20 94 67 51 
39 50 42 71 41 45 53 37 50 30 3 42 87 91 1 44 57 37 84 19 13 16 38 2 77 36 55 30 93 60 97 51 37 10 71 85 82 22 76 67 61 76 76 22 87 26 73 75 61 9 1 47 21 59 54 93 31 86 3 99 6 0 93 95 37 48 11 77 21 37 98 68 54 8 36 63 73 38 1 79 22 36 55 60 32 31 79 81 87 3 69 80 92 14 38 88 53 42 96 
21 3 33 46 53 95 57 81 98 98 74 67 63 20 75 90 100 97 18 42 8 71 39 23 57 98 59 29 13 62 63 33 21 72 69 100 3 59 9 53 26 16 76 36 28 73 56 85 10 58 37 38 98 90 81 38 72 8 19 65 83 11 54 85 71 94 22 59 8 18 47 58 95 77 9 32 96 37 31 34 25 49 98 17 45 42 75 84 25 18 10 82 49 25 64 20 31 12 26 
47 52 100 79 20 92 15 7 39 36 27 78 58 0 40 92 20 41 29 25 19 72 97 10 69 43 47 3 35 17 26 65 29 98 60 1 41 72 51 37 85 33 73 15 41 47 97 61 5 18 41 19 48 41 33 97 66 86 64 19 76 89 25 7 81 90 5 56 81 15 16 38 90 44 56 0 29 73 25 68 17 92 29 39 22 32 89 60 40 38 97 1 33 41 30 26 55 1 4 
57 90 29 5 20 71 21 54 43 84 41 68 65 3 34 62 86 65 76 80 75 29 60 9 90 82 97 49 94 82 36 57 90 88 98 77 22 79 21 37 44 30 0 58 68 11 59 93 68 1 0 7 12 95 93 87 46 94 89 71 85 84 89 87 88 17 27 92 50 52 46 67 66 98 6 20 10 70 64 20 61 48 77 55 3 94 97 66 76 77 52 5 27 16 81 52 46 3 56 
8 4 3 29 7 5 41 11 27 7 37 49 2 2 96 76 91 33 89 88 50 76 89 33 42 47 40 11 32 3 10 16 52 13 45 5 16 49 100 75 32 81 96 9 31 44 56 67 18 35 47 94 34 49 3 18 42 22 51 86 25 30 41 88 85 29 7 65 53 57 80 13 23 16 13 69 8 46 41 5 75 62 70 25 38 88 52 22 63 85 96 57 85 54 76 13 19 5 68 
93 4 29 29 65 69 85 65 13 38 28 71 54 3 16 51 6 46 15 16 24 62 49 95 8 53 24 65 27 3 86 37 63 49 25 25 64 59 7 67 98 47 68 24 43 57 14 61 25 40 63 98 34 87 39 68 40 89 96 34 88 37 33 47 96 96 90 63 20 52 75 51 45 20 88 4 0 97 76 6 58 52 62 27 99 57 8 74 87 63 7 41 73 98 0 88 36 8 83 
16 31 15 2 36 74 4 30 1 43 81 36 69 28 6 99 60 67 93 10 2 4 81 74 54 23 5 84 19 65 1 0 80 59 40 91 82 18 31 36 20 90 98 71 28 20 30 4 49 61 52 9 6 15 98 44 71 49 95 62 17 79 46 51 84 6 67 55 64 99 21 98 83 50 80 42 39 2 78 31 50 15 12 26 22 49 24 45 8 69 31 71 79 61 13 14 46 54 1 
58 8 60 15 6 2 98 57 24 48 60 36 67 21 84 15 41 20 93 47 49 40 33 82 55 36 18 30 92 81 72 0 20 21 47 87 32 79 52 65 35 91 13 63 79 48 37 69 44 95 33 73 86 72 7 4 80 2 23 18 91 11 25 39 37 10 46 31 74 30 17 40 75 60 37 24 9 57 76 8 84 82 15 22 78 86 49 72 69 34 4 21 97 49 38 47 3 47 73 
92 71 3 16 66 45 63 43 53 20 47 28 73 84 11 27 100 97 9 21 85 71 14 54 64 60 99 13 14 66 4 54 21 51 99 96 55 40 31 78 77 67 13 5 60 74 51 30 74 20 57 43 80 53 21 7 44 16 68 74 18 16 88 10 68 30 87 22 0 42 83 41 40 92 4 88 40 43 36 47 67 86 0 23 68 25 49 52 15 75 22 88 67 17 46 45 60 94 58 
11 97 95 79 17 96 14 76 57 76 18 95 83 35 55 12 94 42 6 0 57 35 7 10 83 83 71 81 5 21 78 8 17 77 45 61 8 65 69 88 85 73 33 42 28 45 80 39 65 9 81 41 86 34 42 40 39 12 94 86 92 3 9 82 70 97 18 41 70 77 60 85 98 28 62 29 35 100 17 40 23 28 66 87 49 21 64 57 41 86 34 81 90 71 37 83 57 73 25 
1 99 0 52 87 1 43 21 63 77 57 62 48 74 79 65 39 72 71 98 100 87 62 58 21 75 26 16 59 76 23 10 84 59 30 94 76 54 40 90 51 41 25 37 73 53 81 22 30 93 20 8 59 24 41 3 33 78 49 65 90 30 80 52 82 64 87 96 52 0 8 5 100 24 50 21 19 34 57 61 52 71 46 100 68 82 62 80 72 86 25 33 30 15 92 88 78 57 97 
27 31 69 89 8 22 1 90 42 38 45 86 48 79 87 87 61 7 61 57 8 9 81 59 79 47 60 90 66 10 24 18 18 33 82 99 5 60 5 59 59 77 12 83 22 13 82 41 3 37 9 9 17 75 12 18 59 61 9 11 85 29 3 89 67 45 72 1 87 54 24 40 98 4 3 24 27 11 68 3 32 50 96 30 81 64 1 81 45 35 4 73 54 70 85 20 79 79 9 
67 46 54 11 54 88 8 74 24 13 97 41 90 81 38 51 51 35 79 78 21 59 85 56 86 50 62 86 19 26 11 94 4 60 93 3 67 6 49 56 48 42 69 87 58 27 73 64 19 74 12 71 85 28 32 55 48 11 46 12 9 19 37 22 22 86 60 43 16 84 79 68 0 44 97 15 70 74 4 83 24 2 97 83 20 25 47 53 19 15 46 47 89 93 64 21 77 92 87 
95 49 80 80 22 30 64 47 11 78 47 18 79 79 48 60 77 55 98 60 66 32 24 7 44 33 100 96 57 92 92 42 55 71 80 92 54 89 11 99 30 39 27 57 82 55 52 44 61 82 62 78 8 90 34 88 58 22 23 78 55 52 31 20 91 15 91 94 96 50 26 32 42 37 52 42 76 69 55 1 0 84 31 95 97 36 75 51 70 77 7 30 89 34 66 48 88 79 94 
19 92 88 58 57 94 66 14 39 24 1 31 9 85 3 20 51 19 88 47 69 93 31 61 71 7 88 19 75 39 87 2 72 74 64 30 48 17 3 49 80 74 27 12 6 43 2 98 89 38 73 71 95 2 75 98 5 80 53 84 60 71 71 34 56 55 8 12 99 98 98 33 66 11 76 30 19 52 14 45 86 23 46 21 96 21 54 32 47 16 61 89 65 71 84 1 88 35 93 
22 8 5 93 27 38 34 29 19 69 63 0 49 67 37 4 68 41 99 96 30 77 5 83 74 30 1 15 69 99 22 73 32 79 29 27 74 22 60 93 98 6 29 21 15 63 8 39 92 61 94 23 92 4 52 98 89 5 7 14 18 57 2 14 15 100 34 57 81 61 83 59 24 93 14 18 49 30 3 92 62 100 46 68 43 88 22 99 40 37 73 62 79 46 67 27 46 29 36 
16 100 97 7 46 89 15 39 66 32 95 53 57 63 80 44 43 69 37 5 24 73 31 48 4 84 78 65 58 9 13 92 14 43 70 74 79 53 13 24 99 63 71 60 30 6 69 97 74 53 62 95 71 79 98 87 73 16 100 51 93 62 35 16 32 12 31 50 14 88 95 41 91 80 18 60 68 55 26 57 96 9 37 79 81 63 29 49 93 62 21 55 42 27 8 7 79 86 17 
73 91 46 48 99 45 60 31 19 14 53 30 96 58 47 22 9 100 33 55 1 98 90 9 49 2 4 76 45 70 10 44 65 77 86 26 43 85 74 48 72 70 56 30 11 20 23 45 63 97 32 52 72 65 51 2 60 59 97 89 35 67 78 14 96 81 5 67 58 79 33 11 37 2 50 45 65 37 70 53 55 74 5 4 22 78 78 83 40 50 77 54 67 7 8 35 82 74 36 
56 3 39 19 50 67 41 3 90 55 24 39 83 11 92 76 55 29 60 30 10 18 23 48 58 21 23 25 6 74 91 40 0 74 71 12 85 69 58 69 31 47 100 4 51 68 12 56 11 48 18 43 36 21 58 79 99 1 5 89 74 35 32 78 45 17 60 88 80 20 14 60 32 78 63 93 67 48 32 32 66 7 41 26 74 80 64 97 11 15 12 31 25 13 98 14 47 12 93 
23 5 3 15 13 100 28 69 47 79 73 88 75 86 46 33 94 39 88 50 13 52 17 19 23 21 11 8 75 67 49 92 98 38 90 5 7 85 69 43 78 3 16 79 31 31 46 40 20 52 68 78 91 84 52 48 18 97 14 5 27 96 30 70 88 14 56 89 7 70 17 63 18 16 54 21 96 24 94 65 67 16 74 37 31 24 78 94 14 76 1 75 75 40 94 41 58 9 72 
92 99 39 19 31 82 64 54 60 9 73 39 37 54 5 48 40 47 35 11 14 10 97 73 42 13 15 58 52 22 86 90 37 25 51 94 95 3 83 21 76 2 49 31 100 73 4 12 77 42 59 92 35 19 51 10 15 47 44 34 33 46 75 38 48 73 14 4 42 28 25 86 55 16 77 6 54 67 55 50 1 94 93 75 82 40 28 13 78 33 95 76 12 15 99 42 97 10 86 
33 55 8 70 64 9 53 77 48 76 70 92 47 22 88 96 17 87 44 6 16 2 54 49 6 21 37 19 61 57 81 17 50 44 30 60 100 41 46 32 65 46 49 57 50 65 12 67 17 12 21 33 30 94 99 92 77 58 37 0 15 26 59 31 60 48 49 25 50 39 18 59 34 28 49 57 70 51 54 86 68 11 73 74 1 96 52 52 0 24 17 85 23 0 38 74 61 16 51 
98 35 91 98 21 95 62 20 86 32 47 23 26 87 58 56 1 3 3 76 13 76 11 52 73 70 32 56 86 58 74 56 59 1 87 73 71 1 100 39 3 87 15 16 93 35 21 50 53 62 76 84 48 71 3 23 32 10 30 47 76 66 18 64 79 28 76 46 39 97 56 66 95 56 48 22 70 27 44 52 10 59 92 91 87 38 15 3 48 0 84 12 39 49 14 55 80 18 26 
62 25 27 27 56 71 99 59 48 28 18 65 7 78 87 33 13 39 54 14 86 54 84 98 96 53 62 14 78 81 31 71 50 4 99 21 0 87 83 40 74 45 26 9 15 55 99 31 17 75 43 82 62 13 28 9 53 72 51 8 3 32 60 84 59 9 47 43 78 93 15 27 45 37 2 9 16 11 57 39 85 31 2 0 39 2 11 28 31 68 90 95 57 8 51 76 77 96 82 
29 25 34 39 39 26 100 91 35 33 25 29 58 65 38 73 33 30 56 19 15 37 56 75 6 18 37 91 98 60 69 4 52 35 43 68 21 20 77 2 6 48 20 62 49 8 32 93 96 38 99 28 41 68 85 5 50 10 5 70 34 56 34 63 13 65 67 35 36 61 34 34 89 55 26 37 86 4 54 96 48 85 66 32 15 21 7 64 76 39 82 40 40 54 27 76 5 97 21 
33 77 92 18 29 71 97 84 94 42 86 12 64 57 69 19 78 9 39 68 90 69 7 98 78 26 83 20 51 1 0 27 16 84 1 11 87 32 86 43 7 88 26 25 39 67 43 16 11 30 52 68 90 11 40 11 99 69 46 97 75 68 25 64 20 33 49 78 93 83 84 10 45 93 91 4 49 47 78 99 5 63 43 70 82 55 2 79 20 88 17 43 53 71 8 79 29 66 92 
18 44 17 99 51 10 54 38 86 5 65 43 29 59 100 37 74 19 68 28 1 17 34 12 54 100 18 10 41 50 3 49 57 4 34 68 40 57 64 2 53 35 57 68 43 19 64 81 69 33 66 48 54 30 63 33 11 87 3 10 83 25 68 73 16 9 52 83 50 57 32 65 60 42 50 80 60 59 19 43 52 56 18 78 45 82 84 31 32 64 46 84 96 42 18 43 37 21 80 
100 42 26 66 9 3 39 98 84 100 71 3 95 33 51 58 30 0 18 84 11 100 80 98 55 28 56 33 41 33 87 65 67 23 69 70 43 26 29 97 0 56 85 79 32 31 62 32 28 28 20 64 26 71 54 81 25 56 96 4 54 87 9 24 27 64 90 47 73 72 82 63 70 30 33 50 93 97 54 51 14 74 51 93 96 12 74 15 38 75 33 98 9 1 78 19 80 47 47 
71 98 48 65 69 72 86 28 74 67 50 81 58 77 84 5 55 0 72 30 68 40 60 62 99 94 56 32 45 21 91 13 75 3 31 62 77 65 60 60 68 81 94 30 43 50 78 65 2 37 85 78 21 68 70 62 2 16 47 84 80 27 0 1 41 97 31 87 66 73 11 73 42 27 92 16 48 75 45 78 96 81 88 11 83 89 23 45 67 48 70 21 76 70 58 52 87 7 23 
1 77 61 5 62 20 66 72 37 39 12 74 99 13 62 87 47 74 60 23 54 20 89 39 72 50 80 33 7 35 14 51 63 33 55 22 85 76 85 6 29 63 60 80 74 27 20 46 84 89 90 88 20 4 86 4 72 16 97 91 52 74 24 13 76 53 41 21 35 77 42 86 99 41 38 76 66 21 47 15 25 11 71 25 44 67 39 96 55 36 95 55 53 15 17 25 32 70 20 
9 7 94 33 26 37 15 58 99 35 35 55 4 0 39 28 81 54 87 76 93 62 60 34 1 18 92 16 83 55 66 55 82 13 21 14 54 23 66 46 81 38 82 31 41 30 74 4 89 92 41 97 80 46 88 78 59 94 89 56 3 34 12 84 53 95 9 62 70 34 1 9 94 52 68 41 25 76 87 99 5 91 98 4 82 26 73 57 69 46 78 74 65 80 72 58 78 62 16 
0 97 91 82 6 42 37 47 83 41 30 84 33 29 42 77 38 95 13 30 35 6 37 5 83 45 65 43 56 17 61 53 27 51 62 60 8 4 30 37 10 67 70 48 80 52 82 95 18 64 9 34 6 49 45 76 23 69 23 74 31 29 72 43 81 81 92 27 98 83 96 19 75 99 0 0 77 62 57 71 12 98 41 5 8 82 95 44 11 5 37 89 86 14 64 90 52 6 40 
37 62 27 56 84 35 93 56 21 27 29 86 20 31 10 5 92 28 40 85 15 88 31 97 31 47 77 82 28 87 40 56 8 83 21 31 88 22 11 75 94 12 20 96 18 31 35 79 23 37 62 40 50 9 96 81 70 62 78 79 86 6 46 4 53 19 41 64 58 3 84 60 42 21 58 36 53 76 45 73 3 11 14 14 13 21 100 54 78 31 78 69 18 66 30 19 77 64 7 
77 52 89 34 39 75 43 0 29 48 53 86 77 3 5 54 13 64 100 48 44 9 64 33 98 66 63 68 50 97 89 64 55 85 8 68 7 16 75 96 93 46 74 22 8 91 33 62 95 15 72 65 53 78 49 17 74 76 67 67 29 20 34 42 16 98 84 86 76 23 70 4 23 9 74 75 71 8 10 18 32 47 77 7 96 6 82 60 58 60 90 15 43 39 94 31 68 75 47 
