-20 30 -9 4 -15 -8 -11 12 -56 -4 1 -45 50 -4 5 -25 18 -78 52 3 37 -68 -9 -80 -3 30 10 -7 50 12 -27 -35 46 -34 -23 -29 5 3 6 0 -43 51 -11 -39 21 -26 -7 28 -62 42 76 -17 -21 -70 -63 33 25 -12 40 -44 6 -17 -53 -15 -23 15 67 9 -7 53 -77 -21 45 4 -17 49 -60 -13 7 10 -69 49 55 16 46 19 65 -19 -39 -19 -40 4 34 76 13 -20 -19 -25 -24 
8 41 -15 -2 40 -15 -8 11 55 18 78 -58 -31 7 -40 6 39 -11 -5 25 -13 -1 -9 -15 -36 -70 -32 -29 2 -32 11 -21 74 -18 -25 -24 -56 -2 15 36 7 -6 37 26 -32 -66 30 28 -92 3 -14 62 38 31 -45 30 -1 -33 14 73 40 29 3 -30 -30 -66 -71 -27 -81 33 35 -30 -38 49 3 -10 16 61 21 23 -44 -46 -20 -4 -43 -3 32 -87 -8 -17 80 -36 69 -6 4 -3 55 -33 0 
-60 12 -3 49 49 -41 -53 33 -26 49 -66 -88 14 -44 -73 -43 -31 -26 -48 -15 -11 -21 -26 37 4 2 -30 -5 -47 -3 37 -77 -12 -11 -25 -16 56 12 83 65 69 -44 -37 66 -20 25 6 -10 58 -17 66 -24 32 24 16 73 -4 13 55 -28 29 -70 -19 8 74 -47 -3 -87 21 -29 -6 58 85 16 -41 39 -43 -40 -85 38 -20 48 -8 70 28 63 15 74 20 22 -43 -34 11 -55 -18 39 27 10 11 
1 -4 38 -3 63 -49 -27 -46 38 12 23 -84 -26 -47 24 -48 12 -9 3 0 56 -10 36 52 36 49 60 56 7 0 -49 -84 -54 -50 -29 79 -30 76 -74 -25 24 37 12 18 66 -1 39 -29 14 24 5 2 6 21 68 -50 -31 -40 -3 36 -79 -11 58 2 -2 53 10 -34 51 -29 -3 71 54 22 -52 3 -41 -22 23 -79 -20 51 51 20 1 -28 24 -51 -3 -3 -5 11 -59 2 -17 7 6 57 76 
-4 -24 18 26 59 47 -40 0 -42 33 12 -44 -41 9 68 2 70 36 -25 -60 45 46 0 19 5 9 74 26 -26 14 -9 -62 -27 -26 33 53 22 27 74 46 36 -61 2 39 -29 43 -27 33 -15 14 -13 -44 60 -62 -26 -30 1 72 -33 20 54 0 25 8 -21 25 46 14 73 89 43 4 -54 -17 -25 9 46 4 -53 -18 8 40 7 -16 9 -4 -20 -33 48 -18 7 5 -39 77 16 15 25 46 64 
-57 -57 -13 -23 2 -58 -36 49 -10 -5 4 -25 -43 47 -67 -50 -25 59 8 6 -1 -9 35 -33 19 34 -18 -20 -47 15 -15 28 -63 27 -17 38 -29 13 47 9 -42 -76 -19 -94 -6 -88 -27 -33 -1 19 -49 50 0 -35 -50 -8 -2 10 40 -9 13 41 49 -46 -52 -34 -5 9 43 6 -4 43 13 34 -52 8 62 -4 -15 -3 -14 -74 -44 -27 24 -67 -15 -44 -16 27 -9 91 -12 1 3 -50 3 -58 13 
26 17 -56 14 -20 27 -3 9 -17 54 -11 24 -13 31 40 67 19 -35 -16 10 -17 19 -31 54 41 -6 31 -24 22 -33 -5 53 45 -58 70 -41 -2 6 77 3 -55 27 -12 -12 39 23 -19 -18 28 27 -21 4 -14 81 -15 -11 -14 -27 -30 -54 8 -10 74 -35 -7 19 -14 -10 24 91 15 35 54 5 79 7 -32 -87 -33 -22 -18 -74 -1 18 27 16 23 -24 -8 72 1 6 -75 13 -33 34 -70 26 6 
-2 -18 10 59 1 -58 21 45 2 -73 52 -58 26 -36 -20 39 58 -27 -58 57 -53 -13 18 -68 34 78 69 37 33 -4 -35 32 -8 -33 -21 26 -31 -16 8 38 -13 -40 32 -3 -26 42 8 9 0 -24 -64 49 -42 -10 34 27 -15 18 57 -24 -36 -66 -19 -36 21 -38 -4 49 -31 -24 23 -78 5 3 81 20 -13 -8 -21 11 -5 3 9 -55 72 5 7 27 50 -1 7 23 29 8 31 -11 15 -79 31 
-21 -26 66 39 12 -31 36 30 -48 -31 77 -13 25 -45 -59 -66 -19 -14 -33 39 20 4 -68 15 44 3 5 -1 -15 -29 -54 60 12 -59 -23 17 -37 -59 -13 -30 67 60 77 -82 -31 27 -25 68 -16 -12 -57 -18 25 -39 6 -19 -13 49 1 -15 36 18 -65 -5 0 4 36 17 46 -15 -31 -36 -52 -82 -1 42 -42 -36 7 -29 39 -46 -14 50 -36 -29 30 -3 83 7 -1 25 39 9 10 10 15 38 14 
37 15 33 42 -85 -56 -28 42 56 -48 28 55 7 23 64 32 47 -39 -2 -9 -19 -17 12 52 21 -35 -87 75 36 59 20 -57 31 -47 87 43 19 45 -65 -20 -12 45 -18 -69 -35 36 -22 77 22 12 69 -48 36 -31 42 -38 18 -60 -46 -47 82 85 24 -2 3 -49 -3 21 -57 -55 1 8 13 3 43 -21 -44 25 -5 20 -5 -32 28 -28 -17 -17 27 -44 41 23 26 22 15 -31 56 -6 -17 -68 18 
68 -19 -27 -59 42 27 -18 -76 -62 -32 -1 12 10 -6 15 14 72 15 -95 -44 62 -9 -41 -3 -33 19 52 -30 9 -11 76 44 -76 46 -46 -21 6 -60 -28 -41 23 0 40 6 -67 -63 -5 23 6 -38 -10 50 -43 0 -4 -42 87 66 -55 -58 57 -62 -9 9 37 -45 -11 -4 85 22 35 -52 -75 58 34 -85 -45 -36 55 4 -26 -6 35 5 37 -19 -10 62 -12 9 41 67 28 36 -74 -38 19 30 73 
0 -13 23 16 2 62 14 19 -25 11 -20 16 -15 43 -10 -40 74 30 28 2 10 -49 -56 10 -1 87 -77 35 -23 -34 -28 -38 18 -49 9 2 76 36 -57 -40 -16 18 40 50 15 5 -2 16 1 1 29 68 -20 13 -33 3 17 28 48 -24 13 79 0 45 -26 -22 -6 21 26 38 5 36 37 3 -37 35 -7 -13 -49 15 39 -70 46 -39 69 -63 18 23 -18 0 25 -16 18 23 -2 -17 -32 -21 -15 
-60 -52 44 8 -40 55 31 -18 -20 -51 22 -21 70 30 -41 20 79 -15 -30 -53 -16 -14 44 -47 50 -49 2 -28 -71 26 -46 -26 -27 89 -19 -21 -6 5 -52 -48 -23 -38 6 -33 45 -10 15 12 -39 -46 55 5 -31 -12 -11 -66 10 27 18 -39 46 36 -55 2 71 47 -75 -8 -59 -18 0 3 -34 36 18 -47 -40 72 64 84 48 14 -6 61 72 -59 24 43 -15 35 18 0 13 -59 39 -7 86 36 -38 
-90 -16 55 40 3 45 -31 -38 -12 14 -35 -14 -20 19 -41 -29 84 55 81 -31 -2 46 44 -33 7 33 24 -33 -48 85 2 32 -8 -26 -41 -27 50 75 80 11 72 -31 6 -13 46 16 50 84 68 77 -23 26 23 -12 -24 2 18 61 15 63 14 -54 41 -2 -29 0 -18 -43 -37 -16 51 8 18 -6 9 -39 -19 21 -5 18 56 -47 -42 32 66 -77 62 -34 -4 -40 96 23 41 -4 59 -78 -70 -33 26 
18 13 21 -18 58 -86 18 6 -22 57 21 -47 -38 41 -62 31 8 -20 1 -44 15 30 3 -75 -11 71 44 46 37 -18 61 9 43 61 -57 45 -9 -18 -48 -88 2 24 -4 15 48 50 -20 -20 -10 -45 -34 -32 6 -7 31 -12 -13 0 -22 31 96 13 18 27 -13 -74 60 14 -24 -21 22 -22 34 -30 46 10 43 -41 -38 3 23 38 33 -9 75 80 -2 -39 1 -22 42 2 38 27 19 52 10 -62 -15 
-33 10 24 -37 -94 75 -2 -18 -38 -12 16 59 46 17 77 -43 -17 -37 -30 -9 17 3 -19 17 -86 43 31 21 -78 -29 -78 21 72 -11 -58 -15 -30 68 29 -36 18 37 -33 -8 -79 42 71 -48 -10 18 15 -9 -32 -1 -31 -12 6 0 -7 31 -1 78 33 18 -19 -14 -50 0 69 15 -28 28 -51 -44 22 40 48 47 -4 -24 50 49 -71 -59 32 -35 -3 75 6 62 -20 -12 40 71 29 -12 -47 -27 -36 
42 -23 95 19 23 2 10 6 21 60 52 -10 -94 11 -19 3 -25 -25 -99 -22 -9 -44 98 6 66 -47 55 23 6 -3 -24 14 35 64 -3 26 -34 25 66 45 -22 -56 -25 52 -54 -4 37 -50 1 1 -36 30 22 -37 14 29 -51 2 14 -32 -21 27 23 -35 -23 24 -95 -56 20 -15 -53 -59 -1 -5 -53 -56 66 41 -60 55 -8 -5 -15 75 11 2 23 -39 -70 50 -29 -42 17 -58 -21 -21 -61 95 -19 
42 39 -77 -71 -98 -1 19 0 50 -18 53 1 28 23 38 2 -14 -74 41 -37 -71 48 -11 4 -81 -60 24 -15 37 -68 -16 37 -46 -25 -12 30 76 26 -12 84 -56 -60 26 7 31 9 -9 -22 6 47 -6 -7 -29 -36 -18 4 24 -18 -32 48 27 6 -34 -55 -37 22 -27 -34 83 33 -18 -87 43 36 -73 32 46 -48 -75 20 -59 -8 18 13 12 -87 -50 41 -36 10 -38 -22 -10 41 26 50 34 -75 25 
-12 -18 23 -22 86 -21 -48 63 -36 -18 66 62 -37 -10 -37 -5 -15 77 43 -54 -36 -2 29 44 -34 33 -97 -14 55 -6 46 25 -19 50 69 -1 35 -68 30 -45 -46 -22 -16 -76 27 -76 9 73 7 -19 21 71 0 41 39 -9 -78 -41 48 -42 -13 -10 1 3 -17 38 16 12 35 -3 -48 -37 -8 25 24 30 25 -76 12 43 8 -16 68 -2 46 72 5 -6 18 45 -33 -51 37 33 59 -26 78 74 -10 
-37 48 54 -38 -35 -44 -33 -6 -82 9 66 -48 -55 -11 -54 -39 30 1 23 20 15 -8 -36 -57 -36 33 -16 5 -34 -68 41 -23 62 -50 25 35 6 -6 6 -36 -47 50 26 -59 14 -43 -13 27 32 41 -9 33 23 32 -30 29 -13 -5 13 -34 -41 51 43 54 3 18 -5 -4 59 16 0 -39 -56 25 50 -35 -27 -66 37 -59 -25 -74 -39 54 -76 -40 28 -64 -31 47 66 72 73 -30 6 66 51 55 -24 
14 -11 16 -27 -12 36 -4 -30 -64 12 38 -40 8 0 -23 -26 -65 30 -69 28 -19 -30 -54 -45 -5 -5 -21 -18 -41 -59 -48 17 12 -24 -66 -18 70 -19 90 5 -17 -34 18 -11 61 -22 8 -55 -23 -24 63 80 -18 -20 17 -19 -52 6 -48 -13 68 34 -8 -6 -26 68 -33 -12 -36 -28 32 -2 18 -39 13 -8 -59 -18 54 -2 1 -23 -65 -46 -36 62 35 -20 -6 -36 33 -53 53 -43 -49 29 52 -70 -39 
-61 74 29 60 40 -55 -56 -43 -15 -10 -17 8 90 -35 60 -8 37 93 -29 -15 -65 -8 32 -28 12 48 -20 -26 -7 -29 -2 53 -13 -31 -86 -4 -24 53 -48 39 6 7 1 4 0 7 -14 93 11 -58 -65 12 7 23 9 16 1 44 -72 53 -19 38 -31 -26 15 74 -69 2 1 -72 -14 -11 -42 92 59 73 -28 18 -55 -2 -47 75 -1 -41 23 12 -46 7 19 -36 -8 12 -67 -17 -57 28 0 -22 -37 
-10 34 14 -38 -11 -63 41 45 -29 41 -47 19 -12 28 7 55 47 -37 -11 51 83 24 -41 -5 0 -4 -4 -46 -43 -59 31 -2 55 62 -21 0 -34 64 -12 65 -55 30 44 30 -43 -86 18 14 -43 -4 3 14 -22 -92 -29 -36 20 13 27 -18 -73 -31 27 -22 -2 12 27 -82 27 2 -45 66 -29 -54 54 -70 -7 15 8 -1 61 17 68 74 33 50 -14 11 -5 -8 -6 27 3 27 41 54 43 -38 59 
-19 -49 33 -80 53 54 43 27 32 -5 54 -8 -9 21 -45 33 -70 -11 -24 29 -16 30 -52 8 -45 -19 69 -82 -58 -14 76 67 16 -38 -54 -45 33 -4 -19 -42 -23 3 -26 -39 -17 14 -60 -33 -61 -13 -5 -40 29 -58 57 -38 25 12 -60 41 83 -23 -2 79 -3 -38 -45 87 7 -32 -60 -19 33 42 81 6 -3 -2 -38 8 61 -74 14 -65 -27 -28 -33 47 -8 49 -23 58 -69 69 17 59 11 41 80 
-17 42 1 57 -81 -26 -30 -22 25 17 49 -15 -24 -31 -12 -74 54 -21 15 17 78 -44 -24 -31 2 3 -28 65 -46 19 12 82 0 32 69 50 -12 -27 -2 62 -63 -14 51 -79 -5 29 -32 89 -11 -4 -44 -44 22 -53 -29 -26 70 92 15 0 2 26 -35 -60 -64 13 -65 9 -26 5 -1 61 -23 -10 14 13 -52 -29 14 -34 41 66 -24 -4 73 -38 34 -20 -34 -70 16 -38 40 -45 -34 47 20 -47 16 
-8 52 -30 26 51 83 25 54 56 -10 -38 -27 -29 -38 4 -40 42 6 -91 -33 -48 75 15 33 35 16 72 73 43 -70 -70 28 -23 80 -57 6 -15 -1 70 79 93 -4 46 -40 -19 29 69 -20 15 -61 61 -24 -47 47 7 -4 12 -28 56 -2 14 -31 49 -9 70 24 97 25 0 86 -45 -31 10 29 5 22 6 80 -5 64 -45 -3 81 -43 0 0 37 -52 1 -24 -39 -69 7 43 -77 35 34 76 0 
-2 19 28 -16 57 -69 6 -18 -4 -1 74 40 -22 20 84 -74 36 -48 -18 17 59 -56 65 52 62 83 15 42 -3 -28 -15 -6 34 -16 -29 13 6 78 -21 15 20 25 2 18 -74 -54 -74 -63 -49 -74 89 1 -5 3 -65 7 -50 90 45 72 -15 10 21 -7 -23 30 -47 59 22 61 13 -42 72 -73 -37 29 -57 78 2 -40 38 2 -6 44 74 22 -53 15 -8 -49 44 -23 -14 -74 37 -15 28 -70 -38 
-7 -50 -16 35 37 2 -26 -40 -45 -25 31 33 69 -34 36 29 7 -32 -11 -38 -92 -1 11 32 -67 -35 -41 -7 1 40 -28 78 -46 72 62 65 -41 -28 -48 17 -17 -60 -16 -9 -28 -46 19 -9 -5 3 57 21 8 26 -27 -50 25 11 -19 -20 -87 32 17 -52 2 -28 49 72 -73 -21 92 77 19 -36 13 -10 -14 -18 -53 -17 3 -7 -71 -59 46 11 -29 58 30 -49 -37 25 42 15 -39 12 41 26 57 
14 16 47 -55 -3 -29 -4 -68 24 -18 6 -50 5 19 8 60 -15 -3 -59 -22 58 16 50 -74 48 -31 -38 -9 40 7 61 13 14 69 -21 52 -13 -23 26 -2 32 14 -27 -77 -44 21 14 68 46 -2 35 6 41 -15 -85 -33 41 32 69 -6 -94 1 1 4 -78 -12 -77 -26 -3 -20 -66 -54 -50 16 66 16 36 58 79 -57 -38 41 -47 73 40 19 -62 28 66 -13 33 35 42 3 40 -68 36 45 49 
-61 15 54 71 -9 -32 -21 38 53 46 25 -35 -20 71 39 47 -22 1 -16 -4 -38 -19 -8 -56 52 -11 -63 -14 -43 48 -9 16 -63 45 -15 -47 5 -26 20 91 -13 12 7 -35 -95 61 12 -70 -7 -58 -23 28 4 -9 -75 -4 -29 -79 55 -11 -2 31 46 -74 -53 -3 -76 63 2 12 -19 -35 -68 -38 -45 -14 3 1 -54 87 91 -66 -82 -18 36 -50 -51 -52 28 -60 8 -72 -28 2 -24 -10 -2 -3 -48 
-38 -28 26 71 -51 13 -69 -23 -19 -13 19 17 -26 -33 75 -44 8 -33 -16 55 -21 18 17 -12 -84 77 18 -39 53 12 48 85 3 -6 1 7 -46 20 -11 -76 -52 -34 20 20 10 26 13 -84 21 -6 -62 -72 -35 38 -3 2 32 -14 -34 -8 73 93 77 5 76 46 -44 51 -41 -28 3 -12 -41 -12 -11 -42 -12 -52 -17 -76 75 17 -6 -16 -58 57 -99 -14 13 34 -10 44 13 7 16 -14 -22 -32 -31 
53 38 -51 -18 -84 -36 21 -6 -53 93 -4 -73 -16 61 87 -54 56 71 9 -60 81 -31 -6 -56 -9 -5 -27 36 -17 7 25 37 -8 -23 -88 -2 48 32 -15 52 -14 84 60 -18 39 -34 -43 -80 74 -52 13 25 54 15 7 26 18 16 -47 69 2 55 -40 35 11 -51 92 96 78 43 -15 50 -27 53 -36 -40 -37 -83 6 -89 48 -29 84 -37 -8 21 34 1 8 7 13 56 76 -20 -64 54 -56 -3 -72 
49 10 44 51 24 -12 41 -24 31 -84 -40 15 -75 14 6 22 57 -47 -15 8 52 10 2 -7 -23 55 -33 -1 -8 15 -68 30 -48 28 94 57 -26 10 44 48 67 -10 46 4 -33 68 17 37 -67 76 -13 34 -56 10 -82 -22 64 16 57 -38 14 2 76 22 -30 49 -51 -14 3 48 -58 6 10 19 2 67 34 -74 -16 86 -13 -4 68 -25 -40 37 42 -23 -9 19 12 29 -33 5 -12 20 1 -20 75 
31 33 15 34 60 -30 -24 13 59 -8 6 22 74 -20 -37 -61 30 61 -42 7 -19 -1 -13 75 36 -24 21 54 -55 -8 -19 26 -55 -36 -78 -55 -45 -17 9 52 -36 66 16 81 25 -19 -33 59 -26 -39 -56 -20 11 -57 -10 -30 -33 -10 -11 -32 -14 21 13 2 18 -41 -8 -24 -7 -16 -70 50 -19 -53 10 18 -65 -39 -80 -18 -10 31 0 -64 69 15 -5 -69 32 3 77 71 4 -19 -17 -15 49 -80 38 
48 -21 -43 -78 -2 -33 4 -12 53 -81 -13 -4 -62 31 -36 -4 -44 -23 -97 6 -63 28 -5 34 51 -63 76 -47 -39 -44 -14 61 20 30 37 -31 48 -1 -80 -61 -8 -7 -12 66 -52 24 -26 -55 -12 38 59 11 -21 14 5 -23 -52 -1 81 -7 9 13 68 17 -81 5 -20 -32 -15 -9 12 65 61 74 -45 8 15 -39 13 38 14 60 -27 29 -52 -36 71 -72 71 -60 7 29 57 60 -50 53 23 -8 -61 
-4 4 -74 32 -12 42 17 28 -39 -42 64 -12 52 -8 4 -51 -50 -9 -26 -67 -28 -35 -1 51 10 3 18 86 4 -55 -39 25 -14 -3 -78 10 -8 -38 73 -56 73 81 -13 52 12 0 42 6 -53 45 -9 -71 1 -3 -11 57 -73 -17 8 -9 21 -18 41 78 29 3 -26 -68 3 -8 -32 32 -59 -50 24 32 44 -40 -33 27 38 55 63 28 -44 29 -6 -50 -9 20 15 -86 81 -1 -61 -24 13 76 83 
19 11 16 17 -24 56 -14 5 -1 9 -9 -14 -93 59 70 5 -50 71 33 -4 30 -24 4 -41 -2 -21 -38 -4 -95 17 -19 79 -11 75 43 30 61 10 -10 -19 6 -24 -9 -90 -38 -47 -57 -47 -9 82 27 85 -38 70 42 -2 10 49 -27 -8 31 17 -4 -36 -61 -56 -12 -77 -12 -12 17 16 10 60 14 88 -72 19 -46 -79 -8 -3 22 -11 41 -29 0 -41 42 -64 -61 19 6 -58 5 71 36 -37 14 
-24 50 72 3 -70 5 -45 -24 -75 -49 -16 58 61 20 37 -27 -7 87 64 9 50 -61 53 43 18 -69 -31 -3 -55 53 60 34 -24 -84 -14 63 64 45 3 11 -38 19 -7 59 83 0 13 35 -47 -7 71 -37 -11 -5 -37 36 2 -47 23 62 2 -31 -13 38 16 64 74 11 -26 -31 21 -5 68 -3 70 -9 44 -48 69 -56 48 35 3 21 2 -56 -69 -2 -11 -34 -8 -29 54 28 82 2 34 50 -91 
13 -58 38 23 61 26 -45 20 -10 96 96 -60 -87 -17 64 -25 33 45 2 -31 -42 -5 -28 9 -8 16 -4 52 43 64 -48 71 -5 15 59 55 -12 31 2 -73 76 32 36 1 18 55 -39 87 -13 24 2 -68 -11 -7 0 -50 -54 -53 6 11 93 -20 -58 18 50 -40 36 -92 -47 -28 47 67 64 -29 71 15 6 -12 -30 -37 -14 -71 13 -31 -3 1 10 5 52 -6 4 21 53 -7 -72 31 -37 -21 -74 
78 -45 11 -39 -55 -22 11 36 29 16 -6 32 13 78 -38 -10 -18 -14 -65 -37 3 -21 2 71 -58 75 -62 58 -3 -60 -72 -58 85 75 37 -69 32 12 -69 16 -2 59 -72 65 6 -14 18 16 -73 60 -22 -15 32 52 -35 -55 -48 -34 22 14 14 48 -36 -82 74 -7 -17 26 -15 73 -41 38 -53 21 -12 64 -81 -18 12 -51 -1 80 -65 75 53 -41 -5 -16 -62 -21 -2 -71 54 -4 37 71 -26 -23 3 
46 37 -16 -24 -85 -51 -66 -12 -34 34 -71 -66 32 39 38 -66 -20 -5 20 17 82 -34 57 37 41 7 54 32 29 -19 78 8 -36 -50 -23 69 -43 -8 59 -26 53 -60 4 -4 -17 49 -32 -14 -64 2 60 53 9 53 -76 42 -25 -5 64 -9 27 92 -67 27 24 -33 55 -20 -38 13 -62 5 67 24 -12 12 38 -28 19 2 0 20 5 -89 30 -23 30 -73 -24 45 18 -63 -5 -82 67 -24 18 -1 -11 
-34 49 -68 -63 29 -44 74 -66 15 12 30 -20 -24 63 -11 -13 13 10 -10 44 -68 48 -61 5 -10 -15 7 11 -8 68 21 -29 64 -54 -3 71 -17 -46 50 -48 37 52 50 -1 59 85 -10 44 -5 2 -41 83 58 59 -26 9 4 -38 -25 -10 -8 33 -44 27 16 -20 41 10 8 -12 56 -40 -78 5 67 -38 -61 -4 -47 -36 19 -9 -52 34 -24 10 -2 36 -32 -35 6 -29 -1 -73 -50 71 -5 28 71 
-22 -48 -12 -12 8 -15 -49 2 -27 -36 -12 -62 -32 -35 -37 -45 -14 27 -16 37 18 64 -6 -10 13 -47 -70 51 20 18 19 -69 42 -34 38 12 14 -42 11 84 31 -39 -26 48 -95 -61 -57 -3 -72 -41 -2 -4 32 11 -2 49 11 2 34 13 -10 -45 50 -16 58 7 -2 55 -37 23 -10 -1 -27 46 -8 18 68 -73 29 48 -70 -89 -49 -40 47 -35 -28 -2 1 -56 13 -12 -36 42 -33 -51 -13 22 -32 
-14 -60 -8 -53 -14 47 -4 -85 6 -44 52 63 49 28 -5 -39 30 -55 -13 -18 37 -2 -19 -20 -29 51 -21 -36 7 88 64 -22 -44 29 48 7 65 -13 20 -64 -18 -53 -14 -85 -8 -26 -16 1 -13 63 -45 -19 57 1 8 -80 -78 0 -18 -12 2 23 -37 52 -31 -67 -62 -17 -10 61 28 -28 32 -9 71 -41 30 24 83 23 10 -65 -6 -84 -54 56 -46 29 49 -25 9 14 19 -81 -40 -62 -28 -53 -17 
15 16 -53 -69 45 10 -46 44 29 -24 -17 37 -96 -56 29 64 19 -28 0 50 -29 6 49 12 -72 27 11 33 -46 -25 -5 61 -71 11 5 -59 -14 -23 -26 -5 1 8 -5 -17 -39 18 -47 -77 29 -10 -37 -66 48 -16 12 1 58 10 41 31 -27 50 80 26 -35 -19 11 -27 -4 19 75 -60 -81 -82 -70 37 -34 -17 -40 24 -19 -12 63 17 -6 -11 69 -12 34 7 -32 -4 71 9 19 14 10 49 -16 
65 -28 64 15 -9 31 -22 -16 -35 0 -17 -25 18 20 33 -3 55 -5 -9 81 15 90 9 -11 42 -49 3 -46 -29 -45 13 25 5 -24 -36 -9 -45 43 -23 47 -27 8 30 15 87 52 18 49 -20 -3 40 67 -17 48 32 -24 -21 39 -45 66 35 8 61 -4 -38 28 30 57 -7 -66 -70 -45 22 13 -3 -13 46 -77 38 -5 -42 6 3 8 -1 2 -13 -32 -23 -13 18 3 55 -4 -11 -57 12 28 -53 
-3 -12 -32 -11 -28 -29 -4 -4 23 23 56 4 -77 -21 -45 48 -14 33 -78 -25 49 -40 48 80 -2 26 2 -8 47 -24 -70 73 45 76 85 47 47 48 48 7 -22 -34 10 -23 -66 0 -15 -26 -11 36 -23 14 13 2 -13 54 -54 -2 27 92 -10 -27 35 -36 -14 -43 60 -14 40 74 -33 4 -1 -62 -10 28 17 -4 26 65 3 38 35 29 10 -14 0 77 4 38 -50 20 1 -56 -41 65 -39 50 -36 
26 -55 -57 -31 18 2 -27 23 -9 14 2 94 -7 51 31 41 -35 83 -7 -1 -86 14 89 0 -33 93 20 31 -23 8 12 -8 -88 -16 -16 -84 54 -26 -49 -35 6 20 -77 52 -9 47 -23 -30 -4 -45 -3 -29 -76 -17 31 37 51 -15 11 -8 -3 60 7 -40 62 22 -28 62 1 5 8 2 7 20 36 78 -47 9 -58 -85 -29 64 -8 -39 7 -67 15 70 9 43 -37 13 -12 90 19 14 0 75 21 
12 -16 7 0 2 -6 -18 -46 -3 40 60 -18 -48 18 8 -17 12 -41 33 8 10 -23 -52 56 -89 -9 25 -10 -24 -5 24 -48 12 11 -9 -2 12 6 53 19 68 20 25 44 36 -61 -87 -25 -20 83 -18 18 89 -2 41 41 -54 -4 -43 -68 -2 -46 -28 -57 -2 40 -20 -24 33 50 5 6 63 -11 18 12 -9 -63 92 69 50 -19 23 -24 -62 35 -56 -47 62 22 32 -78 -67 -76 -53 22 26 52 17 
-45 26 -8 -20 11 9 -52 14 6 -5 3 37 -72 14 -17 -12 -48 28 64 50 -27 -5 4 1 -7 -55 -25 20 1 -94 12 -3 7 64 17 -52 -60 -12 33 -21 55 -9 -31 2 31 25 21 -3 6 47 14 -22 4 -11 87 33 -50 -74 -37 -53 50 -1 13 -83 -37 -43 -52 51 -46 18 10 81 -10 42 9 21 59 19 -2 -30 -4 2 18 99 -13 -8 -46 -12 -12 11 9 0 81 97 -42 -81 19 68 -5 
-54 20 56 89 31 27 61 16 -3 -7 -25 -44 -21 18 65 30 53 86 -7 16 -52 18 -41 16 75 -61 76 15 10 48 31 51 32 53 -34 14 24 5 -13 -19 82 27 -40 55 6 -8 68 48 -21 -1 -11 -68 19 56 -72 -24 66 22 -2 -11 -32 -35 -41 56 -2 -40 56 22 11 -36 16 -20 28 -27 8 -56 15 6 71 36 44 -43 -12 22 25 -42 -16 47 -38 -32 -26 -44 23 88 26 -65 19 -28 -34 
57 18 -24 48 -15 -24 -14 5 68 -11 39 46 52 -69 -54 -19 9 4 -95 -37 33 -35 38 -12 52 -71 -3 -5 6 23 74 -40 -17 45 34 -16 -13 11 54 -31 -24 -15 34 -63 -4 26 -72 5 11 -24 -17 21 9 -21 14 -71 38 -81 -27 72 47 -31 -65 -9 -21 -22 -100 -17 7 48 -3 7 0 -57 8 33 -63 -47 -34 3 -56 -30 -11 -41 40 -53 -12 -9 -21 31 -71 21 -5 -8 -30 -6 25 55 55 
34 -15 37 45 -9 -8 70 -11 -31 -59 23 27 -19 23 67 20 -11 59 -44 58 51 -34 59 12 -2 -17 14 12 83 33 13 -2 -40 46 -10 -8 -51 -7 16 -25 -54 -81 -1 40 -17 -15 -8 20 -4 28 2 -50 27 -12 -8 -3 4 -65 6 49 -29 5 -21 67 24 -25 -64 51 46 -15 44 0 -58 -20 -85 29 13 -3 26 13 -4 -27 12 8 -4 27 -56 26 -27 -48 83 39 -41 -58 -19 45 -64 -26 -32 
6 39 -3 -10 -7 24 -12 -6 -4 69 33 15 13 -47 -75 42 -26 37 36 56 4 -43 25 50 22 -25 -21 47 -42 12 -20 5 -17 11 45 -6 21 16 96 -13 32 65 6 -8 -60 80 -40 -30 -25 -21 35 45 63 67 48 19 30 -12 40 -74 10 -24 67 -47 -27 -5 43 -22 -47 16 64 63 -36 -46 -18 6 -19 -19 55 9 23 3 52 -32 -57 -38 -9 56 25 -43 52 19 -21 -82 -27 -16 -23 -11 -53 
-57 41 -49 73 7 61 -4 33 -52 7 40 -11 -20 -92 25 16 -6 63 60 -9 13 -58 -7 20 -64 65 43 -49 11 48 42 -44 -7 -21 40 19 6 -9 -78 -34 65 -94 -6 59 20 34 7 16 9 -61 -34 21 37 21 43 70 -24 -44 -42 -10 -45 -27 -46 -19 -9 50 61 19 1 -14 43 18 26 -57 15 -17 49 0 -77 -70 49 38 10 32 -8 1 -71 -73 -80 49 -3 -11 -88 59 -61 -58 61 9 -31 
-25 -20 79 -23 -10 81 42 55 13 -26 -36 13 25 -18 -67 42 44 -7 59 16 37 -90 33 3 12 30 -39 13 -38 -10 -4 11 43 38 52 2 -26 -4 24 -24 -4 20 5 -21 26 1 -32 15 25 42 8 31 2 63 22 -59 -22 -13 -18 -62 -34 6 -86 -9 -55 19 -14 18 7 -54 16 34 52 94 11 -44 32 -21 -56 -59 51 -36 44 -90 77 40 -4 45 36 50 81 -24 -13 -45 -59 -1 -42 37 33 
-44 65 -15 1 -26 1 -90 -26 3 -18 12 -11 68 -25 32 70 -51 69 -5 63 -17 -17 -52 5 20 -2 -77 31 -21 -21 21 -40 22 -16 -16 -17 -7 26 -23 -44 58 -18 22 9 -62 23 -18 -36 -23 22 2 20 19 -79 0 4 81 47 -3 -4 90 13 -41 -56 27 11 30 -20 -2 24 -91 -21 -57 -32 42 63 13 21 16 -28 -29 15 -2 -31 -6 -23 -13 -24 26 -74 46 -36 30 -5 -44 -9 19 23 31 
-24 -43 31 42 40 -50 3 -7 -54 52 -50 2 32 -14 44 6 -16 -40 -53 43 77 -12 53 -22 -53 -47 10 16 -49 -75 59 66 21 70 3 44 -8 -83 -11 57 -60 62 -22 -36 11 27 60 72 62 15 45 -13 -32 15 -37 -82 -4 -14 -15 70 -62 9 48 -23 -50 0 -30 28 -28 51 -18 3 -63 57 -19 -45 -12 -44 -69 -13 14 40 -15 13 -43 -27 1 66 -9 6 -8 -74 6 47 78 18 -74 58 34 
-24 -5 0 85 -43 5 -2 -24 3 -32 -15 12 1 89 -19 -4 71 -56 -68 -1 3 -49 13 5 81 -26 -11 -45 -18 14 -17 -28 6 -21 -12 -25 35 -68 -54 -8 24 59 -27 -71 -6 -67 30 -47 12 -2 81 70 39 68 28 41 -44 -19 -41 18 -10 -9 46 -75 -15 -9 54 -42 -52 31 -24 27 28 -18 50 -95 17 1 61 26 -43 -23 -40 -59 65 34 21 -55 15 0 -51 -6 -33 53 1 -39 -23 -1 -45 
25 -54 32 0 -47 6 50 3 -12 -75 16 27 48 23 42 -70 6 -17 -6 11 -5 33 -55 4 -3 12 -7 -15 -32 32 -7 27 -5 29 -38 -36 39 -34 -89 28 -28 -1 28 5 84 -53 0 2 -56 22 10 47 78 -38 53 4 -10 -11 -16 54 11 -29 91 -36 -11 44 -13 4 -4 -92 70 0 -2 -47 -4 -42 27 39 19 40 -61 30 10 74 55 29 -60 -64 -23 54 19 63 4 15 3 -81 98 19 -68 
-10 -42 -9 -81 9 -6 29 55 -19 -7 -34 -56 -46 1 -24 78 -3 3 5 42 -6 24 7 -52 35 68 -34 76 -8 45 -4 43 -41 -61 -42 52 12 2 50 -70 -50 29 -17 -15 35 -18 39 1 28 59 9 -2 -22 -48 -34 35 -5 5 14 19 -31 -66 1 -37 -2 69 60 -58 16 12 19 -19 33 -20 -38 -76 -58 29 22 -21 73 -24 30 40 14 -25 37 52 -7 -14 -69 9 -19 81 24 47 14 35 -19 
0 50 11 -39 28 12 -39 4 55 42 17 29 -66 -15 -85 21 -44 0 56 -2 29 -45 58 -40 -18 19 -96 4 -16 91 -50 70 -42 71 26 6 37 -9 7 20 12 -81 36 -70 -18 3 -3 -84 33 8 -7 -15 -11 -9 -7 63 -6 8 52 -24 42 -10 -34 37 44 40 -15 -29 -35 -64 5 -60 -34 53 14 -7 50 22 64 -28 -11 89 31 10 -58 49 12 57 79 57 54 -19 55 32 -6 38 13 -20 -82 
-48 -33 9 40 -3 -44 28 41 -71 -28 -25 9 6 -17 -68 -14 40 -16 37 -64 6 4 -46 15 37 -14 -45 -22 -64 65 26 24 -73 38 -48 -70 26 2 3 35 10 -6 -43 -63 5 61 11 -49 4 -9 -35 -10 63 -43 -48 33 -2 4 -24 -48 -22 -29 -18 -24 60 35 -85 -45 -44 -27 34 -12 -37 6 -25 37 -57 -43 -28 -65 -43 3 -12 -5 -56 88 -55 -13 -58 16 72 68 -69 -13 -21 -61 35 -77 -53 
8 29 -51 3 -18 26 49 23 21 31 -10 30 3 -13 15 -43 -33 -70 -7 36 -42 38 -34 3 56 -15 9 16 15 -3 39 10 -6 -8 20 29 59 -4 47 -46 -23 21 21 56 -78 -68 5 -6 -38 -31 48 -30 -44 0 27 -2 -27 -20 -15 -5 -14 33 28 -15 19 -78 3 -28 88 66 -13 13 -25 9 61 -28 -44 11 -98 -3 -51 -35 74 6 20 -33 -63 52 32 -12 16 -6 -67 26 42 61 18 -27 -81 
-84 7 48 21 54 -24 -63 -54 -53 62 5 19 -34 -8 25 70 -16 -18 71 10 -51 -61 25 -26 -1 -8 94 34 5 29 -6 33 10 34 -25 1 65 -39 -38 -39 28 -11 59 9 64 52 -30 -25 37 -30 70 1 -33 -69 -16 70 -52 52 -10 8 -52 46 8 35 40 56 -46 -49 -21 34 -54 11 -29 -23 8 -13 6 -50 5 -17 -28 -14 14 -37 -65 -47 35 44 -59 -31 13 30 4 -12 5 -60 37 60 36 
24 22 -51 12 10 -46 21 -32 -41 -11 -8 4 57 47 -36 -13 35 23 3 3 -85 -3 2 -69 6 20 6 -4 89 33 18 6 7 -82 -20 43 65 -33 22 -20 -24 65 48 -22 7 -49 12 69 32 -68 -30 -26 -57 34 11 40 -49 67 -6 41 -69 -19 56 89 37 -8 7 18 -73 -3 74 29 -3 0 -37 -33 31 36 -13 44 -59 -3 22 -5 19 -20 72 66 20 -14 16 -20 79 4 -51 22 -5 -14 13 
-22 -31 -29 28 15 90 48 77 59 69 -17 55 35 -65 15 -9 4 35 -5 34 -92 -20 -46 -1 49 40 -40 15 -56 -25 35 -17 -55 69 19 70 -49 -19 -84 35 3 -60 35 -60 -65 57 -39 48 -2 -16 -41 -47 76 26 31 18 -12 -33 -75 6 65 -69 17 6 36 94 -62 -18 -24 14 -45 6 76 2 -40 -38 48 -24 -19 11 -31 -28 84 -26 14 -10 65 -9 -7 -71 -6 49 3 -8 -13 -36 -25 -51 -69 
12 50 15 35 -62 31 -23 -36 -51 33 -18 76 -36 -27 -30 38 2 9 8 -21 -25 5 85 -25 16 -26 41 -75 -29 6 23 -22 -14 -2 30 -58 -12 -6 -13 23 43 26 -8 8 38 -51 0 31 -8 -17 7 -80 18 12 -13 0 44 83 23 -11 -11 4 19 -38 53 43 -39 18 22 -82 -83 -5 83 -15 25 -1 12 -13 -46 11 -38 20 4 -17 -66 -31 64 8 -26 -29 13 -37 -51 40 -47 18 42 -91 -66 
-30 -1 19 -50 8 26 -21 -10 -48 -2 -20 4 61 -56 -8 16 -3 35 46 -10 51 -29 -9 -32 77 -8 86 26 0 77 0 32 66 34 83 -20 -46 29 -10 -53 -8 0 -90 -39 5 3 -8 63 61 -82 -48 -30 -76 84 14 40 8 1 0 8 74 61 61 85 87 -47 4 84 -1 -41 46 5 31 13 -73 -66 -75 69 -7 -24 -23 -30 60 -29 -70 82 67 12 46 -1 -48 -7 -7 -63 51 -26 29 -79 -11 
-27 -81 -28 22 -17 -36 4 -8 -35 -9 33 -38 -58 -33 -3 53 37 -40 14 33 2 54 -9 29 25 45 20 -73 -41 -40 -41 -50 49 -66 15 -68 10 -5 91 6 23 41 50 -35 -64 6 -19 6 -50 -33 26 25 -23 -26 -92 -53 35 4 -3 10 -26 10 25 62 6 -65 -76 -25 -46 -34 -18 -60 -27 -30 -7 27 -33 -31 -15 -4 42 8 -26 -36 28 49 51 -12 53 3 50 -16 52 7 15 0 -19 -51 -4 
64 -35 -18 -36 49 -28 -3 15 -48 -61 15 18 14 -57 -45 -2 -37 13 -53 -19 -26 4 31 -3 -61 7 -27 -31 -63 -69 9 -29 59 -10 -59 1 25 -38 -53 30 31 -33 29 -39 -7 47 -38 -6 -30 28 36 77 -57 58 3 2 6 31 1 -49 29 10 15 15 -1 40 72 18 12 45 19 24 -35 -64 76 -87 -76 32 28 -63 49 -37 18 -6 49 14 -68 2 73 -6 -23 13 -3 53 -10 34 -12 -64 -16 
-80 -49 -49 -5 -37 33 2 10 -10 36 32 13 -26 -61 -77 38 45 45 -2 -66 -36 -40 1 72 -37 -12 -10 73 -14 -6 -26 -68 -8 -35 5 20 77 -54 -16 23 -37 49 87 22 16 -19 -18 -48 -1 20 19 -59 4 12 59 10 18 -1 -1 44 -2 72 -25 12 38 -14 -19 37 23 89 18 49 3 -44 34 -32 3 -48 -14 12 -22 -28 -51 19 -74 -19 -24 -45 -59 46 25 49 65 15 -76 -78 -30 22 -60 
-39 -56 50 -8 4 -10 95 12 -42 48 45 -39 51 -38 9 -19 -23 -70 35 -37 18 37 15 -15 -37 33 -19 -3 85 59 20 -87 -27 -47 21 61 28 -8 -26 -25 -15 2 -80 60 -3 45 8 -19 -24 79 27 19 52 4 -57 2 30 -68 -32 -75 52 -6 -30 -2 -28 -31 -29 -15 -16 -30 -49 -56 -9 6 28 17 7 -26 43 -67 60 -9 -44 13 76 -13 -19 -12 42 -4 -84 -52 32 -2 -16 -15 -19 28 17 
82 -23 -90 -26 1 39 58 -4 -34 20 -37 5 67 46 -38 -12 0 37 -18 -2 35 26 -49 49 -1 36 76 -36 -59 63 -15 38 -5 -4 79 16 18 -42 12 12 -17 64 -35 -39 58 73 16 -59 16 -78 52 -45 18 23 2 -85 -49 -47 64 -15 -10 -46 63 -30 43 -51 3 -39 -90 31 65 32 -18 83 -4 47 -42 -45 -30 -48 21 36 -7 -77 5 -54 14 24 -24 -23 3 7 6 -33 45 0 -32 -4 -34 
-10 79 -1 51 -51 68 -9 14 -24 -4 -50 21 48 27 9 -77 -6 29 -40 -78 51 24 -61 8 24 55 57 -11 5 -76 -17 -33 5 10 18 42 -43 -23 -15 70 60 49 23 28 -24 -1 24 16 15 -47 -12 -42 14 -61 9 -8 24 -5 58 20 78 -37 -24 63 41 -1 -21 6 -7 38 5 -11 79 15 13 -48 -48 17 -71 -40 -63 19 26 -8 -17 17 -11 -2 38 6 -52 49 9 48 32 77 7 25 -18 
-93 94 -55 44 6 -83 18 -19 -20 74 10 -4 17 55 32 -35 31 33 59 17 66 45 55 43 -40 69 4 2 -22 38 -54 -26 -14 36 -18 47 12 27 20 28 30 -44 -6 -46 54 -26 27 -41 -38 13 -73 -39 -14 -52 11 -26 21 56 8 53 1 -4 2 -40 -4 43 33 45 4 -59 -59 -32 11 19 37 -21 -75 22 7 4 50 -8 -1 92 22 12 -20 71 -4 69 14 21 18 -32 2 88 73 33 22 
-49 -29 61 51 1 -21 -30 84 40 2 17 44 -22 2 23 46 -37 -50 24 -31 -80 -30 22 -2 72 -50 37 77 -16 -77 18 -73 1 -53 18 36 2 38 -7 16 25 -4 -35 62 -43 11 42 -52 -72 -51 -52 -80 -53 32 -31 -13 22 19 -32 -29 34 -16 -48 68 -10 -51 -11 -5 85 -5 21 -6 91 -29 -71 -74 -62 11 64 -69 -37 3 94 1 17 -19 -51 2 36 -55 -8 50 48 68 40 -51 10 72 -52 
-15 -26 -37 -14 35 4 -61 -22 -9 -55 80 9 4 33 29 21 -9 -52 26 13 -53 -21 84 34 50 -23 30 -13 -81 -52 -16 -5 -20 -28 20 -92 12 -55 -50 48 32 36 20 -5 -7 -25 -16 28 -19 27 -60 -16 61 -60 16 8 23 -21 -27 -53 -2 18 -51 18 -35 74 40 9 -69 13 7 51 -39 -24 2 -4 -17 51 -49 44 -2 -59 38 15 -12 -52 -34 -43 -60 -35 8 -29 46 72 -16 -76 57 22 35 
45 19 31 39 4 -42 38 32 -15 78 33 17 32 54 -39 50 -23 33 78 2 66 -6 -14 -39 -42 12 89 36 -24 21 17 -55 -21 8 6 84 -12 53 -45 70 28 27 19 29 15 47 -17 21 -34 11 43 61 5 -2 -7 76 -9 -13 -18 -2 -28 27 -67 3 76 -10 2 3 95 8 -26 -20 -23 -36 28 -33 36 49 25 -21 -37 23 -4 62 60 -32 26 -18 -29 0 -59 -15 5 -59 -4 -52 80 20 45 
13 14 83 1 -18 47 1 9 -14 -21 -58 -29 -62 -14 -82 -76 24 -27 53 -42 0 -1 -33 26 47 -42 19 -37 65 22 57 -95 18 54 -6 -39 -49 -23 -60 32 -11 49 -39 -62 -16 -44 -55 19 20 -23 46 -8 77 -6 35 -2 -45 40 26 9 31 30 15 -16 -23 -24 -81 1 10 63 51 3 18 -84 38 12 -19 13 -50 35 7 -73 32 -34 74 -24 -8 2 45 -71 33 42 53 60 28 -28 2 -47 78 
-59 -60 -83 10 -60 -22 -65 -53 -53 5 -1 -33 43 -33 -37 -59 63 10 46 80 -70 47 -20 7 22 -26 -34 -76 23 70 -55 -15 -62 -1 10 -46 12 -36 -22 30 82 -93 27 5 -31 -25 -21 8 40 -34 86 -74 57 -73 -19 80 76 -83 -89 -38 -49 -39 -89 -13 -22 21 -59 -2 24 32 65 -18 -45 51 -33 -70 19 11 -64 82 9 43 -41 -30 23 59 -67 81 14 9 43 58 3 -33 7 -36 28 5 -43 
-56 66 53 -87 -29 11 -61 -15 2 -35 91 -18 42 38 24 -6 -56 -8 -33 -82 3 54 -1 35 -93 48 -6 9 -2 -51 -64 40 -21 6 33 56 78 28 -22 -15 76 13 -2 -27 -12 -4 -27 50 16 21 -2 40 3 -10 84 61 -1 7 75 -49 72 41 -49 -5 -23 -59 -23 0 -13 64 69 -13 49 59 -5 -40 46 -37 -66 50 78 -16 -37 44 -4 38 -10 12 44 12 -56 20 30 -51 -67 -85 -3 -12 -83 
14 85 3 -19 4 28 -32 -26 -37 -39 24 -34 91 1 31 -47 7 5 -9 -9 -46 18 53 -14 13 -29 -69 55 -34 54 -29 4 -25 74 30 13 -49 -8 25 46 20 8 6 -51 -22 14 -48 2 -7 59 -64 38 -4 43 -15 -5 39 18 61 57 -39 28 19 5 80 -9 3 15 45 9 -11 -15 -23 -91 -12 -49 -5 -1 -2 -11 39 -26 -82 -24 -55 6 44 -15 -58 -4 60 6 33 -83 -60 31 38 -22 -4 
-4 -12 16 -40 16 62 -15 -51 16 37 -40 -24 56 7 77 16 39 -68 10 -32 -58 -40 -2 -30 -35 -49 -46 -40 -68 31 15 -49 -80 -13 45 2 58 8 -29 64 21 -46 78 -80 34 5 -49 47 -60 21 -30 -28 -54 -49 -30 57 60 -58 -49 63 7 -28 -9 50 9 12 38 -9 48 -66 -38 30 -36 26 -3 16 17 -43 16 -50 52 6 -6 -65 2 -1 23 89 -15 -48 -60 4 -39 -13 46 -27 -4 -41 20 
16 -63 -86 0 -41 31 -14 18 45 78 34 25 -13 4 27 4 26 -2 34 38 -63 -22 -41 -31 -74 15 -23 -86 63 46 45 89 4 -61 3 1 -18 60 34 -30 55 -57 -69 -4 -44 -14 28 -49 -28 -1 -18 51 48 25 -23 12 -57 35 -75 -68 -27 40 -2 21 75 -56 15 13 -12 -24 -62 27 18 -36 27 -78 6 -54 83 -15 28 -21 -25 -30 30 -20 6 6 -83 34 -16 4 66 -45 10 41 -24 -6 55 
7 8 4 -70 19 74 -11 39 52 -15 37 38 5 -8 -93 -5 -44 28 14 -44 -72 -78 95 -14 25 -35 -7 14 1 -63 20 87 23 6 -17 61 12 -60 -14 -68 48 -33 -23 -51 94 73 -22 0 1 24 38 90 19 -16 4 6 12 25 -42 -24 2 -53 42 -30 23 26 -80 -8 -5 -46 -37 37 47 -76 51 -23 -5 30 -39 -45 -16 91 61 9 36 22 -3 -21 36 -63 74 -16 -14 -27 88 21 78 3 83 
-23 35 -7 49 36 -42 4 59 -45 8 27 5 40 -51 31 78 -33 78 6 -3 -80 -48 -25 32 -50 -63 -4 -70 -29 -14 29 -11 46 19 -61 -6 9 3 30 8 22 -54 29 -39 -21 45 -74 16 -76 -43 -35 -8 -61 44 12 28 58 42 33 -60 -31 -58 -40 24 -16 13 -32 -12 16 -8 -64 -14 25 -65 -30 19 44 -6 -2 35 22 -14 72 33 -44 31 -17 41 -77 -46 -69 48 4 -38 19 30 1 -58 -32 
91 16 88 81 -73 58 22 -55 -14 22 0 -36 4 27 -21 -41 -23 -12 -67 -15 -27 57 -75 46 -12 -12 -20 3 29 47 -26 11 33 -42 37 45 -6 -31 43 -29 -5 66 -10 -52 53 22 -18 41 -39 0 -24 11 -11 -13 -56 18 -2 1 6 -7 65 33 13 43 71 -31 24 39 -5 16 26 -11 63 6 7 -68 -26 -17 -25 14 -61 49 21 12 58 35 13 -87 45 -18 -12 -75 30 -14 -61 -29 77 12 -50 
-33 -23 -15 17 44 28 63 3 -13 -2 -18 -24 -26 24 64 -25 -38 -49 -20 -54 25 28 34 59 57 -3 18 -46 48 17 -60 -9 2 -67 2 -65 -90 1 24 18 58 18 -32 -40 -12 -13 77 -59 -63 66 -57 70 11 -51 -47 -71 21 72 34 -17 -88 -41 -10 34 31 -62 -30 -26 10 25 -83 9 24 9 -90 -88 -5 -34 20 -31 -15 -65 -78 -70 -15 -71 -56 -43 3 8 72 86 53 -37 27 -10 54 52 72 
0 22 -53 -9 12 -4 92 53 10 -12 17 -42 -1 33 -40 36 -16 1 -26 3 -24 -40 18 -4 -46 -14 29 75 15 -19 56 -13 -31 -54 5 -14 21 -37 45 -35 -19 -48 -45 21 19 2 -39 33 66 21 54 -58 30 6 67 -66 21 -49 -30 67 -53 -17 -9 -24 12 8 42 -38 -27 -28 -11 -52 24 -21 -74 -3 35 -23 -41 46 23 -4 -3 -53 13 -45 -4 59 42 5 -9 -17 -55 7 22 -19 -78 27 -54 
-59 24 3 -43 -62 42 84 -11 7 37 57 -29 21 22 13 6 74 -41 26 49 15 58 -69 95 33 10 32 6 -48 -20 -2 18 -1 30 -33 -64 39 -49 26 -50 1 28 -4 -29 30 2 2 -2 6 -42 28 -21 46 -40 -52 -18 65 59 22 84 29 -19 -12 48 -4 29 -21 51 70 35 75 -11 -2 -4 49 -49 46 12 -21 53 -75 -2 -37 1 23 3 -74 0 -5 46 -16 -15 -6 27 -16 -9 -12 41 -7 
-61 6 -75 54 6 -58 15 -16 13 -57 64 -8 17 36 53 -57 11 -12 -31 -1 -86 -74 4 5 -7 68 -18 -87 -12 -30 -11 -15 16 -94 -45 1 18 1 -18 -93 -36 -63 49 18 40 -4 49 -13 51 -4 -18 -30 17 -33 -8 -29 9 67 3 -30 -11 -27 9 -2 -35 -41 8 22 -13 45 7 31 35 27 8 2 42 20 -75 -21 -13 52 -70 58 -11 31 73 8 7 55 -31 31 35 -26 -68 3 -58 -28 34 
29 -15 10 32 -56 -45 8 16 15 28 34 -51 72 -38 33 40 -41 -89 -6 45 -38 21 11 74 26 -54 24 -8 -29 -47 82 38 16 -69 56 4 -22 -69 -17 0 -93 -18 24 57 -48 -5 14 -18 -45 -69 -45 21 -51 -8 15 -6 7 -12 30 -88 -26 78 -89 -9 2 21 79 -31 18 5 42 4 36 -14 -43 -20 59 58 -16 -27 -75 33 47 56 57 -8 39 -63 -51 57 20 81 -58 -62 66 -26 76 -53 -48 
43 70 -48 0 52 23 30 -48 -19 33 -11 10 -21 -20 1 -81 -3 -40 42 -24 8 -29 37 53 17 86 41 -2 -30 11 22 -46 29 -8 -18 -13 19 14 -37 22 39 18 37 -34 6 23 32 56 -37 33 76 69 7 -26 27 -22 -26 -12 -1 63 36 -62 -43 -49 -4 50 -44 51 -17 -20 -17 -15 18 -51 51 -36 10 7 -44 26 42 60 -12 5 -5 34 -20 1 57 25 -3 14 -12 5 -32 45 64 -81 8 
-60 5 -33 -61 -4 11 10 22 -29 -1 -23 -7 33 -73 -16 21 14 43 11 -34 7 -45 79 -59 -8 40 17 -12 -61 -42 1 -31 56 -45 39 -23 72 25 -7 -55 -70 9 53 58 27 17 -70 -18 -9 42 29 84 -13 -85 71 -6 -11 -57 32 40 1 6 -4 -20 -20 -27 -3 -78 31 20 -44 76 71 -53 -27 24 51 -8 42 -57 17 2 11 -52 -19 25 35 15 -10 -35 63 21 8 -62 7 -56 -22 41 -50 
-40 -31 81 -51 -71 -55 -20 11 43 -19 9 -39 -75 -36 -23 20 -6 -41 45 20 75 27 -6 -32 -12 -22 88 -23 78 -14 57 -42 16 -64 -29 -65 39 23 -8 -46 1 -34 9 -16 -48 -9 23 -32 -5 20 19 80 56 -50 9 73 -2 91 20 44 -20 -57 -17 43 -40 60 -81 -29 24 11 -76 -58 80 32 26 -59 -57 21 63 24 -30 84 50 -71 44 -14 10 47 52 29 -6 57 51 12 10 3 74 58 -8 
-97 87 71 -14 -43 -4 -3 -8 45 18 13 63 -41 12 36 31 26 23 -79 21 -34 -23 19 2 31 7 42 28 7 -79 -36 41 -37 32 10 2 -46 -45 -67 -36 -82 67 49 39 20 21 73 64 -32 17 -28 15 -69 4 -28 71 -12 1 15 52 -22 12 -9 -29 -2 7 23 4 87 0 41 -11 51 16 -59 -4 30 48 29 -14 -21 19 35 -5 0 26 -1 -9 -50 -93 18 5 -10 -56 -31 22 -5 -69 25 
-2 -18 -47 -12 22 33 52 38 -30 24 17 6 -64 -35 -31 -39 11 -47 9 7 -37 80 -69 12 -24 33 -3 5 6 28 37 31 -13 30 -75 20 85 -35 -31 -10 10 -71 18 33 -49 10 26 78 -70 -29 15 -54 34 -26 79 68 9 60 42 39 -13 -39 41 -29 27 2 -44 -21 -35 -11 75 -21 -56 1 -36 -2 47 29 -11 16 -48 -35 -67 -55 12 -77 96 -18 16 -17 38 61 -49 51 -50 -55 23 0 -86 
8 43 76 -3 -14 60 38 -61 -51 -14 -4 48 58 -24 -56 53 -68 16 39 -41 -34 -5 -26 -64 43 -12 -23 3 34 6 27 -13 -13 61 -47 -28 -6 -45 31 58 81 -29 69 -40 -37 52 -5 12 21 -52 48 -14 42 57 -43 -63 17 36 24 -26 -39 -75 -22 17 -74 96 66 2 73 -25 1 -55 -69 -12 14 50 -2 5 -56 14 -17 -39 -9 -32 76 -52 -11 12 27 -21 21 -52 -40 -10 53 -66 7 62 30 
