47 21 54 40 61 52 40 44 9 19 41 16 7 65 30 71 81 57 5 83 43 13 13 10 71 41 45 82 2 68 35 29 34 96 97 3 31 35 19 64 95 85 90 14 77 33 94 57 55 32 28 36 7 31 97 34 40 13 37 0 99 0 44 37 31 42 7 44 26 44 95 93 53 44 60 70 15 92 21 80 62 47 4 47 75 28 92 27 42 46 48 86 7 39 4 66 55 94 17 55
10 60 51 12 2 21 53 19 13 77 55 73 60 32 67 77 85 93 40 51 14 78 74 40 75 51 29 71 73 41 3 23 54 10 47 4 2 64 89 9 19 5 94 49 34 35 76 76 74 91 35 42 95 24 33 56 99 44 59 10 87 60 48 13 93 9 5 75 25 94 51 68 32 75 35 63 15 84 15 92 94 79 55 49 92 87 2 17 15 9 94 20 54 21 3 24 86 8 7 48
55 91 45 68 53 14 2 36 80 8 70 14 51 94 28 78 47 28 49 86 82 12 97 7 10 59 56 78 33 75 6 78 86 46 65 19 37 43 6 74 13 51 59 66 17 78 54 30 23 29 63 1 42 26 2 87 46 78 66 88 76 34 66 78 70 26 46 92 73 48 50 11 48 62 15 99 32 19 93 67 92 18 72 87 3 97 57 49 75 30 62 94 74 6 22 87 5 97 5 3
74 51 48 61 69 37 90 67 69 94 64 26 86 22 22 4 85 21 41 95 16 72 69 15 97 45 23 25 49 24 22 100 8 63 4 28 7 80 68 92 12 55 91 40 78 29 75 67 98 38 33 55 4 55 69 38 61 29 36 85 64 38 65 86 99 20 14 92 26 93 60 14 2 1 62 11 89 16 63 63 71 72 28 79 90 71 56 78 81 95 19 3 89 20 54 59 86 54 50 23
68 30 10 33 53 29 100 50 11 74 81 55 79 65 11 44 82 22 84 2 70 72 55 72 72 27 69 74 56 58 82 20 28 83 71 44 77 71 29 96 75 36 49 52 68 96 32 59 4 31 50 55 16 84 42 61 60 47 2 36 98 45 44 84 58 63 30 45 34 8 75 71 69 98 23 14 48 85 92 46 63 24 0 22 47 76 26 63 87 59 74 48 6 13 95 46 4 96 81 24
81 25 97 32 60 99 7 82 94 51 10 93 51 5 66 35 49 3 85 29 70 49 13 20 24 68 93 44 94 33 95 45 68 49 29 86 66 75 12 39 64 4 44 83 76 66 87 100 2 85 35 79 9 25 43 81 12 48 0 90 45 12 52 56 42 11 38 60 45 13 53 38 9 57 100 84 92 74 94 60 31 27 93 65 19 49 91 25 87 50 99 52 71 35 20 15 74 74 77 24
10 39 34 48 23 51 49 9 31 66 82 60 22 7 32 86 81 5 26 68 93 60 66 61 69 53 5 46 51 17 43 18 4 62 60 45 28 83 33 88 30 22 79 29 82 52 52 59 55 35 95 3 78 55 76 58 11 36 67 35 53 89 8 71 77 94 11 74 98 32 68 95 69 55 16 94 17 10 84 82 57 75 77 74 27 43 4 63 58 24 55 56 49 85 37 38 43 98 99 99
12 9 21 52 29 88 82 69 99 41 11 75 1 25 61 62 94 23 17 42 45 2 30 64 97 27 95 37 29 0 77 10 29 57 4 71 43 29 40 50 26 28 15 41 52 58 18 66 4 98 33 67 18 72 80 80 44 91 11 52 89 17 88 59 79 86 0 72 67 2 87 43 97 99 11 8 28 56 62 84 11 19 52 74 6 61 69 27 26 26 66 93 57 3 38 78 68 72 60 99
17 91 65 90 3 64 26 42 33 48 28 39 27 66 67 45 67 59 43 58 73 50 19 47 36 58 45 44 43 14 64 53 18 26 29 20 23 2 55 13 5 58 94 64 50 94 75 56 75 13 89 62 5 17 38 53 47 91 40 81 75 50 90 82 85 87 0 26 83 82 99 87 36 1 19 80 57 37 87 65 33 94 70 26 98 64 38 41 76 31 14 89 24 55 20 10 88 98 70 97
5 80 100 97 29 59 92 89 39 37 52 76 28 47 17 14 58 9 18 75 38 57 67 20 90 10 27 58 69 25 80 38 54 72 89 98 55 6 95 49 12 64 91 14 59 86 58 43 69 80 56 31 25 93 58 95 65 94 39 52 21 48 3 8 69 63 29 88 61 1 55 22 35 75 7 35 94 27 37 1 97 59 7 66 37 82 42 69 83 19 42 25 87 21 50 66 45 87 97 88
4 26 84 61 75 70 33 28 65 95 74 10 83 91 45 66 34 22 33 0 81 54 51 94 94 59 15 54 39 33 95 72 41 83 0 19 20 87 8 99 80 6 39 43 70 53 36 6 61 34 32 63 30 63 39 99 10 19 55 88 92 16 59 37 24 74 36 48 7 75 10 0 69 51 58 43 51 100 7 93 74 8 80 85 43 25 80 77 24 77 46 60 41 21 44 68 74 13 90 13
98 99 17 3 13 16 1 56 72 2 43 59 94 14 1 95 16 66 20 92 5 17 48 60 59 40 99 52 36 78 89 48 55 67 89 43 33 15 4 89 84 86 39 31 37 22 39 54 30 43 8 56 68 91 19 99 45 55 23 45 71 74 42 33 17 52 88 26 82 87 20 4 25 22 94 94 32 37 49 52 90 52 60 23 84 47 64 89 4 14 63 48 90 69 15 28 74 11 80 70
11 79 58 35 91 83 22 69 74 89 95 3 82 94 90 71 93 73 41 19 90 51 35 88 3 30 95 83 87 87 88 72 47 10 96 90 54 12 53 58 89 81 13 2 93 14 88 73 4 47 24 59 53 89 70 18 31 18 27 41 64 100 16 58 21 72 42 70 38 33 99 38 84 91 0 13 33 29 42 38 89 82 63 67 7 28 15 49 53 12 99 29 5 36 63 30 24 96 37 52
3 95 3 60 21 52 84 24 24 88 32 82 27 61 63 84 68 86 7 49 83 85 24 67 38 53 41 96 33 47 94 51 65 96 12 83 45 7 85 56 4 50 16 68 64 2 27 94 65 90 100 59 54 25 48 98 37 25 10 31 40 2 42 65 39 99 92 94 95 54 92 100 80 71 9 88 32 93 54 96 18 48 79 19 54 79 46 2 30 34 5 36 97 62 99 88 35 90 73 98
90 80 46 61 19 43 37 3 93 66 11 14 29 43 88 14 57 35 15 48 40 57 24 25 65 44 31 23 79 50 9 51 96 56 28 49 60 14 46 40 91 22 90 20 44 14 68 76 10 15 2 74 41 70 34 23 16 10 25 11 27 76 20 58 97 98 34 74 14 2 6 16 14 75 30 4 41 1 23 25 82 72 2 85 40 2 72 35 30 73 34 59 70 51 29 0 21 22 33 16
13 42 17 100 74 39 97 45 39 21 12 86 81 74 29 25 14 76 69 70 18 10 92 58 87 53 75 61 71 80 20 74 54 76 54 20 21 43 81 83 23 25 91 38 44 88 87 79 34 16 84 26 83 81 53 31 35 29 31 94 73 7 49 39 90 5 50 39 92 12 37 77 17 71 79 32 26 71 54 4 61 8 56 48 49 25 73 74 89 91 54 58 94 86 94 5 72 68 74 83
13 59 84 54 96 4 88 33 21 45 98 33 36 61 97 86 63 83 94 32 55 22 49 81 93 11 6 67 6 84 54 26 1 28 64 64 1 97 71 16 38 6 22 16 20 47 51 15 21 22 10 67 76 28 43 68 81 85 6 43 82 37 93 93 11 85 10 79 53 81 86 61 27 17 11 46 55 91 51 79 56 32 26 42 21 98 41 79 0 49 98 9 52 23 78 75 7 24 25 58
14 84 60 30 34 100 38 35 41 86 4 88 21 66 25 20 20 69 100 24 6 11 63 30 96 14 99 35 69 84 41 83 36 7 89 53 31 1 56 46 53 76 15 77 80 93 67 89 0 43 100 100 78 64 99 22 85 34 10 97 30 3 31 5 42 16 27 30 58 62 70 67 22 77 3 8 0 59 54 93 86 45 82 51 9 18 91 15 100 10 83 50 35 11 76 76 86 68 36 1
4 91 29 13 6 79 12 37 86 89 78 64 62 22 93 14 58 11 31 67 21 10 44 96 88 96 85 37 95 0 93 94 71 99 80 24 2 64 15 95 42 48 11 60 79 30 8 89 91 49 56 23 38 99 77 69 69 20 72 70 33 32 96 21 34 39 4 93 95 3 97 38 48 83 3 61 13 5 23 67 93 46 66 8 71 11 37 17 81 76 12 78 18 49 39 16 44 91 50 27
53 19 93 53 28 15 70 1 25 57 50 78 0 60 74 62 61 71 73 72 18 28 20 17 7 49 47 66 10 31 10 33 34 35 95 91 42 33 39 73 38 22 11 100 26 62 76 7 46 3 38 4 27 44 20 91 28 23 92 10 30 25 92 83 20 60 16 27 54 55 98 66 75 84 89 66 60 33 49 2 17 74 69 2 56 55 19 27 5 99 47 47 43 14 2 14 99 51 35 21
50 1 28 80 90 61 40 71 26 93 13 97 70 25 62 70 31 48 15 76 52 11 9 49 93 55 51 45 57 34 21 95 31 56 80 25 46 43 20 60 80 73 33 42 75 33 59 41 5 52 48 36 9 14 98 75 81 37 62 45 64 46 22 74 53 3 69 42 40 44 77 59 71 55 52 32 61 12 38 36 33 89 5 55 0 66 0 68 28 15 22 3 47 18 39 75 25 89 87 29
25 69 74 64 5 82 81 65 13 100 18 35 49 91 87 74 47 29 65 90 78 66 17 72 83 87 75 81 84 49 23 10 33 75 11 92 35 99 51 78 55 68 98 41 23 100 74 37 89 52 46 95 81 73 88 76 16 33 55 51 99 6 61 41 33 59 71 95 62 23 97 38 88 6 96 43 3 36 85 50 62 85 15 85 78 98 14 44 91 58 46 62 63 88 44 3 71 16 24 13
52 7 53 57 92 66 95 56 51 32 82 38 59 47 46 78 7 93 100 69 9 22 77 16 70 42 95 91 41 83 30 57 94 23 78 66 22 45 29 36 30 17 47 52 32 79 20 13 97 36 92 36 93 3 32 4 84 26 6 59 88 39 71 46 78 26 31 90 96 53 1 3 68 43 88 89 56 66 37 36 43 86 78 86 25 12 72 15 82 67 4 10 41 44 71 69 73 89 31 12
16 77 38 54 52 76 11 4 91 0 79 6 63 48 27 84 41 48 78 93 10 72 69 58 60 50 65 68 35 98 94 78 94 16 76 2 25 100 9 68 59 33 65 49 30 42 38 65 60 47 63 49 42 67 3 59 41 12 33 90 31 10 27 60 87 47 65 28 1 59 21 97 70 95 29 75 1 14 63 6 53 63 8 87 51 70 2 10 74 91 59 84 92 86 75 57 19 9 23 3
50 76 86 93 80 0 30 36 49 4 31 58 47 86 26 61 99 72 35 97 15 21 84 52 84 8 47 70 48 39 59 69 45 92 5 14 14 80 95 18 8 53 54 53 65 9 41 77 30 100 41 81 97 100 33 90 25 6 99 59 75 87 7 7 61 70 47 89 77 50 15 61 6 42 12 44 50 56 18 22 31 6 29 30 78 41 19 33 75 12 29 12 62 29 16 77 85 94 59 47
17 19 80 27 51 79 22 9 80 34 73 39 59 75 6 89 53 90 49 3 24 19 4 5 41 42 97 16 83 12 65 65 31 50 67 52 88 77 61 74 38 4 92 88 10 76 54 61 75 48 6 87 53 99 43 69 90 54 28 13 93 62 54 34 76 98 60 37 69 30 72 55 20 48 26 50 5 7 86 28 87 93 80 39 16 77 99 91 91 37 66 90 49 80 81 80 46 59 34 64
98 11 10 78 41 98 79 14 58 9 80 26 51 51 73 19 54 22 96 29 14 8 4 45 65 0 69 97 29 100 54 23 25 6 30 38 60 49 37 91 73 65 7 17 11 99 31 31 80 64 86 23 18 28 52 49 12 63 98 69 1 86 42 81 48 78 37 98 43 56 74 15 5 83 2 91 0 6 19 28 76 79 76 48 30 7 85 22 84 11 77 34 13 35 34 22 39 71 96 27
26 10 80 80 6 70 45 24 74 97 21 77 81 83 28 58 93 46 39 30 36 4 38 17 48 12 35 0 75 47 99 53 56 46 29 80 46 12 6 91 20 6 56 39 4 26 76 58 23 35 77 62 53 25 100 17 18 98 29 30 97 41 84 79 8 5 83 52 25 23 13 21 92 9 16 5 75 49 59 41 55 37 16 96 5 75 67 56 10 31 64 31 13 92 66 23 90 11 50 21
47 70 83 22 67 25 71 100 26 69 67 13 66 38 72 92 69 9 36 69 11 90 54 56 83 72 28 1 10 48 58 56 52 80 0 5 8 77 53 54 84 32 12 54 54 63 86 57 47 48 22 9 42 22 58 41 94 0 69 75 35 33 8 37 71 73 60 99 36 73 52 65 75 29 66 27 76 91 82 17 54 2 54 9 26 27 80 0 55 95 20 19 87 71 76 82 4 5 27 23
71 55 72 98 19 18 5 80 70 87 100 24 56 13 98 18 89 51 67 8 23 33 22 67 1 84 58 42 59 87 99 33 0 74 2 34 36 14 31 15 72 36 39 70 50 82 37 85 58 98 78 45 88 63 38 30 60 38 2 69 50 88 51 28 70 99 58 21 28 98 40 19 67 100 64 5 65 35 11 12 66 8 49 51 96 43 33 52 11 74 66 95 72 6 47 91 5 23 17 5
48 16 23 62 30 43 94 58 5 17 40 53 8 99 78 39 10 83 33 67 10 35 71 52 54 66 54 54 84 25 49 8 49 49 45 46 54 87 50 69 47 55 1 72 58 42 89 3 10 23 47 70 8 32 29 58 18 26 8 18 47 83 55 69 6 72 68 66 23 98 50 3 39 84 67 10 38 45 99 72 32 76 82 7 68 83 9 8 58 69 35 69 55 80 67 99 57 90 73 55
77 91 23 8 82 73 93 27 99 46 23 65 48 63 36 26 15 8 92 28 70 11 20 32 40 36 43 32 56 85 41 58 7 9 71 91 33 75 72 70 37 81 46 10 22 70 29 43 25 52 37 21 76 37 50 76 1 5 29 37 40 0 95 71 7 29 73 50 84 24 47 33 37 70 92 72 29 85 26 76 43 57 26 10 67 47 2 2 95 59 47 30 89 30 40 39 63 8 1 83
59 36 84 25 25 70 16 35 89 87 52 5 54 81 72 93 9 99 43 60 83 71 4 3 86 47 68 43 47 86 80 94 54 0 22 32 63 50 77 91 19 93 15 26 21 66 94 68 53 4 3 3 37 66 25 65 1 92 88 64 97 16 53 76 47 80 30 82 5 4 82 5 29 42 96 98 57 27 26 57 100 43 52 7 8 14 91 24 70 34 83 34 52 52 16 14 76 74 56 58
68 82 56 75 2 54 77 26 95 39 88 15 76 16 3 77 100 52 9 87 39 38 54 97 22 100 72 46 63 43 5 84 13 51 52 56 48 42 43 71 25 77 70 7 24 76 26 64 64 43 19 94 51 77 1 2 81 89 82 28 94 45 25 55 49 70 49 39 36 29 20 21 76 8 71 31 52 50 99 68 94 87 59 4 100 36 71 85 31 15 17 4 4 94 22 7 67 71 99 63
81 83 78 33 44 31 35 81 42 29 4 16 32 74 78 6 45 97 36 65 5 23 27 12 75 32 36 50 45 10 17 60 66 27 16 49 90 54 59 37 41 96 79 11 82 92 19 11 21 18 15 93 92 29 69 53 76 56 26 23 33 40 61 34 30 44 49 55 39 11 64 27 59 70 25 35 17 32 43 14 23 53 77 47 98 64 84 47 46 59 69 14 54 62 24 54 45 94 13 28
60 33 55 73 17 18 33 33 65 32 33 37 63 3 21 32 93 28 41 5 24 62 56 59 18 95 24 91 67 91 26 94 78 69 15 93 52 50 78 72 78 22 43 38 71 69 43 62 93 2 48 34 74 48 55 41 19 74 25 27 35 86 86 27 27 49 62 94 18 97 92 30 3 20 62 35 28 83 9 34 68 29 48 14 78 73 88 57 84 74 56 86 73 41 8 80 30 53 36 75
40 48 81 39 50 30 35 66 95 38 100 8 96 80 57 26 55 69 60 99 84 48 57 55 86 5 9 48 0 6 23 85 100 28 29 10 76 81 4 41 16 34 94 26 64 76 5 87 7 72 2 54 86 84 13 16 87 39 84 21 51 18 82 61 77 63 61 2 20 55 1 11 47 39 82 37 58 75 84 13 4 97 22 22 46 9 37 16 97 54 1 73 80 94 73 8 77 34 62 68
83 76 13 30 42 93 17 25 83 81 30 100 98 37 61 80 68 45 17 32 33 71 81 15 53 55 14 22 96 91 48 59 33 5 92 61 36 32 44 91 40 64 40 13 75 19 11 62 77 63 83 57 37 39 20 98 23 88 37 65 63 79 1 45 50 17 32 16 91 41 91 46 18 89 70 23 7 39 41 48 15 66 2 58 69 64 2 96 79 79 88 28 25 18 60 61 32 92 96 75
87 82 70 50 66 31 19 3 45 67 68 65 94 1 83 79 33 43 97 84 95 29 2 85 57 20 46 60 63 3 66 61 98 7 35 16 23 61 23 70 80 17 84 86 52 5 17 36 98 2 91 21 67 58 15 80 64 68 5 45 87 28 30 58 30 89 64 59 91 83 29 99 60 75 89 77 44 9 0 21 25 63 13 83 91 83 38 100 49 62 11 33 62 84 80 25 60 16 64 76
69 65 62 6 75 15 61 62 87 35 24 85 75 84 84 68 72 5 25 83 44 30 27 29 86 25 72 44 55 58 14 82 38 40 43 12 80 51 48 98 14 67 17 13 21 5 30 57 73 75 29 76 9 71 48 30 37 17 53 61 57 80 78 1 87 29 6 72 59 71 63 94 73 33 57 27 87 57 81 23 74 23 85 6 18 61 14 9 11 98 39 35 15 85 22 92 55 68 15 12
49 13 21 0 19 2 47 99 49 81 90 86 10 78 70 86 58 27 35 97 50 50 69 58 57 87 87 33 43 9 11 66 76 96 72 74 74 37 20 74 1 34 69 47 17 41 57 82 61 66 66 80 76 53 42 28 18 60 10 75 9 60 40 21 13 28 6 1 63 20 50 51 78 18 19 94 65 78 13 70 75 11 26 80 63 26 43 24 70 22 16 89 20 7 25 91 80 90 38 51
33 35 97 71 25 35 48 44 10 22 53 13 72 14 77 8 72 8 20 40 44 100 81 73 63 59 15 54 42 83 32 86 50 38 62 86 6 22 74 97 42 44 31 22 74 37 7 9 19 63 13 100 30 82 67 7 78 44 88 43 18 12 70 27 92 76 3 25 57 13 49 11 20 50 99 31 33 76 82 7 59 66 59 97 73 80 97 24 0 46 59 50 85 30 87 36 52 47 10 73
38 71 47 93 45 37 53 31 94 95 67 34 25 26 79 4 81 61 93 36 67 63 73 47 96 25 39 10 48 47 92 98 22 17 71 71 13 9 16 15 4 20 25 28 70 9 30 82 75 0 31 43 17 15 88 8 81 11 49 62 66 22 63 52 53 44 69 65 72 57 57 62 86 100 81 61 36 30 87 85 30 8 46 91 52 89 45 56 24 48 80 1 78 47 31 44 59 5 72 5
35 69 5 65 24 79 10 35 21 49 5 42 81 90 78 85 92 1 14 25 86 32 61 13 70 65 45 71 48 66 25 47 5 97 6 6 50 56 82 68 75 13 16 3 59 20 60 69 4 27 100 83 77 43 20 17 14 13 85 27 6 87 56 19 60 49 53 65 17 17 76 29 36 74 52 33 73 36 12 69 98 26 59 42 53 51 44 95 81 26 2 24 16 65 99 92 36 1 68 78
79 97 95 29 54 43 10 99 29 15 95 42 19 80 38 21 76 26 4 87 74 6 28 79 95 50 8 2 38 71 78 80 19 90 82 33 93 9 72 72 51 92 91 56 93 64 67 13 16 35 58 66 36 85 13 67 47 4 87 91 5 2 48 93 77 94 61 39 3 72 38 64 24 91 23 76 91 49 14 81 42 11 61 11 17 2 50 17 90 34 82 30 100 55 43 55 54 4 48 5
60 58 72 17 21 28 36 17 93 12 38 35 51 60 16 97 29 20 52 56 43 9 48 38 70 33 89 89 40 41 38 59 62 99 0 34 60 97 85 97 71 42 0 86 51 90 47 52 46 23 41 34 84 86 23 75 32 51 41 45 68 93 87 60 78 16 95 28 57 53 46 14 20 52 89 79 38 91 85 58 59 76 59 71 17 69 84 97 71 61 89 4 85 57 32 87 43 36 77 62
82 41 96 83 6 45 93 96 90 62 98 11 39 49 64 96 17 45 14 55 38 81 60 55 45 98 45 3 99 83 38 33 32 42 8 4 73 76 51 37 75 47 21 57 72 62 17 23 60 5 1 21 45 40 86 38 99 14 42 48 0 44 43 50 21 9 69 16 43 90 40 65 22 67 99 70 87 95 30 1 6 30 54 15 51 96 65 57 36 22 84 92 59 4 100 43 80 69 63 12
20 74 99 79 13 42 23 68 11 94 89 31 0 91 5 15 59 95 18 36 54 33 80 30 24 19 77 29 48 82 50 88 69 34 76 56 5 75 9 17 97 12 25 48 43 33 94 81 17 46 87 11 70 61 47 5 19 94 2 54 92 28 24 50 78 34 86 90 61 29 99 84 49 54 88 81 59 16 77 91 57 46 24 64 30 82 65 5 54 79 25 95 28 70 93 16 94 79 27 36
74 77 43 57 80 22 75 87 75 11 86 94 92 31 85 28 56 47 64 82 31 82 3 77 6 77 94 60 37 25 48 62 22 22 58 85 5 12 64 22 38 58 8 30 39 60 5 83 59 37 11 27 10 43 68 73 74 47 17 39 75 3 32 1 88 89 55 16 34 75 91 88 14 16 4 41 35 54 14 47 79 33 39 7 76 44 6 7 17 84 18 45 52 78 83 82 8 93 37 97
34 94 29 7 35 89 9 7 34 26 7 48 93 73 92 26 14 72 6 53 8 31 19 94 98 77 51 64 46 29 25 87 81 79 25 40 32 30 94 49 22 29 67 66 13 84 12 32 30 1 57 24 84 94 15 11 87 25 68 37 39 97 50 91 1 21 48 81 57 93 55 73 15 48 76 1 5 61 45 64 90 48 77 70 88 26 7 81 29 0 35 4 33 62 17 49 93 35 88 60
58 64 56 82 62 65 80 82 67 75 61 14 37 48 18 33 48 36 17 19 92 6 84 53 81 48 89 95 36 57 83 99 23 34 42 82 18 79 5 46 71 92 11 57 9 3 66 70 86 14 25 26 45 12 28 30 70 17 36 8 52 72 78 50 38 35 35 13 55 73 73 32 92 9 60 45 26 49 55 79 87 78 16 23 12 76 39 58 96 67 28 61 39 85 1 12 43 15 31 89
86 23 21 19 36 7 10 15 72 19 95 41 16 83 92 32 32 97 16 18 45 80 41 50 75 31 76 29 1 5 99 33 84 30 77 43 50 13 32 14 40 34 8 85 48 70 98 53 8 88 46 26 70 28 51 95 91 88 0 25 9 4 19 78 10 51 50 33 98 30 70 78 46 77 12 92 61 20 98 46 2 65 28 9 50 65 26 6 15 98 93 16 34 83 11 94 20 58 77 78
38 14 52 100 97 45 78 98 6 28 14 19 24 28 84 23 78 74 1 51 3 4 2 3 17 23 18 18 4 6 3 28 12 10 42 42 42 70 88 24 18 53 43 26 20 87 64 5 70 1 62 4 25 19 78 45 70 64 3 59 8 24 55 15 43 75 18 18 98 83 35 82 36 21 88 43 58 45 5 82 26 97 29 79 51 72 50 70 37 33 93 63 36 94 91 14 30 89 70 30
64 7 89 3 8 98 71 9 18 29 20 1 4 64 34 73 59 0 13 13 78 84 86 9 72 56 62 79 25 20 91 14 36 25 97 74 81 75 17 51 54 77 38 95 4 6 36 73 88 82 9 13 56 43 22 70 10 0 43 98 38 64 84 88 2 80 9 69 55 74 99 68 96 83 33 46 78 31 100 2 94 26 92 15 87 95 50 70 65 29 3 52 15 31 92 97 55 70 89 57
6 75 1 43 26 29 93 8 82 50 0 80 1 11 24 79 93 36 20 71 37 8 29 60 94 84 88 98 15 0 95 61 31 60 49 10 62 78 28 38 33 58 30 89 14 41 30 48 58 41 96 52 29 1 25 20 99 30 87 57 39 83 60 29 62 77 83 33 78 92 70 33 29 20 69 42 96 33 59 96 85 42 94 89 9 93 41 43 64 34 10 26 6 6 10 96 84 46 42 23
85 88 42 33 29 5 24 50 92 94 56 51 1 45 85 4 56 60 36 78 32 33 32 8 37 67 5 12 76 89 46 68 12 90 73 96 33 27 96 44 2 54 5 20 67 1 97 64 78 68 60 89 1 8 44 78 43 45 65 45 80 85 63 7 5 97 24 44 20 20 78 47 77 92 25 15 84 40 83 81 78 68 10 49 45 11 42 21 40 70 87 54 31 19 95 37 98 91 25 66
15 58 67 100 58 30 22 52 89 51 28 80 53 27 7 79 85 47 5 95 59 44 44 52 19 15 30 90 9 86 36 67 21 55 80 71 41 92 59 54 74 89 49 31 54 78 24 30 74 51 88 25 78 9 44 75 70 80 10 82 40 9 79 55 65 65 7 82 28 88 97 44 98 65 11 69 46 65 77 28 41 81 20 2 2 23 38 49 24 27 88 100 28 9 68 48 8 21 22 86
29 33 97 82 78 61 52 63 22 31 19 98 49 21 83 96 20 69 40 13 7 55 12 45 22 51 3 25 98 63 66 87 42 63 71 82 4 61 67 82 11 39 97 83 86 30 3 70 77 49 17 2 80 56 16 59 44 90 48 64 74 14 70 10 17 64 16 19 13 93 10 8 82 90 56 81 36 84 26 74 43 59 49 88 44 35 76 1 43 67 58 13 7 53 89 85 45 86 1 20
96 23 47 56 34 89 33 82 81 30 36 92 96 86 32 34 78 79 10 15 67 36 27 66 1 22 49 49 52 93 95 33 9 29 71 75 23 18 17 92 15 19 100 62 51 10 59 29 96 51 74 97 60 34 57 7 65 82 31 45 52 94 19 86 12 14 16 42 58 12 15 14 27 92 79 70 32 73 73 91 65 63 7 85 28 72 71 17 47 97 50 83 36 30 62 41 66 84 42 68
88 79 63 15 70 78 74 32 28 6 31 63 91 7 23 20 1 33 32 85 53 43 87 98 92 71 72 37 98 59 87 54 20 63 93 30 66 47 95 50 85 95 82 9 72 31 13 2 90 64 65 14 68 79 32 28 36 4 67 58 56 42 39 60 20 14 58 51 12 28 33 61 9 81 80 73 60 28 72 67 44 24 27 2 88 81 80 89 8 86 90 45 10 92 70 95 99 15 11 37
8 86 35 84 6 30 54 14 49 66 22 14 82 43 33 64 12 83 56 19 67 34 10 18 3 91 70 22 84 56 79 49 58 29 56 51 41 20 41 26 85 12 27 69 58 55 52 87 45 51 37 34 19 22 43 48 64 46 5 64 3 35 8 69 97 82 82 78 86 56 24 22 84 89 20 32 42 80 86 77 61 60 35 34 26 53 0 25 49 78 20 27 40 89 71 90 66 18 87 52
46 97 46 41 84 40 61 12 44 24 30 84 65 3 27 45 98 94 54 29 55 71 77 48 40 97 2 46 94 51 16 58 85 82 14 52 18 57 81 59 48 99 78 29 99 1 35 41 99 80 77 13 33 85 52 72 48 91 93 28 97 99 32 67 35 50 67 95 82 97 14 55 86 42 55 69 32 97 50 61 35 62 98 100 77 91 56 86 86 61 73 75 28 98 82 93 55 62 35 73
91 13 36 33 10 84 35 27 86 71 81 74 44 79 99 83 13 21 35 88 58 52 72 37 80 25 25 90 64 14 53 7 28 35 91 8 55 35 18 85 38 58 88 73 39 47 21 99 72 8 37 24 11 61 48 19 28 12 74 5 65 39 2 40 93 0 52 52 90 39 47 45 82 60 23 20 90 66 61 89 83 62 50 21 12 3 75 35 86 73 64 16 97 2 52 85 38 65 71 80
36 3 30 68 73 38 60 82 5 44 26 76 50 19 93 81 40 68 77 9 88 61 20 23 63 36 91 67 60 18 68 5 6 66 45 74 13 2 6 35 83 85 49 100 98 2 35 63 83 97 25 24 53 58 6 27 86 10 88 61 100 89 67 55 20 29 2 36 77 28 0 58 65 40 82 71 79 74 69 66 11 88 4 23 72 33 97 84 48 39 59 93 25 49 43 14 7 70 7 10
66 38 97 80 54 23 57 78 56 49 64 100 26 38 11 19 88 4 13 55 91 61 43 49 87 82 94 34 18 48 23 31 96 90 50 14 0 90 61 70 26 79 25 38 6 82 75 91 53 10 29 60 37 4 35 17 27 2 18 38 88 79 26 17 5 30 41 1 28 40 87 56 84 42 16 4 89 66 86 97 28 50 77 97 69 32 72 95 33 3 22 60 95 83 64 94 37 4 13 51
66 87 25 6 57 99 78 21 14 49 75 39 55 81 46 91 1 58 95 97 10 56 67 98 50 73 31 52 8 44 50 78 96 39 6 44 63 77 73 22 47 65 39 83 67 97 13 6 93 11 14 3 28 63 1 2 72 51 48 3 90 10 36 82 52 93 71 36 37 23 39 24 95 82 34 41 88 37 49 54 47 77 5 10 32 81 64 62 39 19 24 3 51 49 78 36 100 79 95 42
70 100 91 71 53 47 65 99 16 84 57 13 14 30 51 77 8 8 97 29 66 96 32 99 75 67 2 90 43 48 47 18 81 1 81 24 81 32 35 59 68 75 24 30 16 62 46 71 79 98 7 27 65 70 59 83 60 30 30 11 11 64 14 51 86 45 24 34 0 85 50 25 97 68 100 0 34 9 5 6 6 34 95 57 31 35 8 79 18 46 53 66 19 85 16 36 70 22 65 1
68 39 10 3 36 11 84 30 55 63 56 2 18 31 17 56 33 35 93 98 83 50 0 82 3 94 39 64 51 26 86 48 81 38 43 24 84 41 41 43 70 60 69 3 7 43 98 67 13 89 51 60 33 25 5 40 68 24 29 29 43 9 53 49 91 39 0 7 80 6 39 99 31 98 16 84 51 14 34 71 29 0 20 26 33 35 52 14 40 42 53 41 35 98 37 36 38 25 14 91
1 25 76 53 92 71 35 51 89 24 79 69 12 19 10 14 63 41 38 100 79 36 55 96 96 20 74 78 71 93 32 75 99 86 9 82 37 35 96 30 34 4 13 96 70 99 65 55 76 7 83 35 44 27 72 28 26 26 65 52 67 55 72 16 50 69 66 63 47 29 74 52 6 60 99 84 72 2 52 35 68 18 4 96 33 93 97 3 84 74 46 92 34 52 68 5 68 6 9 66
9 15 44 85 87 29 66 35 47 19 98 93 17 38 93 40 99 60 23 25 91 16 65 88 35 24 89 15 66 85 61 4 90 57 91 85 7 50 26 30 84 14 23 4 9 97 53 40 90 97 12 12 15 41 56 62 0 3 64 63 28 24 70 4 47 55 51 55 16 85 12 1 40 80 35 84 100 62 72 25 6 83 51 33 2 84 53 92 22 0 41 80 97 33 70 80 16 93 48 64
60 30 22 95 94 64 74 20 33 93 22 75 48 45 22 40 9 37 61 32 26 90 82 76 77 12 91 99 37 1 32 88 33 20 73 64 52 6 42 57 77 7 74 97 67 7 38 97 11 77 11 30 59 29 85 64 79 29 43 22 67 78 29 69 37 74 91 61 45 89 33 52 71 40 96 16 36 43 53 61 5 88 30 56 28 16 40 99 52 43 31 82 19 91 2 29 95 44 4 65
37 23 60 79 28 19 91 18 55 23 85 19 18 20 68 89 74 82 9 50 22 46 24 15 42 83 50 35 53 43 3 17 39 49 8 22 11 87 35 41 38 56 80 99 59 24 87 57 93 43 56 23 48 0 68 48 100 72 58 24 64 33 91 99 7 57 51 12 81 93 83 73 73 65 7 12 27 74 47 52 80 95 35 65 70 8 60 57 66 91 38 49 61 27 87 19 83 75 55 67
50 60 48 50 13 56 1 25 57 93 34 56 45 16 17 6 96 67 28 66 57 98 37 87 13 72 22 69 94 1 73 51 38 99 26 65 23 34 23 51 84 56 65 97 55 64 97 15 68 66 49 48 96 95 14 61 86 55 35 86 14 78 23 0 31 84 22 20 9 0 47 27 29 34 26 0 63 86 10 50 57 31 89 82 73 2 63 28 62 22 32 87 39 30 17 60 21 37 30 39
6 31 82 32 17 74 52 55 38 35 7 60 83 85 32 92 40 83 72 12 60 87 10 98 41 32 78 67 59 81 52 77 88 92 36 82 49 51 6 91 28 5 26 71 84 40 85 25 3 75 55 24 8 8 16 66 93 64 81 1 52 81 97 27 14 15 84 38 100 53 72 4 57 16 87 28 43 4 96 27 67 6 9 68 98 85 7 42 20 30 7 43 19 25 99 6 52 98 67 59
32 34 46 41 28 36 12 39 21 18 22 5 62 73 3 41 17 21 11 59 59 9 23 30 37 50 62 54 57 0 57 84 66 97 9 56 11 86 92 100 47 4 66 7 35 83 1 46 25 56 41 61 94 46 75 67 44 80 62 63 63 64 12 93 14 75 2 49 27 5 75 49 13 56 20 40 26 6 76 13 64 49 94 86 83 71 10 17 67 69 25 12 25 0 48 24 6 38 13 52
58 42 50 80 21 87 97 41 76 5 18 32 77 19 57 61 18 69 75 26 21 39 99 96 71 12 28 50 34 35 67 92 60 32 19 35 54 73 67 15 94 40 62 72 44 64 9 66 71 56 60 54 75 60 22 59 17 20 17 22 53 72 35 90 54 2 19 34 20 47 34 86 22 93 56 85 100 26 15 99 49 80 45 86 100 28 23 31 71 8 90 25 41 39 9 1 100 33 54 56
84 99 30 74 79 29 62 36 94 60 27 47 88 32 57 54 15 97 37 84 48 97 83 29 11 95 78 32 92 7 57 96 16 9 39 39 47 60 29 36 30 88 74 15 73 58 85 11 62 84 50 100 38 11 98 97 10 6 87 81 85 12 49 62 9 79 41 21 46 1 22 81 6 79 85 53 62 34 64 40 79 85 78 61 8 0 61 86 32 86 59 70 55 46 84 89 79 15 95 87
69 22 13 100 73 39 16 81 65 36 45 25 48 82 48 54 79 80 49 96 18 52 88 92 12 97 9 77 84 50 59 56 78 14 80 41 46 49 37 58 24 71 22 73 22 92 64 17 92 92 7 51 19 1 80 9 25 69 95 85 40 21 39 41 68 91 10 96 98 72 22 9 0 92 29 64 48 90 0 100 16 3 50 76 64 12 12 38 53 32 72 9 77 44 48 96 82 65 5 75
78 17 92 30 88 10 7 85 49 35 85 30 96 22 37 25 58 68 28 70 30 72 16 45 9 14 40 39 39 17 85 62 45 20 45 7 62 24 17 85 69 76 91 67 43 19 94 9 86 19 81 15 72 31 49 66 25 54 27 6 10 27 81 48 87 48 53 46 54 44 89 26 62 79 63 88 85 29 8 97 89 58 98 73 5 13 78 95 79 55 8 84 86 37 100 99 4 24 24 89
17 71 44 28 31 59 35 90 73 16 100 18 77 25 94 79 28 48 80 72 92 75 13 87 11 8 21 95 39 45 48 47 77 60 56 22 87 34 77 66 81 73 100 30 64 6 55 34 22 33 90 51 64 16 66 76 37 35 51 22 79 50 2 91 93 69 29 81 82 91 49 95 47 60 63 26 88 61 54 0 27 78 88 37 84 61 71 21 35 72 25 62 44 29 87 98 51 35 35 10
37 70 56 54 51 62 77 6 12 58 55 50 22 19 82 37 29 62 85 42 67 13 86 34 27 90 57 22 33 13 38 5 67 18 91 64 7 13 75 74 82 91 67 18 6 45 3 50 3 4 12 69 0 18 10 59 84 15 96 100 13 2 83 13 26 64 11 4 24 72 57 54 89 87 85 78 43 60 56 3 72 32 99 93 4 22 83 95 80 26 2 73 96 97 3 76 92 46 78 34
53 56 25 1 84 67 13 72 41 91 1 24 90 94 27 25 98 36 46 56 49 61 73 40 99 100 91 69 60 7 61 45 77 18 80 96 71 99 38 55 71 98 39 52 21 38 10 43 79 76 71 25 88 35 82 54 45 60 65 27 57 44 55 4 59 92 63 53 18 1 67 14 72 92 16 73 2 98 43 46 31 87 42 85 22 34 83 50 38 21 22 0 90 78 50 32 47 46 40 81
39 53 88 63 64 31 42 24 80 3 98 37 26 38 15 16 3 29 95 100 17 52 36 53 88 30 44 65 15 10 98 58 40 36 2 59 6 56 0 61 92 53 31 96 67 38 64 89 77 0 62 1 61 7 93 58 95 59 30 19 84 92 72 33 39 48 27 75 37 51 56 55 2 44 29 68 47 70 46 10 6 69 62 38 20 86 80 0 8 80 39 20 14 58 63 70 60 36 2 8
57 72 83 68 32 8 18 73 90 21 14 18 48 10 16 18 26 16 82 35 38 23 100 90 37 7 59 89 55 36 12 79 65 24 92 24 52 83 96 29 52 10 79 73 10 32 80 94 92 67 63 50 78 30 28 71 67 69 94 85 22 18 96 70 61 84 52 26 75 27 69 26 25 95 16 57 31 15 43 55 19 100 31 26 71 76 93 27 30 87 22 29 79 68 73 54 98 10 99 84
43 89 56 0 92 27 44 38 14 37 69 89 40 25 5 69 82 84 4 71 49 8 20 54 31 95 11 42 43 20 5 83 87 89 5 30 23 86 75 22 57 91 90 84 20 22 24 55 12 26 81 26 57 70 19 40 26 37 46 90 58 16 48 96 20 47 95 50 95 52 33 95 1 89 53 22 88 52 8 54 82 83 36 27 72 83 83 5 26 2 40 2 65 99 42 57 50 95 63 20
0 81 31 74 57 5 95 52 97 83 21 66 22 10 82 3 70 65 4 46 45 22 99 61 34 87 8 90 64 75 93 97 53 49 95 15 12 77 61 53 31 81 87 26 3 78 14 99 76 89 51 57 81 23 16 42 46 18 84 92 36 2 17 30 99 70 36 99 46 28 74 7 80 63 96 34 25 28 53 86 92 63 56 10 66 20 13 20 75 39 62 8 52 14 56 46 55 90 69 80
57 84 28 96 98 38 99 67 6 30 26 67 0 6 21 94 66 41 90 74 3 83 86 49 84 84 22 78 98 29 55 97 0 77 92 54 92 77 3 8 29 83 20 49 95 81 77 99 83 49 24 24 67 3 72 93 73 60 47 37 28 82 35 7 80 44 33 65 37 61 43 49 6 54 38 1 56 63 94 94 97 2 40 32 69 84 50 73 52 10 87 63 10 65 61 5 93 22 5 74
45 8 75 73 2 22 100 11 51 79 84 92 24 66 28 91 7 30 60 46 15 85 22 79 71 76 90 54 56 63 50 64 69 78 89 22 75 54 76 75 73 93 19 39 34 8 36 48 99 2 80 70 84 52 69 3 11 44 84 80 46 68 84 4 42 35 51 28 1 98 78 22 2 67 36 69 14 23 47 93 22 39 93 51 21 91 2 61 94 82 68 24 11 78 56 12 25 47 60 44
97 19 69 27 63 55 17 79 68 57 92 43 56 81 71 59 50 77 36 87 59 41 78 48 73 80 42 67 24 50 98 79 84 44 84 12 85 96 83 48 48 22 91 25 85 93 88 66 55 69 96 24 96 34 99 31 13 90 34 56 40 21 41 99 32 24 32 42 5 93 18 79 49 44 35 58 28 67 61 80 4 78 91 74 78 27 62 14 37 52 50 85 37 45 90 48 39 95 84 22
93 4 83 73 32 40 62 36 100 44 40 99 58 59 33 29 85 24 76 56 53 96 70 98 91 25 42 22 77 65 22 94 65 55 55 51 6 68 44 15 30 39 65 70 13 66 3 40 8 2 19 15 81 44 3 49 62 31 60 85 6 79 66 77 2 26 81 82 86 66 17 17 81 18 61 26 4 89 25 43 94 7 37 49 43 95 96 83 87 65 97 60 14 55 93 48 31 32 27 2
24 83 61 92 69 8 85 39 58 24 48 33 90 38 93 36 86 54 33 2 89 36 28 1 55 14 77 100 70 44 52 18 60 65 33 35 40 6 14 12 72 16 78 96 64 92 8 62 25 38 17 57 29 6 86 26 56 17 11 99 45 41 92 18 51 23 4 86 27 69 69 48 87 31 17 57 81 58 16 45 58 61 72 33 40 17 64 78 73 81 45 61 0 79 15 70 56 48 85 97
30 24 80 45 48 74 63 85 56 25 91 12 37 35 28 19 19 31 93 20 54 98 73 83 22 39 26 24 94 30 53 22 53 91 5 78 38 72 39 39 72 93 7 92 70 18 10 45 14 17 87 93 39 77 93 19 18 21 75 95 67 34 81 31 72 90 21 4 96 73 80 72 66 60 52 80 79 74 34 40 100 89 96 78 89 68 29 28 86 3 3 24 29 51 98 31 93 9 33 27
19 40 75 59 19 37 9 11 96 2 96 96 88 20 66 73 100 39 88 2 13 21 26 8 42 95 10 81 91 1 16 55 22 52 27 19 87 78 89 30 3 89 17 55 51 65 76 5 29 39 89 55 4 21 12 88 45 70 43 76 55 45 94 23 10 60 87 59 8 74 67 11 94 59 10 65 8 9 84 44 25 8 46 62 84 97 22 78 39 95 32 22 71 82 96 53 99 55 93 99
51 29 72 73 27 62 13 7 64 11 87 75 72 40 26 6 90 64 38 74 94 10 3 29 69 99 53 48 16 18 96 99 25 72 49 48 70 28 94 26 87 58 23 65 61 11 92 0 86 97 13 3 54 97 21 74 63 74 84 15 69 14 25 23 15 12 64 43 24 85 49 5 72 42 77 100 75 24 37 14 11 60 12 30 50 15 45 1 12 46 24 20 26 98 84 9 19 83 18 48
66 0 44 26 86 31 52 16 85 56 29 13 7 68 23 45 76 27 87 70 65 91 76 0 49 14 25 79 45 52 30 64 77 38 75 7 1 0 5 39 41 28 77 5 50 13 71 27 86 39 20 47 94 70 30 0 56 81 36 75 11 5 53 81 98 42 20 70 49 95 20 83 13 89 89 70 10 64 82 4 40 54 57 67 45 44 21 57 46 34 65 82 53 37 11 48 52 74 8 100
4 89 27 63 17 84 81 61 33 63 71 94 76 70 67 79 65 36 57 85 96 51 51 64 27 60 59 83 78 62 25 77 82 32 8 76 89 11 14 52 35 40 50 13 90 13 54 56 99 8 26 0 92 39 21 93 19 24 25 65 92 1 29 16 26 22 85 18 92 95 74 2 54 9 43 99 86 17 83 84 4 65 42 7 88 50 28 73 10 75 40 78 69 96 47 48 32 83 90 2
63 23 38 72 2 92 89 0 41 90 32 47 59 50 99 90 27 26 34 72 30 19 50 5 54 36 19 34 42 91 17 43 81 37 86 100 11 21 44 33 46 17 71 34 87 0 70 88 25 52 26 2 53 45 27 68 78 13 42 19 12 85 95 46 22 98 38 38 63 41 90 76 37 11 63 74 19 76 31 76 68 26 90 39 96 90 70 44 65 89 76 95 74 23 51 100 15 49 75 72
27 83 83 27 99 20 46 9 86 85 30 0 50 72 17 31 74 81 47 3 29 23 19 20 81 18 96 18 100 27 2 97 49 89 66 50 6 22 89 83 88 0 65 9 7 43 18 96 66 54 38 58 88 21 85 18 53 34 29 2 46 55 23 44 84 24 40 23 26 9 92 22 57 5 20 57 82 100 92 95 22 95 61 11 93 61 8 97 89 37 69 37 9 77 23 24 84 63 21 32
82 23 1 97 23 33 62 77 37 8 47 56 79 66 100 42 19 89 37 55 4 5 90 49 4 38 77 2 99 19 56 56 2 65 25 38 65 19 60 0 41 69 68 60 92 17 24 57 77 96 56 73 28 72 20 13 90 56 49 96 30 81 99 30 24 69 46 39 3 6 85 25 54 6 86 14 7 95 47 86 43 64 86 37 96 1 90 20 83 35 73 75 82 41 19 93 58 55 98 98
94 9 30 79 42 5 81 14 33 54 48 20 30 18 28 35 57 28 63 25 44 46 19 47 26 6 50 42 7 0 24 12 95 87 60 3 10 1 5 72 49 69 87 95 10 9 61 56 69 32 25 36 85 81 41 79 77 95 8 18 57 42 11 49 31 96 96 67 83 15 1 82 95 6 67 2 0 8 73 16 19 99 10 93 45 92 16 17 80 1 100 64 95 83 22 32 81 19 85 80
