30 47 99 77 14 12 58 6 62 46 65 59 13 51 65 57 60 46 61 74 0 56 73 91 30 46 65 60 42 9 10 71 74 3 36 12 49 34 32 36 13 47 14 67 63 97 70 5 29 75 0 18 23 50 44 78 31 40 11 66 97 83 1 86 83 73 60 69 62 13 26 57 19 93 81 1 44 12 8 26 59 69 27 62 33 32 59 24 72 79 82 19 70 3 38 80 85 1 49 99
40 84 85 16 100 40 52 4 56 37 60 21 91 67 61 96 84 20 9 68 8 66 74 5 95 95 45 5 63 29 84 75 57 27 11 11 52 54 51 75 6 74 64 58 49 56 72 42 17 81 56 30 5 76 6 86 21 86 99 59 28 0 39 0 71 7 55 75 52 87 33 92 7 92 20 74 75 95 16 24 78 43 43 61 59 50 68 10 30 29 3 72 27 7 60 5 40 53 23 2
57 40 82 12 43 5 97 12 17 100 82 9 88 47 16 0 55 99 94 25 32 42 69 16 54 28 82 41 67 49 21 51 73 12 0 78 85 51 36 9 91 16 36 93 68 27 82 16 9 51 31 56 28 9 48 59 17 29 46 43 33 100 32 64 75 78 31 90 5 21 74 66 89 88 86 53 56 99 72 15 72 16 93 48 51 25 3 82 5 14 17 15 8 48 68 17 49 71 76 37
87 60 14 7 83 81 71 94 12 77 18 89 41 0 9 73 3 91 91 14 28 100 6 48 79 31 82 45 37 57 52 86 45 74 67 68 47 91 55 18 97 3 95 92 84 77 63 91 61 97 66 69 29 71 52 100 77 30 55 68 99 91 41 11 87 19 5 35 91 35 54 36 85 64 92 56 35 36 12 46 76 1 99 60 15 23 48 41 24 88 39 96 5 5 26 33 55 15 97 95
17 54 63 41 3 4 50 87 61 72 12 41 14 11 74 76 40 91 5 51 31 25 70 68 54 51 44 22 13 36 8 80 14 37 6 87 81 96 85 42 74 8 98 80 73 59 19 58 22 71 1 38 21 94 76 82 85 5 15 28 71 21 27 42 40 87 83 71 79 68 34 56 45 93 75 74 73 52 70 25 11 37 54 45 29 26 30 64 16 34 72 10 1 23 27 50 70 78 85 61
13 8 29 15 70 29 6 69 54 72 18 87 96 81 25 35 42 100 11 31 25 48 49 58 65 60 78 80 70 22 75 45 97 60 47 66 100 80 76 10 31 28 23 29 32 50 10 67 31 5 0 40 75 14 92 8 7 18 43 52 15 18 10 11 52 3 30 53 96 6 19 28 96 11 68 98 14 18 54 11 45 82 87 44 100 53 18 34 37 37 64 100 63 86 36 4 83 94 34 80
18 66 72 93 53 98 16 25 75 79 25 89 58 63 20 27 54 25 11 67 87 28 72 12 56 84 91 67 63 57 45 25 59 5 82 32 61 18 40 59 17 38 79 76 89 89 20 19 72 68 52 82 91 54 67 65 9 56 86 55 24 32 19 28 61 55 89 0 47 35 88 11 27 97 46 79 15 42 30 34 31 5 43 40 44 12 11 32 69 43 36 51 84 91 51 21 17 20 62 99
24 5 38 49 29 75 16 0 96 35 27 20 47 81 49 73 29 75 6 82 16 73 36 3 20 76 67 39 53 67 27 89 6 51 9 8 6 94 84 71 6 11 45 0 55 2 9 35 69 67 73 70 11 55 49 40 46 81 73 12 90 20 48 75 97 87 13 11 75 65 77 22 7 60 50 69 58 5 70 64 50 58 82 26 64 97 36 56 87 1 5 93 14 13 22 99 74 87 28 93
60 82 96 43 83 49 0 20 80 58 67 93 61 41 82 26 29 34 76 17 61 67 70 76 10 7 74 31 0 97 24 45 11 33 33 70 62 36 25 42 24 55 64 67 93 33 59 32 26 23 60 53 60 89 85 28 85 70 19 43 79 97 42 77 76 16 22 85 34 11 11 40 21 92 32 63 71 66 36 100 41 42 23 65 93 89 76 90 89 64 1 85 72 78 10 95 67 89 73 18
25 67 22 34 43 98 90 78 70 30 82 68 75 23 70 95 38 7 18 79 21 64 73 27 10 60 22 66 62 82 70 38 58 12 48 73 59 60 43 25 73 46 56 65 31 44 71 66 34 54 41 9 69 78 29 12 100 97 91 12 23 41 19 59 90 12 71 48 11 23 30 35 96 56 39 5 96 78 96 82 48 96 34 42 65 93 96 32 46 36 51 67 15 60 73 100 35 37 9 17
88 59 51 49 34 78 47 2 3 48 90 47 65 68 3 20 59 8 90 47 75 25 96 44 49 66 13 68 74 46 41 19 35 3 54 9 83 6 0 62 11 64 69 52 19 35 21 49 21 20 90 6 4 1 0 52 16 26 15 45 21 27 9 41 23 62 52 57 9 86 31 1 96 35 0 80 85 52 8 64 10 90 21 66 0 71 67 4 57 64 9 74 80 28 100 3 63 43 87 7
93 9 6 34 45 68 62 62 51 17 24 65 57 28 8 1 78 61 45 90 21 45 65 0 24 24 93 40 5 49 74 98 70 31 42 75 63 63 61 53 83 18 93 7 27 93 100 50 65 26 46 56 43 36 62 75 12 2 37 57 4 25 16 69 14 89 49 68 71 51 31 74 3 69 62 19 79 84 83 60 65 32 47 90 65 85 54 44 22 48 38 91 18 85 12 56 68 51 76 29
49 61 53 49 97 26 48 68 36 62 81 12 46 49 63 30 81 100 25 100 64 45 81 95 2 8 33 78 71 76 24 79 42 70 62 85 28 6 73 49 18 30 50 71 13 12 67 65 27 4 73 86 29 93 49 63 60 28 1 54 67 38 53 24 43 99 86 39 25 84 98 93 93 79 30 16 71 40 43 99 35 43 25 66 86 11 22 45 66 62 13 100 54 72 41 21 0 4 50 100
40 68 33 66 56 40 99 33 33 84 100 33 44 15 33 17 25 70 95 70 87 6 91 69 14 32 82 79 31 38 90 87 30 57 44 90 62 94 68 45 96 65 93 22 78 81 62 39 85 91 95 45 84 82 79 76 68 69 40 35 11 1 11 56 24 25 62 61 93 28 54 6 60 65 9 1 4 15 34 46 87 22 1 55 1 90 4 85 88 18 23 43 72 71 9 71 46 30 52 25
44 81 88 79 88 22 4 85 99 89 9 29 19 40 46 32 98 8 72 90 74 69 23 45 76 15 12 97 8 34 78 77 61 85 11 37 98 23 99 88 29 55 27 83 56 12 14 68 73 0 100 89 93 38 73 24 68 78 42 66 59 76 50 83 69 68 16 62 56 76 99 70 92 56 94 52 58 89 92 11 33 84 73 13 66 41 31 20 78 29 92 48 56 93 74 51 8 42 32 86
32 39 15 2 52 30 7 64 44 85 46 81 80 37 67 83 86 51 90 60 81 58 80 4 27 35 77 8 5 65 39 87 62 74 21 44 97 68 75 31 45 15 85 76 94 44 100 92 73 17 45 73 16 40 77 65 25 45 13 78 37 58 50 27 88 91 48 44 28 8 59 40 62 63 96 44 83 24 4 3 70 42 82 100 69 0 11 27 4 23 86 9 64 43 54 93 30 5 14 16
75 76 95 90 58 55 28 79 75 15 90 4 95 36 65 16 57 26 28 62 73 64 1 11 94 22 50 14 87 8 97 70 63 64 24 82 100 100 31 28 93 2 92 47 24 87 46 88 11 7 26 77 60 9 83 3 44 35 80 27 42 100 14 79 84 9 58 2 56 45 90 60 41 94 71 90 47 87 75 65 44 51 59 69 76 47 77 36 66 16 38 55 27 88 85 18 53 37 31 2
0 97 17 18 9 11 72 31 95 81 66 16 57 82 78 44 80 100 8 25 92 67 79 10 73 80 26 2 8 41 52 56 17 9 13 39 81 43 85 26 16 66 52 4 61 41 24 10 92 93 97 0 64 62 22 7 99 95 23 99 6 98 11 15 38 66 54 90 60 60 38 8 11 2 18 15 90 27 12 100 5 4 21 54 40 21 80 0 27 18 34 43 70 70 100 80 59 39 55 94
82 15 8 12 96 23 57 58 44 75 15 61 50 93 28 8 3 96 78 87 91 19 91 84 100 34 93 67 64 36 55 75 16 84 15 24 8 47 89 76 54 22 4 41 29 29 80 53 87 26 74 100 26 23 44 68 30 45 27 13 25 85 21 69 95 25 73 55 11 1 53 96 99 44 34 40 53 36 7 48 37 16 11 71 68 0 19 29 26 64 47 18 89 96 7 45 57 21 80 97
50 84 55 85 64 81 46 87 3 39 1 69 19 73 65 57 65 22 77 72 97 88 68 92 85 48 77 32 47 43 20 68 11 27 91 63 31 45 88 52 20 22 30 70 19 91 81 66 43 56 92 7 21 12 41 96 74 17 5 19 60 22 35 58 41 63 73 78 48 86 12 36 71 29 24 45 85 84 64 72 14 83 87 30 81 15 52 84 97 100 69 63 81 84 0 45 64 68 89 65
29 30 65 100 7 97 32 12 36 57 91 95 46 91 98 68 22 89 91 17 49 12 24 34 11 50 73 49 83 4 34 31 44 53 77 89 51 38 81 30 94 33 72 52 17 78 90 42 61 80 35 55 96 48 96 85 69 98 98 41 87 67 92 18 54 20 98 8 6 53 50 48 95 92 1 32 5 9 9 36 44 91 86 14 32 27 81 58 77 28 100 45 11 76 37 80 60 2 88 50
4 24 58 59 58 48 61 52 80 24 50 65 78 25 72 38 90 70 5 17 42 65 6 69 41 77 69 18 5 39 85 90 12 18 99 90 59 80 16 3 37 14 6 47 61 18 7 67 39 20 94 52 97 24 61 25 32 69 0 89 87 89 57 4 58 74 50 61 86 91 67 13 9 63 5 100 48 32 72 24 2 52 47 37 36 21 80 97 92 15 20 21 95 36 35 53 23 1 54 12
73 59 79 86 28 58 62 29 56 2 37 43 24 45 47 19 68 82 43 75 44 54 40 83 21 44 13 79 61 85 83 100 89 54 73 62 4 57 77 100 78 73 80 29 83 20 75 50 51 18 6 7 74 48 15 33 50 45 91 64 65 70 18 37 73 50 33 7 74 85 3 79 45 53 82 100 98 70 1 4 26 67 47 6 100 84 7 32 64 40 86 67 83 86 13 34 73 24 10 35
98 28 61 83 2 87 48 62 9 15 37 66 83 92 19 76 53 80 91 61 85 34 17 38 58 28 67 42 31 54 60 51 77 84 64 52 98 17 91 93 3 33 3 75 57 49 80 53 42 74 31 99 27 93 72 31 37 99 87 54 1 61 18 18 12 97 56 46 65 8 36 59 34 54 10 84 1 69 24 81 84 12 33 82 66 37 21 27 34 93 33 31 70 48 9 80 100 93 92 96
57 96 16 29 90 5 47 78 90 9 87 56 61 30 76 81 91 18 0 10 12 19 96 41 35 94 54 74 40 32 89 87 0 24 86 40 69 6 63 4 38 38 52 24 11 85 56 88 6 45 59 1 67 32 22 69 14 45 73 55 96 96 95 87 45 95 74 64 30 82 92 62 33 53 26 78 34 64 85 26 22 27 47 12 61 13 42 7 32 65 19 12 34 87 96 69 57 83 14 98
41 72 64 53 79 57 11 17 34 9 82 76 94 76 65 9 88 69 12 4 89 50 51 1 25 3 21 83 90 81 41 92 66 50 10 46 44 93 75 96 62 62 7 45 67 39 69 66 20 30 20 2 24 63 98 3 7 75 94 33 43 26 96 79 71 12 17 45 44 76 26 72 40 19 87 28 2 71 95 8 56 37 51 48 56 17 3 68 8 57 79 20 86 25 15 12 84 61 43 67
19 71 86 17 72 97 57 36 93 49 97 92 30 39 83 53 10 55 0 46 16 12 82 24 45 8 9 67 24 32 38 29 43 94 70 73 76 42 89 87 38 16 31 75 71 89 90 71 93 60 40 22 98 67 75 21 45 67 59 99 18 92 66 72 35 88 35 96 48 88 96 95 7 6 93 76 21 21 60 81 17 23 94 57 83 9 19 35 83 16 43 11 26 22 32 74 28 50 85 0
36 5 17 35 26 66 70 46 81 10 43 81 66 65 21 83 10 98 23 51 22 10 70 2 97 54 91 7 61 54 47 43 7 4 91 33 95 34 42 37 25 93 84 44 3 8 19 56 66 53 34 8 7 47 14 41 29 50 77 66 4 59 41 41 82 75 98 84 25 51 25 51 81 35 38 51 38 35 52 63 30 16 48 96 8 92 87 76 98 69 20 86 33 80 86 68 40 50 54 57
32 55 4 55 30 16 95 2 88 80 100 2 13 25 59 53 38 11 1 62 61 47 61 21 27 24 80 72 90 38 57 46 12 51 31 54 56 53 93 98 34 40 3 41 93 21 11 16 59 55 100 32 62 13 58 97 75 4 68 60 11 24 6 56 57 49 67 9 6 65 80 73 42 62 75 66 81 54 98 77 7 47 39 5 72 38 29 89 52 94 69 15 55 42 42 72 14 23 5 56
27 50 95 29 48 92 55 94 15 81 45 52 67 16 37 88 96 14 67 37 91 83 6 10 62 89 80 34 93 23 21 57 35 16 9 63 93 24 73 99 39 56 33 45 87 61 51 76 9 66 28 54 19 12 91 95 80 76 83 67 77 79 36 33 18 38 80 95 87 94 97 14 25 12 31 35 66 65 78 9 92 17 6 42 98 17 53 42 75 0 26 80 39 32 1 17 4 36 32 10
49 58 39 41 43 92 54 59 46 70 49 65 7 39 66 8 87 67 44 34 13 47 91 86 56 63 28 78 3 43 40 91 56 100 21 87 87 48 74 1 25 97 26 67 55 42 5 20 23 1 99 69 66 64 25 47 100 4 99 83 4 50 67 39 29 63 96 39 40 95 59 43 76 49 73 54 99 99 94 68 86 68 11 91 79 28 84 66 65 85 70 10 77 17 11 75 44 37 39 60
8 24 74 8 42 7 27 58 1 100 42 3 45 88 85 44 9 10 78 6 11 68 34 92 40 74 5 57 58 77 75 5 46 16 85 91 29 74 41 39 30 48 79 43 47 63 10 61 70 78 21 91 98 25 54 38 80 11 83 7 98 28 47 54 62 36 27 45 64 15 10 21 28 52 8 80 51 2 60 7 33 94 23 58 35 68 80 32 19 7 78 52 99 18 14 84 15 6 86 69
90 24 76 61 33 70 44 75 48 45 30 10 47 44 37 64 38 32 48 65 97 85 29 53 41 66 27 69 37 43 41 42 79 91 68 23 23 49 28 6 1 16 71 16 75 0 30 87 32 88 40 53 98 57 95 45 21 32 8 75 90 77 49 77 86 79 76 15 47 43 44 52 8 52 43 95 14 68 97 84 79 51 47 83 41 67 43 85 52 50 78 33 30 26 26 29 70 71 16 98
87 3 49 37 76 99 53 24 51 6 80 19 2 21 55 72 32 76 50 29 99 56 54 23 15 86 68 73 92 93 89 76 96 54 11 73 12 93 97 47 10 80 73 63 7 32 89 54 1 24 64 97 8 17 88 3 86 41 86 1 18 41 56 36 67 8 93 94 11 60 16 42 77 71 92 86 48 94 74 90 14 88 39 37 72 91 34 68 50 59 78 9 71 72 67 96 59 55 23 23
44 23 12 88 36 90 61 40 95 95 44 99 14 13 69 39 79 74 91 42 13 83 42 52 2 96 89 4 27 16 56 54 41 34 43 29 91 49 43 65 2 35 85 16 28 48 51 14 2 22 8 64 35 68 78 38 72 20 91 9 29 37 55 25 2 79 3 48 87 43 46 99 88 79 92 14 97 46 85 30 61 58 25 24 90 20 44 76 71 99 96 48 91 99 70 65 47 55 60 26
91 25 25 59 72 28 35 23 22 13 23 14 58 62 21 37 78 84 10 48 38 26 72 60 21 66 33 83 99 0 73 34 74 60 87 10 62 66 64 61 74 56 22 1 53 28 60 100 27 88 7 76 6 89 96 36 83 20 83 76 56 35 6 11 32 11 47 73 81 17 68 15 55 82 12 43 8 34 66 16 72 65 29 2 12 68 6 35 75 78 93 48 29 97 75 95 81 90 63 5
94 40 68 29 10 13 77 80 49 36 47 79 25 20 20 5 80 73 72 22 63 9 92 53 6 20 13 95 88 26 65 99 9 25 21 34 42 97 13 23 34 22 45 95 72 43 22 41 15 38 79 32 49 34 73 89 77 30 54 44 69 51 96 87 61 20 45 99 26 96 38 91 37 70 8 45 66 74 37 16 52 63 45 52 32 59 14 98 83 21 73 11 69 99 86 85 61 65 23 12
91 100 14 73 2 0 25 62 56 80 51 34 54 81 13 97 81 89 80 1 0 67 23 18 85 55 57 54 80 93 10 6 21 71 19 49 70 30 77 3 33 66 33 48 54 65 46 45 65 34 94 89 52 77 57 51 53 8 6 70 26 64 91 11 54 71 5 12 13 65 59 54 81 79 62 66 85 41 32 29 97 48 32 98 30 60 56 29 21 76 80 7 97 59 17 30 80 83 43 40
98 55 21 3 49 19 41 70 93 42 46 62 84 44 40 89 25 36 13 85 16 60 62 57 57 50 36 5 96 16 25 0 81 61 85 51 33 73 21 17 97 47 24 30 43 28 22 21 89 90 3 77 25 10 30 29 85 56 52 35 34 94 32 43 58 51 22 59 30 42 32 38 30 73 78 62 32 96 100 38 46 50 10 64 9 73 37 82 94 29 72 88 13 9 32 76 52 0 17 35
41 81 63 53 96 29 29 23 44 3 85 33 57 1 57 71 21 38 36 1 58 79 83 73 43 56 86 60 76 97 3 89 8 10 73 30 32 32 83 27 32 24 4 16 6 37 46 38 32 94 80 64 19 14 53 61 2 62 14 32 43 14 72 62 77 10 34 48 81 74 11 44 19 96 84 24 96 56 6 5 86 4 80 20 64 79 25 99 56 99 33 27 81 47 60 64 23 54 51 88
87 59 12 67 99 100 36 27 34 20 0 61 51 36 75 57 97 91 43 66 22 29 81 54 92 42 42 95 73 71 0 63 82 6 97 75 100 95 18 4 13 78 11 50 74 26 37 34 25 9 59 51 18 87 16 76 37 32 79 10 16 22 11 45 40 66 1 9 19 72 14 55 77 33 23 94 53 62 58 9 87 93 30 48 99 37 69 31 0 62 38 26 42 83 27 21 31 46 52 7
41 42 71 43 11 87 45 13 36 34 8 1 53 56 27 27 38 73 45 46 48 20 57 99 58 24 49 88 75 0 11 63 5 69 60 13 43 45 25 99 71 0 76 69 75 29 5 0 81 75 48 54 62 13 42 24 11 94 91 46 5 84 2 46 47 9 34 6 98 51 75 4 74 43 27 41 90 36 86 66 43 59 12 18 36 88 68 2 72 73 51 18 63 2 78 44 61 17 63 90
29 36 19 5 95 84 66 36 96 65 68 74 8 58 37 35 52 2 88 98 85 96 51 13 18 29 45 48 25 65 58 31 83 77 83 6 2 21 14 31 94 21 26 46 10 92 69 36 8 45 52 70 70 100 58 29 19 72 63 71 56 11 45 31 55 51 20 25 22 44 46 63 41 17 82 100 4 6 93 46 50 91 94 94 66 29 100 33 30 81 37 15 87 24 64 87 91 50 61 54
6 33 31 99 37 53 6 26 53 66 43 35 81 39 85 31 91 12 18 61 36 26 51 43 48 26 8 25 40 1 93 92 100 57 64 1 78 30 38 3 79 61 33 53 76 40 58 66 79 10 35 88 100 78 32 28 63 32 94 2 75 27 94 79 100 50 66 38 69 58 79 73 4 94 76 28 58 71 74 16 37 86 38 32 72 10 4 69 93 57 29 91 16 45 32 48 64 50 66 50
89 31 42 50 62 38 85 10 31 42 15 47 32 28 78 15 58 40 8 25 5 59 60 59 6 83 72 89 26 5 99 1 79 51 91 44 84 77 50 76 52 95 86 73 63 17 55 66 65 24 33 36 33 68 52 44 45 13 92 19 58 49 82 44 13 46 64 55 8 62 83 81 88 55 15 39 88 23 100 40 42 25 94 93 26 16 72 74 84 55 20 83 88 2 38 18 40 71 37 93
13 67 47 44 58 4 74 2 30 100 50 83 63 54 43 68 66 32 83 17 49 52 81 30 81 98 77 36 86 44 72 18 27 32 69 67 16 15 55 63 37 88 20 48 66 92 81 7 39 88 34 88 7 40 39 68 13 92 92 8 3 28 71 4 76 82 49 26 6 56 17 30 87 95 49 29 35 5 38 100 52 48 79 48 100 26 43 9 86 1 87 25 20 14 62 69 12 14 91 59
85 34 98 66 56 3 60 4 34 47 35 68 26 70 65 82 93 71 69 4 80 3 95 25 75 84 68 47 62 83 57 45 31 38 57 75 81 30 96 19 97 94 28 70 96 56 46 65 2 55 83 88 15 61 26 34 56 44 69 77 20 88 19 84 83 76 12 78 63 44 10 63 68 75 6 37 36 58 46 7 81 32 28 59 50 15 94 12 50 80 73 81 48 98 41 56 48 60 69 20
14 84 11 39 16 95 24 78 69 40 72 7 73 10 37 26 76 36 86 7 53 26 39 57 30 67 96 77 75 91 3 82 28 97 100 29 13 0 66 32 47 54 44 29 60 7 1 67 46 90 19 81 97 36 96 48 21 72 27 59 85 89 63 38 34 94 28 80 95 47 2 83 46 58 9 16 73 41 37 94 75 52 71 34 36 24 84 6 51 45 77 37 54 30 48 35 67 92 74 53
39 31 70 54 85 20 89 12 91 22 35 21 33 43 37 54 61 84 100 79 11 11 63 28 95 41 12 54 93 21 2 56 6 29 91 89 5 73 61 62 71 19 94 6 41 7 8 58 13 1 5 19 77 17 71 21 42 80 91 41 10 2 42 40 25 14 70 50 95 55 73 31 29 13 93 57 37 20 73 58 92 70 32 77 36 65 94 5 4 48 75 89 86 13 54 41 6 91 41 7
33 27 42 21 18 6 76 57 47 59 52 56 20 4 50 1 32 16 55 9 74 34 95 99 33 0 67 17 94 20 64 52 93 40 37 66 14 61 11 34 48 99 43 90 94 62 19 14 1 8 62 93 77 12 100 88 75 1 63 51 81 69 11 88 52 68 83 26 23 75 44 25 5 2 29 49 73 23 49 36 2 93 38 97 19 86 5 79 62 93 81 14 61 98 97 32 39 8 60 10
86 15 6 63 35 72 23 68 98 72 50 50 35 37 31 53 17 19 59 72 61 50 97 70 5 54 46 57 27 42 75 58 56 12 85 21 35 77 65 94 46 24 44 95 78 50 3 19 30 42 98 42 27 86 72 4 29 24 52 88 84 15 72 75 12 28 65 19 36 99 95 69 38 61 98 10 14 13 24 67 46 36 74 92 45 100 18 46 67 76 7 99 14 45 47 39 17 14 50 1
80 52 26 94 81 25 27 76 65 77 83 41 41 56 74 61 32 61 63 42 58 36 63 68 30 1 50 30 69 17 34 86 77 93 26 41 68 54 88 76 32 31 8 33 20 99 24 43 5 85 58 65 77 20 10 4 23 96 76 40 52 86 27 28 54 79 1 10 39 50 0 37 63 94 79 58 66 2 87 69 25 16 100 60 29 58 42 60 80 95 30 11 91 76 76 41 100 38 57 65
71 21 50 79 14 8 74 68 51 41 93 10 38 21 73 60 53 4 83 31 18 58 96 82 97 80 43 57 79 6 10 23 91 54 60 96 55 55 100 15 63 76 19 51 88 51 11 61 94 93 48 50 67 9 69 50 81 54 62 12 27 65 57 100 58 17 28 57 52 76 15 16 0 12 77 61 93 42 56 19 71 46 44 86 92 53 70 70 36 78 8 92 41 77 61 76 37 90 88 70
48 57 86 45 63 31 39 77 22 56 39 65 5 98 78 98 23 34 21 72 14 28 69 32 58 7 12 84 93 71 25 20 63 42 77 24 72 75 65 20 32 46 63 12 77 49 24 92 35 37 71 29 2 48 27 75 19 65 42 96 67 50 11 87 85 65 94 40 81 67 38 12 3 44 98 69 32 0 24 58 37 31 24 92 34 0 18 4 13 86 95 35 13 26 2 51 66 82 84 98
68 83 93 71 69 74 28 66 98 31 27 13 5 55 30 64 32 68 27 32 21 9 43 10 70 73 27 54 90 1 2 21 78 66 68 11 4 29 100 35 91 65 1 94 30 42 17 52 34 98 54 0 18 87 96 35 32 98 79 97 54 99 30 82 36 11 89 8 83 50 43 41 85 66 27 32 52 2 70 3 40 82 0 75 41 20 40 41 73 73 29 33 55 73 68 55 1 57 81 43
21 83 6 89 27 83 41 47 2 9 38 49 56 67 20 72 6 24 12 78 48 59 74 84 10 81 41 56 82 5 34 2 57 11 9 85 12 11 92 67 79 25 5 2 91 19 14 1 99 7 89 78 59 3 29 17 91 90 89 77 2 73 80 46 14 0 62 89 97 26 67 16 23 65 82 74 15 26 68 99 96 36 16 96 30 63 85 53 76 39 55 52 83 93 55 47 68 4 71 31
92 0 80 30 67 70 75 59 46 1 22 70 45 23 75 37 34 11 0 52 49 39 97 61 77 84 79 41 10 4 38 17 37 36 57 33 26 91 24 67 77 21 95 25 65 17 17 62 49 43 87 7 22 15 43 14 38 71 94 90 16 64 29 29 98 35 35 97 74 77 7 43 16 65 99 38 1 91 20 59 91 56 67 56 20 48 42 48 55 23 73 32 90 42 73 79 54 55 7 94
0 37 63 60 27 29 81 63 32 74 3 70 90 33 77 16 60 98 30 87 51 3 68 90 50 5 68 94 89 84 47 99 58 22 45 15 10 48 75 36 77 9 55 41 71 22 70 44 85 76 100 79 54 38 27 27 77 42 55 67 77 43 59 26 55 46 100 73 48 18 84 22 83 50 96 51 92 38 80 88 34 97 36 23 29 42 84 79 93 64 58 26 21 32 30 59 73 3 86 46
41 46 27 66 99 38 59 59 31 65 88 53 39 36 18 30 52 8 32 23 89 84 28 75 69 13 14 98 65 16 25 39 97 68 62 91 27 79 17 90 38 53 54 1 64 90 53 78 44 78 88 39 96 97 18 76 30 22 8 61 7 58 67 16 71 57 15 9 89 45 81 63 4 78 76 0 93 9 11 11 20 89 61 34 55 85 38 42 63 93 69 29 87 50 96 63 54 45 33 30
73 43 14 76 83 76 86 18 14 77 13 70 51 24 14 100 50 23 26 66 100 26 31 0 22 3 56 34 50 34 53 32 90 20 77 29 98 56 62 69 22 75 79 16 81 37 10 60 84 24 32 35 1 61 91 27 20 45 84 68 35 82 15 29 5 62 64 94 78 14 81 10 64 46 49 25 34 49 74 93 38 10 2 44 15 65 97 83 53 39 30 51 59 84 94 0 86 82 84 9
90 39 22 98 14 33 1 44 24 29 20 81 54 8 79 37 25 72 88 59 3 36 13 62 81 26 42 72 66 16 67 75 32 31 57 77 51 23 25 75 86 55 27 49 33 58 72 82 9 25 70 21 1 94 78 84 58 29 3 72 53 15 1 31 14 22 97 20 48 50 64 12 3 63 20 84 73 58 50 69 39 11 6 19 38 25 77 70 49 33 76 36 97 40 99 79 46 31 84 11
70 70 24 28 96 80 56 46 52 72 21 65 4 81 5 65 28 87 44 40 29 19 38 25 51 11 27 64 13 3 81 1 44 56 80 43 29 34 85 83 70 20 87 24 28 44 15 63 6 60 96 97 33 59 19 89 75 68 43 60 84 64 65 2 60 18 50 4 1 46 35 80 16 15 4 52 45 5 69 44 75 47 33 56 25 69 0 67 82 60 66 42 8 59 25 96 38 79 94 40
5 31 84 15 2 35 55 33 21 77 52 100 66 94 83 68 15 76 24 13 4 14 3 69 0 76 15 48 34 84 53 5 58 29 69 58 12 76 89 42 95 58 38 25 2 82 7 75 2 8 85 64 74 93 17 91 21 48 34 26 72 59 10 39 78 68 0 97 95 33 33 33 54 7 43 96 29 25 80 3 36 39 73 40 85 33 68 52 74 60 95 15 25 12 93 9 28 3 85 39
18 74 42 32 90 97 30 71 25 83 60 64 62 41 81 22 100 95 21 36 15 90 62 33 34 0 77 1 6 3 62 94 61 75 3 33 56 56 22 54 98 48 28 63 5 21 86 32 30 88 64 14 32 67 69 34 78 4 90 26 8 49 38 30 35 12 0 30 39 76 63 12 34 62 1 21 67 47 61 19 64 25 73 22 22 42 6 79 7 61 8 49 67 28 81 8 1 100 61 96
95 91 69 76 81 44 28 94 46 27 15 54 27 34 0 33 42 41 54 8 65 28 14 60 39 30 39 81 41 42 91 35 20 5 80 73 12 8 26 9 83 85 67 84 13 34 37 57 54 87 82 83 15 80 67 14 91 10 9 79 38 24 52 13 33 85 82 61 59 97 36 100 3 4 89 33 80 84 58 90 81 37 21 85 94 85 1 35 56 23 33 47 47 33 9 75 29 47 69 17
17 83 95 19 56 87 38 43 50 70 79 47 98 26 82 4 51 38 3 30 86 81 25 26 28 57 11 74 70 30 9 86 29 7 89 47 80 33 56 58 50 5 36 83 92 98 7 17 26 77 95 65 100 20 87 6 76 42 80 5 59 78 59 86 74 9 14 65 14 80 51 75 84 63 45 27 62 84 10 12 7 88 50 68 29 2 36 86 22 90 12 19 2 19 86 49 89 81 5 63
94 78 58 63 87 85 64 79 98 51 76 62 81 22 72 88 77 83 84 39 41 92 14 80 87 6 27 3 71 34 57 72 68 24 50 4 68 8 50 44 35 81 100 8 2 51 50 23 8 97 23 54 94 54 7 39 24 13 50 96 34 97 93 56 43 63 40 6 7 31 71 32 29 52 77 92 59 84 36 80 96 11 13 21 97 6 37 61 83 57 16 48 22 4 50 36 53 69 57 67
63 73 23 38 74 37 76 83 64 33 96 34 11 93 16 20 48 69 62 100 86 12 48 16 89 51 52 42 61 13 20 73 44 84 11 56 76 37 10 68 86 63 98 89 2 83 44 64 85 8 88 8 41 89 16 51 80 63 99 100 25 91 37 36 8 80 98 7 83 31 50 38 20 2 12 47 72 2 64 78 25 31 65 32 100 41 56 83 34 88 11 66 78 98 25 38 56 43 4 72
41 67 36 18 55 62 43 34 46 58 44 85 72 48 43 49 47 83 30 74 87 88 67 5 2 56 91 1 19 36 76 69 46 19 19 73 32 43 90 21 100 99 75 44 92 67 38 12 2 18 100 33 65 63 56 70 41 37 81 8 71 42 4 66 33 56 20 50 47 1 88 98 17 30 16 100 95 14 25 85 14 61 49 51 8 99 19 92 87 80 60 15 70 56 37 58 26 38 41 29
75 15 12 28 55 27 25 19 52 24 54 100 20 49 69 8 17 69 76 99 42 16 79 6 69 0 47 79 44 4 70 35 37 50 13 28 17 79 17 3 84 16 52 32 88 68 76 12 9 66 44 88 94 39 79 21 45 5 78 96 31 44 88 31 5 27 58 65 37 42 87 6 13 26 96 91 77 92 22 30 16 82 97 98 74 14 3 38 41 89 40 53 17 80 70 65 14 80 75 45
100 29 51 56 33 40 86 78 80 5 71 74 78 34 54 42 86 74 68 42 87 35 62 86 56 2 55 40 49 93 57 33 57 90 7 34 11 0 70 57 37 48 7 88 74 48 64 75 58 18 69 23 14 68 72 59 4 0 74 94 48 53 59 54 6 79 16 42 64 58 23 49 96 84 43 17 86 34 80 11 96 94 22 34 46 5 26 90 14 52 62 39 38 54 16 76 90 48 84 71
26 30 55 73 33 39 16 12 46 55 72 53 18 100 9 92 29 30 42 33 74 32 48 76 79 78 87 0 60 88 59 84 50 3 76 83 65 9 11 93 18 73 27 29 48 83 77 91 65 8 4 100 34 0 85 28 14 25 30 96 82 61 96 0 19 89 63 33 49 94 68 25 6 56 15 85 92 95 69 78 51 92 97 87 43 66 63 82 42 37 37 86 46 72 59 45 28 83 93 43
9 96 57 23 82 65 66 79 60 53 64 72 95 63 70 87 80 17 85 90 56 43 47 49 66 62 2 85 40 91 100 3 16 96 29 62 89 29 45 26 43 61 30 77 31 44 38 78 6 75 11 4 49 62 44 75 48 41 43 74 16 61 69 81 77 55 50 14 4 32 65 61 42 79 88 62 66 91 10 18 63 93 82 91 72 78 22 41 12 31 98 64 17 9 30 68 95 17 66 18
16 95 51 25 96 63 57 79 38 88 65 31 14 91 59 64 87 81 47 31 16 79 18 73 58 9 85 32 11 18 39 16 45 67 58 65 88 35 68 14 49 79 12 100 17 8 28 44 6 35 29 48 78 96 12 53 76 61 7 58 51 56 31 6 73 77 36 25 48 29 7 83 51 22 45 91 71 56 43 6 55 46 33 87 74 38 92 41 60 34 16 7 53 69 6 93 19 85 49 41
13 14 50 73 0 71 45 70 61 23 42 41 34 95 36 92 97 32 5 96 17 10 39 51 67 75 6 99 81 79 37 64 86 12 41 69 33 19 30 36 37 48 70 77 29 66 32 60 47 5 42 80 58 83 48 53 2 45 59 69 59 53 70 0 0 53 65 85 39 60 55 83 57 27 55 8 35 38 46 7 22 72 83 73 62 39 84 44 22 5 21 74 97 8 35 84 62 43 99 54
50 86 88 70 72 39 51 81 86 83 93 1 55 16 69 23 90 1 13 2 91 68 56 24 10 27 75 57 18 25 70 30 53 83 16 30 3 12 41 23 11 34 84 31 26 75 82 11 47 69 53 16 19 22 93 40 35 27 52 55 63 35 80 89 77 72 95 87 55 55 79 2 31 100 18 48 4 99 55 23 66 11 55 67 50 83 48 57 29 90 71 61 51 60 8 19 51 27 99 47
26 50 77 93 53 71 52 63 69 65 69 16 43 66 78 17 92 16 29 63 21 44 8 91 14 38 13 97 94 73 8 23 10 61 93 77 0 58 48 41 59 45 0 39 24 88 8 50 9 77 82 53 86 25 17 58 18 83 95 99 19 38 21 17 71 53 78 1 7 65 89 27 23 99 86 91 43 47 4 92 21 58 49 99 48 46 47 61 25 100 22 31 52 89 38 44 24 77 23 93
24 4 2 4 32 75 69 34 64 22 9 25 8 87 88 86 47 30 36 39 52 32 97 38 50 95 76 16 43 79 100 54 32 47 48 74 46 85 28 82 91 73 19 19 39 38 67 38 65 19 99 37 85 22 17 11 45 15 46 96 9 63 27 52 82 0 80 55 81 18 10 44 70 15 85 13 53 28 29 18 36 6 80 79 56 59 49 21 86 99 66 41 66 16 66 93 33 30 45 47
79 71 78 19 25 24 32 9 32 22 76 90 7 38 63 4 65 66 68 11 46 39 91 67 81 16 30 77 83 47 80 96 3 0 49 4 14 61 74 41 55 78 62 59 22 82 17 14 5 60 26 26 67 58 87 48 41 2 44 34 6 18 96 91 91 92 83 37 66 77 78 96 18 10 70 59 23 51 58 3 94 71 29 46 51 87 61 94 3 42 55 69 35 61 87 38 34 78 18 29
70 66 34 52 93 82 48 94 61 94 25 33 13 21 71 38 64 54 4 13 83 95 88 35 100 70 57 10 91 95 100 71 41 61 65 53 0 98 96 31 19 50 31 11 19 21 50 2 65 17 97 54 71 33 6 47 75 93 23 94 15 23 85 8 97 69 37 9 58 30 30 78 7 42 56 5 60 16 64 77 71 36 9 0 37 69 10 73 31 77 83 7 50 100 16 67 83 84 28 3
21 30 13 2 10 94 68 98 98 5 69 80 17 48 99 53 45 95 61 86 26 54 37 21 47 13 9 15 54 32 8 56 95 7 43 35 2 37 23 65 45 13 58 1 21 92 18 66 33 71 6 64 63 4 37 83 75 71 96 51 8 99 86 10 93 39 48 35 66 11 8 23 18 56 31 51 82 47 32 3 85 19 40 63 57 43 73 50 0 27 58 90 28 42 96 61 93 31 82 5
81 46 78 69 65 21 33 6 8 43 97 31 3 51 81 64 84 34 99 76 73 26 2 88 7 92 3 77 23 45 27 28 44 55 99 44 41 12 59 36 34 1 21 8 9 40 2 88 31 59 95 99 53 56 20 70 98 9 6 91 63 35 51 41 21 75 60 93 8 72 48 18 34 75 78 59 29 14 96 53 0 91 67 27 44 87 77 32 14 2 15 96 16 16 32 24 46 75 45 49
40 5 41 54 66 22 15 38 79 43 98 43 73 17 78 97 13 84 100 2 54 74 79 56 18 27 63 13 44 20 2 93 86 90 5 76 89 71 66 21 61 68 57 84 57 63 54 52 75 97 68 89 82 15 92 43 64 97 57 80 11 20 46 50 45 86 77 2 32 34 97 91 33 25 75 92 42 53 57 15 29 64 68 6 19 89 19 21 99 89 46 34 16 24 96 2 94 2 43 88
94 83 22 56 64 82 1 36 8 18 31 86 13 88 87 11 86 12 2 21 36 45 56 26 6 97 26 7 28 63 48 3 60 25 14 41 38 12 90 23 83 42 31 34 55 21 91 68 99 2 0 47 40 96 99 29 0 10 17 6 87 30 63 76 60 44 69 0 56 53 2 66 97 40 99 32 5 61 84 52 0 34 13 28 54 41 97 56 80 4 0 85 100 81 42 66 21 57 41 32
14 16 34 10 44 65 43 53 51 14 67 49 27 100 11 46 96 43 47 63 9 45 58 14 68 72 44 41 39 63 58 93 13 63 9 1 24 9 36 41 11 9 28 5 78 60 20 77 8 24 78 53 51 89 77 89 63 52 79 92 48 60 36 26 0 30 59 73 72 29 28 33 56 82 7 35 7 90 10 45 7 51 81 8 68 41 51 43 85 33 72 28 86 71 56 12 60 97 38 56
52 67 20 23 46 8 44 66 13 34 50 1 2 52 7 77 21 14 22 35 50 61 47 7 14 11 28 78 88 10 36 57 62 93 20 64 27 15 66 19 2 0 81 76 37 86 38 43 22 70 49 57 61 85 35 81 48 50 48 90 41 21 37 40 24 17 70 51 15 50 74 53 92 6 77 43 10 8 81 82 8 67 64 4 50 91 15 79 87 36 25 52 15 15 17 16 87 70 84 87
36 58 86 27 1 88 30 30 45 29 40 8 74 88 87 31 97 76 63 75 12 27 74 31 35 28 88 2 55 97 69 52 78 47 22 88 38 15 19 25 17 70 68 6 23 4 38 95 53 93 63 33 99 87 90 62 99 4 66 76 1 85 34 30 76 46 67 14 84 87 66 1 58 91 4 39 62 73 93 0 8 17 35 71 36 51 74 4 81 67 1 32 98 16 75 96 84 72 14 71
4 30 37 53 71 31 5 70 65 81 86 35 3 86 1 60 14 17 82 94 88 62 3 51 74 71 41 37 73 97 35 17 98 6 2 67 40 55 13 35 19 45 37 71 67 68 47 26 33 37 77 51 1 66 93 36 34 91 70 9 85 15 4 88 92 54 3 68 54 94 37 14 19 48 33 78 63 65 14 0 11 0 80 12 53 100 74 81 39 43 31 48 98 58 22 67 23 7 12 11
57 22 90 65 86 15 32 32 97 86 47 25 57 59 16 1 40 35 93 96 81 4 72 35 26 53 50 66 10 93 59 4 93 1 38 94 55 75 76 26 17 30 80 15 7 66 8 46 30 48 41 100 23 100 7 64 20 20 28 22 76 86 76 36 18 62 74 97 29 49 9 90 91 46 47 57 98 100 91 51 70 42 29 16 76 44 52 86 98 32 42 30 19 81 45 0 64 24 25 81
11 90 50 95 58 95 17 0 51 18 64 81 14 41 74 100 51 89 35 24 65 90 82 52 53 47 53 76 63 73 47 55 26 76 93 10 28 34 91 50 76 71 32 40 21 90 86 39 73 36 36 19 27 16 73 49 53 59 100 29 100 49 74 48 27 88 27 41 98 5 91 12 84 96 27 22 4 40 64 46 87 69 51 29 41 10 16 2 67 59 77 65 81 14 62 42 1 66 65 72
75 20 80 47 92 30 54 73 44 65 100 44 15 63 25 89 37 97 66 89 60 51 62 88 53 15 39 5 99 34 19 5 50 88 93 80 69 97 16 34 78 61 80 0 93 92 80 41 5 58 60 42 43 87 28 31 8 27 96 12 40 20 14 82 69 75 87 42 8 35 77 69 35 52 13 30 26 43 19 79 31 96 84 44 4 78 32 24 76 59 45 77 10 33 95 79 58 71 45 32
75 83 47 22 66 80 26 26 46 25 88 39 86 93 28 61 92 98 84 4 31 4 43 81 52 54 1 53 84 57 71 48 6 37 22 84 93 60 85 93 18 30 1 20 56 0 10 66 40 49 1 80 97 44 42 68 19 96 72 53 94 85 60 43 37 86 86 86 2 50 81 12 44 71 10 73 78 9 74 60 80 54 67 61 62 85 65 48 91 12 23 3 19 65 66 10 89 25 90 53
70 34 70 70 68 78 65 84 57 31 6 36 10 27 2 3 91 52 98 49 64 67 82 31 61 53 64 64 84 51 10 16 9 37 41 93 32 8 25 83 10 2 62 6 16 87 40 42 90 85 19 98 23 30 91 73 60 84 100 2 60 36 98 100 31 43 36 34 43 16 46 93 18 83 9 25 62 84 5 27 84 89 47 24 22 21 31 13 47 9 94 15 60 27 65 19 90 79 64 82
96 100 91 92 69 61 36 17 63 98 23 18 78 74 32 22 9 88 40 14 82 60 84 84 74 12 9 53 48 62 94 47 61 5 29 91 13 38 9 39 9 5 32 67 26 94 76 3 79 68 58 16 40 25 26 6 72 97 6 25 34 75 74 99 5 80 51 63 57 22 24 77 19 53 76 82 49 67 64 16 74 74 65 83 63 89 68 10 95 15 4 61 12 87 57 73 6 22 55 18
67 43 72 81 38 28 42 10 61 21 92 64 54 48 29 90 48 5 73 43 63 21 88 58 47 4 68 81 0 9 76 53 3 27 4 49 36 35 39 87 61 93 42 54 83 93 45 65 90 52 79 56 33 47 92 32 36 28 75 17 84 38 24 76 35 82 71 3 15 69 52 65 62 40 91 85 69 79 32 62 46 30 21 27 89 24 30 96 24 87 55 12 77 41 87 81 62 6 79 17
92 78 95 55 55 76 69 63 71 22 49 88 65 46 48 36 68 24 45 18 6 67 63 9 71 6 63 9 57 70 99 39 10 13 84 39 56 27 94 7 40 9 62 71 21 72 45 29 53 60 96 41 10 55 89 26 34 9 53 58 46 16 61 18 90 90 41 77 32 89 13 84 34 71 71 37 43 91 44 29 92 2 66 35 46 72 99 88 6 57 74 82 88 40 33 31 66 25 60 26
33 53 38 48 53 98 64 94 88 24 48 3 30 14 39 18 43 24 32 56 78 58 9 16 8 38 40 10 69 48 92 54 23 60 38 72 67 42 89 61 1 36 14 100 22 60 30 14 25 63 85 27 97 60 5 82 37 69 63 12 36 47 42 53 57 29 20 99 10 85 35 19 7 29 78 25 10 21 4 31 50 97 24 85 82 1 22 100 67 46 9 20 38 6 51 58 67 18 37 24
0 11 19 34 67 12 83 3 62 27 19 41 31 60 83 2 77 9 82 57 66 78 40 92 26 10 33 64 42 79 25 26 15 86 60 6 58 64 86 68 86 5 83 28 47 52 30 99 87 62 44 37 58 15 1 29 71 99 96 24 32 21 92 14 81 91 31 84 17 81 40 30 41 49 48 85 76 23 29 82 32 65 58 60 34 46 94 51 3 34 61 14 71 97 6 29 44 96 87 26
11 69 24 7 53 53 73 22 93 51 40 16 46 14 6 2 11 74 10 31 36 8 75 54 59 71 25 66 46 10 97 5 98 100 70 89 5 62 4 22 96 15 29 75 6 37 71 1 26 62 4 11 65 59 20 63 31 14 48 16 98 6 87 81 30 64 7 72 26 60 7 19 92 89 69 7 93 84 74 96 48 18 99 37 89 44 20 11 59 10 15 29 23 34 81 49 77 58 53 43
39 36 20 76 63 70 15 25 73 24 4 87 48 63 19 49 56 11 33 76 39 57 77 83 55 86 3 18 1 62 72 30 89 91 49 86 93 90 99 93 25 62 63 94 11 18 77 38 93 1 11 36 31 27 95 32 79 87 35 8 27 18 66 5 18 22 2 98 42 24 28 28 34 41 89 91 45 32 64 24 42 62 79 12 28 50 5 78 35 85 19 42 60 72 60 29 42 4 94 74
