26 9 40 86 62 6 44 19 99 11 93 51 12 80 56 96 90 58 85 95 87 39 67 4 49 18 74 10 1 12 96 78 92 94 5 88 94 7 89 86 30 60 82 21 18 18 54 5 71 22 74 41 72 0 93 44 27 42 91 94 76 36 25 97 83 87 70 76 7 31 76 39 2 35 41 6 63 63 44 95 36 49 48 23 9 29 80 41 30 97 12 7 98 97 76 29 17 49 93 90
8 15 96 84 69 21 32 3 49 51 31 68 77 76 53 36 80 2 21 16 79 59 33 78 83 86 74 11 96 80 10 10 44 33 90 19 36 27 62 19 93 36 67 72 43 93 40 86 6 88 56 52 79 99 74 78 48 44 92 1 71 66 40 48 44 60 58 66 15 53 78 4 35 18 68 88 43 25 34 38 9 93 30 6 66 96 16 39 25 71 30 50 93 58 52 44 11 3 13 55
61 47 56 15 7 78 62 25 51 77 9 22 20 52 1 66 9 92 62 87 82 100 81 74 83 6 94 39 17 4 83 40 61 70 26 42 35 40 32 80 19 31 61 80 53 0 10 88 79 27 51 97 95 21 38 17 42 98 84 50 12 89 15 32 49 6 20 56 48 70 54 70 98 52 76 71 36 0 12 80 82 100 89 76 11 2 30 3 92 75 84 17 30 85 78 1 35 14 98 48
46 47 75 100 21 82 93 53 50 78 34 79 82 100 62 99 17 99 2 59 78 57 7 97 62 94 86 50 80 62 3 75 69 66 52 2 37 90 84 53 80 91 28 84 84 90 48 85 30 18 24 70 22 88 5 39 12 73 71 9 99 58 77 61 10 1 66 9 95 68 18 1 85 36 49 81 9 39 39 12 19 30 23 78 92 15 100 91 33 9 50 60 73 45 26 6 82 64 93 81
20 55 63 46 92 54 18 67 61 90 49 18 79 95 56 65 99 41 80 13 70 19 48 50 19 52 23 82 78 94 73 31 71 46 28 97 25 67 0 67 30 13 90 31 16 62 33 76 34 53 95 37 43 99 87 36 68 40 85 19 64 25 2 18 12 60 92 7 36 79 73 4 91 51 98 59 72 88 35 19 31 41 68 61 55 74 63 73 43 77 64 56 38 64 56 57 9 36 95 43
38 25 44 3 98 25 59 72 95 77 5 48 52 9 70 78 100 93 30 81 53 34 19 97 38 26 57 66 67 94 30 60 63 17 43 48 22 60 0 81 26 96 53 33 65 29 65 40 80 72 58 11 75 35 94 13 43 33 81 64 14 2 99 77 64 88 60 22 97 63 64 51 54 49 43 75 60 93 29 33 10 8 6 95 71 64 24 93 91 86 58 49 15 70 6 25 58 62 36 43
37 22 49 84 59 81 8 49 54 15 13 56 13 33 3 33 17 7 66 86 64 90 75 10 7 21 49 71 57 52 49 79 72 97 74 23 86 43 19 78 5 16 60 72 82 89 53 76 98 14 11 45 43 37 88 33 80 35 43 15 69 24 69 98 22 87 8 77 65 82 83 68 7 43 31 77 14 49 56 40 36 89 37 34 65 48 84 71 91 25 12 86 10 70 32 69 40 100 46 34
24 100 24 15 18 78 61 87 25 47 73 83 12 1 45 44 3 0 63 96 55 7 22 49 3 82 20 26 19 74 28 94 34 74 86 24 0 30 42 96 97 89 87 22 48 54 100 5 73 73 63 92 90 83 13 71 38 56 90 94 24 5 12 47 79 6 46 78 55 94 29 84 47 56 77 85 37 5 16 74 59 68 83 52 99 82 21 33 52 82 78 18 1 90 82 93 15 44 22 7
81 79 95 80 65 66 62 76 23 97 14 33 55 42 65 50 40 81 98 5 77 56 4 65 58 84 81 40 28 87 28 79 43 69 67 88 75 42 13 91 3 27 83 63 9 91 81 64 33 16 84 66 3 75 77 11 22 4 10 43 4 77 37 47 76 37 71 16 90 31 55 76 15 45 12 52 64 29 10 35 26 13 24 0 33 6 70 91 68 2 62 27 7 5 45 3 18 66 98 46
93 39 90 34 45 30 26 23 20 16 7 98 62 40 5 79 53 58 99 47 59 80 56 85 94 17 99 90 73 48 20 37 87 34 13 44 95 15 93 65 77 79 32 9 39 58 67 5 62 33 31 75 56 22 59 30 63 16 26 64 17 31 79 94 48 40 18 6 70 32 8 13 51 99 19 93 89 16 12 22 98 50 82 36 92 10 93 69 93 54 34 29 71 100 38 100 61 70 14 89
15 91 37 13 3 97 72 6 42 54 92 51 46 69 73 60 5 81 6 96 8 15 74 72 5 50 38 75 71 77 65 17 74 87 77 77 95 69 77 82 64 98 78 54 68 67 27 84 70 84 91 98 44 58 20 96 91 98 83 39 12 23 76 20 87 70 65 73 4 56 71 50 93 18 89 74 45 4 29 64 65 30 57 90 48 76 93 8 80 14 2 12 66 59 90 94 77 72 70 17
60 80 61 2 15 34 77 68 47 40 89 69 22 100 83 70 65 47 12 17 7 85 59 31 17 83 3 100 55 7 59 80 91 46 44 93 75 65 10 40 9 24 9 52 20 2 0 2 28 27 75 43 0 17 55 34 75 32 100 89 50 70 48 31 97 47 62 65 47 53 70 39 91 91 98 67 15 76 3 5 4 92 47 100 64 42 48 34 42 13 53 61 67 36 67 46 88 63 60 6
7 72 93 95 77 1 41 8 38 51 85 37 32 98 49 11 65 64 98 30 37 41 79 100 28 96 26 41 82 56 41 40 98 3 72 75 61 88 96 37 47 40 13 53 58 97 98 38 7 81 57 96 20 81 92 70 23 71 33 99 63 22 56 18 6 81 1 49 96 52 88 95 17 31 88 21 47 54 93 48 9 41 27 69 33 100 29 12 31 17 41 16 66 92 44 7 54 78 76 100
98 15 54 85 39 88 28 86 30 36 15 20 8 26 38 82 1 32 99 8 85 54 11 19 23 75 29 12 35 63 0 24 98 72 93 77 72 60 76 18 83 27 68 32 21 51 51 25 95 11 59 91 37 88 84 45 5 38 41 73 95 77 0 28 41 73 55 80 14 70 84 87 8 28 61 45 9 10 30 9 96 0 50 90 16 59 42 73 67 58 5 84 42 86 86 78 77 7 54 8
42 56 31 62 46 8 5 82 19 86 18 97 33 79 75 21 49 69 25 38 71 3 91 36 0 51 14 25 24 63 5 80 90 42 66 29 67 76 52 95 48 60 95 50 25 11 48 23 87 66 69 98 58 6 32 29 48 99 2 87 74 75 64 3 34 70 25 33 20 99 34 50 18 95 41 81 51 64 45 74 80 50 10 32 76 17 26 27 10 86 68 62 96 22 56 61 6 8 22 94
57 33 98 36 78 35 30 74 37 88 13 100 51 4 39 7 22 3 68 82 41 59 77 73 69 32 14 48 59 91 90 53 26 45 70 76 19 71 59 96 69 22 6 96 23 53 47 81 85 35 46 69 59 69 48 58 9 68 76 73 28 11 50 51 10 36 75 30 52 39 30 9 1 51 36 57 32 82 62 16 91 88 77 74 13 67 72 71 58 69 91 5 15 79 37 89 88 5 4 52
78 65 31 88 29 42 49 70 45 26 96 83 7 70 85 66 43 70 73 68 30 38 57 71 77 93 30 58 63 98 33 12 95 57 55 22 0 82 23 12 85 50 83 24 50 81 44 89 69 70 95 77 22 74 57 10 78 81 48 80 22 56 11 51 95 63 52 28 50 12 73 99 79 66 0 2 54 6 16 51 43 4 66 75 25 26 83 72 21 38 36 88 96 63 91 32 62 18 55 36
31 56 71 89 76 31 69 47 10 8 46 31 44 17 50 6 36 8 2 5 52 57 64 90 65 6 25 5 91 9 10 88 14 13 11 58 75 12 27 32 28 76 58 39 59 83 10 60 23 74 18 99 84 8 65 7 59 8 71 64 10 69 74 6 84 48 48 76 73 65 59 93 47 26 85 0 49 31 27 93 25 38 64 95 27 83 41 30 5 11 88 13 61 73 12 47 76 14 45 39
99 86 81 24 94 16 75 76 11 21 32 59 55 81 76 18 78 94 85 52 46 36 34 76 95 39 21 94 63 30 33 33 95 40 100 79 10 17 78 51 54 81 60 0 21 41 93 46 14 26 23 9 78 16 40 67 59 18 82 50 33 35 64 79 65 100 3 65 67 30 43 40 32 28 27 36 83 69 49 41 66 36 3 23 68 46 99 58 18 11 82 91 3 58 45 38 88 71 74 59
13 8 58 37 16 100 0 3 9 85 61 16 91 42 79 70 66 90 59 31 32 89 45 74 0 9 34 85 22 50 58 16 93 39 2 84 61 81 20 100 43 15 98 71 23 87 17 31 30 87 74 44 22 3 92 46 27 50 74 96 31 100 2 49 77 9 19 2 16 9 92 64 36 33 88 48 2 98 14 80 33 21 65 7 23 10 56 48 4 55 76 79 93 87 78 42 74 64 91 9
18 2 30 48 12 19 12 80 3 14 2 68 50 34 14 28 41 100 48 9 99 30 17 76 51 72 59 89 9 58 3 63 40 3 14 18 59 83 84 85 34 46 50 66 34 22 50 92 45 64 85 15 50 20 91 69 11 10 67 99 73 46 44 54 65 83 35 29 30 32 28 61 56 99 88 80 11 56 52 46 9 58 39 65 2 42 64 27 65 83 5 5 93 26 34 65 39 4 81 8
61 34 6 2 17 42 95 60 83 58 83 27 85 42 46 7 86 28 94 84 16 45 77 58 43 40 37 56 71 14 61 8 16 23 60 36 91 4 78 62 5 98 89 29 7 94 1 74 66 97 60 36 90 34 91 13 87 30 30 22 3 34 24 16 3 68 96 55 36 88 24 50 36 14 62 64 87 25 62 56 93 76 37 58 19 19 41 5 53 3 38 51 25 0 26 52 47 24 4 92
44 49 29 56 76 34 8 22 64 19 52 32 50 98 15 98 79 97 14 29 67 67 3 73 4 66 100 89 67 64 73 60 11 64 96 21 11 59 60 26 63 79 28 4 21 23 16 82 46 51 64 51 49 59 74 10 3 76 2 92 67 22 49 3 33 52 1 5 70 74 0 98 9 33 74 41 84 65 42 14 89 2 50 21 43 33 93 38 79 41 40 98 28 12 96 47 49 13 81 97
44 85 61 39 93 66 60 36 37 99 92 48 37 22 43 56 49 1 49 2 74 34 80 38 58 55 14 54 14 7 100 68 41 9 51 32 10 68 76 35 1 79 45 100 77 81 7 53 52 99 47 66 87 61 44 30 14 10 94 76 23 83 25 0 63 42 36 64 68 13 60 91 63 54 9 28 25 42 43 53 65 20 43 76 17 9 67 62 71 69 57 58 70 63 59 2 26 34 25 57
23 53 52 8 40 51 80 71 93 26 57 30 30 7 73 7 24 82 94 44 51 58 96 30 68 27 5 62 64 79 90 4 6 42 33 13 55 35 54 50 27 54 82 55 59 95 40 83 28 30 67 16 17 7 33 32 57 60 54 25 48 25 45 68 8 11 6 28 27 74 68 71 66 85 23 93 92 57 10 77 26 81 85 52 31 30 80 14 41 63 2 29 41 35 61 23 43 98 42 28
71 51 10 25 48 33 26 76 19 4 64 37 0 68 92 46 34 21 4 2 73 91 88 17 23 37 70 38 41 97 97 1 40 31 70 35 90 4 67 60 14 60 99 91 52 61 7 64 8 81 18 10 19 56 71 4 64 37 42 56 19 29 35 24 64 19 47 3 9 37 39 7 57 69 3 81 12 52 15 34 63 22 80 77 48 56 94 14 18 29 63 81 27 87 0 10 38 0 21 62
29 53 49 94 90 100 62 62 74 1 52 50 41 96 21 44 70 9 73 43 79 16 55 49 90 37 20 29 13 28 16 72 62 31 100 57 0 26 53 9 28 87 74 41 69 55 44 81 62 95 1 87 46 35 17 7 78 69 69 58 75 46 38 61 21 29 92 70 63 35 50 8 1 76 62 65 32 2 54 73 55 13 55 81 80 12 33 63 93 32 34 98 85 31 57 1 97 99 68 86
100 2 32 72 43 33 77 60 82 43 0 39 26 97 89 73 3 88 49 94 66 69 36 76 26 81 90 19 87 43 93 93 7 8 57 14 47 65 1 87 60 57 70 1 55 83 77 47 96 2 41 95 85 51 61 98 44 76 3 70 100 69 30 63 47 11 70 3 96 3 74 62 53 4 23 30 72 65 92 47 6 91 62 55 11 65 26 8 46 16 81 58 69 71 94 32 54 14 27 4
27 31 20 77 82 88 9 64 76 46 39 64 89 83 49 39 79 75 10 0 72 42 92 25 68 93 11 1 37 82 24 65 64 81 34 2 49 31 37 22 31 90 59 5 0 5 99 23 46 9 68 27 48 75 37 8 32 86 45 77 66 7 1 39 64 75 62 72 33 83 81 2 25 50 82 30 53 27 62 45 71 15 26 41 97 37 46 50 85 18 40 40 73 62 9 100 58 47 56 27
51 11 84 80 74 28 45 45 19 25 79 52 69 21 3 60 44 87 33 63 83 94 17 35 0 93 50 24 62 81 4 50 42 41 35 75 67 76 10 6 2 84 80 17 64 16 100 4 84 72 92 25 55 38 58 55 61 74 28 53 84 94 54 55 41 67 91 87 76 13 16 54 74 62 58 10 5 71 70 70 87 33 78 8 79 21 24 46 61 86 29 85 19 60 22 0 76 73 85 31
66 48 82 50 27 74 11 67 88 21 28 23 39 97 63 56 50 76 62 7 20 53 70 78 95 80 30 36 73 54 51 39 3 52 44 38 53 69 44 82 69 18 92 71 93 60 97 54 75 46 84 16 39 44 8 98 76 24 84 77 16 24 5 83 26 79 35 74 83 55 68 60 57 95 36 19 12 76 44 100 97 0 89 29 17 77 33 13 71 77 3 60 10 8 14 10 57 47 83 40
4 42 26 91 81 80 7 26 44 30 62 33 2 96 20 95 44 97 54 79 0 11 8 93 50 100 92 38 37 70 19 24 41 87 58 82 59 74 52 94 51 27 78 54 71 14 80 94 56 44 93 29 75 49 59 37 7 77 34 55 37 59 77 34 96 90 1 75 67 42 78 89 18 88 15 72 97 42 86 7 64 21 14 46 71 9 9 18 37 26 28 30 38 2 74 15 40 84 96 26
62 87 6 82 78 62 11 73 3 7 15 62 43 44 88 66 72 79 80 2 19 66 47 87 63 43 12 31 69 1 73 87 92 76 36 76 99 50 80 42 79 3 100 57 21 53 4 56 84 65 17 71 35 77 58 29 79 16 33 9 41 18 8 35 13 44 74 69 16 85 91 29 62 42 77 68 90 22 79 64 70 38 59 1 89 14 92 99 49 87 85 69 91 82 49 82 79 68 32 35
41 5 72 53 84 71 66 81 59 7 80 15 43 86 60 39 46 59 72 52 61 61 93 77 9 21 6 78 61 82 83 83 100 32 100 87 13 48 0 13 41 66 1 17 1 92 65 68 27 19 33 27 20 78 85 99 6 72 17 83 27 66 13 50 75 1 85 39 13 57 54 94 6 0 92 35 68 43 80 84 52 14 67 90 26 19 39 4 64 79 58 83 39 80 89 41 41 4 10 78
32 31 77 46 3 68 34 48 61 36 72 83 17 30 39 35 65 63 20 75 10 9 93 48 48 1 3 72 99 36 60 48 31 7 69 99 31 37 79 12 66 10 23 92 18 88 49 36 96 58 48 70 19 64 60 93 96 90 70 69 19 57 95 0 53 19 96 27 93 94 26 22 68 69 72 84 12 11 36 80 31 41 9 34 14 19 22 31 51 76 30 81 8 4 15 16 22 90 88 65
10 79 73 82 67 94 94 18 1 4 11 29 93 54 37 37 83 79 80 33 20 7 67 29 15 33 46 55 62 88 97 42 51 32 70 7 80 15 71 67 68 76 53 37 26 39 43 91 45 61 70 89 78 24 94 79 32 12 39 31 54 67 18 84 55 23 77 21 16 97 53 70 9 88 99 57 80 88 26 58 86 29 41 45 71 29 69 64 36 66 21 89 94 70 12 85 70 63 50 79
99 8 90 91 3 19 30 78 78 17 93 45 72 81 76 4 85 18 10 69 86 22 92 58 56 48 61 24 51 9 75 44 16 62 72 28 94 75 90 7 60 83 70 46 23 60 11 46 32 21 63 4 19 15 5 31 58 16 80 82 8 8 17 45 73 58 19 4 60 17 30 33 42 47 65 13 100 59 84 67 33 43 51 28 34 19 84 40 89 1 1 73 50 6 2 36 45 32 42 96
17 36 1 46 96 46 54 63 68 91 69 48 29 43 93 13 96 84 80 63 28 34 97 18 60 45 26 55 61 41 9 10 3 95 78 88 92 3 42 12 31 50 78 95 0 18 52 19 97 93 57 66 79 11 22 25 76 41 74 80 81 21 47 42 1 22 62 32 46 12 21 26 42 43 22 82 45 77 98 67 16 32 62 17 93 77 64 89 6 89 51 67 59 59 43 25 39 81 10 75
55 71 92 10 39 100 65 2 23 95 32 39 21 27 45 67 77 84 47 33 9 71 77 90 12 15 56 100 52 79 45 24 76 25 40 95 76 27 14 5 88 58 2 25 15 10 5 43 43 83 57 16 38 2 89 31 14 68 23 60 50 15 19 16 62 92 41 95 58 42 56 10 67 10 59 40 80 10 26 77 48 46 54 6 43 4 91 11 17 30 98 35 17 19 80 72 16 47 14 1
86 98 88 47 57 42 14 55 6 39 16 86 34 35 72 44 17 42 45 73 20 24 66 98 100 87 76 94 63 19 3 59 60 93 56 45 50 34 83 85 97 22 62 3 23 35 100 63 41 74 2 70 53 45 73 91 64 45 28 33 35 93 17 18 68 23 47 67 5 36 73 9 16 35 49 5 94 61 89 21 49 71 8 10 40 68 2 74 17 70 56 8 12 0 13 75 16 39 94 6
20 23 70 99 75 40 84 59 83 66 49 28 22 54 1 87 39 24 7 68 21 77 94 85 7 46 20 48 44 31 5 88 59 13 60 58 3 0 53 65 10 37 98 12 83 2 94 64 42 3 93 40 32 84 10 55 60 10 1 71 51 59 68 64 86 0 85 6 39 3 86 47 59 54 32 86 34 21 68 16 70 77 3 1 26 37 80 100 72 21 82 57 13 30 13 32 62 46 55 92
97 70 21 68 63 55 50 9 19 30 68 99 34 64 27 65 92 30 1 62 76 76 33 43 73 66 51 33 82 6 4 81 88 10 72 63 9 11 23 95 96 92 1 77 43 83 61 69 16 81 68 85 17 47 22 70 24 11 19 17 70 12 15 70 7 48 6 87 97 84 23 73 11 91 85 18 16 37 15 24 100 69 100 81 37 71 0 62 79 22 59 89 8 80 100 56 0 64 17 81
29 85 98 87 38 6 90 24 47 22 46 65 8 47 87 79 31 62 63 77 74 81 55 55 95 16 36 69 74 82 22 27 9 79 18 99 30 4 71 69 41 86 19 95 39 87 30 74 30 94 65 88 0 47 78 3 41 41 93 23 24 56 93 46 19 10 51 98 9 20 45 97 43 21 56 48 86 87 68 55 25 40 7 99 1 34 96 29 28 95 12 93 44 49 27 73 60 7 100 61
29 78 78 16 69 45 31 24 50 96 29 75 86 83 29 54 3 19 98 69 76 32 47 62 61 99 32 39 98 96 12 28 38 14 81 39 11 46 99 34 58 89 72 59 55 53 71 3 74 66 89 95 91 59 32 61 76 52 88 5 1 12 80 9 68 59 47 83 16 62 24 61 31 5 6 88 64 40 38 88 72 93 75 96 32 7 2 4 80 2 70 85 78 20 55 100 40 36 48 28
90 2 87 21 81 14 47 71 78 52 86 57 31 54 50 88 39 22 51 59 98 31 17 36 20 49 39 36 28 81 62 40 67 30 62 48 38 32 50 95 78 22 99 45 64 85 25 31 73 75 50 29 30 58 27 42 82 71 63 95 18 30 24 86 59 72 93 7 80 70 14 81 65 43 90 72 70 82 87 99 54 52 29 85 63 33 26 98 72 25 62 69 65 47 28 26 12 79 39 91
35 99 3 78 97 49 94 82 82 77 96 82 28 29 63 24 26 80 21 51 71 68 0 7 82 45 69 3 69 32 83 93 31 53 19 67 74 24 64 29 20 9 11 29 77 56 59 48 22 66 72 26 54 4 54 94 26 5 33 15 43 94 54 22 20 85 63 59 60 56 3 62 92 21 29 30 94 4 71 21 58 57 66 42 72 54 94 27 97 88 27 100 40 75 84 59 55 88 38 23
100 2 99 91 29 35 16 96 77 77 31 34 63 15 54 95 43 11 85 20 53 12 66 17 72 63 44 55 53 50 11 88 86 87 0 66 18 92 25 69 15 58 53 24 28 36 81 62 30 91 88 74 36 16 41 100 35 31 34 29 13 65 72 88 93 91 46 50 60 62 26 40 59 89 81 53 90 15 51 55 21 80 14 7 33 63 59 82 76 80 15 11 59 58 1 17 30 1 76 18
80 39 93 18 28 45 77 18 35 46 69 92 23 55 56 86 20 95 46 41 67 8 34 50 54 6 27 35 59 13 88 73 9 32 78 67 74 69 41 80 40 16 45 57 25 31 3 86 75 57 70 86 65 4 32 23 59 74 85 76 0 3 72 45 86 38 1 59 13 82 77 97 37 85 51 39 62 11 96 64 46 81 38 0 16 83 65 89 16 56 17 1 71 40 96 25 60 36 33 95
14 28 28 29 73 21 75 10 10 44 31 39 51 42 40 37 99 35 65 87 97 72 49 78 84 41 20 86 54 56 56 60 67 78 98 39 17 28 6 46 51 99 84 8 1 46 2 91 37 84 43 55 11 28 96 64 24 7 60 69 56 18 22 51 40 60 19 86 47 27 60 100 52 71 100 94 27 86 3 35 68 95 52 64 72 75 52 29 53 56 7 56 24 54 37 53 66 81 97 32
27 66 53 33 73 78 20 96 94 32 84 30 53 52 77 37 58 46 52 22 82 43 36 58 72 73 32 98 87 20 24 32 93 28 73 85 37 61 20 8 13 73 71 40 89 11 92 21 79 47 85 68 99 6 22 94 70 70 39 95 57 10 91 71 54 56 42 28 91 25 87 95 48 71 83 4 17 56 73 55 58 93 73 51 94 77 46 35 87 1 100 4 21 52 74 56 63 55 0 89
37 0 100 20 83 79 29 31 23 9 60 45 95 66 97 84 18 82 87 72 14 100 47 35 79 7 13 92 50 71 45 28 76 39 41 3 50 44 77 33 99 90 85 77 57 17 74 15 41 82 46 28 60 16 47 0 7 54 84 12 55 80 11 56 70 17 25 32 67 20 1 6 74 40 37 77 13 80 88 86 82 53 83 90 37 76 91 33 62 98 26 8 76 62 24 52 41 87 100 51
68 62 87 32 23 88 90 57 91 98 69 48 94 86 82 14 4 24 16 14 97 66 5 65 36 2 60 56 80 57 66 2 47 26 87 11 58 66 95 4 4 73 29 27 97 54 80 7 31 47 42 50 92 2 63 49 26 69 43 42 16 33 42 50 10 0 100 18 80 71 2 4 64 89 6 75 92 21 89 69 0 77 100 46 32 61 73 43 34 32 29 42 62 25 25 82 75 76 52 42
18 54 48 99 68 54 88 91 0 88 16 90 19 28 43 100 34 89 10 22 97 24 94 67 100 77 60 22 32 65 2 58 96 5 32 69 98 1 36 2 95 31 84 50 91 71 90 1 89 26 66 5 43 2 85 13 78 48 47 54 36 17 29 81 22 90 69 96 25 35 76 29 27 7 11 95 26 13 8 77 28 86 34 43 13 97 89 47 65 48 21 74 27 83 6 96 51 85 21 64
84 34 24 2 63 36 16 33 12 100 42 53 34 25 8 92 10 73 24 47 67 71 28 9 24 36 64 96 80 8 23 58 44 29 24 12 12 36 54 68 60 35 45 100 92 92 60 11 77 71 89 47 64 16 16 29 10 36 59 84 46 24 87 71 91 72 16 51 25 59 37 54 33 86 32 63 14 68 3 80 25 91 36 20 63 77 85 94 37 71 22 80 98 100 15 59 77 28 27 80
77 36 61 41 3 46 83 90 83 71 26 45 67 20 43 55 19 98 6 42 65 36 26 12 20 13 14 82 70 96 83 21 4 77 88 59 7 37 7 76 45 78 4 69 16 19 14 24 21 99 63 66 65 61 81 89 49 51 6 29 33 63 62 57 55 3 46 90 71 49 19 87 61 89 69 6 61 49 22 71 52 57 66 65 36 5 65 35 41 50 13 82 85 24 20 100 8 28 84 44
6 7 38 74 95 32 80 39 3 60 75 66 66 36 92 45 88 96 57 51 60 49 13 50 98 63 90 63 83 19 70 92 88 72 76 90 49 64 66 49 88 50 59 60 77 13 13 74 78 34 3 67 41 74 19 40 77 16 68 70 72 97 47 18 6 49 9 78 65 21 2 59 48 79 10 87 12 64 66 59 30 17 68 39 25 9 16 76 83 54 82 7 79 34 35 61 49 64 100 7
45 61 95 38 59 36 42 17 88 33 96 19 29 57 79 75 78 17 38 12 96 19 79 100 19 68 6 44 38 62 59 7 29 86 96 95 96 100 78 21 23 30 82 35 8 73 86 34 66 63 42 5 19 44 16 2 67 14 98 39 0 84 13 94 82 59 68 75 88 55 95 14 53 56 12 39 85 34 19 43 57 20 18 10 33 40 75 10 33 53 0 1 83 78 11 56 7 64 84 94
79 99 31 73 62 31 12 68 24 59 73 30 58 2 48 67 58 71 54 22 84 61 27 9 60 14 57 88 98 91 10 97 21 13 95 63 53 51 81 54 51 70 39 47 72 44 74 41 70 17 21 66 69 84 96 73 63 90 49 53 27 69 87 8 48 27 87 84 80 77 69 85 24 48 72 47 69 60 22 64 35 86 22 59 44 6 0 67 78 57 63 68 42 65 68 36 49 47 23 97
56 59 79 70 29 82 20 54 61 44 52 79 9 9 50 26 0 32 13 17 37 99 43 29 46 40 76 93 39 16 40 43 48 48 32 12 30 11 80 79 60 24 70 81 38 54 47 43 12 36 12 31 85 34 54 1 31 39 68 34 15 74 56 67 47 30 93 8 16 71 0 15 7 4 67 70 9 70 15 70 68 61 9 86 63 61 40 78 20 63 74 88 8 47 18 25 70 31 2 66
40 4 31 80 16 44 100 16 27 58 56 58 16 0 80 43 15 59 47 9 49 76 72 81 9 18 49 34 13 11 18 68 40 35 76 55 76 6 4 2 11 3 18 38 19 6 28 1 76 19 96 96 9 83 69 35 77 79 28 17 22 52 26 76 1 75 74 57 23 55 68 5 45 3 24 84 96 60 32 40 2 17 94 30 36 67 73 69 50 89 64 50 4 24 10 31 54 60 69 95
31 75 47 41 74 46 55 5 22 75 19 47 46 25 46 45 47 64 63 87 49 7 30 88 85 98 35 81 67 95 26 28 23 30 11 12 7 88 59 14 30 62 61 65 13 0 49 67 12 74 32 55 20 53 91 75 77 60 27 39 88 41 55 78 53 11 83 57 89 0 41 25 71 10 76 50 74 97 93 37 54 4 11 94 87 90 29 95 94 21 55 64 50 81 7 33 97 10 51 8
33 15 22 45 39 52 9 81 29 69 39 97 17 64 36 25 51 66 42 15 86 97 83 64 2 5 85 97 10 85 11 24 15 81 7 99 24 8 19 84 92 39 91 55 55 28 100 70 87 26 89 79 63 13 35 36 64 72 55 46 46 7 71 16 28 14 100 46 17 34 12 84 54 92 8 7 4 0 82 60 56 96 79 12 88 11 45 79 38 20 50 71 91 70 52 7 55 12 85 70
24 68 68 74 79 45 24 64 10 28 96 97 46 0 92 35 4 82 97 93 42 40 69 39 86 45 82 61 5 8 36 95 97 89 90 46 55 81 53 35 8 99 92 67 88 86 42 34 49 21 20 23 74 99 48 7 63 20 55 84 44 86 40 82 37 85 57 46 14 79 59 84 82 71 100 80 63 92 97 32 45 84 87 97 77 74 90 93 62 7 82 67 93 9 31 63 43 98 57 24
92 24 21 51 21 15 45 89 37 23 78 31 25 23 14 4 8 57 57 40 85 62 91 34 94 14 82 14 2 9 43 11 86 62 59 78 28 49 38 7 87 32 72 1 65 15 100 99 35 31 72 39 12 35 22 75 51 25 50 37 38 19 1 19 4 80 42 6 14 74 61 75 3 60 49 15 56 42 33 58 3 30 70 1 86 56 51 6 73 21 61 87 48 95 79 95 96 20 12 68
19 68 87 40 67 22 35 12 44 99 94 38 46 21 13 43 8 86 1 69 44 78 48 30 76 49 64 98 4 58 87 25 17 93 74 25 95 45 48 83 19 62 85 22 73 58 10 26 2 71 27 94 6 70 12 81 5 80 86 0 38 74 86 10 78 91 56 66 82 57 45 13 78 10 7 73 34 57 18 89 81 30 78 31 99 20 9 92 11 96 35 21 20 33 58 27 92 21 3 4
37 8 72 86 95 33 100 31 30 40 78 71 75 58 45 98 56 92 75 50 53 9 84 86 81 24 85 72 8 1 96 43 28 80 37 43 44 40 64 100 50 58 31 19 93 39 58 77 80 54 91 29 84 16 74 57 76 2 84 35 3 45 81 58 19 50 70 61 52 14 94 69 3 0 89 27 65 27 95 59 37 84 43 25 93 41 82 59 98 6 19 0 43 57 10 38 4 33 26 99
82 64 44 96 3 58 78 74 28 33 23 67 15 8 16 51 41 69 8 91 75 75 34 64 42 39 91 12 73 5 76 11 8 4 80 34 66 8 14 47 78 6 89 93 67 32 29 97 82 88 69 8 17 45 96 57 48 21 44 100 2 68 32 25 57 83 98 69 100 46 37 16 27 87 86 34 64 23 9 75 5 38 60 29 37 22 56 95 24 51 8 20 77 44 24 16 60 37 90 26
45 0 84 75 65 9 79 100 18 33 7 75 87 12 51 7 9 68 43 41 89 86 85 96 67 34 16 8 25 28 14 57 52 94 62 5 80 74 14 8 46 24 48 30 52 24 48 68 87 36 15 9 93 69 19 86 31 89 95 95 86 99 20 49 2 89 58 85 63 21 29 89 14 56 29 68 37 65 93 17 4 8 59 63 55 65 58 74 88 87 64 16 9 55 69 86 3 83 3 83
18 45 19 14 44 49 60 70 4 36 61 41 7 2 68 98 86 2 39 9 45 6 63 74 29 84 71 93 9 68 13 99 7 40 49 19 76 98 45 91 20 54 16 47 47 94 47 17 81 64 31 47 81 61 52 43 39 8 3 10 60 89 86 64 68 35 59 19 52 34 31 12 88 30 47 59 37 91 46 32 70 42 86 17 37 12 83 4 85 82 86 67 58 50 14 81 35 47 100 44
92 82 54 35 35 16 28 57 87 42 21 63 27 7 74 91 24 40 93 44 10 100 64 66 16 86 67 72 65 52 1 77 4 12 49 38 0 76 17 94 12 16 48 86 2 61 75 92 34 55 37 62 87 49 34 73 56 1 35 16 45 99 32 95 57 77 31 87 6 88 47 58 99 77 22 11 86 68 49 2 100 19 23 72 11 12 20 60 8 79 58 40 76 74 72 26 15 2 10 34
50 86 5 25 87 60 58 3 7 57 54 71 95 24 50 51 92 47 7 30 85 93 37 86 15 76 95 54 7 91 72 32 30 17 94 70 71 96 3 16 23 5 57 98 18 14 0 46 96 63 100 68 1 24 9 13 5 35 54 75 41 61 93 15 4 23 27 22 69 98 58 55 49 80 83 51 31 73 47 48 43 93 14 78 34 64 55 60 62 53 56 79 40 76 87 95 18 74 1 29
17 57 80 78 83 80 38 57 3 11 78 15 44 12 45 45 73 63 34 64 1 19 58 16 23 0 86 92 88 52 33 20 74 38 24 42 98 51 34 38 7 39 2 55 75 93 7 88 30 50 43 19 44 39 67 20 43 4 69 92 79 18 52 71 25 41 17 16 21 99 10 38 54 8 3 40 16 32 44 33 67 88 31 60 28 36 39 100 13 29 46 77 74 91 98 71 28 6 7 16
32 25 45 71 6 5 94 77 52 16 17 44 29 88 51 39 98 87 53 97 82 40 90 98 26 22 93 6 57 10 87 69 95 78 22 71 25 6 36 54 6 99 13 34 15 13 53 27 36 49 36 26 41 27 39 96 1 25 49 25 57 57 2 34 55 11 93 86 45 10 36 53 78 28 91 89 99 25 74 20 81 40 5 26 51 20 1 49 43 58 78 40 52 46 88 14 81 16 39 14
46 47 97 69 99 32 35 28 46 34 34 90 58 100 5 29 86 60 42 17 46 50 63 25 67 93 41 13 100 83 49 53 50 85 12 25 65 86 30 46 26 85 3 38 15 93 74 44 68 48 68 70 69 89 77 67 6 24 50 34 0 56 8 10 62 75 19 85 0 52 76 49 48 31 13 10 46 78 61 9 29 33 86 92 81 51 23 21 74 38 27 73 58 39 52 6 86 5 88 44
43 27 23 17 42 56 24 55 70 100 6 51 18 16 43 63 1 99 4 41 8 87 59 7 34 48 96 48 49 29 26 88 1 29 96 98 26 66 41 56 94 39 56 42 10 0 65 66 95 51 18 50 25 87 37 87 58 87 43 67 30 75 16 97 80 96 87 96 98 21 16 54 16 46 33 38 12 70 3 1 5 22 49 82 21 17 16 19 100 21 49 52 9 9 52 70 81 89 93 27
89 81 51 26 35 29 24 75 78 47 58 14 88 70 9 3 94 52 40 80 93 5 7 81 99 15 94 25 74 25 70 26 32 90 14 42 2 10 58 74 80 98 50 1 18 53 77 90 71 16 74 66 6 27 98 71 100 4 36 0 96 58 81 42 21 59 61 59 80 96 10 75 25 80 16 86 88 36 79 20 81 52 63 22 21 6 41 52 39 25 63 4 56 93 36 98 11 64 35 34
4 61 96 87 31 31 68 38 3 62 83 94 4 80 54 82 62 31 47 68 73 6 92 46 7 36 63 90 91 77 37 95 4 53 97 74 72 2 72 0 61 88 36 80 25 73 28 59 55 71 82 13 24 68 38 25 53 52 25 10 59 96 57 74 14 38 74 92 69 92 69 69 55 26 78 1 44 30 56 22 98 65 19 22 64 11 28 66 67 98 58 79 81 50 91 45 91 11 48 39
13 51 68 65 28 12 70 90 55 31 27 20 26 84 35 17 31 92 88 74 90 20 87 66 42 45 50 73 39 35 50 72 13 68 39 68 57 100 92 3 74 4 2 87 84 89 34 79 61 49 1 59 98 25 10 72 55 16 86 21 44 86 20 79 27 50 39 73 43 86 70 72 36 93 13 29 68 59 14 85 63 11 45 13 24 21 1 13 53 94 41 32 1 94 27 10 13 84 70 73
98 80 0 95 93 91 79 3 47 49 63 71 97 45 47 53 49 10 72 60 81 65 64 57 19 57 45 82 77 25 34 46 60 12 86 54 17 53 75 44 82 30 96 37 59 81 60 33 89 48 99 20 44 82 16 90 49 23 100 16 38 30 88 14 8 79 95 51 91 85 1 24 29 86 26 34 94 4 92 34 41 83 63 49 97 21 78 51 86 38 45 2 9 67 27 70 33 35 58 88
14 23 50 46 61 86 92 9 56 59 68 3 14 14 100 48 73 86 100 56 89 79 70 73 62 86 0 27 31 20 64 23 50 96 95 11 68 57 5 21 52 51 53 53 96 73 45 19 72 40 63 0 96 87 80 53 71 85 76 91 89 79 83 17 15 87 88 9 79 40 52 99 63 26 92 64 55 62 58 25 80 11 38 41 19 7 57 55 29 47 43 58 35 55 50 39 25 38 93 80
100 34 44 75 68 60 18 44 32 30 79 2 54 72 61 7 59 30 5 83 12 96 1 35 26 85 63 80 90 16 79 21 50 22 29 30 67 91 17 13 67 72 84 19 34 8 41 34 29 76 66 74 5 49 89 22 6 1 88 1 32 68 49 24 11 21 29 74 89 88 8 65 6 19 37 29 88 23 97 93 6 91 9 98 62 63 62 74 24 47 52 30 51 87 76 59 2 50 5 52
65 23 3 47 81 79 36 15 87 10 43 51 44 38 1 15 19 71 6 10 50 30 69 71 37 91 87 61 23 47 48 28 42 84 80 66 85 91 57 26 95 59 34 84 75 99 66 5 22 22 49 34 89 64 58 12 58 16 83 84 69 14 15 13 5 67 93 25 11 77 17 41 19 20 100 5 100 22 41 49 43 88 21 53 31 25 75 84 36 23 60 34 32 55 26 100 36 63 25 84
9 9 24 35 10 94 67 5 49 1 11 69 0 81 16 10 13 40 30 23 48 38 65 5 36 15 45 82 65 17 65 48 56 4 63 45 77 77 42 81 15 63 14 73 97 98 90 82 20 72 59 45 73 37 21 81 88 2 95 66 92 54 35 77 35 51 73 0 89 30 27 35 75 9 83 11 1 98 35 77 74 98 67 19 41 55 27 32 11 66 99 25 0 53 52 9 76 25 41 47
72 24 51 32 41 96 92 4 96 35 34 94 93 14 81 80 78 47 5 7 8 84 70 11 11 86 6 85 96 43 70 73 21 54 31 75 91 34 13 6 79 96 7 32 42 86 82 32 51 51 78 57 99 21 70 51 57 91 32 30 62 79 88 80 23 42 99 17 97 12 30 80 56 84 100 37 70 8 64 93 6 67 8 24 5 38 77 49 19 100 2 25 17 60 57 8 91 43 71 86
38 99 81 93 80 43 78 55 20 54 39 39 34 61 1 34 53 42 69 67 0 95 96 22 78 2 5 96 65 39 2 78 52 2 74 81 100 86 18 26 98 79 79 20 98 22 95 31 19 40 38 82 2 72 5 1 41 46 95 50 4 24 22 3 33 98 6 95 69 14 89 79 14 45 63 88 51 78 2 30 34 73 57 94 0 57 75 84 24 69 30 27 12 49 31 5 80 76 7 38
4 51 77 83 29 24 90 4 35 28 65 54 12 80 60 4 71 84 79 39 62 71 38 21 46 16 8 99 34 85 76 56 12 32 91 15 15 28 61 60 59 34 29 57 88 10 26 32 37 99 57 98 20 29 82 92 96 86 21 43 46 3 56 17 50 18 54 37 13 95 84 27 63 77 72 74 23 56 55 42 67 34 100 5 82 44 84 87 33 38 4 96 54 76 54 39 94 62 14 83
13 53 35 6 11 76 70 15 10 20 35 64 70 98 96 74 27 85 5 49 25 46 37 76 57 32 85 50 94 53 20 68 64 42 93 88 28 30 46 39 55 48 34 10 83 83 46 18 49 31 72 35 46 64 40 84 39 84 77 20 66 65 99 32 83 79 52 63 0 14 70 71 75 61 100 76 7 74 54 15 11 67 90 18 58 81 82 99 73 8 26 11 0 62 42 94 17 24 34 19
95 90 74 86 36 54 26 47 43 96 15 95 86 12 23 58 12 30 34 31 64 91 22 85 0 6 9 21 43 44 97 4 81 34 56 49 28 86 39 2 59 5 30 75 9 61 59 83 24 14 66 62 64 70 93 53 79 17 60 96 73 12 40 15 96 7 2 39 48 50 58 96 27 100 97 45 96 15 81 29 14 14 89 35 50 29 87 87 85 76 17 5 59 9 74 10 69 70 70 15
99 45 31 3 21 27 0 1 87 45 58 86 43 50 56 88 8 55 96 77 20 37 61 88 26 95 87 96 41 52 1 94 93 58 13 21 54 78 93 79 78 92 60 98 82 43 8 80 40 57 34 50 59 35 39 64 30 46 61 35 11 10 81 86 27 85 77 33 53 33 89 35 100 98 15 78 86 92 37 31 30 91 20 44 83 57 62 59 7 85 31 30 5 54 10 60 18 59 29 7
67 1 70 58 57 72 1 72 10 18 41 50 33 83 36 21 9 26 5 82 83 53 52 47 59 79 9 92 21 89 31 30 78 18 33 78 53 51 70 89 80 88 21 14 7 46 14 2 22 23 0 12 100 27 41 53 82 99 93 19 93 21 52 99 33 28 93 78 39 91 23 0 77 87 20 2 30 50 25 34 76 85 9 63 18 88 38 60 57 62 60 15 100 88 77 100 70 28 75 80
87 5 23 64 84 63 81 77 62 61 39 7 12 73 89 41 47 74 49 88 27 45 13 1 88 100 30 80 71 77 34 0 61 16 75 6 49 74 30 32 50 94 4 60 98 86 75 28 22 18 81 96 4 30 82 82 21 60 51 47 61 42 4 21 16 64 47 32 44 44 4 30 86 73 89 19 83 81 5 96 96 22 25 70 0 34 36 64 38 47 8 38 70 48 35 47 6 13 94 44
12 14 56 50 20 69 81 27 44 69 56 88 35 54 75 46 46 95 17 43 62 70 5 8 9 70 59 97 65 82 75 10 45 66 39 87 89 94 48 54 21 18 37 84 38 75 49 74 34 91 78 64 94 82 87 63 6 10 58 11 0 61 97 46 18 30 66 50 14 46 86 36 15 16 72 69 34 5 37 88 25 74 87 8 60 25 17 42 33 20 17 89 7 13 40 8 73 67 42 29
73 31 71 5 52 41 74 41 26 62 42 100 83 85 25 13 41 20 13 61 83 96 23 11 25 31 11 11 85 38 76 76 57 77 43 37 10 73 64 45 50 74 86 72 74 29 70 84 34 21 85 63 5 2 50 0 75 18 18 82 78 46 72 59 12 87 8 32 28 2 65 35 30 50 5 2 60 83 11 100 54 58 70 77 26 44 74 25 75 13 85 37 62 23 74 92 23 28 92 34
50 73 19 25 53 6 49 9 31 7 1 52 1 60 69 41 30 57 7 44 65 81 92 64 73 12 97 24 50 78 69 91 48 82 71 22 31 97 2 90 83 4 99 54 64 63 25 21 42 2 12 85 41 68 30 99 49 46 59 11 72 26 12 49 75 76 56 60 65 82 2 99 48 66 61 84 66 26 47 76 83 25 91 27 5 35 78 24 74 6 15 60 11 32 46 81 85 67 28 45
15 35 59 86 8 84 91 87 66 73 6 40 97 44 37 83 12 26 86 36 7 58 8 30 40 86 20 97 31 30 38 28 15 52 93 4 93 68 74 80 55 16 68 2 52 91 5 94 93 20 52 57 55 10 83 95 71 95 67 34 42 2 25 36 70 3 89 10 40 75 20 27 13 50 30 48 39 34 89 17 89 58 84 72 18 85 33 18 82 86 70 5 54 11 2 9 22 83 90 43
11 74 51 17 69 45 39 64 62 33 66 48 35 25 26 82 32 66 19 38 21 4 60 33 26 49 27 27 93 50 81 28 27 43 46 31 9 9 25 34 80 5 5 12 34 78 20 30 63 16 38 93 79 45 72 32 22 49 63 76 44 10 93 29 33 4 61 14 55 53 63 35 32 73 82 9 20 93 36 85 100 17 42 67 16 96 2 2 55 90 64 23 50 87 88 48 87 79 72 10
69 15 93 44 98 66 74 91 22 48 51 65 60 100 66 60 15 50 43 28 62 93 3 73 17 67 86 77 73 21 18 3 13 73 17 51 35 6 37 66 91 21 1 78 38 89 19 3 31 49 37 19 65 10 0 48 72 42 88 100 10 75 50 86 84 30 43 5 11 22 92 89 5 41 70 18 21 5 82 24 83 91 69 77 45 53 27 39 10 26 29 9 16 77 44 47 6 38 91 21
35 54 28 29 75 48 4 12 1 10 13 14 13 91 21 52 53 42 43 12 24 39 76 51 88 45 31 69 58 84 52 70 22 24 41 33 39 25 16 82 10 69 49 30 19 62 28 2 60 81 75 18 13 5 36 45 5 39 0 85 32 86 51 17 60 60 66 11 80 98 4 80 52 83 2 20 20 66 22 99 72 20 52 13 16 61 10 45 42 36 94 31 5 30 18 73 25 36 64 61
10 39 59 79 75 27 24 39 43 65 4 51 45 96 23 46 40 8 43 90 79 24 96 65 49 13 14 73 86 82 36 50 18 70 81 80 49 91 11 37 15 60 80 22 9 32 7 31 52 65 5 100 93 20 40 74 10 24 48 38 26 8 92 47 10 33 43 35 20 85 42 67 88 42 32 78 77 91 61 29 44 99 82 90 87 54 49 41 42 72 71 54 41 23 47 58 8 57 83 36
65 11 85 7 65 28 12 52 29 51 66 26 13 41 98 51 39 1 54 76 73 72 68 76 72 14 57 69 78 6 52 94 73 29 6 67 18 16 66 37 91 9 4 13 88 12 84 24 98 77 58 56 39 39 74 38 89 68 8 40 32 16 62 24 92 74 23 0 23 90 81 85 72 92 2 0 19 28 82 20 14 65 15 84 33 80 93 21 87 26 15 46 9 59 25 79 44 84 14 57
