77 86 74 38 47 96 56 69 92 38 70 27 79 99 74 61 49 98 15 63 97 54 45 49 80 11 73 54 84 39 15 85 44 97 41 80 92 42 68 78 92 40 8 97 46 62 69 95 21 27 69 75 13 90 62 8 4 26 100 65 4 28 10 55 54 99 39 34 81 93 38 24 76 76 61 46 66 73 57 99 95 92 83 24 27 92 45 19 8 32 88 54 58 90 77 82 38 78 16 45
92 6 54 74 45 43 64 22 54 36 19 30 80 49 44 4 57 40 0 20 81 71 66 16 5 93 23 72 26 77 76 71 90 49 21 89 60 75 58 83 96 58 2 20 75 63 0 61 15 78 7 12 51 83 9 72 29 100 15 19 80 55 10 30 27 92 79 98 91 31 34 98 86 94 82 13 0 100 92 60 19 14 36 64 29 55 70 29 17 40 44 36 35 20 68 8 51 67 65 6
60 46 12 62 74 20 83 32 58 46 32 25 57 86 54 14 71 10 13 30 31 21 98 38 45 56 18 80 100 1 22 63 38 83 59 23 86 58 29 73 74 95 23 34 81 41 56 28 66 24 3 53 60 3 58 49 45 19 99 75 54 64 2 80 62 27 37 60 3 70 17 72 79 0 30 52 89 31 50 62 24 9 16 74 44 24 26 86 84 95 27 68 18 1 32 27 92 51 14 19
50 14 100 29 40 29 30 48 96 79 79 100 49 7 52 67 23 58 79 41 94 90 99 4 87 16 19 90 5 44 15 29 14 87 54 94 82 23 54 100 51 52 32 40 90 39 32 7 23 84 100 17 16 59 25 27 44 15 5 18 5 97 65 89 54 7 35 83 48 85 3 78 9 94 9 25 31 86 34 67 24 90 41 99 70 49 43 61 99 61 29 82 73 68 9 39 28 40 36 15
7 22 78 71 63 33 21 62 2 29 88 33 20 50 60 77 40 16 24 27 76 29 20 84 84 94 31 36 49 56 41 20 48 63 69 47 6 22 76 49 67 17 44 81 31 84 96 21 20 91 12 27 83 38 15 72 6 51 44 70 95 75 56 60 60 22 17 15 57 15 41 34 39 47 38 85 0 69 54 34 8 99 77 22 82 24 6 60 53 57 73 88 52 94 60 95 77 50 20 90
41 91 98 32 74 49 43 82 34 54 48 78 93 87 0 75 50 64 78 41 0 53 73 71 73 52 8 23 24 68 47 58 26 40 46 42 80 22 20 29 12 53 64 80 65 40 56 51 98 53 0 62 97 34 33 75 29 90 80 63 8 62 82 84 12 92 52 32 80 13 3 22 32 64 71 4 85 49 9 50 98 26 2 14 77 46 19 99 11 93 92 2 45 56 16 73 28 87 89 12
14 44 75 97 50 45 48 83 59 13 38 64 93 32 99 19 56 46 18 20 47 70 22 83 87 33 53 5 86 22 35 27 93 29 1 78 35 77 30 43 23 64 4 9 62 95 31 88 37 15 94 23 70 36 23 78 2 45 66 74 95 93 25 77 62 75 1 66 31 100 87 3 53 54 45 80 96 90 84 46 15 53 42 88 47 34 48 91 46 54 88 45 73 7 61 10 21 71 49 15
30 57 44 85 56 10 11 72 92 67 62 31 16 4 20 58 12 51 69 33 51 17 65 92 66 36 30 79 85 30 20 59 77 75 40 62 70 42 6 62 67 61 5 99 52 90 99 90 68 49 93 81 14 47 57 61 53 16 2 81 8 55 12 6 10 8 76 62 52 2 8 68 19 1 59 60 78 97 12 43 86 35 39 19 62 95 83 86 97 64 75 80 49 83 1 60 85 19 82 25
97 7 28 35 27 12 59 16 4 82 88 70 67 93 55 42 62 5 80 43 95 37 79 42 37 74 37 97 2 55 82 83 26 64 81 85 93 11 3 33 53 14 14 65 68 40 47 72 91 56 47 25 1 4 76 18 45 72 64 4 4 59 31 60 28 56 72 99 97 18 83 93 62 17 82 57 81 95 40 33 93 78 34 87 9 13 48 51 99 32 2 76 49 57 90 56 10 12 3 64
2 10 52 87 40 24 87 5 17 35 98 97 24 48 77 46 42 83 14 62 97 18 54 81 77 12 95 59 93 49 61 68 21 5 100 99 56 65 80 25 31 51 53 8 72 98 54 83 65 6 81 76 89 94 7 92 68 4 37 43 55 42 65 77 98 21 91 13 94 24 30 12 11 72 3 2 41 73 8 51 95 66 1 5 17 3 60 14 98 60 67 51 81 94 38 91 41 49 90 6
27 38 61 80 94 24 53 59 12 95 47 2 47 68 82 100 1 100 94 36 43 49 49 46 44 35 93 75 5 51 19 15 12 21 54 54 96 19 4 53 51 98 86 45 91 73 76 6 15 0 28 87 48 63 9 33 50 49 25 3 75 81 44 44 52 11 85 77 67 92 26 83 48 47 37 93 44 58 13 59 13 91 71 69 59 9 14 43 38 40 32 3 37 58 18 73 45 51 7 43
20 21 63 55 64 48 91 42 98 90 27 76 58 39 84 96 39 34 100 4 5 27 73 6 58 100 61 81 37 46 80 70 1 94 47 10 53 45 19 86 96 29 88 36 79 20 99 11 12 25 18 89 26 56 18 25 48 46 50 2 7 17 13 30 94 58 7 77 74 59 68 54 88 70 70 53 28 87 12 54 57 55 78 73 76 43 92 35 100 77 52 68 41 31 69 1 45 94 78 43
23 49 57 6 61 65 59 74 95 61 16 97 70 55 73 0 78 75 65 69 81 87 41 90 79 89 13 68 75 22 12 46 56 11 82 7 1 36 59 93 67 12 57 0 53 8 0 79 84 72 28 62 93 58 33 55 22 53 98 56 97 25 23 31 52 36 48 98 35 45 70 68 42 27 95 46 75 13 35 65 43 28 93 13 2 40 97 83 13 92 38 59 20 81 42 74 33 84 7 22
89 92 59 93 1 92 94 67 98 88 95 24 53 95 71 47 35 44 58 48 6 18 72 72 15 15 30 98 88 1 76 60 67 22 86 97 59 44 13 95 12 89 57 18 51 76 28 26 38 18 1 9 8 31 26 30 61 66 63 4 30 66 65 11 87 35 89 90 43 0 22 95 19 22 44 86 52 42 18 21 36 97 97 51 70 98 84 37 2 1 45 64 58 45 97 85 18 49 68 85
3 36 70 61 69 60 86 99 3 33 74 15 52 21 63 63 81 86 43 45 3 97 21 51 38 5 100 62 72 8 22 67 81 65 48 46 66 61 84 97 64 49 24 55 32 81 62 89 83 42 84 4 33 71 93 74 30 40 96 65 0 35 59 40 47 60 11 86 83 28 53 59 0 64 67 36 15 87 9 74 66 48 79 72 29 6 51 86 85 52 39 41 0 78 28 62 66 16 93 11
58 37 56 14 19 64 70 49 82 58 11 29 43 5 68 72 57 2 69 60 45 16 37 39 46 14 75 36 45 64 75 34 59 11 2 78 56 49 77 40 5 68 7 96 54 30 27 96 78 27 29 38 71 65 72 85 5 85 15 51 52 28 9 15 34 49 72 76 5 71 37 66 91 100 68 56 2 27 56 57 85 13 52 96 62 5 27 78 32 98 86 17 91 96 79 82 9 66 41 57
59 67 72 45 57 92 56 6 49 64 98 88 79 60 10 84 65 62 77 61 27 39 30 0 75 15 29 1 31 80 65 68 3 58 95 19 38 42 15 30 67 76 15 10 28 26 88 27 100 90 70 29 32 66 100 59 13 18 46 76 23 6 15 36 46 99 99 14 66 55 95 98 75 17 9 27 5 83 83 74 85 2 31 84 77 46 66 54 98 60 20 42 61 100 50 67 13 76 19 7
38 28 14 8 69 54 4 31 17 63 16 68 19 35 73 57 28 47 45 29 69 87 97 4 31 94 88 63 93 13 97 45 79 84 20 27 82 68 14 77 53 6 18 64 22 13 63 93 64 66 17 84 99 16 68 57 86 18 11 31 73 25 71 99 82 81 62 19 76 32 47 91 48 94 33 72 79 91 80 23 19 0 71 92 58 26 93 11 18 83 41 57 59 64 66 25 95 53 2 19
60 2 9 49 52 27 45 9 54 40 58 72 57 30 95 52 24 84 82 90 97 91 48 46 8 78 65 71 82 46 93 59 67 89 62 92 83 66 61 0 59 45 27 98 76 57 87 48 89 20 63 21 13 26 83 22 58 13 33 52 2 50 6 46 86 97 93 25 52 29 67 86 42 41 85 64 18 74 35 91 1 17 95 13 19 91 80 60 79 11 5 75 32 91 29 13 85 45 0 55
60 51 84 89 12 35 47 36 93 89 88 43 24 45 81 19 51 50 86 72 58 86 1 81 83 50 73 27 27 27 99 87 26 0 100 61 21 73 83 22 73 100 15 78 60 89 11 18 73 40 60 2 86 31 8 16 21 30 59 43 32 86 58 95 27 85 86 0 72 80 27 77 21 73 5 48 12 11 85 52 63 47 10 64 42 72 57 93 46 23 69 67 17 34 70 88 18 47 63 6
79 98 92 29 42 81 41 36 66 41 7 26 81 73 65 26 57 43 63 53 37 7 71 74 95 36 23 81 97 39 36 85 57 86 68 94 22 78 71 60 18 4 40 15 50 86 33 95 7 66 72 5 75 23 29 36 82 55 71 7 77 49 94 52 40 40 83 43 41 65 11 31 30 30 17 7 73 61 47 91 100 17 11 13 37 69 71 52 29 65 17 12 62 72 23 49 92 58 55 28
65 50 44 3 0 94 77 56 6 12 5 98 5 37 3 48 26 48 100 58 36 87 46 91 59 61 42 55 55 50 63 85 34 52 4 0 4 36 99 68 94 46 17 53 46 68 30 62 63 20 63 73 95 64 53 46 67 48 15 59 72 16 82 99 87 86 76 6 9 4 12 74 96 84 40 68 39 10 33 47 35 55 51 36 78 40 20 67 89 2 95 45 45 0 90 29 49 74 73 38
45 85 18 91 84 48 34 72 80 90 36 37 17 14 5 28 32 92 38 77 36 79 3 9 37 37 71 76 61 65 63 97 85 28 36 83 45 8 69 92 51 95 52 26 7 24 59 40 80 79 66 95 50 93 60 15 52 51 82 44 63 48 64 19 7 31 16 99 24 94 80 28 59 0 81 60 62 13 70 91 87 34 76 91 13 54 38 23 51 16 42 87 25 64 17 92 92 94 64 95
30 14 97 14 27 79 63 30 4 47 41 85 99 14 47 5 84 58 93 21 3 30 89 17 73 17 10 13 2 91 15 18 43 30 13 92 21 42 28 87 26 12 91 39 64 64 56 27 37 5 60 49 94 61 27 15 5 5 21 46 18 75 85 54 57 1 47 36 60 26 95 46 66 78 53 78 3 78 90 34 59 90 57 16 44 9 67 15 54 27 35 88 41 51 91 37 45 88 33 58
19 98 30 81 54 75 25 30 62 74 37 7 84 48 85 60 71 41 83 72 23 43 39 53 26 99 24 58 35 16 2 100 88 49 18 79 16 8 63 44 52 1 75 97 98 98 54 91 27 82 78 39 93 58 52 17 40 84 67 82 12 89 81 50 99 36 78 55 85 40 68 52 66 5 42 74 16 10 78 20 47 55 86 11 78 81 30 35 61 99 64 53 66 54 96 75 1 96 1 0
69 94 25 83 96 91 91 50 61 66 69 76 13 52 80 26 66 100 25 58 11 92 34 55 79 89 50 72 85 83 50 13 54 4 4 33 5 71 76 46 45 44 70 71 47 13 41 39 30 26 36 65 9 49 85 46 65 28 47 3 81 6 17 43 78 38 57 29 22 61 75 65 42 7 44 3 86 89 87 75 71 82 32 67 50 96 78 16 41 63 74 25 36 84 8 61 6 23 76 8
16 92 29 13 65 32 37 50 83 66 20 27 17 20 29 79 36 82 20 8 87 87 85 1 75 38 57 95 87 29 59 16 96 34 76 71 83 93 63 42 96 99 27 18 30 56 31 12 72 10 73 21 99 55 37 50 62 23 87 26 88 17 65 89 21 12 91 76 10 77 14 92 23 25 60 75 83 53 51 98 68 22 89 9 7 14 97 36 2 17 93 25 95 13 27 63 93 68 13 0
46 72 84 82 59 11 40 0 70 33 48 92 38 86 62 24 79 6 42 86 56 89 63 38 65 35 3 78 99 80 94 35 86 60 48 93 59 23 50 76 89 70 18 38 93 1 47 32 51 55 12 31 66 96 49 2 29 77 71 48 30 55 28 79 71 42 53 79 95 79 11 75 14 89 61 12 66 60 3 67 0 96 44 84 93 34 13 25 11 20 39 36 98 66 41 87 71 66 23 24
41 66 40 66 74 89 41 7 85 84 69 88 35 4 81 86 24 37 17 34 60 26 48 43 9 61 80 70 64 94 65 84 11 20 33 27 35 89 52 17 1 42 44 87 57 50 56 54 2 90 69 47 44 83 93 99 25 79 21 9 23 8 49 16 98 35 17 61 90 42 75 8 85 70 96 17 72 46 40 47 94 97 32 63 82 58 20 27 91 59 33 42 89 15 53 94 43 47 98 31
12 64 29 23 60 94 89 13 74 64 87 36 17 83 21 68 10 61 52 46 7 26 21 20 5 27 96 97 92 0 41 66 72 60 32 27 100 46 100 99 49 56 12 3 15 50 80 96 21 50 56 59 32 64 24 29 65 82 43 67 93 46 81 14 43 18 84 42 49 52 43 90 75 75 36 11 30 27 43 75 44 68 42 23 45 37 32 56 44 70 47 8 14 87 27 89 6 5 45 74
96 10 50 9 92 79 4 52 58 25 0 55 74 98 47 79 64 43 36 60 76 69 40 28 58 19 37 35 44 72 77 96 13 80 69 46 74 80 16 60 37 69 28 79 17 1 92 64 48 95 47 42 70 55 85 58 84 14 64 41 47 46 93 71 15 22 69 100 48 11 66 4 15 75 97 93 73 38 32 72 7 26 16 11 78 76 29 99 69 29 20 44 82 88 18 23 25 92 3 6
96 78 53 13 62 64 49 58 80 83 69 27 66 84 68 35 59 46 54 0 59 91 30 16 98 78 60 2 31 85 0 2 86 100 41 44 68 71 60 73 58 35 95 0 26 42 74 45 42 11 78 39 85 34 52 6 100 75 39 5 10 24 12 20 53 50 57 84 91 15 15 18 24 25 77 45 24 21 88 9 33 88 48 76 81 62 81 61 91 88 20 48 91 6 84 8 90 27 73 89
6 75 70 1 38 18 45 100 64 50 69 66 90 100 63 32 16 12 55 20 10 17 74 69 10 23 39 38 69 26 95 27 68 13 19 97 32 46 96 18 1 16 50 51 41 18 52 20 39 92 72 87 65 85 50 99 95 34 66 4 88 95 75 60 14 42 42 36 5 52 100 17 95 33 8 82 73 9 9 87 1 79 13 19 69 7 11 45 30 53 6 19 37 39 59 32 71 70 47 94
31 42 78 78 69 31 28 15 97 26 68 96 71 61 83 80 82 6 81 17 87 60 34 39 47 51 31 23 53 15 99 79 13 56 88 26 8 78 74 32 28 22 72 13 80 60 89 1 36 79 54 58 70 4 67 28 67 98 86 60 70 18 36 22 93 39 68 89 37 49 42 96 94 51 87 77 39 46 62 84 95 65 100 98 57 24 92 80 89 68 64 32 98 56 7 68 75 90 16 4
6 79 84 81 9 4 33 37 19 65 5 65 57 80 97 26 69 84 85 11 0 3 99 84 14 2 77 36 71 52 2 71 21 95 50 68 57 26 75 59 91 33 85 58 94 44 9 80 14 96 1 70 8 99 74 89 25 81 20 65 54 69 1 8 40 46 36 61 35 58 74 4 29 72 27 82 50 0 89 66 62 75 22 65 95 48 0 42 58 52 75 56 26 0 62 56 3 93 79 94
87 69 0 16 97 32 94 96 96 59 35 1 8 58 23 41 1 97 64 99 57 49 31 54 1 47 37 27 48 50 40 48 14 90 4 2 89 89 98 63 89 83 36 58 89 89 53 43 97 86 59 41 31 71 78 95 10 80 1 5 29 48 8 41 53 80 86 49 76 99 25 9 33 72 17 88 65 12 59 76 34 89 80 55 79 81 60 46 78 11 96 44 23 19 64 27 14 81 28 7
66 64 81 75 18 69 83 51 58 4 91 87 57 48 35 40 61 89 57 9 44 41 26 22 11 26 44 29 92 66 77 23 9 23 79 67 45 63 76 48 6 50 87 30 7 33 69 0 13 55 50 51 91 4 13 99 56 49 36 20 57 18 78 81 57 7 66 50 36 91 88 27 8 84 19 56 67 32 71 97 60 29 43 26 38 84 61 13 19 42 69 4 49 88 56 97 20 22 36 97
29 48 60 30 77 50 67 39 88 13 69 85 80 7 45 35 47 35 54 61 57 24 39 100 21 33 44 47 9 85 16 60 30 80 77 34 31 14 63 26 93 35 92 18 85 98 97 70 52 89 21 43 19 5 38 13 44 14 13 46 62 44 13 96 11 29 63 11 48 93 40 1 34 95 7 53 92 67 68 2 30 36 93 55 43 98 29 71 64 57 14 47 10 71 29 77 15 13 94 57
7 39 50 48 20 63 48 64 44 47 12 21 24 18 49 56 1 0 29 57 94 2 29 33 14 4 95 98 53 98 13 65 72 96 21 84 7 51 43 50 13 68 74 75 10 32 67 25 52 20 88 55 80 39 99 12 36 2 80 60 6 24 74 17 66 92 50 95 29 95 15 56 66 70 83 71 98 86 50 20 45 86 92 35 11 70 36 22 20 49 68 14 75 38 57 32 99 60 68 68
67 10 27 80 4 4 43 85 3 99 83 50 15 82 66 52 10 27 85 99 17 93 16 67 69 55 57 44 98 66 77 48 65 100 34 41 64 48 23 77 36 45 30 59 38 22 41 86 32 96 2 60 65 11 17 87 13 84 70 25 10 98 89 21 39 37 11 82 73 47 59 74 45 45 91 94 10 80 90 68 16 38 23 94 18 20 72 9 93 19 74 67 93 52 46 59 18 89 37 36
19 4 7 50 100 6 67 90 7 90 65 48 83 21 49 53 7 49 42 86 84 71 76 25 72 90 94 36 70 12 60 63 81 75 79 87 16 4 35 12 92 88 79 20 96 12 17 65 42 39 67 74 15 13 92 41 7 95 46 71 98 66 46 27 95 80 40 62 89 83 83 46 6 96 30 8 27 51 16 46 15 81 32 33 4 73 83 60 7 96 68 11 47 20 81 75 30 57 86 44
65 95 75 94 96 35 77 50 46 0 23 45 51 98 67 42 81 41 47 45 86 54 47 31 39 34 18 42 67 13 28 87 94 82 49 10 95 22 7 44 36 63 75 1 70 36 12 41 25 40 50 71 35 80 2 8 48 56 93 96 29 92 17 80 98 63 21 56 27 34 76 53 86 60 7 19 60 23 80 24 25 22 35 56 56 29 24 36 2 33 9 26 82 38 83 89 83 52 81 53
93 86 100 48 7 59 5 23 73 84 30 55 75 29 65 47 88 8 32 16 95 69 98 7 28 34 61 14 97 40 44 89 63 30 93 62 69 59 82 61 75 29 24 40 81 66 89 23 20 19 70 55 39 0 34 2 71 37 20 15 55 49 79 24 6 18 45 27 45 37 70 45 74 98 27 50 11 34 20 93 56 4 93 2 15 94 68 57 99 87 34 94 95 43 80 82 37 22 18 29
93 99 5 13 59 68 81 27 6 60 87 52 0 24 32 84 47 56 40 46 67 67 81 55 57 38 61 63 21 17 89 91 22 2 10 77 90 33 24 57 93 73 92 78 15 85 27 65 36 28 61 64 50 62 24 1 10 39 73 9 23 28 54 71 85 34 25 65 76 27 29 4 90 16 54 87 20 91 86 80 13 32 33 100 7 53 97 59 62 85 66 41 90 39 45 58 42 42 33 95
75 33 57 64 81 83 80 80 7 70 12 14 87 13 76 93 51 40 1 67 37 8 78 76 87 11 73 52 68 41 39 43 90 79 60 66 5 20 93 19 43 99 70 88 25 92 77 65 68 43 64 8 22 42 72 83 42 9 48 26 77 18 37 26 87 71 63 74 74 75 26 12 25 18 85 57 94 75 26 83 18 78 95 28 88 30 1 58 93 52 29 10 96 92 33 63 48 95 16 41
79 96 48 14 55 11 75 54 1 73 20 24 60 68 99 25 90 41 23 98 43 41 16 30 47 88 40 22 69 2 67 16 86 17 23 22 50 30 6 75 63 81 24 73 86 81 34 95 85 7 16 85 23 3 16 39 69 76 0 21 71 36 80 77 23 33 7 74 84 27 89 94 32 53 76 9 100 25 29 43 86 58 89 89 62 26 2 84 36 13 68 41 68 57 55 92 43 91 39 80
25 11 75 88 13 14 27 16 56 19 88 93 45 85 1 33 82 82 94 94 84 28 53 99 82 24 3 1 86 84 83 13 81 100 7 64 10 68 48 35 27 0 4 21 45 18 26 72 48 27 66 45 88 33 73 97 39 100 30 83 30 96 81 100 46 54 26 73 22 90 32 15 79 1 96 92 99 35 45 70 71 39 89 19 8 57 37 10 0 37 49 85 68 6 7 7 64 66 39 59
64 88 6 14 63 20 83 39 26 5 31 43 42 95 70 62 92 61 31 96 42 68 45 16 3 3 85 66 94 84 26 10 26 32 62 93 14 31 10 97 44 61 44 38 46 18 75 8 15 89 62 94 99 87 59 26 14 8 16 72 32 92 0 86 63 84 56 23 63 4 0 55 84 35 38 72 14 49 0 33 46 90 24 92 43 56 29 36 56 95 96 95 31 79 18 87 87 22 44 75
40 11 76 56 55 96 28 22 91 6 77 45 40 18 40 18 38 36 45 91 36 69 92 24 90 96 76 90 69 76 88 29 48 45 76 78 30 4 95 67 19 71 8 46 14 59 14 3 43 23 6 25 83 23 70 18 65 59 74 39 37 54 53 82 79 49 84 33 72 52 97 39 0 84 61 95 100 64 96 6 63 40 23 92 91 88 65 72 78 26 7 80 81 26 80 40 58 28 92 3
40 64 54 97 89 61 86 68 29 13 80 55 49 51 94 1 22 97 32 91 95 43 66 33 60 67 1 87 45 39 89 31 32 50 39 4 46 45 47 20 20 36 9 29 40 25 16 76 30 70 8 26 97 20 73 11 55 64 77 43 81 15 46 52 24 3 59 54 39 31 62 42 0 73 95 62 78 22 66 32 68 42 4 87 4 42 55 9 33 23 66 100 96 23 39 59 98 16 8 32
32 78 67 3 72 48 68 36 67 27 81 38 87 40 5 84 30 57 23 87 79 92 94 27 96 31 99 43 68 51 84 61 61 15 54 55 25 90 56 17 27 31 31 82 34 0 59 81 51 79 15 58 98 96 53 19 5 10 25 23 30 47 73 88 34 66 52 68 45 20 91 60 25 6 98 60 42 53 12 12 17 55 4 7 56 69 67 74 39 26 93 77 94 11 96 30 73 94 77 57
23 19 37 80 12 4 0 63 41 45 64 63 100 1 99 71 17 97 100 43 93 26 19 56 2 11 9 46 15 96 78 47 97 65 30 42 19 99 63 10 40 88 73 95 10 21 25 13 76 84 38 85 81 89 72 33 15 73 19 15 93 6 44 14 53 100 82 50 14 65 96 17 33 93 92 34 3 59 72 96 15 31 70 57 99 62 9 96 80 32 19 93 16 32 50 65 53 53 23 2
73 14 2 85 77 43 35 36 65 20 22 45 90 93 11 67 2 51 99 35 93 63 97 67 22 87 51 85 26 32 60 62 79 73 95 79 62 23 24 73 88 16 82 96 95 24 18 19 51 48 28 81 49 81 100 9 5 63 76 9 84 88 76 8 3 67 39 53 29 27 22 41 83 53 0 62 74 0 46 67 80 8 50 21 34 89 18 20 84 90 30 54 70 28 11 11 12 53 23 54
10 8 92 9 11 84 63 100 90 44 50 95 28 28 1 27 24 33 49 11 74 59 86 52 22 79 45 55 47 86 62 33 58 48 54 64 44 51 50 79 57 39 76 16 29 82 49 45 68 85 50 62 39 6 54 15 80 31 72 56 49 46 71 31 27 87 4 62 23 71 17 43 100 32 28 94 6 14 18 80 81 30 21 69 79 76 93 13 46 87 47 88 36 98 14 19 53 40 79 59
98 6 67 37 86 10 15 11 51 72 95 28 43 42 82 87 31 22 79 35 61 54 1 32 15 18 22 28 68 30 26 60 26 85 30 31 33 72 85 5 84 19 86 72 68 52 90 46 50 99 21 10 53 75 87 82 9 78 72 76 99 12 54 94 70 20 50 5 60 31 73 15 70 74 96 91 22 93 64 64 41 63 22 47 28 86 19 6 57 85 95 69 25 0 0 18 95 39 47 11
29 50 36 47 76 65 27 0 13 69 26 4 59 91 16 29 91 37 66 78 73 27 50 81 45 38 12 88 22 98 3 67 22 95 47 73 53 27 78 37 17 86 26 74 29 17 96 77 34 63 77 69 32 32 65 47 57 37 73 61 74 21 49 24 45 77 27 94 63 63 19 48 19 58 84 6 78 7 23 100 95 71 23 100 24 86 0 93 93 66 49 39 32 80 90 37 4 56 40 93
0 60 89 51 71 60 31 22 18 86 2 48 12 28 95 6 82 97 46 53 27 0 89 40 47 34 34 79 93 88 35 33 94 19 97 98 53 13 95 25 40 37 8 80 24 52 16 27 92 52 34 79 13 54 36 51 13 5 51 100 84 40 38 84 80 13 33 12 19 54 76 16 70 78 84 82 26 36 89 98 84 50 78 76 66 66 96 1 77 89 58 95 90 42 7 24 18 95 5 31
13 62 99 23 60 71 42 57 27 38 93 82 15 0 3 90 16 16 35 35 72 50 25 33 9 23 43 8 0 19 71 63 94 76 81 41 33 56 4 32 59 70 81 10 0 56 46 29 9 93 3 57 86 96 10 57 97 24 6 81 24 50 88 42 35 28 56 71 97 97 42 33 60 77 77 88 81 15 62 36 18 2 61 97 48 77 14 5 65 16 84 28 85 85 77 62 51 6 50 45
81 54 38 12 74 50 95 97 32 89 39 50 34 52 47 96 87 66 9 0 31 53 35 48 64 90 1 54 98 34 10 1 31 76 13 27 0 71 30 99 90 5 37 14 39 100 99 26 36 79 55 22 73 48 32 83 9 59 73 56 55 75 18 86 6 44 100 29 39 45 4 67 93 45 98 21 74 71 39 74 89 16 9 46 7 57 27 45 56 91 75 3 86 10 27 43 0 66 25 71
34 62 16 36 23 42 6 4 93 55 35 81 65 5 41 98 52 70 67 56 61 78 58 27 73 59 32 28 90 71 33 17 91 11 8 97 47 72 98 86 35 24 89 60 16 16 59 88 70 77 19 35 72 26 93 96 80 33 78 4 46 19 63 96 76 65 84 100 15 70 94 86 4 90 47 20 48 35 45 80 24 37 28 35 79 100 50 91 80 80 84 42 47 85 10 25 73 66 13 9
14 81 88 36 67 87 59 98 95 9 4 93 21 26 85 38 28 92 90 1 39 12 10 48 40 49 87 82 64 37 18 53 67 69 9 53 99 13 39 90 47 32 77 56 30 10 37 24 83 94 55 69 27 24 40 81 93 26 86 40 83 57 24 84 14 11 52 19 27 37 84 52 100 64 31 28 10 22 91 41 2 91 2 7 27 18 29 34 13 66 26 84 97 65 42 7 34 18 64 64
55 84 51 33 97 68 57 87 78 90 90 15 14 16 73 55 18 32 28 48 60 56 11 74 100 2 21 70 39 91 20 65 11 88 38 41 52 99 87 57 79 56 99 37 68 87 7 48 57 15 68 4 40 78 90 27 99 39 15 93 6 99 100 92 53 10 29 72 4 60 74 43 33 31 29 79 86 24 33 78 67 17 25 44 18 77 37 41 54 98 67 92 40 53 68 3 12 57 51 21
24 78 32 62 12 35 55 74 14 79 13 13 27 74 31 60 34 46 62 21 68 89 89 95 22 25 85 45 24 65 99 34 3 91 73 0 50 84 97 42 40 31 88 77 56 95 98 100 1 49 28 37 61 9 68 10 65 54 58 56 68 11 81 52 78 85 61 24 98 45 47 48 48 42 72 30 98 71 99 9 69 60 68 51 53 83 31 68 36 50 14 37 11 48 81 44 77 3 10 13
92 88 55 68 4 55 5 32 82 70 35 52 33 16 34 43 2 85 82 92 5 48 29 52 78 88 90 13 69 63 73 87 24 6 61 70 44 23 28 37 87 90 49 76 3 85 87 63 86 5 86 54 8 39 43 60 15 27 17 21 82 17 5 38 25 10 35 3 78 22 19 67 30 94 69 29 71 0 33 75 30 4 29 83 44 65 46 0 52 10 63 28 26 47 82 29 8 70 89 73
29 38 22 8 41 47 84 92 84 23 93 55 23 78 19 72 19 87 94 72 58 96 10 7 48 96 49 9 62 72 82 61 29 8 45 63 23 69 64 25 34 4 94 27 12 39 98 90 69 29 79 61 56 1 75 24 24 87 11 47 17 49 21 26 30 77 58 40 52 53 90 13 85 36 56 95 100 65 3 37 84 12 2 50 76 76 38 98 33 58 30 46 81 90 40 21 9 13 31 70
20 0 52 55 35 18 88 94 65 25 30 54 5 91 23 85 19 8 55 58 18 82 0 76 12 24 80 58 5 24 79 37 92 25 15 3 54 77 44 6 29 28 86 74 55 30 68 76 20 54 12 85 67 99 63 39 91 55 92 41 65 41 8 37 21 34 88 73 48 96 4 40 42 30 30 30 15 18 52 19 71 68 85 55 13 31 7 3 88 62 9 0 81 32 6 73 59 75 29 10
80 11 3 62 51 38 46 98 45 80 60 26 97 29 11 88 39 86 88 75 56 29 20 71 100 73 78 12 40 32 84 98 74 14 1 53 39 44 27 88 80 11 85 83 91 91 38 75 20 23 53 36 31 41 21 54 43 91 96 64 67 67 77 75 37 83 65 48 11 46 0 2 11 77 19 58 78 30 20 0 85 34 14 95 37 1 8 80 75 4 1 37 11 62 45 20 64 24 31 2
20 85 69 38 17 76 10 42 69 36 95 44 86 15 53 63 67 85 57 94 23 62 94 99 57 19 43 14 22 5 31 8 28 94 80 4 70 58 99 58 55 26 13 71 69 94 72 61 25 32 26 75 36 59 42 79 3 30 32 81 9 6 99 32 8 71 41 54 39 30 43 80 99 43 6 63 28 49 14 22 79 16 38 20 58 73 23 100 5 75 6 38 97 74 37 87 87 2 50 22
10 86 76 63 66 12 87 98 69 98 32 69 5 66 7 97 49 9 30 86 30 22 50 48 71 69 32 15 5 33 82 74 77 92 32 55 24 55 95 19 43 33 50 37 100 3 63 79 38 56 48 19 5 7 6 27 64 48 87 53 74 2 60 59 87 80 30 0 82 83 5 86 4 85 87 81 99 35 82 61 81 66 15 66 24 48 53 8 17 20 46 83 34 56 37 72 39 49 66 29
94 79 39 88 20 51 26 77 83 61 15 17 61 84 85 30 49 99 39 79 2 36 64 70 32 24 74 79 75 79 71 36 57 60 78 6 98 6 13 44 60 54 94 31 71 54 27 21 98 51 68 24 53 89 56 38 86 37 99 26 23 75 10 32 83 43 100 21 87 41 42 32 0 48 43 58 45 81 87 75 47 33 5 48 33 15 57 38 20 46 12 85 42 40 60 28 78 56 8 34
8 67 57 77 41 30 98 29 8 14 77 55 74 85 84 90 10 26 16 50 23 75 25 52 70 72 78 54 22 85 20 8 35 17 39 31 55 14 92 41 24 23 20 27 45 50 24 28 63 69 94 24 30 46 41 25 67 13 17 13 99 86 42 35 30 60 68 44 54 11 2 38 32 78 60 40 53 24 51 95 51 49 55 90 15 25 37 93 72 20 86 31 44 85 11 36 66 28 58 87
74 89 54 23 26 92 37 47 36 23 86 5 40 81 60 31 32 3 34 29 93 17 1 74 38 91 100 86 89 75 31 90 97 64 70 99 9 80 84 68 94 10 8 3 38 39 85 82 34 60 92 50 35 66 65 20 42 72 85 81 67 47 97 96 21 80 18 59 85 60 47 30 38 97 89 63 17 46 8 28 36 90 17 31 25 97 55 89 60 29 80 18 4 96 85 72 37 90 53 74
36 36 0 35 38 97 70 50 65 83 23 46 58 2 34 31 88 36 1 70 83 5 87 1 94 75 74 24 32 91 61 79 72 18 44 55 2 73 13 96 45 35 29 43 96 74 43 27 25 85 47 9 66 74 48 20 12 10 96 53 92 21 27 82 21 14 17 18 33 40 68 80 62 38 88 76 85 15 54 12 70 98 66 16 69 27 12 42 25 48 10 64 87 58 26 62 34 84 22 76
96 98 60 41 87 13 64 8 20 13 45 19 50 12 5 90 30 23 3 22 14 43 64 30 14 50 99 47 92 69 93 88 68 68 4 26 49 63 82 81 62 30 55 95 9 66 47 44 46 6 84 55 68 26 78 66 65 83 20 80 24 52 65 88 59 16 46 62 13 91 39 69 47 28 7 11 51 65 79 93 30 58 81 83 59 47 45 20 64 50 42 18 46 72 65 92 14 94 17 52
94 86 24 9 37 74 51 74 74 88 96 1 46 94 80 28 73 80 10 31 77 13 71 63 66 24 33 24 16 75 74 60 79 100 1 42 23 22 15 95 85 82 18 49 2 31 85 60 39 37 63 27 35 3 95 75 16 71 75 74 91 60 66 55 10 8 25 68 97 72 93 49 65 1 68 3 31 63 98 9 65 45 91 93 64 68 64 68 26 66 0 52 37 27 8 88 45 20 100 38
46 64 16 20 99 86 88 32 42 87 58 59 55 24 65 75 41 53 13 78 86 85 11 0 72 19 41 49 93 30 58 63 52 75 83 96 69 7 58 79 85 76 77 90 26 18 19 2 24 41 87 41 9 68 23 5 91 59 62 64 0 45 39 0 86 1 64 43 27 7 30 49 51 75 87 82 34 31 6 85 2 42 87 99 61 28 43 82 77 54 79 71 6 71 66 61 71 32 60 48
0 24 89 3 45 18 33 70 55 78 92 19 15 33 78 43 63 53 1 22 99 21 97 53 50 56 34 73 13 7 16 89 46 73 89 37 89 49 26 35 57 46 71 77 94 3 54 61 36 82 58 26 50 89 21 20 23 34 77 49 59 1 33 66 48 75 100 43 33 15 60 100 49 79 9 71 57 94 45 31 76 26 69 14 96 12 8 28 36 47 2 72 37 97 58 36 43 38 21 45
62 58 11 74 94 26 91 63 67 86 88 21 94 57 69 65 91 89 60 98 74 42 52 46 8 4 49 16 74 100 76 91 21 20 54 15 17 41 76 76 9 100 47 4 22 49 78 25 8 85 84 40 75 5 66 34 17 51 45 68 75 93 6 61 14 45 38 62 12 7 79 43 73 63 14 24 9 48 36 25 1 17 40 45 82 1 71 45 69 18 91 62 87 1 96 47 52 3 84 75
70 87 74 86 53 72 69 98 86 22 65 18 69 100 16 82 18 65 80 74 8 44 23 35 30 44 30 69 29 98 16 79 92 83 27 60 51 58 91 95 14 63 28 62 81 65 41 94 49 33 2 3 32 22 92 12 39 15 90 9 88 91 100 72 44 51 63 17 16 66 3 20 10 84 56 78 84 89 34 88 24 71 29 74 99 31 44 24 56 79 76 50 28 70 29 23 23 60 80 43
19 38 85 75 6 49 99 90 48 78 40 66 63 60 94 85 14 7 16 43 53 37 30 79 66 5 57 96 17 76 37 94 72 21 98 68 26 50 76 45 76 27 46 20 45 41 5 8 4 45 27 38 47 100 51 60 39 73 47 75 74 65 48 88 57 33 31 17 91 100 23 58 41 71 57 50 13 32 23 11 40 22 72 41 72 27 60 16 43 97 20 1 55 7 18 63 60 53 60 89
9 9 25 33 35 3 91 83 47 58 76 81 56 35 3 89 72 25 47 64 83 72 66 72 73 18 24 23 93 12 20 60 88 98 33 48 60 2 81 96 17 56 58 54 25 57 66 74 90 27 45 79 89 38 80 62 44 16 27 90 7 74 69 93 100 25 57 23 95 73 35 6 38 20 87 59 56 36 42 8 55 21 46 23 15 9 0 21 67 82 48 96 74 12 22 10 22 25 28 37
40 79 100 82 95 0 68 77 42 17 36 60 42 10 6 68 52 95 31 89 47 41 94 50 75 49 35 65 45 70 8 32 22 98 51 56 31 1 38 15 69 58 67 55 97 3 2 88 66 63 31 29 38 93 48 86 32 96 84 31 66 19 24 97 37 34 3 40 47 14 0 38 30 66 61 49 59 63 8 1 3 89 44 65 4 71 77 97 31 90 44 48 13 20 97 44 4 12 35 29
98 38 72 76 98 95 77 38 24 61 21 88 46 35 27 10 47 3 80 36 61 20 70 93 25 49 34 48 51 81 78 19 47 22 49 42 46 93 90 23 92 92 29 35 18 93 3 69 76 5 61 13 41 90 15 9 18 95 74 68 72 16 98 54 51 75 39 51 49 2 2 96 91 98 99 9 6 91 99 98 36 100 64 82 56 97 43 18 64 20 90 57 88 54 29 68 17 72 99 7
36 12 18 35 8 18 29 96 85 77 94 2 59 61 68 72 37 38 97 4 24 55 80 31 24 66 55 76 30 16 67 37 44 89 32 60 14 75 95 84 33 50 26 32 0 59 28 68 26 89 93 16 38 44 73 24 69 37 64 68 75 41 5 75 40 64 58 49 46 97 38 27 44 92 86 78 50 63 36 96 1 36 69 56 97 42 96 27 34 8 78 7 12 84 94 20 99 35 47 21
64 99 35 71 80 73 33 15 95 37 47 38 68 9 92 44 10 89 81 68 76 58 28 31 79 89 39 85 25 25 79 37 97 18 98 49 33 25 49 80 92 35 88 48 95 17 45 48 2 83 87 93 87 59 89 15 14 51 24 53 22 57 53 69 6 27 18 58 5 42 78 60 93 32 21 67 100 24 37 65 0 54 49 4 28 96 30 2 74 64 99 13 87 75 16 44 85 95 7 76
40 32 55 29 62 62 27 93 99 53 84 75 72 74 3 8 98 72 72 23 51 43 43 25 24 62 74 15 35 77 72 22 3 97 22 97 100 53 45 52 44 69 30 70 72 33 28 9 40 75 31 28 88 45 2 65 92 24 63 83 100 48 90 24 7 3 63 67 70 88 98 27 46 94 79 49 89 27 12 100 79 33 60 86 32 21 90 40 15 53 33 32 7 11 98 40 51 69 34 31
63 15 95 9 35 0 65 31 4 19 87 47 8 84 26 38 91 69 49 77 83 93 65 88 88 28 36 82 44 97 25 25 75 53 13 26 49 3 46 94 24 80 96 65 94 64 96 65 96 48 30 54 80 82 93 15 29 58 75 2 82 63 18 78 63 10 39 20 15 17 89 67 27 79 87 2 89 91 17 14 19 58 52 53 99 68 69 92 59 70 53 91 50 53 9 13 16 25 48 28
76 19 87 85 70 81 27 40 75 36 69 6 3 16 72 43 39 87 39 82 21 44 76 94 11 89 4 42 61 2 38 20 98 7 34 47 93 57 4 38 92 84 64 73 57 76 84 21 54 44 21 13 39 42 63 47 36 63 18 69 15 96 66 0 3 97 69 4 74 72 88 57 43 32 51 92 10 35 43 27 25 54 19 12 31 97 8 59 9 75 56 100 35 5 8 73 70 14 74 75
85 18 46 30 9 36 44 76 56 64 97 45 42 41 88 4 88 89 63 21 29 1 0 72 100 38 24 48 56 77 67 40 0 55 81 40 69 25 64 23 40 29 3 38 39 73 75 6 9 76 10 81 19 11 22 9 16 75 5 4 45 45 76 50 69 72 72 20 75 89 72 97 64 56 12 62 47 92 18 34 7 27 86 39 25 51 24 10 65 33 79 51 27 80 99 28 32 94 48 13
69 79 38 59 98 10 36 83 33 5 8 69 68 48 85 46 6 28 72 54 11 87 70 17 6 15 77 2 25 75 60 2 9 71 15 34 42 37 86 30 19 51 41 15 31 59 84 76 30 81 81 30 14 17 39 72 76 72 89 2 11 80 93 1 18 70 8 43 70 44 40 79 99 12 70 26 51 30 77 86 4 75 10 63 40 60 52 72 70 39 51 35 58 36 49 65 38 90 19 43
96 24 65 46 39 44 90 32 52 76 54 65 90 6 39 70 15 2 40 58 48 92 67 84 37 64 8 15 37 95 78 63 56 50 61 68 43 33 41 9 23 71 4 80 40 53 89 81 74 40 83 44 39 6 21 80 8 56 3 41 8 64 61 71 94 18 69 73 38 55 12 1 56 66 40 78 12 12 4 93 63 63 41 47 17 76 35 79 100 31 39 30 41 89 70 67 4 50 29 31
31 85 29 95 45 47 91 57 55 77 37 17 13 44 43 11 80 43 75 78 88 94 17 36 98 0 63 2 64 36 47 93 78 22 91 30 60 2 67 56 11 19 36 40 66 28 32 84 35 1 62 82 48 95 3 39 38 66 96 66 6 36 4 16 25 77 9 38 7 18 66 98 61 39 94 83 30 44 15 63 98 47 71 9 23 9 1 18 13 48 60 55 20 78 33 76 28 74 62 72
57 28 14 23 63 100 47 87 46 40 24 36 91 29 86 91 21 49 3 51 29 23 11 2 37 91 43 62 56 82 36 85 19 41 23 90 42 99 31 34 6 42 60 88 17 45 28 11 30 70 64 89 20 36 89 3 56 28 77 17 37 38 69 75 77 98 76 62 47 3 24 88 73 4 48 14 71 45 51 43 100 2 6 92 65 28 89 81 35 22 21 56 59 80 49 66 10 44 32 93
28 15 10 90 87 43 18 67 88 17 33 37 64 58 26 84 70 69 30 26 71 12 50 27 39 35 64 42 33 57 85 5 75 71 44 96 46 90 54 81 73 79 16 85 42 8 52 22 35 49 93 81 30 26 38 85 38 100 63 10 45 48 92 47 96 41 38 11 71 46 68 49 87 99 5 74 75 10 42 83 91 50 94 78 18 32 47 12 84 31 95 37 71 26 52 94 7 49 18 77
44 48 76 45 64 37 53 98 50 96 24 65 92 65 90 58 94 9 59 40 8 85 29 12 6 45 52 30 23 0 20 50 21 82 37 74 70 16 60 25 97 4 30 30 67 96 46 22 93 62 92 3 17 63 91 57 100 30 28 49 83 18 70 100 97 60 96 97 84 27 8 71 91 42 83 41 38 44 10 5 44 62 72 41 83 26 15 46 74 51 77 64 63 96 45 77 87 74 31 10
7 34 33 74 44 37 70 54 54 65 89 100 8 61 51 73 94 92 82 37 71 68 22 26 85 69 25 36 95 94 43 75 89 5 11 49 58 49 9 8 69 54 99 70 23 81 79 40 30 35 41 37 72 7 57 72 80 48 60 37 29 34 81 37 96 85 93 32 90 54 49 12 18 7 93 39 86 25 79 94 62 84 45 52 23 28 100 20 90 16 38 59 86 11 55 29 63 82 32 54
80 15 43 86 53 31 42 84 26 33 85 74 84 86 86 1 25 97 15 91 60 87 64 66 35 100 51 1 48 73 8 5 81 8 76 83 71 48 12 94 60 10 17 81 42 83 8 5 93 90 93 35 4 95 9 19 83 89 52 1 29 11 93 41 27 86 12 18 76 92 64 23 62 11 34 21 15 32 71 90 73 17 43 48 75 63 52 66 93 83 94 87 53 19 31 36 30 78 20 98
83 44 67 21 60 12 71 74 26 63 0 16 45 65 4 49 49 5 37 10 46 57 22 86 56 51 18 35 38 23 25 68 45 49 20 58 39 20 25 33 54 80 58 54 86 50 81 26 48 48 25 13 17 67 41 1 72 29 55 58 40 23 0 43 46 43 47 44 85 52 19 67 38 39 80 87 49 38 65 92 89 55 62 80 55 49 73 58 21 77 98 23 2 100 4 2 1 29 71 7
53 29 75 58 15 38 92 17 77 30 84 68 19 32 33 72 83 15 81 60 44 18 70 79 89 62 3 73 7 87 29 31 77 14 43 8 73 65 18 18 84 90 7 78 66 23 77 60 94 33 85 26 61 94 0 45 84 94 71 98 78 97 97 33 0 87 64 100 26 29 29 25 22 91 91 24 85 55 49 62 97 46 65 90 58 4 83 84 47 58 16 18 45 87 65 26 11 58 14 30
42 88 35 55 5 54 33 86 16 63 5 58 65 50 31 30 75 34 61 98 21 63 5 52 71 65 42 46 72 1 86 61 55 3 54 33 82 55 92 4 30 19 13 32 47 19 45 50 73 86 25 40 82 87 66 77 31 64 93 13 70 83 79 55 44 63 51 30 6 100 96 40 24 24 59 28 37 3 98 58 6 0 55 8 6 28 8 80 22 73 89 98 72 29 54 17 77 70 95 62
