41 72 90 31 23 62 26 58 15 59 15 99 7 85 54 16 84 31 34 8 83 7 91 91 4 52 27 90 63 39 0 27 43 78 11 63 55 24 24 48 34 91 66 53 99 52 82 12 16 77 27 26 16 32 64 77 52 34 83 85 15 99 89 83 64 53 0 83 11 63 9 52 95 92 42 37 80 3 80 66 91 28 28 88 24 21 39 5 56 97 38 32 71 58 79 37 76 48 7 18
12 91 93 84 87 14 63 33 92 75 70 87 69 64 92 84 40 64 12 66 31 66 83 24 93 17 2 1 1 57 73 11 78 15 47 42 88 32 31 18 81 23 93 92 66 35 61 60 44 66 31 54 11 89 4 24 87 6 30 11 48 63 58 90 22 23 72 59 35 71 50 40 12 25 67 16 25 41 59 2 50 83 11 76 1 69 78 69 98 46 26 39 67 89 72 36 78 47 64 82
95 41 27 38 16 68 67 48 36 32 52 53 95 70 95 97 85 30 18 60 7 78 0 82 89 15 12 97 2 92 62 15 95 95 39 13 63 96 89 79 100 4 11 20 71 16 14 14 12 54 11 37 45 100 37 67 48 12 17 60 85 49 33 89 65 19 72 59 62 50 25 80 68 78 25 38 43 69 51 50 58 41 34 64 66 22 100 56 70 32 56 4 64 61 61 71 16 83 49 20
29 41 10 69 86 22 47 40 9 15 74 61 56 48 74 84 52 78 98 85 10 45 51 11 9 35 11 90 57 29 19 62 85 26 40 98 15 80 76 11 12 65 32 85 78 22 63 96 73 38 0 29 43 52 81 100 88 32 55 43 25 5 82 90 6 47 97 35 92 70 98 73 53 75 74 79 73 37 11 5 64 45 52 61 39 44 20 83 63 98 55 88 2 63 51 29 76 47 99 72
75 18 98 68 83 37 48 15 11 10 17 7 66 40 87 48 7 67 25 76 73 13 36 85 75 1 38 50 20 56 99 73 94 70 68 91 15 52 37 64 80 40 95 8 15 39 59 14 84 40 93 26 41 10 68 97 50 68 23 52 41 36 94 26 61 23 37 40 83 40 13 50 39 35 4 10 14 31 71 6 74 36 72 61 37 75 12 29 3 35 23 71 20 67 71 21 11 68 84 24
59 8 82 35 60 60 1 3 20 39 68 83 93 6 23 72 22 1 65 71 94 43 39 55 32 17 76 83 72 66 49 40 25 40 30 75 6 69 47 17 86 84 29 15 72 93 52 40 66 13 95 17 32 0 32 25 29 1 37 85 19 37 88 36 34 73 99 98 62 99 36 83 25 3 18 24 42 28 80 37 90 95 77 73 14 5 87 68 66 82 35 2 87 36 63 0 22 74 86 2
13 22 81 50 36 62 44 74 15 43 20 43 92 44 99 67 45 79 70 23 4 25 22 0 32 69 85 41 95 97 54 73 70 69 28 59 19 100 96 17 42 62 42 75 8 15 46 77 99 16 53 36 70 3 54 12 69 30 56 41 44 65 30 96 64 49 19 3 31 51 71 53 27 24 3 85 55 13 23 60 29 62 79 24 57 61 57 65 1 76 3 28 54 0 81 80 56 81 61 40
90 25 46 35 0 52 23 85 35 22 57 97 89 30 14 17 37 57 66 33 19 89 49 73 10 23 87 56 88 18 15 39 18 90 0 24 53 60 25 78 80 87 62 72 96 38 31 39 96 58 63 11 27 26 93 97 69 45 48 51 50 43 25 95 2 66 15 43 100 28 61 35 43 75 36 56 61 31 42 96 10 25 76 21 50 30 82 98 82 3 59 58 85 37 34 71 20 89 47 53
38 57 24 20 36 69 74 75 63 77 85 11 75 22 37 89 21 12 34 84 6 79 96 59 63 49 76 52 24 56 99 86 55 26 14 21 82 71 77 5 14 96 34 32 19 73 36 87 27 27 98 62 9 80 21 68 38 60 71 41 86 82 62 43 58 5 99 76 24 76 1 96 51 23 48 65 14 83 48 23 77 24 45 7 93 52 2 96 67 17 26 25 28 60 61 6 85 13 42 48
33 46 67 70 32 92 42 73 72 24 71 65 20 66 8 26 100 95 75 34 89 31 59 62 55 26 35 91 14 9 79 85 67 59 79 95 74 56 58 92 51 66 39 70 26 75 17 20 55 36 13 100 44 72 60 42 66 77 94 92 18 15 97 19 60 86 8 26 47 75 96 94 81 17 94 37 4 6 94 92 10 48 20 66 64 69 2 54 5 97 70 99 68 29 60 5 15 52 92 98
13 52 22 43 39 52 73 32 30 56 4 73 71 26 72 78 19 68 68 48 59 64 91 3 20 76 61 75 15 74 100 34 18 19 17 59 63 5 2 14 57 85 100 18 55 69 100 23 40 94 100 73 65 48 26 36 15 20 83 95 84 3 40 99 2 36 98 74 88 97 64 36 0 95 40 79 77 70 74 98 52 79 100 85 41 76 98 65 56 2 3 18 47 62 74 69 48 61 53 10
98 33 77 91 35 18 59 58 25 44 82 82 64 41 37 45 83 20 6 80 90 64 6 64 27 7 34 5 30 40 81 30 81 43 5 55 77 87 29 41 72 97 90 31 18 40 15 60 13 19 38 46 71 94 52 36 53 13 32 57 70 97 20 100 77 79 33 34 35 52 83 5 99 30 6 23 24 60 5 40 74 77 36 57 62 37 14 86 35 81 86 72 1 76 21 35 72 58 38 76
55 65 25 79 91 73 34 51 9 19 44 51 33 92 6 35 89 96 50 28 20 9 7 73 1 5 92 71 79 14 82 27 80 32 96 2 84 95 7 4 32 5 38 20 11 59 23 20 27 90 94 22 18 92 51 79 54 54 54 44 76 85 69 35 26 14 87 43 76 53 13 25 6 89 99 88 39 74 85 78 14 33 90 0 39 68 0 77 27 56 35 14 10 96 81 3 3 29 19 78
79 31 82 71 35 73 0 22 72 5 46 48 27 68 94 9 55 65 0 83 34 1 21 94 95 17 45 46 94 94 27 83 28 24 78 26 72 99 67 98 50 80 23 44 97 84 20 20 61 72 57 29 53 47 70 39 71 70 16 48 38 50 71 72 10 11 61 66 99 16 4 60 95 48 91 27 34 47 84 5 67 72 62 86 48 38 26 6 71 30 89 87 23 54 22 71 97 26 8 49
8 8 77 8 19 33 21 15 47 7 11 40 19 25 36 55 51 65 92 17 78 47 29 38 6 50 84 42 40 56 7 12 74 63 22 31 71 25 48 10 11 4 40 25 66 25 87 20 62 45 64 6 26 31 57 9 30 57 20 61 26 54 10 58 51 99 19 96 65 73 56 14 62 39 12 23 5 40 92 36 56 26 18 94 3 15 96 5 51 97 84 37 100 4 5 66 44 37 60 85
74 39 38 58 75 72 87 41 37 40 63 98 51 54 4 89 99 33 10 16 19 16 34 5 88 17 62 48 57 43 78 3 85 98 3 60 81 68 1 83 81 89 44 68 67 76 43 26 83 66 90 90 95 78 67 49 16 90 3 70 69 37 100 55 13 33 66 64 20 9 40 16 61 37 67 0 31 32 17 93 6 18 93 64 0 10 66 7 13 27 42 56 7 21 67 68 50 11 78 27
56 75 87 98 24 49 98 78 18 4 55 37 13 41 61 1 41 84 54 99 80 32 95 40 65 76 44 45 92 31 50 12 21 16 94 17 89 12 50 66 49 51 66 2 56 49 27 85 14 52 83 60 0 70 62 44 54 81 1 46 34 25 49 55 93 95 6 67 10 89 93 73 42 20 20 97 89 18 89 14 77 58 29 0 52 15 59 9 95 82 88 22 18 79 18 20 63 72 95 99
100 76 2 51 17 98 29 44 40 29 69 58 65 91 58 63 59 95 58 91 68 31 87 51 14 30 57 5 28 25 4 49 1 56 45 86 24 4 80 87 67 58 47 78 99 49 10 16 33 15 68 70 17 90 28 22 43 88 23 77 56 38 94 82 51 4 29 48 10 41 18 50 47 47 78 100 95 1 22 35 15 37 74 17 93 100 26 19 16 34 49 63 58 69 4 23 71 60 22 55
70 31 87 41 34 13 64 35 81 31 29 45 27 37 33 73 18 45 0 73 97 45 32 85 11 1 5 84 6 90 19 56 95 7 80 56 78 46 65 96 41 49 94 44 29 44 46 84 48 29 11 48 6 17 72 22 60 99 87 39 49 27 27 69 34 50 43 89 33 47 41 38 90 51 3 69 14 63 39 0 25 99 86 27 53 84 2 67 61 26 37 64 63 83 75 62 13 9 2 59
46 99 34 81 89 72 16 96 85 100 96 66 12 43 37 12 54 97 73 6 92 63 65 73 28 71 79 99 23 88 39 38 61 20 27 4 44 42 25 33 47 51 64 28 22 59 49 53 30 16 76 17 87 53 76 71 87 95 93 90 80 93 16 99 23 7 35 94 74 7 2 73 85 88 41 87 58 94 92 64 25 38 76 64 99 59 18 23 36 79 54 100 88 46 19 77 41 17 34 92
89 70 38 56 45 64 32 56 4 27 16 75 100 51 43 38 71 65 44 48 35 31 40 42 8 45 8 62 49 54 54 96 65 46 30 99 13 62 100 54 95 40 25 73 53 60 26 31 18 32 20 69 75 89 17 96 83 93 98 49 39 69 29 87 53 86 4 51 94 89 26 95 20 64 53 58 72 97 49 71 22 84 12 92 33 77 1 81 60 12 75 1 93 59 17 64 97 31 18 71
85 6 22 59 21 61 5 97 53 16 31 30 79 1 87 3 27 3 41 16 47 67 86 80 82 94 77 10 55 54 62 92 79 26 86 26 76 62 96 74 76 22 37 61 77 12 4 62 62 94 76 92 78 48 75 79 87 69 37 86 93 56 56 56 33 48 55 10 93 75 58 38 1 97 37 79 78 80 16 30 61 38 13 97 23 88 96 14 93 84 87 43 42 44 39 3 33 82 93 55
59 15 4 24 16 81 99 41 86 34 36 40 18 93 10 56 8 16 14 13 3 15 98 80 94 63 72 15 63 48 37 46 65 19 59 95 94 8 94 26 45 23 19 78 14 21 51 86 12 57 79 59 79 45 21 99 19 80 72 11 8 47 3 89 32 3 51 37 37 25 42 59 84 80 36 50 77 86 68 57 42 30 44 39 21 35 34 80 91 11 35 26 41 7 15 83 97 100 70 20
55 39 58 7 31 88 12 94 16 43 6 58 38 36 96 35 86 93 58 0 34 85 64 15 6 76 2 66 50 1 68 44 99 33 61 20 0 51 11 91 37 20 67 38 17 29 77 32 96 20 49 84 8 84 100 79 17 6 25 44 30 19 94 60 66 37 100 43 49 75 59 61 75 50 19 46 73 5 6 47 39 43 92 19 57 37 70 12 10 76 64 27 16 58 63 14 13 51 81 91
66 53 59 10 21 81 96 40 52 62 100 49 21 59 71 17 71 78 86 100 5 18 46 4 98 21 90 7 87 53 38 36 8 33 20 50 34 81 31 47 45 54 7 99 69 16 62 73 15 4 13 56 19 56 79 47 78 92 14 92 94 54 62 36 8 79 42 43 34 4 8 63 58 68 2 13 17 24 84 88 14 20 38 72 21 71 97 95 89 30 28 0 96 22 69 71 48 84 76 95
83 94 78 19 44 58 18 92 86 27 67 87 42 5 72 8 30 31 44 73 12 80 68 25 65 89 66 33 64 37 10 84 46 85 73 88 15 65 75 58 70 1 71 93 54 3 77 46 57 70 92 48 19 50 99 30 69 16 55 15 51 97 46 16 62 66 5 85 79 77 67 0 20 5 41 6 74 26 71 98 59 25 22 83 81 17 78 9 52 0 72 66 59 70 87 37 84 19 43 3
47 34 45 70 17 8 16 81 8 70 78 6 54 75 46 50 87 88 31 4 69 82 9 21 2 6 36 51 64 28 62 63 0 18 21 20 29 48 75 3 90 86 89 94 61 87 64 75 82 2 73 81 14 20 18 25 3 3 99 12 51 74 45 85 5 6 57 5 62 21 15 93 28 68 85 96 29 8 70 32 58 78 8 73 17 77 59 60 72 12 53 98 62 25 4 67 45 9 70 16
52 90 73 60 43 48 37 72 21 6 16 52 2 97 92 99 31 85 60 71 38 7 23 95 22 99 72 92 90 82 45 20 35 82 85 59 11 46 12 27 58 96 77 41 79 20 98 90 30 22 100 98 80 56 87 66 12 49 84 3 63 49 62 81 89 49 28 18 16 45 47 55 99 22 33 19 65 66 55 100 97 82 78 93 40 44 13 80 75 54 67 5 45 86 64 18 87 24 69 35
49 4 13 62 99 1 67 74 38 0 48 21 79 84 85 1 72 31 81 2 0 79 38 44 96 96 29 99 85 11 74 98 95 22 58 89 97 30 96 99 66 76 13 45 68 48 28 26 88 44 7 56 27 39 55 75 57 89 1 93 6 44 29 44 61 22 43 99 26 40 48 55 63 75 97 36 14 76 11 2 100 3 49 12 89 19 2 34 98 45 98 73 82 36 4 88 19 76 15 39
9 4 0 23 62 73 14 86 22 43 19 8 21 19 79 59 13 8 78 84 92 17 50 38 57 43 29 5 35 2 12 71 19 76 37 21 99 83 8 32 1 37 42 97 73 77 0 96 84 49 79 5 92 24 57 53 45 1 64 28 21 31 86 12 20 62 41 10 88 24 89 53 31 1 63 23 78 36 76 54 99 84 49 46 4 58 46 26 76 88 66 26 30 86 72 39 82 29 45 30
15 53 28 90 95 57 56 5 76 85 61 83 53 87 97 11 77 61 62 44 91 5 92 43 81 56 96 42 0 2 32 2 85 78 16 27 75 2 48 58 5 99 14 49 15 70 40 13 4 98 25 49 61 43 37 67 29 53 60 81 45 73 66 57 20 20 9 99 44 44 49 70 70 52 34 38 96 31 36 18 65 28 7 81 32 28 79 3 84 67 71 43 19 65 42 90 95 69 22 89
36 12 97 41 39 47 92 73 56 90 1 87 68 3 54 16 70 2 13 42 89 24 13 34 100 3 11 45 17 80 80 8 98 97 28 60 67 69 11 3 6 1 29 81 20 25 2 72 15 40 72 25 97 21 29 25 36 8 66 13 86 33 17 42 81 97 65 45 53 7 11 45 61 79 92 7 55 15 46 21 45 88 86 51 46 79 83 85 69 89 96 63 86 30 89 94 7 36 26 48
45 26 41 79 86 97 7 22 54 9 46 17 11 92 25 82 13 15 47 46 17 57 46 57 85 65 50 58 94 9 54 13 27 32 55 75 88 53 40 1 86 27 71 15 19 53 96 29 64 1 19 91 71 93 15 56 40 97 61 92 53 74 16 97 8 4 54 28 37 2 49 98 26 0 64 61 64 80 64 67 38 5 98 85 18 0 83 98 100 5 62 87 30 65 26 27 69 69 16 70
2 1 83 31 46 22 42 95 36 18 85 38 38 42 93 90 16 23 72 47 45 70 3 79 7 14 54 23 8 37 28 6 14 21 72 26 82 86 91 39 53 8 17 44 73 36 63 20 9 94 31 85 13 12 70 47 14 7 0 92 49 59 34 54 18 65 13 53 26 32 87 78 51 23 14 4 41 42 40 52 53 90 11 68 24 75 63 11 92 19 82 5 94 56 13 51 42 27 56 0
60 30 60 15 44 26 96 23 58 98 11 24 5 48 74 0 44 46 5 24 69 34 72 48 49 21 44 32 20 34 78 72 73 79 82 46 37 18 95 14 43 55 49 48 59 48 61 90 36 76 97 66 75 60 34 83 58 46 50 9 27 97 9 79 26 88 38 54 74 77 17 47 17 33 7 59 59 2 89 85 46 35 71 52 0 87 69 34 31 90 8 2 74 80 18 74 48 24 58 38
90 87 19 42 0 97 55 64 52 92 65 62 76 89 10 52 47 60 50 9 84 98 31 37 46 44 42 23 32 39 43 34 88 61 33 19 66 7 72 37 7 51 20 77 34 0 84 43 65 42 26 85 11 51 21 81 36 81 5 72 29 50 11 63 48 24 72 14 22 20 63 89 86 37 43 50 12 4 19 9 79 97 7 87 13 8 79 49 50 55 58 70 85 23 34 18 81 34 14 76
100 5 90 36 98 9 75 99 99 80 19 63 26 84 13 90 77 88 99 64 19 3 55 61 63 57 67 38 67 15 28 76 36 50 90 43 30 3 45 57 86 95 8 43 71 41 82 12 65 16 28 92 81 19 18 71 54 86 72 88 94 5 76 15 56 98 86 26 31 66 38 48 46 6 65 82 20 3 53 92 45 47 8 33 45 12 75 51 8 16 2 42 46 63 61 88 40 43 56 90
68 15 29 28 86 87 32 58 22 10 49 94 54 32 27 45 18 23 97 51 2 39 56 21 64 64 23 13 71 22 5 30 24 69 38 34 56 40 6 44 97 8 42 77 6 31 37 54 50 10 68 33 91 41 45 90 28 39 70 74 70 24 66 63 6 56 20 15 42 59 58 100 89 49 16 55 50 49 96 75 55 21 7 19 73 29 59 95 83 64 8 52 61 89 66 75 79 22 86 12
85 76 71 66 13 18 90 64 89 65 2 61 31 39 34 100 94 83 50 74 85 95 31 29 81 88 99 45 98 90 10 98 77 42 92 71 2 61 97 78 55 52 7 77 83 18 66 39 29 19 73 26 24 87 53 23 47 3 35 9 59 46 40 7 41 50 22 71 72 39 17 47 0 60 18 16 55 35 21 29 11 24 5 37 28 28 60 27 78 28 45 53 70 39 60 88 9 85 44 48
95 34 4 17 62 13 83 43 81 25 81 9 88 92 99 78 92 59 46 9 57 9 38 39 95 78 53 96 71 68 33 88 59 66 90 40 91 62 32 3 28 77 55 38 22 73 75 63 35 3 72 91 99 5 53 46 89 83 88 66 13 3 51 86 83 64 40 27 95 31 11 0 82 100 54 67 57 33 0 14 78 78 29 38 51 37 28 77 30 37 80 49 20 29 90 58 43 54 54 63
95 8 52 46 100 20 85 78 18 3 64 48 60 19 71 69 90 60 42 21 57 74 69 60 8 10 2 21 53 80 86 61 75 77 18 44 34 4 28 71 69 72 24 55 34 14 23 59 13 47 30 5 13 66 18 13 62 46 75 75 53 58 52 70 43 30 7 28 87 94 99 42 4 45 51 85 75 5 91 25 66 42 59 22 46 89 2 35 43 99 29 38 25 91 71 43 30 95 28 3
39 50 57 33 85 57 80 85 56 3 92 33 41 80 80 27 83 18 49 72 13 90 37 39 78 49 86 92 35 14 80 31 97 86 92 82 53 38 14 26 18 99 5 53 96 86 84 11 20 99 72 55 77 64 88 99 54 48 78 64 32 72 34 56 30 91 69 4 26 8 37 85 74 99 95 42 33 49 58 39 94 100 66 100 93 16 75 71 29 76 4 90 0 64 37 30 88 47 79 81
2 26 0 53 26 64 37 34 43 86 91 18 74 95 33 93 81 7 67 50 76 20 89 85 62 0 59 0 93 17 46 47 42 50 99 22 53 51 23 30 52 69 52 73 36 55 38 7 11 86 41 85 91 23 85 27 3 92 59 47 56 4 1 76 53 73 59 82 48 58 69 37 27 8 81 35 83 3 42 87 47 80 0 38 12 100 40 100 65 70 0 14 70 66 37 54 40 95 71 5
54 40 90 64 28 16 19 92 58 49 52 86 56 51 20 22 18 39 2 2 2 52 47 3 62 50 89 17 17 48 75 4 44 3 18 39 69 50 62 91 12 96 52 21 22 64 32 73 6 68 95 40 60 83 15 42 86 37 97 93 86 29 75 11 49 48 65 1 94 51 55 13 13 51 84 41 81 32 11 97 45 45 80 40 59 21 45 17 28 99 78 72 31 45 96 87 13 98 13 19
15 94 54 75 84 1 63 36 32 10 46 36 94 68 61 86 31 55 60 12 48 89 30 87 68 23 27 75 27 73 13 38 75 63 60 84 63 54 40 12 62 2 54 2 77 47 69 68 29 56 45 89 32 31 75 51 24 75 61 3 11 93 38 21 43 24 97 45 66 6 38 91 79 100 2 73 46 68 55 54 96 8 98 94 78 44 94 3 94 56 9 94 1 67 50 28 77 31 27 11
96 62 13 73 24 29 13 23 61 9 60 51 31 33 49 18 37 61 61 77 88 36 45 72 98 43 8 62 23 15 19 81 87 61 16 38 5 6 6 85 79 37 18 19 26 89 21 21 1 82 89 36 91 24 19 52 62 68 22 8 28 87 5 43 41 40 91 0 75 13 37 27 72 53 67 78 51 13 73 75 74 12 33 36 94 16 48 11 41 25 7 64 4 65 57 90 18 98 50 30
6 17 81 14 62 97 36 55 10 28 35 13 69 50 52 73 28 51 68 75 6 67 73 28 82 74 93 65 83 92 81 66 83 45 86 20 5 26 53 99 71 20 37 47 95 42 95 61 80 83 64 42 28 95 100 29 51 79 91 63 98 15 65 39 59 23 55 89 85 28 16 52 71 11 85 40 7 74 95 8 32 19 67 38 8 87 39 9 1 58 92 51 12 60 14 50 30 13 26 13
23 42 67 35 0 20 37 29 1 38 4 51 58 86 74 34 63 17 16 69 7 23 26 93 22 90 12 6 5 20 0 32 83 0 3 19 15 4 96 36 20 30 57 79 86 60 38 94 22 68 91 25 63 96 71 55 3 55 33 43 81 78 8 10 31 90 56 50 95 49 79 71 22 56 11 55 12 41 59 93 64 23 76 43 25 96 6 90 84 81 48 50 35 93 87 8 83 78 57 87
54 82 24 39 16 76 78 4 66 76 64 86 78 76 57 49 62 12 17 25 5 58 76 77 4 91 7 64 89 86 33 6 27 99 83 43 85 61 16 100 15 34 19 4 91 8 73 19 23 21 65 67 70 49 81 40 86 31 96 43 84 3 74 27 26 12 55 6 15 44 41 3 89 60 81 85 71 3 85 38 50 53 52 22 27 66 67 99 61 7 69 89 81 94 76 79 80 31 34 72
29 27 8 94 95 89 32 38 31 82 59 25 99 45 58 66 9 27 72 54 86 26 25 51 93 32 75 49 74 2 80 46 49 98 43 87 2 30 27 75 24 39 61 15 9 70 11 35 29 6 63 43 38 48 31 64 2 72 46 90 20 52 27 28 10 90 47 35 94 7 92 59 5 63 74 42 60 58 74 62 27 70 75 3 98 76 91 20 34 45 43 14 18 32 47 30 98 83 96 99
21 80 18 63 73 97 69 47 70 38 79 29 65 60 22 49 70 32 48 33 28 97 3 6 97 3 58 26 49 37 67 80 39 25 28 59 80 84 20 88 83 68 56 82 70 54 89 92 31 43 23 19 30 1 80 33 51 53 100 72 16 31 17 91 45 1 75 44 72 97 86 93 5 43 36 29 14 57 39 40 40 53 16 36 75 67 2 68 52 44 83 42 31 17 88 78 65 59 16 81
59 6 57 45 62 48 35 90 30 4 94 96 72 11 92 70 41 95 25 21 99 98 86 38 67 24 63 65 75 36 100 84 87 37 16 15 60 48 69 70 93 48 76 51 84 54 82 38 28 98 31 29 29 3 81 36 25 9 39 40 57 2 91 80 69 19 72 96 35 42 82 55 67 49 44 98 20 81 90 25 19 19 9 23 65 30 31 29 22 15 59 72 59 26 52 50 63 86 78 35
87 46 32 96 74 10 65 51 84 77 21 90 10 54 20 1 21 61 18 12 88 39 12 49 40 64 81 57 23 96 100 98 62 59 75 12 99 86 75 81 39 52 13 70 17 99 59 77 33 27 23 53 78 44 59 85 18 51 26 87 76 33 14 70 89 18 64 47 21 97 10 33 100 97 84 44 3 78 58 29 90 99 43 19 63 94 45 27 54 52 82 59 54 69 20 27 12 22 33 79
91 71 47 45 18 31 76 25 86 26 89 2 83 30 11 25 72 84 65 8 61 71 86 67 29 19 38 33 56 57 7 85 51 46 49 75 66 98 6 2 80 20 9 82 32 9 80 89 3 58 15 42 96 80 39 43 37 91 59 17 97 55 92 1 59 13 43 97 0 19 32 50 68 52 32 64 61 0 23 24 51 40 100 42 37 93 53 51 95 27 82 48 77 43 77 7 92 90 91 90
18 71 2 42 58 66 53 51 62 62 67 64 55 17 57 15 33 35 9 3 89 96 50 80 12 44 51 33 58 89 13 31 9 2 41 81 54 56 35 37 77 98 67 86 69 61 28 50 69 71 19 94 81 63 99 69 59 91 90 56 18 68 85 22 78 35 39 71 23 5 53 28 4 16 44 95 17 55 84 100 83 55 100 25 89 41 24 5 18 17 92 98 93 84 85 88 66 93 76 0
2 94 18 70 26 33 49 45 50 41 96 73 73 83 43 98 27 100 6 90 45 29 6 71 51 42 35 8 58 76 16 99 12 57 95 14 33 88 63 27 42 88 69 46 71 37 40 6 33 17 10 69 14 20 62 100 55 29 53 20 37 32 93 98 75 74 73 57 10 17 6 37 12 78 87 90 43 22 5 9 40 74 85 78 12 68 20 25 76 40 43 74 51 75 45 74 9 76 77 20
65 52 77 16 70 19 58 83 87 100 66 42 82 33 89 65 86 95 33 87 48 23 71 20 9 70 94 45 7 7 64 13 87 16 34 45 32 46 8 9 17 39 90 47 92 33 63 57 58 15 76 77 86 58 14 85 38 62 11 18 77 73 68 0 92 94 16 48 6 43 20 56 0 77 37 46 21 95 87 57 87 82 48 82 10 69 37 7 33 50 79 1 84 60 55 68 97 74 13 38
40 24 39 47 67 38 79 100 60 6 61 6 96 59 18 72 77 98 70 67 43 16 1 94 82 68 9 40 61 38 62 58 94 91 0 52 3 29 72 98 66 5 86 87 82 43 2 46 39 50 20 61 82 21 33 85 96 44 13 85 96 4 18 75 29 50 28 27 41 99 89 3 89 49 36 49 66 23 69 44 97 89 25 73 63 97 33 85 47 84 84 62 32 95 2 26 71 25 5 29
55 62 75 47 16 67 7 6 5 2 93 28 79 14 84 73 20 9 81 19 91 19 17 16 65 48 41 42 60 29 58 75 19 79 57 80 37 45 8 84 20 91 97 3 24 77 61 14 69 21 20 35 91 75 42 47 57 39 29 32 61 98 93 73 60 53 66 30 64 78 40 88 29 5 68 14 54 51 74 42 90 24 16 51 68 74 38 82 26 37 91 18 45 30 61 77 30 0 68 7
17 38 83 68 86 96 40 19 35 87 25 79 39 56 27 16 92 25 26 27 73 33 29 52 36 85 36 14 40 58 70 42 70 15 68 7 81 46 30 89 93 12 68 66 98 34 18 94 64 71 83 53 55 89 39 20 95 78 34 49 85 71 85 10 58 37 77 7 56 83 50 14 79 91 61 97 65 60 50 36 38 46 85 53 80 73 80 16 87 17 9 99 85 84 67 64 32 97 31 4
56 18 51 18 63 99 81 96 66 15 35 37 4 13 16 94 92 69 91 27 69 98 25 40 96 49 9 36 14 2 22 50 23 46 25 70 80 62 41 39 82 54 4 41 32 98 86 98 80 70 57 66 76 68 59 85 82 87 33 54 20 76 29 53 79 24 77 61 14 55 53 2 77 99 45 6 79 80 26 23 64 94 0 55 20 1 46 39 59 30 27 77 57 65 98 86 82 10 64 43
59 35 74 45 98 67 14 69 20 58 58 34 85 100 35 80 17 4 63 73 96 19 6 24 7 95 99 74 36 24 81 49 76 95 50 56 81 8 43 45 19 13 22 14 72 29 98 98 98 50 3 53 35 26 58 72 65 78 10 96 36 84 66 35 36 68 87 57 17 31 90 80 51 4 68 60 74 51 83 8 48 31 53 74 97 25 61 89 95 75 69 40 41 74 27 59 82 25 95 71
44 93 98 64 21 51 47 22 82 10 12 43 11 53 11 58 98 24 98 84 79 21 37 51 9 74 50 32 9 96 73 1 34 40 56 46 40 58 83 28 71 30 66 24 56 31 58 84 14 15 93 26 43 48 86 98 89 98 39 76 39 6 62 7 21 48 2 39 47 30 51 14 50 24 7 37 33 10 59 80 36 65 52 12 92 93 31 95 56 5 76 36 27 71 79 44 47 36 67 43
4 82 84 38 35 37 78 23 53 24 84 60 75 29 45 84 71 74 63 42 41 67 76 46 67 84 5 11 33 44 94 4 37 35 71 88 26 44 16 16 71 37 52 46 82 81 9 78 13 89 26 51 27 56 63 52 1 25 20 91 68 1 34 56 51 24 57 34 100 59 9 88 66 82 73 84 37 71 43 25 75 62 4 69 1 58 56 59 20 79 3 86 88 68 2 40 24 53 79 14
83 74 50 15 68 86 45 69 32 66 71 12 59 33 23 41 79 99 85 89 22 61 99 87 55 36 4 53 23 79 66 13 96 99 16 49 83 48 14 40 55 0 82 25 13 35 23 20 76 22 63 74 17 79 61 95 44 91 26 1 37 96 13 75 24 16 37 25 55 97 0 38 18 22 36 54 100 7 87 26 35 46 50 88 42 30 49 4 83 63 71 93 32 86 25 26 18 55 68 67
52 86 26 78 89 92 98 54 79 18 24 57 75 5 28 51 97 57 1 21 28 76 92 47 26 52 59 84 42 64 41 56 12 64 81 54 64 4 100 90 2 34 46 55 21 67 90 70 29 84 19 18 70 14 91 6 12 86 98 18 54 33 56 64 16 81 4 88 100 94 10 22 100 36 59 62 14 1 3 18 7 78 35 92 28 69 8 30 87 22 47 75 42 43 96 58 59 91 98 8
76 29 3 7 67 24 13 33 10 47 13 38 8 13 45 11 29 13 78 69 14 35 97 58 78 55 10 31 49 50 39 55 6 13 75 6 63 62 3 66 55 35 16 95 92 4 55 73 21 34 43 36 27 43 32 52 86 43 48 15 18 52 37 39 56 70 31 41 61 47 74 43 57 89 75 1 50 57 81 67 47 93 76 75 27 38 8 51 1 83 88 11 43 61 61 27 90 48 85 84
58 56 49 44 90 29 26 85 88 87 51 38 31 45 40 66 31 5 40 39 56 50 85 40 16 54 76 87 59 99 24 62 0 54 39 62 39 94 84 54 19 76 7 16 26 78 58 11 15 93 100 74 43 59 8 22 75 51 94 42 50 37 9 33 18 26 36 26 30 62 44 39 98 93 19 42 4 30 42 97 28 69 6 5 80 0 30 5 47 29 36 87 43 75 9 81 86 11 75 30
84 36 61 94 42 25 19 9 98 38 70 21 29 19 62 54 69 21 35 96 79 95 77 38 45 29 91 78 94 8 12 55 79 9 22 6 53 7 10 26 87 89 39 80 58 11 50 84 39 94 3 3 24 1 4 7 48 4 61 1 54 53 49 69 89 15 20 6 42 85 79 7 53 36 4 4 55 44 90 7 79 77 47 99 64 78 82 2 93 25 85 36 92 76 53 100 26 66 21 37
70 44 87 80 7 96 30 44 87 28 73 59 52 78 50 58 75 57 97 78 46 62 77 33 56 63 58 87 1 73 34 68 94 82 44 28 97 8 46 0 0 47 51 62 64 58 0 18 47 70 78 24 28 76 39 57 27 27 78 51 32 14 26 66 75 70 54 23 87 82 71 47 93 56 52 51 47 21 73 61 8 68 30 73 46 47 15 56 23 79 11 44 84 74 99 86 34 99 31 98
30 25 37 13 30 73 97 55 52 50 1 0 88 20 20 23 14 14 85 9 34 72 52 67 79 77 6 22 10 73 45 30 2 100 45 42 39 42 24 97 37 77 42 87 64 70 65 85 34 68 49 89 45 19 59 22 25 30 67 54 71 83 10 9 2 20 62 87 65 58 84 98 98 5 11 76 91 0 91 54 29 91 49 78 90 61 65 32 100 59 79 86 49 2 44 26 71 28 37 64
5 48 65 66 21 61 56 36 71 30 41 17 72 98 19 87 92 78 91 61 55 66 22 42 54 10 95 100 14 27 8 14 19 61 64 13 74 59 91 8 14 66 30 94 30 2 10 81 69 79 60 100 31 96 94 32 49 14 62 44 15 62 10 80 71 88 84 15 99 93 71 76 61 25 34 58 20 88 74 57 99 55 83 77 36 21 42 56 56 74 38 13 99 61 76 70 49 86 46 76
43 76 72 24 66 26 83 83 52 81 50 39 63 32 7 52 51 12 72 5 62 66 83 82 41 88 88 33 96 61 5 35 44 98 59 46 35 77 35 44 80 79 96 71 37 16 43 1 45 49 27 55 74 52 43 68 53 62 86 26 56 18 60 14 71 91 90 34 47 94 33 2 52 20 16 5 85 95 51 11 1 53 99 100 47 17 30 94 30 65 91 13 56 19 4 37 35 20 48 35
35 13 15 52 100 84 29 56 79 74 54 81 92 92 3 71 31 14 67 86 13 58 24 21 62 7 86 90 31 68 22 100 29 81 98 89 76 92 63 6 83 97 26 22 58 75 99 61 92 91 18 39 72 70 85 58 90 47 72 25 94 77 0 17 22 81 82 16 44 79 85 91 19 4 23 45 8 32 8 64 62 69 34 75 45 90 13 85 13 8 2 1 57 95 2 90 18 3 14 83
41 74 81 40 52 19 55 72 74 14 5 12 29 80 45 2 13 22 24 35 88 38 29 63 41 8 39 58 57 71 15 28 71 96 90 90 77 32 31 6 99 92 6 33 84 10 87 77 21 22 66 32 63 8 32 70 24 33 25 47 16 54 44 78 61 69 65 12 17 26 89 90 93 33 7 94 42 81 56 73 83 47 93 96 93 21 96 30 22 22 20 96 22 12 63 27 25 64 94 71
34 51 27 4 27 23 52 73 21 4 22 98 44 52 56 15 17 77 27 91 68 84 68 74 64 83 9 85 40 16 7 8 21 72 81 18 44 13 90 27 50 44 48 7 71 20 11 85 65 25 32 24 99 79 31 43 52 55 65 44 78 96 85 47 25 82 68 91 65 40 28 94 88 100 56 79 92 69 15 33 92 85 81 23 21 100 2 56 26 63 85 40 38 16 55 85 28 63 49 17
21 1 46 16 5 57 22 37 74 72 16 66 40 39 24 57 82 61 48 62 9 64 17 23 0 59 52 66 98 32 77 4 46 65 49 43 6 58 22 98 12 55 79 33 85 41 12 59 75 39 63 12 89 10 88 92 46 57 6 14 98 9 19 82 99 77 74 40 89 53 50 89 3 78 50 76 70 73 15 28 35 31 47 11 66 93 23 100 7 39 14 59 91 100 38 35 23 36 97 98
5 71 26 22 98 92 92 73 17 63 5 72 3 58 18 58 27 40 10 55 61 34 9 57 20 24 91 48 3 89 95 43 47 22 95 71 60 16 96 12 59 20 32 36 10 82 20 85 22 38 61 85 71 93 24 54 48 97 1 70 26 11 56 56 13 84 17 80 28 18 93 41 28 12 58 95 18 20 1 85 71 46 86 51 15 81 33 30 44 16 11 88 82 49 17 19 80 58 34 73
96 79 71 7 64 53 8 16 2 89 95 23 24 9 99 6 37 18 78 91 24 80 19 2 34 22 9 9 92 68 28 45 4 67 76 52 59 68 45 69 56 1 37 79 69 80 89 48 78 14 46 73 62 33 26 7 19 20 27 39 87 87 87 87 62 8 50 67 90 0 95 90 54 35 92 63 19 49 80 79 92 49 25 68 8 47 62 31 99 41 42 88 73 22 79 19 29 97 85 4
86 96 38 14 74 27 4 38 82 8 50 56 45 44 9 95 36 7 45 55 52 77 30 27 34 68 77 11 85 35 58 25 54 58 86 11 80 17 80 20 12 12 97 28 21 63 91 48 79 2 53 24 23 60 94 8 96 55 89 74 71 79 2 99 75 91 55 47 61 76 16 100 60 82 81 45 69 83 94 93 90 31 21 53 67 48 79 83 27 61 47 0 64 68 62 17 62 2 64 41
38 87 1 3 52 68 45 89 30 68 13 58 17 26 21 17 42 85 26 72 80 78 96 18 11 56 78 61 15 17 14 33 43 99 21 2 15 17 68 10 56 55 13 90 12 95 81 24 92 12 76 54 90 37 72 14 46 2 69 37 38 85 15 19 2 54 63 28 15 7 26 0 72 31 3 96 85 83 29 14 91 4 88 62 41 25 52 4 44 67 31 1 22 71 77 64 66 32 100 36
19 29 68 61 48 12 58 67 8 6 79 5 57 56 80 21 82 0 82 52 26 83 86 92 10 3 72 36 73 43 54 39 19 78 47 69 81 41 49 51 68 75 71 11 56 78 48 20 82 19 49 76 43 90 45 26 48 56 98 3 22 56 69 70 34 42 9 68 38 37 7 21 81 88 8 36 44 15 7 2 59 97 74 7 51 25 20 25 96 98 58 51 26 6 21 95 1 31 43 97
88 97 3 90 36 51 3 82 52 30 49 11 75 26 88 71 49 75 88 19 72 66 81 18 53 94 44 86 6 56 66 53 39 97 11 64 97 30 98 91 27 5 22 91 12 3 53 29 4 61 81 97 78 80 86 72 28 85 18 18 57 1 64 9 60 55 5 95 3 23 86 81 11 32 11 89 63 95 3 63 87 65 85 90 8 62 100 89 56 86 62 11 3 48 56 29 100 95 98 97
9 88 62 21 93 36 49 96 80 24 2 33 78 95 62 70 3 92 96 96 7 15 21 47 8 90 83 97 11 2 70 10 53 10 69 5 75 5 27 96 66 56 75 54 45 9 92 80 45 78 33 55 35 78 1 79 40 37 14 72 25 21 40 31 19 18 86 82 63 16 88 59 59 39 98 24 69 26 48 91 7 93 11 27 20 45 77 8 14 0 90 79 90 38 19 41 10 7 81 2
94 94 37 44 94 26 1 69 27 10 45 77 67 66 66 15 54 4 49 44 1 30 86 70 67 11 100 85 1 99 78 13 36 34 27 46 88 40 25 35 88 20 60 37 8 26 24 64 53 27 61 62 74 3 16 24 33 31 73 53 49 75 25 76 29 41 37 47 89 32 100 100 0 20 80 38 37 99 64 51 43 89 71 0 42 83 52 45 54 68 56 42 82 97 24 82 44 48 91 95
49 91 8 41 0 20 72 76 88 49 84 38 20 69 27 72 85 29 80 4 19 89 76 81 40 15 59 35 18 62 75 83 45 84 50 6 88 68 9 82 59 81 82 96 8 61 24 45 42 39 88 52 8 4 100 27 33 85 86 93 3 38 69 11 70 26 4 67 18 49 49 54 72 67 69 96 16 7 2 53 35 86 29 23 58 81 82 75 64 99 87 5 59 2 3 14 90 100 71 38
15 49 18 18 31 1 43 57 75 81 3 64 31 14 27 86 43 2 62 48 80 89 46 10 92 28 51 64 32 5 81 72 54 43 35 28 60 64 70 91 6 82 91 81 94 31 0 83 67 65 4 10 48 35 63 51 6 1 88 8 94 5 74 89 64 19 0 20 1 65 85 45 39 31 85 33 90 62 39 50 6 80 8 52 52 18 78 41 65 57 32 100 37 93 20 10 56 29 6 5
1 80 49 75 96 100 27 80 8 27 90 7 9 68 0 13 68 28 5 83 86 39 57 57 45 8 14 32 62 68 11 17 67 74 50 93 90 15 98 50 69 51 63 51 92 27 31 51 84 45 13 10 59 90 11 64 89 50 29 24 87 95 7 93 48 91 79 24 45 100 96 65 88 96 57 16 52 77 4 73 84 82 21 35 52 84 96 33 91 100 96 16 56 84 36 65 98 85 8 64
21 55 3 72 70 85 37 34 5 90 12 18 58 10 68 48 16 37 98 14 10 74 73 18 84 42 13 18 67 4 91 92 45 26 21 18 98 35 56 73 24 58 77 52 75 76 21 11 16 53 74 2 21 72 43 12 11 87 41 98 61 75 98 83 61 35 97 48 92 80 23 39 1 40 84 99 30 23 43 90 90 30 36 72 38 27 74 84 26 53 26 100 18 73 22 0 11 82 49 65
13 78 19 5 45 57 78 82 11 73 15 41 12 7 88 1 6 11 86 9 10 59 25 41 63 72 95 31 27 65 65 61 59 81 81 19 44 52 4 91 70 91 38 30 36 61 44 17 11 95 71 71 61 58 76 7 92 91 28 76 47 34 90 44 35 84 99 75 19 17 73 8 12 76 81 25 17 82 30 74 0 59 73 76 25 98 31 65 78 27 40 10 19 79 75 31 53 51 61 30
8 4 15 19 31 35 53 96 9 57 90 94 17 94 36 84 56 44 81 48 34 73 64 77 78 92 26 57 68 87 6 22 25 28 58 7 60 93 83 92 18 69 66 46 74 92 43 25 100 1 0 59 79 24 6 81 23 81 0 40 29 56 91 93 91 41 12 48 17 4 76 39 30 57 47 95 49 83 80 16 99 36 77 11 73 18 26 5 8 18 37 46 4 16 22 87 89 59 6 88
35 74 2 15 7 46 90 1 76 99 96 10 29 33 94 40 99 15 15 37 60 73 56 82 26 91 11 32 17 78 50 27 54 48 22 70 14 61 1 82 22 20 57 5 42 92 72 94 69 45 26 98 40 97 87 63 1 52 17 5 39 12 55 11 33 17 7 88 65 85 2 70 44 76 38 45 31 47 81 52 12 73 48 64 89 54 3 27 50 34 46 56 34 11 64 12 23 62 50 3
31 75 99 8 50 7 85 8 4 10 87 73 100 3 16 79 73 31 52 47 5 87 60 79 5 21 21 58 28 71 19 39 33 51 4 93 61 5 7 92 30 49 26 23 11 68 3 31 90 20 68 26 34 82 59 8 41 87 86 21 47 6 66 21 28 10 62 6 19 49 74 84 10 53 87 79 92 5 8 4 95 76 87 93 83 94 18 86 98 34 22 41 60 35 40 19 64 26 24 11
98 79 56 22 69 48 0 72 73 35 32 54 56 42 24 8 95 46 81 14 98 92 29 47 92 2 6 82 38 19 4 72 97 79 40 25 57 46 24 44 30 15 43 16 21 37 42 88 64 44 66 58 38 77 62 87 29 37 10 97 66 65 76 34 23 91 12 79 66 84 46 11 69 43 48 54 55 48 34 33 70 14 49 27 5 81 39 81 100 48 8 29 41 40 17 63 22 84 4 12
71 65 34 85 95 33 43 23 69 17 4 9 26 16 25 10 76 61 11 88 34 97 82 22 100 28 57 96 13 24 8 90 75 7 70 18 78 1 37 100 22 0 85 46 14 59 49 58 37 82 80 73 16 85 80 60 4 83 88 48 90 46 86 6 65 35 4 93 40 4 36 47 52 6 16 88 69 4 8 34 13 74 51 82 77 94 49 23 86 97 22 40 77 94 6 3 49 37 1 73
16 98 87 80 4 22 50 26 19 58 98 75 18 44 81 92 25 16 98 12 17 2 62 25 42 3 77 50 43 80 15 34 41 12 97 90 5 30 22 59 20 63 50 60 33 11 17 24 87 6 33 21 11 23 42 45 84 96 91 2 47 1 63 82 0 9 62 47 57 8 35 89 95 93 6 17 79 73 53 95 64 45 45 15 8 50 69 87 8 91 58 61 61 35 47 95 46 15 12 67
49 0 72 78 33 30 17 82 57 91 73 12 26 24 66 80 18 74 37 25 86 53 50 11 36 64 49 52 32 53 93 51 10 82 34 94 53 29 66 58 100 86 20 18 94 15 44 88 53 38 7 60 74 8 66 96 8 35 54 7 50 35 99 55 100 1 81 13 41 0 78 6 62 17 45 44 8 2 20 82 44 91 12 38 91 69 50 1 58 94 91 5 42 74 18 35 2 95 49 77
43 66 22 0 73 43 41 70 52 1 42 23 66 53 77 57 21 2 49 22 5 77 5 60 38 95 42 6 79 46 99 20 50 46 98 84 84 1 3 67 86 88 33 13 88 1 58 69 39 78 70 46 96 56 32 11 29 30 22 79 85 92 21 19 79 54 25 64 52 44 27 74 55 42 16 5 88 88 54 80 75 93 33 79 100 3 20 91 54 0 29 85 4 28 95 50 41 17 17 91
17 90 35 42 23 19 29 38 57 9 30 24 42 45 26 19 13 30 22 88 89 22 94 67 67 75 26 69 24 83 42 75 68 0 48 37 90 69 87 5 23 43 41 31 52 47 8 56 73 78 76 29 68 18 53 63 41 89 47 39 26 42 7 26 98 67 27 8 38 27 87 11 70 4 81 61 39 13 98 75 28 50 69 65 11 86 29 71 90 45 44 33 59 27 71 4 100 82 1 15
76 88 12 38 60 89 39 25 11 96 93 49 8 96 36 73 82 33 31 35 15 25 91 18 100 87 27 12 32 92 42 10 41 13 45 23 16 81 68 47 9 21 26 60 6 92 16 86 69 8 81 53 50 98 83 1 66 21 80 17 99 83 60 54 34 14 91 3 3 98 41 86 30 22 14 81 37 74 58 16 71 25 35 47 5 50 17 7 23 7 70 80 35 11 61 44 75 84 53 54
