37 48 94 69 12 77 98 9 8 66 18 24 52 60 12 97 85 99 91 20 86 55 92 31 75 67 91 48 77 10 52 49 70 18 50 66 68 9 81 73 82 42 92 13 2 31 96 84 92 63 80 40 16 79 95 83 74 28 60 1 87 16 82 11 64 27 79 2 42 75 5 4 1 83 35 22 27 89 67 37 16 23 23 93 7 85 61 9 81 46 24 55 97 27 46 81 79 49 1 91
93 15 14 58 9 65 48 52 58 90 20 49 30 97 55 69 62 2 95 84 22 62 30 33 85 39 30 48 56 30 21 30 31 30 73 80 67 75 51 90 40 2 55 63 0 38 62 2 95 5 0 55 47 62 20 60 20 87 93 91 91 54 91 15 29 37 11 65 10 73 10 84 85 1 32 66 19 4 86 27 18 96 63 42 100 25 38 26 19 66 56 69 27 75 94 17 96 100 26 1
14 27 37 27 28 78 75 11 43 78 95 40 35 80 6 92 4 27 53 84 93 12 79 78 33 3 80 66 49 6 57 3 44 91 8 60 25 8 51 68 29 38 32 82 34 1 81 59 25 88 13 26 45 1 12 67 90 94 74 22 41 92 49 42 24 75 24 5 93 11 48 26 39 68 9 45 5 50 75 4 6 99 31 67 36 21 3 74 45 52 55 76 43 77 49 18 9 26 46 89
93 65 14 87 68 59 85 23 83 24 87 71 33 99 15 40 19 39 30 34 45 34 12 2 5 41 38 80 86 38 26 55 6 5 12 68 13 38 77 0 11 59 91 7 6 93 63 20 45 78 38 43 47 10 86 21 8 46 46 40 54 4 22 32 8 24 96 43 35 20 91 92 24 18 60 40 8 49 13 33 16 16 86 23 72 84 74 26 64 64 43 97 0 89 26 89 31 75 77 11
29 16 10 31 8 33 65 86 10 21 67 97 1 45 0 60 94 49 32 74 20 37 10 55 1 15 44 96 49 56 91 30 55 88 26 21 97 37 58 74 98 86 21 39 8 45 53 16 69 55 32 24 18 92 67 40 8 37 65 29 46 43 28 21 66 87 11 76 93 89 74 86 47 98 22 71 10 26 35 18 35 30 8 62 24 59 69 46 40 100 32 38 53 74 34 78 5 3 64 63
27 91 63 91 94 6 11 20 93 44 19 90 71 87 79 99 13 81 90 53 14 94 72 34 73 77 56 31 83 67 84 69 54 33 7 2 85 81 14 21 74 16 98 51 27 30 59 30 27 66 40 84 73 1 2 6 42 23 21 34 82 24 32 52 25 45 87 84 35 44 76 62 90 1 19 36 7 61 83 12 44 13 71 97 3 72 29 97 68 81 49 97 11 29 5 5 34 92 1 17
47 84 75 64 62 99 73 79 97 75 41 82 55 20 56 29 18 7 55 62 93 4 30 33 99 94 10 55 81 54 17 87 71 56 6 19 79 67 85 40 34 69 23 20 34 38 3 35 17 55 8 56 71 78 71 66 65 89 42 12 90 65 41 19 20 95 37 48 0 64 4 66 90 53 37 2 28 86 15 94 4 36 46 47 75 17 87 89 8 81 13 8 41 87 24 30 84 72 38 93
89 25 55 11 49 69 94 20 51 5 93 62 44 31 87 76 93 90 67 77 45 65 35 53 64 20 95 85 65 51 9 91 50 89 13 18 83 23 50 51 72 86 85 66 29 20 29 88 91 57 76 44 62 91 23 60 100 58 34 58 84 48 70 0 51 58 4 14 62 10 58 37 20 33 48 11 4 93 60 21 59 2 83 22 39 85 1 10 52 62 42 7 26 14 24 66 9 86 64 28
7 58 73 6 51 3 39 80 74 45 38 49 56 40 57 37 9 92 61 75 98 20 29 81 13 45 8 87 44 45 56 73 9 14 45 7 13 95 69 82 70 61 83 13 15 61 81 80 78 6 91 72 89 58 81 9 98 65 97 38 79 68 80 85 78 95 95 63 93 53 97 6 26 28 28 99 73 60 13 61 14 6 41 32 37 10 0 69 96 24 79 8 58 66 16 67 21 93 31 85
25 1 67 24 10 56 49 72 80 22 77 85 18 44 78 81 62 71 35 87 91 28 42 1 49 88 99 78 9 67 39 30 69 33 72 27 43 9 75 8 76 68 31 40 82 5 88 27 56 25 97 16 77 87 94 35 99 97 0 90 64 41 10 29 60 80 67 62 68 29 51 33 73 53 9 17 28 51 16 40 6 88 32 54 85 36 31 17 87 86 89 85 85 48 17 22 53 55 27 71
100 63 67 20 21 81 64 17 82 9 14 100 8 78 28 64 98 60 15 62 15 58 14 86 100 66 92 36 53 53 100 23 60 66 24 34 30 50 99 29 51 77 29 8 88 3 15 77 49 80 88 91 56 96 86 7 8 63 70 37 75 81 94 12 0 43 41 46 67 94 57 17 44 39 25 90 65 35 82 71 80 30 48 25 65 48 68 17 60 85 28 53 33 92 97 48 28 23 99 74
63 44 87 68 88 61 18 43 13 64 15 77 41 78 60 41 20 85 48 46 94 70 98 35 48 32 10 56 31 86 72 73 24 31 78 43 92 6 42 27 79 50 9 83 91 10 86 57 21 68 32 53 35 56 0 92 49 32 43 72 68 83 76 6 37 88 45 12 31 82 4 88 30 56 96 74 10 41 37 33 74 84 4 29 51 80 77 18 64 93 12 90 15 23 67 28 86 13 57 6
59 73 31 93 85 34 20 43 46 11 26 60 24 59 92 52 19 80 44 38 82 21 37 28 13 1 61 25 10 40 46 66 41 86 87 3 64 64 92 44 12 6 91 18 92 2 7 13 44 10 95 41 19 80 45 98 77 81 84 10 89 40 52 51 7 64 31 46 99 85 70 22 0 36 70 43 38 6 43 32 85 6 54 5 89 37 48 11 61 94 88 48 21 60 75 56 86 81 43 82
43 56 30 20 25 33 92 100 82 15 26 21 64 75 23 84 48 55 38 55 46 69 34 36 85 60 14 33 93 9 48 49 65 70 78 70 29 98 44 64 74 61 20 27 31 45 30 3 23 13 71 42 36 91 32 38 84 16 80 57 24 60 45 14 64 96 9 73 54 97 8 55 45 60 11 41 71 88 34 85 52 7 35 17 62 79 35 78 93 53 8 27 91 22 55 15 26 63 69 75
31 85 44 11 85 49 19 59 81 29 90 19 88 32 8 74 83 56 92 33 61 54 49 67 96 96 38 37 19 9 95 7 17 84 30 39 24 8 35 81 90 13 40 26 59 77 88 18 5 78 9 10 4 7 64 54 27 91 9 79 94 92 27 25 52 60 89 78 35 11 47 10 95 86 70 8 97 34 48 29 59 43 22 83 46 97 46 75 35 95 4 6 44 73 5 3 30 79 99 75
60 46 81 11 4 12 96 36 37 27 24 72 18 67 52 58 85 5 38 45 38 72 58 95 36 1 82 59 92 81 60 18 34 52 22 30 99 5 39 65 36 61 46 15 3 78 65 19 13 97 19 6 65 90 58 43 71 3 57 17 47 9 39 90 93 87 99 19 53 19 98 17 7 60 83 13 72 62 9 37 95 22 92 1 77 41 59 98 44 85 87 23 53 45 19 64 79 49 24 3
45 12 6 91 37 1 55 55 46 30 78 66 75 44 96 38 33 58 90 37 12 46 66 78 90 3 52 69 80 83 32 97 95 79 85 97 23 82 87 74 33 36 37 98 66 23 5 74 80 13 16 13 1 47 90 85 46 80 31 88 27 18 4 3 90 86 67 32 18 15 26 95 45 26 3 38 81 72 11 90 11 38 23 19 56 59 35 59 2 33 46 91 62 56 87 71 12 36 25 4
25 35 86 22 55 15 50 66 77 96 69 53 4 100 7 92 73 35 98 48 5 99 62 58 72 42 46 71 44 15 1 63 38 23 41 22 53 24 2 46 63 97 7 100 23 1 63 47 66 35 76 50 76 83 8 63 4 28 96 63 92 85 84 98 48 14 68 21 4 99 66 70 80 52 47 4 93 68 60 82 92 46 53 27 14 22 55 18 90 28 38 49 27 22 67 12 80 59 80 58
60 89 0 42 15 85 92 25 31 99 81 48 98 81 14 22 60 27 43 23 100 30 55 55 77 17 45 36 22 19 4 50 30 16 2 76 73 27 33 77 73 26 29 33 93 77 19 11 63 47 67 98 83 6 99 90 33 23 97 80 28 54 34 8 25 80 47 6 59 10 4 82 81 68 21 37 44 88 4 5 86 42 32 84 23 39 24 10 33 81 47 51 86 30 96 47 19 26 99 0
80 26 77 74 2 94 1 67 58 99 82 25 84 9 66 70 71 35 16 79 72 23 95 76 9 96 35 60 65 52 44 48 96 34 62 12 56 14 68 3 74 19 56 0 18 37 50 48 72 21 15 17 92 98 83 90 38 21 53 18 9 32 19 70 37 22 22 88 15 14 52 40 71 100 89 9 86 99 37 23 19 72 49 16 23 49 18 98 69 96 12 16 66 96 90 17 13 37 83 84
68 65 11 69 5 53 54 43 55 71 99 49 96 17 13 45 77 58 85 69 53 75 100 88 1 40 94 88 88 37 67 79 83 6 7 36 45 37 81 13 42 4 12 37 59 95 91 38 9 46 95 70 9 31 15 65 9 95 24 6 19 87 48 44 52 54 84 54 38 91 0 8 93 78 46 42 8 8 1 35 77 47 23 73 63 34 21 40 44 75 37 42 84 68 64 65 60 51 90 65
91 97 81 43 90 95 45 15 17 42 51 6 78 5 73 98 9 66 79 81 81 68 94 69 52 62 90 14 0 65 95 39 50 85 39 23 88 44 84 28 8 20 40 62 21 56 12 61 45 2 43 20 5 21 45 50 49 34 61 93 4 11 84 64 45 10 65 19 13 9 73 28 44 82 100 2 15 7 100 91 2 75 24 50 71 74 13 90 0 18 69 98 41 62 92 65 69 56 66 95
31 28 94 88 88 67 44 63 18 8 9 94 78 8 74 62 89 22 34 99 36 100 66 77 22 55 58 74 4 31 36 6 42 72 2 94 95 36 64 78 89 74 68 41 79 54 87 44 3 81 28 23 13 38 52 97 87 88 34 12 75 70 75 27 77 42 95 0 21 15 14 47 79 23 52 81 61 69 14 37 100 94 59 81 80 83 51 90 46 96 79 36 3 12 99 70 55 66 21 32
7 57 10 54 11 80 29 58 76 57 87 91 30 68 58 40 20 95 45 33 32 11 42 38 16 78 20 73 87 75 44 77 16 73 11 69 45 7 76 18 31 25 9 83 72 54 100 69 21 29 32 77 90 87 32 85 95 25 48 52 65 39 53 81 46 46 76 55 72 31 25 39 1 16 86 88 13 5 45 17 1 6 26 58 22 68 30 97 46 65 45 57 67 76 48 20 87 88 30 8
85 1 75 79 55 1 70 56 71 92 14 10 13 83 24 70 64 32 48 69 66 40 3 43 20 5 27 77 44 100 9 20 60 75 73 20 72 95 36 29 38 6 87 93 70 13 85 74 30 5 76 39 82 32 1 99 66 60 45 56 81 57 67 78 13 23 16 21 58 30 59 96 52 81 4 81 92 5 42 20 50 49 4 82 3 86 42 11 65 29 30 59 9 65 40 76 59 59 5 90
28 5 20 90 88 19 68 52 35 47 68 73 87 20 57 66 79 44 35 42 94 16 0 56 80 35 38 92 47 29 65 8 30 31 30 45 22 93 23 43 1 79 37 55 78 39 92 69 16 14 22 37 28 41 94 75 89 98 89 11 68 82 99 21 53 66 98 3 88 98 90 39 47 89 69 99 77 100 56 19 38 25 12 61 68 3 63 84 20 30 5 31 69 39 4 55 25 75 40 54
53 56 21 30 78 27 31 66 16 39 25 54 51 25 39 39 95 8 47 4 55 54 16 89 82 15 76 97 83 81 62 86 48 86 62 93 94 78 25 75 17 31 40 90 38 34 61 39 13 67 38 5 27 49 28 80 41 38 72 79 39 63 31 81 50 12 11 78 95 69 4 77 69 93 42 55 84 37 50 50 72 10 55 20 57 34 77 68 57 87 11 50 96 27 43 56 47 28 67 67
16 15 11 7 33 71 27 9 82 93 14 60 20 68 75 67 25 24 17 43 78 65 72 80 92 15 35 7 19 60 64 68 41 0 12 58 10 87 28 61 44 73 80 65 85 95 78 11 73 15 12 40 35 50 64 55 93 44 94 88 63 46 38 48 65 23 89 20 61 32 52 43 35 76 76 38 88 91 48 20 52 36 75 84 0 38 18 31 6 14 93 69 7 15 7 17 7 100 67 32
2 95 59 26 53 28 32 33 68 36 57 52 63 37 99 45 21 49 67 7 42 99 1 31 84 68 52 59 56 12 31 49 77 15 71 43 91 23 18 1 62 62 35 94 72 70 65 70 1 67 52 61 62 6 100 85 0 18 87 62 86 83 26 20 65 24 29 10 87 41 69 59 59 1 16 38 6 22 35 44 19 38 46 27 53 45 84 85 41 24 53 50 81 43 86 73 0 77 5 60
74 42 23 81 56 34 63 10 75 99 15 52 18 42 63 18 52 2 34 76 46 22 2 88 12 80 95 16 3 12 49 96 2 79 36 9 52 72 94 89 49 23 0 75 78 58 98 16 96 62 84 95 34 47 73 12 48 41 48 90 9 32 71 83 45 33 31 0 4 82 98 89 24 77 5 65 10 90 59 56 19 51 24 55 3 68 92 7 63 13 41 63 24 14 45 60 7 97 16 51
75 16 57 74 27 42 6 84 84 26 6 50 79 62 19 6 21 49 16 0 43 52 23 74 37 3 57 38 60 59 84 39 36 91 59 20 73 55 58 97 47 75 78 24 36 24 36 79 27 82 97 37 22 1 17 17 90 83 13 0 88 32 22 14 87 93 70 51 3 17 15 91 60 40 64 45 3 47 47 11 94 82 16 95 76 52 69 80 8 40 98 43 83 22 69 91 97 68 72 61
37 25 49 16 15 78 18 28 29 22 54 51 33 76 44 68 62 25 8 87 84 27 17 88 35 74 39 65 71 21 52 24 16 4 5 53 96 19 2 26 90 93 51 94 7 6 22 0 1 32 66 42 18 16 24 37 34 86 95 81 72 22 20 85 75 57 13 2 86 5 39 5 20 51 2 41 75 85 51 9 17 55 36 86 10 3 60 42 2 17 81 25 97 59 68 95 83 82 54 97
65 32 55 67 45 75 28 40 3 85 53 67 14 54 50 71 19 2 56 65 53 6 50 10 36 43 85 47 6 19 42 61 56 8 58 45 92 15 98 17 55 37 24 23 65 4 87 27 44 93 92 1 65 59 39 0 47 2 63 5 50 84 49 62 76 89 24 25 33 0 28 54 3 56 55 20 8 87 98 28 100 33 73 0 86 4 42 6 25 2 98 6 46 38 48 96 86 91 34 34
21 88 56 25 80 59 70 22 2 61 46 79 38 70 44 95 93 13 26 68 34 84 87 8 34 8 23 43 66 22 10 65 37 11 73 25 1 33 47 86 9 72 37 92 58 24 52 46 44 78 85 2 3 85 38 24 100 14 62 96 3 1 83 28 20 65 36 54 38 84 4 13 68 88 53 8 59 32 75 98 72 38 11 46 52 23 29 59 48 29 92 77 67 89 15 23 66 100 14 9
82 73 20 56 64 27 61 80 42 25 28 100 20 64 27 90 56 54 10 95 18 73 76 96 3 50 73 82 30 62 51 72 48 26 81 80 18 18 89 94 25 28 57 32 78 78 56 88 80 98 8 76 15 36 25 73 24 48 100 90 40 39 13 25 80 13 63 3 45 57 67 80 2 59 51 24 70 92 73 62 14 76 3 61 82 54 33 71 2 41 54 47 89 25 27 67 64 44 37 57
53 13 70 31 7 80 75 16 49 67 31 17 92 84 61 15 49 35 83 20 90 71 57 48 61 31 60 69 87 2 59 33 39 89 48 61 93 68 30 16 93 72 94 20 62 30 25 78 26 88 58 2 19 39 38 84 43 46 66 47 17 8 28 75 96 37 84 97 72 7 22 78 88 80 19 17 7 90 93 15 97 4 48 49 99 31 35 80 37 63 14 18 65 90 58 92 44 10 97 58
4 7 97 71 34 9 45 51 24 5 97 92 9 62 33 60 22 11 91 76 72 3 27 0 100 3 66 47 16 35 70 39 80 0 11 34 73 31 97 25 77 66 92 62 15 43 12 88 94 56 45 64 31 84 63 40 6 56 50 67 23 61 75 97 71 7 78 22 56 8 46 24 84 24 62 22 84 41 2 54 19 100 68 47 2 93 39 35 1 83 35 66 29 42 98 62 75 34 78 62
62 33 51 67 40 20 0 31 75 88 36 31 55 95 7 100 85 73 80 27 36 84 27 93 90 33 18 46 79 46 6 64 86 16 77 100 6 94 33 52 93 24 82 35 99 97 38 7 61 82 98 4 13 100 17 40 76 78 12 51 46 47 96 88 86 79 100 69 19 82 0 91 89 91 68 44 36 12 42 22 77 84 3 42 23 88 49 76 17 98 72 19 67 52 69 33 36 80 38 3
28 17 41 25 34 79 61 43 12 25 2 82 18 38 50 34 60 31 45 100 86 44 33 66 0 27 84 25 10 11 25 25 2 12 83 26 48 10 13 0 62 38 2 29 38 63 93 57 91 53 56 73 99 54 15 24 45 63 89 59 11 96 10 16 29 91 82 2 37 85 97 76 23 100 71 50 76 27 51 37 24 43 71 13 43 99 64 98 80 54 100 94 29 18 46 78 36 63 98 28
15 16 45 91 68 76 26 24 83 85 78 41 62 33 32 73 52 11 52 77 61 41 29 53 99 81 43 41 38 76 10 30 67 62 40 48 8 79 6 25 83 61 25 0 50 38 96 31 1 63 88 42 60 56 19 19 38 25 80 72 8 98 45 95 29 25 62 22 68 72 96 7 38 86 50 86 94 12 41 86 97 10 100 44 56 20 100 51 21 63 78 52 35 68 54 92 89 26 65 55
98 48 62 45 98 3 34 23 94 15 73 6 38 30 38 38 39 75 46 75 2 65 80 78 19 50 99 25 28 19 42 48 62 68 80 1 15 82 57 98 47 67 5 39 72 53 21 94 67 69 91 20 84 57 67 40 81 9 30 57 25 38 25 8 86 29 38 89 75 73 84 4 99 21 35 26 7 59 33 79 35 1 27 99 38 1 5 78 71 5 81 58 65 53 95 30 62 86 83 69
42 34 88 81 2 60 45 41 43 3 27 79 25 75 50 0 41 6 71 19 36 76 94 14 1 42 24 49 74 18 17 10 42 19 7 7 19 16 5 34 91 18 84 92 14 32 37 31 95 20 85 72 11 39 58 60 75 31 41 89 97 19 10 7 8 96 54 52 41 31 12 44 25 76 63 8 68 93 84 51 19 67 56 83 60 86 83 82 80 51 29 99 25 39 3 89 94 4 43 65
93 57 57 52 26 14 19 24 62 20 74 96 95 15 67 75 63 80 94 79 20 66 26 5 79 74 38 26 65 99 38 54 6 46 53 78 60 55 15 21 40 21 4 65 67 91 62 47 36 51 92 21 21 35 58 74 68 50 20 58 16 19 43 52 69 38 6 10 83 32 68 53 74 43 40 76 30 37 98 27 50 91 4 77 93 66 11 95 74 43 24 59 76 78 74 20 2 80 11 69
74 41 2 66 44 65 63 56 89 74 27 84 35 50 67 67 26 43 80 10 73 52 17 93 66 87 75 81 27 6 14 86 95 60 37 32 27 32 55 32 46 38 22 20 3 5 16 67 23 93 3 12 71 70 34 1 0 55 5 38 14 73 80 38 79 71 13 78 28 19 56 55 34 24 20 49 44 30 74 14 77 54 46 54 83 36 51 72 78 31 52 85 97 31 5 57 74 5 32 36
4 80 19 54 61 61 77 38 12 41 35 42 61 38 84 54 5 16 2 24 20 38 9 55 16 45 62 86 17 62 99 93 48 71 63 92 93 76 95 48 27 80 77 48 40 15 64 45 25 64 22 87 32 90 97 46 52 56 50 20 90 63 31 70 33 15 69 16 79 15 72 77 3 66 8 7 6 23 51 34 46 3 10 74 44 38 60 28 2 76 40 71 98 3 51 90 57 87 94 95
70 88 95 72 23 12 75 99 23 48 45 43 72 45 20 81 81 13 24 48 89 32 76 32 32 92 65 92 88 69 0 59 62 95 21 91 2 76 67 92 49 11 62 55 82 6 97 83 3 0 49 57 52 73 4 72 64 69 83 84 40 92 14 45 36 75 15 100 2 78 68 21 41 95 0 94 76 19 35 44 69 41 47 13 0 76 12 16 97 19 26 1 60 73 86 29 41 33 64 5
27 14 87 17 36 47 47 92 19 7 74 75 22 78 60 98 1 77 57 59 72 93 5 41 92 75 71 33 58 94 96 82 15 12 60 57 97 29 52 19 41 18 46 6 29 68 98 57 32 48 50 52 7 17 65 35 52 31 3 92 15 87 13 73 60 82 44 22 62 93 60 49 83 56 92 20 34 45 48 73 37 12 44 31 72 72 9 53 9 97 78 56 53 96 22 76 85 51 30 78
74 36 78 59 78 27 90 83 43 2 43 70 35 76 84 87 91 56 50 18 61 71 48 38 95 22 24 62 62 47 79 61 28 92 87 44 90 29 5 0 84 7 34 10 86 26 5 67 49 36 42 38 15 51 0 74 69 55 23 33 39 29 34 75 66 41 61 70 40 19 55 64 4 98 15 85 18 87 12 69 27 95 31 11 40 86 60 78 58 53 77 18 74 20 19 87 11 89 14 78
77 85 38 67 45 80 71 57 38 54 46 95 30 9 76 75 51 98 39 32 47 47 74 93 4 80 43 68 20 79 47 61 63 8 91 88 83 22 49 46 100 95 30 93 10 22 45 60 68 16 59 18 100 29 74 21 64 55 0 83 83 11 64 16 28 83 45 27 3 60 76 80 2 71 44 10 55 55 42 93 35 45 92 38 62 77 89 12 19 72 95 69 8 20 84 5 45 81 13 27
67 47 38 40 57 62 74 20 84 69 30 69 58 64 59 74 85 33 64 92 82 77 21 78 89 6 55 40 51 5 11 53 54 74 70 23 78 12 100 88 59 36 58 98 73 69 32 60 38 19 61 75 67 70 3 70 69 79 11 1 99 4 55 61 7 52 17 3 57 69 55 36 66 20 17 59 87 87 7 51 12 75 37 78 45 93 84 1 8 76 4 31 84 28 72 79 20 97 34 40
61 22 76 75 20 15 40 49 94 22 42 32 25 93 91 85 58 75 67 100 84 44 19 9 10 3 41 82 25 56 0 0 47 100 52 65 84 81 18 73 87 33 1 42 63 12 73 61 70 7 85 76 96 51 7 21 12 56 13 72 65 49 33 55 1 4 82 53 3 57 57 21 28 24 25 10 46 81 86 59 27 82 70 37 14 24 76 35 50 55 44 30 72 7 8 91 90 24 25 31
84 26 65 62 9 5 37 85 10 75 20 25 73 37 7 80 28 14 95 69 44 84 66 60 2 95 29 86 69 94 43 73 27 43 61 21 100 0 58 22 28 42 19 31 89 76 82 69 46 83 70 85 30 90 89 80 70 75 48 95 38 11 43 1 66 90 88 95 96 90 28 82 23 71 38 38 77 89 52 99 97 77 17 86 40 14 60 55 87 59 77 70 70 50 31 51 42 18 97 64
29 81 0 80 48 57 75 12 49 87 0 66 41 78 45 54 20 4 38 55 44 30 64 0 19 12 8 1 63 28 14 59 87 54 16 61 34 73 48 53 25 6 43 70 44 36 64 27 29 65 20 42 13 23 18 49 65 4 42 5 42 65 77 52 3 72 97 69 18 64 62 9 10 81 25 54 72 40 82 100 8 16 7 64 93 86 29 72 26 99 45 8 20 15 8 28 56 53 50 35
6 48 7 0 91 27 31 74 11 69 52 3 33 83 96 96 12 85 65 100 8 35 68 33 26 94 77 28 82 79 0 18 63 81 61 80 44 88 2 77 94 5 1 76 29 28 70 17 40 46 55 42 78 43 25 100 4 93 25 10 6 8 98 15 36 42 30 60 1 26 13 56 64 38 67 9 62 46 59 26 94 10 41 38 39 91 28 56 67 52 100 73 30 38 45 38 80 37 43 67
48 27 19 21 5 48 47 36 8 20 56 99 29 50 9 66 79 66 33 28 6 31 100 14 59 46 44 77 98 56 77 61 77 59 8 86 18 41 100 47 92 64 11 12 93 72 27 92 8 55 54 58 66 10 88 66 0 54 92 7 44 56 74 27 58 42 4 75 26 80 68 25 85 5 72 45 0 4 96 49 31 59 90 33 75 80 40 83 97 7 16 92 15 34 42 1 85 99 37 70
56 39 11 57 40 47 14 58 52 45 83 98 93 26 15 58 34 32 73 91 99 4 94 75 34 83 87 77 30 56 20 23 5 58 11 16 91 38 12 23 97 18 81 84 42 86 34 60 55 64 20 26 61 61 100 30 63 78 62 42 64 29 99 22 95 91 98 51 16 19 73 99 85 9 38 83 62 2 94 21 73 33 5 76 51 38 51 54 88 66 47 38 37 12 19 10 23 21 39 19
79 47 9 73 61 12 39 59 29 32 46 40 54 17 3 36 76 94 99 15 84 15 21 35 95 40 36 38 48 50 6 10 69 38 19 75 59 91 4 71 38 100 75 91 28 19 14 37 56 45 32 13 12 99 83 36 89 25 66 0 94 89 43 88 32 76 78 29 35 94 36 7 55 11 51 62 41 80 79 50 44 95 30 10 62 69 50 27 57 91 60 27 62 86 74 0 66 63 25 59
84 19 0 32 80 51 68 74 88 70 9 29 68 15 59 32 63 75 65 22 23 89 29 89 87 34 27 55 46 11 36 26 3 7 61 5 31 99 52 24 4 38 31 67 61 52 23 35 87 27 35 11 61 56 8 37 74 38 48 35 42 35 23 43 47 18 57 61 59 7 53 64 54 70 100 90 44 13 92 50 19 2 80 23 24 80 8 83 80 56 58 56 73 27 15 35 53 76 47 18
79 30 38 59 20 97 96 73 3 74 22 15 23 49 62 56 65 27 19 31 72 79 82 56 97 6 8 56 30 75 88 57 73 12 51 52 21 41 72 48 41 73 91 13 40 74 19 71 26 31 74 48 48 96 63 35 83 1 64 47 2 94 2 13 51 36 47 36 1 13 77 5 52 87 44 59 38 93 44 2 24 6 38 41 100 25 11 26 95 6 66 28 72 41 100 19 67 2 3 13
53 50 47 69 27 79 7 67 88 45 36 38 57 14 42 0 32 29 14 5 64 88 30 71 17 38 33 32 9 4 3 7 86 73 79 34 61 53 17 74 40 57 53 38 79 96 63 63 12 50 47 64 24 21 57 84 95 66 94 10 40 35 87 32 15 65 0 25 25 2 9 45 5 68 97 80 11 65 68 76 49 42 36 39 48 93 16 56 42 51 35 24 54 9 54 3 61 29 58 69
5 74 0 11 11 63 64 2 0 11 68 66 37 99 99 43 100 73 56 57 78 9 92 20 58 38 41 33 76 11 62 22 64 90 32 94 71 56 64 77 30 72 11 38 94 69 90 56 26 45 95 46 36 6 94 96 57 9 12 91 68 27 71 97 71 33 53 12 13 78 89 62 6 91 61 30 25 9 33 97 0 45 33 54 65 61 59 59 73 95 30 82 5 93 83 56 60 66 21 87
48 89 53 15 31 70 7 97 49 0 17 58 67 36 62 7 90 5 15 66 79 65 90 51 22 20 13 82 86 94 82 9 26 96 29 91 30 75 13 92 82 29 82 42 77 8 24 39 98 80 4 52 84 42 33 89 99 48 71 56 65 12 5 20 65 43 98 50 93 16 48 37 48 1 98 4 53 54 27 13 53 25 22 34 29 22 90 21 54 84 81 63 71 87 29 79 46 97 83 2
88 62 57 13 97 20 77 91 87 93 81 95 73 30 52 55 56 27 62 58 49 72 47 3 61 71 46 53 73 99 65 90 82 95 14 59 55 98 8 31 39 62 69 38 18 85 18 29 52 45 16 34 67 20 53 55 46 33 3 40 79 97 37 65 92 55 86 53 69 100 60 7 61 96 15 42 91 66 26 2 27 2 99 47 40 24 39 11 68 71 91 40 73 56 14 3 79 28 4 44
75 94 94 100 77 79 68 92 10 81 72 0 52 86 95 94 46 91 35 63 57 54 30 37 56 7 75 80 14 93 62 49 37 70 88 59 76 1 59 89 43 63 64 27 8 17 10 19 18 49 13 13 25 28 54 21 86 32 74 43 53 88 8 68 31 63 96 61 48 19 38 65 61 14 4 18 52 4 66 5 45 7 53 0 31 48 95 30 24 38 14 14 81 8 84 97 26 11 85 86
43 48 66 76 93 14 47 19 78 7 50 40 78 70 19 74 65 70 10 92 42 81 98 43 23 62 83 94 19 71 48 63 20 68 56 59 95 24 58 51 80 73 87 86 30 64 49 94 26 97 88 39 47 60 81 18 89 77 20 61 22 62 54 3 43 11 82 79 77 15 65 12 59 92 87 54 76 75 58 52 43 80 53 85 1 87 67 100 85 74 68 87 44 5 37 44 39 63 60 81
4 56 79 20 46 10 16 47 85 91 25 78 72 71 1 37 22 90 40 38 53 74 42 66 24 70 74 8 45 26 46 67 48 34 96 1 31 73 79 20 34 59 86 45 47 30 43 59 13 99 66 0 28 39 6 56 74 53 57 93 52 92 15 4 1 79 55 78 78 47 30 71 53 12 68 93 10 93 17 79 87 43 100 78 46 34 30 81 2 68 79 92 27 20 0 87 60 20 89 74
11 17 52 62 18 34 32 19 36 30 7 55 91 74 12 6 23 76 28 20 50 21 14 26 32 88 60 22 22 42 20 80 80 26 14 51 49 3 18 18 80 66 63 67 73 37 90 17 40 34 60 38 94 36 43 83 64 36 45 82 77 65 87 74 96 45 30 65 18 95 96 85 67 47 2 54 75 75 18 74 63 19 23 75 75 93 15 97 76 47 57 77 11 53 46 85 28 64 19 30
94 62 72 29 16 32 48 20 20 14 12 28 33 64 14 88 40 63 47 60 69 95 12 27 35 41 88 43 100 82 55 2 28 55 94 26 27 91 19 16 51 99 29 86 64 81 8 49 97 67 44 19 30 31 93 67 19 95 63 44 40 38 11 55 48 41 66 2 83 61 26 29 68 52 92 59 54 57 95 30 71 22 17 76 15 23 44 52 94 50 48 31 45 51 90 73 86 24 34 95
83 34 99 64 90 71 85 73 1 22 62 45 53 9 55 39 51 70 51 26 48 59 68 62 66 100 92 39 3 25 76 12 15 41 14 20 51 13 60 58 49 93 63 33 41 89 65 33 4 52 68 79 49 51 45 56 10 28 67 20 89 3 83 93 8 23 0 0 30 14 98 79 4 28 50 79 54 99 23 51 38 21 45 80 10 97 27 92 99 46 73 36 56 93 55 88 31 14 44 78
33 90 42 33 35 92 5 85 65 79 57 40 77 82 63 76 47 27 28 90 33 4 39 6 7 78 73 10 41 73 9 92 90 8 77 66 25 98 3 47 32 88 57 30 10 48 28 41 34 87 13 86 74 99 85 9 68 44 21 98 21 36 96 82 35 6 24 88 38 11 17 60 46 78 69 12 90 90 48 1 44 66 49 90 59 78 95 8 21 65 21 88 49 98 47 61 88 67 90 77
88 64 11 52 44 84 26 48 80 88 87 11 26 57 45 53 47 64 80 91 6 75 89 23 17 22 3 4 0 37 97 10 13 8 65 47 81 78 40 20 17 93 23 29 11 18 61 33 56 71 49 38 46 28 19 80 0 44 7 2 52 34 72 20 35 96 0 65 45 59 17 79 11 78 89 47 43 42 18 46 23 90 73 5 79 33 41 33 11 20 70 0 21 1 71 67 77 3 11 40
29 94 2 14 35 7 47 71 62 37 27 25 73 93 10 98 58 8 78 95 15 87 45 23 21 91 92 62 85 47 20 79 53 17 14 21 61 10 38 12 19 59 11 46 30 86 33 69 93 52 17 62 91 55 86 51 1 71 61 71 66 77 48 86 66 71 10 5 43 62 9 88 46 72 32 50 23 7 89 26 84 60 71 24 99 32 74 60 93 78 10 79 17 51 99 33 53 87 47 1
54 48 46 50 79 82 69 91 52 38 33 16 57 18 57 64 13 32 69 34 5 7 55 53 30 42 29 88 28 0 85 38 12 75 33 21 51 29 16 37 65 45 78 24 65 89 81 22 49 50 99 89 31 33 76 16 28 91 11 51 11 21 93 51 56 33 97 42 8 80 84 68 17 3 51 54 52 56 1 42 66 30 22 78 19 43 61 95 90 15 67 27 45 25 68 9 48 37 13 93
94 5 6 53 12 71 3 83 75 14 51 28 37 29 8 71 5 100 88 51 67 65 94 0 83 46 40 51 7 38 48 35 96 99 89 52 37 28 31 2 62 38 61 70 90 72 81 73 31 37 46 3 95 71 28 13 56 85 56 15 41 95 68 69 62 68 83 96 97 75 83 26 2 83 41 1 62 58 100 44 9 18 50 36 73 44 27 10 65 92 74 50 28 44 33 49 16 84 33 40
82 9 40 55 36 96 36 22 98 54 43 98 3 25 80 51 65 36 14 78 63 52 30 39 44 41 63 7 19 82 59 78 94 85 78 12 80 82 36 0 31 58 25 52 34 72 43 42 44 61 71 52 56 26 82 19 18 15 46 61 97 95 75 50 90 81 85 85 59 75 71 78 16 28 87 97 16 82 57 81 29 73 52 97 34 24 42 12 5 17 58 21 88 17 24 79 16 7 44 37
13 63 42 47 4 30 79 2 78 33 31 52 34 66 0 74 87 24 22 45 35 100 48 96 11 90 30 50 30 67 74 80 56 32 59 16 85 19 1 92 10 56 9 93 16 74 2 49 65 31 50 100 41 77 44 86 40 48 90 83 49 36 87 57 67 16 61 59 48 15 23 82 20 98 21 96 10 89 74 3 66 23 94 46 28 66 42 47 47 28 41 46 78 35 55 59 93 80 92 3
11 2 74 42 79 7 39 5 84 9 6 17 48 21 88 40 31 4 13 44 42 43 66 2 6 12 93 26 33 24 28 33 27 81 43 9 18 29 41 80 49 9 57 1 26 21 43 93 26 56 51 40 1 57 54 22 2 50 73 84 87 26 15 68 17 5 32 34 27 99 99 66 9 42 65 17 58 18 15 91 68 70 25 31 30 0 83 87 20 61 8 10 87 61 36 53 88 25 31 22
26 93 84 47 29 48 60 88 25 34 96 65 12 39 19 94 62 48 37 70 46 24 12 15 38 36 66 29 32 84 21 65 53 19 55 50 59 13 89 65 94 35 61 97 21 6 63 54 80 71 96 84 47 85 72 74 68 54 55 61 7 23 98 31 31 20 13 11 9 86 16 43 21 50 22 24 75 81 25 71 99 65 20 41 60 99 90 62 89 50 71 21 76 75 35 75 93 95 4 71
62 38 86 4 20 23 18 46 57 35 45 35 50 24 59 92 32 17 25 97 49 50 87 61 13 45 3 67 43 84 56 58 45 37 46 64 93 76 84 77 0 35 79 14 35 65 23 53 100 89 1 74 27 72 98 32 72 73 5 45 89 53 68 42 39 10 58 29 46 29 40 71 54 85 26 66 39 0 81 52 96 7 66 45 38 71 57 72 71 92 45 73 90 51 14 29 29 37 85 68
40 73 18 88 45 25 7 48 12 57 33 46 65 95 10 73 35 43 13 5 33 46 97 61 35 99 39 83 76 51 2 76 20 83 22 51 67 54 59 37 48 43 38 99 51 81 37 76 99 48 97 65 22 20 92 76 67 38 24 12 19 13 95 74 61 31 100 78 64 57 45 2 76 0 65 14 55 30 16 82 77 35 38 69 68 58 98 60 92 13 21 32 72 68 68 73 29 46 49 46
19 8 29 37 13 34 70 29 53 41 46 74 78 100 96 71 80 2 53 100 18 93 15 56 82 61 99 59 37 6 83 17 45 78 15 14 39 51 70 50 27 43 15 74 0 61 57 87 84 0 78 2 24 44 81 63 63 58 92 1 87 16 8 50 28 52 20 49 44 25 3 69 49 71 70 26 88 53 79 63 68 32 41 84 6 33 78 27 88 43 90 43 54 49 30 83 58 49 17 84
48 92 30 11 98 85 85 100 10 50 19 23 10 88 3 62 83 73 1 5 72 51 7 83 3 87 6 52 15 75 41 1 61 43 23 47 20 41 81 45 6 51 29 38 53 75 37 98 31 45 63 46 72 10 13 17 80 33 41 27 84 27 10 14 64 69 100 52 84 11 33 49 23 60 27 79 33 71 70 15 21 0 93 60 62 34 56 79 53 0 42 8 84 11 92 0 77 90 86 63
51 15 29 96 51 25 43 74 90 18 14 59 72 4 66 37 9 55 53 30 21 13 66 31 34 57 66 81 50 46 3 3 55 19 38 27 4 33 91 89 83 61 62 93 16 8 37 91 84 83 9 17 83 18 98 97 1 38 47 81 87 0 71 8 96 58 60 6 89 71 71 66 50 50 4 87 13 88 64 52 54 36 87 27 81 52 98 100 11 34 17 69 53 8 86 94 88 95 90 98
24 94 64 72 5 26 12 96 48 73 59 82 24 33 42 61 27 32 39 78 70 97 82 77 52 15 89 84 4 85 43 96 94 56 60 48 79 51 20 51 34 86 42 23 8 39 78 30 92 53 65 66 46 13 49 36 34 62 79 64 72 17 23 13 57 70 9 58 27 9 47 57 12 76 30 72 41 55 14 8 84 50 91 83 34 42 14 39 31 75 57 54 52 100 5 25 11 97 32 75
25 67 55 53 43 95 56 22 13 34 37 71 11 20 16 92 45 76 18 55 66 27 1 47 94 77 55 77 49 48 80 18 65 6 40 87 85 1 50 76 37 62 62 62 22 58 91 85 3 75 66 55 62 4 93 79 5 23 41 77 10 7 69 66 48 88 96 5 90 11 2 11 84 29 62 15 85 82 82 4 25 34 0 90 17 57 95 77 86 37 85 5 42 33 40 57 66 12 32 76
40 74 29 95 11 12 43 100 18 14 19 59 1 83 79 78 27 96 64 61 46 5 48 4 72 60 67 31 38 85 52 80 77 21 37 81 32 87 6 11 87 72 36 21 78 7 82 29 26 65 51 54 97 6 85 60 11 1 41 79 12 58 32 50 77 91 64 92 84 48 0 100 77 64 78 92 36 14 89 48 39 78 11 99 56 13 44 96 80 81 84 2 30 91 61 39 21 32 8 25
100 5 81 46 65 24 0 31 34 74 66 10 83 1 8 2 49 39 35 34 48 60 88 46 85 37 25 69 88 38 60 20 37 55 6 74 27 79 22 56 51 39 93 43 45 12 22 38 56 17 89 28 9 79 20 84 59 9 87 39 68 94 99 63 68 40 27 36 46 34 86 55 31 16 65 16 27 15 91 49 80 16 7 57 11 78 43 58 98 82 4 66 85 47 11 2 15 63 79 35
90 66 30 62 49 53 2 25 38 51 48 17 55 51 64 75 65 93 14 51 72 97 27 63 75 70 40 98 33 10 3 45 21 91 77 85 11 84 86 15 38 70 7 30 40 56 51 51 97 6 79 86 78 28 68 81 13 75 22 29 82 6 92 10 21 20 59 66 79 30 63 63 38 13 44 98 90 79 18 82 91 65 97 54 51 85 69 24 3 74 76 2 30 6 63 98 49 77 72 31
32 28 25 76 30 40 75 37 46 33 97 44 72 80 56 90 94 95 57 74 33 31 100 38 9 74 90 37 19 48 19 60 92 61 21 45 16 9 4 66 55 5 2 77 63 83 31 62 63 85 92 76 15 91 48 79 28 74 7 71 42 71 30 83 8 36 47 28 51 60 42 57 43 76 18 97 8 87 79 26 15 72 95 54 39 43 78 45 11 66 69 92 67 28 42 49 25 89 48 78
23 84 16 25 89 48 6 13 48 22 48 52 62 52 0 63 43 3 61 27 77 54 89 18 90 37 18 95 9 10 82 86 34 21 96 36 94 55 4 35 2 41 94 59 49 81 1 73 52 77 50 21 26 51 61 97 10 10 36 31 48 38 43 54 76 39 70 31 50 49 10 66 5 89 82 39 88 86 34 70 38 45 100 95 26 63 25 88 75 50 17 3 19 84 84 70 5 67 0 95
27 82 0 11 12 79 11 90 94 39 2 26 54 94 14 12 97 18 22 43 30 97 97 49 57 62 95 14 76 39 58 53 34 27 22 97 44 73 18 91 91 26 33 3 9 69 94 54 75 22 0 82 58 96 29 80 77 4 74 83 45 72 6 38 89 88 67 51 66 78 65 89 9 6 95 82 20 10 59 70 58 78 98 35 52 100 45 48 56 49 90 8 19 65 31 41 25 1 48 64
79 96 19 61 92 32 71 50 38 83 84 28 50 76 70 20 36 99 94 15 5 56 92 60 6 87 9 13 22 88 35 8 58 44 32 71 30 75 9 29 33 54 33 36 88 40 10 81 51 16 76 21 7 49 7 21 88 34 21 66 67 33 57 59 70 2 67 40 80 42 25 40 9 11 65 17 26 25 20 96 43 7 70 12 95 61 41 5 16 79 66 15 8 85 79 59 40 73 21 17
8 61 47 30 15 32 68 98 52 78 56 89 45 86 97 11 81 94 28 42 70 60 45 16 74 31 42 90 2 12 39 51 21 68 12 59 98 65 37 80 56 23 49 84 48 7 80 69 84 87 43 9 27 92 87 99 52 72 9 46 9 67 5 4 15 53 7 82 66 81 20 87 15 32 14 48 14 70 34 66 25 29 54 0 19 59 43 23 100 37 17 40 93 37 90 90 32 56 34 98
85 63 89 94 85 0 52 26 9 55 28 38 61 31 40 92 86 95 100 36 9 78 74 63 49 100 0 98 18 88 63 58 39 20 87 70 18 20 17 80 28 20 8 98 25 28 9 98 18 77 62 54 73 97 72 22 46 41 12 20 60 75 68 68 83 30 48 8 0 30 60 35 41 81 18 55 83 64 25 17 37 71 13 33 50 71 90 39 5 13 8 20 5 78 19 13 41 59 56 89
67 75 25 57 35 69 61 66 9 45 51 59 90 87 83 14 64 7 28 57 60 86 39 18 41 34 47 51 77 79 61 31 76 42 66 53 78 70 62 67 43 82 80 35 70 23 63 50 40 34 95 88 90 48 21 18 27 7 1 39 86 64 58 96 69 4 63 51 92 28 67 35 81 85 100 99 76 24 21 80 43 89 24 9 5 69 84 48 95 69 93 15 61 89 43 53 38 45 89 55
98 85 93 54 69 82 19 60 13 90 16 25 98 72 53 93 17 17 16 11 29 16 58 68 10 33 24 90 15 1 62 9 60 12 96 51 9 65 24 61 97 60 6 86 38 99 97 66 64 56 7 90 76 81 27 35 21 3 85 45 8 33 15 27 9 54 37 29 56 80 77 78 61 93 61 68 64 11 58 29 95 56 72 54 57 9 14 74 94 66 48 75 9 66 28 58 5 72 6 6
4 91 78 74 76 50 26 0 22 84 21 71 44 95 90 8 98 36 72 73 95 0 74 58 31 18 71 31 74 65 3 59 86 50 23 29 16 50 15 11 28 98 51 43 97 38 66 8 25 13 66 30 75 43 69 34 9 11 20 9 31 14 66 12 88 68 79 88 79 87 88 63 29 1 27 92 77 72 77 30 63 24 76 72 100 52 44 81 44 82 38 52 74 30 92 15 39 18 67 70
60 28 50 82 28 77 46 25 50 47 43 93 46 15 86 26 97 49 32 98 50 78 26 14 73 74 38 69 100 58 54 2 45 53 40 17 92 1 73 74 53 45 20 44 64 56 93 53 45 34 98 84 35 72 31 47 66 82 47 10 65 94 1 92 41 93 25 30 0 58 86 86 90 55 10 10 8 69 29 100 7 48 50 71 78 9 69 10 96 67 74 57 42 100 6 57 76 91 80 18
92 58 49 17 66 8 65 32 20 41 78 66 19 11 15 73 37 97 65 7 88 93 71 58 75 3 91 98 41 4 16 83 31 94 97 58 36 71 98 22 42 57 4 61 1 58 65 89 85 91 57 38 34 60 85 94 49 66 23 56 63 61 79 70 5 29 28 18 75 3 6 73 54 23 80 23 47 66 5 82 44 68 71 50 44 64 1 13 93 50 12 98 82 90 81 9 64 14 74 14
15 40 9 22 46 65 92 46 50 57 54 77 5 84 68 9 75 19 87 80 51 91 9 55 6 80 51 99 57 13 16 78 97 15 22 8 23 11 3 22 67 65 0 7 81 81 60 41 24 30 43 69 38 27 56 69 11 93 5 73 30 39 36 34 85 87 8 3 81 91 41 15 85 15 38 30 81 81 72 49 57 59 71 46 8 95 23 97 22 84 32 8 100 53 45 10 12 90 60 2
