74 60 67 1 60 28 80 58 97 73 23 0 79 90 29 8 18 22 81 67 19 100 38 62 56 86 54 42 64 89 70 49 97 70 52 88 45 7 46 21 46 77 29 97 48 76 98 48 58 23 70 81 98 44 47 75 87 77 4 23 4 58 41 90 59 86 57 2 21 82 79 57 56 60 32 31 10 95 27 21 10 8 85 71 52 83 48 82 100 62 78 54 92 68 42 4 48 13 23 0
16 78 98 73 23 39 6 29 7 95 17 65 93 10 92 92 88 76 17 43 87 94 10 19 20 83 78 36 57 67 36 73 5 11 69 17 30 98 69 84 64 13 6 32 63 43 18 7 53 64 81 81 0 18 90 1 24 93 27 89 87 94 95 61 89 47 70 74 24 95 30 77 72 96 48 84 32 14 21 2 9 30 70 52 12 47 37 2 6 71 6 58 25 93 26 33 28 97 34 62
45 34 79 3 87 36 37 27 4 69 33 85 63 86 55 98 68 21 72 61 71 25 74 35 41 13 81 6 26 17 37 85 4 45 58 82 71 84 40 57 24 74 68 67 6 19 56 70 45 40 6 11 12 98 15 34 16 34 100 14 33 90 93 70 56 75 21 9 89 40 18 94 51 96 68 69 37 69 92 94 73 43 72 86 9 44 7 29 47 44 73 93 45 70 36 53 69 100 50 13
30 7 91 0 4 1 82 89 19 37 52 8 99 8 40 22 23 86 44 58 21 6 72 5 26 4 23 7 22 45 55 1 28 85 58 81 31 41 86 86 41 54 71 95 15 92 55 53 1 60 20 27 4 87 84 85 7 60 49 8 76 95 90 3 54 73 70 28 54 38 8 59 1 4 42 42 67 37 43 58 82 81 48 42 74 81 80 48 25 2 89 98 93 7 80 62 15 50 39 39
12 31 32 52 89 34 37 89 12 100 20 96 40 65 0 15 100 24 10 10 81 7 22 82 46 19 85 81 64 67 5 8 32 92 51 66 76 50 22 69 84 75 92 44 62 21 94 48 71 6 39 42 76 84 67 0 30 37 61 19 1 12 81 69 16 75 38 91 28 6 67 15 93 32 54 61 19 78 61 5 92 75 65 25 63 2 63 75 50 33 5 7 100 9 34 100 50 58 46 19
51 60 59 53 6 17 56 10 80 59 72 37 48 21 40 5 88 87 38 94 39 46 88 84 75 42 74 64 13 85 59 65 15 73 36 84 95 1 40 2 36 96 91 45 51 42 16 94 31 3 23 66 94 97 53 2 52 25 62 19 11 20 96 36 3 52 20 93 98 73 67 9 44 30 43 65 81 52 26 62 94 44 23 35 84 29 47 48 93 19 96 99 21 55 18 72 93 2 77 2
8 93 74 47 7 10 17 22 72 48 25 44 60 54 3 5 5 76 87 37 56 95 16 61 62 67 37 95 20 89 51 82 17 97 34 98 21 12 16 37 71 93 58 1 37 21 21 57 87 80 17 92 32 97 74 39 86 84 2 74 48 6 0 17 35 25 69 39 61 56 24 91 55 30 95 49 22 67 75 32 2 34 19 68 38 29 95 95 48 19 83 76 36 30 82 7 74 53 22 2
51 79 39 83 72 78 70 5 14 66 54 10 0 9 5 1 75 77 55 62 77 72 79 55 7 11 24 71 4 12 63 55 57 85 23 50 38 53 93 78 2 56 29 82 30 93 0 9 56 0 30 32 33 78 29 49 44 55 22 95 35 52 93 64 98 70 23 93 27 35 16 37 27 2 7 71 79 99 47 52 48 91 46 78 9 39 79 23 84 38 75 53 6 17 65 34 74 77 90 13
93 6 72 69 47 59 50 21 3 27 13 100 39 78 14 66 31 59 49 27 94 38 6 68 97 39 20 32 40 97 52 38 29 85 29 93 10 16 92 43 69 5 22 29 60 98 78 57 16 7 8 38 84 8 59 19 28 33 17 69 36 86 59 39 12 16 6 27 59 13 43 86 53 18 87 96 1 59 45 32 28 39 55 2 99 66 15 72 21 50 89 98 56 68 96 18 88 95 43 18
18 48 41 38 72 7 34 20 34 55 90 100 32 5 15 79 11 42 22 78 56 71 34 45 54 85 44 87 12 21 15 51 8 21 7 65 51 79 70 0 96 30 21 2 71 30 81 31 21 90 98 0 83 75 100 95 7 79 51 87 34 87 75 54 45 61 67 12 95 25 60 16 44 78 69 83 96 64 33 4 15 91 62 41 68 34 41 73 20 21 43 6 18 19 12 88 4 68 67 31
82 63 77 70 76 25 0 30 1 26 88 5 63 4 10 96 41 32 20 30 38 39 7 80 33 9 74 84 68 1 66 42 98 71 17 47 63 4 30 95 55 57 22 38 11 25 0 85 82 86 56 75 93 92 10 27 48 56 61 64 69 93 83 85 80 98 69 8 95 71 97 1 3 35 77 72 38 76 35 87 61 6 7 56 37 78 8 99 94 59 95 69 15 65 2 98 3 80 93 11
98 33 93 64 45 99 32 73 48 100 45 58 84 31 45 62 60 77 38 6 92 31 7 49 69 63 74 45 68 54 53 83 40 3 29 37 77 42 7 84 34 35 64 55 71 50 82 32 93 72 89 29 81 28 23 96 76 68 14 29 78 55 84 7 36 29 67 13 64 56 84 69 86 23 80 69 5 64 54 76 54 26 48 79 2 77 44 47 15 81 95 20 30 60 10 1 88 22 66 13
26 0 46 23 60 41 36 27 46 81 41 6 37 25 40 7 80 6 28 65 73 19 65 73 92 73 50 99 92 53 78 90 51 64 82 0 27 20 82 43 8 90 7 85 63 88 69 23 40 14 50 77 79 77 92 50 1 18 23 19 88 68 84 59 49 59 58 36 41 6 4 72 46 10 76 73 91 22 23 38 34 14 42 15 51 27 62 31 45 78 13 27 60 22 37 87 0 11 86 73
74 87 36 2 80 58 39 0 18 92 91 34 79 57 89 58 57 19 89 34 35 42 66 15 63 41 35 8 92 99 7 71 34 22 96 47 72 60 32 85 29 84 0 73 55 42 26 33 2 7 59 70 22 49 42 78 6 31 2 99 36 2 4 42 32 64 36 58 82 97 31 31 26 23 66 28 49 33 100 52 12 8 26 1 39 6 32 92 99 84 93 17 49 98 91 71 87 9 52 32
35 50 76 99 38 80 70 36 62 10 55 46 31 21 47 54 21 19 22 13 22 57 37 27 88 36 18 59 0 62 98 58 56 18 72 70 92 99 15 97 21 88 29 86 94 96 85 10 64 57 67 93 92 11 1 78 90 56 86 26 49 21 74 88 6 56 78 84 56 24 94 52 73 12 56 9 13 16 18 86 18 79 56 24 69 21 12 51 86 9 84 79 16 66 23 87 50 25 38 58
43 49 48 26 85 83 15 46 0 65 98 71 99 15 80 24 69 94 31 76 65 100 86 68 75 71 0 44 98 77 90 85 69 60 1 14 22 38 2 12 66 37 5 15 32 89 64 87 9 73 27 2 47 95 65 57 20 4 14 59 64 51 11 50 88 61 42 28 4 63 45 63 66 5 76 47 71 98 91 38 99 37 71 58 34 48 2 83 31 14 16 85 47 66 80 13 69 8 99 30
71 6 61 58 23 34 11 89 78 29 55 89 6 59 88 90 4 79 21 28 17 42 93 92 60 93 69 16 92 99 42 60 35 35 99 73 86 24 61 75 99 19 55 53 30 39 52 55 80 37 53 6 79 20 29 99 76 100 57 35 70 1 64 77 23 46 37 68 28 76 57 51 16 45 41 67 52 65 42 93 63 92 40 6 43 89 79 93 96 39 47 20 12 5 36 65 94 8 61 65
84 37 87 57 23 75 84 4 41 34 5 85 92 10 87 90 88 88 59 99 62 66 21 12 27 92 89 9 57 4 16 1 62 48 81 25 91 59 7 64 45 71 14 68 96 92 41 85 34 29 9 55 65 76 73 47 41 29 2 60 18 10 50 0 67 8 35 71 8 79 29 28 7 31 74 60 38 41 87 49 19 55 9 79 53 33 51 45 8 91 51 35 67 69 21 2 35 2 55 36
63 28 71 47 38 61 3 34 100 34 88 83 98 19 59 6 28 61 32 28 54 24 42 25 87 3 55 71 40 80 93 44 21 91 72 82 69 91 31 37 48 100 32 37 95 46 57 20 39 69 13 52 33 90 20 45 27 79 64 16 67 54 26 30 57 43 75 96 41 59 24 8 3 75 93 57 99 47 55 83 3 35 7 46 31 1 42 92 31 99 36 99 82 84 83 46 75 97 20 59
61 40 22 28 81 74 69 78 35 24 11 19 25 4 60 42 97 69 100 86 26 51 98 71 26 61 50 94 70 9 27 64 82 9 64 99 85 93 6 36 51 38 100 22 38 29 68 73 95 12 92 55 97 76 61 87 17 81 69 69 43 95 55 41 23 0 71 17 98 36 23 51 66 48 79 87 23 4 72 26 94 64 93 89 22 12 88 42 52 52 20 56 7 87 86 79 63 63 9 85
17 54 41 14 54 23 40 98 7 69 76 73 14 31 63 30 95 85 67 30 24 42 8 46 0 54 25 21 25 20 6 75 47 90 21 47 18 68 75 70 71 98 87 4 63 86 17 55 54 49 44 24 100 45 0 96 29 52 24 63 58 49 56 45 14 34 27 79 57 26 34 84 79 26 17 26 97 90 99 20 11 19 77 88 43 70 81 57 95 50 22 32 3 40 22 75 72 66 38 96
67 99 58 11 69 85 7 46 64 39 21 4 10 49 41 40 61 14 34 92 80 42 36 59 43 91 43 23 84 76 52 92 2 26 52 41 67 45 74 54 47 12 43 87 6 40 1 16 31 39 66 3 24 56 35 15 75 81 80 85 75 29 56 5 77 2 24 29 97 35 81 72 86 15 73 95 13 3 41 92 72 6 54 15 19 38 21 27 83 69 42 88 1 35 12 20 15 16 42 47
56 21 30 11 42 91 37 17 31 58 27 3 84 96 82 98 48 87 93 69 36 97 7 73 62 7 2 45 33 79 49 31 14 65 25 53 51 83 80 48 14 63 17 85 33 55 34 80 0 84 41 35 16 2 94 81 5 37 62 41 60 85 71 90 4 60 93 6 81 14 96 81 64 42 70 17 56 4 33 81 97 34 33 90 0 99 48 64 56 30 54 48 68 35 31 89 46 2 48 48
31 74 82 35 72 32 60 84 25 29 19 36 46 52 41 34 71 49 74 60 75 78 22 51 16 22 27 1 78 20 5 46 79 80 95 57 34 96 26 51 96 21 32 29 99 4 84 96 64 69 29 76 9 60 67 97 46 22 95 27 96 33 21 93 38 88 6 91 69 9 1 3 85 48 40 98 6 90 79 28 8 69 99 100 78 29 90 87 22 45 62 16 26 55 6 69 13 28 21 50
43 18 30 80 37 41 21 6 23 39 12 90 90 2 73 90 44 7 44 22 24 13 94 90 83 76 95 37 38 81 84 44 76 7 28 47 4 47 53 9 57 85 97 6 74 62 89 0 51 1 72 65 30 9 38 87 40 49 17 48 25 37 14 77 72 86 53 96 40 54 42 49 64 38 31 22 21 73 40 90 62 16 32 9 17 76 9 53 0 11 75 40 90 69 34 0 27 5 52 89
38 43 6 61 0 76 94 14 21 74 10 36 68 21 12 14 72 50 89 23 25 50 61 12 85 32 2 25 36 49 59 100 13 42 5 42 66 79 76 74 100 87 64 99 60 20 71 56 4 22 69 31 65 13 18 12 49 62 81 8 45 11 79 76 61 36 93 12 6 64 63 48 53 39 45 21 7 17 36 22 69 96 99 89 83 26 48 12 54 4 90 81 96 11 10 83 8 15 38 63
27 50 38 57 44 28 57 88 82 49 36 49 32 5 39 84 41 47 53 27 73 74 59 16 21 51 47 69 35 93 41 51 51 62 78 32 89 57 85 40 13 78 77 1 53 8 26 85 18 58 100 77 20 83 26 98 32 58 87 64 33 17 64 55 3 73 72 15 45 64 5 26 13 17 26 20 21 73 55 28 60 37 48 78 96 35 83 55 44 81 100 36 90 63 7 67 30 71 98 96
28 20 90 30 64 14 7 19 8 29 27 86 26 76 80 66 87 88 2 37 39 32 41 98 71 43 79 13 59 60 60 27 35 46 80 29 37 47 32 78 68 87 23 94 60 7 9 7 13 55 69 91 100 85 64 16 74 42 25 2 62 9 75 34 57 79 36 56 79 14 12 82 13 78 26 11 77 35 90 55 6 75 42 76 46 30 90 16 59 65 0 47 78 47 17 38 35 2 11 44
76 40 82 64 93 100 61 60 19 63 0 66 55 81 87 19 76 14 17 71 54 19 60 98 95 8 57 68 64 36 90 31 26 38 44 29 65 5 56 94 0 0 4 27 53 1 15 19 30 50 25 99 25 14 56 2 85 13 85 37 87 38 3 98 34 2 30 74 39 28 83 78 28 66 5 32 35 16 39 53 84 35 93 41 71 75 46 23 89 67 37 29 44 82 76 19 80 91 34 72
15 44 3 24 27 43 41 87 71 73 18 74 67 31 86 39 71 27 93 48 37 97 18 92 71 77 9 57 1 7 9 45 7 74 45 34 16 12 21 14 45 2 29 25 72 17 16 95 28 0 15 55 68 61 63 53 94 75 3 40 43 53 48 46 82 50 1 77 23 91 1 86 64 58 39 87 6 40 17 13 81 90 31 96 25 5 31 37 27 38 95 45 82 2 11 21 11 59 70 74
96 18 62 25 100 43 46 94 2 56 73 64 75 68 2 60 26 42 8 82 88 1 45 27 1 82 48 4 42 78 35 8 49 56 57 20 31 74 33 67 85 44 79 39 36 42 86 18 56 2 100 27 66 40 0 93 49 72 83 8 44 69 70 59 9 6 58 24 68 0 2 25 5 30 43 34 71 92 65 24 12 89 26 41 89 23 4 37 13 57 50 1 86 42 1 32 94 28 0 45
50 87 55 27 63 39 37 28 78 18 53 47 13 38 2 17 83 2 60 97 67 65 89 42 60 51 80 11 99 88 7 76 64 89 41 93 35 82 94 73 34 99 71 83 22 11 55 27 30 64 1 25 45 45 36 48 29 70 97 26 77 9 30 41 14 45 10 39 66 9 54 61 48 97 2 66 93 26 5 62 21 47 75 39 85 19 25 16 89 19 23 62 92 17 62 57 28 47 63 81
48 12 73 22 36 42 82 9 64 100 19 37 77 21 11 99 53 34 84 63 24 90 21 67 4 19 23 20 17 21 87 79 42 75 58 17 12 95 74 6 61 98 76 35 10 97 30 6 88 34 98 91 85 89 84 86 15 36 89 36 42 91 41 26 71 8 86 25 51 89 88 21 17 88 71 13 98 69 39 50 64 77 48 54 92 71 74 64 92 65 4 46 67 63 35 61 80 99 5 22
90 15 5 34 30 23 53 21 96 42 68 61 91 69 68 4 9 73 9 69 60 63 58 2 0 38 21 19 29 98 45 65 79 33 12 68 37 10 69 89 42 54 25 73 24 83 21 54 63 31 5 1 31 62 90 55 48 81 45 23 51 14 32 10 54 56 49 71 56 48 76 49 93 8 61 85 20 48 88 78 86 97 42 20 98 11 15 85 50 48 99 40 31 28 96 94 88 67 41 31
98 99 37 40 18 50 33 18 35 49 29 67 84 25 73 46 73 5 73 2 1 23 36 29 84 72 25 30 36 82 88 29 93 12 70 43 86 0 45 49 90 81 1 55 48 95 82 74 7 34 68 17 77 18 44 18 29 78 65 81 35 17 91 38 56 100 30 47 6 31 33 88 68 72 86 10 29 79 94 39 78 10 50 7 63 36 78 97 87 83 84 51 3 78 64 64 34 59 92 67
37 90 92 16 4 70 17 26 52 0 3 23 87 32 57 28 92 87 48 55 29 27 59 84 3 90 33 8 4 44 95 52 32 64 42 79 59 14 68 33 20 53 81 98 45 92 93 2 35 57 39 73 89 13 12 97 17 68 87 25 10 97 11 41 80 34 11 67 97 51 40 20 86 80 44 53 20 5 0 72 84 72 86 20 34 35 67 60 74 82 80 71 27 64 29 74 45 75 27 37
48 24 46 85 13 1 3 85 41 31 25 31 97 37 58 93 34 74 74 3 15 40 84 64 78 54 94 85 44 78 77 54 47 22 95 33 96 1 0 33 99 67 8 15 8 13 93 38 100 95 0 26 38 45 76 6 63 40 85 12 45 58 62 5 90 68 96 8 21 60 91 99 57 69 71 56 54 93 36 4 30 72 72 2 51 93 5 47 54 98 75 26 33 83 53 23 47 95 95 59
82 15 6 18 17 10 98 9 99 15 42 38 81 52 34 7 30 43 5 23 60 68 26 54 22 55 29 92 14 82 60 1 98 3 85 60 75 54 73 8 27 77 46 34 77 6 78 14 51 33 27 21 58 60 62 72 18 66 56 8 62 19 88 15 81 46 95 97 41 5 9 94 88 55 73 23 63 28 38 82 77 99 96 92 75 94 94 31 82 96 73 69 44 94 59 98 40 53 84 95
28 52 41 89 61 75 16 1 96 14 26 40 94 98 76 45 74 19 93 31 5 6 57 60 45 73 40 98 94 38 5 90 2 88 78 90 88 68 11 68 60 0 88 80 31 50 96 86 27 38 3 70 8 33 86 4 23 9 84 37 41 19 23 25 53 6 23 79 24 70 96 61 70 86 80 23 93 85 30 9 61 36 43 36 64 80 18 24 50 97 80 96 28 100 61 45 48 70 92 84
4 59 92 31 85 26 65 61 77 78 48 84 61 35 91 54 85 45 50 26 53 81 62 70 14 72 3 65 92 7 95 85 62 77 27 50 76 87 78 22 28 14 31 4 10 93 45 56 65 1 73 92 88 42 89 71 68 53 30 88 47 21 59 44 40 40 62 100 7 42 24 23 3 43 16 89 59 62 87 45 8 70 27 51 79 12 63 7 24 49 7 55 57 94 63 10 64 70 94 96
17 95 92 64 79 4 54 59 49 49 28 64 54 42 30 9 6 9 47 16 38 18 68 12 85 19 53 73 48 29 83 88 10 77 0 23 3 74 30 31 100 99 98 51 64 3 24 28 62 61 80 55 49 11 39 96 64 74 75 50 25 43 47 83 83 85 19 69 67 35 32 27 18 68 64 10 68 19 49 58 4 9 12 8 35 32 62 59 47 78 82 59 40 9 83 57 57 80 8 56
100 35 32 96 59 45 80 88 73 10 83 10 92 73 51 61 48 46 47 70 100 70 25 95 78 69 79 69 22 76 50 51 11 89 77 33 9 39 61 99 16 11 76 37 84 73 6 48 93 9 9 91 98 34 21 86 95 38 46 44 80 44 100 95 73 63 33 28 0 42 87 85 83 94 49 89 30 3 90 88 40 62 94 2 18 48 9 11 99 45 3 86 43 5 64 94 6 20 0 52
72 73 67 20 68 21 98 90 95 14 96 92 12 28 34 78 23 23 77 96 55 96 79 28 33 48 71 79 75 9 75 54 33 37 87 44 22 52 9 84 75 11 4 77 49 73 52 82 41 91 37 87 48 94 76 39 45 50 31 95 57 58 93 44 5 62 70 8 19 100 61 22 4 72 57 29 46 20 20 91 20 36 35 15 10 48 14 80 92 14 36 92 68 32 71 61 3 30 54 55
70 87 17 88 13 4 66 4 5 71 33 16 33 34 55 28 16 92 56 26 47 57 4 19 26 49 39 59 30 90 3 29 33 74 71 81 39 47 100 12 98 91 52 85 15 48 30 82 43 60 87 70 23 54 54 84 81 72 67 36 45 1 25 28 89 22 52 99 79 73 83 15 23 53 9 8 27 82 48 59 94 62 5 54 46 90 75 70 42 7 75 66 5 7 76 38 42 34 81 14
93 84 54 10 20 62 38 40 45 56 98 69 5 31 90 88 77 61 7 54 67 34 86 17 41 7 32 37 38 17 5 86 94 73 93 99 77 30 36 72 61 1 98 46 93 18 40 81 59 48 82 44 96 86 85 65 87 84 22 43 89 52 95 91 87 72 26 15 87 73 72 90 6 2 52 40 0 95 90 30 0 88 13 30 38 20 55 36 86 47 97 40 34 87 46 23 9 21 99 13
88 4 97 100 82 34 9 51 4 9 45 12 92 2 69 96 52 39 45 18 9 70 93 92 28 66 46 77 15 79 18 54 82 90 4 74 32 72 16 77 29 30 53 37 13 75 83 73 40 3 80 26 82 78 93 8 85 12 53 18 40 13 84 32 68 66 56 44 5 9 33 61 76 12 89 75 74 98 29 72 21 8 25 62 90 50 66 52 29 62 11 0 18 71 58 40 28 30 95 31
70 45 0 47 73 20 59 50 73 0 81 83 83 94 55 27 9 58 74 37 21 98 81 81 15 8 94 43 96 6 47 42 78 61 40 27 36 51 25 58 67 48 63 15 62 21 59 63 62 19 42 45 100 30 7 100 96 97 2 36 4 15 54 95 41 42 87 84 83 0 16 22 47 93 10 17 3 57 77 66 85 88 20 48 94 73 88 93 82 11 71 19 24 66 1 96 92 10 97 77
9 92 18 23 69 14 70 48 78 29 4 12 98 50 37 9 66 88 75 76 24 77 1 4 6 27 90 26 64 14 21 37 43 33 77 65 92 48 92 14 7 82 59 58 60 49 92 76 82 61 56 42 63 64 32 16 24 5 98 13 68 92 50 40 97 96 5 89 48 75 47 88 23 44 96 63 26 65 50 15 95 16 47 14 87 41 77 74 46 64 2 17 40 80 63 3 8 6 88 31
18 98 21 40 80 5 92 62 26 33 82 59 25 3 7 75 84 4 25 75 70 36 51 17 98 71 53 84 96 76 59 5 70 5 64 100 18 9 55 30 0 8 10 21 1 69 66 6 71 74 98 62 55 77 9 31 55 63 67 69 42 21 1 68 63 12 35 25 78 64 66 51 88 77 40 13 84 59 87 98 55 79 8 76 21 85 40 46 97 26 73 71 50 47 29 3 69 42 33 51
63 62 38 37 86 17 89 34 60 76 14 94 28 20 39 39 24 28 36 59 61 20 59 4 57 82 60 30 24 62 13 84 75 3 44 44 99 20 94 80 91 17 52 66 94 40 0 69 65 87 23 15 53 65 84 18 86 89 19 74 10 32 33 6 94 73 92 39 17 25 70 43 48 92 20 98 86 0 84 95 71 43 62 37 43 75 1 82 65 81 27 43 100 9 59 31 69 62 16 50
52 60 16 56 76 82 85 68 14 100 49 3 7 80 11 79 67 76 58 45 33 6 53 83 28 43 93 43 15 19 49 4 29 36 8 70 100 10 9 37 4 42 65 84 64 50 91 24 0 44 38 10 9 53 5 25 56 56 4 67 0 46 46 77 19 82 39 69 11 45 34 99 19 69 30 68 6 82 73 87 75 81 37 6 20 58 34 5 1 94 89 86 77 7 3 58 75 33 65 73
65 92 49 87 24 25 9 28 1 62 90 25 56 0 31 30 65 9 75 68 87 62 41 26 18 59 96 23 19 16 38 89 18 77 82 85 41 42 71 15 47 68 27 52 38 53 37 16 89 66 24 5 6 59 83 17 10 23 71 1 91 31 77 53 71 84 61 4 77 94 62 19 63 64 55 61 57 81 85 23 75 19 35 80 48 16 62 11 42 29 12 65 31 68 79 2 25 36 66 95
20 98 17 85 92 34 25 55 43 97 16 3 82 68 100 3 6 96 42 94 22 3 92 5 19 20 72 71 94 62 72 93 20 87 56 53 28 6 4 17 86 84 31 74 94 2 76 88 57 66 83 99 59 10 34 34 66 68 83 22 2 30 43 39 25 81 80 23 68 92 8 62 66 59 26 16 70 23 68 90 57 88 92 69 41 5 38 86 68 57 99 4 55 54 100 51 12 30 54 64
74 4 80 13 14 80 10 67 38 31 40 41 63 14 61 58 94 56 0 36 19 19 45 30 18 0 85 38 9 29 43 24 99 22 85 53 8 99 37 74 3 94 82 21 100 58 61 17 71 99 92 75 35 89 75 71 16 75 63 65 43 8 23 26 29 0 11 46 19 55 92 55 96 43 98 83 34 14 77 28 19 13 81 94 56 3 29 94 33 24 86 69 21 8 39 40 76 84 73 37
43 85 39 75 97 51 90 7 79 63 3 69 88 25 51 63 5 6 85 68 13 98 24 15 42 42 32 98 6 62 26 67 89 70 88 2 27 28 39 79 10 13 30 48 65 59 51 15 35 83 23 93 4 63 53 73 23 10 5 3 6 66 14 35 61 89 33 97 89 21 3 72 8 18 29 63 38 96 39 55 44 11 95 26 1 97 21 99 75 17 7 39 68 19 1 31 78 98 43 0
100 85 38 61 98 81 56 76 64 67 97 87 84 78 98 56 55 55 20 33 61 4 51 59 66 41 71 38 63 93 66 94 92 76 36 26 20 19 12 75 87 95 67 68 100 19 96 34 4 1 8 82 2 18 52 82 22 51 4 79 55 68 64 100 39 27 71 33 1 31 41 39 41 14 83 85 22 15 37 13 65 78 60 54 70 36 42 37 6 29 19 37 92 41 69 27 95 53 65 55
74 80 94 9 33 72 100 69 73 41 90 0 65 47 87 12 15 96 68 47 15 23 77 7 96 75 94 80 42 82 83 87 64 43 4 54 71 23 47 14 61 38 62 63 44 22 12 14 53 72 89 61 47 23 40 98 83 19 97 72 62 61 81 1 87 84 97 83 58 57 58 100 2 3 90 10 94 79 36 47 35 45 17 57 68 83 0 81 26 24 58 67 35 38 91 33 37 80 92 28
70 55 25 3 45 71 72 43 13 70 49 88 19 64 56 66 0 32 61 39 98 83 69 6 53 10 57 64 28 84 46 44 99 21 35 16 9 22 4 94 98 30 28 10 9 75 84 87 6 15 62 8 79 86 28 21 75 84 80 67 53 47 72 37 18 31 14 59 84 93 87 92 62 67 58 43 48 76 72 5 47 7 72 25 68 28 54 84 25 60 34 85 26 83 39 3 27 5 100 94
74 0 67 25 73 37 64 37 53 71 2 26 96 91 2 68 94 82 51 66 44 97 41 6 72 9 27 82 49 43 99 39 77 67 29 23 66 22 51 62 64 22 64 90 86 82 62 68 51 1 63 42 19 55 19 52 51 84 18 78 32 19 74 42 6 86 66 49 71 54 13 25 91 40 7 39 45 26 36 82 78 44 15 78 57 30 4 24 19 66 22 95 57 46 47 1 97 71 48 52
90 94 26 36 13 69 40 99 13 5 93 55 33 52 86 30 27 10 87 73 89 28 82 56 97 84 79 28 30 99 93 47 26 18 88 84 91 6 5 31 66 60 34 68 15 9 45 95 0 51 12 6 36 21 27 42 65 60 79 74 91 70 72 84 11 38 2 35 57 65 11 8 41 26 65 70 74 83 61 72 97 33 88 43 100 82 19 38 41 99 0 73 56 88 42 47 62 58 43 59
20 93 33 10 91 99 2 11 97 70 83 24 13 8 68 1 71 22 38 50 45 51 63 28 4 85 26 18 99 4 85 5 3 19 56 8 19 73 78 36 47 75 58 52 28 16 20 9 35 42 40 36 32 55 84 78 71 43 12 63 13 69 54 6 3 85 14 40 69 7 74 8 85 34 57 79 28 93 99 64 30 71 11 8 58 22 73 92 67 23 9 49 48 47 15 21 89 17 4 61
79 74 69 87 84 61 31 95 44 29 38 86 42 17 55 80 86 69 27 82 77 85 68 14 26 54 81 87 56 29 40 50 17 65 88 17 22 79 27 29 74 9 52 55 90 33 70 46 85 48 60 71 83 66 86 76 24 17 6 40 63 34 6 4 38 18 85 1 62 3 70 66 67 56 68 70 77 6 19 83 1 86 5 39 98 23 40 11 39 7 81 65 88 50 33 80 33 11 37 49
65 45 15 100 6 59 75 96 77 78 41 70 13 99 64 67 70 17 86 5 3 66 56 18 2 9 25 7 53 78 49 23 12 34 81 22 54 15 47 90 49 13 63 66 44 53 4 13 44 97 96 91 41 22 100 11 44 28 17 39 82 57 55 19 91 74 5 3 89 91 9 3 73 36 82 88 28 78 94 65 9 99 0 42 33 60 97 72 78 50 63 47 27 10 46 11 80 44 74 18
53 94 91 25 89 66 20 87 77 79 16 82 26 57 7 32 82 60 19 24 96 81 59 30 96 41 96 65 11 17 67 89 40 71 37 55 84 46 22 40 23 6 50 21 97 77 94 62 21 17 17 80 68 66 47 92 75 1 63 87 35 10 23 96 53 65 40 67 33 9 51 78 74 59 53 23 63 13 79 46 7 63 58 78 93 97 33 78 18 51 28 77 16 0 92 67 66 37 92 7
22 23 42 75 51 83 13 36 15 14 42 44 92 17 71 52 56 53 55 49 97 80 33 38 95 79 59 81 87 63 41 35 79 79 75 15 31 71 71 52 56 79 6 67 75 14 16 74 56 33 75 97 87 43 31 3 22 14 23 71 88 41 60 95 32 73 21 21 6 57 34 38 74 32 4 35 97 5 92 83 14 38 99 29 41 96 34 77 57 67 87 29 45 73 52 43 100 74 35 32
19 88 30 73 77 85 83 99 40 50 25 92 84 10 92 85 56 99 56 18 30 32 76 83 98 9 19 86 93 68 6 10 14 57 12 65 7 44 66 51 52 43 94 15 26 40 12 59 68 1 2 25 24 21 26 57 71 15 61 78 62 98 40 42 18 53 23 47 62 44 72 95 73 99 19 54 76 91 87 41 94 90 70 11 11 43 75 6 91 27 36 56 15 17 19 52 37 58 59 87
81 99 66 76 4 43 30 51 50 18 68 18 79 60 77 57 50 50 79 29 25 63 1 87 98 70 73 22 47 11 78 2 5 35 49 52 88 14 4 37 13 32 8 66 8 41 10 16 13 2 60 55 28 6 36 64 62 93 0 83 72 80 14 28 86 33 35 17 56 71 92 44 63 36 88 12 99 94 85 78 63 36 4 84 4 7 67 66 25 90 39 68 79 18 38 100 38 54 49 2
86 13 42 18 93 89 87 75 72 70 33 46 73 62 100 75 17 46 27 54 68 99 34 82 89 44 57 46 28 98 48 28 25 52 50 80 81 7 78 82 19 12 99 22 51 81 37 63 41 55 20 43 30 45 12 91 22 21 66 31 97 1 77 70 14 49 22 96 86 5 18 5 84 76 34 71 2 41 22 37 28 33 54 27 45 75 77 2 30 21 82 19 42 70 71 80 9 44 11 76
45 24 84 71 24 91 51 63 16 19 54 82 80 64 45 49 25 94 3 98 71 9 2 44 32 3 63 49 39 28 32 33 53 37 17 40 49 80 19 52 46 27 41 7 19 37 70 54 36 40 94 34 12 90 6 23 12 19 38 42 79 75 84 21 8 53 89 100 3 89 85 98 54 87 67 74 66 28 83 68 56 81 40 97 38 71 96 68 9 95 84 83 72 44 46 34 81 20 58 93
78 98 18 85 87 47 40 74 33 23 68 3 33 90 66 6 96 22 86 54 54 78 29 46 10 4 36 91 84 75 99 17 97 44 28 37 6 2 86 99 86 33 69 94 31 96 74 37 22 99 44 54 47 100 83 60 56 78 88 63 38 81 91 28 43 21 21 55 17 44 5 79 75 7 64 32 66 62 64 10 27 50 18 27 81 4 4 100 100 1 8 51 100 36 37 95 36 65 21 61
96 14 38 36 44 62 20 25 17 11 26 88 94 40 54 5 84 44 49 30 23 49 51 80 77 63 50 87 43 25 54 39 88 71 97 64 95 62 62 22 96 57 70 1 2 35 71 57 88 51 9 60 99 71 48 88 8 3 10 31 58 45 56 93 44 62 66 94 66 7 7 69 39 12 48 93 78 90 70 30 71 93 46 39 64 41 85 12 32 56 92 82 15 77 83 43 1 69 25 34
35 59 14 34 80 36 50 61 20 89 35 81 89 82 31 32 13 41 48 93 2 79 62 76 2 62 53 92 64 15 26 22 78 14 80 69 9 61 82 49 69 7 4 1 17 1 16 52 1 59 43 51 27 79 89 16 39 51 6 4 26 90 87 58 96 14 74 18 73 99 95 56 66 88 1 38 43 92 64 84 64 56 34 22 67 14 79 86 3 34 98 87 32 9 40 2 9 63 90 88
65 1 15 3 74 16 39 84 50 92 69 14 75 54 61 86 53 21 63 80 14 5 41 62 27 94 57 70 76 56 42 14 0 80 63 83 73 19 30 45 54 31 96 31 13 64 57 56 58 21 36 4 37 91 43 96 64 74 22 91 41 82 0 72 63 25 35 19 9 56 79 96 74 69 81 67 58 27 90 80 12 24 67 63 54 18 46 61 8 78 8 30 25 88 51 59 93 98 28 77
96 43 8 72 50 47 44 75 66 77 94 24 10 31 74 15 6 61 48 71 63 97 38 89 42 29 45 36 5 77 28 6 67 55 42 13 11 52 27 65 84 74 53 92 19 23 0 34 54 86 35 87 38 0 75 29 17 87 38 55 82 63 86 29 5 99 6 25 49 80 23 16 50 40 54 97 96 16 56 84 44 100 89 30 45 28 49 60 44 46 41 86 100 93 69 5 12 71 95 4
61 26 67 11 6 55 56 49 35 18 51 14 35 28 69 32 100 94 46 34 47 53 76 21 34 56 76 60 35 43 75 86 28 54 52 7 46 20 30 54 7 67 72 16 87 85 13 91 11 20 4 66 49 70 92 65 7 25 64 75 65 3 4 75 85 63 45 93 24 75 53 46 32 56 63 90 74 93 34 79 72 99 11 75 30 84 94 8 40 37 4 94 80 88 48 50 52 87 50 37
45 11 23 69 4 83 4 74 87 70 94 18 41 5 38 3 89 23 59 26 97 55 44 49 78 35 18 77 29 100 41 84 44 84 51 23 34 23 35 1 23 62 58 89 54 10 27 97 25 3 5 71 45 26 49 34 18 91 99 77 83 60 65 34 88 91 18 12 0 87 67 69 74 66 85 58 31 12 10 7 65 19 92 31 5 48 27 80 11 81 78 43 36 4 22 71 67 67 66 17
7 49 20 34 86 48 37 2 24 29 10 0 54 46 40 18 74 58 46 97 15 89 22 25 90 49 51 93 70 52 15 78 45 6 25 37 77 19 9 61 47 75 50 57 53 45 59 22 84 37 36 15 55 15 46 36 27 34 83 73 25 20 26 10 25 91 75 35 35 74 92 67 36 98 17 48 19 87 44 26 38 23 53 34 96 55 91 85 11 45 91 21 56 56 34 98 6 77 47 39
22 82 58 1 68 11 51 59 50 70 33 35 66 69 91 61 8 51 38 41 88 63 57 96 66 43 98 3 39 33 77 35 24 85 91 54 82 88 57 83 11 53 79 89 91 51 79 32 57 49 32 40 33 88 16 14 75 44 46 20 91 9 70 19 86 84 82 80 90 84 74 28 97 95 54 20 80 25 25 93 76 17 67 47 64 37 90 86 76 54 77 64 4 25 12 92 66 40 99 34
54 46 32 1 73 23 48 38 24 83 0 28 35 52 5 98 25 46 19 77 90 80 14 9 46 54 57 51 51 19 69 48 34 85 38 83 17 76 59 65 60 67 43 2 76 19 67 92 35 3 69 1 65 90 35 71 25 30 72 9 29 39 48 54 90 95 7 74 15 42 87 95 83 55 8 68 32 17 81 1 69 30 18 44 68 23 92 33 39 82 52 53 46 9 83 11 46 64 52 68
97 21 65 47 100 64 9 85 35 74 23 21 30 14 44 30 92 43 53 60 32 88 68 53 37 8 33 11 29 64 99 45 5 46 24 74 66 45 90 38 61 81 59 57 9 39 7 90 88 79 70 51 33 49 71 56 44 48 29 10 59 19 85 66 43 65 7 96 36 96 83 87 0 66 5 93 16 41 64 68 86 78 29 100 74 53 40 50 40 32 52 99 76 98 79 6 11 68 5 31
67 72 11 37 64 55 93 93 27 90 9 4 12 49 76 87 33 87 50 82 51 94 73 20 81 73 23 83 41 97 54 70 22 27 91 20 50 6 57 36 34 52 31 50 9 24 42 69 1 40 22 84 53 34 73 2 11 69 4 51 58 30 3 42 38 79 12 95 92 47 97 23 21 5 19 8 75 41 13 36 100 93 67 92 15 38 75 34 11 11 79 88 29 78 5 60 86 79 13 33
8 19 50 32 98 80 69 85 81 12 99 87 13 93 75 94 81 95 88 61 25 77 81 22 44 36 98 23 44 2 68 68 14 73 39 93 60 83 40 3 38 27 62 40 89 92 63 67 42 85 81 90 87 63 56 79 14 53 26 31 44 43 11 14 80 86 41 82 27 18 76 55 24 94 41 14 19 86 20 9 80 73 93 4 70 35 82 25 51 72 69 62 47 82 97 48 88 61 81 94
28 44 24 62 77 6 43 84 34 37 71 73 18 3 74 9 30 9 39 74 80 26 8 53 36 28 28 91 41 67 2 43 31 34 67 95 2 43 53 12 17 15 52 96 83 85 8 73 22 88 69 71 71 60 5 7 33 100 83 44 71 70 20 59 71 12 60 16 6 23 86 43 68 72 36 16 79 39 16 48 56 19 47 96 12 49 74 37 82 48 19 5 95 61 28 14 49 96 3 90
77 29 4 9 50 28 56 62 36 29 50 99 24 74 11 38 55 23 20 36 90 35 98 26 93 40 69 39 34 63 92 22 11 15 88 73 18 28 91 71 21 1 43 99 94 35 72 77 84 85 71 5 78 47 90 54 65 3 88 98 16 35 62 52 60 64 6 93 13 1 24 70 93 37 26 52 87 19 99 42 97 69 5 35 84 11 55 20 97 76 15 79 92 72 23 20 64 48 38 79
33 57 47 25 85 1 48 3 46 47 67 78 77 25 50 70 88 8 17 18 63 1 27 9 91 35 42 39 96 34 61 44 12 7 12 53 75 0 43 40 75 43 37 86 82 85 33 91 81 46 70 17 72 17 56 92 10 73 92 22 36 59 71 42 1 32 51 86 81 85 56 29 66 2 43 13 88 44 94 48 94 0 42 16 53 97 59 13 63 37 72 70 55 89 16 11 62 68 15 12
67 25 48 90 34 51 33 18 78 34 93 44 29 63 74 61 89 2 76 62 45 2 40 26 64 85 50 84 61 36 63 50 54 31 10 80 12 1 100 39 16 40 40 79 58 86 79 28 41 84 51 21 87 48 45 31 26 42 57 87 24 15 96 26 86 31 1 37 5 81 59 68 69 52 69 7 92 62 31 1 76 88 13 52 32 65 41 76 26 32 91 11 95 18 50 47 72 62 40 7
21 19 82 75 94 20 16 5 66 39 51 38 19 31 30 24 54 95 93 30 73 82 25 89 11 93 98 39 89 31 25 19 33 39 31 26 72 82 70 11 18 64 89 76 21 35 23 40 36 60 71 71 84 70 68 12 87 37 93 31 90 26 66 81 57 28 83 9 98 81 14 63 70 15 89 55 43 28 36 93 52 49 50 49 71 36 36 40 81 40 27 55 21 61 60 94 53 62 14 71
5 96 46 20 56 19 55 4 30 93 40 25 18 71 90 99 17 27 16 26 84 32 51 43 8 44 99 26 65 4 85 67 12 67 32 90 34 74 89 45 81 88 74 69 97 8 86 0 84 66 34 87 74 79 67 96 77 19 42 78 88 33 78 11 78 1 25 28 67 37 65 29 80 40 99 68 32 94 94 46 34 2 53 23 36 49 2 6 44 15 89 40 95 1 16 64 99 87 65 0
94 61 7 82 19 21 4 57 72 66 37 97 94 84 24 50 71 50 16 50 45 6 83 85 12 92 16 26 32 65 79 77 43 68 21 53 4 26 33 55 100 99 9 76 71 54 52 56 61 13 62 48 77 56 44 86 71 36 58 75 7 92 25 39 25 30 0 32 34 68 38 13 90 70 84 79 45 62 99 69 85 17 100 23 96 5 92 41 59 73 24 81 23 16 21 16 75 34 100 93
87 54 7 87 78 23 50 25 44 55 81 68 94 28 56 87 53 16 86 20 84 81 98 22 26 64 44 91 33 22 23 70 49 25 91 6 90 39 79 22 83 95 97 88 59 47 49 49 59 67 79 79 39 64 53 76 99 6 3 79 27 58 13 48 81 94 67 49 95 45 58 79 92 33 58 56 91 7 57 43 7 17 90 80 71 83 79 14 8 97 87 47 65 47 2 52 66 24 31 89
74 29 43 77 96 63 84 3 11 81 19 39 92 87 81 33 13 85 74 73 35 34 4 22 44 58 2 79 40 92 97 86 10 82 2 79 48 97 2 54 90 88 49 46 36 74 12 59 45 90 72 3 88 99 35 19 34 29 83 42 21 86 52 90 74 12 43 86 72 0 36 85 74 86 85 26 49 88 83 38 83 97 93 69 55 28 91 82 86 72 4 87 52 27 37 82 89 69 92 49
48 71 36 72 41 83 94 9 3 63 89 23 42 51 84 96 53 24 78 21 28 21 92 79 26 55 17 90 100 77 33 98 16 31 12 53 1 64 30 22 84 21 34 78 13 54 21 7 24 57 71 14 37 76 88 31 70 56 46 68 12 83 15 35 2 53 3 67 12 24 1 5 49 24 26 0 17 13 51 22 86 100 15 65 47 3 49 57 88 10 94 73 82 100 43 73 72 87 73 19
19 82 50 97 29 26 91 77 12 39 3 18 63 72 84 7 53 57 72 48 80 68 46 81 100 92 62 19 54 0 14 59 38 22 5 80 21 1 51 58 25 79 83 99 95 69 52 58 60 32 67 43 75 86 63 69 25 79 21 1 38 65 60 42 41 59 9 0 7 48 73 52 67 91 94 80 86 54 44 59 91 49 18 54 2 14 29 24 44 54 74 44 55 26 33 71 30 71 0 54
75 14 33 26 9 17 15 51 44 80 85 10 76 97 32 11 91 7 14 96 34 33 23 78 73 59 84 15 62 79 30 12 57 95 0 73 30 99 57 47 99 89 58 64 28 45 14 22 57 69 73 76 92 89 20 20 90 77 94 41 13 75 17 76 75 28 7 92 34 66 28 18 25 87 97 98 47 96 65 22 16 66 76 90 69 89 69 84 61 79 49 15 60 11 57 11 63 36 96 78
99 5 49 79 46 2 1 41 61 40 18 45 37 68 3 93 45 7 34 60 91 0 49 59 13 34 91 39 68 30 36 81 71 41 44 51 30 48 37 31 48 97 10 10 60 25 93 9 93 49 74 46 19 34 72 30 32 93 37 90 42 60 3 35 60 18 57 90 51 10 3 97 46 67 12 24 95 3 27 62 6 74 39 25 90 94 59 74 98 76 55 11 95 97 38 11 99 8 2 32
82 66 84 35 22 73 31 39 56 22 32 21 41 77 26 51 69 93 25 65 35 71 92 83 21 67 84 7 77 6 69 4 92 39 54 65 45 27 40 61 8 22 30 61 58 0 11 19 0 31 82 96 76 8 92 57 83 98 16 98 48 84 92 27 40 43 82 68 92 31 71 44 99 92 4 92 76 17 72 20 19 48 32 81 74 86 5 78 96 37 52 85 53 7 0 39 24 82 47 68
6 14 64 29 69 40 81 29 13 73 7 18 27 31 67 65 26 89 97 13 21 38 91 23 69 52 23 73 21 74 22 25 55 60 78 53 89 78 96 92 94 56 31 79 88 44 54 38 18 24 14 90 58 58 63 72 60 81 94 17 59 65 99 52 80 84 27 59 93 92 28 89 23 2 92 5 29 66 11 51 98 29 41 53 92 96 3 13 14 45 3 38 58 43 26 30 25 32 42 53
37 30 37 43 12 3 97 51 54 41 75 88 13 38 12 50 4 48 31 27 93 27 88 31 32 20 36 72 17 99 73 33 44 99 11 37 79 85 48 57 22 46 96 97 43 43 68 34 28 64 37 13 3 26 10 26 62 1 43 23 36 92 67 54 88 11 73 46 87 22 70 26 56 81 17 14 86 87 29 76 38 53 83 30 10 22 82 93 51 44 12 95 0 64 39 4 21 53 36 72
17 34 23 20 63 84 53 45 67 38 75 66 14 7 8 69 3 59 87 14 52 69 1 0 34 5 74 18 35 4 59 8 96 81 51 30 35 12 60 39 88 72 33 51 72 25 41 19 11 94 60 84 30 14 12 45 72 36 62 14 14 95 78 77 8 32 83 80 59 16 57 80 19 71 42 32 57 29 16 55 12 36 75 78 11 47 7 97 84 96 24 18 48 5 3 0 100 25 68 32
62 44 99 63 64 19 84 23 17 74 38 25 83 43 4 95 20 2 7 40 74 89 61 84 16 42 51 13 41 61 13 77 76 39 81 32 79 2 71 93 65 90 96 71 10 4 57 50 18 83 98 67 55 77 100 14 8 3 15 15 81 55 41 74 84 94 16 78 11 31 30 54 53 81 100 69 25 55 25 87 48 59 8 85 77 10 10 33 79 3 19 50 19 49 12 76 45 94 7 1
