58 2 88 29 49 96 75 47 5 53 33 72 19 3 96 83 78 3 83 45 63 13 96 29 86 29 39 7 55 23 38 40 96 19 23 17 100 33 95 4 84 79 48 50 93 5 96 79 45 93 57 29 66 5 1 69 1 59 30 65 67 51 89 5 23 46 42 98 28 13 23 7 93 96 81 24 91 96 82 86 20 66 90 20 37 65 4 83 62 26 77 98 35 59 52 36 39 77 89 100
16 72 84 66 36 41 7 24 82 24 13 44 55 78 29 50 22 42 8 21 10 16 40 35 100 50 81 47 25 49 42 20 39 92 47 9 55 33 20 97 61 57 21 25 4 64 5 100 51 53 98 50 44 52 69 64 17 96 88 1 71 45 46 1 4 88 42 42 95 69 72 42 9 52 31 15 37 10 39 72 71 38 52 33 59 98 20 77 21 10 66 33 11 56 99 51 16 59 98 97
20 15 98 17 82 73 4 9 14 82 13 52 32 91 96 82 44 5 24 24 13 61 73 60 25 44 84 83 46 68 86 98 96 3 21 6 82 72 43 64 99 75 5 93 26 46 44 97 23 71 35 52 43 12 49 34 71 54 44 72 30 69 45 3 75 81 50 61 86 67 39 54 76 36 11 26 38 96 99 88 3 62 66 19 66 16 45 8 5 16 18 14 32 42 90 33 70 96 20 3
39 4 93 22 16 100 84 32 5 82 35 41 64 100 29 29 98 50 29 100 33 89 32 50 25 87 1 50 5 56 29 96 26 45 60 48 8 66 15 44 14 0 36 68 74 34 6 77 73 67 51 33 30 63 53 86 55 42 63 18 85 90 100 80 48 0 55 10 47 88 51 19 50 62 88 75 41 23 45 31 68 23 43 4 17 74 70 40 16 24 67 38 64 72 6 47 86 8 6 31
77 87 60 85 58 40 96 70 26 5 38 92 0 36 12 23 40 90 75 87 34 28 8 5 31 65 6 91 76 77 99 49 21 94 6 84 93 25 3 25 36 19 25 22 32 34 78 77 42 60 43 76 97 83 84 73 98 36 68 73 5 54 69 98 87 28 90 75 17 17 85 98 49 81 21 62 40 1 11 14 75 16 22 7 52 24 1 60 36 8 24 97 23 47 34 88 80 78 46 51
25 43 33 7 98 66 71 55 73 33 40 20 15 43 34 82 85 30 1 90 38 75 83 64 0 26 86 70 78 76 89 20 87 91 57 98 49 64 39 55 12 88 62 85 17 90 86 51 14 35 88 59 79 81 29 69 25 49 7 17 63 91 64 72 28 36 61 30 45 73 27 54 52 90 65 68 32 57 57 7 37 41 98 39 30 11 11 13 59 28 40 50 18 40 94 2 6 73 28 34
59 21 48 14 67 80 39 82 74 68 16 91 26 70 63 65 6 27 61 40 10 59 78 23 79 94 11 66 65 47 39 54 10 3 41 65 86 65 7 2 59 7 35 14 28 25 2 89 65 75 68 41 62 99 100 85 33 10 37 7 80 70 83 98 57 79 78 94 6 68 72 9 89 21 52 15 60 100 97 45 25 7 71 51 73 67 57 67 14 76 17 97 73 10 13 57 77 33 51 13
96 67 71 51 11 39 69 33 84 87 62 95 1 83 63 57 49 19 24 37 92 10 90 77 47 25 76 80 52 48 28 16 4 20 38 92 44 54 20 17 74 68 67 6 11 3 20 87 65 36 37 45 20 34 72 36 72 53 32 80 1 71 61 20 74 58 15 41 80 96 34 29 56 43 14 72 33 63 22 74 52 56 23 65 28 71 35 39 28 67 18 54 83 40 13 67 39 86 74 86
57 66 52 40 38 47 66 86 19 5 17 55 92 100 75 67 28 76 20 86 4 65 0 84 47 75 69 43 14 45 44 19 10 0 4 2 78 49 67 11 20 84 51 62 12 54 96 99 54 90 84 64 41 4 19 34 39 55 16 47 31 9 81 74 38 39 40 86 38 38 32 97 25 44 16 96 33 69 10 39 83 6 100 8 82 57 47 94 15 57 73 68 69 1 43 32 87 83 42 54
53 32 19 97 79 18 43 100 39 8 36 98 31 72 40 56 20 61 5 86 14 31 85 94 88 64 9 72 46 14 78 55 46 15 81 96 33 50 97 77 98 4 28 26 22 65 4 22 40 38 85 31 8 79 12 19 42 89 48 37 13 39 43 10 82 65 20 10 4 63 78 24 19 77 58 26 6 76 99 84 22 71 82 20 76 80 29 17 86 32 64 96 47 6 46 79 59 0 55 97
87 17 89 61 10 86 87 22 10 4 99 13 51 4 69 41 54 46 40 60 7 80 23 79 21 94 54 67 94 43 79 29 54 50 3 25 73 66 89 31 60 41 58 70 2 4 94 88 35 85 73 37 45 5 99 63 47 48 82 63 15 85 47 39 8 37 79 68 26 44 29 6 97 96 82 24 77 55 59 44 93 35 12 60 3 32 17 88 43 87 61 76 65 10 78 30 78 89 27 10
44 25 23 1 23 6 17 0 34 68 5 47 80 28 89 26 37 33 24 83 75 24 83 73 91 78 93 46 36 10 73 99 41 11 29 46 81 78 25 76 75 49 71 55 47 66 15 71 21 57 9 42 29 88 92 60 79 90 76 35 49 79 1 77 37 34 39 3 49 8 5 20 84 15 71 91 22 99 89 72 15 12 90 12 47 56 85 81 62 43 24 88 57 84 24 0 91 78 64 16
44 4 75 22 11 26 45 43 1 87 100 12 80 49 10 17 34 47 63 45 15 38 69 45 34 79 61 12 58 86 12 75 95 54 92 67 87 71 14 4 98 20 43 70 34 33 88 31 48 17 2 91 20 42 92 46 2 92 79 6 13 80 54 39 43 28 48 2 94 80 71 61 7 31 67 36 11 3 63 64 72 41 12 61 3 43 55 8 99 74 92 100 35 21 100 57 29 97 21 65
46 48 21 94 78 24 67 47 89 4 3 75 60 7 34 13 23 40 46 33 9 67 69 63 40 22 94 68 83 53 76 73 62 88 30 55 97 97 28 59 9 41 78 17 74 81 99 75 92 68 35 35 87 23 59 60 53 79 75 31 74 86 85 19 38 83 70 20 16 31 49 42 90 47 73 82 16 55 32 18 64 41 15 100 24 38 20 78 88 99 10 5 71 77 75 13 44 81 14 11
16 6 49 36 6 79 53 28 82 19 50 31 43 12 24 58 77 27 64 78 38 79 65 90 71 94 50 67 86 59 90 73 70 91 80 92 12 99 45 63 22 43 70 0 25 13 17 70 28 61 26 64 68 60 70 48 12 1 32 2 87 77 47 26 52 37 35 94 75 97 47 80 51 86 97 95 33 19 97 32 51 62 51 74 46 61 66 74 84 14 56 57 90 53 40 69 88 33 26 0
66 95 12 65 54 14 24 74 14 85 64 65 75 87 54 67 33 43 6 81 9 81 4 3 94 52 100 33 72 62 37 85 85 10 13 85 98 50 23 60 41 12 58 97 82 82 20 91 2 41 100 51 73 25 66 65 65 81 13 20 67 77 20 88 27 24 44 22 27 85 5 36 71 71 8 75 29 65 64 77 64 64 32 74 1 0 6 5 48 9 37 25 66 55 85 16 54 90 55 78
97 82 36 59 20 17 18 89 20 33 53 2 7 30 70 76 26 76 61 64 49 31 3 57 31 99 83 57 0 18 86 32 79 0 57 43 32 2 9 40 92 88 20 71 69 64 94 70 84 51 75 76 48 20 84 52 58 17 51 56 42 44 82 68 33 14 92 22 4 42 61 16 95 42 68 28 90 36 58 94 64 71 36 47 76 68 22 61 80 30 14 60 26 21 78 43 16 51 12 20
22 0 75 74 77 47 0 63 52 77 34 76 87 2 24 84 87 49 66 50 96 14 40 13 82 25 50 82 39 20 97 52 32 25 30 59 69 80 13 21 89 90 51 32 67 65 41 68 85 9 27 81 0 82 28 0 17 71 57 93 6 77 77 66 59 29 6 34 4 80 5 19 100 63 43 39 96 97 68 65 11 39 89 3 73 27 14 70 47 57 54 53 84 25 52 49 93 0 90 75
55 32 62 14 35 71 79 85 83 29 99 85 11 83 1 76 94 5 52 2 81 11 58 2 83 28 86 51 72 27 21 5 41 61 45 95 67 33 68 31 100 93 93 91 48 39 15 91 57 42 55 39 24 0 6 93 44 55 41 80 50 18 85 33 49 7 57 70 28 54 92 22 93 52 30 30 52 4 81 24 91 95 82 7 18 14 45 41 74 77 33 21 30 0 35 66 28 90 80 44
68 37 77 69 10 14 77 49 44 99 13 88 31 77 40 31 85 66 49 91 81 90 83 100 51 60 25 31 82 48 27 37 87 74 34 11 49 71 16 85 32 48 87 64 85 2 75 63 72 91 2 84 11 12 8 57 38 99 36 36 95 50 47 91 100 13 29 59 15 74 85 43 7 39 48 62 55 92 8 12 6 34 80 54 44 44 56 21 49 29 79 16 26 96 66 88 89 9 95 63
83 7 2 72 46 28 46 65 80 89 46 2 42 46 100 46 42 75 59 24 46 24 85 64 56 100 83 20 51 94 91 86 86 1 49 1 50 52 41 60 35 29 68 60 89 3 12 86 51 6 78 91 73 27 90 50 32 47 14 26 72 51 53 43 10 44 6 86 3 90 67 94 33 2 50 50 11 14 73 65 94 33 68 28 73 66 4 72 49 52 75 42 57 58 27 13 36 53 38 42
30 50 46 15 6 95 4 46 96 49 95 80 66 49 94 77 95 37 13 84 99 2 54 57 60 73 76 81 68 33 70 36 88 81 60 75 13 67 0 97 30 69 65 14 67 76 28 21 29 29 45 43 100 89 79 72 18 53 35 43 27 21 89 95 57 39 3 91 61 27 26 67 65 20 73 47 56 71 35 72 88 59 42 84 2 64 87 81 81 8 88 20 12 28 68 86 98 34 69 55
70 7 52 27 87 87 44 32 90 79 58 77 18 12 42 54 63 52 20 52 54 55 30 90 23 98 74 6 29 1 46 9 7 68 32 20 79 42 17 22 45 65 29 80 83 80 36 68 52 53 54 1 98 4 36 67 67 1 35 36 71 95 86 36 96 7 56 13 35 83 47 33 36 92 35 78 97 2 39 20 39 90 80 86 7 16 23 25 58 56 46 9 90 52 46 0 44 28 8 27
54 7 10 78 11 3 67 7 52 46 38 0 81 34 12 54 10 77 70 62 83 44 66 73 11 55 37 38 74 10 16 47 33 5 41 4 16 97 8 87 61 96 84 0 11 54 47 51 28 66 78 56 38 54 47 42 96 12 53 44 54 77 62 73 23 73 95 9 35 88 2 41 24 43 56 55 7 77 19 29 76 98 45 45 36 28 29 37 91 79 61 24 24 49 80 35 22 55 74 91
46 43 35 40 71 75 69 8 36 33 10 28 70 98 88 38 81 86 20 22 7 67 72 71 31 21 83 63 33 38 32 79 27 94 20 16 33 59 68 51 5 12 73 66 77 41 73 24 46 19 31 45 17 67 19 74 69 85 87 24 56 14 11 71 42 61 4 57 49 83 64 63 35 13 97 100 79 22 86 28 64 77 10 61 58 12 83 53 83 22 3 40 67 49 21 31 45 89 29 18
97 100 74 39 13 87 50 40 48 39 91 80 69 77 87 57 96 91 95 100 39 80 56 7 82 25 94 88 86 46 16 50 83 34 54 33 57 41 18 64 1 66 3 87 47 86 75 9 76 96 17 32 72 33 91 48 19 31 11 53 88 80 74 13 80 57 33 29 93 75 25 10 13 2 24 59 100 4 50 94 58 62 82 87 47 89 83 79 68 59 47 43 72 29 65 20 82 92 5 28
4 77 68 16 8 31 39 52 2 82 46 74 62 64 49 18 84 39 48 47 34 94 60 95 63 17 47 2 66 70 1 77 19 72 73 27 63 37 80 0 28 15 78 19 18 91 20 19 76 8 52 56 69 7 46 62 21 98 72 25 74 95 90 32 10 26 2 95 56 44 65 57 85 73 14 39 96 86 79 2 84 14 39 45 20 0 95 80 55 66 91 61 94 53 26 87 43 20 66 85
13 94 91 45 13 97 50 34 88 40 82 0 88 85 68 5 77 79 98 14 74 94 64 95 62 43 7 78 60 32 98 32 96 41 56 16 30 85 31 13 6 44 92 35 65 92 29 10 5 76 62 69 25 26 70 37 23 41 86 45 98 66 51 52 51 5 3 95 59 32 47 30 85 71 42 31 24 83 53 61 17 16 33 89 16 21 14 1 82 99 60 28 63 1 29 87 35 94 58 55
64 91 60 27 65 63 14 95 96 69 20 57 28 86 0 13 31 73 20 21 57 99 6 81 65 10 19 84 24 88 61 15 62 63 86 5 1 33 45 42 10 1 53 24 81 1 54 76 66 37 73 23 82 56 26 51 65 1 53 75 72 10 15 0 56 35 2 8 50 68 2 69 39 15 66 47 40 79 33 3 25 57 79 100 77 47 0 93 66 19 77 61 44 87 96 8 26 74 69 51
46 68 96 57 80 0 33 53 85 46 92 75 70 51 70 84 71 50 10 18 69 43 1 73 17 83 32 1 44 91 76 55 67 71 49 10 37 83 30 3 95 71 62 9 95 16 67 86 75 16 10 23 65 5 68 79 50 71 65 30 66 29 52 43 15 59 43 55 25 19 90 32 54 69 85 88 83 76 62 45 75 88 97 37 30 75 74 88 98 15 37 78 17 79 68 75 70 76 62 50
62 81 20 20 95 78 55 22 10 93 21 65 62 49 55 53 85 48 27 73 72 54 47 10 24 47 0 32 66 11 61 69 32 97 34 26 98 76 81 32 14 12 49 47 51 49 19 69 38 44 58 61 44 17 20 65 38 43 89 39 99 34 45 39 11 54 59 15 88 31 90 1 85 30 63 26 81 84 80 58 57 55 4 2 39 97 3 56 8 33 49 94 90 17 10 8 12 47 56 84
78 54 96 35 15 35 74 32 17 92 3 84 46 61 73 89 65 89 54 78 13 7 27 19 47 45 100 43 20 53 32 63 66 97 7 49 78 28 77 99 70 83 46 73 3 1 45 15 73 96 23 5 10 6 33 33 98 12 99 57 65 52 26 58 28 95 84 35 72 77 4 27 26 19 34 85 19 26 31 46 0 86 24 97 55 12 92 56 75 69 4 22 66 47 94 40 18 31 0 37
76 59 52 36 80 33 5 91 25 5 52 65 13 52 100 38 62 60 86 38 96 16 51 53 42 27 70 78 92 1 29 92 42 83 59 42 85 80 75 43 66 95 63 56 31 51 28 26 2 65 51 75 0 95 17 69 65 66 82 97 83 9 8 45 57 55 23 53 37 37 23 96 11 51 12 96 58 94 34 11 95 57 69 21 99 13 31 91 100 92 73 75 78 50 42 0 96 85 63 66
47 33 25 36 25 62 90 72 62 14 80 23 96 47 86 57 13 39 31 90 97 37 19 92 9 8 50 68 60 18 40 17 92 26 59 42 85 74 85 58 95 94 26 26 80 8 85 58 0 55 49 76 63 26 5 10 47 21 13 69 46 65 22 44 73 60 33 78 4 76 85 45 95 88 50 26 83 27 31 67 80 18 97 99 97 100 21 12 74 46 11 53 79 49 74 41 5 35 53 68
82 57 38 30 99 41 16 56 22 75 66 21 50 63 96 94 2 53 36 18 3 71 71 79 70 87 67 94 55 29 36 20 86 3 94 96 89 0 91 9 51 91 88 7 74 41 0 99 63 79 27 33 68 7 45 87 50 54 17 54 49 86 18 24 79 34 50 15 96 19 57 48 49 8 91 100 28 81 4 28 45 29 47 28 25 4 79 72 33 91 57 91 53 75 86 26 100 41 70 90
70 51 45 100 36 34 25 98 2 14 22 46 85 40 20 88 75 94 41 22 19 70 68 46 35 7 44 35 77 82 59 32 58 81 79 17 69 79 44 93 2 92 54 64 2 72 9 63 18 92 76 34 7 52 35 70 85 3 13 34 79 99 54 63 1 28 12 3 64 69 84 71 10 88 20 95 55 35 49 60 63 55 10 68 20 9 91 95 74 6 47 75 46 0 57 15 97 92 63 36
100 55 47 52 45 51 9 34 10 81 47 57 33 33 93 58 26 38 13 31 20 39 52 56 9 62 87 91 64 1 60 54 47 79 78 45 99 31 47 100 14 48 12 97 100 58 3 88 14 60 34 90 70 43 70 11 40 39 25 21 49 51 55 99 90 18 44 47 20 59 44 78 39 11 50 34 81 1 55 54 11 16 52 30 67 27 71 11 22 14 53 22 4 29 76 64 71 86 3 1
100 36 95 7 32 97 51 83 31 24 57 30 58 86 68 16 6 69 16 10 92 58 24 96 77 49 48 32 8 18 82 62 37 10 25 58 48 33 51 87 17 4 2 62 69 86 68 15 33 18 92 0 50 61 58 30 35 43 45 94 32 91 14 53 17 36 79 33 2 37 28 8 19 57 13 3 71 13 31 87 36 8 48 15 0 96 71 76 8 64 72 56 32 30 86 65 18 50 40 98
81 42 19 93 86 79 96 61 50 60 52 50 63 89 51 11 1 51 88 19 93 74 54 57 100 47 69 57 17 33 45 85 81 51 78 97 65 29 13 93 44 6 97 41 0 79 39 47 47 69 63 49 50 26 15 92 14 97 19 38 56 0 56 78 4 11 60 12 92 90 5 96 56 65 10 30 70 23 56 39 94 49 16 97 49 16 42 91 59 57 68 9 85 21 80 62 0 1 44 35
48 94 43 23 61 8 74 30 12 81 96 97 67 37 65 73 61 84 45 48 30 22 52 31 78 91 48 25 54 100 82 89 17 51 83 41 56 14 16 57 15 74 13 51 54 57 48 71 55 30 79 52 60 63 97 98 90 62 100 92 83 75 78 30 49 66 96 38 70 0 81 58 68 78 33 44 36 70 14 71 66 0 100 68 73 44 18 45 10 34 88 8 2 32 40 41 32 100 54 56
56 19 43 59 5 15 8 49 31 1 17 75 69 59 29 94 61 75 19 63 93 46 6 37 55 55 24 95 63 38 57 99 21 31 46 96 9 3 57 87 100 98 95 49 53 89 61 2 89 0 12 77 81 59 51 16 6 62 20 26 94 39 28 79 62 69 10 66 37 60 63 89 90 22 28 85 62 49 10 8 81 95 6 31 2 67 83 12 78 60 13 4 79 69 54 20 49 5 83 50
58 18 66 22 90 45 61 1 49 68 66 7 96 90 44 20 59 16 10 18 22 96 52 92 49 84 12 33 70 71 83 73 94 70 62 56 28 82 7 94 92 41 77 72 32 91 9 99 37 58 13 70 54 14 82 97 27 62 98 83 12 30 26 89 17 18 33 42 35 30 14 41 45 91 85 24 24 43 45 92 91 80 83 46 55 70 6 42 89 83 22 59 99 12 95 44 25 9 31 29
74 49 83 65 65 0 8 76 27 68 64 61 66 10 35 32 71 2 41 10 77 6 18 85 94 18 64 28 62 89 73 9 75 28 96 9 27 100 87 57 32 40 68 38 76 23 66 94 24 39 64 17 29 46 75 64 74 72 10 91 55 0 75 34 71 25 8 9 20 1 91 47 66 36 37 14 19 26 75 62 6 5 0 84 79 13 49 77 91 5 2 11 4 86 19 3 40 55 6 83
98 92 73 27 67 43 97 46 100 97 93 50 11 64 64 33 92 31 80 2 32 50 76 69 44 59 1 99 3 55 71 85 1 48 93 66 97 79 8 7 63 56 74 48 66 92 57 79 29 72 6 98 64 24 24 51 68 11 23 35 14 51 87 79 28 28 8 61 98 75 59 1 72 6 18 63 13 54 56 19 63 13 24 100 23 26 28 58 8 43 55 55 30 33 76 37 97 29 25 80
16 97 79 30 13 99 68 55 14 11 7 98 74 80 47 19 41 76 4 40 61 83 94 27 29 96 3 41 70 30 45 42 76 89 42 11 64 73 92 29 11 37 71 27 66 82 43 62 1 16 84 59 45 70 52 45 94 46 43 22 19 37 78 84 54 98 81 87 6 36 2 39 24 78 55 84 54 9 93 54 17 11 38 96 67 41 64 0 19 99 92 14 67 60 77 45 96 36 74 45
62 14 3 4 29 79 82 66 56 99 44 37 53 11 71 32 22 39 85 52 35 89 84 3 60 6 66 51 69 81 36 83 63 38 90 69 79 44 34 70 37 73 52 68 72 32 64 77 51 94 90 76 49 10 81 82 6 76 60 40 80 83 16 47 35 71 29 68 94 74 10 82 43 43 92 7 70 87 65 61 64 78 52 23 45 27 43 3 95 2 62 74 97 20 49 16 1 33 4 96
25 25 73 22 31 1 16 56 35 23 52 76 89 69 37 41 36 14 28 21 70 72 69 28 12 100 3 26 90 5 8 76 17 27 19 100 41 61 8 28 63 99 0 57 63 87 21 83 26 63 92 6 57 86 87 58 81 29 39 31 78 74 54 12 38 83 9 62 96 53 34 90 91 97 45 91 48 27 100 19 52 87 93 16 31 46 86 6 23 77 94 23 21 56 34 31 1 58 58 0
34 3 95 21 28 88 96 48 26 34 49 65 43 91 25 22 67 79 68 80 78 41 8 1 74 19 41 27 97 36 91 20 61 2 70 27 89 20 35 55 81 68 3 21 31 7 47 60 41 18 66 39 79 94 58 42 37 17 77 15 66 99 1 50 66 78 8 60 19 9 48 50 59 43 27 32 12 81 48 38 19 84 1 19 4 27 0 88 43 64 75 8 100 58 64 74 18 74 80 62
69 15 94 81 28 93 10 17 61 83 62 74 89 52 6 86 26 97 82 0 68 16 39 61 72 43 77 52 82 73 51 66 77 83 91 65 14 19 78 16 71 72 83 89 93 34 16 37 38 68 94 22 45 4 42 64 63 14 33 33 39 100 56 16 30 58 50 68 26 24 17 17 78 98 11 73 25 58 47 96 25 82 70 59 66 33 75 90 58 33 83 18 25 65 63 39 44 9 64 19
43 56 79 85 58 93 28 59 2 88 100 89 90 31 88 21 65 91 18 59 31 0 22 71 73 77 17 78 28 76 87 54 21 4 37 23 58 3 26 63 75 70 27 69 61 9 44 99 29 44 78 81 95 42 19 25 46 83 75 87 47 62 46 61 50 93 91 51 38 4 44 14 95 54 59 44 49 36 27 74 86 29 73 50 85 89 20 37 54 13 36 18 42 23 79 36 78 11 6 41
46 76 26 72 69 88 17 84 76 28 47 97 61 50 55 58 18 94 38 87 1 88 18 52 48 49 90 14 11 10 20 46 4 94 33 74 72 1 86 96 58 33 14 53 98 43 11 27 75 22 32 59 87 56 4 17 47 97 52 59 12 18 31 8 12 77 43 86 31 65 72 1 76 0 35 37 22 3 86 57 93 38 1 81 75 38 85 2 7 13 9 48 12 43 12 49 74 38 67 30
88 53 83 16 8 68 2 49 44 85 84 20 0 48 76 55 38 62 63 56 40 44 65 7 12 83 87 18 22 73 68 44 45 42 23 50 50 43 86 43 99 74 42 78 19 96 60 65 82 67 67 14 40 35 93 24 82 93 15 94 25 84 58 5 64 6 8 13 53 13 27 62 71 90 15 93 73 31 72 25 74 58 5 31 66 100 84 29 40 73 61 18 99 73 1 35 30 67 56 76
33 7 63 87 82 97 21 17 83 37 47 53 14 68 67 2 63 82 47 53 83 90 63 59 23 24 73 41 9 91 55 44 2 8 52 25 66 89 6 9 14 66 57 82 33 58 79 61 41 44 43 94 74 97 15 39 92 35 69 72 7 53 28 61 46 94 61 14 11 99 72 76 99 24 33 37 79 70 97 30 92 81 2 95 21 98 29 27 37 99 66 70 20 80 56 62 88 33 8 12
52 3 38 1 41 92 60 54 25 75 50 17 1 21 66 43 86 27 57 37 59 43 94 69 32 4 52 52 93 31 97 69 56 96 26 93 45 45 47 0 0 43 27 78 72 96 96 64 77 66 85 3 42 19 22 60 50 50 65 56 38 58 68 85 67 69 49 68 97 21 97 30 32 66 22 57 22 45 84 74 43 52 84 99 47 80 29 67 60 42 75 81 4 11 36 84 72 0 72 11
83 66 99 70 46 45 87 22 71 94 100 81 17 7 14 36 98 81 14 71 34 4 10 97 90 67 52 51 96 92 26 28 25 0 58 38 41 47 71 56 89 50 68 71 8 35 100 13 92 8 67 47 96 61 97 17 63 73 93 52 51 36 57 19 49 43 63 32 74 47 65 10 8 8 46 16 51 18 40 95 60 96 84 68 17 15 32 44 51 77 10 40 79 0 1 67 13 96 96 96
50 45 83 37 70 31 82 56 53 26 36 75 50 79 98 35 71 33 89 46 51 83 23 51 26 83 16 30 39 80 86 73 27 19 9 18 36 57 23 52 30 88 95 57 77 48 0 86 67 82 34 82 85 34 10 29 15 60 37 21 71 96 2 70 2 100 76 52 73 8 32 96 15 36 97 5 98 7 59 47 6 12 17 86 11 65 28 32 4 23 70 25 30 22 1 78 43 72 82 40
62 6 5 53 59 39 61 86 10 22 8 18 31 13 37 85 99 67 63 48 60 71 92 50 27 88 72 56 26 11 80 100 4 47 65 77 9 73 72 64 12 42 96 4 57 93 72 70 32 73 100 71 8 74 62 2 99 6 71 95 47 1 25 52 84 67 63 56 36 19 10 27 84 67 83 79 31 51 98 21 60 14 55 58 62 43 57 5 40 53 99 18 63 75 25 81 0 40 13 77
28 17 19 20 63 11 68 58 55 62 2 96 3 44 91 79 41 68 41 80 35 62 50 98 80 88 73 21 97 96 94 14 6 91 88 50 76 47 7 93 82 57 56 77 65 62 92 50 23 50 62 6 62 26 79 64 52 72 7 38 22 2 72 6 68 36 34 29 49 94 20 34 30 67 100 81 23 15 94 71 8 67 49 92 33 43 20 11 11 3 24 42 14 46 44 67 83 26 20 31
93 23 82 24 41 32 54 78 86 33 37 30 58 16 45 24 7 73 88 53 98 99 31 42 45 11 46 3 89 16 82 90 52 93 99 62 43 61 15 57 85 45 65 28 40 91 47 89 77 73 92 86 59 11 69 37 17 60 82 45 94 66 98 14 5 89 30 36 34 57 57 65 69 28 44 35 47 36 14 16 74 57 90 4 76 50 50 40 26 36 71 21 83 84 84 73 15 94 5 48
93 27 77 73 24 14 61 62 19 91 34 8 58 31 40 54 31 44 58 84 54 82 19 22 94 10 45 82 93 53 30 40 69 93 24 92 57 0 75 62 24 56 85 92 62 21 3 83 74 57 98 89 67 25 87 10 97 80 47 21 35 22 7 26 91 79 34 87 0 10 6 63 18 10 21 35 45 41 92 1 53 54 25 21 84 96 25 52 17 86 2 8 36 81 59 6 73 25 71 13
35 62 66 31 3 67 61 51 66 65 87 91 68 84 32 28 26 78 1 47 48 54 91 61 62 24 90 16 49 51 28 100 81 28 67 58 58 82 48 48 60 29 43 41 4 33 69 92 27 7 19 82 73 81 65 8 8 37 21 50 72 65 100 23 85 24 53 43 29 12 23 90 95 81 94 22 68 7 63 92 80 34 77 93 19 96 7 63 82 32 13 92 76 3 72 47 46 55 9 34
57 36 89 88 92 62 100 63 92 6 49 87 0 72 17 58 66 97 100 57 68 38 28 27 17 41 68 97 100 66 74 72 29 35 50 5 74 11 19 20 43 84 36 11 24 87 62 78 60 98 34 19 36 98 29 56 8 99 58 29 32 87 46 38 20 79 27 91 7 75 84 49 23 75 57 94 63 70 84 53 48 13 97 23 85 50 97 15 53 10 37 42 20 81 76 47 56 90 85 29
45 28 32 53 13 94 25 21 18 70 74 30 67 8 34 46 48 29 73 23 85 33 91 18 98 87 23 71 36 8 9 31 54 68 54 63 79 47 8 79 96 50 63 0 45 19 96 72 54 90 85 57 40 9 14 2 57 98 91 68 86 40 26 7 57 19 48 46 2 26 27 35 51 95 41 28 44 88 39 39 94 94 24 64 57 8 21 89 52 99 29 52 14 82 24 41 87 67 23 55
41 49 96 98 35 99 42 79 83 69 70 56 32 76 44 93 47 33 52 75 61 79 86 88 71 42 70 5 85 96 1 0 61 51 0 17 6 93 20 5 87 11 3 70 9 11 48 9 88 70 54 29 25 46 96 99 1 60 25 97 74 38 96 88 8 31 94 39 36 31 1 19 98 16 30 26 65 84 33 0 84 89 100 92 10 85 79 53 60 54 70 21 74 49 44 49 71 79 8 91
29 35 90 78 26 95 74 29 5 39 79 26 37 67 13 61 11 94 51 60 81 6 29 50 11 5 21 8 49 56 96 18 37 7 95 9 79 40 48 44 50 0 95 73 71 96 91 15 35 14 5 95 1 3 42 53 31 5 10 90 97 90 36 79 84 78 18 34 28 96 89 57 22 98 91 40 80 43 15 24 43 42 98 15 6 98 50 1 1 14 66 25 47 32 65 58 37 78 29 82
13 29 56 54 24 14 19 85 50 50 36 86 11 90 0 60 60 43 75 99 27 74 54 25 94 57 92 2 59 88 49 32 14 49 33 64 44 95 59 100 87 62 74 22 72 84 74 9 6 91 59 46 66 64 40 76 6 61 52 89 13 70 92 12 33 0 54 38 64 56 6 65 79 95 17 71 85 51 60 15 53 62 30 33 0 69 1 50 14 76 82 21 36 100 64 51 31 30 81 16
82 90 32 57 76 79 94 73 81 11 30 39 7 17 38 31 91 34 69 67 79 33 53 42 24 13 65 0 0 52 8 35 29 8 2 5 32 51 17 58 96 98 14 43 81 72 13 87 71 27 44 0 74 45 75 9 61 80 64 38 16 73 92 16 28 88 22 6 90 97 42 92 64 22 8 31 83 60 24 7 49 80 45 38 64 23 21 65 10 87 55 74 81 27 79 47 60 50 23 40
2 19 9 42 55 76 45 78 95 11 81 22 17 49 41 40 100 4 47 25 66 34 87 52 94 12 100 22 98 49 78 67 49 44 100 26 84 97 100 8 9 33 39 43 87 81 17 29 90 94 27 84 9 63 83 82 79 48 43 38 33 88 86 95 93 72 8 65 42 15 99 30 43 57 1 83 47 28 81 89 60 95 78 2 48 48 3 17 99 21 24 88 80 39 46 79 12 62 77 3
54 54 69 31 91 29 99 79 70 78 28 45 14 72 75 55 37 20 39 40 25 94 20 61 88 87 64 67 94 34 55 0 57 30 47 78 97 17 75 44 62 7 22 52 71 20 100 45 19 35 60 35 8 73 39 86 67 7 74 76 96 81 66 40 64 60 29 18 61 32 0 43 79 16 11 42 51 19 9 52 25 54 55 68 46 39 19 94 89 86 6 88 33 89 4 76 64 55 50 94
8 47 43 82 49 52 73 80 70 11 15 51 66 95 10 92 18 92 36 18 51 48 57 71 32 55 53 52 40 75 19 29 94 14 99 93 33 53 67 61 53 30 49 13 24 61 54 53 92 15 40 19 68 74 95 87 79 97 24 68 66 39 47 68 3 69 94 97 14 65 86 39 64 72 86 54 50 100 69 90 54 72 27 25 50 42 94 85 46 19 73 90 53 19 12 29 80 85 77 80
97 31 65 24 13 15 24 32 76 39 84 55 63 35 69 60 59 33 51 25 2 47 47 12 34 92 94 33 32 15 5 25 70 44 7 25 46 19 32 35 32 83 86 32 26 61 15 80 89 80 91 27 80 40 62 17 27 89 42 50 87 20 95 26 86 74 60 90 53 84 49 48 96 34 81 52 80 65 74 55 54 18 56 62 14 25 90 89 75 91 4 89 6 55 38 78 47 47 34 84
81 35 54 0 84 28 76 69 95 43 7 47 4 38 3 81 34 37 55 4 48 44 50 14 87 37 63 71 23 62 52 41 75 88 63 78 5 29 83 19 86 18 10 76 73 68 98 16 68 49 98 91 29 23 28 48 67 39 87 54 28 68 53 7 61 52 23 97 23 54 3 6 89 49 82 88 37 49 75 25 30 35 85 40 30 38 2 30 22 24 15 24 20 73 78 48 25 73 53 64
10 51 63 23 0 72 27 22 4 61 78 12 14 15 58 46 60 36 28 41 33 63 95 63 13 95 25 59 16 62 9 11 8 76 16 56 73 100 46 6 45 31 44 12 56 26 74 0 93 16 80 14 3 19 62 61 47 82 12 88 77 9 73 12 43 6 23 11 67 25 81 77 60 46 30 21 36 90 32 88 38 20 32 4 23 30 91 54 63 78 47 62 9 54 64 34 10 31 88 87
59 85 16 53 51 61 6 71 15 86 35 52 93 20 19 6 11 62 81 47 41 41 48 57 10 10 70 31 52 8 17 36 57 87 80 28 81 54 40 86 12 100 95 28 54 60 2 68 22 30 22 72 65 4 57 50 9 75 1 98 21 21 12 39 29 54 52 15 55 86 74 70 50 74 66 52 85 48 7 3 55 43 40 8 3 53 35 84 99 81 77 86 88 44 7 57 33 54 43 60
94 51 56 24 66 29 23 7 82 96 99 62 4 82 77 24 91 99 26 81 84 59 90 20 98 80 53 0 61 20 53 44 50 83 81 58 39 20 76 82 50 45 68 87 14 82 1 3 40 24 76 41 76 21 26 40 20 46 34 55 92 99 77 56 1 14 33 61 42 36 29 30 46 94 33 44 22 57 96 36 52 61 8 81 15 32 36 88 51 8 78 48 87 66 93 65 86 97 67 12
78 46 44 71 13 68 27 71 55 96 81 81 21 6 81 71 40 75 62 76 33 0 80 63 29 89 87 69 20 56 85 84 70 25 62 67 26 83 20 26 16 34 18 3 25 22 35 24 38 92 99 94 72 65 27 32 89 91 91 21 75 36 60 47 76 23 24 18 37 81 76 3 52 42 29 82 84 52 16 84 8 63 93 34 63 85 79 21 51 44 50 1 42 88 89 50 72 60 47 40
81 92 54 66 14 69 76 54 23 49 42 56 50 41 92 16 82 90 18 57 88 46 86 56 61 50 38 7 85 12 70 24 21 84 45 3 4 57 3 37 44 21 100 25 60 31 96 40 38 48 16 91 86 2 60 67 96 5 93 72 60 15 53 34 22 57 57 48 52 72 96 40 93 43 7 58 73 6 94 82 63 90 58 70 88 57 57 57 41 41 58 23 92 18 6 84 95 15 45 82
17 23 6 65 93 5 45 55 89 10 98 5 1 87 51 55 2 96 56 73 0 66 57 68 5 4 80 66 85 66 75 32 12 63 88 91 90 29 2 2 31 65 63 30 92 39 29 12 34 69 3 95 38 92 9 74 73 71 86 37 61 91 22 20 20 36 61 79 91 50 66 42 51 21 92 70 9 76 45 46 28 91 27 77 100 12 23 32 55 93 31 37 10 65 71 3 63 55 84 37
64 73 99 18 65 66 44 93 40 90 0 61 49 38 84 3 9 69 56 51 83 41 70 61 90 24 24 67 82 56 17 97 61 50 13 5 29 49 66 83 37 28 30 56 82 50 86 41 26 77 57 18 15 25 22 10 12 3 15 21 9 18 23 45 79 100 68 62 20 9 55 89 24 54 65 82 42 36 57 24 94 19 78 21 87 8 15 19 72 19 70 24 90 50 37 4 72 62 53 63
10 98 55 29 21 17 79 15 4 85 25 33 42 2 81 99 11 16 22 75 92 87 46 32 82 91 44 18 17 43 28 41 29 52 16 86 73 1 9 95 80 96 8 10 3 47 99 28 21 29 64 11 4 1 35 70 50 82 14 15 24 79 60 14 26 84 75 42 2 65 88 4 26 34 76 23 10 85 32 38 87 30 47 69 14 31 13 81 77 42 3 48 54 17 42 12 23 8 4 13
94 32 44 33 93 26 72 3 69 71 16 24 51 91 55 78 8 89 77 46 32 36 35 38 96 41 77 17 92 21 64 87 28 21 85 98 32 45 54 54 45 94 51 15 27 87 28 97 9 77 25 69 73 61 89 25 86 62 26 83 15 24 57 34 21 22 67 23 18 71 33 90 31 75 5 57 24 85 56 24 80 22 33 42 2 63 50 64 78 17 25 1 69 91 56 48 71 44 31 74
33 53 32 70 5 89 36 9 12 76 57 71 69 91 1 93 97 66 10 55 16 87 34 59 20 63 81 29 57 93 39 25 13 48 66 71 18 47 10 19 88 79 100 16 34 85 19 86 40 95 4 79 86 98 77 19 93 77 95 21 56 28 90 9 57 34 92 11 65 54 52 83 46 9 13 37 50 48 18 43 33 92 69 87 19 90 46 76 17 1 22 95 89 92 73 36 9 93 26 13
52 67 11 45 41 43 72 38 48 13 78 4 12 98 16 46 91 96 60 53 42 44 64 8 1 20 20 78 43 76 55 71 93 68 21 48 44 50 29 86 22 78 43 95 37 32 48 44 71 27 90 10 86 38 11 66 20 95 21 3 46 80 16 44 67 23 7 51 32 60 27 57 99 39 40 98 31 96 34 23 98 61 18 6 38 91 76 54 87 36 81 32 89 0 36 92 41 6 24 100
62 10 0 9 92 78 40 52 25 40 61 82 85 6 65 77 55 29 6 12 73 10 56 83 61 66 91 15 81 25 89 89 82 1 18 67 87 57 65 73 50 79 67 53 67 31 48 89 65 93 58 55 97 18 18 6 1 6 94 38 95 57 89 10 50 63 87 44 33 90 28 62 66 55 15 66 38 25 30 57 26 96 46 45 21 79 71 35 83 85 55 71 55 70 59 52 43 80 86 75
10 94 85 19 23 17 20 51 52 71 35 17 20 81 40 51 50 29 52 88 99 72 33 74 52 72 75 92 47 5 97 15 85 83 14 71 17 12 51 29 35 33 46 96 92 6 16 48 82 71 78 69 23 5 50 93 53 32 25 47 3 14 15 77 21 77 99 73 86 42 27 46 32 39 56 72 18 95 32 60 54 81 28 39 48 5 61 32 56 7 73 49 55 68 92 41 33 3 40 40
24 71 78 29 61 98 28 12 33 4 6 40 90 55 95 10 9 9 48 68 27 98 13 83 6 26 14 78 90 45 48 31 6 80 29 70 84 49 77 83 70 11 5 89 67 83 66 84 33 10 6 27 58 65 73 75 67 68 92 43 58 66 39 33 68 96 69 68 24 72 11 77 25 70 37 21 37 1 35 41 87 8 38 32 28 16 75 100 44 43 26 31 82 98 37 71 54 26 16 3
73 87 25 49 48 87 85 99 94 48 96 80 22 96 20 82 83 60 75 53 98 2 51 6 48 22 16 52 42 26 10 44 11 57 93 0 8 64 75 83 61 66 61 18 71 39 83 8 24 65 11 37 7 43 84 83 33 7 31 66 8 67 36 88 27 81 100 77 26 17 5 76 22 61 88 93 29 7 0 97 2 97 35 19 91 66 68 91 50 64 74 75 55 19 95 68 80 95 6 98
71 58 39 14 69 50 25 43 52 52 90 29 20 62 6 83 45 97 96 2 96 58 84 21 78 8 53 92 73 60 8 13 87 87 79 84 4 29 81 13 51 61 10 13 88 90 34 47 61 65 86 33 92 80 60 85 89 74 70 46 88 87 59 54 85 77 8 82 27 75 55 40 91 27 18 92 85 62 74 93 23 49 32 5 13 88 39 59 10 82 77 7 11 78 45 96 63 62 3 58
84 4 9 9 3 99 60 75 8 21 85 52 2 31 91 1 97 18 52 66 28 35 34 18 19 56 56 76 39 24 73 14 75 11 29 50 8 51 56 32 97 52 86 25 90 58 66 15 84 73 87 50 62 57 87 42 81 76 19 18 17 63 47 79 84 72 91 69 94 96 45 82 62 62 31 92 78 44 36 60 5 79 92 39 13 77 1 94 95 54 18 20 42 41 49 50 57 47 70 84
77 29 38 84 71 78 52 79 98 9 30 35 5 7 87 38 97 90 64 57 63 40 54 40 63 32 37 73 71 24 64 57 15 13 48 20 100 50 23 74 75 55 98 42 96 21 25 70 92 96 97 50 95 6 73 57 76 36 45 28 95 43 66 48 93 61 10 93 86 65 6 94 88 33 42 71 35 66 34 94 55 33 18 56 59 52 48 84 65 45 8 69 22 56 22 26 85 68 40 49
5 93 100 11 52 73 14 24 62 46 63 54 0 37 66 14 37 55 60 91 60 6 6 75 71 9 44 77 59 67 3 83 37 64 44 39 9 16 4 12 3 30 47 24 38 71 46 98 4 14 47 99 40 54 59 64 67 48 14 59 78 27 36 28 82 4 13 4 20 54 77 14 61 76 83 81 5 94 7 50 25 1 80 48 27 44 14 3 99 78 64 41 75 52 96 28 8 40 41 99
92 60 42 90 4 64 98 40 40 98 79 44 44 50 15 40 66 96 4 100 22 4 61 69 14 30 29 98 49 65 42 3 71 29 97 43 28 61 4 3 30 71 74 29 98 22 59 84 44 69 23 82 79 55 68 55 72 8 10 20 53 67 96 3 58 71 85 62 51 75 99 5 34 13 78 70 97 28 82 37 95 38 53 98 78 7 80 45 32 67 5 5 37 18 58 85 69 27 31 89
23 62 56 59 37 7 34 13 94 43 2 71 87 100 37 26 49 48 54 88 0 62 56 62 14 93 37 10 89 96 72 36 36 61 51 84 52 22 96 19 73 81 45 98 17 52 39 19 80 10 85 20 95 1 45 53 15 16 53 36 52 95 48 74 84 30 75 44 60 25 22 55 7 85 21 45 2 63 51 13 80 8 47 72 28 93 28 74 45 84 28 53 47 85 61 49 64 83 44 65
12 56 87 69 48 17 7 60 84 65 39 10 59 90 5 53 93 34 12 70 47 90 95 90 91 39 77 64 39 35 84 49 48 39 50 55 8 10 63 52 68 28 91 9 49 86 83 64 87 94 7 43 43 69 16 85 43 65 38 51 66 4 37 74 35 84 79 83 65 21 44 8 41 3 76 28 8 0 76 84 13 79 33 95 20 56 41 27 19 15 29 1 60 93 36 48 72 62 23 25
1 74 94 27 42 39 66 34 2 25 89 33 33 56 46 75 58 4 17 27 24 37 86 90 36 19 55 55 78 76 97 48 0 43 3 77 95 89 65 96 33 54 89 53 74 98 53 34 96 91 17 2 68 27 19 100 0 33 56 71 17 86 74 42 32 87 35 36 7 74 100 28 34 60 40 33 5 94 42 74 2 39 78 58 18 52 28 72 24 98 67 50 62 48 42 31 80 55 19 64
64 2 68 15 40 47 89 48 25 33 91 71 58 53 92 10 69 66 45 7 32 45 2 44 7 32 71 16 16 48 44 88 69 100 52 74 65 24 57 47 94 33 86 48 21 16 30 46 25 6 93 74 89 9 67 58 20 75 77 4 39 70 86 86 68 18 45 39 0 46 43 90 96 58 34 97 46 96 68 4 15 92 20 55 47 59 89 46 62 73 73 68 1 81 57 60 13 83 62 13
65 46 38 1 71 50 71 32 17 64 11 74 4 16 38 8 34 1 16 21 47 68 48 19 5 79 2 33 36 23 47 24 52 3 49 41 8 95 61 71 71 78 71 20 24 55 100 81 3 96 64 48 77 17 54 13 91 16 56 30 100 32 83 41 27 76 52 81 53 28 30 0 18 78 8 94 97 12 4 59 55 14 80 22 35 86 60 7 44 79 76 36 41 45 56 57 80 95 13 48
95 24 82 27 57 7 2 84 63 40 94 59 72 26 51 40 4 27 23 86 20 38 34 39 93 95 55 3 35 55 55 21 99 33 54 25 54 12 38 83 90 66 11 78 89 50 34 25 22 71 46 34 53 32 86 77 32 92 28 36 88 93 65 21 99 81 37 82 21 34 100 94 27 73 40 29 58 60 27 29 99 5 64 62 81 62 12 86 81 33 7 91 15 77 29 83 89 36 20 48
20 56 53 73 15 48 71 14 70 27 98 83 95 13 49 87 39 37 16 95 30 62 90 91 4 78 32 33 29 1 96 18 1 52 53 83 61 62 36 29 55 28 9 43 58 87 87 38 10 56 42 35 92 13 4 97 94 17 39 32 69 45 32 82 35 57 31 9 64 70 2 59 44 24 96 39 47 45 11 67 82 30 76 12 6 25 4 86 10 45 81 20 78 26 68 80 96 42 24 80
74 34 78 21 65 68 1 6 80 96 57 47 18 56 44 98 85 100 87 26 69 5 64 50 24 43 58 10 75 92 45 80 94 6 7 87 29 45 41 64 85 5 55 84 35 90 83 3 7 42 38 94 16 30 84 79 0 41 99 57 60 64 70 51 33 29 55 44 93 64 67 26 66 86 28 93 91 71 79 54 21 51 46 16 25 35 42 35 30 13 24 15 53 35 31 78 53 30 25 12
