97 5 4 46 61 60 53 60 22 52 60 72 51 92 65 49 88 94 10 91 68 100 62 33 91 85 32 62 92 56 50 7 2 40 8 98 100 8 39 91 54 53 91 98 49 8 47 79 9 50 68 36 91 76 37 19 85 4 37 35 8 39 89 58 91 91 16 87 20 15 55 70 8 16 53 61 9 78 97 95 99 51 84 80 47 29 33 19 30 28 22 63 75 44 1 53 51 46 56 54
66 25 61 19 54 38 58 33 87 60 98 63 73 64 23 16 30 23 72 28 97 79 7 21 49 52 1 88 32 7 79 30 38 25 23 46 37 51 12 74 17 63 83 59 88 71 8 44 15 89 65 8 83 85 72 86 27 96 21 3 67 41 80 44 87 13 72 49 85 50 13 88 93 82 90 41 4 91 67 32 29 38 99 14 69 2 84 18 89 43 54 1 42 93 30 69 11 19 36 97
91 84 6 43 82 35 60 78 99 25 11 25 3 1 98 45 87 75 1 80 5 12 50 28 83 74 34 17 70 12 33 56 81 29 57 98 8 10 12 24 97 56 21 88 35 98 46 24 38 43 69 81 12 28 95 11 17 50 21 36 47 66 50 13 3 31 85 0 13 92 13 18 78 28 20 47 84 5 12 55 3 29 66 11 33 25 65 10 21 75 16 32 77 75 17 16 57 90 67 39
49 21 20 7 100 91 88 27 79 81 72 92 86 31 85 12 95 54 64 52 21 28 84 49 72 6 22 10 84 49 20 28 81 51 98 11 80 99 48 44 78 89 65 54 72 48 18 63 63 19 69 1 98 53 7 97 17 44 65 12 52 39 40 16 27 8 47 53 0 95 92 64 15 16 89 63 92 66 22 71 47 43 45 2 95 29 47 0 62 23 71 16 80 50 18 56 57 1 23 57
53 89 35 67 87 39 32 14 29 73 4 50 84 63 13 9 5 11 41 8 41 2 67 76 72 41 79 93 66 62 49 83 68 61 95 16 48 15 22 85 82 5 43 100 37 73 0 51 63 98 19 60 75 86 93 73 87 16 43 79 74 17 7 37 22 86 80 15 78 80 65 56 63 94 28 62 46 58 81 69 55 54 100 54 56 22 64 28 3 87 44 31 11 18 92 1 78 47 84 71
70 50 63 22 59 41 7 1 6 64 63 21 52 85 69 14 61 31 49 8 42 83 48 86 37 80 88 0 15 18 92 34 85 21 68 97 10 89 96 76 70 17 46 3 37 77 81 83 52 58 34 94 76 83 75 24 26 63 56 29 86 64 77 18 88 70 69 32 62 35 2 12 70 19 84 68 65 28 43 24 57 64 41 37 64 29 52 76 76 24 100 28 95 82 74 31 13 63 92 1
73 96 97 81 86 81 52 8 38 11 31 75 41 55 48 31 96 66 5 92 13 13 72 34 20 81 45 69 98 55 26 61 81 7 17 32 93 7 59 4 66 63 14 64 47 69 3 28 61 70 12 87 12 56 41 14 48 90 75 10 27 45 15 28 69 88 16 85 15 36 98 75 66 61 71 97 51 34 19 72 77 80 46 93 97 34 37 61 5 89 88 35 10 88 12 27 81 91 30 25
25 50 44 15 85 68 49 87 92 5 23 74 72 54 89 41 36 71 74 73 19 97 12 62 17 26 77 61 60 15 30 34 75 66 21 44 39 33 15 48 84 32 98 10 65 16 25 85 71 70 68 50 30 97 54 87 51 17 45 18 25 48 19 8 4 67 46 29 85 19 11 95 4 67 71 37 34 90 66 27 97 17 79 78 73 89 94 5 74 64 88 72 19 11 94 65 99 43 83 66
42 4 41 49 49 41 5 59 80 48 24 16 93 75 76 3 9 30 24 73 43 17 1 74 18 27 43 44 38 18 95 69 29 22 92 0 31 49 87 5 75 98 30 61 73 62 2 21 92 53 37 100 40 76 98 18 19 62 10 56 93 2 51 50 87 73 3 81 31 88 90 85 6 99 14 74 43 42 78 61 86 14 12 73 1 21 26 46 48 47 88 58 100 75 62 24 13 37 62 81
91 30 7 20 18 91 76 32 53 98 80 29 54 59 24 15 20 42 90 46 18 93 17 87 6 26 77 35 89 87 3 71 70 15 69 38 78 53 75 44 12 16 39 12 33 25 75 89 88 27 89 62 65 35 7 6 77 71 79 24 48 42 47 64 99 71 32 28 25 97 34 7 55 62 99 39 67 84 31 10 89 89 74 29 84 51 69 42 68 33 42 38 2 100 46 31 48 2 57 1
22 47 86 75 3 62 75 51 94 63 65 56 67 17 93 52 73 29 83 56 11 10 42 15 13 85 25 79 78 71 56 100 37 19 56 69 23 84 12 18 76 95 39 31 9 31 30 13 22 12 5 24 76 20 100 50 78 64 67 45 35 20 32 13 66 83 81 44 27 11 92 84 33 59 75 18 40 25 44 4 66 98 38 6 52 8 79 82 52 10 92 19 58 20 27 19 20 65 86 49
97 8 44 66 46 68 48 76 64 90 50 13 10 8 91 100 73 77 13 31 50 39 11 28 59 61 20 21 2 6 50 61 17 36 32 43 10 63 42 91 40 18 72 71 9 25 10 96 99 13 68 86 2 100 82 35 54 12 14 89 23 0 41 39 43 75 24 43 16 87 6 77 4 2 63 93 68 72 16 62 93 92 10 48 65 15 48 13 11 11 13 31 34 51 98 25 64 29 14 13
87 17 22 53 54 38 85 17 94 6 55 66 46 52 76 2 34 31 100 43 41 37 24 55 95 91 11 47 12 80 50 16 66 99 45 93 70 36 58 67 5 83 56 27 4 76 36 47 41 62 91 87 72 74 75 26 40 96 33 81 54 68 43 36 44 85 55 43 83 97 4 47 64 18 6 48 6 72 83 78 34 65 76 1 22 5 93 56 91 25 14 22 26 37 6 19 20 87 88 26
73 60 11 4 67 33 55 20 90 73 79 10 75 96 62 66 17 47 96 77 54 7 12 20 76 5 83 25 22 91 64 79 47 5 75 6 76 72 82 13 65 81 64 4 87 12 28 89 5 98 83 24 11 27 26 46 55 83 44 17 91 59 10 8 32 43 20 48 63 92 8 23 75 69 80 45 99 60 55 22 0 66 85 24 76 97 72 34 25 38 26 61 30 12 100 82 61 90 23 17
64 63 21 73 16 57 9 34 91 39 65 65 61 100 57 57 9 4 15 9 46 1 72 61 1 18 0 67 1 44 13 47 18 98 89 91 55 24 65 3 75 8 38 12 23 98 98 82 72 93 3 35 63 100 37 84 72 27 32 8 40 54 54 29 88 79 22 75 24 87 89 21 26 61 90 20 6 28 53 55 7 44 70 19 27 65 94 100 26 49 56 18 98 59 52 98 85 19 84 60
68 20 42 52 51 8 91 48 10 42 50 26 78 14 52 8 52 71 46 29 79 46 12 28 41 55 80 97 72 21 71 37 84 57 28 73 83 12 42 10 79 69 37 33 25 25 34 90 79 92 80 78 27 55 37 52 81 13 36 49 20 94 42 24 17 71 0 28 27 28 31 97 93 0 77 26 8 55 46 2 99 23 36 44 63 40 4 60 82 1 90 65 64 0 71 75 42 82 67 62
15 82 78 97 82 79 24 83 5 35 46 91 54 27 30 7 65 72 16 33 2 54 72 76 54 35 64 64 72 53 57 61 87 89 62 71 3 38 2 79 51 29 32 75 90 47 8 53 6 36 44 34 26 63 71 46 86 59 55 49 11 20 34 68 95 38 90 86 56 57 50 61 70 11 23 7 54 61 72 71 97 30 97 79 15 52 21 35 69 51 35 40 99 63 79 89 81 26 17 80
3 27 54 27 98 55 93 85 16 87 35 43 2 43 33 4 36 18 50 36 75 10 23 60 4 54 53 51 89 11 83 26 32 53 32 100 44 66 95 15 12 99 40 28 61 25 45 16 100 11 94 92 64 36 27 60 94 88 95 21 4 3 25 14 48 2 15 88 78 72 10 94 41 41 80 81 86 51 98 80 100 97 36 90 38 72 89 48 60 11 57 47 88 37 40 66 27 32 56 64
27 87 34 65 14 86 91 29 62 82 77 10 65 84 26 78 66 49 75 78 26 54 18 10 68 40 91 11 97 49 32 20 18 8 48 26 57 44 13 15 24 30 90 61 2 78 42 15 92 69 88 86 23 33 31 99 21 69 82 30 58 28 46 79 29 37 59 67 21 24 74 55 5 27 98 78 96 85 83 71 79 18 74 38 78 50 96 100 94 47 4 12 31 73 23 93 63 33 99 30
36 1 41 53 29 95 4 79 57 94 45 76 25 18 82 2 86 31 75 34 90 81 5 92 85 89 3 6 76 53 21 22 25 71 48 3 86 68 41 97 90 21 33 57 32 17 22 39 2 23 55 53 8 95 0 7 65 8 53 89 46 21 4 50 71 44 34 98 27 8 93 13 14 73 15 17 95 95 88 64 64 66 14 99 30 81 94 24 18 50 90 10 94 31 94 46 94 29 16 31
67 100 36 5 7 37 67 17 75 40 30 69 41 64 66 71 44 97 91 71 78 26 46 66 11 98 39 21 17 88 67 91 2 97 62 94 27 90 83 8 2 69 63 98 62 63 26 17 44 75 7 15 10 84 89 90 98 17 43 14 64 84 88 75 4 11 28 79 57 38 31 96 69 58 35 13 29 66 58 1 9 12 38 55 9 45 51 5 90 49 9 77 20 91 48 81 88 24 43 15
42 77 100 43 75 74 2 100 16 69 82 99 98 2 10 90 75 61 33 68 9 22 4 99 82 48 45 8 80 16 95 10 81 82 79 63 100 21 90 57 51 42 25 61 6 32 19 23 45 72 47 43 93 57 24 17 44 89 59 98 86 11 97 80 73 43 87 93 56 30 76 28 54 11 72 77 42 4 68 63 66 5 62 40 5 59 9 19 43 90 9 17 2 62 21 40 61 97 4 17
92 35 99 68 92 53 78 28 86 55 43 99 84 50 74 78 88 12 5 93 44 70 78 76 79 54 62 51 52 32 41 49 75 30 66 34 8 86 66 60 27 88 44 76 83 73 80 1 84 52 23 13 95 42 7 90 77 16 4 70 23 31 81 27 79 93 21 54 58 69 18 13 12 85 38 62 71 72 26 59 16 40 52 17 54 45 19 93 34 71 17 68 68 19 53 45 13 47 75 31
49 77 11 83 26 100 98 68 23 86 87 46 57 37 74 24 68 1 21 94 10 69 6 44 52 26 76 14 17 96 3 16 24 28 36 94 80 18 75 37 100 74 85 63 12 80 74 63 33 28 86 90 85 46 53 21 50 42 27 56 80 77 58 98 3 59 64 87 1 84 15 52 58 7 30 67 12 47 80 33 21 18 50 80 41 67 18 16 81 75 96 13 97 45 57 12 43 55 26 34
9 9 1 86 36 55 78 55 48 26 22 1 73 87 94 62 89 65 7 98 67 74 94 95 40 87 7 97 63 85 50 37 52 68 22 75 86 24 95 68 29 49 85 7 14 79 9 97 22 60 23 8 77 26 21 72 94 24 20 2 77 41 16 8 78 91 69 92 53 97 89 77 52 48 59 2 82 86 97 10 59 79 54 8 97 60 71 65 54 24 15 30 73 21 12 79 10 9 73 43
59 85 78 51 95 14 73 42 37 14 21 39 38 65 95 92 0 39 60 87 59 68 90 27 79 2 40 93 97 52 98 75 74 12 2 31 56 12 30 37 94 0 67 87 7 57 0 11 25 87 0 2 80 34 64 23 17 99 57 96 92 82 57 15 83 70 64 4 62 24 84 26 71 18 23 72 69 70 18 65 89 6 67 11 74 18 95 85 87 29 73 90 9 90 4 11 4 4 13 68
72 9 44 85 7 29 55 11 14 80 80 43 32 0 22 63 73 15 99 90 51 53 18 28 81 54 2 46 47 3 4 99 1 77 66 24 99 26 29 52 99 66 86 17 92 93 2 61 33 59 80 43 43 95 54 29 12 13 83 97 58 88 42 58 79 64 46 70 85 36 37 50 16 97 28 80 93 45 3 67 81 86 10 44 9 91 51 29 77 54 85 12 53 36 65 4 64 12 13 78
53 100 58 40 36 13 88 24 61 47 71 66 20 18 90 81 6 18 37 95 2 37 64 72 52 75 18 27 80 37 92 13 75 4 5 98 1 6 61 94 95 70 93 10 71 25 36 21 19 16 41 40 40 67 73 15 57 24 47 93 1 94 13 95 87 76 18 6 39 60 42 75 49 93 6 58 84 96 2 38 74 85 88 78 50 32 18 42 29 16 54 92 89 66 53 96 27 21 70 19
54 88 59 36 93 53 83 36 88 32 18 45 83 55 11 65 32 96 57 5 23 90 77 51 96 35 41 65 76 64 55 59 85 46 33 31 59 87 74 35 41 95 18 49 70 67 53 43 2 29 17 13 8 68 35 63 77 93 60 44 55 33 28 20 85 4 70 79 48 0 30 74 7 32 42 55 24 44 30 92 90 47 59 61 72 82 47 26 37 33 87 51 54 56 4 90 88 99 91 71
90 67 13 87 7 93 13 70 94 38 65 85 3 71 60 67 17 34 11 71 76 65 22 1 92 64 98 57 89 64 18 75 78 91 94 81 61 79 34 65 58 54 0 46 1 2 69 38 86 23 59 9 75 12 23 30 61 6 27 48 7 100 64 76 82 75 59 43 30 47 47 2 73 36 61 99 24 41 77 90 5 20 67 90 19 5 8 26 31 80 4 47 63 64 4 70 53 39 44 60
61 60 4 16 80 81 62 4 18 12 50 15 20 39 0 71 61 79 72 31 31 9 99 77 59 5 79 90 52 43 46 97 82 10 67 16 18 79 20 69 81 1 91 66 60 67 23 32 87 82 25 84 1 65 4 86 58 41 66 80 37 6 59 70 85 36 79 63 13 89 22 10 69 19 48 84 43 54 82 55 60 9 9 44 74 15 30 47 97 30 40 75 18 81 36 90 51 22 41 6
40 64 35 26 15 13 96 52 72 68 11 45 94 16 26 33 31 5 60 39 13 13 66 74 53 20 4 46 72 46 84 38 47 48 34 63 72 100 100 78 31 63 3 17 24 86 26 83 79 64 81 64 83 72 52 65 17 1 79 12 35 43 64 53 58 59 36 46 12 82 93 85 64 10 88 72 49 56 46 4 94 34 93 3 63 24 26 60 1 25 44 44 96 61 31 98 61 30 25 18
66 42 0 14 60 32 97 98 9 51 58 28 4 35 39 85 92 95 28 61 19 73 20 86 26 61 96 92 76 95 92 45 29 29 63 15 70 23 14 73 90 90 83 22 21 9 69 81 79 75 73 31 40 20 32 30 84 11 51 1 29 18 99 27 74 28 76 80 16 67 16 15 11 4 75 81 57 98 52 92 1 45 100 29 89 38 84 12 78 10 20 15 10 47 69 10 97 96 62 21
33 16 27 3 25 86 50 45 4 84 51 32 49 38 58 15 57 67 24 39 46 40 96 50 84 54 25 89 36 13 12 95 53 34 90 58 70 93 82 29 73 95 68 9 61 66 42 68 5 74 44 25 3 63 75 69 70 91 35 71 67 41 0 83 60 48 60 12 64 28 25 13 7 67 0 76 29 38 46 32 34 46 6 21 79 31 56 65 59 93 80 86 14 62 54 78 93 82 89 30
75 76 34 72 90 11 40 29 4 37 29 69 31 14 51 67 90 60 83 81 29 94 4 64 6 85 30 36 97 58 71 57 90 42 19 98 51 77 70 76 41 47 49 55 19 48 84 40 22 0 62 25 33 25 1 71 85 15 26 24 96 4 1 39 21 64 35 90 57 55 75 14 40 3 58 98 90 96 39 26 86 36 63 97 22 11 8 17 82 15 89 40 33 26 63 97 9 31 91 56
43 83 76 37 39 14 2 28 85 45 17 88 12 41 9 63 23 48 58 76 50 62 17 79 2 70 17 76 53 55 71 68 15 49 17 45 52 65 62 36 49 15 9 31 3 97 46 3 67 17 52 65 7 0 90 23 66 56 22 97 37 95 68 38 37 13 99 92 4 44 28 73 86 43 29 24 39 82 49 88 18 6 85 58 32 31 0 48 53 32 26 89 54 52 32 61 92 74 21 35
66 58 6 69 3 23 2 71 68 73 64 47 9 55 96 54 1 2 38 79 96 78 70 22 20 64 37 79 53 91 96 49 10 50 97 64 56 22 69 25 53 30 32 91 21 53 93 71 85 77 41 77 91 0 93 95 45 41 15 60 33 61 6 82 82 64 45 71 85 82 87 17 1 50 76 99 22 32 2 0 62 19 76 48 81 5 16 78 55 55 69 72 82 60 42 15 19 82 67 33
65 78 11 39 21 25 89 6 19 3 47 73 53 100 41 52 19 66 91 22 82 39 5 70 95 64 79 86 58 29 88 49 77 27 32 53 69 17 13 47 64 32 23 1 74 0 28 70 28 50 9 23 85 69 16 60 67 56 6 6 97 85 50 39 76 76 2 40 26 30 9 75 46 35 77 34 8 22 14 64 96 73 17 74 18 38 40 1 35 44 27 34 74 44 14 62 25 80 33 97
84 64 40 67 39 46 41 81 16 9 46 10 90 82 58 87 24 19 40 84 2 50 19 71 19 18 87 28 76 16 19 99 88 67 96 49 76 86 29 19 84 67 43 75 33 49 68 46 19 97 88 29 39 0 12 86 7 73 35 44 79 53 33 80 2 44 69 32 16 3 13 42 27 90 17 2 68 11 44 1 85 75 53 83 7 13 5 19 12 21 47 22 61 1 92 41 4 84 49 62
72 42 11 47 90 82 30 35 73 66 32 54 98 48 85 34 99 27 34 50 26 19 88 87 52 50 65 1 97 21 0 6 16 8 11 77 27 88 62 34 63 21 86 18 94 50 87 41 66 30 75 90 65 95 83 42 77 70 17 49 27 24 18 6 32 66 96 11 84 98 23 11 30 65 68 11 47 92 40 7 44 18 65 25 46 52 25 97 44 40 62 54 37 9 37 53 32 2 40 9
53 53 1 61 44 58 100 79 79 74 84 39 82 80 61 19 46 24 59 73 80 98 84 87 73 92 94 14 55 41 56 68 31 92 6 56 75 29 35 23 60 28 47 58 100 94 51 4 62 92 77 59 45 5 8 21 71 71 98 40 100 42 12 100 37 94 66 43 13 2 79 33 6 46 35 92 56 68 32 38 3 11 15 56 28 50 89 87 10 58 70 12 31 62 26 73 19 18 15 51
24 61 44 81 94 58 76 69 63 97 65 81 13 91 68 6 38 70 60 100 29 40 13 55 50 36 34 51 13 95 97 27 87 45 84 55 43 59 19 72 6 17 29 77 23 83 41 89 91 6 53 56 78 13 75 88 3 65 100 81 84 30 12 82 44 92 85 92 93 28 0 60 48 84 34 51 33 60 72 22 63 98 54 43 95 22 75 61 90 89 97 12 56 49 36 91 6 11 95 33
38 98 64 21 76 17 89 19 78 92 44 63 27 4 2 11 46 40 14 29 49 97 61 99 11 59 72 44 53 98 100 74 100 4 36 1 50 14 27 31 29 27 44 20 7 0 48 95 84 46 39 67 100 96 36 67 2 67 26 4 40 1 13 50 94 2 82 84 89 21 93 62 30 4 76 51 98 78 49 70 29 95 55 46 23 51 90 2 30 79 36 69 79 92 74 33 63 8 59 70
90 46 10 27 46 19 1 24 74 90 43 62 72 17 16 33 67 98 82 33 59 100 79 43 36 100 72 87 10 14 32 60 74 29 49 100 41 20 31 35 85 13 25 25 69 26 55 22 50 65 40 39 43 31 29 10 26 92 67 83 63 5 50 87 58 19 61 65 48 51 48 76 84 69 58 69 43 32 0 21 94 96 54 13 88 57 65 51 61 43 38 80 100 13 18 36 51 28 0 90
19 62 89 64 69 25 84 0 16 76 43 81 32 80 74 80 51 62 89 97 85 54 85 46 25 57 27 32 44 2 86 85 42 56 81 85 32 0 45 29 16 20 88 49 11 76 38 96 8 45 81 25 45 78 80 30 64 94 42 8 86 95 35 95 43 63 79 39 73 41 22 92 69 24 4 26 54 29 59 98 59 41 59 6 18 6 3 76 8 23 69 28 42 20 90 47 0 53 68 92
73 43 29 35 31 73 25 92 57 65 100 32 84 34 82 45 67 75 67 29 35 55 51 0 43 20 32 4 48 6 11 95 34 22 28 94 29 99 59 83 69 14 85 33 16 21 98 94 6 84 5 62 78 13 58 54 10 48 22 3 41 97 61 77 41 73 86 48 9 0 91 2 27 1 58 0 37 36 26 71 58 49 71 33 4 61 64 58 70 68 38 63 85 20 51 52 14 76 73 42
64 22 55 5 54 27 17 51 98 88 30 29 3 51 81 42 63 20 68 91 22 37 5 26 72 7 76 18 88 73 50 23 50 6 55 52 33 92 57 68 35 53 47 90 13 63 24 13 72 72 48 15 7 56 22 36 76 100 48 63 4 96 86 98 50 9 6 81 77 15 35 98 13 98 42 64 21 53 20 50 90 80 57 93 34 28 20 26 10 96 96 73 4 90 49 88 51 67 83 52
0 100 39 64 50 8 17 58 71 16 52 20 1 38 39 88 15 77 28 24 83 95 90 53 44 23 68 87 77 23 86 96 24 26 99 70 27 59 5 65 7 70 63 57 71 100 84 84 10 45 95 0 46 67 26 37 43 17 59 37 90 60 32 54 50 60 39 83 36 17 8 46 25 22 98 74 75 45 23 85 6 71 13 30 20 52 37 52 62 13 66 64 33 78 61 40 3 25 49 92
60 16 93 54 87 67 73 51 57 17 2 19 67 60 67 19 24 92 77 65 3 26 54 17 16 42 70 85 53 71 59 43 4 39 43 53 90 34 89 28 40 72 92 64 38 5 69 6 65 44 29 94 94 33 26 36 19 20 64 29 69 71 40 2 95 32 72 18 14 10 65 55 2 55 53 76 69 16 96 36 57 5 66 12 10 51 59 27 27 83 30 35 64 77 47 99 98 18 80 41
47 21 32 9 40 35 51 42 27 39 54 10 58 61 82 59 89 58 93 42 98 70 53 33 33 8 3 5 58 44 65 27 74 18 81 32 16 4 52 61 41 37 66 52 19 9 96 94 85 83 18 58 54 14 23 44 18 44 28 30 1 16 24 2 80 60 24 87 61 28 53 30 62 42 75 33 84 53 92 84 77 19 20 9 65 77 82 25 38 2 89 100 50 34 80 67 27 99 98 78
62 84 16 32 73 93 10 2 73 61 56 5 88 71 60 97 93 13 10 57 93 29 76 27 14 65 72 70 91 68 83 49 14 88 3 88 5 25 22 83 12 40 35 79 26 52 58 32 14 60 91 62 0 45 89 32 11 65 86 0 33 8 87 8 91 30 29 2 51 52 74 99 51 85 21 74 42 87 64 48 74 69 59 78 77 42 59 26 46 51 47 66 100 36 20 5 12 22 60 57
83 62 92 51 46 70 22 34 52 38 81 94 37 70 47 80 76 6 87 38 28 49 8 23 44 21 80 77 82 83 69 74 55 11 8 9 90 54 54 88 86 26 64 1 93 85 80 78 28 94 0 13 84 89 86 96 3 59 9 17 97 58 87 97 80 65 63 29 76 25 4 40 4 50 81 56 94 0 92 52 94 33 66 16 39 8 91 66 65 40 32 51 62 91 26 40 71 25 42 51
18 22 46 71 95 46 76 57 61 58 18 6 53 19 61 70 33 37 62 33 40 18 29 79 19 25 13 93 28 39 73 63 11 48 96 66 53 56 60 69 11 92 82 50 27 20 89 70 3 46 68 3 60 39 96 89 28 69 96 21 6 98 51 41 49 3 65 65 81 51 87 94 5 47 27 100 57 46 63 77 18 71 9 23 14 36 56 72 100 33 26 55 96 40 43 61 92 30 70 9
69 55 36 6 89 69 80 45 9 47 24 94 0 55 96 41 58 8 40 2 41 66 82 55 30 56 1 42 87 53 38 74 49 98 99 48 12 12 4 2 29 17 22 98 3 55 75 30 28 87 85 24 81 50 18 95 24 51 34 0 72 4 12 68 73 20 9 37 76 66 22 61 54 14 67 69 32 33 24 80 22 99 19 61 4 7 18 36 29 9 61 35 67 45 88 90 71 29 100 39
53 69 78 0 70 29 3 64 42 1 31 77 68 76 82 30 79 76 19 7 86 53 19 29 78 70 38 71 42 76 28 8 78 10 11 36 45 53 91 37 83 58 39 16 19 50 17 2 57 31 37 11 15 1 44 52 30 66 91 14 77 45 91 97 61 94 58 81 31 100 58 73 90 56 84 74 41 54 44 45 99 69 37 3 82 40 74 17 44 35 93 92 14 68 53 53 39 84 77 14
3 71 46 81 39 6 76 64 71 78 93 78 69 13 74 54 85 86 74 22 90 68 100 71 55 52 93 90 88 1 34 72 31 70 61 11 12 10 45 20 33 39 64 82 75 40 58 17 71 85 8 73 33 57 55 58 41 30 21 82 91 98 6 99 33 26 67 88 79 27 53 91 72 85 55 2 86 6 31 98 56 29 49 21 9 12 21 50 26 12 45 81 93 36 43 70 24 63 20 91
77 99 23 16 81 42 34 31 94 99 51 95 30 94 44 77 11 66 19 15 85 73 20 63 32 83 77 15 72 20 53 28 29 87 78 17 14 19 8 87 78 79 35 96 65 75 40 14 50 24 14 20 58 54 12 60 64 88 77 57 50 81 88 52 46 2 47 85 32 96 60 22 89 3 68 75 53 9 86 72 54 65 82 43 22 80 24 69 89 99 39 38 6 21 59 82 24 100 98 3
97 38 98 23 59 45 81 34 37 69 90 27 69 45 71 61 39 13 43 31 80 43 31 98 41 90 50 92 18 20 9 88 1 82 81 79 42 14 38 31 34 42 54 73 56 75 36 80 41 50 75 43 53 54 58 20 93 59 12 83 34 99 23 62 20 16 84 14 72 15 12 81 3 18 96 30 99 4 15 77 30 15 94 50 91 59 0 78 60 31 94 63 7 98 95 14 24 18 22 3
91 63 81 29 55 65 55 98 11 77 31 28 39 41 11 88 29 43 9 18 96 35 80 20 44 61 28 94 0 85 84 12 20 96 5 24 88 43 67 94 21 43 37 13 49 90 82 88 69 0 53 39 99 30 62 99 70 97 62 47 62 12 75 39 42 96 85 7 37 49 68 42 3 79 26 39 35 64 64 62 75 77 24 1 52 59 92 47 91 28 3 69 21 5 2 52 90 41 14 55
8 87 81 53 89 45 47 37 55 93 98 2 1 38 100 42 88 66 22 1 35 58 11 2 7 64 43 28 72 42 98 16 24 28 82 7 7 67 0 72 23 34 0 88 58 43 80 89 72 55 2 85 100 91 46 41 95 10 94 65 36 84 88 17 38 93 1 64 86 63 22 44 12 67 50 16 7 26 22 53 48 16 13 28 90 47 10 16 82 58 39 33 16 3 91 77 7 34 35 74
44 11 26 95 33 27 53 1 35 24 99 47 98 66 10 23 52 43 22 44 34 45 33 34 80 81 9 72 64 40 34 45 58 51 83 47 83 100 83 51 68 48 29 83 45 85 39 58 21 24 13 78 11 40 71 91 25 1 31 53 44 56 34 31 64 74 65 61 8 80 27 21 69 99 31 42 12 83 23 64 6 26 29 21 42 60 86 91 55 85 60 94 66 28 38 8 8 64 49 93
93 70 7 54 87 7 8 53 70 8 44 19 6 5 56 76 30 92 32 59 97 40 100 62 20 45 62 50 18 55 17 17 4 24 25 66 8 55 60 69 95 35 79 29 97 32 28 30 74 82 9 26 54 37 25 0 14 21 25 90 53 31 12 96 77 17 81 90 7 61 10 6 95 5 79 23 47 61 84 69 45 15 29 8 75 19 57 8 100 12 13 60 62 29 93 80 82 36 44 50
27 8 20 36 34 0 6 40 27 55 60 27 16 55 67 86 99 41 23 95 60 54 91 50 8 59 45 99 0 61 16 84 40 85 61 32 24 22 55 25 77 80 5 48 79 88 90 67 77 83 79 25 39 13 53 26 29 37 12 50 51 42 96 1 58 83 40 27 29 67 99 61 96 42 42 100 12 94 70 87 86 18 82 76 43 49 48 50 84 28 61 54 47 45 89 85 97 75 93 42
62 17 42 99 57 83 65 26 82 65 24 81 78 38 48 16 98 91 97 55 12 5 63 70 89 5 7 83 79 100 38 98 14 75 12 66 93 82 11 50 11 79 60 29 44 71 68 83 14 90 41 17 51 45 19 81 54 54 37 99 30 73 4 71 68 37 74 47 34 81 20 7 86 46 5 11 60 31 41 53 9 27 30 81 86 95 25 88 39 69 24 33 81 23 52 22 70 71 70 91
26 99 40 67 37 95 82 69 75 85 70 7 64 55 51 61 19 39 15 90 31 20 38 44 93 74 52 50 44 14 8 95 71 23 37 11 13 26 62 62 85 46 37 2 68 36 11 33 61 9 78 51 20 50 41 43 10 47 95 79 96 72 36 8 24 1 95 55 67 40 88 68 92 41 63 47 23 82 38 95 47 7 69 44 53 7 30 51 0 86 52 80 97 50 63 8 4 77 37 21
86 5 15 61 11 33 51 1 88 66 30 17 97 10 8 19 57 15 22 11 26 89 15 68 59 27 39 2 32 65 8 26 41 34 88 47 74 15 2 88 14 95 38 32 33 35 69 35 25 98 98 17 5 10 48 3 52 5 31 14 26 32 93 75 93 32 77 99 69 68 98 48 1 51 33 21 76 22 41 98 97 16 82 0 67 32 27 92 56 96 42 56 27 27 54 34 54 21 54 69
10 72 36 85 30 35 11 69 47 19 80 71 85 66 79 64 23 88 67 95 90 4 84 57 13 94 54 18 56 3 98 4 88 5 86 58 66 9 92 50 85 14 47 20 6 60 91 39 71 8 16 64 13 24 53 90 93 18 45 24 44 85 22 28 8 60 82 86 53 37 64 65 71 43 14 91 61 98 58 8 53 52 5 0 85 13 96 13 35 28 62 19 38 96 58 25 99 58 57 91
36 62 7 89 54 14 88 27 38 16 26 92 11 22 42 34 45 88 48 45 55 12 95 74 1 5 2 38 45 52 89 4 74 35 100 3 83 16 12 60 32 41 82 59 39 33 14 22 98 79 76 63 7 89 71 13 86 60 55 65 33 33 96 44 39 7 66 10 71 73 55 43 76 84 84 55 7 65 86 92 97 68 63 66 29 75 6 88 61 54 44 2 4 99 38 8 49 68 42 3
63 46 3 69 81 1 98 63 29 38 16 48 52 54 58 62 91 27 25 1 91 43 57 59 10 6 25 77 51 20 44 90 92 55 13 65 63 11 15 8 47 78 62 59 20 75 29 53 37 7 48 68 60 81 74 31 99 73 7 42 93 61 28 95 33 54 30 74 54 79 89 62 53 26 8 36 17 64 93 78 25 70 2 13 63 90 71 9 69 60 70 64 49 7 9 71 94 58 97 20
44 14 44 97 14 94 32 13 55 72 19 13 17 2 90 98 39 53 93 91 27 53 96 52 9 22 1 67 79 83 89 70 71 54 79 66 86 28 99 38 80 55 15 74 83 77 15 10 99 22 17 28 31 90 35 24 28 61 78 32 82 41 98 91 82 88 31 14 63 17 66 97 44 45 68 46 97 100 48 40 44 15 88 77 62 83 18 69 91 28 56 69 51 97 36 5 69 26 79 27
20 16 54 18 31 39 85 53 33 79 49 73 2 85 39 96 19 1 4 40 41 32 76 41 59 31 17 9 52 65 53 48 48 2 34 58 0 44 43 90 59 39 61 3 43 0 15 29 92 2 54 25 20 96 78 73 40 23 35 33 90 91 90 7 79 52 41 42 92 88 47 84 5 14 70 100 43 100 67 67 46 81 63 24 54 42 3 42 1 23 81 66 14 80 15 46 92 43 24 29
28 77 26 99 26 99 55 3 1 74 26 40 7 69 48 79 14 0 51 29 28 6 45 0 71 31 33 3 9 86 53 82 18 39 65 43 38 46 68 59 76 48 94 8 7 43 70 15 46 15 40 22 71 2 50 77 84 8 8 16 71 42 67 38 55 2 97 69 71 75 22 70 8 22 28 6 93 84 60 42 62 44 33 21 86 40 5 21 98 100 44 85 92 56 17 34 83 69 50 92
15 20 51 60 72 99 90 36 67 100 52 11 89 33 76 51 3 63 29 55 93 10 78 91 10 8 67 15 84 82 15 66 17 83 23 64 60 29 73 32 3 19 34 96 21 90 84 21 90 89 69 55 18 40 7 64 55 56 38 34 16 17 78 9 39 26 79 54 93 32 37 46 56 91 7 57 72 82 94 96 14 90 43 40 59 81 64 54 74 23 87 33 56 37 27 92 61 40 34 45
20 96 56 95 25 92 25 39 32 73 21 26 2 90 69 94 15 93 8 57 27 4 74 73 67 88 95 34 15 84 92 49 53 99 6 100 34 83 25 88 48 35 39 98 39 32 91 4 43 46 19 25 0 14 100 42 55 4 46 96 96 81 79 0 60 10 93 24 62 51 66 58 16 31 35 60 81 52 17 65 58 13 12 52 92 59 38 95 47 34 17 97 71 8 77 12 50 61 24 97
30 46 39 70 14 42 4 92 79 91 86 84 28 0 66 26 46 77 58 57 10 25 23 27 17 92 83 87 8 2 36 25 1 60 48 86 31 79 71 64 59 74 62 47 86 70 54 71 48 13 92 67 91 88 31 98 17 25 35 72 19 47 94 27 92 85 62 80 83 64 17 93 12 28 38 65 77 9 92 8 47 54 38 73 20 19 64 43 11 42 62 44 17 51 30 61 14 93 31 12
100 56 18 40 18 46 38 8 8 4 77 76 96 67 66 81 28 24 77 81 40 21 98 68 59 70 83 79 27 97 95 76 9 38 57 93 91 89 20 47 42 0 11 60 33 44 62 78 53 7 44 53 39 51 44 0 84 65 4 65 100 37 53 27 36 75 61 29 54 33 24 25 9 99 66 15 15 4 14 22 94 82 64 48 35 93 41 55 65 16 25 71 57 16 25 35 44 67 100 9
72 80 21 25 16 3 29 73 82 83 9 80 12 59 47 95 90 18 13 30 73 63 7 33 37 68 80 27 8 60 86 60 56 96 87 50 99 9 3 77 3 91 29 14 80 99 53 65 10 38 85 47 28 38 32 1 98 72 30 61 2 94 62 79 10 7 85 94 83 88 47 67 49 47 87 59 30 95 7 83 23 91 100 83 26 97 43 0 69 78 94 63 8 29 9 21 97 59 86 100
61 26 87 25 60 76 68 66 99 97 32 91 51 20 76 24 71 54 86 75 72 99 71 42 73 80 41 27 28 89 91 13 99 65 44 43 35 8 8 50 65 4 1 60 87 100 69 2 85 41 81 3 0 2 67 2 73 85 18 99 33 82 28 13 51 42 41 6 62 7 10 46 26 61 34 22 72 19 98 18 96 52 5 68 17 15 34 43 59 56 29 76 8 88 32 75 80 7 2 87
42 40 79 77 90 54 36 50 91 87 65 0 89 47 74 19 39 30 37 19 9 88 52 9 10 62 3 43 44 27 1 24 77 50 0 28 70 70 1 59 48 65 47 80 71 65 5 52 23 87 43 78 43 91 50 52 50 95 62 91 66 2 98 37 17 29 91 66 53 86 22 9 2 76 68 20 28 96 3 8 40 16 17 19 100 83 94 80 79 52 83 38 50 30 20 77 92 60 73 84
0 94 28 61 64 5 99 61 42 91 21 17 14 41 95 53 81 89 4 28 67 80 45 67 75 100 55 82 62 20 29 83 40 90 54 45 22 19 80 79 84 41 26 14 34 45 84 12 37 24 22 22 63 83 60 5 14 53 2 76 45 93 22 61 0 74 95 99 59 88 31 29 63 19 70 8 59 85 91 89 76 15 17 84 41 75 47 8 0 41 81 93 27 8 63 9 39 51 2 1
89 4 5 19 8 14 70 51 86 41 28 47 29 4 51 70 39 72 41 42 60 16 29 44 73 85 47 52 62 3 3 59 86 92 96 99 64 54 26 97 61 87 3 39 33 1 97 74 7 34 7 61 68 4 10 89 95 69 3 11 72 8 56 20 55 19 52 98 94 57 3 58 20 48 84 1 25 83 21 38 93 20 14 67 65 88 91 92 39 96 8 29 24 70 43 62 49 12 74 46
15 38 91 72 85 28 80 78 36 38 6 99 56 87 10 79 95 36 42 58 79 4 64 59 45 53 1 71 98 71 32 19 29 36 74 69 77 11 21 4 79 44 10 19 83 97 84 68 76 76 15 6 53 18 96 27 27 94 87 61 35 66 57 25 55 43 88 32 90 13 44 76 0 4 96 15 11 69 46 53 22 17 96 19 42 59 31 69 41 98 89 2 27 42 3 49 86 1 9 36
85 0 36 97 99 70 75 81 9 29 42 86 55 38 58 30 12 5 35 32 11 88 62 76 10 48 58 18 47 30 51 77 40 92 70 42 83 11 40 24 91 86 25 20 66 22 36 10 19 81 11 99 21 80 3 74 59 51 92 76 0 60 2 28 50 38 38 87 20 92 49 7 16 24 25 58 80 36 91 25 21 49 60 26 89 80 20 22 19 66 54 78 20 26 74 17 20 47 91 83
95 71 76 30 31 90 97 0 99 12 45 98 85 2 30 2 88 47 49 23 45 46 25 4 94 41 100 33 22 38 65 41 40 41 42 39 86 89 80 22 87 50 67 81 4 64 49 43 54 42 95 55 24 20 57 80 36 43 69 26 66 8 40 88 38 22 78 47 38 12 74 47 47 27 63 64 25 59 93 33 91 45 7 36 100 87 19 93 69 46 9 45 72 91 31 19 61 91 98 8
72 53 91 97 38 35 78 71 69 100 77 12 20 48 98 19 92 20 30 81 82 78 59 97 30 77 93 53 95 100 16 17 7 73 81 41 55 30 13 70 71 9 67 70 71 34 8 68 79 75 67 93 94 79 22 90 49 45 42 61 43 7 9 100 14 51 91 37 86 52 37 26 44 1 77 59 17 0 60 31 94 8 69 17 82 27 57 17 78 28 8 70 40 71 39 17 80 69 43 36
56 92 93 20 69 88 23 83 71 10 5 58 62 63 34 46 68 94 18 66 42 28 49 73 17 65 78 81 37 63 50 44 43 81 58 61 16 48 29 99 74 55 92 40 34 98 4 46 30 44 91 88 40 42 55 79 66 56 37 67 37 67 45 23 61 52 25 35 11 47 16 58 25 8 91 33 36 12 43 99 80 52 3 50 64 89 17 94 10 29 29 33 77 41 97 43 24 7 70 17
81 99 84 12 99 22 50 65 86 27 94 22 27 76 63 8 26 51 89 44 3 28 49 85 29 65 37 82 76 8 53 30 12 12 4 37 63 36 55 43 39 23 6 2 84 62 86 87 17 13 18 38 39 87 77 100 99 19 23 67 72 32 60 17 9 87 5 61 41 96 81 7 14 3 81 66 85 10 99 21 73 58 79 55 46 99 69 72 60 2 7 38 18 43 22 89 51 44 24 68
92 19 88 55 17 81 25 32 69 38 59 30 12 70 54 64 29 100 91 5 16 89 7 3 79 100 49 100 34 94 72 88 46 1 72 42 85 45 57 95 83 82 27 36 70 78 92 95 54 99 92 42 84 88 14 30 60 31 76 7 55 20 60 19 62 27 7 2 80 37 62 10 53 59 54 76 78 91 30 86 69 50 49 79 30 34 97 17 34 33 73 44 75 57 41 3 45 10 17 78
15 28 52 8 41 3 6 98 11 7 22 35 20 60 90 16 4 63 43 88 38 92 5 82 29 51 30 60 18 69 63 13 15 38 67 80 68 26 15 75 12 86 42 23 69 27 70 29 65 19 6 35 12 29 90 51 48 79 3 87 29 46 65 88 97 87 32 23 89 54 92 22 4 53 38 83 24 50 85 0 68 100 66 77 19 68 4 25 0 62 4 70 75 19 20 21 25 70 28 40
78 78 2 7 77 15 64 88 1 13 49 20 99 67 51 18 11 0 25 76 14 66 17 41 29 44 52 41 46 90 83 67 21 100 66 37 76 74 71 96 60 70 92 53 40 89 89 80 13 27 15 31 25 70 20 13 86 32 95 67 14 14 84 57 84 30 96 30 25 75 42 89 38 26 49 73 7 66 34 78 37 79 3 31 55 87 63 58 27 22 32 9 70 66 25 6 8 76 94 60
89 58 41 69 19 33 55 21 90 27 51 70 52 15 87 58 36 18 54 81 65 10 18 25 39 10 60 87 24 12 64 42 51 46 31 36 32 88 3 75 81 0 98 22 54 5 4 33 78 40 96 53 84 63 67 17 28 79 14 53 47 23 70 63 18 36 69 67 69 1 85 0 0 99 61 99 66 95 52 84 17 68 99 74 11 38 37 98 41 16 62 94 7 51 79 61 93 3 46 9
62 46 40 87 55 87 0 12 7 65 65 50 27 84 59 3 74 34 88 21 7 53 20 38 93 38 71 67 17 42 10 91 85 48 21 13 65 95 74 90 91 8 45 79 82 49 58 5 43 88 44 71 96 46 36 10 93 11 92 91 79 11 8 75 86 27 31 11 72 4 34 18 9 64 32 30 48 29 84 85 49 58 51 52 91 11 85 44 81 70 52 80 97 70 15 61 4 46 74 0
1 74 96 58 55 22 55 9 81 15 55 80 99 60 36 98 59 100 95 75 58 93 67 86 91 37 49 21 32 45 43 56 52 29 51 90 18 82 19 62 42 44 70 35 4 58 64 97 53 30 64 26 68 41 14 42 64 55 30 11 23 14 76 60 64 89 11 19 10 56 1 31 24 96 45 29 74 64 67 16 88 37 76 55 25 84 38 35 92 21 9 96 60 87 21 50 25 81 93 100
84 5 65 84 1 51 96 43 95 75 62 22 78 8 72 83 48 13 64 7 20 23 83 75 54 11 76 64 34 67 98 4 13 66 27 10 46 24 55 12 53 41 14 19 60 77 60 95 60 65 8 97 45 87 67 12 82 17 64 83 38 99 80 17 97 12 0 86 53 15 29 2 52 82 53 90 6 99 67 29 42 45 5 90 27 12 23 51 67 93 61 7 62 42 85 77 8 88 82 98
99 82 3 82 5 99 9 14 21 56 20 70 65 65 74 56 20 72 29 16 55 18 21 60 79 26 91 50 52 97 54 0 25 48 90 60 33 2 89 71 45 90 17 29 78 34 13 2 19 63 62 100 68 59 88 3 63 37 27 1 6 61 95 19 26 90 52 49 8 53 75 78 68 75 90 58 39 92 39 18 66 27 4 54 95 5 77 67 52 30 17 78 69 25 90 19 37 83 15 8
18 75 56 76 0 87 11 40 53 43 68 84 8 20 82 6 51 43 84 96 28 52 97 74 39 32 89 67 26 58 45 90 58 33 22 18 69 85 62 84 69 23 54 12 66 56 59 42 70 8 33 51 86 77 96 87 6 98 32 63 27 93 88 54 63 93 5 12 52 62 69 5 19 56 7 91 92 71 38 0 43 8 29 73 72 94 18 31 29 85 90 84 78 25 4 15 62 21 93 57
40 45 0 12 66 3 48 83 42 21 36 79 72 11 46 27 69 100 55 13 9 8 41 48 28 63 8 90 40 4 53 13 9 100 47 11 80 45 49 91 44 74 76 94 35 29 37 85 78 76 59 91 42 93 21 46 48 5 63 94 16 0 4 52 55 30 3 17 60 31 86 79 3 49 61 19 64 33 29 87 4 44 20 64 51 77 99 61 51 64 31 83 17 31 37 87 70 21 27 55
19 97 43 59 97 13 42 68 74 75 0 87 99 2 74 90 8 49 41 43 95 87 2 34 17 14 98 28 51 34 78 61 38 51 52 41 60 98 14 43 86 90 60 36 48 64 25 74 60 15 1 42 0 31 37 83 13 10 64 56 70 100 34 20 5 93 2 13 9 9 51 90 85 74 65 71 78 86 96 27 69 48 18 59 61 33 82 26 72 96 57 41 97 50 37 3 9 40 51 20
94 17 15 91 37 44 27 72 11 7 63 32 60 68 72 72 74 65 53 60 5 13 84 17 55 18 45 77 56 22 88 8 41 40 25 44 16 39 11 57 65 54 27 68 91 62 40 95 16 55 72 89 96 60 31 74 99 53 28 94 18 31 55 49 72 25 42 24 33 69 25 72 56 85 30 73 72 49 4 26 74 43 53 68 55 14 9 95 56 41 3 59 7 97 45 13 90 4 76 42
38 72 50 51 89 97 16 4 14 63 63 29 20 82 99 36 58 100 96 65 26 10 97 5 45 58 99 81 62 73 99 78 32 28 31 53 87 14 2 89 61 72 30 54 19 90 80 71 51 0 48 65 10 79 26 82 96 52 56 80 6 24 17 56 74 85 63 89 43 83 76 58 23 83 32 70 40 83 91 4 74 49 88 73 25 72 36 45 42 54 52 42 13 9 100 70 92 85 78 9
