66 13 72 39 94 7 65 98 18 13 52 54 89 60 85 67 57 3 78 39 6 0 53 5 61 55 70 84 43 50 40 47 50 46 68 47 18 17 18 42 61 85 79 48 98 41 76 91 29 90 91 72 30 96 8 34 47 3 99 16 22 86 73 82 73 46 9 46 67 19 30 36 69 52 97 35 44 10 19 4 59 31 56 66 45 55 47 42 67 2 0 30 3 38 85 16 76 49 6 51
19 13 53 44 4 60 90 71 50 48 15 64 35 64 47 100 23 22 4 17 50 40 87 68 29 21 80 74 27 47 35 56 88 64 11 84 80 48 23 81 84 3 47 17 23 60 93 58 31 73 96 50 4 34 19 34 22 69 74 37 6 57 55 83 52 19 26 61 49 55 72 38 69 23 47 37 55 19 11 43 23 36 2 80 39 72 43 32 76 10 57 31 38 3 65 86 65 71 54 26
15 41 77 72 0 88 58 63 8 34 71 88 56 13 25 13 63 37 27 13 53 21 9 80 21 27 79 89 58 10 71 71 18 87 62 69 98 21 41 82 95 66 65 17 34 36 20 85 36 7 96 2 23 37 30 34 40 22 68 7 38 20 16 88 46 1 68 99 74 82 65 15 94 65 76 14 18 7 47 63 43 56 64 35 7 2 98 75 13 52 47 52 9 67 32 3 91 76 63 72
13 71 87 72 96 47 57 80 22 58 66 59 5 80 82 88 100 68 71 67 25 55 4 91 3 64 98 44 78 1 40 69 0 61 79 16 15 31 8 29 97 1 31 47 74 74 53 11 51 18 36 9 90 41 15 22 74 57 67 78 23 24 80 57 87 65 94 98 31 62 95 77 95 35 78 41 35 72 22 23 2 0 76 18 86 24 43 39 55 96 84 84 41 22 69 96 45 85 23 7
54 63 94 76 15 50 97 15 21 29 93 70 87 18 9 94 43 5 89 12 8 33 80 10 99 28 29 17 72 49 69 75 69 69 2 60 50 18 52 41 21 82 39 33 90 34 95 34 3 83 98 99 62 87 66 91 47 7 70 11 86 37 51 37 99 13 85 65 16 67 83 85 85 38 31 45 26 17 46 28 21 63 14 68 99 74 0 14 84 17 9 57 10 18 54 74 93 52 80 32
63 24 19 14 28 28 25 25 21 28 42 9 50 20 31 89 10 62 65 55 19 13 34 98 79 37 61 91 41 43 89 89 68 46 20 35 90 30 92 45 17 46 20 23 49 4 7 96 4 46 22 23 1 38 81 13 63 78 64 26 0 91 59 43 6 81 98 64 74 14 6 70 39 47 68 17 40 30 81 85 6 22 94 78 57 59 98 52 4 76 92 13 21 58 6 88 46 11 26 83
99 21 65 42 65 36 2 7 59 51 16 67 82 75 1 86 98 84 89 96 56 37 30 43 90 16 59 69 4 47 89 46 100 70 62 22 53 95 85 25 66 62 22 9 99 32 27 1 99 93 30 67 100 17 9 22 10 89 59 28 80 23 38 7 12 92 87 74 63 17 52 26 53 52 79 68 32 7 39 49 40 15 77 44 97 10 47 19 99 27 17 27 67 73 49 84 16 60 8 51
48 28 61 34 0 98 62 96 62 25 21 23 68 73 53 89 72 81 33 92 16 95 42 81 83 16 78 74 7 58 77 24 42 64 11 54 22 14 8 82 35 10 65 8 22 52 36 68 83 0 17 2 39 36 26 9 49 49 24 77 40 19 15 96 4 55 88 23 47 95 35 58 43 21 76 9 49 84 6 21 74 1 78 75 82 67 96 69 1 2 53 52 24 93 9 23 85 4 57 27
57 3 35 65 95 92 89 15 56 76 74 64 11 75 2 67 46 38 41 94 13 40 46 8 94 56 63 14 74 86 0 54 64 89 44 75 0 81 5 42 37 43 21 54 12 84 18 40 17 13 17 70 6 9 2 81 21 99 8 91 0 30 52 90 100 41 28 89 89 0 100 12 88 5 49 93 24 46 25 82 41 41 16 92 86 82 46 53 30 78 38 16 91 64 28 98 65 34 83 90
20 17 51 59 88 81 56 31 68 59 52 33 43 30 32 9 84 19 14 15 77 36 93 50 67 59 66 96 53 83 17 2 25 89 63 91 44 45 36 98 16 14 10 81 14 6 96 91 31 3 51 63 57 65 21 91 33 73 4 0 89 39 35 55 90 75 6 4 69 69 8 48 81 100 92 93 3 60 42 71 62 85 91 21 75 60 43 5 80 25 49 50 42 91 78 15 55 93 6 8
36 18 94 42 7 56 59 99 23 77 40 3 40 13 3 15 68 17 64 27 57 48 89 3 5 21 19 20 45 60 29 14 6 9 25 14 32 71 90 72 6 59 15 72 74 37 78 76 25 85 62 79 0 90 32 48 85 97 53 56 37 70 0 21 45 92 61 52 98 37 4 90 66 18 52 22 13 11 43 28 12 58 81 60 73 57 82 79 99 59 47 72 98 0 95 10 57 48 84 73
67 73 5 36 6 96 35 7 6 57 91 14 26 32 2 12 23 24 14 13 29 71 39 38 26 99 19 83 9 22 86 29 34 29 2 35 9 51 12 99 63 10 3 73 6 3 45 88 89 29 87 47 90 13 89 48 54 100 76 9 19 86 81 37 67 84 94 83 70 41 2 35 69 89 43 62 86 97 62 16 41 72 93 35 49 78 49 47 30 53 26 95 22 76 1 5 22 75 23 4
5 17 20 17 28 94 37 46 64 63 32 95 0 52 42 96 8 80 5 17 4 29 1 25 45 98 57 37 42 54 16 69 51 99 78 26 92 88 26 14 56 28 13 99 9 62 58 78 53 70 49 30 47 46 77 64 9 7 87 47 61 76 32 8 43 35 54 56 35 92 12 99 7 47 52 32 21 74 79 98 52 69 90 64 64 86 59 82 9 16 13 77 42 25 89 41 38 85 76 83
58 54 15 36 52 39 5 35 47 15 26 21 40 7 38 17 45 28 55 66 54 61 76 26 23 79 58 44 74 29 66 93 4 2 75 45 82 98 16 78 13 69 94 5 43 87 39 95 8 11 37 53 88 28 61 21 16 36 22 97 31 74 5 32 67 12 54 83 82 88 19 69 60 17 100 49 51 8 95 45 22 30 77 49 30 62 24 75 67 31 100 52 56 16 82 15 95 79 69 11
43 27 44 74 45 76 61 6 89 76 19 7 35 60 12 12 5 4 43 100 26 83 87 49 64 14 49 24 95 3 8 92 28 29 46 14 7 55 6 3 78 52 100 24 95 51 47 73 54 48 98 65 74 38 29 12 83 62 96 65 22 11 38 96 97 18 86 12 47 62 67 5 98 16 51 80 67 29 81 40 70 80 13 57 9 77 45 66 82 100 31 28 48 56 41 100 49 63 0 98
30 40 71 20 99 84 53 59 79 42 73 51 100 41 99 29 99 29 73 6 89 14 26 52 5 0 8 40 81 70 18 24 90 4 63 71 99 4 3 5 57 83 16 59 59 26 36 25 35 46 92 37 40 68 41 51 17 2 51 96 74 77 73 5 48 93 61 57 22 74 20 2 84 86 3 67 54 17 36 89 39 83 99 51 60 49 14 64 31 54 71 45 36 88 95 83 69 100 91 49
6 73 1 47 53 82 14 45 72 50 43 79 31 99 99 44 67 37 43 65 21 18 20 66 47 65 40 45 81 75 100 15 24 46 44 63 31 89 74 94 31 79 95 48 53 20 74 84 42 34 26 43 30 100 100 59 63 68 69 91 38 24 10 8 28 1 0 97 1 7 3 4 10 55 19 47 86 67 83 35 78 0 36 73 1 24 15 38 45 34 44 97 47 40 94 95 46 22 38 4
64 39 21 49 64 55 75 46 31 9 92 97 11 15 63 3 62 74 34 62 81 47 97 77 48 39 48 32 97 80 10 51 0 73 12 2 87 87 28 63 81 71 3 76 85 56 76 96 25 9 19 43 98 20 54 75 0 95 64 62 93 48 70 15 73 47 58 12 9 89 66 94 92 19 38 50 18 62 35 15 67 83 70 26 47 73 96 31 2 77 9 34 85 82 79 94 34 1 90 85
3 4 50 85 100 4 30 89 97 29 24 46 35 36 74 26 67 60 3 66 57 32 3 83 14 89 3 86 69 85 10 57 99 44 7 97 57 66 80 25 22 91 82 91 12 45 76 84 96 79 75 54 88 75 35 21 95 6 53 39 33 60 75 54 55 85 11 24 10 97 1 5 82 82 61 40 15 95 44 80 66 3 47 20 66 26 76 26 77 26 34 51 33 86 47 49 19 2 86 21
26 91 12 63 81 74 73 37 31 68 73 68 52 21 78 30 86 15 74 71 82 51 32 44 20 70 68 3 83 39 10 46 56 42 79 13 87 58 41 59 57 38 5 92 1 90 36 30 0 10 46 91 64 47 20 89 4 79 98 32 29 62 96 26 75 98 81 20 100 21 45 11 84 91 62 14 41 5 25 87 28 85 79 58 60 86 8 81 25 67 84 19 14 70 73 2 24 73 46 73
59 33 79 29 53 56 45 9 18 74 84 95 57 9 74 21 11 25 81 58 85 11 55 2 6 89 28 56 62 20 45 30 82 36 19 95 71 31 87 11 46 42 92 21 27 27 80 76 76 64 59 3 87 24 22 77 94 63 81 70 33 48 83 53 57 33 97 36 78 15 8 52 10 69 85 89 16 24 57 81 29 5 39 80 85 6 48 21 97 7 6 61 70 66 28 52 45 86 77 28
77 29 21 63 10 76 54 87 22 66 42 57 43 71 99 7 85 0 52 58 25 76 82 57 99 41 77 76 31 55 31 17 99 63 46 18 50 47 51 30 95 81 50 12 16 45 88 42 21 23 94 23 29 35 69 32 13 52 72 4 53 73 98 17 69 40 94 58 36 79 40 82 86 28 96 10 16 93 24 24 9 41 57 49 46 99 17 97 49 59 5 29 29 28 90 39 55 42 72 35
41 78 43 96 1 51 40 85 78 31 42 20 36 19 4 38 61 84 4 87 6 1 28 16 12 45 17 41 69 43 42 72 52 59 50 28 45 49 66 79 43 25 7 7 80 30 6 42 53 54 31 94 53 51 54 4 62 20 2 93 74 53 98 66 87 9 11 92 60 74 34 36 98 16 53 44 85 7 77 100 7 100 49 36 37 97 74 69 86 8 59 17 59 62 20 6 4 77 34 38
80 45 17 32 74 79 73 47 23 32 10 64 16 47 61 69 95 50 76 94 93 89 36 11 0 2 43 89 72 31 25 35 40 66 87 0 96 75 6 4 50 10 83 76 28 63 53 0 97 1 42 66 27 94 47 39 85 89 20 94 43 23 93 14 49 79 49 35 77 92 28 77 17 92 56 60 15 7 47 6 76 43 71 3 59 99 22 85 81 73 5 53 58 2 2 25 89 18 69 95
79 85 80 72 4 3 1 11 11 98 74 42 58 68 58 96 96 61 90 39 63 9 71 14 83 70 45 55 100 54 82 58 16 30 86 63 17 16 26 6 62 14 34 75 65 86 92 96 3 81 40 100 48 72 29 39 20 10 7 55 68 98 100 37 51 33 66 43 64 8 16 74 8 49 93 51 65 95 9 59 71 91 83 81 41 4 93 76 35 14 25 32 26 48 69 4 67 94 7 98
78 9 59 80 67 21 94 53 86 47 69 31 90 57 6 95 89 62 14 40 45 24 58 1 15 51 55 66 86 94 61 2 81 6 97 89 9 58 91 39 94 29 33 20 100 39 70 79 99 19 23 27 4 71 34 13 7 66 26 35 57 17 21 82 88 18 22 26 50 45 33 48 92 58 71 12 39 39 48 82 30 16 21 30 1 89 77 23 99 38 79 5 55 69 100 13 88 4 20 21
53 68 7 7 16 28 47 84 22 78 80 78 63 49 87 86 91 20 98 0 24 35 24 20 75 1 72 30 93 43 55 39 63 99 12 39 60 72 73 66 1 77 25 48 81 51 50 96 26 19 29 63 36 88 27 96 26 86 43 17 63 14 78 4 77 42 18 37 18 72 69 61 38 78 85 52 23 20 62 24 85 16 29 5 38 23 59 11 46 75 84 18 31 59 73 97 77 61 68 0
9 17 59 28 59 17 52 79 44 18 26 17 14 30 67 30 100 31 34 5 41 51 98 47 96 45 79 36 65 3 51 55 43 81 67 77 54 42 28 6 37 64 22 20 52 62 70 61 70 65 72 18 0 37 43 54 88 6 91 70 37 98 59 32 22 85 37 10 26 78 92 40 18 87 62 25 23 48 100 0 40 33 50 58 54 97 41 100 76 85 14 64 22 81 87 34 51 96 10 86
84 49 63 91 93 37 34 69 53 78 85 35 38 65 84 35 61 83 35 0 72 63 23 82 88 84 33 16 13 46 44 85 73 7 23 29 71 10 23 91 12 72 14 59 80 49 59 82 82 95 0 40 8 81 34 70 11 37 43 55 97 56 47 68 26 25 15 68 2 81 85 65 24 1 45 17 41 42 81 21 71 17 3 13 48 15 75 23 22 11 29 15 14 49 11 62 52 83 75 13
21 14 9 74 94 28 52 15 34 95 40 36 68 33 54 49 93 74 27 89 51 34 27 52 3 73 43 41 39 83 7 88 94 99 32 34 86 57 93 35 75 81 92 9 87 31 9 50 47 49 8 55 32 46 84 12 83 78 58 61 57 97 50 71 39 33 16 55 90 20 78 73 19 30 98 57 39 30 78 28 95 67 8 65 100 99 32 98 38 29 25 92 1 45 33 88 30 13 12 12
33 1 70 60 60 23 45 85 83 84 74 59 54 54 55 51 59 27 71 58 95 42 47 60 87 35 23 58 88 82 5 86 9 53 92 62 2 24 45 64 81 48 38 75 28 89 54 76 81 3 41 25 88 2 7 55 27 94 41 2 49 58 96 41 74 58 32 10 78 50 50 22 19 78 37 55 34 41 57 22 31 66 21 24 17 52 73 48 54 90 20 99 59 11 56 85 59 1 40 96
95 9 96 76 77 2 87 45 57 78 3 42 26 8 39 40 1 0 62 87 69 98 81 70 98 98 19 36 26 24 84 30 39 74 80 13 53 55 13 44 54 16 14 62 7 43 25 83 37 53 70 26 62 18 62 74 48 71 78 97 81 72 27 53 92 19 77 53 41 100 33 46 14 0 36 49 15 54 9 38 89 72 47 22 19 23 47 53 68 53 32 35 24 36 51 70 98 78 34 22
58 84 91 26 50 36 43 54 35 20 89 79 75 91 12 80 11 10 62 59 13 44 75 1 74 19 76 89 23 8 35 87 29 69 2 31 49 38 65 60 8 7 38 50 60 79 4 77 13 46 64 19 8 60 75 55 75 77 20 55 96 53 34 89 38 5 87 34 56 13 42 16 59 76 71 69 86 29 31 75 83 19 65 44 47 95 89 51 53 81 53 43 35 24 78 26 1 51 45 89
25 0 16 100 26 53 64 68 45 51 70 78 76 71 37 95 87 25 84 6 73 9 62 24 44 56 88 50 50 0 43 4 100 49 9 30 93 57 38 51 94 8 44 34 14 86 86 98 74 93 83 52 58 28 41 59 84 37 58 60 60 60 95 96 5 80 34 91 87 16 5 65 84 92 48 35 38 35 84 0 100 63 67 44 72 20 87 55 87 98 34 31 72 50 44 58 61 43 59 62
25 39 56 98 12 12 19 46 27 94 100 80 63 90 9 13 80 4 88 60 3 43 83 67 71 77 49 71 22 64 83 13 6 97 18 25 77 89 46 58 81 19 94 39 75 70 44 64 81 68 48 56 36 18 52 57 97 20 94 5 75 43 39 66 81 99 28 16 41 3 13 34 94 100 9 78 73 24 80 66 30 87 15 94 86 41 33 93 61 9 75 90 73 73 89 18 53 84 20 81
76 0 50 55 79 17 17 32 24 50 98 44 0 13 60 83 98 5 100 22 35 54 55 21 65 39 75 99 15 40 11 22 9 82 47 67 94 83 18 31 42 69 59 10 78 3 79 94 63 7 60 79 74 27 53 10 59 6 60 27 55 26 20 58 12 14 96 16 74 14 28 31 78 40 57 48 58 4 15 20 47 37 32 9 4 66 13 38 36 52 63 58 24 63 56 37 41 67 44 19
17 34 35 80 64 18 82 4 97 57 65 52 41 60 42 56 18 65 89 1 6 93 67 89 19 90 22 19 80 94 3 16 93 57 34 49 52 100 43 75 53 41 71 59 43 44 91 40 97 58 11 84 8 36 85 25 86 11 28 25 54 18 57 19 37 42 56 82 51 85 48 44 9 87 96 57 65 65 2 61 45 39 77 90 18 48 70 18 72 100 31 68 24 83 84 11 7 59 91 52
21 9 21 19 55 21 10 35 42 49 13 53 96 36 96 49 8 15 94 17 24 99 81 9 97 18 90 8 48 64 83 24 27 11 11 22 25 2 30 30 19 98 33 67 84 55 31 79 82 99 55 13 51 20 12 34 86 40 98 73 68 83 71 17 30 97 71 66 53 50 92 52 8 78 4 99 95 33 21 56 14 57 55 74 67 6 14 61 23 95 23 31 59 98 48 73 53 36 40 61
66 22 99 67 49 93 75 25 42 92 37 69 99 64 49 48 70 51 50 67 98 14 83 58 63 45 7 51 24 65 48 48 86 8 52 29 66 86 8 5 53 27 7 16 15 17 16 82 14 1 71 69 16 71 43 13 79 72 28 57 94 32 87 18 13 45 96 61 4 81 71 84 78 40 37 0 81 54 46 8 16 42 71 59 22 76 44 49 7 54 54 24 21 26 67 67 94 99 56 87
50 44 91 70 60 59 65 10 55 7 41 62 41 44 85 49 79 80 92 36 34 70 77 36 93 36 37 43 62 85 43 16 57 10 91 99 87 17 77 14 58 50 7 77 66 43 91 85 94 35 100 76 81 62 61 47 58 86 5 81 21 84 26 75 25 71 84 23 11 93 21 50 78 65 32 29 59 67 12 98 64 48 34 44 31 66 93 17 29 40 22 56 48 63 62 13 44 62 12 55
13 8 62 79 88 25 43 39 74 20 32 62 55 18 42 63 2 53 45 28 26 5 6 76 88 37 16 62 9 26 27 100 14 30 73 83 98 60 18 48 51 31 78 49 39 6 78 0 59 50 3 97 42 17 9 39 67 62 64 83 58 24 78 70 14 26 60 28 100 14 61 36 93 58 21 55 43 58 76 31 32 0 58 0 92 41 79 99 75 3 27 20 10 93 30 30 89 26 52 18
86 82 88 82 95 84 4 12 72 91 52 52 71 37 29 7 77 5 72 55 88 33 1 91 83 42 72 78 16 86 82 87 98 71 57 83 64 70 60 39 18 55 11 37 50 52 98 45 98 49 81 72 52 54 99 95 19 28 13 100 50 22 98 23 5 97 0 70 56 2 51 12 25 4 63 76 77 96 23 5 87 87 49 100 91 41 75 46 33 3 78 27 95 51 53 50 97 85 52 39
25 62 13 59 64 82 42 78 59 18 65 48 93 38 44 38 11 83 47 51 9 14 30 35 11 61 4 43 99 98 7 78 89 81 86 89 47 47 44 69 24 30 67 99 9 90 30 100 85 67 33 43 84 51 9 30 18 48 80 6 42 82 72 25 43 40 76 1 46 9 15 92 88 54 92 7 47 25 18 73 98 80 50 5 68 65 29 84 39 69 69 30 88 27 32 46 65 77 51 73
39 90 25 24 53 61 21 74 67 44 78 95 84 81 24 88 72 62 95 48 94 97 66 69 97 93 81 38 77 60 27 70 43 77 35 68 99 19 13 20 72 97 17 30 42 100 75 43 96 64 94 87 88 86 65 12 77 58 59 73 23 11 96 67 21 52 81 40 2 70 85 36 48 91 25 23 72 30 61 16 91 68 94 23 44 46 34 14 83 25 58 28 8 65 24 33 54 46 41 61
31 100 43 60 7 46 40 14 26 68 11 77 58 97 69 44 63 65 3 86 60 95 9 27 11 89 57 82 21 90 24 52 72 58 55 25 20 39 57 78 70 33 80 26 31 100 14 62 66 41 45 17 67 19 74 16 96 86 84 94 88 39 76 30 4 42 1 59 1 61 70 47 8 14 65 63 45 87 64 13 5 8 65 72 90 85 99 22 74 63 31 14 4 31 4 83 14 18 37 10
9 4 59 93 24 93 13 99 27 82 25 59 89 89 100 0 42 39 35 17 20 43 60 76 67 69 0 94 32 6 66 67 47 40 27 85 54 53 79 16 59 9 89 93 12 95 19 1 48 64 60 26 16 48 25 44 86 6 14 33 32 74 99 32 36 12 24 42 89 11 85 5 36 2 87 71 92 94 77 24 84 37 21 39 4 55 71 32 79 21 1 48 23 46 96 100 40 14 51 16
11 94 52 64 83 72 26 48 21 16 87 82 73 59 51 61 23 98 67 9 25 40 68 62 50 56 71 15 91 30 73 14 20 58 77 20 90 1 88 10 10 70 63 24 76 94 45 72 26 44 37 98 16 89 3 99 60 95 89 46 61 21 25 28 55 24 40 2 26 57 78 71 6 22 34 57 28 73 80 68 48 93 39 70 21 91 37 83 78 23 88 63 4 80 64 82 79 66 83 16
86 29 54 3 7 76 46 99 21 55 60 81 38 92 17 82 16 77 63 31 46 62 99 3 44 0 84 91 90 92 84 55 80 92 46 47 44 1 47 39 79 64 58 18 18 30 43 25 80 92 43 83 79 45 4 34 10 52 22 5 98 34 88 74 1 15 62 50 7 45 77 97 32 58 78 36 85 96 79 41 10 12 38 88 77 45 82 49 72 7 39 23 4 68 74 31 5 100 27 26
1 30 75 83 36 7 6 76 58 76 2 77 66 96 12 40 10 80 37 46 74 80 24 98 47 29 75 83 10 81 34 46 44 71 73 13 39 7 10 93 97 58 54 90 73 22 87 62 13 100 38 31 53 43 44 95 31 5 30 58 42 51 49 2 69 56 8 6 97 99 92 63 73 35 66 99 10 83 89 3 64 58 13 75 35 36 6 4 15 7 79 28 60 21 3 79 35 100 1 89
37 1 33 98 92 71 48 0 48 52 80 44 22 20 28 96 36 70 18 25 97 7 94 83 36 18 17 43 21 60 9 11 18 29 81 53 9 43 3 34 41 43 53 96 6 84 16 48 96 24 33 47 67 4 1 63 44 41 77 51 77 20 9 55 33 16 54 17 81 29 14 55 70 1 78 80 88 71 6 40 71 22 19 35 95 17 52 1 97 62 33 61 43 58 28 8 55 69 60 95
21 24 17 61 7 98 44 96 10 29 18 10 32 38 67 62 65 2 33 29 22 44 87 40 57 0 56 86 23 1 35 86 100 33 76 98 3 59 60 29 15 46 18 85 90 4 80 21 96 77 95 11 69 53 62 17 20 88 83 75 19 72 84 59 72 60 60 9 46 31 82 71 24 49 21 59 96 29 66 42 9 23 89 8 13 34 38 30 79 34 88 8 11 24 63 50 86 50 11 95
34 15 77 65 6 42 82 56 12 43 21 99 6 21 90 29 83 86 45 4 6 3 80 69 100 52 65 30 99 93 47 1 36 79 24 99 51 79 91 13 100 63 74 55 11 32 70 30 60 97 51 4 74 49 13 83 14 37 59 96 69 63 59 16 39 57 26 27 95 75 96 4 61 45 1 64 19 5 62 68 29 37 15 5 6 12 58 62 84 50 38 65 70 27 53 11 31 77 2 2
88 45 29 4 82 52 27 69 61 25 100 98 70 81 56 31 46 74 53 37 22 3 5 49 39 91 75 21 14 1 84 10 94 65 97 54 23 100 83 7 59 72 47 9 57 7 16 16 34 79 57 38 78 32 20 27 90 64 57 59 10 85 99 73 18 72 18 98 87 34 8 92 84 21 39 85 68 31 72 15 98 49 86 26 43 25 71 22 12 3 38 52 65 21 17 35 81 26 24 17
63 13 97 61 30 16 28 96 61 35 23 50 12 28 88 1 87 11 22 55 82 26 93 6 7 74 75 52 34 2 91 3 84 15 7 12 36 49 44 5 85 60 21 79 92 6 41 6 50 76 65 51 70 65 36 94 86 59 48 85 95 12 41 2 38 84 12 83 92 52 44 82 5 53 0 7 66 89 83 70 76 98 20 36 9 38 76 84 82 61 5 56 55 94 95 15 94 60 97 16
18 99 13 46 63 8 21 16 32 89 7 58 41 9 36 53 54 50 73 39 20 88 54 40 22 3 51 73 23 16 81 17 54 21 58 43 92 79 81 40 55 71 30 10 7 34 46 17 65 42 5 25 15 32 47 87 6 83 13 97 73 95 38 96 12 52 55 62 53 17 0 38 56 7 28 41 37 6 17 35 29 96 74 80 56 65 75 36 56 60 8 61 2 89 43 11 3 77 15 70
35 48 75 99 86 73 21 37 26 88 11 41 83 14 71 97 37 12 52 89 39 93 38 72 90 0 10 64 89 17 15 53 98 80 96 28 11 80 72 86 38 26 66 29 78 77 61 76 0 8 85 36 54 39 91 6 53 60 60 31 13 58 28 89 98 36 4 11 88 68 16 44 99 77 39 41 11 85 11 41 93 76 35 49 68 56 90 1 26 49 13 100 72 81 8 0 15 48 74 71
74 59 93 25 38 35 42 65 52 62 44 99 10 97 48 58 15 79 41 52 23 89 21 8 43 30 47 48 67 35 56 31 8 63 65 76 20 18 65 44 36 27 72 76 46 71 56 83 27 15 2 2 38 48 54 84 15 29 57 37 83 47 51 14 37 82 55 94 39 24 84 27 68 89 37 46 8 76 43 69 26 86 8 46 86 23 59 40 37 77 33 24 38 84 4 65 58 100 86 84
27 46 85 56 30 37 49 80 6 53 100 24 87 73 47 50 37 22 30 80 58 42 13 36 27 2 100 15 89 97 68 51 38 67 12 40 90 64 57 77 37 35 57 91 22 95 32 9 62 17 88 68 3 1 55 96 35 20 25 82 23 63 0 49 79 3 35 95 97 84 25 92 24 8 19 12 74 61 75 66 46 64 18 2 87 70 83 55 48 65 20 77 98 52 70 41 38 59 31 67
53 71 45 48 11 96 41 69 27 97 33 18 6 62 11 44 28 67 86 3 23 25 31 91 41 14 26 22 7 72 89 92 56 47 22 95 99 19 0 38 88 14 65 79 37 65 65 86 5 88 14 57 39 75 88 16 7 43 92 22 54 28 68 29 93 88 23 40 25 71 30 21 64 70 97 81 3 17 35 85 99 46 81 3 36 12 40 94 57 63 56 12 55 47 64 46 17 53 44 1
55 95 95 57 71 38 17 44 25 92 10 75 52 0 22 27 6 45 36 67 32 84 83 85 26 71 24 55 17 95 93 54 12 35 34 61 92 52 19 22 30 22 37 21 44 93 20 90 0 14 26 89 20 38 38 7 59 87 97 71 94 5 20 84 28 81 82 4 16 15 27 46 64 80 16 89 20 83 97 72 18 40 72 61 91 76 55 97 39 65 33 98 37 67 90 40 93 57 18 49
93 16 74 38 31 45 49 4 20 75 54 47 27 24 95 96 18 89 38 13 64 46 75 86 43 30 16 48 39 78 98 37 73 84 78 19 3 41 13 93 92 9 77 16 55 37 7 90 98 66 61 79 72 20 12 88 57 100 93 87 4 68 33 67 44 31 8 37 74 99 43 62 73 29 32 77 3 66 70 41 78 13 22 54 33 89 54 55 97 44 84 24 33 16 72 34 56 57 93 81
27 46 49 20 58 6 3 7 40 28 7 96 46 6 0 89 77 39 32 71 38 86 83 18 70 78 5 16 13 33 44 11 23 60 51 88 72 90 82 34 5 86 22 40 2 25 99 58 82 17 48 61 93 17 57 82 100 68 100 86 86 46 34 100 30 38 1 51 60 73 24 14 23 64 60 72 78 19 31 88 15 49 55 84 11 11 27 27 96 97 33 43 88 42 80 57 62 83 63 5
2 58 46 28 66 49 97 88 100 96 62 13 78 90 73 97 57 62 39 10 62 93 39 79 6 47 28 12 9 67 22 16 57 87 33 82 11 62 78 69 88 78 27 38 22 49 64 8 93 85 37 25 34 72 7 78 91 26 62 35 39 9 33 85 78 42 5 49 76 23 9 19 75 57 67 80 98 91 44 69 69 40 43 43 48 69 51 59 88 1 65 41 100 56 48 16 80 46 12 13
22 34 62 3 80 17 53 44 30 60 1 13 32 22 69 57 7 57 36 35 93 36 89 28 93 51 98 48 41 29 59 29 31 17 79 26 31 76 27 29 85 25 3 58 93 23 85 39 33 38 94 21 33 25 69 46 59 79 53 9 22 55 20 66 47 83 15 82 63 86 74 77 14 21 70 26 84 43 65 81 12 76 78 90 60 67 70 21 23 3 85 40 55 61 87 19 90 6 13 74
77 70 65 62 99 38 69 31 32 4 53 86 75 41 87 27 29 19 89 48 55 26 73 80 5 22 47 16 57 23 88 98 31 52 0 59 23 90 95 36 24 73 4 80 61 41 1 50 88 50 89 71 52 88 43 59 38 55 92 19 40 86 51 55 83 21 24 66 62 87 25 10 41 57 39 84 58 22 76 76 34 5 8 3 43 50 43 51 88 86 2 12 15 5 5 62 45 88 42 40
82 8 62 5 38 83 66 52 87 4 99 65 51 65 54 2 40 34 47 37 88 87 6 21 72 25 13 46 10 81 75 43 50 91 46 61 22 31 61 56 38 29 83 44 20 48 96 82 83 72 75 39 18 64 38 4 72 26 98 18 16 43 64 59 55 53 4 95 17 99 3 68 17 76 89 68 80 60 97 0 46 6 43 34 46 51 63 27 49 38 55 14 64 14 29 62 60 33 71 89
0 51 33 70 79 21 74 34 45 45 30 51 8 70 96 23 12 63 23 77 97 99 14 80 99 66 45 53 23 96 39 21 53 96 77 98 15 44 32 39 50 35 74 49 77 60 24 34 65 7 39 53 13 22 5 9 8 69 97 97 33 39 13 76 32 83 98 47 12 36 23 32 61 97 94 15 14 6 82 59 48 29 33 33 89 72 40 0 84 87 55 83 68 1 6 22 2 59 25 9
69 94 73 76 15 50 75 29 35 45 55 28 26 68 47 28 97 97 86 32 50 64 8 35 78 52 31 12 65 56 35 37 82 48 78 60 70 70 35 70 47 40 42 53 46 86 29 15 31 23 78 35 73 22 46 97 25 27 29 82 1 38 89 54 41 3 44 19 57 28 12 64 68 46 14 82 10 85 87 44 19 7 100 95 20 21 36 85 20 63 1 47 69 23 36 80 29 61 36 51
52 96 11 31 97 62 85 11 96 44 5 91 25 53 68 34 30 26 46 96 51 46 25 100 60 43 17 96 17 85 7 37 88 90 72 13 92 32 87 85 49 67 45 77 98 33 36 45 84 84 17 20 73 91 84 78 58 17 10 8 89 13 37 16 14 95 53 97 91 82 85 40 76 59 8 0 9 0 20 56 84 57 85 3 52 92 95 89 53 14 38 91 21 60 91 28 81 50 20 67
73 59 79 26 86 84 57 13 20 77 63 88 64 54 74 88 62 67 73 90 0 59 8 69 55 5 48 8 58 73 78 78 9 35 92 78 85 37 52 50 97 35 88 55 44 53 68 23 72 43 15 5 99 6 55 56 17 75 86 72 12 66 88 50 79 21 84 40 85 33 12 72 25 87 38 55 47 48 10 69 82 70 27 83 12 59 53 50 78 46 48 91 56 78 68 87 51 35 22 1
15 62 16 89 43 57 75 94 49 29 70 40 69 23 50 52 90 94 49 64 33 30 25 98 66 63 89 95 38 50 20 28 76 87 11 81 92 43 83 90 73 18 99 53 66 79 76 95 14 1 65 70 71 46 75 73 78 36 65 10 51 98 35 39 0 9 87 66 17 24 72 30 23 8 16 34 6 100 25 61 1 1 54 46 49 93 21 23 98 6 60 48 83 26 42 5 0 54 80 9
10 65 53 40 9 34 45 59 73 47 45 6 72 65 21 74 56 19 9 34 70 61 9 94 32 42 73 37 44 8 35 52 74 50 22 46 59 85 62 44 45 1 94 86 71 37 13 60 83 8 71 85 32 21 47 69 16 40 38 90 28 82 44 3 53 60 43 35 26 9 66 72 85 99 39 67 46 85 9 2 75 16 67 4 32 55 41 74 62 60 60 37 74 56 22 21 93 4 92 2
90 31 73 39 80 66 36 25 93 86 38 11 36 58 27 79 7 99 43 12 39 11 90 84 49 39 16 58 12 17 73 18 58 48 21 64 64 5 62 11 57 71 47 22 86 16 63 81 37 94 97 33 40 64 42 50 97 43 27 10 97 73 9 36 49 87 95 46 73 36 84 17 70 3 63 75 21 61 70 83 75 55 24 63 61 13 64 98 73 72 80 51 0 47 56 55 41 42 63 26
48 63 71 29 47 61 16 7 72 57 57 97 85 61 79 81 17 73 57 81 28 16 83 13 47 13 49 3 65 73 95 12 17 49 33 59 22 22 97 94 66 65 63 7 63 41 33 98 14 53 66 20 6 56 34 59 97 85 83 97 50 42 51 30 63 11 69 49 87 22 48 77 1 62 84 93 44 29 15 75 53 32 0 52 72 12 51 62 78 3 0 67 3 92 100 2 19 81 32 1
39 64 67 43 44 34 33 82 86 5 67 9 9 68 79 35 85 36 94 58 48 65 18 49 90 15 9 41 20 53 78 47 72 81 66 54 42 85 79 11 73 38 99 21 62 55 97 86 35 55 66 8 31 41 22 68 48 22 17 54 86 45 48 87 21 19 51 16 54 3 61 89 74 76 18 90 10 20 43 79 72 16 77 74 29 35 35 92 54 17 58 87 6 67 75 7 13 84 73 31
18 53 62 58 95 12 30 70 92 26 59 28 47 23 64 64 33 24 36 17 41 6 56 6 61 4 88 36 13 39 20 37 71 76 54 11 90 11 7 75 87 68 33 2 20 83 4 87 97 17 65 85 47 60 63 59 33 67 40 54 44 63 98 86 43 56 69 97 50 94 80 59 29 6 36 68 90 28 33 5 58 88 39 40 13 45 80 69 91 36 14 61 30 12 100 53 71 6 18 63
100 75 87 43 36 49 53 93 73 52 32 14 21 51 54 26 0 25 78 17 60 76 9 98 6 100 81 39 73 12 43 29 86 68 86 55 12 95 31 66 28 98 77 67 90 1 33 37 4 83 14 52 15 16 52 33 90 45 67 11 61 10 89 26 98 97 71 59 94 24 24 83 30 34 99 19 4 42 39 61 65 42 69 42 59 41 57 100 53 69 17 84 64 98 38 19 89 55 96 33
11 75 63 31 33 61 54 5 25 59 14 65 39 62 59 88 51 71 96 43 9 13 80 48 37 73 31 43 60 38 13 0 3 49 8 2 74 29 99 5 70 89 68 71 92 72 37 49 8 10 20 99 15 8 53 14 25 22 29 44 11 21 71 70 78 73 81 25 85 68 97 3 9 100 27 59 94 84 63 22 23 62 6 59 88 75 44 91 69 20 56 62 24 69 69 67 7 75 71 7
61 50 90 58 62 26 96 63 90 7 23 66 10 8 34 22 9 3 31 57 83 77 35 36 22 92 4 62 98 36 48 53 8 36 15 11 84 83 48 12 90 51 51 51 42 30 87 95 27 42 75 6 34 77 29 43 64 46 72 2 86 35 16 18 66 10 69 15 61 63 45 11 42 97 52 30 42 42 94 57 29 43 74 76 58 42 19 79 8 61 63 3 68 31 98 30 8 77 27 53
78 50 11 32 6 19 96 23 19 13 18 19 55 35 98 13 50 57 82 14 32 2 70 26 97 29 44 2 50 16 63 72 86 4 7 97 56 69 45 93 10 39 95 52 37 48 14 60 31 51 52 64 83 72 56 93 37 8 71 73 16 28 84 59 34 44 70 70 14 35 47 30 27 81 23 24 39 71 0 74 18 4 75 6 0 1 67 13 67 41 81 4 85 79 26 97 65 8 86 23
37 82 33 77 79 0 70 95 54 89 34 64 47 0 65 1 83 54 67 5 89 47 55 35 31 99 21 5 13 79 32 65 34 12 82 29 87 82 97 91 1 35 51 90 59 10 27 24 98 30 93 6 50 43 17 19 50 63 95 15 41 6 65 36 81 51 17 3 66 23 81 55 13 25 60 30 44 40 41 27 28 24 38 96 76 47 12 50 23 1 42 96 25 23 9 5 82 40 50 66
60 99 10 5 29 87 82 14 53 23 33 50 3 62 23 25 50 35 45 41 76 66 62 62 78 98 77 45 37 77 33 62 95 30 89 100 68 52 87 27 45 81 52 7 98 28 1 17 25 45 35 60 53 53 60 42 56 61 65 22 72 34 34 80 25 50 96 4 23 73 96 22 25 31 27 41 76 4 40 14 86 2 3 89 44 4 89 11 59 43 80 97 5 78 45 47 91 87 86 38
87 52 91 56 51 56 40 47 88 83 74 94 69 79 13 12 15 31 38 20 55 68 32 10 96 19 44 14 78 87 28 36 6 91 48 89 11 57 56 37 48 70 48 37 27 70 19 12 9 81 83 15 6 88 61 68 94 17 26 49 24 86 6 72 44 28 55 5 63 88 25 35 34 81 55 44 80 18 70 38 58 32 77 30 47 12 27 97 17 83 25 1 81 65 70 6 46 32 28 78
24 48 80 77 47 53 18 20 58 74 26 13 46 80 100 4 17 88 44 42 29 16 57 41 33 74 88 2 68 79 51 21 70 38 54 99 70 9 74 50 99 73 71 91 12 52 8 79 61 98 66 85 86 90 91 28 69 60 18 15 51 73 26 83 30 38 81 22 14 83 4 93 52 26 92 38 68 62 87 34 51 67 9 2 39 29 81 9 12 76 66 46 88 89 15 15 58 42 84 57
34 40 27 22 37 37 49 14 75 75 12 79 34 72 54 58 49 86 52 15 8 62 89 35 52 56 29 48 41 37 100 59 73 99 33 81 19 96 53 99 20 29 53 24 30 92 27 57 77 7 99 29 14 99 22 42 32 96 65 75 0 5 65 86 36 44 49 55 54 44 100 60 77 40 85 70 33 63 26 60 81 84 25 59 69 82 29 43 52 8 16 95 80 36 50 7 96 9 93 3
25 30 89 37 12 96 53 32 80 47 5 4 1 44 11 100 93 71 35 13 31 99 47 40 27 76 64 68 59 14 66 88 53 73 59 50 6 68 14 96 25 72 32 64 29 73 45 36 59 79 5 49 12 58 68 17 2 50 77 88 65 62 69 27 71 89 62 18 14 6 55 35 86 68 27 52 95 30 84 71 76 1 83 72 50 0 25 11 72 18 10 60 63 83 0 16 23 44 44 96
6 63 46 63 20 58 65 68 64 29 54 80 86 13 62 83 29 88 13 1 74 46 62 23 80 96 67 40 49 60 90 96 88 65 59 73 28 94 95 6 97 18 45 10 47 85 40 47 21 7 7 21 35 42 32 67 81 84 29 51 42 89 29 31 37 80 74 97 68 2 27 92 73 2 72 80 71 76 82 32 56 17 28 59 3 1 77 36 60 59 12 32 9 48 37 78 33 75 66 36
4 61 0 52 12 6 21 16 51 55 99 93 74 57 47 18 87 48 88 98 5 13 100 73 57 31 8 38 46 68 21 34 12 76 61 23 98 16 53 50 11 27 84 32 23 99 45 98 2 87 53 99 3 68 56 75 6 92 40 41 26 22 49 68 32 91 38 28 44 17 31 91 28 31 62 2 49 47 55 64 98 38 19 1 15 95 3 47 40 19 33 16 9 7 1 30 60 74 0 58
6 92 43 13 31 88 23 3 91 78 3 29 94 20 28 38 12 29 22 42 79 37 55 71 53 95 29 12 89 59 22 37 32 12 58 87 88 86 78 58 34 76 50 64 27 23 84 76 18 41 62 72 42 12 83 61 27 73 36 77 69 48 72 33 28 68 55 3 36 9 93 47 8 8 19 61 79 1 43 20 94 55 87 29 5 92 16 35 17 53 28 13 95 50 10 62 39 8 19 18
27 57 63 24 83 69 0 97 1 87 46 90 99 13 54 74 68 2 93 56 35 25 44 82 93 16 70 89 55 34 19 12 58 23 4 18 85 24 5 6 73 31 17 2 96 91 29 18 13 88 61 95 22 41 50 11 4 32 69 14 36 20 55 75 6 59 97 66 24 48 69 16 69 89 62 52 15 15 10 25 39 86 48 52 58 53 68 92 58 69 4 68 12 12 13 76 96 48 15 48
50 42 62 92 72 13 53 52 3 5 86 12 74 76 17 65 55 66 77 59 27 52 43 94 94 0 38 77 46 40 41 52 22 83 90 86 78 11 72 22 42 25 4 75 42 19 16 25 60 7 92 90 15 87 22 43 68 85 94 34 61 11 50 75 100 11 49 45 62 81 24 27 97 92 9 38 93 77 20 56 74 99 41 86 98 76 32 78 9 21 45 90 53 92 82 55 49 69 27 15
84 66 68 44 19 17 7 69 82 44 27 77 90 12 4 28 91 7 23 83 69 1 34 47 6 14 62 54 32 45 21 31 50 32 35 33 28 17 12 95 97 44 72 95 33 86 85 51 70 3 77 69 3 61 29 90 6 83 82 73 81 18 64 75 62 33 67 89 97 6 56 35 79 76 90 30 56 4 83 23 62 59 86 20 5 24 68 48 69 80 0 58 65 81 9 80 40 60 90 68
96 62 55 26 69 40 21 24 82 28 1 51 30 52 62 35 8 85 48 34 72 68 60 46 100 74 77 39 35 1 35 78 25 85 11 84 81 62 17 57 29 16 51 84 58 9 65 47 99 72 53 79 85 8 43 55 68 25 86 23 9 44 14 33 98 86 45 4 50 25 32 79 86 28 18 35 30 61 31 5 29 77 27 21 69 74 35 40 22 58 64 61 58 83 56 46 21 43 34 3
78 62 68 97 34 69 71 57 35 81 80 36 18 89 15 44 71 69 89 81 34 97 7 75 62 95 96 40 93 41 87 33 33 55 83 48 17 69 82 81 85 77 74 45 79 3 21 47 37 2 91 76 13 0 63 86 41 89 36 23 8 74 26 87 92 27 32 39 87 73 19 21 77 39 79 53 70 7 33 72 62 13 16 50 9 93 75 63 97 15 25 55 36 85 65 10 13 57 93 75
46 25 79 23 36 73 94 9 84 61 1 33 69 21 76 31 14 98 74 47 52 49 62 61 60 69 83 69 41 28 14 40 95 32 47 15 18 9 96 1 44 68 67 60 95 91 86 81 26 83 6 61 8 31 46 94 76 33 99 80 94 39 71 30 20 74 32 90 10 87 1 16 95 67 90 54 84 17 11 20 12 82 83 36 98 61 37 13 31 49 21 71 65 78 88 73 61 32 61 90
75 49 18 94 12 56 61 72 1 13 98 68 59 45 59 50 22 37 69 100 86 51 28 1 94 85 56 85 72 69 70 67 39 39 30 10 9 9 67 8 61 29 49 57 89 46 9 9 32 17 45 99 42 78 4 39 53 17 1 97 29 59 29 28 93 44 50 43 77 86 32 91 8 47 90 39 76 95 6 78 4 44 73 89 86 60 85 88 15 45 18 22 87 4 89 11 81 5 40 38
78 81 82 14 60 74 15 65 18 0 7 53 46 41 54 79 97 66 59 27 25 43 63 85 78 33 51 11 11 21 98 72 50 84 51 22 47 9 53 11 3 2 100 78 81 88 32 89 38 3 55 20 83 100 87 67 66 92 16 43 88 21 91 96 51 50 25 23 75 24 89 1 10 35 10 51 70 83 27 45 37 36 0 63 41 69 15 20 97 75 16 4 91 34 73 62 9 75 76 39
41 39 74 46 74 15 28 72 31 15 63 88 85 52 15 68 1 81 61 57 54 73 71 41 69 17 91 72 21 75 39 44 5 27 84 92 91 48 42 96 96 44 41 39 18 5 79 22 22 60 16 78 7 90 1 32 11 7 53 4 20 70 66 77 94 40 98 46 82 41 3 75 83 24 60 49 43 83 93 26 48 13 46 28 22 17 13 11 23 43 88 48 94 8 66 100 91 38 35 50
85 33 6 50 1 24 41 15 69 44 1 81 55 92 59 13 48 26 94 73 54 68 42 12 80 20 93 10 62 63 61 49 14 94 83 96 60 41 8 99 39 18 66 2 97 11 10 8 55 38 17 54 79 50 0 57 10 22 23 100 74 28 40 94 39 17 77 69 60 12 89 11 4 7 8 92 95 9 25 75 54 79 89 6 6 9 92 68 52 91 46 90 0 31 71 1 19 57 54 84
58 52 66 95 48 11 60 63 42 81 52 20 54 82 4 45 11 77 40 80 86 17 94 91 17 57 32 54 32 69 85 81 72 28 67 68 2 81 36 27 18 59 29 31 24 63 31 3 94 99 92 65 32 48 83 92 10 21 21 97 36 0 52 89 46 41 45 59 72 99 69 96 56 19 50 68 36 51 55 77 82 2 94 95 4 10 59 6 60 70 83 36 38 54 12 56 16 24 82 11
