81 27 52 96 22 43 73 24 80 13 43 11 5 72 13 94 26 9 10 38 88 53 74 45 23 24 85 27 18 66 94 96 42 35 5 80 36 24 94 65 27 88 70 82 18 81 35 40 60 67 76 74 1 18 17 14 30 49 32 16 37 70 55 71 72 58 50 78 12 98 41 68 71 55 6 36 12 54 34 49 77 55 44 20 51 52 100 57 62 38 49 11 88 41 68 70 86 86 68 71
51 90 29 99 39 16 75 7 28 24 22 37 27 8 78 35 20 58 71 73 17 52 13 30 7 90 78 10 86 43 12 88 7 51 46 65 95 87 70 88 10 56 62 59 42 3 56 9 59 26 28 31 36 77 8 46 33 62 79 8 72 74 45 74 15 79 71 32 37 78 74 17 12 29 78 51 94 22 42 92 61 72 77 77 63 58 77 34 6 31 15 61 38 79 40 72 88 79 4 90
47 83 22 91 15 46 58 61 76 0 45 92 53 23 38 76 9 11 81 95 7 42 82 10 100 9 98 19 51 66 99 37 98 22 17 1 73 2 72 5 0 49 56 98 81 80 28 65 88 85 7 35 29 91 87 69 13 87 75 26 24 15 62 25 23 0 7 51 82 38 67 60 15 31 17 14 28 90 62 64 82 29 59 22 34 82 79 73 55 28 69 72 34 81 58 22 63 99 55 31
26 70 33 61 36 19 70 71 18 81 94 10 89 23 92 30 59 58 56 41 66 65 65 91 74 35 10 90 99 61 84 50 61 30 7 88 70 73 19 7 28 0 59 45 19 93 87 5 76 54 89 68 71 3 87 75 11 60 13 50 48 93 60 26 24 79 70 98 52 5 27 40 28 7 80 53 86 19 2 14 88 10 17 70 58 21 0 16 61 40 38 64 21 29 96 3 40 3 6 38
83 76 88 70 23 5 98 29 54 16 26 1 88 91 60 23 85 15 79 44 57 36 19 69 94 95 51 100 86 90 67 71 73 72 7 59 79 37 82 85 48 75 87 79 69 99 7 58 63 15 90 22 46 29 84 65 91 64 65 76 52 90 19 33 7 79 58 55 62 5 69 30 85 35 29 20 81 4 34 34 42 17 73 35 2 72 67 62 23 52 84 91 36 11 25 52 97 81 6 34
40 30 100 55 68 33 46 69 79 58 37 52 65 19 66 72 5 58 10 49 81 33 62 81 22 92 21 46 5 59 23 30 19 66 69 92 31 77 18 64 41 8 93 46 87 46 41 89 15 14 99 99 43 17 0 97 29 96 56 18 5 57 34 36 57 24 24 1 61 33 91 47 54 92 82 0 17 90 9 0 17 85 35 4 35 44 93 16 60 47 57 17 34 20 10 75 3 69 13 12
22 89 32 28 71 46 37 95 89 97 38 20 27 96 51 35 61 80 70 8 91 45 95 25 54 94 53 32 71 82 50 85 5 43 20 6 80 4 10 5 72 42 76 22 35 53 18 29 58 99 100 35 22 58 71 25 52 13 55 34 25 27 36 5 80 65 81 36 82 59 77 36 36 47 77 62 85 79 75 62 86 90 6 93 46 1 50 10 4 41 37 90 61 59 19 90 57 3 94 69
11 63 16 30 49 82 34 32 71 22 14 63 75 51 11 51 66 51 67 29 62 60 59 59 95 64 97 85 14 96 25 63 64 44 35 67 9 98 38 69 91 0 81 100 10 75 61 97 0 2 45 25 50 11 26 52 79 47 22 37 90 54 3 4 87 45 81 96 100 51 58 0 85 79 3 80 10 25 53 42 13 40 7 63 0 81 14 60 54 31 49 37 53 87 76 94 82 81 31 46
61 58 56 86 26 21 53 4 17 26 44 88 11 28 0 51 1 23 24 15 61 64 55 33 2 7 6 41 51 45 42 99 28 67 36 23 54 10 3 10 56 70 43 14 11 82 75 64 4 23 66 95 43 12 37 7 92 83 87 72 33 73 89 83 51 51 81 50 73 34 37 91 21 23 67 26 17 48 94 64 62 6 87 10 59 28 80 97 51 83 12 77 46 93 34 13 82 13 53 69
37 4 89 60 41 6 64 33 44 42 80 22 41 49 16 36 54 76 70 52 42 81 39 47 85 78 74 69 92 57 78 60 34 16 41 11 33 82 78 1 41 4 17 66 56 38 18 31 48 36 17 61 44 25 2 10 50 80 100 37 46 17 33 95 84 19 93 9 5 9 90 41 24 32 70 62 83 99 30 8 40 95 80 97 42 83 80 31 100 16 14 99 59 95 25 97 33 30 70 6
64 29 64 39 26 97 50 2 8 66 49 80 86 85 92 2 34 51 67 34 70 30 57 26 99 36 55 65 24 27 76 31 52 49 53 42 50 65 23 33 78 94 55 25 94 69 80 52 72 15 42 91 60 31 85 48 18 40 35 4 41 61 31 4 16 27 80 72 56 98 93 17 88 60 96 89 61 83 14 63 78 69 42 6 76 31 4 53 94 75 71 76 82 41 71 75 57 14 14 37
81 75 13 39 40 14 84 49 96 87 62 69 8 84 41 26 22 82 29 83 43 6 99 26 63 78 52 10 4 77 31 61 25 30 81 100 61 70 24 37 27 53 7 22 87 94 43 11 83 91 23 16 80 88 26 13 5 56 67 16 76 75 45 62 91 67 55 82 22 12 36 32 9 88 41 48 5 3 46 38 64 62 78 81 74 84 19 100 85 47 69 36 42 34 86 95 54 69 67 15
90 1 17 71 64 36 79 33 25 48 18 93 33 28 22 54 97 97 35 75 86 49 10 75 12 43 25 16 50 86 55 63 49 12 39 1 90 56 10 2 0 22 30 92 76 85 36 21 8 85 43 83 33 53 93 45 20 96 1 91 20 5 58 29 64 14 41 60 1 47 13 32 39 72 80 12 0 39 86 93 73 64 31 97 70 92 6 27 52 9 9 80 79 35 5 75 1 93 40 85
5 61 6 17 19 94 34 7 33 12 41 84 72 30 74 36 89 33 84 89 1 16 28 25 57 27 22 16 64 74 61 79 97 93 52 0 2 72 93 95 27 80 80 98 38 18 92 18 89 30 20 41 31 65 82 67 89 20 78 78 13 81 48 19 76 6 35 98 47 81 61 22 52 42 20 87 84 69 99 64 73 29 28 98 62 93 28 12 7 81 52 15 29 3 87 93 92 63 72 57
32 88 98 59 100 21 91 9 23 60 26 60 74 3 91 2 35 30 79 81 31 89 99 35 59 66 85 3 31 17 86 57 32 71 45 22 75 20 39 35 88 1 60 8 9 69 16 89 88 25 20 19 15 38 14 9 1 83 67 83 26 78 95 7 79 30 40 62 67 48 76 78 1 92 84 97 31 62 63 4 48 5 73 83 75 100 81 2 62 40 48 33 15 10 3 59 60 83 22 20
47 47 44 19 40 76 20 0 1 12 13 96 83 72 98 41 63 4 81 20 88 1 64 73 96 44 53 70 22 83 20 24 3 92 23 15 53 82 53 49 71 75 62 84 26 62 10 29 38 93 82 25 89 57 35 70 17 0 37 29 41 85 35 57 22 42 96 59 43 77 17 8 0 73 3 27 90 45 61 4 51 66 61 17 72 71 7 52 0 7 20 44 24 3 63 87 18 47 9 64
26 54 19 96 51 75 3 7 58 64 35 4 96 78 29 15 51 85 27 58 8 51 34 66 35 38 80 36 38 47 16 87 81 81 76 18 19 2 87 62 37 83 29 49 5 38 30 17 1 7 86 85 83 100 55 31 46 15 90 16 41 87 90 49 66 64 6 52 16 3 57 29 16 86 100 66 9 61 20 58 40 41 95 24 16 33 0 42 7 86 50 86 71 30 22 64 33 5 22 77
51 73 22 76 76 66 58 23 16 32 75 46 31 52 84 21 4 100 45 81 41 99 17 73 75 50 89 18 12 2 71 35 40 40 70 79 47 48 32 16 75 90 54 91 95 2 41 59 71 22 23 77 23 74 10 45 69 97 39 95 60 56 67 80 36 24 65 5 11 40 7 51 72 45 4 97 39 88 98 28 10 76 48 29 50 77 81 25 40 31 2 67 48 31 18 80 52 56 64 50
22 79 67 21 18 51 44 38 91 55 42 35 80 24 9 99 98 10 28 49 96 5 3 67 77 3 1 52 65 31 38 33 47 0 27 26 79 39 42 31 33 45 38 91 33 10 4 36 19 54 5 85 88 4 41 0 88 19 28 99 6 7 57 58 77 85 81 10 12 17 84 4 32 31 90 21 94 37 93 17 81 43 39 28 94 7 47 37 66 66 39 30 54 98 3 9 58 83 23 29
100 84 9 27 56 24 90 4 3 34 81 37 97 87 13 82 17 25 47 39 56 32 57 22 61 45 61 2 27 17 15 63 25 40 51 69 96 49 47 79 95 53 27 35 10 42 42 17 75 98 29 20 60 26 11 12 33 77 25 9 80 45 86 23 90 85 63 84 53 85 41 72 7 24 11 87 68 57 31 42 29 75 16 44 81 45 60 59 77 33 86 29 68 40 82 86 68 27 14 26
19 11 65 54 57 61 34 67 51 81 48 60 82 89 42 41 10 93 40 0 81 67 40 97 63 60 80 1 93 29 43 38 13 53 72 56 32 19 30 50 80 60 97 4 2 100 52 5 42 86 13 78 69 33 50 93 1 72 41 37 80 39 26 17 51 49 69 62 88 98 9 58 74 83 12 30 74 83 37 76 43 41 41 84 46 77 18 99 50 20 59 7 91 84 53 86 68 29 52 36
8 55 94 76 84 63 33 13 2 6 22 74 43 87 97 44 53 21 50 19 16 86 86 85 62 87 74 52 51 43 69 64 27 68 94 41 40 64 97 13 93 92 16 62 97 12 81 62 18 35 86 34 46 94 22 50 69 30 36 64 36 59 92 76 90 98 81 21 74 86 48 74 85 80 85 20 49 86 26 82 43 14 20 47 5 75 51 46 0 43 41 8 88 39 61 16 100 74 65 69
65 90 40 81 48 5 83 64 27 77 29 64 25 3 90 42 94 4 20 0 48 93 95 32 1 37 60 67 50 6 59 23 76 55 25 48 20 25 8 51 43 14 84 77 21 97 31 56 85 6 24 77 100 38 50 5 9 52 79 50 25 51 88 90 64 8 99 20 27 5 25 84 35 93 85 16 37 97 28 43 40 80 60 57 83 51 63 27 48 42 47 80 24 70 20 97 74 51 86 99
6 19 33 49 44 52 89 74 8 52 51 83 8 81 38 75 42 83 40 16 0 7 84 26 22 39 93 55 64 59 13 3 25 33 19 78 89 46 42 97 99 20 28 88 57 28 13 36 14 6 76 45 4 16 88 70 65 1 72 0 93 63 62 90 28 99 85 60 48 73 48 67 89 11 75 77 45 95 63 98 54 41 13 45 55 3 36 41 56 20 22 57 10 33 80 68 53 98 44 4
10 50 92 75 68 87 44 72 23 39 11 70 80 19 41 1 45 33 54 74 92 65 85 63 4 56 16 98 88 1 38 84 31 23 20 42 29 58 54 88 15 61 91 0 33 42 38 42 48 94 15 78 32 45 52 40 87 18 61 90 0 60 5 81 14 61 7 79 85 8 21 54 76 19 49 91 93 3 17 80 16 79 88 13 36 45 15 17 3 91 58 13 96 20 92 53 8 42 5 6
5 100 72 54 10 22 73 0 40 84 32 79 50 1 59 44 2 43 83 29 52 22 5 12 85 16 95 0 99 85 67 45 48 62 36 44 43 0 8 36 75 89 21 75 92 0 90 88 30 39 100 11 13 91 100 65 66 63 30 80 62 70 82 45 83 7 48 83 39 23 33 17 95 1 8 82 31 58 56 97 71 42 6 86 82 59 91 23 76 20 37 71 16 100 90 61 72 71 87 100
46 89 5 97 53 72 67 10 35 60 94 57 0 64 74 0 84 62 80 41 21 74 45 59 62 92 100 5 56 100 27 75 44 89 32 2 14 75 28 44 25 63 48 2 73 33 42 36 22 59 28 56 11 44 23 30 43 67 84 52 90 29 63 51 6 81 7 90 57 64 32 54 48 64 37 65 78 95 37 2 61 94 97 100 4 8 43 38 16 86 19 90 3 41 3 57 28 55 1 61
72 65 34 83 67 9 42 50 33 55 19 82 96 96 43 98 99 21 35 86 11 62 5 26 80 65 73 34 75 51 51 11 24 89 69 48 73 53 33 18 46 18 61 52 41 49 69 22 19 50 64 34 22 96 9 11 65 6 32 34 77 95 93 49 81 89 26 98 5 70 85 1 55 65 99 91 33 32 14 29 39 32 100 86 68 68 71 40 44 95 78 20 68 68 56 95 31 48 65 16
95 84 57 64 4 33 31 83 73 72 20 60 49 12 95 71 22 69 69 56 47 70 96 30 87 97 72 43 34 99 29 19 61 35 6 57 26 34 23 86 15 75 27 82 74 1 69 21 48 32 85 3 69 36 42 88 57 19 59 58 45 81 47 38 90 43 56 58 77 32 22 21 33 87 49 57 56 9 94 57 91 35 22 71 1 1 78 4 25 66 93 5 32 80 29 57 31 17 67 1
7 2 7 52 45 95 37 99 39 33 52 1 99 41 62 52 98 78 12 42 49 67 48 11 9 98 11 68 69 82 21 22 13 5 90 17 66 38 19 100 83 14 26 9 1 61 83 48 52 8 52 89 84 46 13 65 7 4 94 52 74 58 87 86 6 2 12 40 69 19 96 19 16 16 20 18 54 91 86 64 72 29 45 4 76 15 71 57 81 15 72 5 80 15 61 89 51 42 49 43
39 12 52 95 9 16 74 87 87 1 14 32 3 76 98 68 97 24 45 62 3 30 29 87 95 78 50 24 2 38 8 92 95 100 0 97 4 50 94 20 35 16 86 46 100 33 54 99 52 62 68 63 51 77 53 61 2 38 63 44 16 29 82 96 59 57 27 85 71 55 45 20 33 26 59 65 19 63 67 36 64 56 38 68 85 27 5 59 19 12 36 68 24 59 15 8 98 24 42 41
22 13 39 25 7 94 39 61 58 30 71 88 68 74 14 53 53 3 79 91 31 95 22 57 94 55 59 74 16 94 74 41 35 82 86 84 53 31 81 84 36 54 58 69 87 42 3 9 31 56 26 63 69 67 34 80 86 25 99 68 75 0 48 93 81 98 67 79 15 25 2 23 9 26 75 42 0 18 11 34 82 16 29 46 10 37 97 50 69 72 21 59 36 65 8 4 40 54 50 61
98 63 19 26 58 60 94 48 1 69 45 96 61 62 86 18 22 57 1 68 18 49 20 61 55 35 76 19 31 14 53 81 41 59 8 23 77 11 17 72 99 84 29 48 1 92 43 95 22 67 52 95 89 79 93 20 18 52 86 85 70 10 82 84 55 99 81 13 31 68 83 21 74 44 99 38 50 82 65 9 31 4 67 77 85 47 35 2 19 23 57 70 95 94 8 9 79 67 93 48
57 30 87 27 41 6 27 92 92 96 92 89 46 15 10 91 66 62 38 92 44 60 12 28 31 59 87 1 57 77 75 53 59 53 5 22 83 80 29 68 66 71 69 6 79 77 52 97 100 81 27 91 73 56 46 47 58 35 36 42 50 72 30 97 34 99 1 73 87 12 100 49 85 0 56 72 69 27 46 74 53 19 25 100 72 80 53 15 34 23 100 2 72 39 30 17 68 84 84 88
71 96 85 9 99 7 74 43 49 61 84 39 85 12 61 37 70 48 79 14 4 18 44 84 63 38 80 32 78 81 91 43 3 99 13 54 47 39 67 75 48 7 73 47 32 57 81 91 22 92 43 71 36 51 75 46 33 30 21 55 51 82 31 88 57 65 74 53 73 75 17 80 63 92 13 99 100 83 63 70 1 27 75 89 60 15 95 61 18 20 94 68 37 5 36 80 61 81 46 86
89 61 56 50 70 12 90 17 23 94 27 83 44 82 78 95 1 97 41 36 18 100 10 54 20 43 6 32 23 69 0 17 28 3 61 10 17 53 52 41 9 91 21 23 62 94 82 72 63 4 13 33 93 91 28 97 42 60 62 56 55 4 10 43 5 31 58 26 84 45 74 24 82 2 46 44 6 37 8 77 64 81 50 3 67 46 55 55 55 95 46 0 52 16 72 69 62 79 79 11
27 14 12 50 66 18 74 80 78 81 72 45 34 88 38 31 29 49 35 11 77 41 35 31 58 63 17 33 77 80 50 47 88 52 62 10 100 22 70 93 36 62 15 41 23 60 20 78 79 46 2 74 86 77 92 26 40 40 32 98 63 83 48 9 91 0 9 84 32 55 31 20 12 32 20 69 8 77 13 8 77 37 31 20 74 15 44 11 84 52 23 54 74 79 25 50 14 77 91 23
17 99 95 26 41 28 12 47 92 81 39 52 8 32 95 69 47 96 86 0 15 68 16 32 36 50 61 63 10 5 66 88 86 98 93 57 69 42 90 14 23 62 71 33 70 59 52 76 19 48 82 65 92 90 37 94 16 90 4 50 61 40 78 3 95 87 43 16 18 24 53 11 42 36 23 19 51 86 45 73 29 82 67 67 38 19 37 87 47 30 5 24 15 3 16 17 77 81 74 77
21 87 92 94 90 43 88 76 35 96 65 1 21 16 73 8 15 43 57 92 3 3 54 29 86 50 52 72 16 32 66 67 80 64 43 54 26 79 23 18 5 43 27 5 18 92 73 37 55 47 85 54 33 59 44 8 37 32 39 70 9 41 66 89 8 80 25 48 80 44 32 89 34 34 3 91 84 99 93 0 40 72 38 29 14 34 55 72 2 59 32 36 27 17 66 43 23 33 95 77
99 12 42 56 69 78 12 97 6 16 48 52 29 24 30 73 10 93 60 54 28 20 19 39 0 1 78 82 64 79 20 88 11 41 8 56 26 69 11 14 29 43 37 98 82 83 45 67 69 53 64 61 54 12 51 56 54 67 73 98 87 44 85 75 67 48 37 34 77 77 7 81 66 44 75 7 24 52 78 2 0 18 77 74 81 88 12 10 3 31 63 16 94 26 44 18 90 100 51 71
63 34 94 83 27 26 53 98 90 36 50 25 17 86 61 59 69 88 20 76 50 31 30 46 70 75 4 79 33 97 51 30 34 42 80 97 17 41 70 92 2 8 13 79 2 97 33 43 57 45 82 65 80 91 32 95 65 28 47 25 87 49 50 29 16 51 55 26 61 45 0 87 9 81 95 25 16 23 45 95 6 49 54 50 33 80 4 0 77 38 50 29 49 74 48 81 82 6 18 32
10 4 0 21 16 25 79 52 70 54 40 77 74 65 41 92 13 94 90 77 57 39 97 0 42 82 51 83 17 50 23 86 82 79 95 40 67 30 53 83 9 40 25 91 21 95 44 47 79 55 50 66 68 51 13 44 78 71 27 61 71 9 12 1 100 65 54 12 100 9 13 87 75 15 48 60 90 17 63 77 10 73 20 88 79 14 11 24 31 44 0 22 98 97 53 90 93 81 81 46
25 39 4 49 56 39 81 31 23 98 37 9 25 11 70 32 63 11 92 26 85 81 22 97 70 49 26 64 23 20 80 22 66 30 95 92 90 72 42 5 88 7 54 15 26 48 5 64 91 98 37 26 38 50 50 66 52 40 18 56 30 19 48 21 74 59 19 73 55 60 4 43 25 23 93 86 49 48 27 37 19 32 14 90 66 81 94 74 18 23 23 89 24 79 50 83 80 99 7 92
19 86 5 27 93 34 61 33 33 88 32 40 74 89 100 2 51 50 10 13 1 24 7 25 94 51 42 37 8 2 7 57 73 26 87 64 1 74 55 62 97 62 77 64 59 51 14 21 44 44 87 70 13 44 31 9 29 21 58 100 86 52 45 64 23 80 48 3 92 75 45 23 79 7 83 74 11 51 3 13 45 59 51 87 11 25 16 64 64 98 52 82 42 99 84 97 57 94 42 66
79 45 99 4 17 85 44 23 81 43 98 58 21 42 64 73 76 3 90 28 42 75 60 56 64 81 49 89 84 18 4 68 78 74 71 92 90 77 90 19 85 66 34 3 81 66 49 3 52 35 86 55 21 83 64 11 19 55 84 87 67 94 58 69 28 19 45 75 43 23 66 59 20 90 41 43 24 83 49 63 23 89 39 72 53 81 27 48 51 59 83 12 75 74 91 56 80 68 57 65
5 99 61 94 92 0 95 97 5 26 61 88 67 31 12 96 4 41 31 56 59 95 29 17 45 69 32 56 92 30 47 88 63 97 12 59 78 51 52 72 96 70 17 59 94 94 1 40 66 80 99 68 57 14 0 81 56 63 27 25 38 68 41 90 100 64 94 42 60 31 71 86 61 4 71 82 47 75 39 31 1 40 88 55 72 68 20 76 74 20 70 74 37 76 98 76 78 61 33 81
4 8 4 3 66 92 25 58 96 93 88 84 18 90 48 98 57 23 20 62 21 31 65 70 37 2 82 75 47 72 85 65 80 42 88 27 12 86 52 17 72 69 34 39 24 31 11 24 63 20 57 64 0 18 66 74 2 43 27 79 80 76 13 53 26 85 65 60 82 37 43 78 15 45 43 20 21 84 15 59 97 10 25 50 76 93 31 72 87 45 62 22 76 78 54 10 53 38 89 75
49 79 16 11 9 40 73 29 24 54 87 100 0 37 97 22 1 97 14 4 64 78 52 33 74 7 14 26 14 76 74 98 76 38 78 53 59 19 55 87 1 55 93 67 29 60 71 68 4 31 63 43 86 67 24 77 0 37 67 64 55 63 20 94 5 8 34 92 25 92 32 38 52 24 89 43 12 34 70 67 64 44 100 36 36 77 14 10 100 13 66 47 11 46 71 72 31 39 96 75
31 35 47 84 25 68 80 33 43 60 42 54 41 87 47 70 88 1 86 31 4 31 34 41 39 18 39 96 72 9 97 33 4 71 19 100 39 16 8 32 84 77 98 16 36 95 51 36 63 63 47 79 100 79 97 20 95 56 65 90 32 13 62 33 90 31 61 0 72 91 9 75 39 43 45 28 13 58 90 60 75 27 23 74 11 55 67 55 36 12 11 19 83 74 6 36 85 79 78 18
88 83 16 37 81 97 15 81 56 33 69 23 6 21 88 11 42 71 65 8 98 92 13 14 97 42 81 62 17 95 34 4 15 60 42 42 1 63 2 95 89 49 46 44 8 50 9 73 24 95 78 36 0 99 62 19 44 67 80 39 64 46 90 37 24 0 84 13 61 69 61 17 57 30 69 95 61 26 98 9 40 53 22 97 44 98 83 58 69 46 10 33 56 60 63 39 58 28 3 27
17 9 22 84 93 11 61 8 1 10 67 85 100 87 100 12 97 29 4 96 93 14 35 38 83 41 75 4 47 58 95 76 40 22 44 78 12 93 76 97 79 66 21 76 67 60 86 99 8 73 6 64 28 61 26 60 68 10 62 88 46 83 87 71 37 67 60 14 44 52 39 50 0 36 70 13 14 74 36 19 95 50 61 76 28 44 85 23 15 88 90 61 32 38 8 36 95 50 90 59
85 7 45 62 36 60 45 43 14 85 37 57 46 61 13 65 15 44 37 84 97 74 22 12 36 56 41 81 13 64 83 21 37 23 62 27 59 71 44 70 41 2 40 98 1 24 34 70 84 28 73 100 25 35 90 22 34 81 85 79 78 95 93 14 76 39 69 90 45 39 45 93 63 17 55 5 40 95 8 10 36 24 59 61 95 56 8 46 23 3 79 26 68 52 35 42 42 28 24 52
42 45 96 44 10 42 98 9 54 17 32 19 67 2 42 49 84 6 1 67 71 30 63 75 11 41 47 95 68 23 44 45 5 43 15 48 95 86 57 64 35 67 58 5 5 92 8 68 6 86 73 5 77 55 66 26 13 44 54 91 42 56 99 32 9 84 23 35 0 7 59 61 92 80 64 64 56 10 68 36 61 10 45 49 8 68 91 75 92 52 10 14 22 36 95 58 5 93 35 26
47 29 36 73 81 77 1 46 37 26 32 43 76 16 5 47 21 49 83 65 68 13 53 87 100 69 24 36 41 44 73 13 54 0 31 66 81 31 68 70 72 82 77 16 36 21 20 61 55 13 86 61 95 72 96 27 98 22 55 63 53 34 61 52 76 25 31 63 15 19 31 76 60 24 47 99 63 0 45 17 24 11 32 61 84 55 52 22 25 13 19 63 20 69 70 62 10 37 32 27
60 98 81 22 44 7 26 9 22 56 3 92 6 25 56 43 5 6 89 43 25 90 40 72 53 56 4 41 38 15 6 23 14 34 6 27 44 22 15 56 90 15 4 24 46 55 4 42 90 92 98 18 77 75 12 36 100 43 55 79 24 35 14 85 6 28 82 94 99 86 66 2 23 28 22 92 89 2 16 32 33 21 56 2 3 96 46 38 14 77 24 8 27 69 74 30 100 96 88 0
30 84 59 17 52 18 61 58 9 88 7 10 11 32 53 50 76 42 62 100 71 1 91 56 74 85 5 37 6 40 74 46 81 74 71 82 82 38 3 84 52 4 68 84 16 44 0 62 67 19 51 42 17 38 59 17 51 84 49 13 25 38 64 52 68 3 94 19 9 20 2 18 94 72 98 15 79 95 18 65 57 99 11 11 93 0 98 31 62 39 65 98 60 42 10 71 18 52 33 48
7 56 50 46 92 0 74 66 61 85 58 93 31 45 58 74 11 37 12 33 100 4 17 73 18 86 87 17 7 11 86 92 46 4 15 60 71 16 8 23 41 93 11 11 61 58 70 89 48 43 60 69 14 70 76 25 23 24 33 79 13 37 69 9 26 12 74 97 37 82 22 78 11 10 42 75 30 53 5 15 35 8 52 28 72 62 73 89 11 89 69 7 44 71 89 80 70 83 62 85
75 28 2 11 83 85 26 39 61 94 0 81 53 85 47 28 13 65 97 89 79 20 91 49 73 71 20 8 5 87 60 2 41 48 80 54 75 75 31 91 62 41 41 36 79 87 10 9 62 70 19 28 0 35 0 56 93 2 92 46 7 7 85 58 63 86 52 50 83 7 55 43 71 43 21 25 71 3 38 80 27 21 92 43 57 95 53 21 79 9 39 63 5 19 52 36 45 87 37 15
43 79 7 7 75 95 71 77 42 76 16 4 91 48 6 3 12 95 40 79 40 17 14 5 36 70 91 54 59 100 76 78 100 46 46 3 15 58 31 75 10 87 82 31 44 60 80 28 18 92 1 80 43 54 65 0 90 17 12 1 64 69 90 7 37 34 83 93 21 66 59 58 1 52 17 17 50 93 13 47 59 34 29 97 75 25 46 12 53 29 80 71 63 20 13 17 5 67 12 50
34 92 83 15 99 70 33 38 51 10 51 17 9 78 21 96 71 65 62 51 96 37 64 85 98 92 72 73 0 25 99 15 63 18 42 2 17 3 84 42 33 81 12 76 17 96 11 25 67 56 60 84 75 24 60 40 92 26 90 25 81 90 17 52 51 90 75 18 9 57 38 62 2 75 74 74 34 83 52 77 12 57 41 95 64 19 98 92 99 21 88 94 67 38 81 44 9 82 29 73
3 69 42 51 85 45 20 50 46 56 22 1 90 70 60 83 50 1 21 99 6 97 77 36 60 72 31 15 47 26 20 39 2 83 71 36 12 22 17 19 53 27 96 66 68 74 35 79 95 42 3 64 15 95 20 54 50 62 18 88 62 61 65 74 71 12 36 31 92 19 46 20 23 3 8 85 3 3 62 42 36 49 10 70 39 4 89 11 79 29 70 32 79 36 85 91 78 36 50 93
99 62 51 37 22 98 68 53 49 64 57 55 42 10 34 78 0 64 53 94 0 29 22 4 61 22 81 7 38 68 84 95 11 31 66 41 31 15 94 76 57 92 14 29 31 24 50 91 2 72 14 4 0 3 63 78 77 58 29 100 62 12 89 48 51 50 14 23 89 23 74 35 71 77 69 20 97 65 46 17 81 38 67 21 37 38 53 68 1 50 6 29 78 30 0 75 18 22 32 8
56 42 90 59 59 25 80 11 17 90 35 18 85 22 13 55 99 62 94 36 78 42 99 48 34 66 52 84 15 9 55 2 35 84 6 68 40 21 98 59 13 5 87 72 49 18 42 100 18 41 100 85 14 89 23 89 68 34 58 50 86 23 51 42 56 8 18 58 91 73 37 66 71 61 76 60 37 87 75 88 60 88 6 97 38 53 31 98 77 60 78 17 68 87 8 52 65 27 36 64
48 20 94 10 94 24 99 30 84 90 65 83 92 73 100 7 36 77 8 9 82 4 80 96 22 80 89 39 18 42 3 88 20 58 21 82 22 29 96 51 25 48 14 85 45 89 17 45 74 95 6 65 77 33 60 50 42 74 38 8 78 41 72 96 65 22 89 33 17 80 16 60 29 30 81 28 67 28 85 94 49 47 2 82 81 17 84 39 55 71 75 72 3 11 51 22 83 8 24 40
12 79 76 79 8 62 70 42 85 72 18 21 48 69 47 77 6 34 68 2 99 7 9 5 67 6 92 54 23 79 32 67 20 52 34 78 39 73 42 61 23 66 28 29 98 49 21 52 44 73 82 8 86 19 67 97 81 92 12 8 40 100 52 25 15 100 40 37 57 100 22 55 56 53 71 54 84 10 16 6 39 51 9 20 75 43 26 0 41 51 25 47 33 38 77 6 91 72 65 3
75 52 49 22 92 47 41 6 50 31 8 69 88 40 96 5 38 94 55 12 21 47 82 20 85 62 77 13 35 5 62 21 15 22 6 33 14 3 35 0 99 20 41 75 11 1 59 70 71 40 78 14 22 63 50 5 96 33 77 23 77 14 51 49 63 67 6 79 20 60 23 74 75 60 46 6 95 54 73 80 39 83 73 24 59 65 84 22 2 20 29 12 1 3 13 14 52 46 42 70
7 1 1 21 49 7 87 35 64 29 43 99 62 74 1 1 49 95 91 40 29 31 86 33 38 10 88 81 60 3 13 88 75 56 9 56 17 13 80 45 36 47 43 92 67 33 59 8 55 8 26 22 87 8 83 24 98 36 79 85 95 89 28 26 85 49 13 50 62 0 72 63 98 59 85 36 44 50 65 46 1 57 26 56 47 43 54 55 76 48 20 65 35 83 33 13 53 96 100 29
22 44 98 70 15 60 11 33 41 79 77 2 68 48 67 21 21 59 44 75 10 39 47 1 25 52 69 22 9 54 17 91 54 45 76 58 11 65 2 46 32 64 72 31 9 6 36 26 25 63 75 27 39 67 52 63 68 59 12 62 41 39 93 37 99 66 71 16 3 4 3 89 7 55 35 87 38 77 26 84 24 30 46 95 87 46 59 33 95 33 72 64 89 33 16 3 10 42 37 27
76 12 53 5 95 63 40 34 72 84 50 11 98 94 59 78 48 70 22 39 49 7 48 4 83 25 17 74 1 87 75 29 89 89 4 76 62 46 7 45 34 89 51 6 47 14 53 7 81 43 92 10 12 33 86 17 52 52 47 47 100 24 75 46 99 81 65 56 54 12 85 74 16 91 43 39 44 46 24 57 79 53 24 40 12 3 78 43 69 38 23 36 17 100 13 71 77 13 49 11
34 35 30 59 2 47 97 76 72 32 75 35 91 45 24 51 63 54 27 19 1 17 49 92 16 25 82 36 11 46 90 32 23 10 19 53 66 98 9 8 42 30 81 67 33 85 39 98 63 48 73 7 88 65 73 85 36 10 0 47 32 64 37 52 21 69 89 99 45 48 11 26 66 21 5 26 83 45 47 54 92 17 30 43 47 5 66 6 79 21 53 40 35 82 61 87 56 52 37 7
67 47 91 62 77 42 96 61 64 36 42 25 12 69 69 96 10 70 14 56 65 33 45 39 11 21 82 17 40 37 53 92 37 49 18 37 51 20 67 85 3 98 43 99 66 91 83 44 30 42 11 55 88 95 72 76 85 22 23 29 88 53 99 18 34 20 77 96 83 8 68 53 99 56 48 9 21 34 14 16 89 63 21 55 13 3 36 92 85 63 42 78 92 56 53 98 5 7 42 86
32 42 18 18 13 4 6 67 35 79 83 28 85 28 6 56 35 66 70 25 54 94 14 6 62 85 32 55 50 28 79 55 50 41 1 49 11 52 61 1 10 69 60 12 53 17 64 54 32 50 72 0 63 78 29 76 14 75 61 41 59 94 48 80 0 17 98 8 21 94 50 25 74 20 48 63 46 97 64 69 91 59 76 86 22 7 66 19 81 85 51 40 16 12 91 26 20 74 79 45
24 43 59 25 60 64 81 43 44 25 96 68 9 36 49 33 66 73 26 21 56 42 54 88 12 58 72 40 94 79 78 97 89 80 29 2 79 8 12 57 22 80 10 39 97 99 27 29 58 52 20 86 81 85 48 46 62 53 98 2 41 30 34 1 9 14 48 20 67 32 20 59 20 40 8 62 92 78 45 52 70 88 10 61 48 67 95 78 52 54 14 99 27 1 48 9 90 7 70 0
51 77 35 97 3 24 27 46 1 37 24 2 33 37 17 79 66 31 0 68 83 40 64 7 15 45 33 1 22 30 22 89 67 59 64 17 90 86 6 28 92 12 48 91 38 57 20 38 86 85 53 63 86 77 46 26 38 7 61 72 23 95 19 98 97 27 100 41 96 90 44 2 8 95 24 96 24 7 65 60 88 92 68 60 19 54 30 61 51 5 79 53 26 87 74 17 73 62 71 65
31 48 63 96 61 85 95 2 48 59 63 1 0 80 54 17 12 30 58 88 76 32 44 8 69 41 47 93 8 20 28 99 53 82 65 39 26 70 63 17 76 36 58 67 41 20 83 87 11 91 63 15 18 88 55 46 20 5 70 72 7 69 27 91 7 60 92 95 57 79 40 95 94 93 48 73 19 20 77 29 84 38 97 26 46 0 17 35 84 94 51 73 14 16 24 11 40 88 50 5
4 55 7 71 82 54 16 28 67 69 63 53 92 77 66 51 64 6 13 71 36 33 41 59 8 96 92 2 34 50 93 11 20 61 56 19 44 51 90 42 11 0 98 19 19 55 54 14 72 93 88 97 56 32 21 7 40 34 69 91 13 33 27 25 15 73 21 62 34 43 78 97 27 80 69 90 92 34 57 19 46 65 25 18 4 2 69 36 64 97 60 27 21 28 71 56 83 59 75 65
54 21 26 68 31 54 35 12 57 1 89 13 35 43 25 90 57 13 34 36 16 54 46 1 33 9 1 79 37 56 8 61 45 39 32 10 84 11 4 37 43 44 37 20 15 35 74 52 21 92 87 84 83 37 23 35 77 5 34 77 44 90 94 3 99 81 29 33 91 32 53 64 77 92 65 39 56 38 79 5 64 15 87 91 60 36 22 87 64 60 93 88 56 48 6 82 91 57 2 83
34 75 89 56 95 42 74 39 74 66 80 31 32 99 25 29 51 34 83 65 42 0 31 4 95 4 21 68 18 71 41 93 85 19 85 68 4 54 30 48 54 81 47 14 8 45 61 36 4 3 2 79 39 55 25 97 49 99 14 88 49 40 90 14 18 97 14 76 32 49 54 74 59 97 62 26 14 82 10 2 81 29 67 14 34 2 47 21 79 23 83 93 32 100 43 47 40 21 49 21
6 64 67 6 19 82 97 19 14 42 97 87 49 13 39 9 30 37 100 60 78 27 59 80 20 41 78 8 92 81 43 76 87 62 32 96 38 83 0 60 54 16 97 81 52 1 5 24 99 80 60 72 14 95 17 69 27 35 17 0 2 55 71 26 26 75 92 64 63 72 86 20 38 79 61 97 0 61 38 48 36 21 49 20 44 21 35 84 95 5 57 0 75 70 31 6 50 91 33 80
74 36 27 73 18 66 4 44 75 25 58 30 37 70 86 61 77 56 43 78 25 60 28 99 88 49 34 65 24 45 64 74 28 63 53 81 88 20 17 18 2 98 4 22 99 65 8 43 31 82 94 29 17 91 46 56 77 15 60 68 45 58 14 33 96 99 47 36 34 9 71 44 88 54 42 3 26 89 38 22 38 100 89 73 43 8 27 29 90 67 24 69 5 97 14 95 68 59 89 73
5 22 69 62 23 8 48 17 28 18 41 51 57 14 49 93 47 36 73 82 67 37 40 51 29 49 29 67 78 59 50 79 89 55 72 70 0 40 47 84 17 90 73 27 80 43 20 24 11 54 94 15 86 88 8 72 94 81 81 14 53 59 84 6 20 92 41 35 62 1 100 79 1 55 100 41 75 43 61 95 7 1 76 31 81 26 77 30 44 49 30 57 62 70 45 39 13 24 84 21
27 30 47 9 46 51 95 2 29 36 17 29 3 35 39 28 8 83 34 89 87 60 77 1 87 47 22 77 27 32 33 37 95 58 0 95 10 38 43 55 82 46 23 89 25 3 51 88 11 98 35 79 39 87 13 70 39 39 9 34 73 87 38 10 86 53 43 90 21 85 64 51 96 18 92 27 37 60 85 47 9 58 43 15 2 22 84 67 84 26 58 42 16 28 95 60 47 78 68 42
64 53 81 2 74 16 22 92 54 91 60 35 75 16 97 6 29 41 77 17 53 37 58 38 43 71 52 88 71 27 2 71 81 55 53 14 25 23 7 99 74 55 42 91 69 62 47 32 19 28 47 58 20 29 42 81 41 72 75 15 41 27 36 52 14 56 71 50 90 7 56 47 26 61 19 45 28 48 44 63 62 58 27 71 18 84 62 90 61 44 95 40 56 65 28 23 69 89 84 92
59 83 85 29 60 19 44 83 44 37 47 93 46 41 3 38 92 12 92 28 74 89 77 88 19 55 19 62 10 32 44 10 94 8 28 93 34 72 40 59 6 20 5 77 63 93 91 11 71 66 7 66 81 84 89 52 89 76 3 52 64 19 52 100 72 90 96 98 91 67 93 2 9 77 20 69 64 92 36 49 13 24 64 100 68 73 2 82 62 19 71 83 88 72 60 12 55 38 36 88
95 67 87 30 66 88 61 24 84 23 61 75 21 49 92 6 83 17 39 97 58 60 90 71 19 86 4 56 77 20 88 49 91 32 97 97 16 44 96 40 5 84 85 71 74 48 5 93 32 2 80 51 32 97 8 75 60 13 62 75 73 17 81 28 48 73 28 46 36 15 98 95 23 68 34 82 21 78 68 7 7 75 29 3 43 63 48 90 28 98 14 88 31 8 84 25 20 51 36 2
67 28 62 77 27 43 40 67 80 44 97 50 21 32 95 17 5 87 62 14 37 92 34 18 18 77 77 29 79 94 81 96 70 31 92 25 90 39 22 94 72 12 3 35 89 46 96 60 93 32 59 73 76 78 97 6 57 94 56 97 45 51 53 28 45 5 28 66 72 32 54 29 46 74 26 56 15 33 86 71 85 54 75 36 71 85 91 38 4 77 82 3 53 30 16 58 5 76 20 22
5 99 68 58 94 26 79 36 38 9 90 99 45 46 45 82 24 64 39 56 18 53 78 22 78 6 6 11 40 17 42 4 10 21 53 100 29 22 71 34 28 65 86 27 60 41 54 19 58 16 15 11 70 95 92 32 79 91 92 41 13 12 59 93 97 1 81 75 29 55 29 54 100 0 39 68 35 9 15 97 94 52 22 47 16 48 45 26 59 14 93 99 54 68 68 9 96 96 54 53
44 71 49 11 13 46 20 62 80 43 17 85 75 34 48 60 29 95 76 50 53 48 94 72 36 79 85 49 95 70 97 88 33 21 86 19 42 3 32 85 70 52 5 73 18 100 22 89 2 52 89 32 3 10 14 78 38 57 81 48 85 10 1 25 20 66 60 50 87 79 58 27 53 70 17 56 84 76 35 97 99 15 51 61 27 3 54 84 64 60 98 9 8 46 52 41 56 39 6 50
43 5 98 95 79 47 6 8 69 34 21 21 31 74 79 64 65 49 56 82 12 100 85 33 87 23 47 6 3 62 13 16 66 61 79 18 51 54 49 39 73 89 97 77 80 29 42 13 22 8 1 39 13 28 88 10 54 83 80 66 22 58 8 18 26 90 48 0 99 48 15 97 35 61 66 2 26 34 78 92 81 15 86 73 17 70 9 61 19 91 20 84 24 90 46 25 33 93 60 82
70 35 25 0 3 89 12 46 3 47 80 78 88 73 39 35 43 46 73 86 11 33 14 92 77 94 31 19 77 56 34 7 9 10 72 42 33 96 74 79 75 71 12 55 49 75 34 85 20 92 9 46 87 43 42 20 27 3 64 91 95 76 46 17 95 78 12 5 59 10 66 63 85 29 2 17 72 49 61 95 22 42 45 94 72 93 98 93 79 60 11 19 22 26 56 26 39 82 6 33
84 9 51 78 56 63 91 75 26 33 65 23 81 35 91 42 85 78 72 74 63 60 92 74 41 27 3 20 12 77 62 44 9 5 49 75 36 99 17 48 40 79 85 55 80 3 45 47 23 8 98 41 65 99 97 76 72 24 93 43 71 100 75 30 18 38 55 52 19 61 99 10 43 100 63 49 27 18 94 96 22 12 34 85 96 69 11 47 20 22 15 18 1 40 46 22 54 6 12 39
31 23 81 88 35 62 13 6 74 73 12 64 85 31 18 6 96 3 23 97 56 47 12 12 86 6 3 14 51 29 40 55 50 55 16 87 95 25 30 63 85 70 8 75 83 44 57 40 50 36 28 18 17 51 9 0 67 34 53 28 77 38 69 52 48 83 1 100 22 77 34 46 56 2 19 81 22 32 79 33 63 37 85 7 33 96 93 54 71 90 98 74 46 39 94 71 1 30 10 71
95 28 70 33 41 36 53 95 73 64 57 82 24 14 4 60 70 81 33 53 41 97 32 47 27 16 99 89 52 47 32 21 72 9 18 44 6 40 36 36 91 89 65 7 35 62 76 73 44 3 77 39 42 3 66 8 32 70 81 79 70 52 50 44 9 92 42 26 100 41 86 87 62 1 38 9 32 76 48 77 20 26 71 24 8 79 94 19 34 28 98 44 51 36 12 27 83 22 7 67
100 29 43 14 12 8 91 77 7 47 36 58 23 65 22 34 35 54 82 88 54 99 92 100 71 22 71 78 7 52 98 25 82 75 70 90 11 66 49 34 70 24 56 3 59 89 13 81 53 59 13 52 60 63 96 80 92 38 89 35 77 41 23 63 47 57 34 31 96 51 29 1 7 62 54 76 39 71 69 27 81 81 71 23 56 44 84 2 0 4 17 13 99 35 90 31 35 70 17 4
43 51 45 16 14 2 93 86 90 95 21 46 62 84 56 73 17 42 70 16 42 71 26 91 5 38 25 50 69 97 95 0 3 8 36 60 47 43 63 94 53 23 49 27 94 74 85 50 92 46 21 22 33 7 5 74 64 21 86 41 60 25 57 52 24 7 62 12 94 1 26 52 36 75 91 36 43 16 36 61 65 17 96 78 32 53 38 48 68 75 0 18 47 95 11 45 49 27 76 53
57 15 73 87 28 43 29 41 2 30 32 40 74 25 57 1 57 57 12 76 73 30 2 1 81 7 71 97 95 66 8 62 75 97 55 46 33 58 4 67 52 15 50 25 41 49 39 9 51 64 21 90 49 71 67 44 52 57 46 48 67 10 26 22 40 83 97 61 59 55 40 89 91 22 67 87 89 5 39 49 62 26 62 76 24 34 6 93 99 51 7 69 71 20 14 12 93 4 69 52
57 35 84 100 26 44 30 40 33 63 76 3 22 27 0 47 0 58 1 7 42 16 25 85 54 70 36 78 66 62 46 24 21 42 56 3 13 79 23 10 42 55 3 53 3 58 82 79 68 18 14 65 87 69 96 1 65 41 28 73 75 23 26 1 96 13 49 78 90 66 17 41 85 8 87 32 91 92 61 0 46 34 25 55 77 57 22 94 28 9 67 42 14 69 2 43 45 94 15 85
92 100 99 1 29 38 11 22 47 11 39 67 57 45 50 9 87 34 5 65 58 97 43 92 57 49 28 9 71 92 70 43 12 17 80 62 37 71 53 91 83 6 26 92 60 82 73 59 85 55 100 40 5 94 27 71 86 10 26 4 74 67 2 21 75 14 47 51 2 20 74 18 12 6 1 82 91 53 96 87 2 67 18 69 45 84 12 14 68 64 22 28 19 88 7 0 69 21 49 19
24 4 46 41 63 77 2 53 80 13 83 82 88 100 62 95 76 29 24 23 80 91 25 13 17 3 10 27 16 80 86 70 69 39 11 86 3 80 88 76 1 4 9 94 20 91 20 86 42 87 39 11 93 96 41 19 45 6 5 44 61 57 48 89 90 78 15 63 73 85 83 27 66 32 43 69 84 8 6 70 15 77 74 21 91 96 27 47 18 89 78 71 70 3 100 56 71 70 43 24
53 6 63 1 87 44 28 45 88 30 99 18 95 40 51 67 58 94 78 77 46 87 53 90 77 17 38 2 4 29 19 22 23 17 54 26 0 27 87 80 33 41 24 37 18 100 6 66 97 69 81 96 69 34 87 99 33 8 73 47 63 60 12 18 84 88 21 50 69 3 42 26 25 29 63 34 32 56 49 23 54 11 52 51 4 25 29 89 13 71 97 12 73 59 61 14 32 54 11 62
