59 73 15 23 61 40 70 46 36 26 74 29 91 52 41 14 36 78 13 37 80 94 53 92 60 63 11 35 88 61 22 6 56 65 82 90 93 40 77 90 42 12 25 19 10 4 62 79 28 39 80 39 90 8 37 30 53 96 73 69 31 70 79 73 42 72 45 33 59 4 65 31 15 68 62 88 57 53 48 37 22 64 99 20 98 53 4 23 50 86 93 11 85 1 89 17 16 16 79 36
72 89 19 76 99 52 57 84 70 18 27 94 13 63 18 77 48 79 55 28 52 14 95 81 70 26 29 56 54 34 1 39 11 94 86 97 7 59 47 81 68 50 5 47 54 83 25 46 43 6 36 62 6 96 20 41 34 99 73 99 73 67 62 60 22 21 3 26 86 64 56 64 61 100 22 64 85 77 41 77 39 46 73 35 12 10 87 60 6 77 14 63 23 90 32 69 40 17 32 75
74 72 45 31 13 23 37 41 38 89 52 53 68 37 83 11 41 63 18 75 23 87 24 38 98 37 17 68 25 81 54 87 33 18 96 51 92 5 26 53 37 70 2 45 66 19 91 59 8 87 64 70 47 46 38 46 46 60 55 12 31 55 7 13 73 66 28 57 12 57 91 87 34 84 81 80 24 66 41 60 75 57 10 5 7 40 67 87 97 35 58 20 68 18 1 40 56 7 1 58
29 41 6 33 68 57 48 12 52 4 27 20 38 11 79 73 51 33 98 40 70 61 60 69 76 43 83 15 75 89 12 21 63 31 51 7 90 20 63 26 59 19 22 93 25 33 40 22 33 97 8 32 7 80 27 1 78 88 82 74 45 10 41 98 21 65 10 15 30 63 12 23 99 24 86 11 5 67 22 92 0 45 69 11 73 66 22 49 65 47 6 91 74 82 10 55 73 26 93 70
15 44 50 26 35 61 28 84 37 8 48 40 89 25 35 17 92 83 90 88 86 55 91 26 51 90 67 4 25 34 19 93 82 99 60 89 37 63 4 7 45 63 65 2 86 66 71 39 38 64 85 15 84 69 16 95 50 0 30 18 34 60 25 50 46 43 62 72 85 41 97 75 97 52 74 72 20 98 73 21 61 20 44 43 9 38 0 9 32 51 91 49 27 26 96 81 50 99 29 15
99 0 24 87 96 43 75 47 74 4 76 45 67 41 81 16 96 84 95 7 75 86 58 57 11 67 18 68 87 59 27 38 15 94 73 78 19 2 49 80 82 83 41 85 6 34 51 12 15 22 31 17 18 94 38 96 36 3 57 16 15 91 39 28 69 53 96 58 40 51 57 85 91 25 7 49 21 64 11 57 67 66 81 30 14 9 74 96 11 92 97 23 38 28 45 24 55 10 21 6
24 52 76 38 68 53 16 38 44 60 39 41 79 80 7 12 37 24 30 65 82 62 7 35 17 57 85 92 61 85 2 42 6 86 68 88 90 28 22 45 78 61 47 90 69 79 61 37 16 77 94 68 15 5 37 67 18 23 77 15 0 70 71 37 52 90 1 50 46 26 97 91 92 51 82 27 86 11 85 29 25 77 32 68 35 46 69 97 97 26 36 30 52 10 98 37 29 78 24 10
62 75 20 64 83 65 87 3 50 13 48 2 66 43 77 38 25 7 17 32 36 7 57 20 22 95 45 65 68 32 27 22 97 15 2 13 57 46 89 59 40 97 93 95 42 82 58 26 48 33 71 30 30 79 20 41 89 85 80 6 86 8 97 85 38 80 24 51 68 84 53 94 25 88 13 21 19 15 7 0 41 32 94 27 22 10 75 78 24 87 86 75 80 69 76 99 17 1 50 66
68 32 70 53 7 85 33 13 74 5 73 58 77 31 35 23 31 50 45 44 56 76 35 89 6 37 33 50 26 57 77 55 92 89 62 8 49 85 86 40 71 5 58 53 1 83 51 17 92 78 1 78 52 83 82 84 46 18 1 96 51 86 100 67 36 16 19 29 9 54 81 85 34 70 94 72 45 25 79 53 94 64 95 76 74 51 65 62 70 30 33 65 77 84 36 41 43 42 51 37
76 73 14 66 34 48 84 85 59 52 12 45 57 42 29 69 61 84 45 73 25 83 64 7 35 18 73 47 5 41 31 25 74 36 14 8 38 95 3 33 21 34 87 76 42 35 87 33 43 9 55 27 24 0 89 92 89 38 7 11 93 43 50 14 81 66 71 15 54 10 48 5 73 29 31 64 82 66 37 84 8 71 7 77 86 84 19 88 63 3 40 82 30 8 80 99 59 73 90 74
68 14 64 61 51 46 71 80 84 96 12 46 81 41 25 52 90 48 100 83 85 21 7 35 77 68 27 86 66 64 81 59 48 4 60 77 88 85 72 3 87 27 72 43 47 21 1 55 26 69 1 88 64 78 21 73 90 61 32 99 89 6 72 4 29 86 59 34 43 56 39 18 30 78 9 7 81 71 0 39 35 22 89 75 60 92 15 5 21 72 41 45 43 19 30 77 47 23 28 18
29 93 32 86 13 55 93 33 27 59 4 15 63 72 2 37 48 19 79 12 38 74 0 40 71 27 13 31 82 14 38 44 52 78 72 30 28 17 99 52 78 35 23 94 59 12 99 7 11 34 16 92 28 92 64 35 13 85 37 30 38 23 90 87 6 0 56 18 54 38 8 29 33 2 57 20 69 73 97 60 72 79 25 93 76 18 61 7 68 14 87 86 26 0 59 69 76 57 59 49
94 78 22 85 65 38 15 70 3 71 60 90 64 17 97 14 89 19 36 39 54 24 0 45 83 18 2 52 65 86 79 87 71 99 28 49 91 80 71 19 87 28 10 27 21 17 44 85 32 91 38 99 62 34 93 91 39 89 39 0 34 52 70 75 58 26 22 8 54 44 78 61 61 66 72 12 72 90 58 79 18 64 26 66 38 98 64 23 67 94 96 9 79 18 72 81 67 76 80 36
82 77 8 14 9 28 29 29 89 33 67 20 9 76 2 59 66 89 77 37 86 57 54 34 46 79 24 73 49 0 83 63 62 38 88 6 86 5 86 11 27 24 98 55 18 84 64 29 85 68 55 10 91 50 0 58 62 66 14 99 82 72 24 95 7 9 67 93 8 77 20 43 38 9 78 53 41 17 89 60 5 3 8 50 32 58 41 46 13 76 57 36 11 45 66 18 72 19 98 5
3 87 99 50 84 84 32 81 96 63 78 3 100 63 41 52 22 51 97 0 5 10 81 76 62 91 89 93 13 72 14 6 52 80 86 79 31 48 12 57 77 67 27 23 34 92 34 75 94 54 100 5 87 18 17 18 55 13 90 4 46 89 12 32 35 25 67 8 38 5 38 59 2 66 4 53 28 76 16 36 64 86 49 91 56 27 58 58 42 8 50 26 96 97 4 43 12 45 20 94
52 39 64 83 60 41 41 82 10 54 89 60 39 10 50 32 2 68 75 23 59 28 79 50 93 25 30 19 16 44 69 8 51 0 82 66 5 92 16 40 44 54 3 86 62 36 64 84 38 92 32 60 34 5 15 42 63 74 6 47 18 70 4 88 64 62 64 28 64 59 12 61 72 32 30 48 5 55 71 18 10 62 94 33 82 8 51 99 10 56 22 11 71 24 75 6 74 9 54 94
18 95 65 63 82 53 53 73 60 87 40 65 98 14 18 80 77 27 61 66 77 65 75 76 35 39 81 97 16 93 91 38 48 20 79 2 77 68 48 95 96 52 80 2 54 29 23 100 56 17 20 30 2 38 72 50 97 29 100 94 94 81 77 85 1 88 66 38 92 45 19 55 3 33 0 34 1 66 20 88 87 29 17 32 28 11 81 68 98 11 6 14 47 7 20 51 7 93 16 12
67 40 6 100 66 98 2 31 78 84 23 26 82 44 42 18 90 62 49 43 13 72 51 40 14 70 64 47 59 4 74 4 11 68 32 63 100 78 53 35 25 63 2 15 92 5 1 87 16 23 16 26 59 11 55 55 66 80 46 13 32 4 27 80 98 7 7 84 1 44 29 47 4 6 20 35 100 45 94 29 6 52 4 93 62 76 90 41 32 53 49 42 42 3 47 89 12 23 19 48
23 84 21 32 47 7 41 76 16 95 2 34 16 59 21 51 48 44 22 70 0 2 76 23 5 70 66 19 47 44 97 19 93 46 0 21 84 85 87 31 30 35 14 53 19 79 2 61 96 83 56 10 5 96 53 94 54 11 56 18 35 16 57 0 71 4 38 85 42 85 74 18 40 99 61 39 44 51 67 18 68 47 53 45 1 79 44 74 32 29 1 7 31 76 85 43 52 77 59 96
72 72 99 51 74 7 74 57 7 10 78 51 6 99 69 96 67 75 58 91 65 55 16 24 33 81 36 26 60 7 76 44 70 94 51 58 11 33 99 21 86 80 100 46 28 17 83 43 78 64 47 19 4 2 49 56 51 44 33 2 16 12 90 97 62 91 84 59 35 5 74 1 91 75 98 81 95 58 4 53 62 23 92 78 37 7 1 6 35 48 75 5 77 40 46 81 64 87 62 57
93 93 35 30 60 80 30 74 95 79 52 75 27 87 55 48 82 35 67 0 90 21 24 96 44 88 29 95 45 71 39 78 19 41 43 92 76 37 86 97 71 92 33 66 8 81 4 84 49 88 29 7 7 90 28 18 68 96 95 98 56 54 30 95 20 2 28 24 37 74 35 23 29 47 1 98 67 52 9 39 96 96 67 6 11 54 29 94 36 46 79 86 54 98 75 42 39 23 86 19
70 5 42 8 100 68 84 64 57 52 36 97 73 77 46 66 50 35 31 1 81 24 40 96 84 25 78 39 39 81 64 38 33 9 19 41 87 31 91 100 73 98 53 64 99 40 97 52 18 50 81 6 17 11 83 15 6 5 67 70 27 58 51 21 1 23 89 29 74 95 59 85 46 12 4 3 54 29 71 27 26 84 58 95 100 26 15 85 62 89 49 31 24 88 33 77 38 15 54 5
22 86 71 99 14 77 98 74 42 20 20 81 35 81 43 93 48 33 32 74 73 65 68 16 69 96 84 45 38 42 91 80 56 41 91 34 90 71 50 66 38 100 89 28 17 94 88 67 81 82 47 57 21 79 100 81 46 87 9 78 79 81 28 6 43 11 49 52 59 76 95 62 60 54 32 64 31 66 39 29 84 40 39 43 4 38 65 81 52 39 33 100 66 9 99 40 14 58 86 80
65 46 70 61 89 6 4 5 12 4 30 6 94 25 87 60 49 17 42 61 81 80 94 55 96 11 80 9 17 49 68 15 14 35 100 84 69 41 92 56 65 39 60 67 19 52 15 62 82 10 30 13 28 55 21 67 29 32 5 42 41 86 65 86 80 79 13 25 0 86 30 55 48 45 88 68 68 6 47 26 59 68 26 65 30 95 95 78 91 92 65 35 69 51 38 8 54 76 89 85
90 88 80 40 68 31 13 89 8 85 4 92 1 36 8 38 14 28 57 7 62 39 75 86 29 65 68 3 33 6 23 92 88 46 27 1 67 70 51 50 75 94 40 17 10 49 58 42 52 39 90 0 18 82 63 53 64 42 75 26 23 87 83 29 89 52 45 7 17 100 77 0 13 22 2 56 8 51 56 37 0 36 88 89 64 75 31 2 51 56 3 80 48 87 73 23 45 9 84 68
79 67 72 50 65 23 89 63 57 62 1 9 38 96 99 57 16 37 17 40 65 20 6 6 35 67 26 3 21 22 30 73 19 46 66 51 9 74 0 49 40 8 40 58 54 81 69 73 27 25 79 51 73 23 70 65 71 77 7 93 78 36 1 9 93 9 53 78 7 17 87 51 53 9 26 75 65 49 12 23 56 14 21 57 98 40 23 53 34 38 6 0 100 76 57 3 5 17 95 6
49 56 37 69 18 75 67 22 59 32 68 91 69 20 30 97 100 4 71 6 36 16 64 11 75 72 51 59 11 48 19 45 64 81 8 71 64 6 88 79 70 73 74 46 82 64 34 71 45 73 38 57 39 15 95 88 33 89 68 4 14 26 58 51 61 37 72 63 2 26 91 66 82 73 41 92 8 23 18 71 35 99 30 64 82 39 10 86 27 30 54 21 67 64 84 88 77 28 1 7
94 91 21 42 19 69 55 29 84 50 22 60 83 70 47 54 77 28 60 13 60 73 26 64 19 58 98 68 41 69 100 46 14 42 63 59 0 29 70 90 56 79 90 71 47 48 99 27 30 99 50 75 37 38 35 83 60 46 51 23 52 64 46 47 23 87 54 11 66 83 14 41 31 85 66 67 78 76 20 61 14 71 53 83 88 53 4 89 19 67 87 84 46 75 61 26 14 82 64 14
77 3 8 46 95 0 61 36 38 50 49 66 56 76 95 99 76 4 41 90 30 67 63 49 88 39 44 51 42 82 55 17 94 3 90 42 27 88 57 57 5 30 96 74 60 70 81 53 11 6 94 19 6 96 1 12 95 1 93 89 5 5 55 32 31 37 99 64 32 6 38 43 39 52 4 88 94 74 12 53 79 37 97 53 17 70 82 1 23 21 41 56 85 99 29 51 8 96 48 41
63 45 22 98 45 37 44 40 96 3 50 85 42 81 100 71 97 13 52 17 100 86 9 91 42 50 94 13 22 15 96 73 18 83 73 83 96 53 80 100 94 98 20 46 51 59 73 15 11 80 19 3 79 15 77 19 10 71 11 56 72 94 2 91 68 14 55 44 34 31 19 99 19 37 56 95 95 79 84 14 0 96 76 82 25 96 6 90 10 26 65 32 70 64 74 87 16 21 7 36
66 18 56 93 86 6 94 84 97 12 2 36 40 77 93 45 47 73 60 43 28 54 73 15 79 56 6 19 73 52 78 81 23 55 65 31 35 91 98 66 91 28 64 51 55 44 51 93 7 97 75 27 3 20 52 98 19 23 10 73 97 82 48 92 13 36 23 72 63 74 1 3 65 13 44 87 37 5 61 39 18 33 34 55 38 76 90 72 20 58 18 72 20 86 44 81 77 13 62 52
41 32 93 84 6 4 64 1 6 21 69 51 49 94 53 3 20 31 44 22 25 75 76 90 8 4 99 12 64 47 19 79 23 20 52 12 62 80 50 22 59 18 55 55 65 40 47 51 96 95 31 12 50 68 68 65 91 46 9 47 36 41 81 71 7 35 25 23 80 3 99 56 86 19 8 83 2 45 4 29 75 96 64 18 37 44 60 60 56 89 66 76 73 99 81 65 44 68 29 64
54 70 66 26 56 97 76 70 2 66 2 84 89 5 22 45 29 17 68 90 62 19 95 31 3 11 32 60 0 18 49 63 62 15 95 74 51 46 62 3 65 50 43 94 5 98 83 1 66 21 43 68 17 82 73 85 50 20 97 14 4 28 81 21 18 90 34 92 82 42 17 24 63 74 70 93 31 7 13 10 37 49 79 59 57 3 27 39 38 15 98 75 17 11 99 7 85 11 75 72
53 27 56 43 5 14 16 43 90 92 42 13 29 80 89 97 100 62 8 15 27 27 42 17 87 16 9 25 88 24 94 93 59 44 59 21 50 87 61 3 36 96 39 14 60 74 75 31 8 31 4 97 40 95 80 6 58 21 3 20 83 89 61 38 58 13 52 20 7 27 6 8 64 40 81 91 90 10 39 86 31 52 72 94 59 31 67 24 18 29 24 76 28 53 33 96 63 20 43 85
43 19 40 85 17 76 25 3 18 63 57 29 24 94 76 64 8 10 82 36 24 57 12 99 38 80 38 57 83 89 47 57 16 90 41 10 19 85 85 87 54 72 15 27 67 82 23 70 28 79 61 10 73 26 85 52 20 62 15 7 11 4 8 22 13 59 58 44 89 91 23 79 62 90 29 80 61 55 71 48 98 64 86 100 20 79 98 78 34 98 88 62 45 8 20 18 68 46 26 74
44 65 9 61 68 88 26 9 64 1 87 39 78 35 95 82 48 49 68 13 80 89 3 63 29 79 68 66 76 14 24 27 51 30 63 23 62 17 84 4 19 60 7 75 38 97 43 22 63 17 88 88 86 86 84 49 68 13 24 30 18 27 55 85 77 12 82 90 53 91 53 0 47 66 61 17 52 55 34 18 78 57 39 63 33 11 0 23 45 29 26 83 74 64 57 24 53 62 16 45
66 3 75 3 26 99 93 42 84 24 85 24 41 13 9 96 61 51 20 22 12 64 23 83 4 42 90 78 26 9 91 13 99 54 28 15 40 29 10 74 82 66 66 42 37 68 73 7 12 51 95 22 29 65 77 80 28 16 68 74 47 63 52 54 31 84 25 52 91 41 75 67 75 72 78 71 61 56 57 83 11 39 37 33 20 54 67 48 57 0 30 88 40 68 81 47 48 20 40 36
97 27 38 67 93 56 63 41 7 60 61 89 39 83 58 47 39 76 14 67 38 6 15 89 51 37 44 59 82 80 44 81 54 90 76 55 34 95 48 65 3 10 48 20 63 44 78 100 70 43 7 80 27 53 31 60 74 1 93 42 43 15 48 16 95 6 61 97 68 58 5 76 38 92 52 51 25 19 91 41 7 91 38 89 89 85 16 10 29 68 89 79 69 22 77 50 35 64 56 49
16 90 41 11 77 8 32 13 21 91 68 88 94 87 70 77 98 46 81 68 61 12 2 43 51 47 58 32 58 21 30 36 55 39 4 69 90 5 19 3 91 40 89 94 5 58 48 78 14 96 19 86 98 40 55 100 68 61 52 59 76 83 35 80 25 6 28 36 25 41 78 100 54 80 96 57 23 88 27 29 86 42 41 54 73 11 16 22 40 77 70 67 38 80 9 3 82 77 67 70
42 49 61 85 100 50 61 40 69 55 38 48 95 38 33 83 57 74 23 88 6 67 49 24 20 88 69 20 32 25 4 51 97 20 66 65 72 52 29 44 57 84 89 34 50 92 75 2 78 88 97 94 100 19 90 88 60 77 73 97 39 64 19 11 48 28 79 97 47 86 85 55 98 34 15 11 71 27 98 2 3 38 50 77 92 95 3 70 32 35 66 45 85 21 8 29 19 57 96 10
30 38 1 68 58 5 95 31 39 17 53 36 51 98 66 31 49 74 47 45 1 42 21 55 46 34 40 44 44 81 42 97 57 41 97 19 61 3 30 44 44 38 95 32 24 12 63 21 22 85 91 54 5 45 47 23 82 29 39 49 37 9 9 9 9 15 54 59 92 0 1 55 97 79 23 27 62 69 93 14 39 3 22 26 97 1 61 16 13 37 81 56 71 64 10 8 32 26 82 37
28 84 58 11 60 96 38 2 76 63 10 66 60 26 29 2 59 53 24 43 16 30 11 83 38 9 71 68 14 88 87 25 45 10 92 9 44 70 75 19 44 8 63 94 59 14 61 15 15 63 0 14 1 50 86 30 62 77 54 98 90 82 47 91 62 91 96 56 16 46 80 50 1 50 7 75 29 76 66 32 95 79 8 50 25 21 38 79 56 66 6 75 62 37 65 23 78 26 13 16
34 53 54 20 75 52 40 81 23 86 70 60 94 67 3 44 57 24 46 3 89 52 7 72 7 37 39 97 11 0 88 76 30 74 37 85 91 71 62 77 43 64 41 69 56 89 31 82 5 85 79 52 66 45 100 58 3 45 65 75 35 49 56 36 84 0 80 37 96 13 97 65 7 65 28 34 56 9 46 18 6 95 40 19 49 20 4 89 67 65 0 49 70 59 98 2 61 11 23 76
53 25 70 46 75 45 7 27 67 70 6 58 7 90 36 66 36 50 44 94 88 45 68 17 8 70 42 19 81 25 14 51 57 36 45 5 43 3 96 27 38 44 96 87 89 5 86 54 12 2 17 7 6 74 63 36 16 79 67 23 31 68 31 49 33 45 10 58 46 73 0 54 71 97 35 2 44 78 94 41 67 84 20 37 23 52 39 3 37 40 57 48 86 37 52 95 25 80 81 21
39 32 60 40 80 78 64 12 26 3 91 69 10 64 32 72 48 89 83 23 24 71 48 65 90 57 37 2 54 5 24 84 99 48 61 76 86 39 28 1 78 82 44 10 76 1 1 49 96 82 20 9 76 66 33 7 22 64 44 34 42 80 50 29 53 42 24 98 25 42 61 23 55 35 73 61 2 62 96 96 5 75 22 62 53 21 98 11 77 9 16 74 45 97 40 6 51 78 0 51
95 29 80 82 68 97 93 96 32 90 90 39 64 64 46 96 12 68 30 67 88 26 41 48 100 2 11 12 49 37 12 80 19 83 27 40 88 92 85 81 79 91 42 8 97 71 97 80 67 94 4 86 13 11 69 95 62 98 77 76 8 51 91 32 91 78 31 71 94 27 34 87 27 16 75 4 60 66 86 56 16 61 3 26 32 9 4 84 83 100 24 41 44 40 54 2 78 39 88 5
42 56 98 28 7 11 15 89 54 78 4 6 34 28 80 96 36 81 56 84 6 90 90 48 57 88 71 26 100 66 35 26 1 37 16 71 40 1 2 26 12 54 59 21 60 93 55 50 41 45 54 27 51 47 49 48 1 74 28 75 79 78 21 60 77 90 30 46 23 98 71 98 40 60 98 66 81 24 87 76 28 30 10 90 31 56 35 61 48 6 61 52 56 83 63 21 77 84 87 48
83 37 73 12 18 0 47 62 89 24 93 23 25 85 35 51 19 92 53 12 85 71 56 43 27 41 83 24 29 98 58 12 88 86 21 64 33 24 63 24 16 41 75 79 91 89 84 82 95 50 93 39 15 76 77 18 33 47 55 85 27 91 54 66 61 4 70 77 99 80 37 96 15 94 93 52 26 86 95 45 57 19 36 97 8 91 30 27 73 89 29 48 5 76 100 98 21 31 47 66
33 60 37 58 87 17 42 82 94 89 1 57 68 53 97 4 28 80 51 3 98 50 59 57 86 71 25 71 14 60 55 77 41 82 59 6 80 73 14 60 7 75 62 70 28 64 77 81 64 3 20 92 85 36 92 6 99 59 81 28 79 7 32 60 18 58 44 96 78 55 27 63 43 3 98 60 10 99 33 0 9 43 35 76 35 15 18 52 51 85 37 1 8 27 71 18 64 1 44 4
69 64 48 0 100 19 85 94 83 4 67 77 28 26 75 10 60 35 54 69 53 98 38 85 44 64 35 30 21 15 57 50 30 26 8 84 39 89 13 24 91 71 96 36 61 36 95 21 2 5 79 36 69 71 21 41 82 55 85 98 86 14 74 45 68 96 59 16 43 53 6 58 78 44 5 16 46 29 64 35 11 51 98 2 53 25 92 72 58 62 16 78 52 43 40 27 13 98 47 8
14 32 90 76 77 6 23 33 8 84 23 87 65 55 33 73 10 74 62 53 42 62 98 72 41 42 19 25 70 75 89 16 8 94 44 86 72 8 1 91 59 55 2 3 81 9 98 28 61 74 61 38 22 37 22 26 17 87 47 77 23 49 29 26 33 70 67 14 20 20 96 80 74 88 85 71 31 70 36 19 80 54 12 24 49 73 39 32 63 95 4 46 69 71 52 74 27 38 46 89
25 51 51 78 52 56 60 7 83 54 10 0 36 29 16 11 15 40 19 72 22 23 11 19 43 2 53 35 46 7 39 54 54 26 11 22 20 28 96 9 41 36 31 48 5 42 4 10 48 84 80 98 70 83 26 18 80 51 23 12 87 76 4 79 50 71 48 24 95 55 40 35 12 10 8 91 45 8 47 47 57 34 33 89 29 52 61 62 26 24 22 95 61 44 55 37 66 69 70 84
89 49 70 100 15 69 33 5 75 83 62 88 12 69 87 18 28 85 41 89 97 88 62 88 12 9 72 95 4 77 42 39 94 74 86 30 59 95 41 53 34 46 63 47 63 70 43 18 10 99 42 72 89 6 63 34 55 3 14 27 70 37 89 89 35 5 13 90 91 12 66 53 5 5 54 5 17 12 5 47 10 27 81 33 82 71 22 70 35 64 72 22 100 28 74 93 8 6 58 97
10 86 9 35 45 57 26 93 78 21 49 24 33 15 15 23 26 62 41 14 74 35 25 25 74 19 12 49 14 92 11 40 52 40 16 86 49 61 74 62 37 41 65 63 8 37 41 61 21 16 80 0 95 17 94 22 99 5 65 94 43 50 59 99 31 96 35 48 83 73 1 58 59 90 79 15 51 28 28 70 34 13 81 56 55 17 5 77 41 69 48 16 63 52 74 97 98 61 45 50
21 40 6 9 21 44 85 77 15 78 4 72 87 7 30 9 48 92 53 70 47 38 2 25 62 36 92 95 93 35 5 9 20 75 37 35 44 31 75 50 93 4 51 84 49 57 84 1 50 45 39 26 19 50 11 25 50 14 70 12 11 15 71 89 60 88 35 1 57 14 60 77 36 38 4 74 96 67 58 25 16 80 94 62 59 5 80 81 71 26 9 36 81 74 57 90 96 87 78 49
13 12 19 53 68 72 92 81 72 25 22 61 38 59 23 94 50 15 72 99 91 35 42 99 96 20 73 4 62 45 63 65 4 39 17 97 79 67 19 71 81 32 62 75 78 72 14 20 58 64 73 2 50 41 46 19 28 86 37 57 92 28 57 10 79 11 17 93 45 92 85 56 61 31 25 82 21 40 44 53 61 64 73 55 61 95 26 45 63 100 12 88 59 65 85 11 68 49 18 5
63 75 97 80 52 54 71 1 92 67 95 92 30 26 12 14 51 65 68 97 26 85 81 95 81 92 85 91 25 55 67 22 10 19 41 81 52 3 66 52 48 41 8 23 42 29 8 23 29 82 32 75 84 2 58 97 6 37 96 23 62 85 25 89 18 39 81 86 15 92 22 93 81 53 75 22 9 88 61 26 28 58 21 2 88 37 92 54 58 62 16 96 38 95 3 14 37 27 60 14
35 1 84 15 40 22 48 96 87 85 9 53 45 13 14 76 77 24 31 63 73 85 11 12 35 88 93 48 63 47 23 50 38 69 64 99 21 100 99 7 66 57 96 79 5 76 94 9 27 82 86 13 56 12 56 27 86 14 92 37 8 79 22 100 99 84 41 45 10 58 81 62 74 56 40 36 27 25 8 12 95 46 58 36 91 53 18 49 9 48 49 97 92 16 92 24 83 7 87 37
55 79 0 16 47 84 48 65 61 0 86 58 67 48 85 29 30 8 62 57 49 75 37 41 9 85 28 14 35 43 68 60 87 78 26 1 22 2 84 10 35 61 40 34 38 17 97 83 64 93 38 12 90 52 30 14 3 66 66 19 20 75 91 7 34 5 62 87 9 55 36 34 77 80 47 94 85 35 43 81 34 99 80 85 8 79 52 24 32 20 71 19 76 18 38 44 45 74 47 41
29 6 79 89 36 45 100 30 0 21 57 26 27 64 70 69 31 100 49 64 77 4 73 0 37 31 54 75 68 34 18 10 67 64 56 67 44 38 5 1 97 21 78 97 81 67 87 62 3 57 89 16 23 66 1 49 60 44 38 99 42 31 52 0 58 23 31 74 7 59 27 88 35 62 3 66 86 41 75 29 34 78 25 43 86 67 22 34 75 68 19 82 39 79 45 40 28 81 60 84
43 19 32 89 12 48 80 77 15 32 30 9 34 13 98 76 97 60 100 26 96 90 92 60 33 89 64 45 6 38 60 68 80 89 52 56 48 38 46 3 85 42 82 82 87 100 80 18 36 100 64 44 18 25 13 72 93 24 64 22 90 18 72 48 36 71 1 20 48 88 89 84 41 68 94 47 41 59 7 22 97 2 15 84 55 22 12 29 25 18 98 66 62 63 82 52 39 18 89 70
4 18 51 32 70 53 85 45 74 34 56 4 15 31 5 80 83 7 99 34 87 49 44 65 8 47 90 75 33 47 86 99 15 59 85 16 37 100 48 16 3 38 72 75 20 98 83 60 83 77 21 45 57 54 69 51 85 39 88 66 4 72 3 21 38 19 36 26 70 1 32 10 34 20 44 0 37 4 48 58 15 59 72 59 29 69 77 30 50 92 49 53 73 100 39 57 42 76 74 94
38 64 29 32 25 48 82 99 7 43 37 25 44 42 8 67 70 86 49 55 73 59 85 65 54 96 92 71 40 67 22 54 19 76 98 86 63 16 36 38 32 59 2 9 95 87 79 5 38 22 50 25 50 31 83 30 2 51 33 86 44 43 16 68 60 24 77 26 26 61 7 50 54 57 36 80 53 34 8 34 19 16 34 23 64 56 49 98 86 15 57 92 46 76 67 80 81 51 94 53
97 46 49 1 66 67 41 19 69 18 49 57 33 46 46 6 92 90 42 53 91 7 27 93 58 92 61 4 74 9 84 62 83 12 65 34 86 73 95 79 47 61 13 89 35 64 61 42 69 27 8 1 95 66 18 78 9 74 90 90 48 43 17 42 10 14 100 57 53 17 73 100 27 52 71 51 35 87 98 63 7 29 31 79 98 71 3 22 47 70 57 70 22 69 40 61 30 72 38 32
43 73 47 88 0 54 54 59 81 52 17 44 77 68 59 85 58 70 98 18 7 57 85 6 75 10 78 52 20 23 43 1 90 56 92 56 81 74 92 77 87 59 51 38 79 32 0 22 44 42 100 76 7 30 46 49 86 55 14 76 6 37 61 36 15 86 27 75 73 86 88 85 51 34 74 25 8 29 21 35 0 30 30 44 42 44 69 46 14 2 89 21 22 2 73 90 30 10 1 92
17 50 0 75 49 70 42 34 20 90 34 89 53 74 7 18 13 75 27 4 77 79 18 100 2 28 85 65 89 15 63 22 34 9 2 49 20 83 20 66 32 85 92 59 11 53 31 0 43 43 58 16 54 44 2 28 87 7 95 15 100 88 43 75 0 47 98 51 89 18 4 95 100 34 65 64 19 63 61 66 49 17 32 95 75 42 5 78 35 98 46 32 82 1 57 86 74 25 68 7
46 65 54 62 95 27 94 6 47 7 18 30 52 95 6 44 38 78 78 82 38 34 94 45 61 7 46 79 77 32 99 34 38 85 11 95 5 16 47 54 81 34 67 100 89 91 42 45 44 97 70 76 66 13 47 14 82 9 47 55 67 45 66 71 3 34 29 17 54 50 85 48 32 42 82 57 77 3 70 3 32 57 41 24 93 25 87 68 91 27 14 6 73 39 34 70 63 63 7 68
73 35 12 47 42 78 33 22 8 89 64 91 22 14 82 14 54 90 86 30 2 79 85 57 17 56 87 3 80 100 57 44 100 82 70 20 27 20 36 64 75 27 88 38 93 89 50 23 84 71 56 61 90 70 92 37 90 9 6 99 47 63 11 47 46 74 5 21 24 68 42 19 46 67 1 13 9 67 47 89 30 28 61 60 100 68 55 48 23 23 60 95 60 35 22 78 66 19 71 47
69 85 94 80 88 30 58 35 55 76 71 42 47 85 36 36 14 82 52 80 58 97 20 3 57 32 44 8 27 2 0 24 37 21 28 96 79 89 4 31 89 70 48 41 0 58 61 9 100 100 12 85 7 52 26 63 66 59 28 52 100 28 55 0 52 53 91 4 6 3 62 10 80 7 88 43 62 47 45 45 97 79 5 47 90 21 74 72 79 15 19 35 36 37 92 3 6 89 89 26
6 46 37 69 22 91 53 62 30 92 22 85 54 43 23 95 71 31 8 43 28 15 71 96 32 80 58 90 23 81 52 6 92 64 66 49 2 39 6 50 5 46 9 71 92 71 33 38 75 43 12 60 56 34 98 31 41 69 46 19 77 93 4 68 33 91 39 70 22 54 36 82 26 4 83 24 5 32 87 52 46 6 17 58 90 69 24 71 20 54 14 98 15 62 84 71 47 21 50 71
60 3 68 60 44 61 9 6 19 100 58 47 99 6 87 77 45 41 64 12 25 96 46 13 98 55 77 98 25 85 51 19 47 3 70 85 27 42 93 10 52 49 66 57 64 58 51 99 22 42 92 81 3 85 12 91 62 77 30 44 43 8 73 91 39 20 85 79 64 82 29 29 81 7 98 28 20 4 87 20 70 6 56 71 10 82 9 49 40 27 61 56 86 68 53 36 24 45 44 65
63 90 60 37 78 90 31 3 82 98 19 93 46 15 67 1 90 46 45 70 3 16 6 69 61 6 26 53 48 62 78 44 40 75 16 7 63 18 7 0 78 39 62 5 91 87 55 96 75 12 33 37 49 4 44 55 87 43 12 12 8 30 0 59 100 39 76 67 6 41 57 95 6 69 4 54 96 94 76 100 41 71 10 99 70 93 63 62 31 38 10 4 68 12 35 36 15 32 15 20
92 95 61 54 13 74 80 50 88 32 45 7 97 51 13 67 58 61 67 70 41 63 1 63 0 29 58 22 6 31 51 34 81 57 84 91 8 73 44 65 87 91 85 67 48 91 31 71 82 38 3 50 84 55 57 41 16 15 95 75 38 55 3 77 45 21 37 58 4 17 82 75 95 60 6 20 78 0 28 39 87 87 46 91 22 8 21 29 35 27 75 42 81 75 96 15 35 13 10 35
53 31 71 3 48 2 47 86 92 91 67 0 53 74 16 90 97 47 6 7 36 40 33 58 10 26 43 34 7 69 74 16 2 65 32 47 10 19 69 14 19 29 10 36 5 50 18 42 53 36 55 84 82 4 87 68 80 88 42 93 92 85 57 8 79 19 95 15 100 14 10 53 24 79 75 11 46 7 98 12 97 44 14 77 1 81 97 30 30 47 61 32 52 16 25 81 23 50 65 15
68 23 4 23 6 94 37 46 16 13 50 20 2 31 44 84 23 83 12 78 66 42 90 48 77 15 99 57 82 15 36 41 68 52 56 8 82 48 10 23 54 72 91 21 1 34 4 89 89 8 30 67 68 17 81 55 75 78 49 83 22 61 71 69 92 90 56 1 6 3 12 43 52 61 97 55 94 45 100 78 43 34 93 81 73 88 51 79 75 51 87 45 51 68 96 30 71 61 23 85
51 5 30 12 84 86 85 54 23 45 37 100 90 44 11 88 40 58 15 31 63 51 62 77 78 41 83 29 41 95 12 81 80 79 28 17 98 46 50 4 21 61 23 43 9 83 23 46 37 6 76 12 4 79 92 60 52 82 84 86 58 10 32 94 1 33 80 11 35 77 49 42 32 6 46 84 60 34 49 82 92 8 78 91 26 70 17 2 16 81 2 56 0 19 83 41 42 23 60 59
82 26 39 52 1 8 24 18 14 46 8 13 36 20 13 37 62 7 20 12 90 78 17 41 32 39 56 33 15 56 44 90 28 73 93 49 51 98 25 72 86 90 57 32 80 94 31 55 49 38 86 82 43 22 21 80 56 87 94 100 56 60 59 64 69 32 34 47 77 90 12 72 77 38 73 27 34 30 54 36 26 63 69 34 33 65 46 1 45 79 30 17 88 50 45 64 79 50 0 70
56 54 66 45 32 86 63 87 89 15 16 33 87 64 92 78 89 6 17 76 34 68 40 40 87 33 94 54 2 36 74 41 74 4 79 28 68 42 96 49 40 69 14 17 75 7 79 34 0 6 62 88 66 95 0 91 35 36 47 96 68 31 59 27 7 43 79 7 15 45 0 98 19 53 30 73 24 27 0 23 18 15 19 75 82 1 11 38 66 42 33 1 79 92 99 26 46 41 24 43
66 43 8 70 47 24 70 9 67 84 47 77 82 16 64 41 14 9 71 100 68 80 96 50 27 88 87 10 63 71 99 37 35 23 90 91 62 16 81 83 7 26 20 9 75 42 90 39 12 7 92 10 46 12 44 90 35 86 5 77 4 62 97 84 99 66 25 40 82 31 49 63 23 41 60 66 0 45 35 9 42 49 26 5 12 57 17 66 73 13 98 53 24 21 78 44 53 45 50 38
96 43 2 42 39 68 42 43 43 20 10 14 98 34 57 66 33 84 24 94 100 43 16 34 76 63 32 19 22 3 12 11 23 12 92 81 23 57 65 77 63 9 80 56 89 36 12 67 66 18 13 47 42 77 92 32 9 67 45 83 76 44 45 20 13 3 23 78 55 25 44 19 13 98 83 5 18 82 73 63 90 31 60 52 78 7 71 10 45 98 58 53 52 47 13 86 68 31 46 79
62 43 92 29 56 22 38 90 12 93 7 36 16 28 10 25 73 41 93 96 68 28 92 29 92 58 5 40 88 31 59 52 30 47 48 83 80 47 15 82 87 54 25 82 43 27 11 32 29 60 14 16 30 19 85 76 41 70 11 56 81 47 74 72 6 40 44 39 17 71 51 83 20 50 48 18 34 34 54 37 50 99 33 21 10 96 93 33 81 78 56 46 9 4 47 34 13 42 78 64
67 19 69 91 95 0 76 54 42 56 67 94 16 50 43 97 54 67 50 15 49 22 89 80 83 13 27 94 61 8 51 95 82 45 28 32 3 65 98 43 64 9 91 73 69 33 40 5 34 59 77 0 7 20 22 65 36 27 40 67 42 8 88 46 75 95 41 9 47 50 31 69 17 94 30 71 80 69 74 90 61 43 92 57 92 15 14 69 35 2 81 82 24 7 44 86 99 61 82 75
74 20 56 67 52 14 82 43 93 5 22 94 82 23 90 18 34 7 21 100 59 58 53 9 79 29 20 26 30 99 32 22 98 7 73 50 34 29 36 60 0 12 82 0 68 25 55 74 23 47 83 69 56 41 24 81 9 46 45 38 62 69 19 53 15 51 27 61 68 5 29 33 77 60 14 57 73 53 40 92 82 22 91 13 37 60 51 5 62 81 29 32 16 88 84 96 73 99 98 74
69 56 9 28 32 11 83 84 100 98 58 82 2 56 68 29 79 35 71 73 65 83 78 64 61 11 88 84 89 79 8 35 80 49 76 22 93 13 26 67 99 30 68 19 96 20 2 48 97 3 37 29 32 55 15 77 38 66 66 59 30 60 69 64 65 0 44 63 32 94 76 78 38 13 22 22 18 28 94 85 59 25 94 5 94 4 71 71 20 59 24 94 4 69 65 54 39 48 92 31
88 24 75 7 67 28 69 32 99 19 70 98 40 95 48 80 81 2 36 77 53 24 4 19 74 40 98 36 21 96 42 18 68 28 40 79 29 16 2 98 81 7 71 42 15 75 85 44 78 45 30 8 15 89 74 11 16 50 0 21 28 7 7 55 9 25 98 2 89 100 63 68 5 32 52 87 33 12 85 41 60 58 7 99 24 81 2 12 4 70 56 78 97 88 21 27 59 79 72 86
25 13 51 73 81 71 15 11 36 79 94 77 40 8 98 66 17 84 63 57 49 2 72 93 23 22 45 76 55 26 17 97 65 3 29 90 66 57 81 3 38 55 84 5 6 39 0 32 87 49 72 13 70 32 82 88 78 81 11 62 90 13 98 8 34 1 0 94 97 81 39 24 91 9 23 13 84 88 9 93 28 99 16 42 55 98 80 1 33 72 36 42 20 34 56 20 57 98 76 54
29 86 25 99 22 24 15 61 26 79 75 47 30 83 50 24 3 47 4 72 6 7 33 19 79 14 85 78 96 16 100 64 19 80 63 70 33 66 74 0 47 30 38 94 9 95 13 81 89 69 2 18 20 85 70 62 7 92 15 80 76 38 52 13 56 69 24 26 2 36 94 54 4 9 59 45 23 87 79 7 31 32 29 50 23 96 60 8 90 9 36 15 11 40 86 88 53 29 53 100
15 86 71 36 59 11 14 9 43 40 12 49 78 39 65 8 49 40 99 21 79 41 50 14 93 89 25 29 48 9 96 24 59 3 1 27 28 2 90 8 6 74 71 40 23 56 9 31 98 49 10 42 20 85 53 83 47 92 90 35 51 72 22 30 15 50 92 87 36 83 80 30 5 70 37 69 47 71 37 14 50 24 63 67 74 72 34 51 86 28 33 27 5 62 85 35 97 57 78 31
58 66 51 67 63 3 99 89 86 48 23 88 21 61 43 90 88 80 95 77 1 8 4 1 11 3 86 38 91 42 86 32 24 91 3 25 69 37 94 36 31 47 55 40 7 76 24 14 40 76 18 71 39 91 57 31 12 53 86 46 21 25 51 98 64 83 29 96 62 98 10 81 84 13 12 77 48 49 66 42 54 92 25 14 74 5 89 19 55 55 29 40 31 83 40 67 5 50 39 47
69 64 11 64 62 36 56 37 27 78 98 0 26 16 15 31 84 84 34 3 9 43 28 47 56 99 34 39 73 45 68 87 34 99 77 41 74 51 97 19 39 94 57 54 74 91 65 74 31 9 67 9 49 30 53 94 55 27 53 40 35 5 96 80 90 58 0 71 58 33 89 2 2 78 82 77 4 20 51 12 7 21 51 5 86 93 0 80 53 81 53 11 9 68 89 47 20 31 68 67
49 59 41 27 56 22 16 7 1 85 38 28 82 45 71 99 33 18 95 75 23 63 99 15 35 22 67 74 95 47 64 75 95 59 57 10 16 67 77 66 53 71 1 84 44 40 11 17 52 99 88 77 54 16 38 87 65 74 72 69 57 96 38 82 34 92 13 7 12 25 87 66 64 13 13 16 76 55 50 50 13 61 71 11 55 48 71 38 97 73 16 78 47 95 86 94 6 70 11 47
58 7 29 81 71 83 12 64 66 29 11 99 38 66 86 100 76 96 89 52 38 48 100 74 84 85 37 80 49 16 39 80 24 34 18 84 83 84 94 20 64 68 76 5 75 47 90 67 50 27 4 89 98 35 13 73 84 82 85 89 85 80 41 48 46 50 97 1 5 13 93 4 85 72 37 71 29 68 29 65 78 43 30 92 59 72 51 15 52 83 42 31 52 67 29 53 6 37 32 0
62 70 27 74 52 15 49 53 26 82 80 85 52 14 14 38 51 55 22 16 88 29 76 88 79 84 95 25 2 32 22 70 11 33 96 32 68 42 40 22 98 12 71 45 57 37 36 59 36 43 47 26 44 33 4 59 67 91 63 53 84 93 17 43 17 61 39 29 6 99 55 46 14 69 41 28 73 87 12 14 33 13 89 84 68 86 91 46 91 19 83 69 40 52 33 20 2 98 30 13
47 12 36 27 75 79 78 76 2 84 97 19 80 93 81 69 62 26 71 27 100 14 1 10 8 31 100 9 46 90 50 77 73 21 42 56 14 89 93 79 97 65 10 72 79 15 47 72 0 22 15 73 26 85 63 8 42 45 10 96 9 2 71 72 97 29 91 70 95 88 32 88 64 21 42 1 67 72 57 36 74 97 38 91 51 48 85 65 95 72 54 17 41 31 24 26 28 25 11 49
11 33 100 45 100 30 66 34 40 74 35 77 80 19 34 67 35 56 85 42 27 37 80 99 94 73 60 85 43 69 48 33 9 87 40 30 52 82 35 85 85 14 19 59 18 47 6 84 34 12 7 19 10 60 76 15 30 73 90 25 52 29 90 93 71 3 9 60 21 18 53 64 87 51 23 42 63 85 86 63 40 16 2 68 14 34 97 34 12 18 14 62 79 24 72 29 36 86 47 9
80 83 73 32 46 77 83 5 82 49 79 81 25 81 15 58 96 30 5 53 44 91 49 67 99 30 89 49 69 65 26 8 76 92 40 5 82 81 76 5 98 94 31 66 62 44 42 38 36 8 55 90 80 97 81 41 44 79 97 88 98 32 82 16 89 71 36 71 0 52 10 40 4 37 53 34 92 53 48 14 95 26 5 16 43 76 44 23 87 55 42 59 72 73 59 66 39 48 52 84
69 60 68 67 40 25 7 8 48 61 2 89 96 86 5 64 42 96 77 91 93 82 49 90 1 91 58 95 83 52 57 35 53 70 50 18 70 73 75 70 74 14 33 73 39 7 48 52 70 10 95 54 41 0 34 57 87 72 45 28 24 84 65 74 17 67 42 18 15 36 56 63 1 75 11 74 61 78 43 80 28 44 66 58 95 22 9 4 56 68 89 59 22 84 29 97 61 87 23 99
16 33 13 78 16 74 74 46 92 55 58 11 29 87 44 39 37 89 28 0 46 13 35 85 84 98 7 22 65 64 17 35 98 99 37 11 34 100 7 16 11 71 21 67 81 93 23 75 9 85 76 52 54 50 38 74 91 11 58 4 60 38 49 74 57 94 14 78 3 17 68 96 53 12 29 90 99 48 98 43 44 55 15 68 59 79 56 29 58 95 41 3 69 89 82 12 25 7 68 26
24 4 49 55 65 63 37 84 16 97 74 15 35 27 15 30 97 43 67 71 76 3 81 25 85 49 23 47 67 12 86 98 32 5 98 43 24 77 35 20 9 28 17 52 75 55 10 83 63 25 71 21 1 9 22 87 85 13 82 59 79 45 98 69 13 68 62 54 0 67 38 19 11 35 58 47 86 92 33 19 36 74 16 29 27 92 23 42 71 21 56 96 89 77 8 39 97 41 36 59
49 67 81 41 44 27 42 9 95 11 29 99 88 13 76 98 23 22 33 48 28 52 17 55 51 100 47 54 47 44 28 36 4 50 31 27 36 66 11 90 6 57 7 60 63 53 12 78 46 40 73 39 91 7 49 7 20 62 11 19 0 69 100 94 73 55 42 47 99 46 99 32 69 46 36 30 44 60 6 94 38 72 76 7 28 56 17 23 37 41 83 12 30 72 37 41 93 34 32 69
