83 93 41 4 57 4 68 16 57 58 58 49 14 22 91 12 9 64 75 92 19 81 55 67 25 18 38 81 88 19 97 91 60 18 100 20 74 65 49 32 23 94 55 92 82 21 75 97 100 12 14 24 80 92 36 41 76 18 25 2 95 6 60 32 34 32 32 91 48 2 41 45 64 82 92 76 25 59 14 61 83 13 70 40 22 48 40 31 63 87 23 24 11 56 3 86 9 8 29 67 7 44
85 86 32 57 100 62 44 84 70 68 75 100 61 73 5 84 64 90 9 16 91 87 54 83 24 62 13 17 9 76 43 4 43 62 51 95 75 25 15 88 77 11 35 36 75 46 56 56 55 16 8 93 34 31 74 94 5 7 61 20 13 85 8 18 78 71 86 40 25 61 51 25 22 20 73 80 50 18 0 55 86 72 14 94 38 41 80 100 40 15 97 67 55 35 29 22 9 26 97 70 100 69
34 52 35 36 54 42 57 30 17 48 49 26 90 70 24 50 85 95 51 64 54 53 86 94 36 28 99 95 57 79 0 19 21 49 48 52 23 54 65 50 69 0 23 42 92 40 96 76 87 87 99 26 48 75 50 82 95 100 26 41 59 24 16 14 30 0 73 35 57 19 75 90 42 91 39 60 88 15 83 74 46 63 81 21 63 88 79 55 26 66 83 63 61 9 22 76 86 27 16 100 17 7
14 90 22 18 36 98 13 15 96 16 49 82 97 26 67 26 92 14 93 38 29 100 26 71 11 43 40 31 12 77 63 92 98 91 71 30 87 0 47 64 14 55 55 85 36 19 14 78 96 8 50 85 34 1 45 81 18 91 6 14 37 24 36 100 33 55 32 26 82 100 17 76 30 27 36 10 46 94 83 36 49 14 61 24 84 6 99 93 31 14 6 34 29 67 91 7 17 30 78 90 19 34
10 93 93 86 12 28 60 30 89 95 57 48 51 95 15 72 1 68 62 6 54 29 23 2 96 6 79 86 17 43 41 11 25 64 76 93 13 86 96 68 49 40 58 22 96 57 58 86 86 92 39 25 49 8 91 19 28 21 10 58 50 80 72 31 59 9 88 82 21 10 9 6 4 32 0 57 99 58 72 87 51 84 75 2 69 93 18 94 11 37 45 33 6 49 72 72 46 46 58 1 41 3
87 29 84 13 69 96 47 53 99 11 83 39 34 18 7 83 59 56 64 34 87 36 5 38 94 41 72 66 48 100 80 26 14 51 13 98 75 46 94 4 23 99 18 52 61 17 1 82 74 52 52 89 44 54 27 21 46 58 86 87 52 56 29 61 37 61 51 96 40 89 14 12 77 19 19 58 82 50 60 88 66 44 70 89 87 30 95 19 67 95 15 99 73 49 95 15 35 3 85 49 18 27
30 28 14 24 63 48 62 62 62 86 38 53 73 32 36 73 76 31 47 63 80 12 12 16 30 69 9 25 91 80 92 94 87 7 77 58 40 17 69 77 42 79 24 76 10 22 39 94 17 11 84 88 85 41 5 81 36 33 14 53 18 3 78 0 18 40 3 59 21 92 71 40 11 38 73 17 95 85 85 98 97 85 37 24 90 77 99 43 67 11 68 78 8 96 83 37 3 19 54 60 92 67
55 59 36 62 1 16 54 92 97 94 61 63 42 84 76 30 98 43 71 93 34 32 97 59 12 29 2 63 0 52 31 98 90 83 76 77 51 75 76 36 51 28 27 22 93 87 55 71 92 91 3 47 75 78 21 85 86 33 1 93 23 91 33 3 10 6 95 22 7 72 90 49 24 67 43 31 49 22 14 96 92 59 2 31 73 16 18 61 78 58 75 9 19 11 66 33 46 3 90 90 16 35
93 88 5 67 52 72 32 29 54 36 83 65 62 27 68 52 37 92 42 74 61 6 48 23 59 36 40 20 80 87 96 18 28 30 81 92 75 71 31 92 23 22 3 83 89 51 41 72 59 84 44 95 18 90 22 7 33 56 19 0 17 62 79 13 51 52 22 70 83 87 20 51 87 26 24 33 37 51 28 37 54 43 8 69 16 85 100 7 60 58 74 50 55 76 76 87 61 42 7 74 53 66
13 47 62 74 31 77 27 37 32 87 30 42 8 89 0 54 77 33 54 83 45 83 87 38 57 19 17 54 34 92 19 2 96 81 77 59 73 96 39 64 56 21 39 75 67 2 42 26 4 71 55 81 7 20 100 8 67 74 100 54 55 58 99 57 30 11 58 29 14 53 59 71 99 62 65 31 64 92 43 74 73 87 76 30 88 70 27 52 50 49 45 86 19 90 60 97 0 0 42 47 7 94
90 84 60 83 20 2 4 42 33 1 47 3 48 99 95 48 46 99 10 16 89 76 41 50 29 50 3 88 46 1 62 22 94 57 48 17 67 80 98 44 85 75 14 65 47 100 57 77 20 91 7 79 79 32 8 68 63 94 81 94 23 53 16 76 78 73 73 19 40 86 48 97 98 46 9 43 60 61 11 21 30 70 61 100 88 47 58 1 26 27 33 95 100 79 80 54 87 16 16 97 22 22
99 8 51 6 79 56 53 19 76 13 48 73 32 50 52 62 25 91 60 42 6 78 56 68 38 57 37 87 53 19 61 12 69 17 17 0 70 64 80 80 43 15 53 62 0 73 82 88 56 78 37 28 37 27 91 9 79 2 52 43 65 9 26 57 99 25 2 40 23 59 46 1 50 7 14 68 36 27 98 50 36 7 25 25 27 57 18 13 98 4 59 94 93 6 90 17 19 3 97 46 91 58
72 81 50 55 99 70 38 77 48 82 99 49 4 73 82 29 23 58 40 15 12 30 44 94 31 24 41 44 26 5 0 72 72 39 3 1 12 96 87 2 15 1 97 47 20 100 61 92 6 79 31 57 0 81 88 93 24 61 91 64 15 31 43 36 45 49 2 82 9 29 31 51 66 19 79 6 18 5 44 83 74 91 23 21 93 53 9 27 81 95 73 60 20 94 58 52 22 59 84 63 87 8
42 12 15 90 82 6 14 64 18 1 43 54 14 27 55 67 72 32 55 59 13 63 96 11 46 77 49 18 61 73 76 40 30 19 49 62 5 45 96 39 25 95 11 99 57 41 66 90 36 22 3 26 17 97 46 43 20 29 23 39 76 95 24 49 31 21 53 53 90 24 19 0 53 34 74 29 3 64 78 45 96 45 20 90 100 98 53 52 67 99 4 41 24 47 23 35 30 54 71 87 13 94
25 88 26 34 90 90 90 14 88 22 85 84 27 41 88 87 48 50 26 52 54 73 13 12 16 18 63 0 2 18 90 32 96 74 84 7 97 30 77 33 59 45 77 86 36 44 75 76 82 59 51 94 49 52 34 59 79 57 68 79 24 15 92 68 72 31 87 6 61 5 5 34 86 39 35 14 49 29 42 1 15 34 65 37 8 52 58 0 40 64 75 5 63 41 22 29 69 36 36 91 18 2
31 37 85 40 55 74 56 18 96 4 60 85 58 83 59 94 68 85 15 86 88 25 26 31 89 88 70 76 100 83 34 45 50 10 46 58 5 36 51 27 60 28 59 25 75 48 61 41 40 83 38 5 59 18 50 22 4 100 99 42 49 51 3 30 90 45 100 9 25 58 80 9 2 11 52 57 87 95 90 40 24 25 49 41 93 30 86 34 89 44 61 50 4 29 51 96 30 50 79 11 41 53
9 12 45 3 74 45 46 17 47 39 17 44 29 43 60 28 30 67 65 99 22 90 71 92 31 1 88 63 91 89 46 13 38 23 87 76 5 17 36 65 60 43 60 72 75 73 26 97 9 95 51 2 90 39 3 16 7 30 27 89 11 30 64 60 29 44 29 73 18 66 71 14 25 29 39 45 40 29 61 21 77 14 57 38 34 89 25 40 19 38 1 63 69 0 7 78 70 20 57 84 9 54
48 73 98 3 40 15 10 63 76 55 88 4 69 99 3 41 36 94 8 45 74 76 87 9 9 2 9 72 85 0 71 100 90 8 90 1 57 46 85 20 6 20 98 66 57 75 74 53 55 73 0 19 66 18 89 87 99 21 14 13 89 36 38 22 28 56 87 58 33 74 11 66 38 20 11 4 80 37 7 24 5 53 43 58 32 27 8 72 70 99 65 43 73 18 78 2 31 57 94 3 83 33
55 46 23 14 35 53 49 77 61 26 2 8 83 3 59 39 35 23 77 31 96 65 77 79 85 51 29 70 12 81 0 91 1 10 96 78 61 100 15 79 85 98 37 88 25 92 81 88 41 1 34 41 70 56 97 39 88 32 80 99 88 24 17 67 49 61 83 26 29 6 37 14 42 39 69 21 58 34 6 23 79 53 7 97 77 21 89 99 50 49 78 84 54 70 22 67 68 90 73 79 3 24
99 84 20 23 45 27 52 10 67 93 90 29 51 72 76 63 12 98 6 68 17 54 86 81 38 56 71 61 84 20 42 86 47 4 89 2 71 54 57 7 45 26 84 24 21 44 43 32 98 37 79 6 33 79 27 6 34 68 14 39 48 81 87 35 67 14 64 66 37 87 74 78 99 19 100 26 83 65 5 9 20 53 90 41 34 30 97 96 19 9 21 82 68 53 9 92 23 21 82 21 66 9
89 72 73 24 90 55 67 42 44 72 76 30 94 21 44 29 22 75 51 91 6 24 38 88 91 38 32 2 43 66 48 76 51 86 53 70 8 83 6 31 24 5 31 23 29 87 50 19 39 84 25 22 0 99 3 17 36 3 91 14 88 48 80 99 0 36 11 36 72 62 48 60 11 1 54 26 5 11 86 98 12 83 30 91 5 91 29 45 29 85 41 62 31 5 87 95 51 74 65 67 60 2
11 94 64 86 96 100 63 57 53 39 21 3 26 66 69 65 82 50 97 68 34 46 90 11 75 51 48 26 47 1 3 57 87 2 24 96 77 27 76 28 96 86 51 67 45 64 60 76 89 13 26 14 91 30 28 12 6 76 82 37 14 40 10 51 52 66 52 72 78 54 13 100 100 11 41 49 10 55 87 83 72 80 17 45 44 9 56 38 0 22 8 99 97 28 74 94 68 52 90 85 91 33
26 87 48 20 81 45 93 97 95 87 44 31 23 85 21 27 11 39 62 29 10 1 50 13 8 70 28 34 5 71 79 86 61 57 14 68 72 84 7 1 78 93 23 87 84 11 13 10 65 35 76 49 54 86 35 82 63 96 11 40 52 92 20 25 20 6 41 93 64 59 19 1 7 95 82 97 17 47 62 61 100 88 44 12 9 61 19 61 92 89 44 45 72 45 18 62 72 65 85 15 32 6
91 49 56 62 44 42 96 49 98 1 92 92 92 88 70 7 8 15 69 12 38 10 88 1 2 44 32 35 93 41 71 46 73 97 2 79 64 65 88 79 25 7 31 61 23 97 44 94 9 10 85 3 95 10 49 41 71 42 45 22 73 47 8 92 22 67 72 80 66 44 37 85 15 53 69 0 72 32 0 75 86 52 17 31 33 16 19 47 50 89 44 22 24 34 43 32 87 22 89 94 32 73
7 8 3 53 91 33 19 28 39 69 87 47 41 81 95 24 14 96 10 89 17 9 18 61 89 31 14 88 85 35 73 68 44 78 51 31 33 51 59 61 38 36 30 57 78 22 93 29 10 50 88 65 60 79 46 46 18 56 17 67 72 3 7 90 22 15 61 34 21 70 20 83 40 50 81 6 41 58 9 0 81 66 23 21 85 98 73 96 1 65 83 9 39 70 23 33 85 33 78 8 62 29
85 16 66 8 5 57 100 89 29 71 95 58 90 98 43 26 38 44 95 66 19 77 27 5 64 71 85 34 93 47 71 33 97 17 2 78 2 24 4 11 49 26 96 25 14 85 10 61 85 15 15 9 29 19 80 12 11 89 87 81 20 7 0 88 67 23 79 78 49 42 6 28 56 2 60 42 42 40 90 18 54 40 74 72 89 0 99 100 82 81 99 70 88 85 39 35 6 78 74 82 0 89
44 25 78 95 48 68 20 51 24 85 73 44 100 81 42 20 77 48 56 79 18 67 21 29 27 0 90 30 0 5 14 42 20 83 1 87 78 7 48 58 75 62 51 6 96 27 57 29 73 73 67 65 49 95 71 60 50 80 67 8 98 6 30 65 27 50 57 29 17 34 40 98 50 36 23 33 33 62 2 15 75 35 53 81 98 59 12 1 63 24 88 1 26 5 1 18 42 53 44 9 13 71
72 16 87 22 94 59 83 21 46 13 91 9 79 95 42 5 86 37 90 32 44 97 96 19 18 12 93 84 24 80 70 8 9 22 68 16 33 94 56 50 15 88 90 46 4 91 47 71 84 93 74 2 54 23 2 48 93 64 84 44 86 65 48 3 32 66 23 15 30 55 42 11 95 60 3 45 86 64 60 53 96 77 98 3 96 79 63 0 3 32 33 20 52 75 26 33 43 74 7 47 48 96
93 1 5 71 77 1 31 91 19 39 11 26 87 29 54 30 3 90 46 86 95 96 65 67 44 50 7 53 65 33 63 59 17 63 10 100 21 50 47 36 54 61 70 31 0 39 55 71 87 4 36 33 43 2 59 56 93 29 60 45 89 74 91 88 51 88 5 72 4 63 98 40 100 80 69 90 32 62 4 36 29 96 28 79 89 54 56 10 32 6 17 0 90 30 79 72 20 37 89 46 88 99
25 78 10 49 56 92 17 0 81 39 12 47 10 7 68 9 90 38 70 95 47 96 5 85 69 24 93 50 37 94 17 57 15 81 42 65 9 36 92 22 15 35 21 84 67 33 85 21 67 93 32 9 59 16 15 63 96 19 64 28 24 7 90 96 62 23 18 52 19 43 14 87 36 38 52 55 45 85 12 26 45 0 25 21 42 17 15 92 26 30 55 83 22 85 57 25 36 73 22 47 27 34
97 29 28 57 57 29 65 63 40 53 53 80 53 76 33 72 90 10 29 93 2 15 57 76 40 30 66 26 14 63 75 27 14 71 13 73 99 94 12 81 8 84 2 14 72 4 53 32 77 18 86 28 19 53 98 48 77 21 66 25 37 44 19 1 25 35 30 22 82 99 92 28 45 24 94 54 22 28 31 16 97 27 76 67 30 20 88 90 35 47 18 19 11 79 89 61 61 94 30 67 46 15
49 16 17 25 95 80 27 3 50 72 17 52 76 98 5 29 3 54 21 29 13 63 38 94 92 33 33 60 13 86 81 14 75 19 27 24 73 23 48 99 53 17 71 46 59 88 23 25 99 19 46 66 9 83 10 93 51 9 80 49 10 33 96 52 35 17 74 90 57 46 28 20 0 88 53 26 22 40 86 66 86 19 41 47 44 37 70 43 21 98 31 26 67 59 26 99 7 14 72 41 19 41
81 66 81 18 15 76 14 16 15 68 31 62 65 46 99 76 33 56 64 43 89 30 17 2 74 66 79 89 30 92 77 17 67 53 100 38 18 45 11 22 44 58 28 91 34 51 69 55 43 31 0 71 5 99 57 92 47 85 29 13 63 24 39 5 44 0 96 89 70 24 23 9 85 80 70 88 82 76 0 13 27 81 51 54 15 0 47 50 81 74 45 66 95 56 40 89 84 81 97 52 75 59
12 30 38 78 78 55 43 49 38 66 8 93 32 5 17 4 48 15 30 30 22 37 5 73 84 2 58 61 96 77 38 20 82 92 5 98 74 5 67 24 41 18 54 32 33 94 2 97 18 98 71 63 87 37 92 31 14 2 30 64 81 42 43 37 21 35 6 65 92 63 19 40 61 48 78 11 7 44 18 2 9 91 9 96 62 12 20 38 38 49 25 94 14 75 93 50 58 66 27 37 34 41
82 31 65 18 16 11 13 20 46 63 86 61 66 7 57 21 14 17 79 84 44 18 28 34 28 23 16 56 33 79 31 50 9 90 11 32 72 61 38 90 7 27 34 22 92 86 12 67 86 5 79 16 28 80 84 79 18 68 66 29 21 55 69 93 44 14 41 87 13 39 50 6 94 17 40 42 14 27 9 73 6 21 47 98 6 30 65 99 25 99 2 78 14 57 1 83 96 54 87 27 48 29
35 39 43 13 78 82 89 50 74 51 9 97 99 39 97 93 1 93 14 48 89 0 17 72 39 45 2 28 50 41 66 1 70 42 86 54 56 40 90 13 61 18 96 40 19 75 26 1 28 41 98 19 38 24 3 39 28 46 94 8 11 31 99 15 62 96 86 69 34 41 79 46 86 9 89 51 66 73 59 43 25 56 9 80 79 11 31 45 50 16 87 25 10 14 27 24 42 28 27 40 45 26
97 50 50 84 13 36 31 1 52 34 71 80 49 74 17 39 93 18 84 99 34 28 44 72 78 84 3 70 37 85 72 73 87 62 56 23 14 5 47 13 58 70 67 58 22 98 26 99 18 41 89 39 11 5 15 37 10 46 97 17 71 41 48 77 3 4 40 5 33 52 36 10 99 92 42 56 9 43 27 91 5 4 55 43 28 58 54 57 50 44 47 23 43 62 98 76 56 67 37 42 2 40
61 62 22 60 30 75 49 52 98 24 76 46 97 70 41 13 33 34 28 76 61 73 18 39 80 48 75 43 75 61 47 5 88 58 21 74 31 83 76 28 12 21 69 71 88 83 15 31 78 72 27 13 24 65 8 81 22 43 59 24 73 39 89 71 16 67 25 60 13 29 17 32 87 94 16 89 97 69 67 43 95 86 96 22 58 8 38 95 19 30 29 57 84 97 36 98 20 55 30 29 80 27
98 33 8 84 95 9 88 53 44 49 8 31 44 83 59 14 21 88 40 34 69 10 87 74 58 67 19 60 91 1 48 34 38 78 40 48 52 40 97 49 99 98 9 21 51 31 12 99 97 56 86 48 83 39 58 43 53 97 28 59 2 42 42 21 3 32 15 44 57 25 75 85 49 83 84 94 69 29 69 71 56 68 24 44 29 81 19 72 89 50 52 66 9 8 21 17 62 4 28 73 73 96
6 38 52 42 100 42 34 92 56 4 92 19 1 86 27 50 40 96 73 21 52 71 75 50 22 73 33 42 42 23 50 91 89 53 27 81 59 40 10 46 14 48 95 34 18 36 96 5 80 56 15 75 100 18 22 83 65 82 47 36 46 92 94 66 89 17 57 11 94 55 25 45 14 18 11 4 49 3 19 28 83 94 47 24 2 0 24 94 90 56 49 40 90 67 68 29 30 20 54 0 16 10
46 55 51 6 0 48 48 93 1 21 71 33 55 48 15 74 8 95 20 100 14 17 48 66 51 87 74 92 90 54 31 38 68 32 54 36 85 86 50 1 72 70 62 52 30 48 29 61 48 41 57 6 56 34 86 100 0 95 82 57 23 61 83 63 41 71 32 84 50 40 39 32 68 70 63 12 28 28 6 15 69 22 11 94 52 65 95 47 72 13 52 3 17 16 64 41 16 12 49 10 48 99
43 6 72 48 25 85 91 84 49 88 91 75 97 16 45 22 15 14 61 84 57 23 64 1 0 40 39 9 74 41 32 34 42 49 2 72 25 93 18 2 0 52 77 46 28 38 44 72 27 32 61 82 11 75 64 26 3 5 67 0 20 4 37 93 23 79 77 29 24 14 100 74 25 54 57 99 80 90 99 37 15 65 64 43 9 40 30 10 26 71 86 9 78 46 27 78 51 28 4 72 7 16
1 24 97 38 19 7 54 63 19 73 34 49 27 92 98 11 46 68 98 63 59 59 20 57 25 75 67 82 42 16 58 73 51 52 53 90 59 54 30 5 56 39 27 66 83 70 34 65 33 100 41 90 92 39 53 50 97 17 100 71 26 35 64 98 28 88 14 74 26 99 9 45 36 83 72 79 3 2 80 59 47 29 31 29 75 95 89 21 36 55 78 81 36 52 40 88 16 17 51 66 42 0
54 33 71 32 46 26 74 84 81 59 49 5 66 26 75 98 40 4 92 23 12 5 30 79 94 43 38 0 1 8 48 79 5 43 64 66 21 0 18 75 24 70 23 47 46 9 92 45 67 69 61 75 88 82 66 86 54 85 66 60 13 69 67 4 26 99 19 97 71 50 11 94 10 68 95 37 83 36 82 77 75 89 4 99 100 68 9 8 31 20 61 7 33 90 95 7 23 3 47 71 100 93
71 24 8 47 20 98 65 0 70 90 46 85 47 40 94 26 53 73 47 85 83 36 35 25 48 9 50 51 64 39 72 38 45 44 35 72 78 77 97 17 10 93 47 80 36 26 100 16 8 37 59 79 18 5 8 100 18 72 4 29 11 1 41 86 11 83 56 41 26 94 72 16 85 63 16 60 86 91 70 78 99 76 28 46 14 92 67 65 57 28 37 65 62 89 37 72 88 42 38 65 58 11
69 18 67 73 84 97 68 11 81 29 65 50 73 18 29 27 94 41 13 84 51 85 12 53 57 28 76 71 35 54 13 34 97 96 0 72 14 95 54 88 40 93 67 20 41 40 53 47 27 21 38 51 67 79 80 25 36 18 45 15 18 21 67 80 16 85 89 82 68 95 63 55 92 79 26 91 55 97 15 64 38 68 27 47 5 64 57 4 49 42 66 95 93 9 0 96 39 84 10 79 29 57
45 22 65 62 100 10 69 7 6 95 84 36 23 70 92 64 21 21 78 52 76 100 25 49 69 84 17 85 45 77 71 43 54 35 26 50 10 77 97 67 94 38 51 8 7 34 80 31 1 46 0 12 30 70 42 24 43 26 72 100 57 25 25 61 56 64 95 88 70 42 12 82 65 91 67 36 18 94 95 65 25 6 2 58 69 90 13 7 16 14 79 68 64 89 17 55 53 98 98 77 79 75
77 65 66 68 100 25 34 16 89 43 85 11 84 11 33 38 62 28 31 89 14 17 73 35 32 43 67 81 68 13 1 41 94 85 36 36 67 33 79 4 45 49 45 97 73 50 75 99 88 30 34 50 86 75 45 91 29 10 51 20 83 33 34 38 88 71 65 14 97 91 81 27 50 32 22 56 51 35 12 48 36 94 99 60 16 0 34 80 83 56 82 65 30 7 8 29 37 5 38 44 94 81
81 54 90 33 81 33 48 73 28 4 86 91 64 3 33 87 42 17 26 59 20 47 62 20 52 36 40 60 71 55 69 44 97 49 17 90 60 53 29 72 83 98 51 49 36 16 4 48 75 77 31 82 0 95 84 38 40 54 36 55 25 63 94 13 6 32 1 52 73 80 62 61 88 10 23 12 76 62 73 46 99 74 18 98 38 20 66 44 28 57 72 0 92 11 54 34 1 80 58 3 56 88
40 100 99 13 52 78 12 95 79 68 100 15 30 4 48 48 62 4 83 23 90 1 11 45 33 14 92 25 46 32 82 53 47 82 94 69 58 55 77 43 41 89 49 17 97 80 11 13 76 19 99 0 90 73 32 86 30 26 22 83 4 72 22 30 99 38 30 93 59 27 66 11 71 11 15 49 44 60 8 93 15 27 10 30 79 61 9 5 52 80 87 20 95 92 93 54 38 99 37 58 62 35
59 74 37 13 89 7 68 24 91 19 99 17 68 100 87 91 96 62 10 88 83 16 26 54 99 74 40 91 53 60 15 18 27 96 0 66 26 4 30 69 61 58 45 12 87 11 91 53 90 67 35 37 43 25 51 22 43 1 0 20 23 14 96 30 21 92 51 72 67 68 79 82 97 41 50 12 35 49 15 49 25 82 19 76 52 84 88 98 91 99 9 5 56 66 86 95 38 67 65 90 83 73
10 14 80 18 44 81 96 67 10 45 74 18 93 41 15 21 90 16 33 78 87 53 58 18 29 61 42 19 74 82 16 79 81 79 12 82 93 54 82 56 18 1 62 77 7 63 92 46 46 89 84 56 33 78 12 33 6 30 40 36 25 21 26 50 65 100 88 71 68 45 31 87 41 19 78 27 13 42 68 38 52 30 36 33 71 3 41 87 85 14 16 37 17 52 32 40 33 60 19 75 29 2
89 45 70 81 17 30 48 6 93 15 62 40 54 88 36 29 85 41 97 95 32 45 1 70 76 37 46 46 72 42 10 18 30 28 56 71 87 28 56 89 63 84 12 89 31 32 0 31 40 68 84 85 97 33 83 11 88 32 25 69 3 17 63 7 11 46 57 45 58 89 32 23 12 25 38 50 87 87 71 18 45 21 91 17 74 60 3 32 36 60 35 47 69 17 7 46 2 34 15 50 10 41
32 44 38 32 21 75 3 28 30 49 0 94 67 74 62 13 85 16 37 60 50 5 36 89 80 75 3 9 34 15 46 7 37 52 51 59 96 43 27 52 38 2 25 77 8 27 73 92 21 7 60 56 83 8 0 0 65 69 70 89 66 47 42 38 31 83 71 92 46 79 19 4 25 61 40 13 27 3 57 32 32 48 73 1 24 25 0 54 42 38 32 63 62 87 88 50 10 15 47 22 88 79
69 16 77 84 81 84 61 92 68 51 30 11 18 9 80 85 8 26 16 100 85 11 66 40 19 76 8 36 10 11 81 35 78 16 19 25 47 63 46 59 78 11 59 72 81 30 93 38 94 49 24 87 84 96 99 92 100 83 70 85 32 80 52 75 95 95 81 59 13 46 15 49 6 7 28 23 86 54 97 68 77 17 35 62 97 5 76 89 87 8 100 19 96 21 7 46 20 23 12 69 79 36
47 27 20 75 23 18 71 54 48 43 27 4 95 53 61 7 20 86 10 88 78 52 92 4 79 83 89 21 0 89 13 85 82 88 80 29 77 75 45 99 25 37 79 91 80 1 48 55 85 76 31 55 83 52 35 94 5 76 63 60 61 49 60 97 25 80 61 85 15 99 1 80 22 73 59 38 25 55 17 96 6 65 24 44 77 56 8 52 8 2 56 38 19 85 73 46 80 90 85 90 34 52
99 81 97 31 78 85 84 10 77 1 61 60 43 73 25 68 33 63 72 75 75 66 50 63 28 87 98 33 46 78 95 76 51 63 27 71 52 24 73 53 88 26 42 50 79 70 54 99 63 23 37 66 40 87 42 52 45 28 37 72 32 78 61 46 11 20 72 93 89 96 9 93 43 11 61 74 80 78 31 34 96 60 10 81 12 96 27 86 12 36 10 49 15 82 18 59 95 33 77 87 43 99
88 98 17 69 72 31 32 79 98 38 57 85 47 15 74 72 33 84 81 90 19 0 68 64 89 31 9 57 76 15 28 50 14 31 38 14 63 92 91 54 28 6 61 98 3 83 94 63 12 79 50 89 32 59 78 72 85 49 25 85 2 23 97 2 7 56 3 70 80 50 41 25 19 70 18 50 43 5 87 95 37 20 21 19 5 43 60 78 51 78 39 65 47 44 100 80 6 53 70 78 78 94
40 68 25 38 85 78 41 6 84 41 17 33 37 91 54 73 84 81 29 91 11 94 75 83 59 15 74 26 73 15 98 26 24 0 61 18 35 1 27 83 77 14 9 28 33 92 4 11 68 34 89 81 77 15 6 94 48 88 99 91 52 30 26 98 84 31 91 16 20 76 79 78 70 51 6 83 23 59 63 6 68 93 100 34 46 43 37 3 41 18 95 27 28 39 81 72 18 10 19 20 69 53
68 51 90 14 48 99 49 52 58 92 81 10 3 11 78 88 62 11 26 47 53 5 83 67 47 27 94 4 75 93 15 87 95 41 2 62 95 66 94 87 23 1 38 0 19 98 75 38 89 24 97 6 19 85 54 66 88 98 80 20 39 44 90 30 45 78 90 84 21 56 57 80 36 44 59 88 73 68 68 81 16 88 81 12 14 68 4 6 99 37 82 32 52 73 78 23 98 60 98 66 56 85
91 25 4 100 87 0 60 61 25 61 1 93 96 61 49 98 12 42 91 51 15 89 56 29 33 52 41 87 56 89 45 48 10 0 1 29 48 88 81 93 82 91 55 78 5 86 72 85 18 9 35 47 65 50 31 87 68 3 65 22 87 79 46 47 43 0 53 68 38 92 45 0 3 75 5 44 35 9 55 4 60 72 88 22 50 20 55 61 23 79 7 67 33 39 62 25 80 64 1 64 9 85
55 84 51 7 43 67 37 52 7 22 99 46 3 59 58 84 85 21 54 2 28 33 23 57 77 54 75 77 58 75 84 82 76 89 42 49 52 95 5 35 99 31 81 63 81 94 71 29 81 13 31 100 21 91 2 92 87 59 89 22 49 12 79 80 8 76 6 85 92 76 39 97 31 56 38 23 30 2 55 17 33 79 30 58 18 47 94 23 1 65 72 99 23 20 93 17 77 43 99 84 83 11
4 21 36 75 94 92 28 99 90 89 84 46 52 96 62 56 3 96 0 100 43 95 61 8 0 43 65 86 75 7 93 7 82 42 100 30 18 5 37 32 38 90 18 75 81 81 96 8 45 95 78 60 18 40 2 83 64 44 37 4 65 90 4 51 77 95 4 5 9 76 24 51 84 33 99 26 72 55 35 85 82 51 38 13 12 58 2 54 41 78 55 17 35 82 2 62 69 50 43 29 67 62
67 84 71 12 2 53 20 63 99 66 66 20 64 24 90 63 48 14 78 91 31 37 27 43 30 87 59 83 35 95 98 41 66 99 85 19 25 48 67 32 57 14 31 70 25 56 25 47 64 85 98 69 45 90 13 71 34 25 34 35 45 77 96 66 15 13 26 72 4 86 53 95 88 32 34 15 5 25 20 59 9 13 57 49 23 87 12 98 50 19 100 77 42 43 31 19 81 96 96 26 20 86
49 27 13 78 24 0 74 92 44 18 92 89 56 20 48 13 87 59 68 80 15 91 69 68 30 31 8 24 26 58 71 67 56 92 17 50 70 74 33 99 85 58 64 29 84 58 84 59 55 5 56 38 66 47 46 98 25 12 26 58 65 36 55 41 2 81 14 29 9 16 53 38 50 92 69 33 30 81 79 25 17 82 42 36 98 20 5 89 15 57 95 17 40 54 63 92 68 51 22 25 12 86
64 30 70 37 68 100 82 95 28 48 2 44 58 96 1 1 9 48 96 52 68 1 65 95 30 93 48 96 3 73 93 47 94 33 97 14 18 99 93 3 80 44 80 12 86 19 3 89 20 37 37 100 72 89 87 42 89 100 4 30 36 83 82 30 91 57 82 96 20 61 64 65 16 10 90 43 33 63 50 28 11 83 6 39 11 79 26 11 18 88 94 86 58 98 74 82 12 74 32 65 50 73
73 37 99 18 69 65 99 97 4 64 45 39 62 88 91 79 91 87 14 20 65 52 67 92 16 27 82 26 58 39 90 84 74 23 76 31 60 74 25 55 70 43 75 44 19 80 45 20 28 1 69 99 21 88 19 5 53 97 39 15 36 76 31 42 30 26 96 61 23 27 64 24 10 64 52 53 46 84 76 48 27 60 63 77 72 6 88 17 55 84 54 31 70 68 75 4 81 36 62 89 36 63
39 8 39 52 82 17 3 69 38 35 66 73 85 97 65 92 95 0 70 55 56 43 0 6 67 58 72 24 65 1 41 3 54 10 29 78 92 42 65 57 26 3 12 77 52 47 97 26 57 71 93 97 3 97 26 11 2 31 50 87 65 29 83 53 80 19 38 74 40 39 51 93 64 77 31 70 89 58 97 28 81 33 81 93 56 59 89 14 33 90 43 78 89 37 76 20 87 61 87 97 56 66
86 74 61 51 50 3 43 77 77 41 33 71 78 77 89 9 34 20 8 11 5 24 82 95 12 96 16 84 22 58 40 64 16 15 55 57 72 79 99 42 57 83 10 54 29 78 92 51 40 88 79 46 42 32 53 28 53 42 0 51 38 57 31 7 74 28 42 59 70 35 98 84 42 77 77 13 83 90 28 67 65 14 97 35 15 7 4 95 18 89 90 54 22 48 16 95 78 60 47 98 70 25
86 63 52 20 17 66 49 97 74 21 16 76 90 58 18 43 99 8 94 38 0 79 70 77 0 54 49 44 77 10 48 59 10 59 48 9 9 27 19 76 59 38 63 63 55 59 25 4 51 74 54 62 44 95 64 13 93 67 34 83 4 49 16 18 48 23 83 46 45 16 57 90 85 15 13 14 90 26 88 20 77 93 15 53 53 45 24 49 17 46 48 19 56 70 82 34 16 80 44 67 51 59
97 97 73 84 29 88 92 88 13 81 14 30 97 38 26 3 75 47 95 56 49 89 79 79 34 3 23 73 5 6 63 68 41 40 49 84 39 79 91 19 36 93 53 31 95 23 72 51 51 35 9 89 97 62 80 14 16 93 87 53 9 96 40 93 21 50 24 50 57 93 3 91 89 29 86 38 35 8 28 50 50 86 7 21 57 6 94 59 83 29 17 56 5 21 67 74 69 50 34 26 98 56
99 35 38 70 87 28 3 2 83 69 93 77 28 25 21 52 20 64 28 7 18 84 35 99 20 82 30 89 61 71 13 10 57 17 85 59 75 94 63 91 4 75 12 63 31 47 44 60 29 74 99 28 75 13 46 35 89 5 12 21 21 29 27 18 92 75 77 23 57 60 60 56 91 86 34 84 37 66 5 3 8 11 48 41 58 90 61 69 71 10 64 48 56 14 64 86 72 70 27 99 24 23
52 76 69 11 54 99 47 79 87 12 52 70 82 71 13 15 82 80 97 3 62 2 90 98 60 25 23 88 27 13 30 36 43 65 1 49 81 25 15 44 51 54 19 59 5 5 15 99 0 42 28 76 17 50 3 59 50 33 35 43 65 35 3 15 94 66 3 22 42 0 84 71 96 34 79 9 58 100 10 33 89 49 66 62 72 99 82 73 15 45 44 33 47 64 43 56 20 37 87 70 44 37
38 91 2 41 70 57 79 22 94 3 37 94 56 16 43 67 48 95 8 100 4 88 46 28 82 54 71 74 74 87 78 67 24 4 5 5 21 67 80 53 26 7 35 4 66 15 55 3 80 20 95 46 42 48 45 64 97 10 77 19 39 66 40 45 48 80 57 26 62 64 53 41 9 55 78 47 49 75 19 5 66 21 12 58 9 21 96 52 32 33 94 47 39 12 10 69 47 83 51 30 77 64
79 85 18 24 55 42 56 14 85 100 34 29 47 94 71 51 92 24 77 28 64 21 21 53 50 8 87 11 90 89 92 28 9 15 98 73 99 51 26 43 74 45 1 72 86 53 53 81 27 28 63 85 57 52 48 53 25 56 11 10 27 67 96 23 68 10 66 72 28 48 33 58 52 22 62 71 39 30 77 35 91 54 71 98 83 52 5 36 82 18 76 3 46 27 21 43 36 7 80 36 23 83
9 39 82 68 79 89 27 80 78 11 67 68 27 91 76 48 59 87 68 35 52 86 90 99 95 92 74 39 15 39 23 20 67 93 36 77 70 91 59 23 1 88 30 25 38 63 28 20 64 24 47 56 72 49 20 68 25 1 65 46 90 9 95 57 45 90 38 78 98 82 70 6 30 26 22 45 28 27 9 81 88 57 25 5 69 27 63 12 82 39 29 81 89 22 77 5 16 47 97 4 13 21
28 23 91 8 22 44 90 2 56 97 5 38 60 52 70 94 73 85 37 35 44 30 76 71 44 1 98 84 77 35 70 96 48 43 96 97 43 76 1 60 14 15 80 74 29 89 85 43 16 20 55 57 29 69 11 53 8 63 0 82 23 0 52 22 73 56 94 24 89 27 32 29 68 22 69 56 27 100 64 25 17 33 3 17 58 13 31 59 7 35 85 95 13 96 94 35 7 28 56 92 96 66
55 11 89 41 63 87 70 7 93 61 92 32 5 37 78 0 72 14 83 59 44 78 0 79 54 36 80 17 84 72 9 29 56 56 22 25 17 0 85 47 64 86 16 34 72 22 62 81 13 16 25 61 7 98 25 9 100 30 76 33 34 53 74 90 66 49 15 58 64 11 83 28 35 31 11 82 50 79 66 20 2 83 39 47 25 46 36 28 23 79 50 51 76 78 62 64 40 31 42 39 42 91
40 32 0 30 0 8 3 85 56 71 65 77 29 90 28 83 24 72 60 56 95 56 26 66 56 87 52 72 1 7 36 54 51 88 19 39 81 30 22 5 31 29 8 27 56 79 94 37 61 70 95 83 70 70 1 44 4 69 88 40 6 12 77 48 83 13 31 53 42 63 23 11 13 90 47 35 3 63 28 28 89 92 46 89 37 14 61 36 36 41 22 79 45 41 69 92 93 51 63 67 100 15
40 87 48 24 32 28 43 36 68 16 100 48 35 42 62 23 75 88 74 53 72 54 92 0 52 31 76 21 45 40 17 46 35 53 90 72 86 82 8 40 2 87 76 75 63 18 32 87 95 38 4 85 38 56 67 30 94 46 77 54 60 79 39 25 68 82 38 34 78 9 40 82 70 71 77 92 85 11 22 28 69 59 62 29 53 12 22 32 37 20 30 33 92 56 87 87 60 83 69 67 92 34
41 54 58 80 2 31 56 71 6 64 27 70 0 94 31 29 12 52 69 28 26 69 63 92 22 87 65 63 14 3 45 77 32 64 18 92 65 100 56 40 30 11 69 99 0 50 70 58 35 2 5 93 17 41 43 60 79 19 59 40 89 95 46 90 89 36 49 95 23 40 86 44 23 27 80 85 34 89 71 54 84 73 62 51 34 78 16 37 25 90 99 69 22 86 100 13 77 19 34 26 4 79
79 2 68 54 85 76 91 40 94 35 92 43 19 36 70 40 60 82 28 68 78 18 27 60 67 20 95 20 86 68 49 67 95 19 68 47 74 67 2 58 50 37 8 6 2 15 35 11 39 21 86 1 20 67 43 87 5 80 18 79 31 73 68 3 6 30 3 77 66 92 52 31 67 52 7 99 35 94 3 65 33 10 32 57 46 80 30 12 59 6 28 55 27 88 19 83 16 78 37 97 6 93
79 32 100 39 26 40 77 66 69 64 21 9 6 68 22 28 69 40 69 9 39 43 71 6 95 80 72 75 99 30 72 84 67 48 71 50 44 20 55 35 35 54 74 45 42 10 56 26 7 97 49 96 98 90 42 41 71 35 12 91 90 72 73 25 15 83 92 77 71 74 71 26 49 53 7 31 68 2 64 89 77 65 41 78 13 44 15 27 4 27 18 47 7 2 93 16 4 79 31 71 5 15
29 28 23 9 88 72 81 43 39 99 80 50 88 84 24 27 18 18 100 80 28 17 10 4 50 11 24 79 88 81 66 30 12 74 64 43 47 83 10 4 91 17 49 77 3 83 87 21 20 95 93 49 65 23 76 11 40 49 30 34 40 59 0 40 37 87 21 59 54 75 56 5 29 80 23 71 88 91 61 78 14 36 51 50 37 98 60 50 85 38 26 41 67 46 56 8 29 77 91 72 97 26
69 57 81 89 56 28 72 17 3 42 40 85 43 55 31 1 5 65 35 89 31 11 96 20 95 15 98 3 75 50 64 50 62 4 36 25 65 90 45 89 70 15 80 61 94 69 51 59 21 93 27 73 68 13 45 96 72 73 0 89 21 18 26 1 31 18 42 80 100 5 14 29 33 61 17 43 31 72 53 0 46 50 90 15 82 84 0 61 34 52 91 5 81 78 2 77 3 19 74 58 16 40
73 98 18 39 66 7 92 74 1 50 81 48 36 36 43 42 49 8 50 46 18 79 93 92 13 11 31 63 2 60 3 58 17 60 71 92 49 37 47 16 91 77 44 16 7 50 16 78 25 75 73 75 80 52 51 53 30 90 8 39 74 62 9 53 80 68 49 80 84 27 82 0 10 55 12 6 18 94 84 0 24 31 61 87 79 78 3 10 18 6 62 45 35 42 84 7 54 92 67 60 43 72
100 98 1 63 30 2 69 13 1 14 22 13 46 5 2 44 31 20 17 10 4 31 32 14 95 71 47 12 31 99 8 73 23 36 3 24 61 4 5 44 59 7 86 40 15 55 48 30 75 83 86 32 75 40 55 2 87 33 21 42 63 31 34 77 97 75 98 44 76 63 84 15 13 37 22 43 8 22 26 88 20 34 59 84 49 78 35 92 71 83 38 61 80 84 93 56 24 71 73 76 10 10
58 7 47 66 49 36 65 32 58 96 5 11 49 61 46 63 3 37 7 87 36 79 5 48 99 81 82 57 74 11 23 95 54 71 71 29 36 93 1 1 42 73 45 72 27 82 46 59 91 13 33 16 41 62 84 73 7 24 21 2 6 83 1 30 89 13 90 6 12 89 18 49 80 93 81 33 52 12 92 41 8 96 11 42 84 16 91 41 92 76 88 72 24 18 45 16 49 37 63 87 20 77
2 5 16 0 11 8 70 7 26 94 26 63 99 51 31 35 40 66 100 68 91 52 40 65 62 28 3 100 12 19 29 67 75 32 1 91 45 20 84 67 9 88 61 65 97 49 83 9 48 47 21 81 91 94 47 65 62 29 82 43 83 63 3 82 1 42 53 81 71 82 33 16 68 55 47 50 96 88 7 17 10 55 53 84 20 38 93 16 93 92 42 13 19 67 31 47 98 55 50 89 12 37
73 58 53 95 3 41 4 44 47 15 17 56 92 41 99 67 90 44 93 6 28 47 19 70 55 16 63 66 36 46 14 55 48 66 29 59 61 28 71 35 86 41 75 15 86 30 97 79 14 82 14 24 34 30 84 99 79 82 59 37 56 42 82 79 96 14 6 5 95 50 93 55 45 50 86 3 37 82 42 42 69 3 50 67 97 28 78 8 65 58 29 8 27 46 41 64 82 83 47 76 1 32
4 78 14 33 57 19 71 2 74 36 25 64 89 71 37 49 22 40 51 89 58 14 17 7 92 64 61 73 55 32 1 9 39 5 32 83 64 25 61 27 30 11 50 57 44 19 13 74 44 54 0 10 18 65 55 49 34 25 45 75 20 20 24 0 67 42 100 71 85 97 9 63 35 93 79 76 54 44 90 20 91 54 93 58 91 61 22 0 91 69 55 10 10 63 12 89 7 75 11 82 68 29
78 33 31 84 24 73 16 0 16 76 61 86 21 1 73 80 67 32 48 20 75 68 51 5 93 29 13 78 53 34 28 64 74 15 88 45 1 100 62 21 25 47 24 66 80 85 41 89 10 13 59 91 8 0 27 60 76 71 67 81 22 3 12 91 29 87 61 88 56 32 19 88 23 55 35 55 16 75 90 40 58 49 27 67 68 46 15 0 95 38 56 51 14 87 97 49 0 9 32 85 19 23
94 64 20 44 18 88 94 96 23 99 23 46 15 79 40 98 19 65 83 60 69 74 12 4 11 33 65 76 81 90 1 84 79 78 95 69 93 75 77 2 82 29 26 66 44 49 9 54 97 18 49 49 40 84 53 24 24 50 84 35 67 15 67 80 17 82 42 48 12 98 30 51 54 46 55 67 93 68 80 60 50 46 80 96 83 98 67 10 12 53 91 42 88 13 80 13 90 34 81 99 95 58
70 35 0 5 37 68 96 76 30 12 56 81 41 14 16 93 28 73 99 10 78 85 2 47 81 69 87 30 92 26 58 63 98 6 64 32 78 100 15 48 35 61 1 84 57 3 21 56 73 100 99 81 91 29 41 66 65 19 91 85 86 63 11 83 44 40 56 75 99 73 78 34 9 96 59 68 66 37 99 84 26 12 90 78 31 57 100 69 15 16 63 100 45 77 92 59 42 39 79 53 53 60
31 64 16 9 11 99 29 23 32 99 57 95 61 52 73 92 64 63 89 95 78 15 6 68 32 3 74 37 60 13 83 36 100 71 87 82 58 72 48 87 87 72 57 28 2 25 69 79 4 68 63 31 17 77 90 39 7 67 31 82 71 44 51 70 36 63 5 95 7 29 10 52 7 94 31 70 69 21 90 15 82 97 16 93 56 36 60 68 8 31 11 15 60 12 91 29 82 66 17 44 58 45
36 53 80 7 11 79 7 37 38 96 92 56 6 90 74 61 31 82 32 88 58 12 26 98 12 69 77 96 61 25 88 67 0 9 34 6 20 65 98 7 73 16 68 24 58 1 50 60 52 65 36 63 38 4 88 86 99 50 38 41 22 11 80 24 23 23 38 55 16 88 97 39 92 23 77 27 50 100 89 0 63 79 79 71 74 59 65 68 40 51 47 54 95 29 3 37 77 81 75 55 36 34
80 62 48 41 41 28 9 23 84 31 20 44 29 89 20 59 26 17 47 20 9 23 29 14 12 79 44 3 62 58 39 98 10 50 100 40 55 96 89 60 25 21 30 53 82 26 97 24 42 83 86 49 95 9 20 28 9 37 47 73 28 91 18 2 93 57 12 48 98 8 81 98 76 68 71 45 95 16 6 41 23 35 58 5 78 29 74 18 26 21 60 46 73 94 24 52 50 16 44 29 63 67
87 30 48 82 42 2 62 44 51 39 65 3 80 86 94 83 55 31 4 71 22 93 78 69 6 13 64 93 14 15 37 70 77 62 66 9 6 27 64 77 42 57 99 79 73 12 41 20 70 22 87 79 66 72 41 87 23 49 31 97 30 15 38 8 83 93 100 21 40 79 77 72 87 8 76 2 6 23 76 62 82 46 87 0 89 62 26 98 94 65 52 49 70 57 27 71 95 10 90 4 16 59
18 32 38 48 8 57 30 41 62 12 24 88 99 22 28 44 79 56 67 35 5 24 32 36 69 72 13 28 82 0 7 42 66 84 1 2 87 81 59 50 84 13 75 69 65 43 47 57 95 6 98 74 67 34 3 82 1 43 68 35 11 90 46 3 30 22 69 94 18 21 55 79 91 81 62 43 18 22 18 10 95 38 55 61 49 80 70 34 16 79 90 21 10 56 6 63 73 4 7 82 35 9
11 45 39 26 3 2 38 3 25 90 88 14 49 31 83 36 18 63 76 13 75 5 77 42 0 75 71 33 79 85 97 79 76 62 26 96 17 51 16 35 41 93 8 84 9 45 66 95 70 99 43 22 78 15 21 58 62 13 43 82 96 32 86 90 58 7 16 20 37 20 4 12 3 49 82 5 4 6 79 20 90 65 22 47 42 34 89 77 77 53 32 37 89 41 96 21 10 19 79 15 57 80
19 70 88 17 41 56 31 38 5 89 91 42 71 79 100 15 100 56 94 12 86 93 12 82 17 40 57 2 60 86 100 12 64 20 56 85 75 13 97 95 76 67 73 80 63 96 36 73 86 19 56 90 74 21 7 42 35 74 1 27 50 87 42 77 95 100 7 24 67 86 73 73 52 97 57 2 96 0 51 77 20 63 39 98 63 54 6 60 25 22 71 70 47 1 13 69 48 72 0 85 72 47
3 72 67 95 19 95 43 84 44 84 13 20 99 55 21 9 81 4 47 79 56 83 79 60 61 63 18 91 59 16 51 31 69 32 10 15 34 0 74 86 55 18 55 92 91 64 93 26 10 17 40 17 18 64 98 38 91 98 92 34 10 10 0 46 17 47 41 32 55 14 3 7 46 84 1 52 83 11 22 49 3 24 41 98 87 14 58 3 24 44 17 80 7 15 42 14 79 62 62 30 71 84
