86 24 27 77 67 55 96 62 97 53 1 93 80 39 60 9 89 96 35 44 15 11 68 44 51 86 96 94 44 97 22 63 29 11 77 47 9 39 46 4 64 6 67 69 2 32 74 7 39 73 19 51 79 2 89 99 75 52 86 52 43 69 68 75 31 97 78 72 12 89 75 57 6 88 62 51 61 96 63 96 22 35 23 28 75 19 15 57 43 25 2 13 100 96 91 38 20 35 3 42 63 0 100 73
74 34 27 7 24 4 58 2 67 70 32 71 47 92 37 33 82 87 27 75 34 28 70 92 40 10 38 83 54 79 49 10 24 29 28 24 40 37 58 1 100 100 15 86 65 34 54 5 18 20 33 11 77 34 76 1 69 25 23 16 34 35 84 64 50 90 56 100 24 66 87 95 24 11 96 78 68 9 15 19 1 85 91 60 94 100 15 17 65 23 70 92 21 63 13 98 87 93 14 60 65 56 74 1
86 40 42 18 27 37 99 42 69 64 44 99 57 21 66 19 45 67 7 42 99 32 97 84 26 99 89 21 81 62 93 29 56 62 49 33 76 17 63 20 10 80 22 89 20 29 59 33 70 95 55 90 55 60 10 93 73 82 19 89 41 29 58 86 38 71 40 53 56 69 55 34 50 64 4 41 26 39 54 20 57 74 11 60 42 0 30 95 3 57 55 44 48 17 67 20 95 30 39 47 99 86 1 57
81 83 31 73 42 1 77 3 95 56 79 94 20 32 60 51 49 20 25 70 13 80 0 17 38 30 35 51 73 28 62 47 80 17 20 90 25 22 7 86 26 89 88 13 91 74 66 26 77 67 92 88 23 95 75 47 14 70 77 99 96 65 35 15 16 70 21 64 72 50 84 97 98 49 48 43 60 74 74 71 81 54 9 16 16 31 23 94 4 4 4 96 93 3 25 80 37 35 25 6 76 53 23 52
99 81 5 80 13 27 9 25 82 20 94 38 8 59 79 34 66 84 20 58 81 17 54 63 25 53 50 55 29 37 87 59 100 3 86 53 36 76 86 38 97 37 97 8 2 13 32 93 55 42 11 43 42 66 19 73 79 0 93 20 76 11 19 60 87 52 25 77 14 96 84 21 41 88 23 51 84 89 40 20 15 81 56 0 19 66 43 92 20 6 94 30 74 98 28 69 10 32 76 60 47 80 55 14
5 79 73 90 35 53 95 37 84 16 65 1 51 47 36 15 97 56 52 21 21 61 11 33 48 68 60 68 17 24 10 57 3 57 69 40 28 46 62 8 34 62 41 17 27 18 44 29 45 31 64 1 16 71 12 96 9 5 34 25 19 77 58 43 19 64 58 67 93 78 74 90 92 67 7 45 72 43 81 58 42 95 88 70 13 68 9 22 39 57 14 95 19 23 0 83 60 29 96 22 10 36 32 32
60 88 67 52 38 47 14 72 90 55 26 67 82 98 60 28 38 45 59 67 10 24 88 41 69 19 87 2 44 43 62 24 70 27 11 85 19 80 65 99 36 15 56 36 13 25 57 42 100 69 27 12 97 76 16 35 0 81 18 18 6 90 72 68 21 2 0 19 9 68 98 89 62 65 40 3 99 71 40 17 60 88 85 31 93 21 16 83 14 85 2 74 37 7 28 45 63 51 14 92 66 28 46 39
81 63 10 47 94 19 31 16 78 20 95 86 81 67 79 78 89 0 31 48 51 72 37 76 16 99 50 32 6 34 47 67 13 18 46 5 71 43 24 52 81 15 35 12 54 42 57 37 38 99 74 84 91 25 17 25 59 31 47 78 34 90 39 5 40 76 46 24 67 74 67 26 67 72 20 10 27 15 96 63 86 13 11 8 33 30 94 17 84 31 35 98 6 42 45 67 62 75 92 47 85 44 58 8
77 82 93 49 47 22 83 1 58 35 74 34 36 21 51 24 38 42 26 45 94 9 51 9 16 62 89 3 10 61 62 93 86 6 13 88 81 38 82 68 19 65 82 48 69 50 79 22 20 66 72 98 99 27 22 42 66 38 6 61 83 80 22 52 36 39 35 5 92 7 86 10 12 1 38 24 43 30 24 29 75 45 76 46 60 6 36 68 98 85 72 100 26 51 9 12 88 8 35 69 32 43 84 15
17 85 69 59 93 57 52 76 74 93 26 77 100 83 16 21 36 69 89 74 14 30 58 31 82 30 36 55 1 97 100 30 79 8 40 20 8 28 12 88 22 53 92 22 25 53 83 24 89 91 49 66 38 34 47 86 72 36 21 84 100 74 3 2 62 89 95 3 73 31 75 47 19 40 64 7 49 22 11 33 44 43 40 19 79 56 87 34 1 85 53 68 12 44 89 72 14 76 45 93 24 96 88 52
68 97 100 78 85 98 54 44 19 49 59 20 23 61 19 17 22 72 76 28 97 70 21 44 72 74 7 75 6 47 2 39 49 37 19 10 25 75 71 83 5 4 83 41 85 8 57 16 12 41 11 48 31 27 22 45 83 66 80 90 67 41 68 39 86 16 2 15 42 80 21 38 59 36 17 75 4 26 44 10 51 3 23 52 93 41 64 15 47 39 91 77 3 23 66 13 49 36 81 90 44 74 81 97
81 78 35 91 72 54 93 90 45 54 77 48 71 51 9 100 30 77 63 83 15 79 26 14 90 28 22 20 13 16 48 96 32 96 87 4 76 52 27 31 28 65 48 19 39 31 75 40 95 77 34 59 94 11 51 43 86 18 99 86 37 73 44 98 38 51 100 36 90 14 47 64 100 15 6 100 91 75 89 98 70 82 86 98 19 63 27 27 51 99 9 0 30 25 74 43 57 86 6 85 64 59 74 33
3 38 67 21 58 62 21 64 34 35 53 91 91 100 3 79 99 32 32 77 65 34 19 83 45 91 20 98 87 28 64 40 5 53 89 63 32 51 0 94 45 48 2 95 71 64 97 5 6 60 42 29 84 92 16 7 64 19 73 85 35 61 78 70 54 95 75 9 41 9 93 58 21 79 16 90 68 22 53 42 90 89 88 31 37 23 63 39 32 50 41 55 59 67 46 10 91 98 89 97 79 77 36 48
97 60 47 88 25 61 73 33 40 85 74 31 19 62 2 9 80 79 73 79 49 94 36 69 65 27 52 89 91 94 76 63 45 89 43 77 85 7 73 47 40 8 18 91 2 59 47 89 60 82 17 4 99 42 36 61 6 17 25 1 16 12 61 88 83 58 96 28 69 15 11 37 66 57 97 48 54 84 55 16 63 14 59 0 59 88 34 11 94 34 78 39 38 1 20 22 25 89 60 54 21 16 36 69
99 33 30 17 24 48 44 78 23 45 61 70 29 12 70 89 85 4 79 36 7 60 86 92 32 49 57 33 62 59 5 66 90 15 26 43 78 41 0 95 42 95 18 68 89 49 20 2 79 5 29 43 68 58 49 92 22 47 92 54 0 49 3 3 48 77 100 94 65 61 94 18 31 74 13 49 25 84 84 70 74 84 87 54 48 78 74 50 24 61 79 5 15 99 81 77 86 56 73 63 38 20 89 38
18 23 9 83 81 73 10 82 65 99 24 63 33 10 77 67 20 88 76 42 28 94 49 56 9 68 90 97 96 53 99 71 65 37 42 33 26 51 85 92 66 91 21 35 3 93 41 88 95 41 67 6 97 60 51 63 48 30 12 25 75 72 61 14 78 11 63 2 9 65 14 0 2 52 82 46 10 92 40 81 18 97 61 21 23 51 51 86 92 89 18 19 34 14 61 94 37 65 77 46 22 39 97 63
16 3 37 18 99 51 57 75 2 28 92 17 31 78 23 16 66 48 68 31 59 42 36 74 65 51 96 83 52 52 46 71 32 85 86 45 47 10 51 23 75 38 70 25 87 12 44 45 99 20 82 30 59 77 47 36 15 75 88 54 10 76 3 29 45 90 53 18 86 66 56 100 26 44 95 85 34 4 61 55 30 20 90 21 72 11 17 88 21 5 30 57 94 73 21 19 48 75 46 73 14 38 0 8
76 3 81 77 30 90 59 4 14 16 41 46 97 68 80 76 3 82 93 38 53 89 64 91 59 76 81 81 23 15 41 37 44 14 18 95 69 82 71 74 71 93 66 16 38 5 50 76 43 86 94 49 5 13 3 76 90 59 3 71 44 60 10 71 84 15 47 69 23 94 91 91 90 69 98 54 88 58 93 72 72 91 91 4 5 93 49 32 33 18 35 70 78 97 46 51 50 86 97 84 79 57 73 73
98 54 61 44 74 21 26 8 75 96 97 15 83 58 65 18 90 90 6 85 75 80 84 90 28 79 22 8 50 14 14 41 84 9 88 29 8 15 96 73 34 50 55 6 75 46 66 30 62 33 6 3 67 24 82 35 51 58 33 11 100 56 27 28 29 76 98 32 51 96 46 75 9 78 75 19 46 28 15 46 5 25 69 3 51 5 97 32 5 33 41 52 9 0 0 50 15 25 5 86 84 59 2 36
12 63 73 22 87 68 75 7 65 47 14 10 60 34 35 49 69 8 26 97 59 51 28 99 31 84 45 84 19 6 40 42 74 17 60 78 48 43 11 23 72 64 3 67 17 32 25 90 30 6 11 99 39 20 95 96 75 43 21 10 13 17 29 38 9 3 5 87 34 27 47 17 66 21 24 28 73 56 92 91 74 15 92 29 30 27 24 0 34 23 40 58 97 34 78 85 55 36 73 16 0 20 3 46
32 48 17 59 61 47 40 97 89 80 37 13 28 97 58 81 78 2 72 18 69 40 67 89 14 67 32 39 91 24 88 40 7 80 44 44 47 2 41 1 28 77 57 59 94 51 99 65 87 90 42 42 7 1 23 62 81 63 44 4 98 58 45 62 44 61 65 62 27 43 73 32 24 66 56 94 57 89 25 18 31 1 91 48 40 26 13 48 34 100 73 11 37 69 71 36 9 12 77 9 81 74 21 22
42 18 95 19 69 8 2 71 3 94 31 23 60 28 51 2 42 89 82 19 19 15 2 92 57 25 28 75 100 91 43 66 35 70 27 44 1 19 65 94 88 86 31 18 39 31 71 57 66 8 50 6 92 74 79 89 94 76 24 5 33 86 66 32 64 20 18 41 19 13 98 64 10 6 40 47 60 77 72 33 7 54 40 98 63 92 28 40 15 4 84 13 1 56 28 25 89 59 18 2 98 58 1 63
67 46 0 100 56 55 100 55 62 30 26 38 55 47 93 93 70 71 38 9 56 26 13 68 48 11 65 31 67 22 55 67 21 66 49 80 95 17 24 57 94 27 15 63 93 79 61 46 98 79 41 28 32 31 89 78 99 60 78 49 95 38 1 10 14 45 16 13 49 18 35 18 97 42 93 90 33 28 61 17 80 69 51 85 16 18 60 17 37 43 32 8 78 37 37 68 38 86 10 90 60 16 97 77
67 44 16 25 46 95 46 4 20 56 93 42 89 7 3 55 65 66 35 71 64 17 94 46 48 44 50 9 65 83 12 51 5 32 97 30 43 6 17 36 56 33 2 81 62 41 31 83 22 28 14 63 65 99 42 64 8 100 48 36 47 96 66 90 27 30 53 79 58 83 59 46 87 20 64 63 39 31 27 15 13 6 33 98 53 89 8 65 33 24 87 73 55 23 80 75 7 47 40 61 85 70 21 55
36 23 37 63 14 61 19 74 30 2 42 55 80 58 27 38 88 17 8 22 22 63 87 76 54 84 13 48 63 89 84 8 24 23 21 7 89 30 61 31 80 49 23 71 1 9 58 24 14 32 79 59 19 26 13 89 66 11 17 13 97 88 87 30 57 56 90 9 25 33 91 42 35 27 66 78 17 60 40 59 30 57 13 7 6 70 75 45 88 44 78 78 56 23 65 42 100 24 35 17 40 65 87 10
61 33 70 2 50 76 37 19 52 92 63 19 49 79 87 72 91 43 79 22 0 41 77 67 52 83 45 26 86 95 52 92 7 96 13 5 52 22 0 82 44 27 7 15 73 18 64 26 27 90 34 76 95 10 47 59 27 16 55 25 87 60 2 37 37 60 96 80 75 25 69 31 6 33 66 71 64 43 40 40 85 11 59 71 50 21 16 30 80 63 50 61 25 65 96 57 51 15 51 91 12 92 63 86
70 55 82 83 19 24 37 36 98 49 27 44 9 100 99 80 91 79 87 28 62 83 24 77 26 3 40 70 86 97 99 49 87 3 47 76 63 19 42 25 42 20 5 26 16 80 32 87 33 23 49 59 21 60 62 87 35 55 54 43 72 44 76 40 46 99 0 85 18 49 75 75 54 66 86 15 91 100 29 71 50 11 46 25 75 42 54 59 55 73 92 14 25 5 16 15 65 93 74 84 76 98 14 43
30 93 37 67 55 58 38 5 72 68 54 26 79 61 86 7 21 65 96 85 76 10 71 64 97 43 91 24 3 68 27 60 18 33 22 2 90 78 24 98 52 7 33 70 73 16 56 49 53 57 89 47 75 35 60 13 26 13 23 88 59 63 73 76 14 89 44 22 99 45 45 22 73 41 94 30 5 56 52 49 16 43 19 76 40 98 98 88 14 4 67 86 57 39 100 46 40 1 17 44 72 93 41 23
57 30 8 15 75 70 17 46 57 31 91 4 4 14 43 92 82 0 60 98 45 38 62 56 10 4 22 69 11 4 39 10 85 60 94 42 91 13 16 14 80 31 27 68 33 83 49 97 82 63 28 78 100 35 61 80 99 95 85 50 87 8 56 77 8 87 48 42 15 32 3 16 82 40 10 86 49 77 24 4 12 41 32 41 15 16 59 76 83 86 29 40 44 4 79 98 91 70 2 84 89 89 6 34
39 34 80 39 56 93 85 65 62 16 52 23 70 99 67 94 8 76 25 88 74 84 63 89 56 64 24 54 21 62 97 55 4 48 47 28 27 80 97 92 88 24 81 1 83 55 38 67 16 42 12 11 82 63 72 3 88 12 6 11 54 48 27 42 83 31 47 44 47 81 32 79 45 86 34 2 46 95 91 97 20 96 76 44 71 42 4 9 27 42 88 96 51 62 66 68 25 96 51 47 92 95 65 39
85 19 36 47 85 49 95 0 42 50 49 37 33 59 98 20 11 71 8 19 65 95 86 9 95 14 30 100 73 10 37 3 77 68 86 95 29 45 11 97 37 33 21 36 73 22 45 30 19 42 95 7 97 54 41 23 59 1 78 71 94 7 80 75 9 9 34 50 96 81 31 37 1 79 90 96 46 72 63 79 34 19 12 37 60 9 79 26 14 62 89 69 51 80 44 88 39 0 39 72 100 62 91 78
28 34 32 32 73 34 37 100 26 96 86 79 88 28 37 20 8 50 54 24 44 27 86 47 6 56 61 57 49 53 6 17 70 95 47 29 68 52 15 73 36 12 85 70 27 22 36 75 27 44 2 7 41 43 17 1 12 21 64 50 87 68 68 81 3 71 33 95 37 28 74 24 50 71 99 44 73 5 92 99 0 21 64 52 57 78 27 82 87 58 25 25 61 95 40 36 88 34 2 42 39 57 66 33
42 8 24 82 4 51 94 79 76 90 22 50 72 19 71 64 16 15 23 50 14 6 36 37 78 88 92 96 80 99 93 17 10 0 12 26 38 92 2 55 73 11 4 91 0 2 92 39 34 3 18 68 71 73 64 0 23 72 48 22 40 44 16 88 94 44 52 11 54 88 20 80 76 65 26 87 11 33 71 51 86 76 9 25 49 64 67 35 49 90 50 0 100 53 27 21 95 3 28 31 66 72 18 57
22 44 8 43 99 48 56 69 70 49 31 39 36 47 10 75 75 83 14 89 58 58 43 83 12 24 46 100 81 6 89 34 88 8 57 9 8 98 55 71 0 52 45 41 71 85 62 40 5 4 28 98 15 36 43 66 35 43 63 56 5 48 86 87 55 56 61 44 84 47 23 42 1 72 54 12 40 40 61 88 43 12 63 53 57 83 78 67 12 35 90 99 18 30 94 85 12 41 98 66 16 22 29 6
76 56 78 92 87 48 57 43 34 77 52 65 22 24 42 3 62 31 70 58 15 70 38 62 93 67 36 18 93 21 17 54 62 93 48 19 59 5 84 36 86 34 81 50 70 68 46 2 53 85 26 18 37 11 60 70 85 54 97 92 91 83 38 86 28 71 5 34 53 66 51 53 56 6 86 78 75 83 78 55 4 40 84 14 34 56 21 69 8 18 96 97 33 70 77 53 95 18 8 35 60 48 99 66
22 80 81 7 49 14 94 13 19 21 41 65 52 57 88 53 15 95 36 16 12 96 84 40 66 88 93 9 52 29 93 71 89 41 76 16 42 8 43 39 51 96 55 33 62 60 29 89 85 84 44 56 94 52 98 38 19 54 26 7 58 97 61 83 21 22 30 86 34 10 6 4 40 83 15 27 61 40 48 13 13 40 47 32 9 88 13 20 89 10 1 14 49 91 22 75 29 43 97 10 66 15 48 51
47 40 12 39 46 43 48 32 67 90 63 6 53 96 63 83 30 8 11 17 14 72 16 76 92 62 40 41 100 41 53 39 54 88 80 59 13 100 10 72 15 7 59 34 94 65 91 77 68 67 12 41 89 91 93 57 73 98 13 11 84 56 61 53 17 85 64 93 8 87 69 3 97 82 74 81 50 77 84 53 40 25 51 31 45 90 87 32 53 43 64 62 39 87 32 24 4 96 81 92 99 15 11 16
65 58 30 97 100 74 38 13 42 5 63 77 99 53 48 30 30 85 60 94 32 40 23 97 72 40 8 49 95 86 5 42 60 61 36 84 72 97 17 71 32 25 26 54 78 0 38 9 20 33 78 16 84 46 50 63 62 83 24 13 15 16 49 81 71 60 28 41 81 80 65 62 86 91 79 69 11 7 76 51 92 49 61 46 51 1 52 89 81 80 100 98 38 81 18 12 19 22 92 52 96 89 41 28
75 51 74 74 53 58 1 64 28 87 85 45 86 27 3 98 34 0 41 81 7 74 57 22 33 83 65 19 68 32 5 92 53 10 41 73 59 27 65 92 42 56 78 29 23 67 67 39 7 21 17 77 35 49 35 81 28 65 15 66 44 70 71 36 100 87 74 26 94 37 94 57 94 51 90 67 66 44 17 57 83 49 50 81 55 100 98 9 89 17 35 78 50 96 25 48 29 52 44 90 35 54 28 30
48 28 73 85 93 15 96 79 13 82 51 8 73 65 54 23 98 97 29 20 1 65 10 55 72 96 54 19 6 44 48 56 70 91 7 59 3 47 89 45 11 18 100 67 65 25 63 74 12 76 11 48 80 96 37 37 55 99 97 56 19 35 5 42 28 68 66 23 15 81 2 15 84 61 85 78 69 3 62 51 51 59 80 47 58 53 62 45 97 29 25 85 60 27 17 70 88 88 89 0 49 53 86 42
75 66 2 91 38 19 73 26 74 83 45 89 22 70 58 70 10 87 71 1 77 85 76 51 81 25 42 78 58 70 50 72 9 54 12 94 11 11 22 79 51 22 27 81 27 52 13 6 23 58 54 15 14 99 60 55 34 21 22 71 75 70 51 57 9 32 50 88 71 18 67 96 2 57 36 75 93 19 55 51 57 1 66 10 58 64 72 45 15 95 18 21 77 3 96 20 79 23 25 61 7 12 52 98
11 42 37 3 63 52 72 71 59 2 34 72 32 26 27 67 92 98 85 27 28 87 72 8 72 45 3 70 58 99 69 88 35 0 49 45 42 14 65 54 80 78 18 2 48 35 1 46 88 55 0 83 20 81 70 20 15 47 0 49 19 27 23 10 15 22 52 51 20 78 1 40 14 82 60 27 90 94 8 12 23 88 86 99 80 48 32 95 24 97 7 80 58 62 36 89 24 90 12 79 80 69 2 80
88 89 12 33 54 69 76 32 37 48 49 72 0 87 32 90 70 46 68 55 59 89 65 1 13 2 83 48 90 92 98 28 47 66 62 72 17 49 58 23 81 98 12 34 46 75 55 36 9 97 31 1 56 56 69 89 64 66 11 92 92 37 42 16 94 20 27 11 45 47 10 25 84 38 32 30 57 60 51 76 89 65 33 33 60 30 38 78 95 29 100 50 16 14 31 38 55 39 58 56 7 34 7 4
59 41 79 53 0 19 21 63 50 89 23 7 94 17 26 24 96 19 23 17 50 77 78 78 82 25 65 69 12 78 10 66 76 67 37 47 33 100 16 76 59 34 1 0 29 16 2 77 13 55 49 60 38 60 6 64 36 27 31 89 59 81 66 64 15 98 24 86 34 43 65 62 53 55 87 97 53 22 6 73 71 33 84 93 12 68 27 48 24 61 93 46 64 57 8 30 35 0 12 97 47 89 87 86
97 78 76 12 63 65 25 79 12 41 36 26 34 98 25 1 16 4 11 24 57 99 79 91 56 28 34 36 80 48 12 93 36 8 6 27 32 39 63 77 81 51 77 73 94 52 21 89 16 27 50 24 42 37 69 34 27 60 4 98 40 20 35 95 63 22 74 76 5 49 45 2 61 97 40 23 53 19 60 73 75 28 1 68 9 29 33 25 65 10 42 74 83 80 93 70 64 86 49 46 18 13 45 21
95 24 83 19 27 22 58 88 0 11 55 36 91 70 88 59 27 61 17 8 81 62 12 17 42 85 34 35 24 99 33 33 38 93 7 92 91 39 22 75 83 88 36 61 39 16 90 96 61 11 58 3 62 65 53 66 55 19 28 99 73 11 36 47 96 57 58 21 19 23 43 78 1 54 70 47 44 47 92 37 74 59 22 99 18 56 58 39 43 56 95 57 83 13 21 69 90 48 26 1 63 27 0 68
61 77 89 95 0 82 18 79 68 13 15 85 10 55 15 13 96 63 28 61 44 25 66 74 81 86 52 7 92 25 48 34 96 21 8 19 77 24 30 5 28 47 59 50 37 96 34 51 89 37 100 34 51 76 8 61 30 23 62 97 85 36 42 23 61 16 42 27 31 93 76 62 69 30 26 90 63 12 72 89 55 58 35 94 61 9 73 60 1 34 42 4 9 69 60 95 72 70 45 19 3 21 38 2
35 63 15 70 85 9 50 45 82 4 16 80 70 24 83 87 17 71 68 22 96 38 55 53 1 78 49 50 35 69 37 41 45 72 15 44 11 48 81 99 48 45 99 100 90 82 32 21 2 43 18 7 1 90 50 72 46 50 84 84 13 92 16 68 26 25 40 16 74 74 18 59 92 81 55 81 75 62 24 53 64 62 59 88 5 84 29 7 66 90 82 18 50 18 55 16 55 50 89 48 57 16 66 57
19 98 90 100 56 80 16 49 26 43 78 89 11 96 26 20 13 3 19 34 20 42 80 69 82 52 34 60 56 0 44 60 23 48 13 3 28 28 78 63 69 2 33 3 56 8 30 59 56 31 74 33 44 9 87 17 50 63 26 1 6 14 33 97 53 12 11 26 18 12 45 23 46 87 28 71 90 0 13 23 37 51 44 90 11 85 8 25 2 21 9 12 49 85 46 84 60 60 89 93 29 59 18 13
60 69 55 96 44 35 100 66 63 8 81 37 43 44 76 58 62 90 0 36 7 0 96 89 24 23 16 34 23 62 91 45 31 58 25 11 44 56 89 60 32 64 15 87 10 88 40 67 44 29 92 50 60 58 61 22 99 19 25 42 15 23 56 1 39 23 15 100 41 84 53 63 26 74 31 90 50 83 16 7 11 47 31 48 49 16 88 77 14 45 8 55 97 71 62 22 57 27 17 19 98 74 92 30
0 5 28 38 51 87 58 79 87 3 54 72 0 24 56 86 53 42 96 64 97 40 91 19 70 55 87 55 84 40 28 98 72 63 56 84 92 35 52 78 44 83 91 9 26 14 9 16 26 53 100 50 33 23 64 29 34 42 29 86 5 95 1 53 51 15 40 44 43 76 69 22 42 87 4 22 26 73 69 13 2 34 17 75 75 62 32 48 71 27 40 34 23 29 34 29 39 88 85 30 12 40 20 62
97 87 13 84 5 57 61 71 81 8 4 49 0 41 88 93 38 32 46 9 55 21 57 54 75 7 38 1 57 6 46 28 9 73 4 55 46 31 38 63 90 22 23 27 17 50 25 82 14 43 97 69 16 5 79 72 74 39 88 6 36 82 60 96 96 87 19 86 66 80 76 55 33 15 17 14 57 52 91 51 13 96 79 78 88 75 80 19 96 50 79 34 65 99 43 92 30 3 46 85 1 20 2 67
94 9 51 6 90 34 28 39 52 58 33 67 23 64 88 76 7 53 53 84 53 95 79 3 67 10 42 77 42 53 58 19 40 39 38 46 91 11 36 20 80 28 53 24 27 86 65 39 17 72 74 54 38 23 33 31 84 86 26 33 42 2 59 66 1 83 61 9 21 16 44 9 75 56 33 17 6 21 70 76 28 56 77 45 79 72 33 37 20 16 44 55 15 64 92 74 74 72 41 15 42 60 5 3
28 72 14 98 85 0 91 86 68 10 61 36 18 84 70 16 59 71 9 18 72 97 59 37 40 26 67 97 39 73 67 42 52 4 60 1 49 36 35 12 0 86 25 7 46 73 58 7 89 46 55 25 46 23 96 90 93 37 23 2 99 87 20 35 49 82 71 16 95 0 50 2 31 43 26 19 75 83 29 16 58 49 21 69 83 53 20 66 38 73 42 93 18 41 31 94 96 35 31 53 86 21 96 85
74 21 73 8 18 9 53 62 16 77 72 9 6 40 77 19 48 12 63 28 49 37 59 23 90 5 64 30 15 22 48 78 18 64 68 4 7 81 71 67 1 31 57 44 2 23 22 25 84 17 22 0 21 33 2 24 24 17 27 7 48 90 62 61 17 31 34 46 24 93 28 41 56 49 86 54 16 71 39 18 35 85 95 27 40 94 56 80 5 84 19 86 86 89 55 4 90 61 52 61 80 12 77 20
21 70 87 75 73 37 26 29 14 63 26 18 20 52 87 87 71 94 96 16 33 0 34 55 18 27 77 53 48 55 21 0 19 40 4 83 41 97 78 22 55 73 48 53 52 9 47 69 98 89 51 29 42 22 66 50 27 48 16 78 79 61 48 71 72 20 21 70 46 83 42 44 0 0 80 49 29 1 0 39 15 76 85 10 98 74 44 72 37 27 70 38 28 58 76 71 39 16 26 28 64 37 94 31
84 48 64 39 56 74 76 67 91 70 51 50 3 16 77 92 26 49 17 3 50 18 91 84 89 99 99 62 94 21 38 67 100 81 52 36 19 16 90 95 28 63 42 25 48 66 88 6 44 74 83 36 62 35 11 80 98 3 7 69 47 4 3 58 84 85 15 80 93 85 37 61 29 95 23 56 46 63 58 80 79 19 36 23 98 50 85 34 79 1 59 62 18 6 92 90 5 48 95 54 63 32 67 82
80 71 61 14 40 56 86 58 69 4 97 10 72 52 82 26 25 73 20 72 1 55 89 65 70 52 49 16 98 79 72 14 78 36 30 10 32 76 69 85 89 2 5 31 46 10 15 12 98 49 45 95 9 34 5 95 38 65 28 29 33 87 57 11 36 86 5 62 78 46 88 12 35 91 92 20 66 67 3 56 54 33 85 22 94 17 64 94 81 41 89 53 37 65 87 68 11 72 68 74 48 46 9 5
88 83 53 32 67 93 51 97 25 51 30 23 71 49 49 34 62 39 45 99 0 29 35 13 20 61 96 26 18 31 77 60 5 55 21 11 70 95 47 15 63 26 78 14 59 21 55 62 69 27 48 25 1 5 4 45 18 60 53 16 69 10 1 72 55 18 62 16 30 18 17 89 62 43 76 16 94 80 73 83 46 32 22 69 59 24 18 71 36 12 86 94 14 89 66 100 74 60 93 85 34 21 74 87
73 7 47 86 44 74 31 69 31 40 6 19 73 63 42 31 85 2 98 100 55 87 33 37 14 32 46 45 10 89 0 69 30 4 42 90 27 75 96 37 6 3 34 49 75 96 94 58 65 84 73 50 42 28 73 86 99 13 71 65 80 90 56 22 93 41 38 22 67 78 20 41 87 11 4 80 22 63 17 78 17 50 28 56 84 24 73 7 0 80 2 36 52 14 30 84 58 86 99 7 84 49 64 97
53 86 100 43 56 53 60 40 48 51 4 56 61 89 45 44 96 20 40 72 76 90 70 25 41 63 66 29 15 33 96 75 40 10 28 80 54 16 71 69 84 21 34 51 2 98 58 33 83 29 74 67 85 17 93 42 87 73 32 24 9 73 59 93 18 16 29 78 97 36 8 43 25 23 17 70 6 62 42 45 26 0 67 23 87 70 37 60 42 38 48 79 91 26 19 77 60 11 82 58 67 26 82 77
97 79 23 79 79 21 75 8 72 62 34 1 36 37 5 70 39 2 75 47 56 75 83 83 50 5 37 10 15 0 65 48 3 70 52 100 62 3 61 56 6 56 90 47 65 34 35 16 100 35 63 60 34 0 26 60 60 77 24 94 66 13 68 98 23 9 50 38 82 51 95 67 76 2 36 44 50 18 29 79 50 97 46 65 80 35 27 92 87 10 16 22 2 37 54 76 50 97 3 81 6 24 48 13
75 64 20 63 93 61 84 45 60 32 69 29 82 89 68 24 61 75 81 14 12 3 14 52 80 83 36 23 62 33 2 42 63 77 83 59 6 56 65 44 24 64 85 17 40 97 94 64 25 41 1 8 78 19 53 78 58 93 9 62 89 67 86 37 43 44 53 39 48 85 96 1 56 21 81 81 99 21 5 75 26 26 30 85 1 98 47 79 59 68 23 58 8 32 8 12 14 75 75 88 43 93 40 57
11 33 24 31 93 93 57 23 8 86 94 54 89 41 21 13 84 53 13 23 68 18 97 79 56 31 52 32 88 37 93 33 83 95 57 27 26 74 57 57 6 89 44 33 14 71 43 79 17 40 34 12 47 65 35 45 69 38 40 87 15 43 55 37 49 100 56 51 87 1 89 26 1 29 94 69 54 73 44 4 43 6 36 93 82 9 61 84 96 24 85 27 66 80 9 71 1 58 72 59 3 62 33 96
96 64 20 37 49 46 86 34 90 16 49 38 65 27 6 95 66 29 67 94 31 65 10 69 12 12 0 59 10 67 92 23 69 38 76 28 48 68 70 87 21 97 12 0 86 52 95 84 88 89 88 10 26 55 80 84 54 62 4 48 11 46 45 27 59 30 91 14 32 29 92 62 27 67 71 42 7 18 39 9 25 5 11 75 65 20 43 99 95 44 48 27 19 57 49 80 35 97 33 7 48 0 28 15
60 16 8 44 38 74 87 49 12 66 64 43 8 48 35 90 41 52 38 20 8 68 25 94 69 50 75 25 84 82 91 19 96 42 19 50 23 27 21 47 18 19 86 16 30 25 21 8 61 0 70 54 18 81 94 5 42 49 66 96 49 96 14 93 22 8 45 77 63 90 20 33 78 7 59 91 84 75 6 24 93 42 23 44 58 100 80 60 99 78 81 81 14 86 59 86 14 7 18 16 43 100 89 64
40 94 77 45 95 19 47 83 2 33 49 60 46 98 75 19 9 28 58 77 74 32 22 64 59 96 98 18 5 55 60 45 23 57 46 59 23 53 76 37 57 82 14 35 30 9 2 12 70 33 100 61 5 21 74 21 90 97 10 46 8 75 4 10 11 50 40 79 57 60 71 72 96 20 25 86 44 25 75 83 15 95 66 61 0 14 56 76 27 10 53 7 19 68 52 10 29 6 52 83 36 28 7 98
16 32 20 19 28 67 50 82 95 92 92 39 52 61 20 22 75 35 36 57 94 25 51 17 0 25 100 3 65 81 70 27 52 49 57 70 16 9 14 44 92 68 75 41 14 80 53 99 23 32 68 41 22 41 74 37 62 80 91 78 18 45 100 73 63 88 77 68 16 87 20 96 31 60 61 2 37 0 93 86 37 7 5 32 96 63 31 32 7 28 59 75 80 0 78 77 7 30 67 6 83 83 93 79
40 48 61 8 9 81 36 4 66 95 45 66 6 52 78 39 41 32 40 64 59 11 44 4 48 49 27 25 80 67 43 20 77 20 35 96 56 96 41 75 39 4 50 24 57 19 41 60 91 59 37 43 34 96 48 64 86 65 65 14 3 89 56 74 40 20 95 3 21 88 49 49 31 7 40 84 87 27 90 36 91 55 98 12 87 38 37 18 84 1 46 35 56 15 53 64 50 10 0 78 90 98 87 23
90 89 58 78 37 26 64 92 21 97 89 73 0 28 0 9 64 24 77 77 53 88 11 92 67 73 83 63 4 27 62 67 85 4 61 72 25 10 48 52 59 94 49 97 56 74 5 73 6 8 42 5 8 12 57 8 88 34 69 50 92 72 22 40 100 46 33 40 53 16 13 96 37 21 92 17 42 12 6 64 82 69 63 88 28 56 61 9 41 99 92 34 79 12 80 10 4 49 63 55 68 2 66 79
60 14 55 94 51 17 32 92 12 84 67 100 39 58 51 8 76 79 20 31 24 58 86 63 38 10 64 81 95 64 85 70 57 40 43 50 55 17 34 56 14 92 52 60 22 62 7 23 10 88 12 55 10 39 84 42 96 62 84 81 32 34 69 62 40 50 68 81 89 7 73 43 53 44 84 0 66 24 28 45 37 90 92 63 92 19 94 26 5 24 65 27 43 64 18 14 78 64 71 44 86 25 4 31
23 46 84 85 12 81 29 97 58 14 87 85 55 88 76 79 3 59 32 94 6 97 57 38 90 80 90 54 16 98 22 56 94 60 75 20 70 77 69 61 48 93 63 75 92 57 91 52 17 100 92 31 42 13 8 24 91 6 4 97 67 24 29 87 82 31 38 25 50 90 94 23 27 73 60 34 91 89 68 14 66 7 39 85 66 23 45 89 7 5 31 16 76 20 12 72 42 8 65 30 37 62 66 26
97 81 66 15 10 37 43 81 31 74 76 100 52 34 0 28 73 5 87 64 48 67 56 19 0 18 93 26 92 72 62 92 46 95 30 26 25 8 5 14 88 36 93 16 81 72 45 31 38 19 23 12 78 40 26 68 44 94 72 98 32 60 75 79 47 6 58 73 96 11 32 46 25 43 10 23 76 75 94 44 88 94 96 75 31 66 91 54 14 6 12 33 79 73 100 47 92 88 93 73 7 74 46 37
78 90 75 68 62 77 7 68 88 78 4 33 58 68 74 88 8 2 58 87 86 50 54 85 73 28 62 20 32 4 38 53 9 87 74 11 31 0 52 9 79 70 89 60 68 52 91 24 59 92 77 31 69 62 14 50 71 69 67 17 80 14 83 42 88 97 14 52 50 54 97 15 32 73 97 47 78 32 31 72 89 14 10 33 59 46 96 90 21 39 33 76 82 70 65 49 71 39 72 39 11 65 46 10
59 82 36 88 84 55 80 13 91 15 72 41 10 66 73 29 24 89 51 64 53 27 54 12 82 90 63 88 46 44 78 40 93 28 75 77 71 95 90 21 41 50 65 91 44 48 61 53 11 20 13 16 6 92 60 8 1 71 10 66 76 93 79 7 47 72 13 7 23 0 84 80 66 56 23 8 50 77 22 80 58 59 86 36 99 93 86 94 26 81 64 83 83 51 47 33 99 92 34 96 49 12 75 43
16 63 82 97 42 45 11 57 2 39 41 92 0 64 51 9 15 45 6 86 9 78 79 61 34 34 39 13 3 33 53 22 68 28 64 18 63 44 70 32 78 16 18 27 58 54 94 69 18 86 36 65 81 36 73 59 14 22 43 51 73 55 69 0 31 56 32 6 30 36 81 74 39 60 1 32 29 63 62 65 88 63 81 18 68 48 28 63 51 12 77 76 56 96 12 97 18 91 35 43 92 82 23 53
54 99 95 64 17 38 85 58 32 49 65 67 78 40 72 83 54 53 39 13 52 54 59 78 21 73 77 24 95 42 48 67 31 37 80 65 90 47 84 92 60 59 41 46 67 24 84 5 100 15 23 76 37 32 24 68 2 20 43 73 58 42 91 20 69 58 18 33 41 34 95 63 68 72 75 40 36 46 77 77 58 72 7 21 38 15 17 26 53 37 53 13 96 21 60 71 11 50 16 55 49 23 57 83
29 98 76 21 11 61 64 43 42 43 57 23 92 12 99 83 63 93 34 9 44 93 80 79 51 94 89 12 18 99 30 56 73 33 11 19 14 46 69 97 12 86 0 8 83 44 43 38 57 92 4 54 100 38 67 7 28 69 17 52 87 5 85 46 35 93 33 83 81 29 97 60 20 73 4 36 48 78 2 45 5 73 22 38 87 37 18 26 4 43 99 88 66 41 38 50 41 4 14 100 0 70 88 50
3 89 52 18 85 89 56 20 4 76 6 9 61 94 88 73 84 97 56 53 73 43 78 23 31 36 35 41 27 77 56 53 88 79 88 24 57 36 44 59 56 98 18 96 38 93 90 45 3 41 90 21 80 43 76 42 83 69 64 80 0 38 1 85 54 35 30 29 3 38 69 40 19 11 54 92 54 68 36 64 87 77 21 45 53 25 23 70 38 33 28 65 43 49 14 12 42 99 52 89 48 30 53 30
17 31 35 72 55 72 63 5 70 7 32 37 43 43 24 16 86 12 88 18 1 31 3 47 27 96 51 66 99 47 28 14 65 84 72 30 96 10 17 74 63 7 0 53 92 2 34 13 42 80 45 45 95 79 44 46 3 24 98 39 47 8 44 41 19 74 31 83 85 80 97 99 32 98 71 97 81 8 92 24 47 71 59 75 80 57 80 11 75 5 38 16 93 12 10 3 36 14 96 77 91 74 99 61
33 43 89 81 19 54 42 81 93 68 54 24 32 48 3 56 41 48 48 53 96 72 9 34 68 65 97 44 84 43 21 38 79 25 38 1 10 85 24 59 27 66 77 44 16 40 69 64 84 2 5 25 13 82 49 1 43 13 26 82 45 41 17 88 97 53 78 80 97 28 72 99 33 39 26 68 68 71 81 45 1 8 10 95 59 83 18 23 81 27 41 81 10 59 28 26 3 90 81 64 13 11 13 16
84 11 99 17 19 67 60 30 60 56 7 70 98 37 20 40 33 91 47 28 15 23 66 1 12 35 6 36 99 66 84 11 71 55 93 48 12 7 38 33 22 55 54 5 44 26 1 35 8 42 34 8 34 92 3 47 47 95 66 73 70 29 37 100 50 95 29 72 20 1 38 34 96 85 91 72 21 70 9 5 3 14 32 75 89 46 67 81 59 78 25 96 34 65 2 33 64 33 9 91 1 86 60 18
78 80 54 72 39 6 92 68 18 4 39 91 3 63 38 4 90 77 59 92 3 84 91 64 1 75 68 100 26 86 16 66 84 67 96 64 29 67 29 23 70 63 5 89 79 89 97 53 91 56 85 84 57 56 46 73 25 92 38 99 25 56 95 14 53 33 81 24 77 50 32 59 71 95 36 55 42 16 7 13 17 13 49 56 85 81 67 43 2 34 88 76 65 12 7 75 75 95 18 35 75 32 65 96
45 17 62 62 40 47 2 72 100 39 11 43 6 30 84 99 53 87 48 76 6 79 96 3 93 83 95 68 99 63 10 7 66 66 68 29 22 86 30 92 98 43 25 73 74 23 85 59 99 13 70 80 21 35 20 53 85 15 96 21 34 19 59 28 69 37 43 44 77 65 56 75 16 44 79 55 45 4 64 79 72 52 17 49 37 82 9 75 75 82 68 96 74 75 33 70 60 87 72 97 72 82 71 29
26 10 55 20 55 2 70 99 66 29 89 84 36 4 2 67 10 36 99 94 21 73 51 30 18 65 70 88 69 34 43 58 69 10 4 35 97 68 13 49 70 84 54 14 62 8 10 55 21 46 71 94 2 61 64 27 31 28 100 36 56 77 59 92 26 60 56 99 99 11 11 51 30 6 12 27 37 44 27 99 32 34 50 44 64 90 34 51 33 89 48 24 68 66 17 100 84 31 32 57 84 78 93 88
86 45 9 2 96 6 29 12 58 82 68 100 36 10 44 99 97 32 55 26 70 79 87 38 26 64 28 14 52 1 4 67 69 11 49 74 33 57 15 92 84 77 70 76 63 11 23 83 67 96 18 81 28 80 50 73 84 13 56 94 10 26 53 77 90 96 99 84 92 95 18 71 70 45 15 78 91 54 3 52 20 28 62 1 100 18 65 63 78 77 15 77 98 58 28 77 95 3 14 52 81 59 64 12
60 89 11 14 96 38 85 15 56 5 97 49 65 63 59 87 4 100 62 5 51 76 88 12 87 18 53 74 56 50 87 54 62 53 34 94 1 42 14 73 81 63 32 19 84 9 97 29 11 37 72 35 52 27 49 58 25 99 78 62 64 78 17 30 49 5 76 37 53 6 1 59 4 97 51 42 89 57 31 53 32 55 62 14 56 100 40 65 48 16 6 94 78 31 55 5 23 4 10 8 0 81 59 45
59 7 4 10 60 22 70 28 48 9 36 52 22 92 50 56 80 80 98 77 67 78 76 69 21 86 53 100 100 30 39 59 9 23 93 12 35 5 79 20 4 22 53 74 11 73 77 87 36 74 7 90 81 1 95 62 62 66 47 61 55 6 63 83 78 85 28 53 90 17 86 40 66 48 49 8 93 93 11 81 28 17 49 39 11 4 41 70 16 85 68 94 80 44 37 18 9 17 65 27 56 46 91 83
17 13 7 67 60 7 88 32 40 34 57 85 66 43 99 86 74 68 30 71 10 46 54 56 78 60 55 64 81 6 32 30 28 40 56 24 8 59 70 37 87 52 62 8 98 6 46 94 95 80 38 63 30 17 60 50 3 70 75 99 55 50 64 0 50 57 72 64 75 86 88 91 50 86 65 80 61 18 89 51 79 66 36 42 76 33 30 40 88 94 29 19 76 60 52 43 63 58 98 61 45 73 80 62
73 83 21 19 64 6 34 30 89 21 9 55 22 21 18 48 8 37 37 88 31 87 28 82 72 78 66 42 35 35 82 35 96 7 77 24 66 26 63 26 86 14 27 78 67 18 13 41 28 54 25 32 62 81 31 72 12 79 89 99 57 87 28 45 53 79 5 40 33 35 87 67 2 70 68 83 4 81 44 10 19 68 83 39 69 10 35 87 78 77 74 78 50 37 21 47 83 37 51 57 91 70 17 100
86 23 82 93 30 51 55 59 35 7 16 60 12 4 89 16 56 64 75 61 78 100 31 95 22 72 52 74 67 1 100 22 86 62 39 9 62 93 44 63 65 100 94 67 61 82 55 48 2 5 9 34 66 10 85 7 9 26 87 54 2 0 37 51 88 32 49 97 100 0 10 63 58 40 75 37 62 51 99 51 93 7 19 59 64 26 93 72 58 14 58 47 86 54 93 24 80 88 43 6 35 69 56 84
13 41 10 93 65 97 18 33 26 74 49 99 100 77 58 82 32 65 65 93 67 30 41 36 96 57 83 22 74 78 81 9 41 0 1 24 7 15 75 24 67 87 19 48 12 1 97 6 32 60 75 57 67 59 100 21 60 60 56 82 54 15 62 94 71 74 72 26 13 92 38 39 100 43 54 17 19 93 31 97 0 80 55 5 97 90 1 94 27 1 26 65 53 47 55 90 50 66 42 7 54 21 71 30
55 92 91 49 33 0 4 53 14 69 48 26 85 93 7 3 81 47 31 88 50 93 21 22 36 79 3 38 84 98 48 46 5 41 5 35 67 47 20 26 0 9 59 73 28 37 43 76 14 39 11 53 51 45 13 6 25 20 91 49 64 5 77 96 35 21 72 36 54 34 73 49 45 13 28 34 1 96 68 45 90 26 8 75 57 23 45 39 25 12 49 60 24 75 97 79 20 39 30 14 21 64 31 87
59 54 92 70 19 81 80 20 21 53 5 77 6 98 64 54 54 66 62 23 33 5 40 26 22 84 90 66 45 42 82 63 61 8 80 52 96 55 50 52 39 46 28 55 25 52 87 74 18 26 3 43 97 93 5 24 64 83 2 3 51 50 24 72 53 84 91 70 75 63 37 65 98 8 49 81 75 22 89 99 86 88 91 97 70 83 48 16 64 2 30 31 24 16 48 38 50 35 100 72 71 75 65 86
19 8 6 2 99 61 27 37 5 65 34 70 10 34 87 91 40 62 72 34 71 74 17 72 55 47 4 64 45 89 82 89 44 14 82 40 67 92 70 24 80 60 78 80 23 67 100 50 56 42 83 85 62 36 2 76 43 22 83 14 64 30 27 58 8 86 30 54 95 50 93 45 34 34 95 78 27 23 58 27 45 56 23 56 49 94 80 43 56 78 51 4 40 57 93 80 13 92 15 69 32 23 6 60
3 24 62 1 82 31 81 32 93 23 29 85 69 14 78 90 10 64 29 18 25 47 13 57 68 87 59 89 57 80 99 100 39 63 63 49 62 47 58 37 40 34 4 23 85 2 68 52 37 5 61 72 74 92 62 54 77 85 9 17 44 42 53 31 13 66 70 16 28 5 28 67 4 7 27 64 82 90 81 62 94 72 53 28 25 95 88 88 27 62 61 44 78 64 68 16 61 76 71 22 95 35 12 25
35 77 100 63 27 82 28 40 49 49 7 9 14 4 83 100 84 2 29 54 86 99 29 67 37 56 32 54 87 24 53 17 8 29 56 41 75 69 64 61 93 23 23 90 15 32 23 71 96 33 22 73 26 17 81 82 39 69 53 84 69 24 97 5 12 29 48 33 57 27 6 75 86 87 100 88 33 17 5 67 87 94 39 23 20 99 57 98 61 82 8 96 80 94 27 81 40 30 66 97 10 44 94 24
100 52 67 19 16 70 36 27 44 33 76 92 94 28 2 57 68 12 58 22 92 68 28 21 23 98 84 34 28 15 72 23 53 84 64 89 51 1 52 35 78 64 12 58 58 40 33 50 0 62 74 47 38 51 42 67 36 59 23 77 98 30 27 58 77 31 76 86 50 33 18 39 10 73 96 83 25 98 47 11 72 72 74 1 81 79 42 8 29 58 58 64 95 79 20 1 16 82 75 59 29 65 5 91
85 23 64 76 15 94 19 41 84 16 13 90 44 24 9 66 28 50 29 67 68 52 51 92 34 5 73 1 2 19 22 61 27 68 75 64 56 37 75 19 44 82 28 80 37 70 39 13 76 43 21 20 5 25 25 11 22 67 79 89 35 91 19 4 56 94 21 28 93 44 68 75 73 21 17 53 12 36 72 15 29 81 85 91 22 1 91 67 25 28 98 28 10 73 52 47 99 29 97 21 78 19 83 93
15 32 19 24 64 26 41 54 100 17 47 45 49 93 20 5 27 41 55 5 60 29 64 45 90 65 36 64 55 28 91 1 9 37 72 30 99 99 62 99 86 4 10 81 67 27 49 3 22 2 68 66 24 44 73 81 82 4 67 99 82 4 71 6 32 60 8 54 2 90 47 23 100 41 15 6 11 36 34 19 43 94 80 89 93 48 44 3 5 100 71 3 100 20 34 85 99 20 81 96 6 79 27 45
10 16 42 24 52 93 46 77 51 14 32 64 30 0 60 68 95 10 60 87 59 23 11 27 7 89 49 74 12 46 4 94 36 14 80 49 44 66 74 92 15 33 74 39 42 11 71 33 62 74 62 74 64 6 30 50 98 88 91 100 36 78 24 21 35 98 94 93 44 92 7 89 64 86 59 97 82 37 60 50 99 99 93 83 87 31 36 83 68 96 36 80 55 15 76 59 81 34 21 48 62 79 65 67
42 37 42 30 100 70 11 21 28 6 16 11 25 30 86 31 58 34 3 46 67 84 90 36 88 97 92 92 92 81 14 37 60 10 31 85 80 38 51 25 55 14 85 93 85 14 48 58 50 7 36 78 12 27 7 88 97 1 93 91 16 56 13 21 27 76 85 55 39 28 46 42 73 20 26 87 84 86 23 81 96 39 98 29 26 75 71 27 34 29 68 94 25 40 28 42 8 54 45 20 48 97 60 75
10 84 80 12 37 94 11 76 42 24 29 49 48 66 57 54 3 11 23 29 79 76 44 68 47 53 85 51 6 50 9 15 49 62 2 41 62 75 43 44 0 72 97 95 36 20 3 33 69 24 46 99 96 21 77 31 99 49 74 71 28 88 43 14 7 87 43 20 66 98 29 52 87 82 91 48 14 69 81 95 84 56 39 1 64 70 2 33 39 70 65 5 78 61 15 18 42 49 73 23 80 41 66 50
34 43 37 4 58 9 0 95 34 37 7 25 70 1 84 82 8 98 6 93 28 89 42 30 38 91 67 86 13 82 88 55 77 22 85 98 87 53 94 71 31 94 39 26 40 29 55 27 40 25 64 65 64 45 4 34 4 13 26 86 82 33 75 78 95 59 81 0 69 42 29 82 48 28 63 67 37 45 89 17 15 86 99 22 72 69 20 37 43 88 43 58 45 55 60 52 22 85 100 20 19 30 70 24
