36 8 93 6 3 84 37 89 7 22 80 20 98 52 39 56 8 68 15 58 51 78 22 42 66 18 61 55 35 47 29 31 20 75 67 46 94 41 34 94 58 64 52 68 28 76 36 76 27 0 4 74 98 34 43 2 34 12 66 20 18 89 47 41 81 93 96 79 41 47 25 78 72 65 4 56 84 46 24 24 58 15 75 78 64 85 94 94 30 1 30 19 85 76 38 87 32 54 52 70 12 54 31 27
23 39 71 16 73 92 55 77 83 67 13 21 24 66 40 79 15 80 19 63 28 71 18 72 44 76 93 61 86 47 83 88 49 81 71 53 3 31 91 45 15 76 26 34 76 92 57 10 26 50 33 3 35 46 71 30 23 33 30 12 77 81 85 33 47 78 71 47 99 55 30 7 83 57 77 95 3 21 82 63 37 19 39 4 60 48 99 44 84 64 73 53 58 60 26 88 86 96 33 71 33 20 29 47
8 3 3 98 46 88 69 100 6 74 99 63 29 4 29 100 6 69 13 27 88 29 17 7 100 26 1 93 12 21 28 86 23 93 99 87 36 62 54 15 21 98 19 29 71 30 47 73 45 57 56 81 64 83 84 85 20 41 69 35 25 12 18 60 26 53 35 37 44 43 42 71 84 64 96 39 42 50 48 10 18 23 12 2 70 41 3 99 29 23 41 95 62 50 86 68 1 58 27 73 86 33 17 16
36 58 84 74 23 49 28 7 2 20 64 40 24 73 58 71 38 61 18 60 62 47 76 99 36 7 60 49 37 71 39 35 67 55 4 90 96 76 47 23 46 7 17 96 64 47 5 17 65 91 45 89 90 61 82 61 77 48 35 52 100 87 52 27 72 69 66 0 60 73 86 99 2 21 4 39 5 74 19 13 50 14 54 23 16 97 73 40 60 71 85 93 92 65 42 4 42 69 25 71 33 97 57 72
47 78 66 36 32 86 51 36 10 20 51 35 99 79 95 25 99 41 23 7 44 1 51 47 34 16 96 63 47 13 79 76 64 92 97 77 97 8 55 76 29 20 48 82 11 82 64 41 37 35 73 90 77 23 16 28 26 86 97 75 76 96 99 78 44 9 75 90 34 35 26 52 81 68 53 85 18 4 65 41 76 74 67 61 30 71 74 95 51 29 57 6 79 51 52 50 62 62 53 27 11 26 6 88
94 80 48 18 83 85 15 64 56 21 56 35 95 99 54 91 55 50 11 100 38 82 17 85 25 63 62 40 44 96 1 70 49 35 81 26 19 15 44 72 71 85 55 19 63 82 1 15 75 100 54 36 42 99 54 89 93 72 91 92 90 35 72 78 20 83 69 23 0 76 46 11 5 25 1 17 36 13 13 35 5 30 15 85 41 90 79 11 57 98 57 8 15 28 86 50 4 98 72 55 4 15 20 84
76 63 77 37 99 70 65 56 80 57 55 97 5 71 86 32 24 76 32 29 6 12 79 71 43 56 2 64 55 89 70 61 43 37 51 90 49 66 12 80 69 51 82 12 15 84 82 53 34 79 52 94 58 21 73 47 17 8 99 78 99 87 87 90 42 73 45 33 58 79 64 58 11 67 72 38 12 58 79 63 68 35 84 59 84 9 6 9 76 68 86 61 20 60 18 93 13 59 56 69 22 1 23 33
33 33 71 45 100 25 41 17 63 0 92 92 20 43 86 64 98 26 7 58 86 48 15 82 72 35 45 76 77 86 90 11 67 52 63 25 27 19 75 70 77 61 71 87 7 92 76 93 46 47 8 54 1 63 64 40 29 57 0 73 81 62 8 7 34 6 92 7 37 0 32 89 62 67 60 84 78 33 36 99 7 88 91 96 25 83 81 30 62 24 88 78 47 18 40 54 11 20 6 14 44 27 94 84
89 94 77 43 16 33 64 49 37 17 50 78 52 62 46 58 36 100 36 78 18 27 79 86 24 7 13 29 5 56 55 22 62 46 2 50 83 25 31 82 94 24 69 49 28 58 99 15 85 83 46 34 12 65 88 95 64 0 84 1 39 70 86 87 40 79 89 32 62 55 18 96 3 77 34 68 11 97 96 35 76 22 49 27 65 29 10 0 35 82 24 90 65 22 39 1 41 48 89 73 20 30 70 53
14 38 27 100 63 72 62 57 33 74 64 6 65 32 47 28 58 42 9 15 63 61 30 73 86 90 73 37 74 37 94 7 99 71 38 8 3 13 27 12 29 17 65 49 48 86 52 98 58 50 1 20 15 34 78 49 0 20 12 3 38 81 28 28 6 73 89 66 19 6 20 24 45 40 4 96 95 77 27 23 18 18 2 66 80 2 3 38 90 31 99 71 22 11 35 89 5 75 95 76 10 20 13 71
42 54 50 88 55 21 6 23 26 9 33 8 41 38 59 94 66 78 55 87 15 57 11 17 2 70 49 30 42 14 40 26 0 41 39 71 0 69 44 25 47 58 26 39 11 11 32 18 16 7 72 57 92 91 1 56 77 70 32 88 97 72 72 56 32 17 34 48 55 51 85 28 60 51 98 41 57 35 73 20 2 78 39 0 75 100 47 44 52 34 41 11 67 40 78 44 10 10 20 74 55 50 75 33
41 20 26 87 40 22 38 53 26 0 92 51 48 15 55 40 42 85 14 73 94 96 95 84 7 96 1 35 71 59 48 70 93 79 84 12 28 100 25 20 79 60 8 10 11 19 50 17 81 89 74 87 48 27 74 71 98 48 97 2 49 46 18 100 31 70 92 98 29 16 60 77 59 11 49 67 100 58 0 94 32 89 25 0 29 97 42 39 92 86 15 44 93 77 75 44 0 83 28 72 54 33 79 71
96 25 3 63 10 56 18 69 29 8 43 96 39 33 90 63 74 64 1 0 12 39 68 80 65 41 90 59 92 49 44 10 7 95 16 79 59 36 70 38 72 97 54 79 54 94 5 59 15 24 86 87 93 24 64 80 49 24 48 71 37 27 34 76 52 9 98 25 3 70 21 22 6 14 45 23 27 42 37 5 34 48 67 30 10 39 83 51 71 95 93 96 64 89 17 86 28 38 58 18 11 1 7 1
82 89 5 26 90 92 88 13 78 46 86 100 53 82 52 59 10 100 76 48 55 47 88 54 28 66 100 28 34 15 8 65 18 78 71 98 54 8 30 98 94 11 99 30 41 45 87 61 82 95 2 14 2 38 31 6 67 85 70 1 75 61 84 17 62 81 100 76 26 31 55 0 13 85 42 94 86 92 11 7 52 61 67 13 9 93 95 26 19 32 98 69 32 82 45 30 91 66 82 27 68 91 60 91
100 85 17 34 77 8 68 31 70 34 87 39 5 52 84 81 84 19 47 28 89 99 5 53 87 34 4 83 11 0 14 76 24 57 53 41 21 86 29 4 80 75 67 7 53 59 66 72 52 17 99 46 6 43 79 42 64 54 53 34 52 88 2 61 85 21 75 9 29 59 72 34 57 4 85 4 40 73 85 56 49 61 60 99 9 37 96 68 87 41 33 64 88 89 61 38 47 85 49 10 0 83 2 76
29 68 43 15 14 98 72 47 1 39 60 77 95 33 0 24 79 1 56 30 85 12 25 98 61 100 73 35 58 30 19 27 72 44 8 18 80 18 14 28 32 90 47 42 28 34 92 74 8 12 30 50 38 81 82 56 14 37 76 10 3 60 34 6 43 71 16 87 92 20 59 53 25 35 51 2 70 2 88 41 73 46 53 99 92 43 16 2 34 31 55 21 90 9 72 52 78 49 55 96 97 52 55 57
41 47 61 26 41 79 25 90 30 100 46 31 34 55 11 6 18 65 46 72 81 62 59 72 47 25 49 4 56 79 0 54 2 82 72 13 22 41 59 10 91 10 63 46 9 66 92 7 54 79 42 65 51 20 97 92 58 20 15 71 40 59 4 74 34 1 56 28 34 80 68 47 67 25 28 22 56 6 33 5 47 55 43 56 8 2 65 96 42 41 33 39 36 70 84 95 25 4 88 15 8 8 45 95
35 78 26 10 31 29 66 75 80 38 24 84 61 31 22 42 39 55 96 70 64 5 81 62 81 25 84 16 82 5 81 43 37 94 12 83 14 78 35 24 89 80 59 65 34 98 63 17 46 89 9 31 40 66 61 60 48 67 93 98 82 78 92 37 12 36 28 90 7 60 82 2 19 35 33 25 89 67 44 12 26 25 34 66 69 54 48 4 32 46 67 38 32 100 44 79 60 2 23 15 59 5 29 73
69 91 73 11 3 67 69 64 14 57 44 17 54 33 79 55 80 41 41 71 17 89 15 99 9 25 38 67 30 52 8 72 69 7 36 71 38 27 22 40 98 64 25 91 38 53 21 78 62 1 34 36 74 92 6 97 36 84 39 48 88 51 80 88 3 51 100 41 48 75 92 82 63 98 97 25 65 35 59 53 26 15 72 94 68 20 36 68 56 58 1 61 92 61 64 21 21 54 71 58 53 54 29 86
31 80 47 1 25 76 40 37 53 27 31 76 99 23 4 24 0 39 13 72 56 3 29 63 0 38 17 20 65 63 44 4 63 80 8 79 2 4 31 39 90 35 39 32 27 100 94 10 29 65 31 60 71 7 46 0 47 2 93 6 83 9 0 49 69 52 88 16 70 50 7 28 63 61 86 49 4 45 77 84 37 44 91 77 51 80 23 31 19 87 30 18 4 70 16 75 50 52 44 19 71 46 82 29
67 74 62 20 1 50 28 80 87 4 2 8 29 6 71 87 93 63 27 39 97 4 68 45 55 2 41 16 82 91 33 5 89 6 76 85 83 3 54 79 35 0 91 82 19 69 3 51 20 42 83 86 5 57 87 71 86 83 47 25 15 52 75 100 5 85 75 62 61 24 8 72 38 39 73 50 34 43 49 35 82 45 61 43 69 31 35 15 83 60 88 96 5 64 39 40 81 27 39 44 60 66 49 26
12 52 9 8 27 68 91 42 89 64 83 34 38 39 60 48 18 45 24 40 5 50 34 30 89 87 99 23 75 64 45 52 46 33 85 10 2 14 28 81 92 64 14 16 13 17 51 34 66 43 14 75 22 27 87 88 19 78 20 53 95 37 15 92 68 53 70 33 69 83 43 44 44 89 97 77 98 93 10 98 0 41 79 99 64 85 11 65 54 32 18 13 42 54 0 30 26 39 76 23 32 45 16 39
32 49 18 40 90 56 74 30 20 40 41 25 98 43 85 10 88 68 86 59 74 21 9 44 94 41 30 71 72 57 31 21 73 44 22 75 28 23 88 90 98 46 24 0 73 97 15 95 100 83 32 79 17 0 21 85 74 14 22 74 80 53 21 50 87 22 28 51 46 28 22 87 8 38 52 65 100 88 85 1 25 50 25 67 48 45 75 10 1 66 85 66 7 16 1 35 0 98 35 84 15 18 71 12
42 24 5 62 91 87 64 94 88 91 3 48 61 47 85 26 34 28 11 38 17 26 49 25 62 60 17 73 35 6 60 14 41 37 21 81 25 39 52 90 28 54 74 37 90 19 37 70 66 19 32 81 6 26 78 40 84 71 41 0 7 16 35 30 96 88 67 34 41 82 45 71 2 43 24 14 6 18 72 99 23 71 83 76 66 60 67 8 35 0 48 83 97 76 81 16 72 80 49 90 36 32 10 40
56 0 37 37 31 34 51 53 6 35 38 22 11 43 33 52 35 94 42 72 12 32 18 58 21 60 94 5 42 0 0 41 79 49 86 53 82 10 69 2 2 4 82 30 56 70 73 82 6 39 16 26 65 82 100 73 19 12 88 98 50 40 23 19 75 25 43 83 35 57 44 58 86 51 72 53 79 94 64 99 16 17 27 16 14 58 64 79 28 89 25 6 1 14 77 14 88 19 25 42 16 100 23 2
34 98 35 63 91 94 53 46 11 41 93 90 76 75 63 38 81 100 72 75 93 24 94 35 48 46 88 14 89 43 63 52 88 98 45 12 11 25 1 30 60 66 18 47 18 16 68 75 47 77 85 50 61 71 100 3 42 29 86 61 72 96 38 49 21 44 94 47 41 59 0 83 99 39 97 18 55 77 5 45 31 81 91 20 88 6 80 26 18 100 96 89 15 55 55 24 91 46 28 97 59 47 8 73
77 3 45 78 79 25 41 3 24 76 2 77 14 91 55 96 39 20 89 12 74 36 90 20 99 89 63 32 30 13 31 92 3 56 48 86 49 42 38 64 43 30 65 77 0 33 96 43 11 76 4 62 73 52 57 74 85 20 43 1 36 10 66 92 41 57 64 90 27 49 65 67 62 16 59 44 9 69 55 22 85 53 91 11 73 87 91 9 22 27 67 94 22 91 41 81 36 77 70 46 64 63 33 72
99 63 93 74 74 91 49 56 7 50 7 42 42 86 96 59 88 2 95 15 49 84 18 94 54 0 59 73 68 2 100 7 16 94 24 78 66 60 3 76 41 3 56 79 40 34 89 69 86 40 20 33 62 98 86 38 60 54 5 45 59 82 22 42 15 46 34 44 8 78 54 52 52 15 76 38 86 26 37 98 73 28 12 49 46 93 84 40 88 81 61 8 93 59 56 48 68 84 25 51 49 60 91 7
19 86 27 87 68 58 15 65 27 36 60 55 66 78 29 80 12 73 23 16 39 55 36 38 74 24 24 70 74 51 45 41 23 90 14 15 7 57 97 31 43 57 53 30 35 27 20 45 73 46 74 11 58 79 51 76 10 76 12 46 49 47 16 63 19 49 57 63 19 26 12 46 49 83 99 59 92 15 82 71 65 0 68 95 91 31 11 64 25 37 19 31 23 21 30 6 8 57 69 45 51 38 6 75
49 57 89 3 55 12 8 96 75 32 28 71 54 58 88 33 98 73 23 35 91 32 1 20 66 74 37 6 45 82 82 77 75 97 83 47 62 20 22 29 22 86 99 90 21 13 63 50 44 52 74 85 30 7 5 14 90 34 61 85 17 8 85 50 93 5 88 40 35 7 21 98 71 89 33 11 57 68 20 92 8 69 44 17 42 75 35 18 47 31 46 22 39 71 14 43 15 65 77 16 82 21 13 100
71 99 8 9 86 61 99 27 9 7 97 63 70 92 97 99 18 65 54 12 47 36 15 53 89 81 99 20 42 68 95 80 28 31 41 74 17 49 84 76 9 20 19 64 17 9 70 41 20 64 23 74 29 5 67 34 80 18 76 86 88 85 26 51 87 64 73 40 82 95 70 97 8 100 66 33 36 90 36 66 4 79 69 4 87 77 83 32 87 31 5 4 47 99 5 59 40 11 96 87 0 96 22 17
33 90 74 59 25 38 6 61 10 30 18 84 62 9 5 93 97 52 99 82 77 91 64 95 56 5 29 88 99 39 53 9 67 5 12 18 30 93 16 96 86 9 5 37 96 99 45 49 25 42 49 60 16 68 71 31 78 86 41 52 85 12 0 78 40 94 39 67 82 10 57 76 35 72 1 16 69 52 89 90 40 83 72 23 37 4 89 4 92 96 3 93 98 61 36 36 81 43 76 0 82 69 34 21
19 9 74 73 8 79 29 20 20 9 7 77 68 36 31 38 3 28 62 26 75 4 47 5 56 81 21 71 71 11 82 60 99 48 0 83 98 62 86 30 6 94 49 12 69 34 67 78 68 58 94 21 49 22 74 23 79 51 68 13 11 44 48 40 28 27 73 19 26 82 77 40 27 67 53 36 55 100 91 66 87 13 72 45 93 23 83 60 98 38 28 46 57 14 23 24 89 95 56 20 73 38 60 18
42 94 31 46 50 10 87 31 51 52 33 66 97 68 24 4 21 11 42 3 26 67 60 58 94 15 75 15 62 49 35 42 63 58 95 41 6 12 1 28 99 56 53 41 7 64 60 60 56 0 70 34 29 69 88 74 82 71 48 71 94 31 69 57 30 34 62 50 99 47 10 41 74 36 72 76 14 95 40 60 99 56 60 65 68 68 69 68 44 82 56 73 54 49 19 17 5 91 56 4 7 7 59 63
12 79 26 80 25 69 91 92 45 84 22 28 2 75 37 22 32 99 85 32 91 97 76 52 39 81 74 33 42 32 65 41 74 74 14 87 7 22 67 11 29 43 79 83 77 44 50 69 85 19 82 62 35 31 8 1 62 44 36 9 9 71 4 37 83 10 93 24 35 35 65 34 7 43 31 46 35 33 3 23 22 70 89 100 21 72 86 85 24 89 98 37 21 13 65 45 11 54 41 2 6 99 39 34
92 91 44 31 19 25 57 45 26 90 22 80 60 47 68 4 15 76 60 22 39 91 98 98 84 3 72 34 28 76 10 98 92 44 25 22 84 39 36 65 1 77 17 35 24 32 25 21 86 9 23 8 80 85 48 12 2 11 63 72 54 43 64 5 91 72 56 62 18 50 46 22 85 77 3 24 58 92 1 86 48 24 60 87 20 30 36 27 42 99 36 5 10 72 79 91 70 84 96 50 78 38 55 58
63 67 21 46 41 44 42 47 73 13 63 96 48 41 60 44 86 13 58 85 51 95 62 16 17 6 59 2 1 13 100 86 40 59 8 23 38 71 92 84 53 54 21 58 5 94 82 49 11 40 69 58 91 45 28 46 36 80 96 2 8 56 6 73 25 79 41 24 94 95 49 76 38 2 66 96 41 25 34 34 40 20 36 81 86 64 26 70 77 2 14 99 22 82 54 78 59 72 91 11 51 67 63 81
69 62 85 60 83 14 74 47 77 35 96 7 28 70 32 78 13 61 0 12 44 38 4 12 70 95 40 15 29 85 6 49 13 82 42 10 34 97 37 40 52 7 95 94 88 57 64 61 8 55 23 57 25 82 81 19 16 21 98 48 2 53 29 17 77 73 51 63 54 96 83 36 80 31 21 60 7 46 7 4 17 21 86 4 39 9 66 94 39 14 8 10 73 69 67 59 40 63 39 35 63 88 43 31
55 84 68 75 74 79 31 13 98 52 96 49 24 81 36 66 5 85 24 69 76 66 34 81 89 25 37 35 71 77 38 67 18 22 95 78 53 20 91 10 4 55 53 92 66 37 6 51 35 81 72 0 36 2 41 26 81 6 100 93 55 50 20 71 46 31 71 93 45 96 60 23 8 89 49 92 77 42 54 67 95 82 16 88 20 18 68 22 38 94 23 86 7 64 10 11 65 30 15 37 39 8 81 1
89 35 92 85 22 86 53 79 49 70 30 70 52 97 49 77 60 80 44 80 45 34 39 47 32 60 75 26 72 39 99 98 76 55 82 11 62 37 85 35 37 80 32 35 11 55 10 44 36 56 49 77 15 51 9 72 21 10 100 44 50 18 21 88 91 63 22 81 22 80 3 53 25 15 8 59 23 41 71 29 51 35 64 26 4 47 71 96 13 52 4 90 46 21 22 36 58 47 51 37 25 65 76 65
30 35 22 78 2 88 46 46 73 67 57 50 97 73 84 37 75 3 65 40 11 2 8 96 100 94 74 45 10 27 53 4 0 17 39 0 20 0 79 61 46 86 93 20 65 15 95 31 84 19 38 84 91 65 66 16 7 32 41 12 82 68 99 65 47 44 80 89 27 31 44 71 19 72 71 38 56 54 78 76 76 29 36 0 46 51 85 41 88 63 42 95 84 39 95 8 96 68 84 76 93 14 16 81
8 24 43 84 61 2 39 64 29 86 35 94 47 25 98 28 6 49 5 35 71 7 98 44 72 97 25 61 0 10 49 15 98 34 50 11 28 85 67 25 54 12 3 19 24 39 75 94 7 35 52 10 26 8 8 94 99 43 92 87 13 91 10 99 91 67 60 63 83 13 37 82 36 47 33 46 77 95 27 16 44 100 25 3 20 91 30 83 28 4 90 19 57 33 52 32 18 29 23 59 52 80 57 23
89 5 39 63 93 55 73 12 36 52 94 5 81 13 24 60 2 47 15 59 10 45 92 2 64 78 78 53 58 38 88 55 37 88 36 59 63 71 82 79 58 37 91 24 53 50 76 32 31 6 24 29 83 94 33 85 17 3 14 98 67 91 66 39 72 82 88 54 59 10 68 26 58 80 95 36 97 79 96 46 90 43 83 45 88 53 61 59 7 79 68 6 63 89 75 85 56 88 15 77 38 27 37 44
88 47 40 29 63 28 58 26 0 60 79 87 78 93 38 15 2 0 58 73 62 48 25 80 92 89 5 33 7 53 92 77 18 58 30 98 12 79 68 79 28 1 84 100 33 42 22 87 12 57 42 79 99 40 26 62 0 47 51 87 72 34 93 87 79 49 56 69 64 45 6 31 85 69 13 3 77 22 100 75 15 2 75 90 25 12 67 58 32 28 79 34 100 36 37 60 19 97 53 14 75 73 58 10
42 68 19 6 13 64 24 30 95 69 39 25 61 83 25 20 37 29 53 22 20 79 40 29 49 69 57 79 44 67 19 54 93 19 36 88 60 25 65 61 99 93 29 62 44 49 78 27 48 89 7 82 60 16 82 0 67 77 32 69 61 83 53 53 25 92 79 77 0 16 59 33 100 53 72 93 28 4 3 53 74 92 89 76 76 80 24 90 59 41 65 26 36 85 87 25 76 62 21 81 71 42 33 58
24 96 3 70 93 95 22 57 78 34 96 1 79 27 9 90 15 20 97 45 81 83 71 26 71 86 21 4 22 5 14 2 62 29 90 4 62 77 90 32 40 45 80 8 33 8 69 2 42 27 88 25 7 31 57 26 77 94 62 97 10 40 57 95 31 13 99 39 73 28 99 87 4 98 66 31 78 27 56 33 49 12 24 54 59 5 67 41 50 97 64 41 55 76 62 71 87 6 26 13 43 47 83 22
7 87 93 53 48 59 33 31 93 80 33 90 42 38 71 32 79 6 23 31 85 13 15 44 27 45 52 0 32 12 71 59 13 26 96 48 84 58 97 46 78 58 40 59 53 30 45 51 80 99 20 4 72 41 87 11 33 84 96 73 37 15 11 24 32 6 35 66 18 5 80 33 11 91 15 26 33 65 71 21 30 54 39 4 88 76 94 12 83 11 15 23 25 84 70 41 78 20 37 23 35 60 99 44
8 24 43 14 0 75 38 20 93 55 74 37 69 40 22 83 48 64 21 100 100 47 39 77 67 61 89 57 47 61 69 63 68 50 66 55 76 71 32 21 41 79 28 86 5 66 67 7 84 37 28 82 90 30 35 13 15 51 12 71 64 29 10 69 96 11 21 18 20 25 64 58 76 11 16 3 21 4 89 8 55 77 0 91 87 73 92 78 9 54 45 63 33 7 85 4 50 27 75 47 22 57 70 99
0 90 98 37 83 33 7 19 100 58 40 64 17 6 46 20 17 100 32 100 5 49 78 34 1 84 96 16 14 13 48 20 63 55 18 39 68 53 22 95 6 53 27 78 33 75 11 26 73 66 45 59 29 33 0 34 39 1 99 62 24 50 99 23 41 93 50 98 56 53 58 24 26 14 20 98 91 50 15 50 91 6 30 42 88 59 21 31 5 25 81 25 58 86 31 35 15 86 75 5 100 8 41 67
59 57 54 63 78 36 83 27 3 92 18 90 23 4 54 50 43 6 84 87 53 78 62 25 44 83 96 56 52 86 90 66 13 14 50 27 41 20 81 80 25 11 62 75 87 28 94 77 89 88 70 61 86 16 58 7 60 86 43 42 62 39 55 79 96 34 52 28 8 62 13 77 22 55 91 39 6 46 87 82 0 94 94 87 4 58 11 80 79 52 13 82 83 93 67 77 96 52 1 4 39 56 64 58
49 9 12 14 78 53 43 7 33 79 14 100 79 22 63 8 35 65 87 3 46 10 27 64 66 50 14 65 2 40 48 1 8 98 58 32 41 19 49 55 18 86 6 42 79 72 45 65 72 71 25 16 19 56 77 66 88 44 55 89 43 31 91 81 23 65 44 45 29 78 84 91 16 75 13 99 18 86 47 44 30 92 85 59 85 25 84 22 8 74 21 4 35 49 25 54 20 16 95 19 43 54 10 11
26 46 19 59 52 80 31 38 1 97 73 36 64 62 60 61 53 0 11 10 48 38 53 66 41 28 80 4 100 34 79 80 47 15 11 81 26 29 5 55 22 34 17 29 74 36 24 29 80 22 47 54 42 8 96 92 62 54 15 52 75 36 15 98 5 44 69 48 45 60 98 80 68 45 80 32 3 33 20 54 22 23 37 13 43 50 40 89 1 68 21 48 7 21 0 13 92 5 57 77 79 56 26 8
85 10 37 83 100 56 89 60 69 42 76 39 95 37 65 56 72 100 75 12 78 47 69 58 25 7 28 21 17 26 70 35 25 25 5 68 20 84 69 80 24 62 24 36 4 26 82 99 72 11 17 32 36 2 1 37 57 32 24 66 51 31 85 50 63 64 75 69 30 5 19 73 99 93 65 8 85 13 44 23 59 5 44 39 63 20 96 48 33 95 46 37 91 17 83 71 9 9 43 31 87 58 60 62
28 33 23 92 6 73 30 14 33 55 83 63 46 6 95 80 9 75 19 81 28 89 88 21 86 91 43 28 43 0 83 19 45 59 34 24 47 90 6 86 7 87 86 42 28 94 38 20 33 60 51 24 67 48 52 8 75 57 32 13 25 65 71 87 63 32 48 84 37 98 47 84 22 97 63 60 60 41 62 17 36 82 77 38 25 38 29 26 9 46 78 39 23 62 69 98 34 7 72 86 37 91 4 96
89 66 8 16 49 9 64 76 28 4 68 76 79 3 81 63 17 20 100 48 43 65 58 24 80 28 3 10 63 89 45 66 2 52 11 39 1 93 14 37 65 55 86 22 72 77 88 8 55 36 61 50 51 42 34 91 11 77 45 40 67 92 66 47 9 4 52 76 94 76 16 74 74 48 66 73 1 95 38 50 80 85 60 28 62 15 73 46 29 65 5 12 0 75 3 11 96 62 90 27 86 40 34 32
57 75 55 86 90 48 13 40 49 67 36 10 27 25 8 19 13 43 22 26 89 45 47 33 36 93 70 75 58 82 69 78 42 86 62 33 35 79 64 29 42 16 64 97 91 73 53 9 67 64 2 1 64 10 34 1 10 94 63 50 94 9 16 72 74 84 49 16 63 98 42 72 56 43 87 37 41 0 81 91 93 11 86 63 7 48 50 65 87 32 74 17 23 48 69 19 38 20 88 19 91 36 41 85
1 40 94 3 88 60 47 23 80 90 52 95 84 97 36 4 88 42 94 24 11 27 22 23 17 93 6 52 54 51 39 13 15 9 2 47 95 41 60 52 40 15 99 100 25 20 0 60 58 62 27 92 26 12 32 35 4 33 28 12 14 99 8 29 11 21 0 61 71 87 86 69 71 78 81 4 92 79 44 99 85 31 93 100 12 81 66 49 41 63 7 2 39 61 38 47 69 88 11 25 57 6 35 26
57 66 77 79 73 53 14 88 8 11 79 18 45 15 3 22 72 38 83 99 34 80 73 78 34 90 7 91 30 79 29 68 56 68 95 44 65 72 22 30 18 55 74 16 95 7 10 77 84 90 21 63 64 93 52 57 87 41 30 34 68 52 13 37 11 92 83 0 30 90 9 41 1 88 79 92 38 58 63 26 59 94 32 55 64 50 1 25 30 72 75 54 78 59 80 13 22 10 88 75 3 65 26 79
76 0 98 41 51 1 81 51 36 11 72 9 63 15 87 93 30 78 69 40 11 15 14 76 58 19 81 64 36 87 55 20 32 63 3 7 71 73 30 76 32 34 28 38 94 4 80 12 65 46 88 17 55 4 10 18 16 72 83 56 37 96 0 0 5 1 33 58 79 5 92 2 77 56 47 34 83 35 83 23 35 73 13 48 56 7 81 87 38 85 6 98 6 52 49 92 77 10 15 69 59 82 84 65
93 12 9 92 45 26 36 3 29 43 16 7 82 20 89 94 23 58 82 82 11 1 67 20 88 89 32 13 35 38 77 88 60 25 35 76 44 10 7 23 86 76 25 31 6 0 48 67 14 53 56 47 85 81 65 33 25 90 60 59 64 98 63 86 78 85 13 53 7 76 83 10 64 86 66 8 68 37 65 7 16 74 43 82 59 8 99 9 55 85 80 43 78 29 53 75 30 5 32 81 12 64 94 11
65 18 23 10 89 65 31 77 41 71 100 33 59 81 47 34 45 55 59 41 25 42 93 55 10 40 85 45 25 20 9 58 80 58 6 71 47 0 48 74 51 37 37 29 58 87 10 24 64 34 98 51 65 31 4 59 93 20 39 62 30 60 20 28 0 92 26 5 19 68 0 93 57 64 51 73 28 82 20 89 85 5 79 92 58 6 69 85 33 48 89 14 27 29 29 72 53 59 52 97 15 1 28 90
58 96 73 7 65 6 44 27 58 41 13 75 49 3 65 34 74 46 17 67 86 36 91 6 98 62 86 93 51 43 91 80 63 76 32 86 39 36 72 59 31 60 94 30 18 98 15 56 44 58 20 21 15 7 80 85 64 14 81 55 84 93 44 37 79 51 51 49 26 68 46 23 100 27 89 92 48 0 65 4 6 62 77 12 44 56 81 92 89 34 89 21 8 39 63 100 83 72 24 9 10 77 73 3
28 0 15 19 38 2 97 70 15 56 33 10 2 12 79 25 44 51 15 73 17 96 97 39 96 5 69 18 77 24 85 10 57 12 2 59 10 90 25 43 15 59 62 95 97 64 74 91 77 96 10 99 30 2 57 19 28 91 66 56 72 52 65 99 94 100 39 69 1 85 91 57 86 80 64 81 94 59 42 60 60 96 62 27 93 86 51 29 73 77 82 55 82 45 10 20 46 66 32 48 6 52 100 61
9 8 25 49 90 12 98 36 18 37 77 28 52 76 84 56 33 10 79 48 3 87 36 3 92 100 74 53 32 95 60 24 10 92 52 77 61 33 17 11 62 51 54 73 79 98 45 3 42 52 93 20 81 52 88 51 33 94 59 28 52 7 11 3 95 17 34 80 40 30 86 41 38 60 74 83 93 45 31 98 55 2 89 85 44 92 24 99 14 7 10 79 86 18 25 65 34 59 24 58 17 62 89 49
41 72 71 30 90 19 15 80 58 12 47 26 84 6 34 48 41 43 41 83 87 39 1 100 17 66 2 88 100 24 98 12 48 12 48 73 78 25 58 42 45 17 91 51 42 12 53 18 25 24 79 54 14 88 91 45 91 79 14 57 63 33 61 4 38 83 36 94 42 19 17 74 17 49 71 12 6 21 36 43 21 9 38 28 25 2 61 70 36 44 23 20 8 83 20 7 42 38 57 12 86 66 19 84
20 3 100 44 36 81 60 47 3 40 78 64 20 4 48 24 33 73 44 80 69 72 30 21 78 11 13 54 1 49 41 3 9 39 41 97 13 28 52 81 92 68 58 5 83 98 33 31 11 17 17 94 99 10 90 71 73 62 36 35 54 95 87 26 21 42 97 35 26 28 92 56 55 95 31 7 90 30 32 31 80 33 19 15 100 62 23 12 53 83 19 47 83 67 75 31 67 31 36 48 32 62 24 0
6 36 92 16 17 55 44 9 30 33 68 32 83 90 71 80 2 66 98 90 3 11 67 44 6 7 54 6 63 95 95 97 9 10 61 34 84 100 99 71 32 51 69 92 26 1 2 26 80 49 82 94 80 69 29 43 8 34 82 34 88 29 38 89 70 3 95 20 21 10 42 84 51 61 75 24 74 61 29 92 98 83 89 91 18 80 38 60 67 50 47 14 14 56 41 26 24 47 77 54 91 89 66 5
31 24 53 37 56 61 73 52 23 31 68 18 37 91 99 93 52 90 11 81 93 82 99 7 7 84 12 21 73 0 57 75 30 28 77 56 7 47 86 93 90 31 51 81 40 1 51 35 95 57 93 65 97 65 68 10 64 65 37 20 74 100 23 60 97 58 4 52 88 100 26 27 35 15 11 63 29 4 58 52 22 68 33 11 8 24 33 83 62 70 0 43 80 14 90 20 91 5 86 86 1 53 54 31
37 26 78 0 56 83 12 10 95 61 98 15 73 52 72 86 4 25 51 42 6 40 2 43 10 100 0 70 55 55 17 73 86 87 2 55 23 35 92 54 95 13 37 47 10 61 26 57 23 25 63 2 9 1 51 21 77 69 6 46 84 72 3 29 56 13 74 94 0 78 80 6 60 24 38 29 82 80 20 51 68 22 80 67 46 35 9 23 54 16 25 99 31 26 60 74 74 8 30 89 52 54 10 74
94 43 11 59 8 83 36 70 3 62 26 33 63 29 75 83 67 39 27 27 48 82 98 46 14 84 0 93 5 95 60 6 42 78 87 76 59 98 91 72 1 56 86 38 84 70 11 25 10 33 85 62 50 4 46 6 98 65 45 40 39 35 1 26 54 48 12 69 12 37 19 48 42 56 76 36 91 30 46 28 36 49 56 95 96 56 61 60 4 55 69 80 96 73 4 73 73 42 2 57 75 62 71 68
21 26 70 42 50 2 58 43 11 86 5 97 88 1 31 98 100 77 56 30 42 75 97 38 8 70 89 49 57 84 97 52 83 29 54 66 59 38 77 5 54 32 37 83 94 12 80 33 19 76 66 62 41 38 86 19 93 41 13 36 91 82 88 76 65 83 79 98 50 13 71 14 89 93 77 76 75 89 67 30 28 0 11 55 47 43 52 94 30 78 82 69 99 59 11 39 60 40 95 90 69 2 16 35
75 40 72 25 6 32 59 90 2 74 9 65 11 68 66 45 52 11 40 92 23 2 65 87 27 81 6 48 92 33 65 67 77 84 63 44 33 70 51 76 8 14 29 51 25 12 28 29 15 45 30 3 80 64 65 53 77 24 65 9 68 11 88 76 84 62 78 17 42 29 80 78 60 46 17 44 86 92 7 44 37 0 85 13 42 6 84 83 13 88 31 64 15 98 0 39 93 27 54 88 77 30 71 7
18 90 84 95 87 62 11 98 14 76 96 77 99 9 58 49 94 96 84 73 2 79 11 86 23 61 69 71 36 50 58 7 66 60 99 85 97 94 51 64 73 1 22 5 78 97 34 51 94 11 34 85 33 47 67 48 56 41 100 41 71 23 56 80 31 1 35 36 84 3 8 34 14 58 2 26 94 49 59 54 100 48 87 57 81 26 28 60 71 43 79 11 30 29 98 6 59 12 99 47 87 44 61 14
69 62 75 21 68 91 87 84 89 96 56 53 50 55 15 18 6 72 97 67 67 52 25 93 47 38 57 1 88 44 22 82 55 18 17 71 38 97 85 49 11 30 95 7 20 74 67 11 64 94 82 74 11 80 56 32 5 83 82 63 61 17 90 55 59 70 49 63 45 51 4 19 38 68 87 92 16 26 13 89 25 32 97 13 13 41 12 7 32 98 22 2 0 91 78 47 92 95 48 70 63 50 86 80
28 60 51 0 92 11 30 64 10 80 41 81 31 0 91 55 94 93 58 97 30 56 30 50 13 56 33 88 40 9 10 49 43 18 21 12 97 16 11 16 50 47 45 12 55 21 73 71 46 5 41 18 96 86 14 33 73 20 33 76 31 46 55 76 97 23 27 0 44 3 22 44 27 86 69 21 3 80 25 97 80 15 30 11 57 46 13 7 89 4 99 39 27 13 47 79 94 43 95 39 25 48 10 42
78 62 2 32 64 12 86 13 46 72 76 53 60 42 45 72 92 3 71 98 9 38 15 0 2 80 34 14 30 53 23 85 2 91 5 66 83 56 90 95 82 99 9 14 75 8 27 94 97 63 99 29 78 2 88 36 64 91 41 45 71 22 48 61 44 88 58 28 23 91 7 72 85 69 42 9 28 85 31 46 44 42 15 11 87 34 62 29 90 97 63 39 96 33 39 47 38 69 22 22 7 86 39 94
65 76 36 90 60 99 81 65 19 69 62 17 1 47 72 69 68 90 96 17 24 10 70 85 51 46 93 57 85 61 50 10 89 56 24 87 91 26 1 63 10 93 19 69 63 55 100 23 1 51 56 72 87 35 17 3 61 82 70 2 14 5 40 2 43 93 74 56 64 53 26 28 32 22 94 24 57 83 100 23 95 25 32 79 32 25 91 6 74 54 63 81 24 5 100 33 34 65 57 53 4 15 84 59
100 8 68 63 21 55 8 36 30 85 56 89 23 0 21 48 83 38 79 38 16 16 71 67 29 69 65 55 27 27 62 24 55 5 91 38 41 73 19 11 22 81 8 9 23 7 6 86 28 90 35 71 55 82 40 84 45 2 87 45 84 50 88 38 82 36 82 38 14 76 36 34 12 63 31 49 9 87 100 30 10 7 53 48 16 73 55 50 97 85 6 10 63 3 2 12 47 63 96 5 74 48 59 61
28 69 38 55 35 93 35 27 100 43 1 52 75 90 93 100 35 68 68 16 77 32 46 72 88 54 73 39 96 39 63 75 34 82 74 84 77 59 94 60 35 67 32 72 15 36 10 17 61 82 24 35 49 35 88 29 5 17 30 31 32 81 16 78 27 45 19 89 15 52 10 39 1 18 87 48 72 11 77 29 85 59 83 76 52 20 5 54 22 26 34 31 26 94 99 49 60 30 87 34 4 80 45 14
32 70 56 38 80 78 98 49 26 95 8 57 30 35 56 38 8 28 72 49 68 59 66 30 51 19 38 22 34 93 60 91 77 66 49 79 80 58 11 67 50 2 79 18 91 12 39 3 42 21 24 16 0 20 14 80 85 0 78 21 73 82 24 49 85 44 18 57 83 94 18 43 58 53 47 63 39 8 28 83 62 9 75 97 25 67 71 42 56 54 33 10 42 49 49 8 30 23 28 10 0 62 33 91
29 7 87 1 73 6 32 45 88 90 57 77 21 90 88 30 72 63 22 34 36 78 41 83 85 35 58 37 67 90 64 0 49 13 77 0 70 10 78 69 32 91 54 30 88 26 79 36 94 44 68 19 75 68 82 78 44 51 54 41 35 77 36 17 59 55 96 55 75 88 14 82 78 97 85 6 97 48 99 21 82 44 14 78 85 53 3 64 97 65 81 2 80 59 88 59 39 44 85 63 6 66 28 10
16 61 30 12 94 37 52 59 16 18 16 16 26 88 13 100 76 40 26 33 5 83 20 59 55 7 83 37 69 35 56 28 80 50 95 63 46 27 60 100 46 44 84 27 98 74 47 93 7 33 38 50 9 65 31 93 99 41 54 1 17 6 25 97 26 79 98 51 61 60 94 31 56 36 59 26 80 62 65 64 92 15 19 33 37 61 29 54 100 38 29 82 65 25 82 54 81 61 66 70 49 9 75 48
11 25 41 38 40 89 41 11 56 28 38 35 52 72 16 78 32 98 91 45 73 87 80 65 57 84 89 56 14 61 78 92 7 50 90 88 77 58 47 19 39 30 87 27 20 5 92 55 71 33 45 100 40 27 42 40 9 0 85 32 21 1 17 11 36 41 13 24 21 31 8 62 1 94 9 32 22 21 73 97 3 58 14 4 76 72 95 14 0 4 9 20 43 25 38 93 18 95 84 18 92 88 56 1
0 30 39 25 57 56 5 71 23 77 46 50 84 80 74 63 62 30 93 2 0 26 23 0 46 6 55 3 49 85 50 61 34 16 24 41 73 57 29 9 79 67 76 63 36 22 97 14 46 55 16 25 35 23 71 67 32 12 15 76 36 61 95 98 39 31 82 73 12 21 53 85 20 19 99 72 94 60 54 34 41 95 53 80 96 70 53 93 45 46 88 21 81 36 24 13 54 24 40 99 13 25 30 55
42 10 36 28 100 13 95 67 56 8 68 49 65 100 75 33 32 74 43 15 17 10 70 28 51 18 43 62 4 93 16 9 20 16 54 51 45 91 78 85 80 48 85 14 64 78 55 31 36 52 60 6 2 57 93 45 96 53 5 75 88 10 66 12 94 85 1 8 25 65 78 71 2 21 45 18 74 86 87 19 84 11 22 56 16 49 38 30 61 39 55 12 55 53 60 89 69 98 21 1 88 26 33 61
19 67 69 59 0 94 30 62 32 70 83 16 86 68 46 12 79 8 54 76 64 90 72 24 49 35 82 38 58 63 45 16 2 97 23 24 13 2 59 65 97 100 80 69 45 41 59 25 95 57 53 1 37 23 60 83 59 100 34 71 2 71 0 10 45 51 73 61 81 61 76 93 72 12 68 41 92 67 52 90 95 5 6 81 74 2 100 52 49 35 19 7 61 86 49 47 80 41 30 59 49 2 2 84
85 19 30 49 54 91 81 54 45 38 5 8 43 22 54 66 92 70 61 15 33 53 49 17 29 12 9 51 29 64 18 58 80 39 97 96 25 71 94 79 72 26 19 87 43 19 67 13 84 80 10 1 67 51 87 44 9 63 85 7 16 75 54 97 95 33 14 62 19 99 0 45 74 50 28 31 72 47 63 2 57 78 42 61 59 53 41 79 51 80 23 96 70 16 79 65 5 20 63 68 60 20 81 31
53 85 44 54 28 42 89 36 74 72 84 53 91 88 88 64 10 17 25 23 76 39 59 100 12 21 14 54 24 51 96 15 91 47 32 81 65 35 20 33 7 94 8 5 20 46 93 84 69 46 8 67 27 57 87 66 37 87 1 78 92 67 17 0 10 82 95 46 11 38 57 61 42 37 43 44 54 2 30 88 91 93 99 66 94 22 9 29 67 38 68 44 20 58 87 16 72 10 45 67 92 41 73 79
60 62 60 56 12 2 81 36 25 67 55 64 40 13 28 46 40 7 88 62 30 43 51 92 55 51 2 7 23 69 80 47 84 68 85 50 52 29 24 39 46 76 34 73 44 73 0 84 8 6 35 43 94 86 91 48 12 29 21 76 43 88 17 29 14 40 88 32 75 25 49 83 55 10 48 89 2 44 82 80 88 86 34 34 42 21 90 47 85 15 6 18 85 10 49 21 24 82 38 31 74 85 76 23
53 61 29 59 37 44 70 36 76 34 77 37 88 55 56 2 12 81 32 72 51 69 4 28 8 21 85 59 3 44 46 100 50 9 66 42 96 43 30 91 32 61 2 51 66 4 100 94 40 70 33 65 66 92 68 19 5 87 92 63 60 3 5 23 32 1 60 21 45 39 36 10 67 98 34 58 48 19 89 54 77 67 22 49 14 86 78 30 56 88 40 33 29 21 79 96 31 64 36 67 2 1 92 50
84 81 48 25 42 37 37 76 58 37 79 84 76 69 49 63 93 78 84 51 47 20 12 11 0 23 7 3 85 93 98 41 18 15 69 56 63 56 27 39 63 59 82 60 94 83 68 52 19 98 99 18 96 46 49 58 12 63 5 83 4 97 0 8 86 34 54 8 47 76 80 30 72 86 13 0 40 8 56 13 12 68 20 87 49 25 11 13 97 44 9 64 34 23 25 42 33 84 90 78 28 92 8 76
97 39 48 65 85 72 46 31 63 62 17 53 97 30 51 58 51 88 48 72 81 93 82 9 11 22 19 37 25 19 62 93 42 59 44 92 43 9 100 31 17 68 25 45 21 33 31 9 15 91 96 31 13 44 98 45 29 27 98 54 75 33 50 10 70 38 26 26 58 76 44 63 47 97 29 92 71 69 55 41 8 2 2 11 95 73 51 82 70 56 77 16 57 73 15 51 81 12 18 63 29 74 81 70
69 21 18 18 60 46 1 36 5 53 78 9 5 18 56 65 71 9 52 38 51 49 72 46 68 86 65 70 92 85 82 72 28 97 28 23 52 24 94 92 25 86 3 10 5 96 84 29 14 0 74 55 23 58 80 23 38 0 48 98 99 15 4 84 75 88 58 18 89 5 89 32 89 2 53 5 81 2 97 48 79 11 68 33 74 81 33 8 63 91 30 39 70 20 53 29 38 6 73 19 49 30 34 23
91 61 62 84 98 55 38 65 90 89 46 22 59 46 68 60 42 6 59 22 33 79 100 18 96 47 96 21 96 5 51 97 61 73 25 16 31 55 85 88 23 90 25 54 91 48 37 47 23 22 89 62 16 96 9 62 95 19 29 5 88 12 54 70 25 85 65 35 29 15 41 12 7 32 48 65 88 63 30 56 16 21 52 77 23 64 43 46 73 94 17 39 70 19 80 58 27 27 81 80 28 95 35 5
12 79 27 51 62 84 100 72 95 47 54 77 29 60 88 44 68 49 58 27 94 82 53 2 82 9 98 73 46 7 76 69 8 3 94 47 32 70 66 64 26 85 98 31 29 87 16 47 52 76 40 68 27 23 38 3 48 59 53 66 55 10 92 100 46 15 88 57 29 14 14 6 53 60 58 68 78 93 3 33 49 10 86 56 51 40 86 4 98 7 1 31 58 8 22 55 63 7 9 91 9 19 11 72
25 50 84 64 33 39 19 47 82 55 56 62 35 66 33 95 92 79 59 61 84 94 80 93 97 5 25 60 65 83 99 84 54 85 13 14 68 26 59 43 90 34 81 73 67 70 67 33 56 71 68 95 64 66 21 77 12 11 1 7 89 45 69 16 53 23 13 22 43 0 42 92 60 0 62 0 17 83 34 34 41 87 31 86 65 37 46 83 20 4 19 28 69 14 42 28 52 22 81 60 86 8 78 86
43 85 83 32 41 37 11 99 13 61 99 37 2 68 61 52 62 53 28 19 2 48 93 100 19 74 69 92 29 92 11 3 30 44 66 54 65 92 58 41 50 14 75 60 45 5 18 7 48 65 83 8 39 21 74 98 20 74 64 97 22 63 24 48 82 55 85 49 52 91 27 44 24 13 97 81 80 87 37 89 59 64 50 37 74 86 38 47 48 52 78 85 67 22 94 40 44 7 87 17 11 47 39 58
28 73 19 41 60 97 66 58 78 22 3 19 65 51 72 79 63 100 85 97 2 97 46 47 11 67 28 0 63 25 54 0 13 100 84 11 31 63 5 67 35 46 84 55 8 65 50 47 70 42 71 99 50 6 44 91 33 58 26 15 14 97 70 71 67 28 88 83 21 39 88 4 57 0 54 61 49 45 23 16 79 23 10 57 9 99 44 19 58 4 82 56 54 71 25 72 96 47 17 99 52 85 100 30
50 71 0 11 38 83 47 2 47 89 77 2 78 46 16 89 28 100 7 49 91 44 2 99 86 0 31 71 80 86 25 23 58 34 65 16 92 43 14 97 88 6 62 16 54 62 17 54 28 7 98 20 14 75 45 22 20 81 69 66 10 50 58 92 22 52 64 85 7 72 64 67 50 85 70 55 91 44 34 91 97 73 70 11 63 46 30 1 44 34 12 41 89 29 82 60 93 54 72 40 73 13 68 19
25 25 21 99 45 45 31 79 36 64 75 92 3 62 4 81 15 58 39 35 96 40 68 50 15 31 54 4 66 18 9 28 24 2 66 32 98 28 52 30 98 72 59 35 0 95 12 79 81 33 90 54 96 32 28 21 47 16 2 60 23 98 92 14 71 95 57 15 54 85 23 77 56 41 86 75 38 4 15 91 81 4 74 29 42 39 8 5 54 7 54 50 44 32 3 57 78 87 46 39 5 52 37 75
69 28 39 77 60 72 6 97 84 40 40 53 95 78 38 22 19 26 30 22 14 86 24 62 90 54 98 83 54 100 19 98 98 53 81 82 89 55 8 41 84 27 38 66 82 26 81 14 29 95 16 7 44 29 56 83 73 6 5 25 76 26 22 41 29 7 89 78 97 74 53 79 50 2 48 19 71 41 85 10 41 42 63 45 27 11 37 35 50 14 42 67 75 45 85 20 58 17 75 61 76 94 11 30
17 97 100 17 41 35 57 41 59 46 67 40 28 7 99 9 99 77 35 61 93 44 41 60 40 34 13 12 80 31 65 33 89 17 24 56 23 74 81 63 35 93 31 83 45 33 62 17 60 60 37 28 19 19 43 26 81 54 50 13 51 29 80 24 23 62 72 32 50 29 27 98 73 86 39 36 97 55 36 5 36 26 30 93 87 70 1 46 29 30 4 32 35 55 34 15 41 65 90 94 95 31 64 42
68 4 24 74 41 13 99 94 22 61 31 97 56 97 13 57 91 32 43 3 51 91 3 7 74 91 10 22 34 25 68 14 67 35 61 22 96 28 37 71 99 98 41 22 92 27 18 33 91 97 68 20 81 56 6 56 88 24 56 21 25 76 99 80 55 8 72 89 10 6 16 14 74 80 14 11 36 30 77 1 28 99 48 3 67 89 99 27 4 23 56 19 77 54 15 99 15 27 31 22 74 32 82 86
16 96 26 77 92 64 83 37 30 80 29 10 9 27 56 100 19 79 78 66 82 79 67 78 13 61 71 22 16 40 99 60 14 50 91 83 1 3 52 20 68 66 5 62 96 5 9 72 58 56 71 3 67 62 86 80 98 69 44 40 14 34 58 98 19 68 93 11 99 86 4 3 5 29 90 24 74 81 85 23 44 50 40 46 35 44 81 59 46 73 80 11 73 86 41 72 25 92 24 51 63 7 65 44
