80 10 15 33 48 87 60 62 0 36 92 69 34 36 50 22 8 66 89 58 36 8 74 90 92 18 1 13 71 63 63 59 1 69 86 63 22 11 73 66 29 96 66 16 39 4 9 14 90 30 82 16 19 89 24 42 20 95 22 93 64 87 68 31 35 61 48 86 32 44 29 33 34 10 64 87 40 68 84 30 31 54 79 54 80 26 12 84 91 40 38 12 28 69 84 100 94 81 7 48 37 89 10 49 62 4
71 28 77 20 95 40 94 33 15 15 3 84 45 82 40 57 44 52 20 39 21 84 95 98 11 6 91 86 29 88 49 45 34 77 15 30 11 1 2 51 52 98 3 100 5 100 98 79 83 78 10 87 1 37 86 34 37 59 76 42 100 82 40 20 82 78 25 95 39 13 30 74 11 66 15 28 62 36 49 27 12 71 23 25 81 58 62 76 36 89 40 98 19 51 26 79 60 44 82 10 66 23 27 27 96 32
18 48 36 8 49 58 88 46 34 93 49 81 100 51 7 25 80 6 74 4 33 86 82 60 45 31 38 80 50 45 76 6 39 49 37 80 76 27 40 93 99 14 6 66 56 22 76 94 64 19 3 29 3 55 36 27 18 60 33 96 58 62 67 72 47 39 76 62 15 16 84 87 25 5 18 23 37 33 48 19 60 56 74 15 59 72 95 55 53 38 57 95 1 95 5 73 64 13 38 14 17 98 88 12 47 57
37 46 57 95 29 62 25 71 1 72 32 85 8 78 38 57 21 19 31 43 69 40 1 33 62 60 4 19 81 75 71 13 77 62 29 31 24 26 63 91 28 19 12 38 72 39 35 73 46 53 85 47 94 12 5 100 78 3 24 48 89 61 59 42 88 2 13 31 11 44 65 3 11 60 100 77 92 53 62 28 29 27 44 37 4 92 92 76 32 95 51 34 52 78 35 2 17 7 65 52 21 35 76 26 61 49
75 58 35 40 89 51 62 57 38 66 9 88 91 70 63 11 7 20 8 81 82 48 91 84 76 87 76 16 62 76 66 71 12 55 80 97 48 17 51 54 59 21 92 34 85 33 99 82 32 87 44 27 42 36 43 8 65 21 1 31 75 26 20 54 43 40 7 90 36 75 22 33 39 68 75 31 52 98 75 69 84 0 34 54 74 61 0 92 50 26 32 28 72 48 94 88 24 97 22 87 34 79 5 95 1 58
34 9 29 14 82 9 4 39 26 42 59 22 9 37 10 40 63 3 20 25 66 34 54 48 64 7 20 48 39 26 55 62 44 80 39 85 54 26 10 16 93 36 12 42 80 33 23 17 56 4 2 53 46 65 66 27 33 20 38 80 45 70 38 82 41 34 48 27 43 26 77 89 4 99 20 1 83 22 51 88 49 91 90 92 68 60 27 19 88 83 94 90 2 75 76 99 20 77 36 98 90 99 78 69 0 97
31 35 73 15 88 3 66 48 1 70 76 92 31 46 8 15 14 8 72 85 2 65 49 76 28 8 28 50 4 64 71 73 39 15 85 84 71 64 16 68 30 84 84 85 3 70 83 62 79 99 71 39 54 93 27 22 77 78 30 98 38 62 59 36 73 40 42 17 11 65 6 33 19 27 99 61 4 27 17 63 23 33 43 18 86 19 57 83 65 52 22 43 68 50 89 19 85 86 33 84 56 98 69 12 100 66
4 26 88 39 81 30 64 73 35 70 29 43 16 66 18 31 7 8 45 84 35 58 55 63 61 10 28 36 97 88 2 53 27 8 11 76 24 0 48 46 13 16 72 56 22 2 3 49 92 78 49 15 13 77 30 44 74 14 4 88 65 63 61 63 54 29 100 39 56 63 68 63 80 70 14 32 59 86 2 43 96 29 46 73 15 75 90 46 6 93 23 24 2 68 11 81 13 50 85 70 40 47 91 57 91 23
68 40 38 71 34 60 14 51 69 22 89 31 42 95 8 84 59 100 28 12 16 55 14 82 17 21 24 87 46 68 41 47 50 46 14 51 60 31 10 79 41 11 12 84 63 3 56 53 83 34 27 68 23 100 7 40 59 54 62 55 45 14 71 65 6 23 99 54 32 75 45 81 74 41 94 35 98 9 46 7 1 54 41 64 85 34 43 31 59 9 3 15 32 71 48 10 86 99 13 7 44 6 33 2 77 0
93 26 55 40 9 35 88 25 79 50 93 32 32 47 43 96 39 82 94 2 38 99 60 32 88 63 24 45 59 23 91 33 57 29 5 93 18 66 58 30 35 52 52 55 50 1 73 85 8 73 24 92 78 92 23 28 91 31 7 52 32 29 72 79 18 80 22 87 66 4 49 13 13 45 80 81 91 91 16 61 48 35 64 48 32 32 90 35 3 70 83 63 16 33 1 51 13 86 63 2 40 16 52 12 12 23
61 65 1 76 36 10 24 64 28 38 89 26 69 88 1 62 97 27 41 37 58 4 51 56 73 54 28 21 7 10 2 76 93 32 16 60 10 37 20 98 57 68 16 61 27 69 56 15 32 9 39 25 52 54 26 5 26 41 67 71 9 48 53 24 12 49 97 1 34 56 96 55 93 56 70 50 88 35 99 83 64 60 77 83 71 64 16 18 78 13 41 80 28 0 27 71 25 55 64 13 43 36 82 2 42 18
85 49 71 39 86 82 63 98 7 41 16 10 52 20 22 93 11 54 9 69 82 23 80 58 99 40 20 23 73 82 30 78 6 92 36 79 65 62 66 14 63 27 77 100 79 76 43 47 94 59 7 50 25 8 43 60 21 57 29 100 7 33 32 96 9 12 55 89 99 0 93 69 56 73 22 33 9 66 65 5 81 9 44 15 19 47 33 94 57 0 63 24 99 95 51 61 42 1 30 99 1 25 14 58 45 33
26 10 32 58 1 91 97 8 26 71 2 65 42 3 47 34 23 5 71 64 11 50 5 48 44 7 46 58 56 32 77 39 76 20 51 91 40 2 33 58 61 54 64 28 3 16 39 93 12 0 56 61 70 96 6 51 66 41 97 69 28 27 71 57 86 50 67 58 24 50 83 44 39 91 95 30 65 22 66 53 39 15 65 38 5 3 8 54 24 37 79 60 50 44 22 2 22 78 70 59 10 30 21 38 51 20
73 56 1 78 23 8 7 34 53 77 68 72 34 56 65 7 92 68 49 61 80 36 15 38 2 50 3 99 58 24 46 70 63 82 85 13 33 15 90 50 54 31 45 84 29 19 100 37 69 45 28 9 87 37 47 54 52 11 35 14 4 18 97 89 59 65 97 6 97 38 79 0 77 28 5 43 97 12 36 10 29 50 67 93 9 59 81 7 30 45 4 0 14 80 60 75 42 77 57 84 91 25 31 65 23 18
87 45 4 69 29 82 6 63 16 84 41 73 69 40 66 86 8 41 74 61 95 37 19 88 34 89 41 99 67 57 84 73 1 3 42 79 16 58 25 50 52 85 3 89 65 40 8 24 27 40 90 13 91 25 54 73 81 69 18 11 9 16 29 16 32 40 94 72 16 78 14 82 28 91 58 44 71 9 79 28 4 74 25 89 58 29 18 51 86 61 6 70 82 94 48 22 98 32 75 100 71 81 7 49 70 92
7 39 92 71 54 10 16 47 23 86 9 63 27 1 40 51 2 78 82 77 1 17 5 0 35 68 14 56 56 54 45 58 81 4 78 51 94 6 39 87 82 72 91 61 64 6 0 18 45 89 6 30 5 29 32 78 1 39 69 57 22 97 32 69 75 30 93 38 62 9 17 24 27 25 53 3 24 88 1 32 88 22 54 39 47 98 63 75 31 84 90 90 77 62 84 52 52 82 28 62 29 70 30 61 11 100
100 24 62 14 80 54 66 51 100 100 99 9 63 35 22 52 81 62 51 28 92 68 13 67 44 2 77 48 64 57 67 53 12 27 58 75 62 78 59 53 23 97 73 47 68 71 60 97 3 45 0 21 32 71 54 70 87 16 89 74 43 95 65 14 81 26 0 94 45 10 40 36 14 28 89 43 19 95 90 51 62 70 89 36 63 95 75 28 80 23 77 9 57 1 4 42 24 27 90 20 37 46 54 39 66 52
19 31 4 85 56 13 29 89 9 39 67 52 10 57 79 98 60 40 37 42 57 77 51 68 65 25 73 75 5 11 58 2 64 43 46 91 66 37 80 79 100 66 20 92 4 39 15 73 92 76 57 88 91 82 36 6 55 66 75 71 53 2 100 99 68 94 92 32 78 70 23 18 93 22 12 89 30 57 48 11 18 84 86 9 100 77 32 61 83 2 89 53 82 10 57 4 72 64 83 82 98 15 4 64 28 57
94 60 93 5 47 19 77 3 74 60 89 39 73 92 99 79 47 58 95 92 31 3 47 62 54 6 56 85 71 72 81 36 83 53 39 79 71 29 35 61 94 20 53 39 62 93 62 34 50 80 51 30 46 83 10 13 42 71 93 15 23 25 75 9 67 31 34 20 18 83 13 43 89 75 12 83 25 13 98 51 42 86 54 38 69 94 42 46 42 43 43 67 10 66 70 47 18 28 61 68 29 55 93 71 12 98
2 75 23 5 12 65 55 79 92 59 13 53 71 43 52 40 42 62 24 91 80 80 32 81 13 30 2 65 29 82 22 1 86 50 38 92 37 53 45 11 64 75 85 16 6 23 76 67 9 14 48 36 4 95 84 44 25 99 0 58 60 97 31 13 99 47 78 64 33 49 90 45 6 71 4 20 51 54 23 96 47 88 68 66 89 0 69 55 36 97 75 92 89 80 4 61 28 35 57 96 46 77 71 61 85 60
27 89 6 54 61 50 11 87 98 98 4 84 25 75 43 47 78 4 84 8 18 93 85 14 54 89 16 12 78 42 85 92 98 17 59 41 71 29 66 67 52 73 100 77 54 12 64 82 86 24 44 25 29 81 19 4 28 62 91 54 18 62 86 70 81 29 28 43 58 87 20 92 80 14 36 61 19 31 98 78 28 66 38 35 95 16 85 50 30 54 86 99 82 31 8 84 46 67 52 99 49 36 24 83 81 15
22 70 70 5 19 40 98 29 34 96 84 24 77 32 61 54 39 84 31 88 50 6 55 25 3 57 19 87 79 44 16 68 29 95 78 6 93 60 22 37 68 51 90 85 64 30 36 95 75 92 39 58 26 15 24 79 29 29 90 62 99 23 32 45 61 75 32 22 31 83 91 80 82 78 37 6 32 99 82 98 50 70 47 84 46 38 0 23 36 52 8 31 70 4 76 55 100 5 17 34 81 29 85 22 82 58
12 98 61 65 84 79 12 100 31 18 20 27 37 62 39 37 95 47 31 68 94 41 53 13 4 88 29 58 51 95 84 4 98 3 97 2 42 2 53 38 13 12 53 11 26 6 99 57 56 33 17 65 60 85 37 16 77 17 24 54 54 96 18 38 58 11 83 47 94 33 65 87 43 34 89 48 64 97 13 77 3 61 50 56 77 33 71 30 83 37 40 45 20 11 80 7 100 18 0 77 93 66 83 54 69 95
51 5 51 28 44 14 99 35 43 11 49 95 63 18 100 22 7 31 36 56 6 21 35 56 38 79 95 66 94 84 9 73 96 97 10 17 62 65 17 33 55 16 65 32 36 62 80 37 30 33 11 27 35 52 23 36 85 27 12 42 77 21 30 16 27 79 7 7 64 26 1 78 91 0 96 49 14 8 7 85 70 88 76 11 73 83 24 100 4 36 32 68 98 96 10 38 15 55 79 86 99 81 98 91 46 80
38 22 13 3 3 56 97 1 16 92 30 84 37 60 70 36 56 38 24 46 92 90 12 85 89 77 5 52 72 47 2 35 67 14 17 97 40 44 4 91 10 10 58 88 46 66 95 8 66 53 64 58 70 22 15 36 91 46 38 78 50 53 25 56 36 68 62 47 83 66 52 11 10 55 77 52 1 9 89 10 54 60 4 12 29 60 9 58 29 29 58 65 84 20 80 48 62 4 35 26 57 91 77 7 39 31
46 3 95 86 88 13 72 41 35 45 84 88 11 71 9 31 33 60 2 25 50 23 61 55 81 22 48 90 87 3 46 20 62 66 34 76 67 95 81 9 45 91 100 41 53 76 82 65 94 48 85 1 72 74 5 57 29 5 43 10 44 6 75 16 86 20 92 46 29 25 8 76 54 81 3 90 92 24 66 25 18 46 13 45 67 0 8 14 81 38 86 12 66 41 26 17 0 84 91 7 16 41 27 57 23 53
21 6 40 6 83 64 9 14 9 65 86 11 84 85 78 47 37 46 78 20 71 93 54 21 83 43 51 89 3 13 60 28 37 16 87 42 8 55 14 63 14 12 29 10 23 18 85 92 44 82 46 1 62 10 14 26 64 48 10 84 86 40 65 71 45 64 43 32 91 59 7 73 39 0 25 5 76 62 70 100 36 71 20 59 14 2 62 87 98 31 23 53 77 54 99 16 2 22 9 55 10 65 3 74 2 43
59 86 78 59 51 100 44 7 60 78 86 36 1 12 19 92 68 33 38 21 67 23 24 17 21 77 36 59 67 40 67 63 99 98 77 79 84 14 24 21 53 49 31 59 78 12 70 47 44 62 33 28 94 8 96 87 77 55 42 46 100 69 89 15 33 68 78 35 77 92 88 82 5 82 79 54 96 13 1 23 56 30 27 76 80 91 33 78 83 35 7 30 94 26 98 91 56 16 60 30 94 30 66 4 33 21
19 71 9 68 47 33 53 55 30 26 12 49 56 61 99 94 14 70 50 66 32 5 4 65 28 82 16 87 16 55 78 80 29 61 42 70 20 12 24 74 50 68 63 56 43 31 35 52 26 61 76 53 10 56 87 49 63 20 37 62 98 4 41 42 64 99 93 91 51 50 53 5 16 50 62 48 82 27 55 92 98 41 33 13 30 47 93 86 93 79 96 33 87 100 61 49 62 23 15 14 31 36 66 22 91 65
79 61 84 0 36 85 56 49 43 8 28 26 93 11 1 88 21 46 24 2 28 83 37 97 98 46 6 94 48 40 77 62 35 27 52 59 29 95 88 37 50 16 54 74 17 49 6 14 19 11 84 7 58 34 26 8 30 23 28 94 32 73 58 60 2 29 84 55 60 92 99 98 67 56 16 80 26 67 81 7 25 42 56 32 100 39 6 69 15 69 80 32 92 87 4 20 65 69 47 63 33 14 59 83 69 4
85 15 44 20 8 1 89 22 64 50 19 54 24 44 66 49 94 47 43 29 84 18 61 12 36 81 77 41 8 93 86 62 63 75 38 80 79 74 16 15 39 10 28 65 53 74 8 80 69 61 94 86 82 19 14 93 0 94 95 71 38 55 61 94 3 95 81 11 58 41 69 4 31 8 3 47 69 26 70 43 53 51 25 74 75 85 61 82 89 10 38 56 67 31 48 85 28 100 93 29 39 42 73 74 96 46
39 37 24 31 39 24 38 24 41 97 84 58 70 29 62 15 9 93 28 60 7 61 64 52 29 40 44 100 24 9 50 32 86 4 29 32 39 100 33 86 67 68 10 91 73 92 38 89 7 96 73 58 96 34 10 84 33 52 30 6 35 15 31 40 38 39 90 52 19 67 78 61 36 45 53 90 83 90 67 11 38 55 74 20 80 69 66 11 23 81 37 62 97 75 49 26 77 62 89 34 100 3 2 97 91 100
9 86 14 11 26 67 81 40 10 8 31 36 71 36 46 89 16 42 37 59 86 78 8 16 48 90 99 68 79 69 76 32 58 76 3 70 31 1 6 50 16 44 61 42 39 71 71 1 62 85 50 94 58 92 64 92 15 26 41 84 94 97 0 10 79 10 44 15 90 25 53 11 91 59 54 17 3 95 77 38 62 15 61 21 81 3 8 31 69 16 69 67 14 2 38 39 92 73 99 20 55 39 94 84 99 66
82 62 48 30 78 61 83 13 75 2 3 69 19 0 87 2 13 48 15 98 50 37 32 64 34 59 91 53 8 76 18 28 100 51 72 92 86 68 16 2 13 91 97 7 31 34 68 82 74 83 52 39 40 9 54 79 75 65 35 24 21 94 79 25 72 85 79 31 64 72 10 9 35 92 40 41 78 26 5 65 29 45 13 3 32 24 68 64 68 2 47 52 29 97 82 80 91 82 59 65 40 55 85 50 28 62
17 63 7 47 70 49 39 60 63 82 72 25 97 2 35 82 60 66 25 74 65 81 14 4 98 41 18 75 100 48 73 21 19 95 0 66 70 31 95 51 79 41 23 61 92 62 28 36 96 8 9 96 61 65 24 98 61 68 48 11 88 40 76 84 88 57 22 66 91 70 41 29 68 52 26 70 18 41 9 1 0 66 68 92 64 52 44 97 27 9 2 55 67 27 88 79 22 11 33 85 36 34 41 23 92 66
63 21 88 46 58 67 75 13 9 34 69 76 18 9 77 13 2 90 5 17 40 13 83 39 71 38 62 55 88 67 39 17 62 24 38 22 89 71 89 58 28 54 0 20 4 58 76 55 38 15 34 57 11 97 36 52 99 85 54 15 66 95 63 12 69 19 24 61 30 99 10 22 0 75 75 25 64 16 82 93 56 12 65 51 57 71 25 47 23 14 91 11 44 92 45 98 85 20 54 88 18 21 38 90 82 46
90 98 78 26 72 12 75 36 27 61 41 56 92 27 34 73 24 41 46 3 38 42 25 14 34 36 95 51 54 55 42 56 10 99 88 76 58 55 1 8 46 0 14 63 46 87 16 29 63 64 69 31 20 99 14 88 92 43 1 72 69 64 14 49 66 11 31 67 59 10 39 50 16 5 55 59 45 20 44 27 36 74 35 23 16 34 27 41 30 9 10 7 8 70 82 33 32 18 83 80 51 16 42 64 66 48
83 87 94 64 24 23 50 33 77 92 14 99 15 96 55 63 34 59 86 87 65 45 84 31 98 58 20 8 33 59 93 2 58 72 58 28 4 98 50 38 10 25 10 69 0 80 99 9 91 75 0 53 84 83 63 43 90 45 28 66 65 86 36 4 100 27 81 95 32 79 29 35 77 86 69 61 7 6 61 100 76 23 96 22 62 36 45 35 97 28 93 42 71 53 50 72 96 6 29 44 99 64 97 66 40 81
68 38 11 66 40 18 100 31 41 48 33 89 21 5 44 31 62 61 38 28 59 56 58 2 58 41 27 34 15 27 42 48 52 33 72 100 39 16 48 39 31 88 94 93 65 7 35 1 88 26 91 44 37 77 89 28 90 36 69 14 98 100 26 90 17 31 74 7 39 36 9 45 29 10 56 49 62 36 42 80 2 100 71 76 11 1 92 44 9 96 13 17 75 89 47 46 11 84 29 94 2 2 40 84 63 19
48 80 34 87 62 27 45 98 66 14 72 8 28 81 89 67 8 78 46 19 11 89 14 14 12 100 99 6 44 39 90 52 91 10 21 48 20 87 97 97 24 82 81 71 75 80 45 53 84 83 87 16 65 88 61 67 1 34 96 79 48 75 0 45 9 82 62 83 23 20 80 3 75 55 29 67 10 6 63 23 68 32 30 77 21 82 2 2 31 27 45 81 31 81 77 99 52 94 72 75 40 53 76 43 48 14
70 89 84 79 56 86 0 2 9 38 61 11 35 42 4 79 48 47 85 99 100 44 43 18 3 9 89 79 45 35 19 30 55 62 61 16 99 79 62 27 72 89 1 93 43 1 29 25 90 38 8 91 84 15 24 38 78 26 69 53 22 24 13 57 50 86 84 77 28 54 59 34 29 52 86 37 38 81 78 6 96 36 94 78 53 97 40 73 1 57 68 46 52 24 35 36 21 82 55 18 44 56 20 31 21 11
23 94 82 97 1 79 67 81 50 3 83 30 0 9 49 55 40 71 23 64 43 80 53 41 62 53 21 47 79 92 8 80 79 80 51 56 79 3 67 39 36 41 14 93 42 2 52 60 21 43 67 48 1 98 86 38 24 52 73 58 81 66 20 99 54 11 76 57 92 79 19 90 26 47 36 27 31 60 19 8 7 0 26 29 55 44 46 22 82 58 9 76 96 61 71 48 6 37 63 10 100 45 49 51 68 33
55 13 93 72 63 16 22 21 1 58 36 15 33 71 64 14 35 23 15 63 73 87 62 17 98 31 13 58 62 68 85 7 36 51 63 65 25 9 4 93 43 57 28 30 83 93 61 63 99 17 62 93 26 11 42 52 78 82 79 87 19 85 32 83 81 29 35 40 21 71 39 86 85 34 87 35 84 19 95 64 65 73 78 82 11 8 97 69 4 54 58 98 75 31 0 48 29 95 39 92 35 51 7 62 59 22
4 78 90 57 83 20 95 68 33 25 78 36 43 3 53 60 2 35 6 5 23 1 63 85 56 86 95 41 90 67 33 13 62 93 82 57 58 46 99 8 84 67 71 32 78 90 93 46 15 89 72 79 55 39 10 88 85 69 32 78 62 31 6 45 100 88 43 85 74 83 72 77 18 53 85 78 45 1 70 14 16 6 87 19 79 25 81 27 83 33 24 54 11 55 77 90 13 68 45 17 77 24 65 6 2 23
6 71 33 54 78 66 61 10 67 20 90 94 78 70 5 20 50 55 56 31 86 46 13 19 76 2 70 42 37 26 63 65 41 99 77 14 40 1 18 66 45 37 22 6 91 51 23 9 91 87 59 5 54 0 77 17 10 84 19 80 13 7 87 89 99 1 48 18 41 92 15 29 49 61 38 18 94 31 94 35 88 96 38 54 61 45 50 93 83 91 8 50 92 3 42 45 4 30 20 27 21 90 1 10 52 3
49 56 38 7 78 19 74 70 88 21 24 16 80 31 97 78 11 58 28 38 39 97 36 91 11 38 75 9 45 77 51 46 12 52 98 61 14 33 95 13 85 85 2 13 76 4 68 9 89 38 18 54 69 12 94 39 48 70 16 87 29 44 51 56 40 87 54 64 80 65 40 51 74 62 89 29 32 43 75 65 94 35 100 34 33 34 52 38 91 29 27 59 31 27 86 36 89 47 36 91 61 16 65 5 43 57
71 2 88 82 99 47 27 39 25 56 31 63 50 99 56 6 41 13 13 31 20 59 21 5 58 84 0 97 18 80 55 63 10 61 6 85 31 26 92 3 32 8 19 84 100 77 52 33 6 17 89 7 79 83 96 52 4 80 15 71 44 66 10 33 13 8 56 66 59 83 0 4 68 81 84 11 67 59 36 2 78 41 55 13 39 39 42 40 57 61 40 78 27 79 45 39 93 45 92 3 18 97 71 20 86 53
38 79 31 92 87 1 42 4 36 94 84 93 51 60 78 85 18 25 24 51 7 27 19 94 51 38 92 73 87 74 87 8 62 17 63 39 16 18 44 17 59 19 19 100 71 69 42 46 85 67 55 71 52 59 99 70 22 67 64 48 14 55 20 63 30 20 28 61 63 55 79 43 81 86 46 0 96 12 32 91 14 83 57 64 9 91 26 73 37 85 72 83 98 30 44 97 20 2 13 12 78 59 78 35 79 13
59 33 73 99 44 92 94 49 69 84 74 45 32 100 97 95 79 62 39 61 41 39 45 9 47 7 3 27 3 59 5 12 92 64 56 33 24 51 40 7 32 84 14 96 26 2 15 10 6 39 62 5 51 100 84 92 60 95 19 59 17 44 92 86 34 13 32 3 17 86 38 35 33 44 27 72 30 60 46 57 18 83 28 7 9 3 44 47 21 54 43 54 31 32 10 15 96 37 56 90 52 90 28 55 26 41
99 57 72 5 84 66 97 13 94 46 59 32 46 84 72 96 77 44 36 60 38 88 75 92 42 50 75 5 63 2 66 91 0 5 0 50 6 55 67 37 4 14 84 18 11 64 22 34 6 33 16 58 13 81 64 11 35 74 70 66 37 59 1 93 55 92 12 50 46 100 5 68 79 69 49 8 17 4 25 89 0 83 12 57 62 34 17 39 34 72 5 32 72 56 96 22 10 91 50 94 44 96 94 6 20 72
15 10 39 8 84 85 77 25 31 4 72 98 75 12 81 89 31 7 75 45 83 49 90 28 15 65 59 35 21 71 86 12 32 90 64 66 10 18 66 10 44 98 39 49 15 28 67 68 69 95 42 58 96 41 54 64 92 49 70 2 54 27 50 26 39 3 81 55 98 49 25 18 69 20 9 75 57 9 59 40 50 95 33 55 14 0 47 85 27 27 7 99 54 18 12 21 7 76 42 78 99 75 52 70 74 63
77 17 53 60 57 94 53 22 30 98 78 18 93 37 5 87 94 9 62 29 11 14 59 80 45 38 67 94 74 20 30 43 18 72 39 46 85 69 49 87 56 53 84 86 53 86 57 62 34 14 95 15 74 65 34 66 62 12 5 59 14 100 46 60 4 25 29 98 91 58 44 36 79 11 47 9 33 80 7 66 75 37 31 9 88 6 82 40 27 1 33 66 43 61 32 61 93 95 99 6 58 58 6 71 65 46
15 58 86 59 76 10 56 71 41 68 100 65 14 84 31 54 1 60 41 24 12 31 64 96 60 26 57 62 86 40 66 65 34 36 0 68 80 0 60 98 45 49 15 24 15 61 65 45 84 10 29 94 80 57 90 93 2 1 4 75 39 66 93 6 3 95 58 57 1 90 51 31 14 85 74 84 52 43 86 75 65 72 37 4 35 57 31 37 47 39 85 21 31 14 3 42 43 97 12 20 90 71 9 91 84 68
95 33 65 35 96 61 90 82 75 85 42 21 57 2 12 31 54 68 33 47 6 74 11 97 92 48 43 84 4 38 38 27 82 48 97 19 63 80 9 90 32 98 55 23 9 97 19 32 13 51 88 13 61 15 15 85 34 37 73 47 85 33 97 20 91 37 1 11 48 41 97 19 19 43 48 1 48 31 60 17 4 35 86 36 67 35 42 36 70 35 25 0 73 61 63 99 83 41 89 10 62 5 58 63 42 93
92 16 73 82 6 33 99 23 44 94 85 4 33 77 69 84 88 63 20 10 41 6 95 8 75 4 33 60 53 1 52 10 46 9 11 63 33 96 43 96 17 97 56 35 68 81 87 40 81 98 81 72 8 41 96 6 33 38 25 13 72 19 23 59 37 7 56 65 79 36 89 14 54 85 62 67 22 58 23 46 57 33 41 13 11 74 28 56 42 94 75 32 62 51 71 75 12 56 24 47 21 93 8 35 27 37
25 5 80 10 87 23 38 34 52 83 88 21 54 42 32 93 42 13 61 11 81 71 79 16 20 95 43 79 77 71 60 63 69 38 73 18 34 58 86 59 38 64 63 26 57 31 97 24 23 7 7 35 64 11 45 24 49 87 39 59 53 19 7 31 85 88 45 33 55 8 8 12 61 39 90 11 73 43 95 96 26 55 69 71 90 92 2 83 48 70 80 61 8 78 84 39 28 28 10 9 86 35 76 12 50 79
0 61 71 23 25 42 11 25 26 96 99 40 40 57 73 65 71 61 20 49 59 24 69 89 24 56 27 55 88 60 83 36 77 24 42 26 81 61 65 52 71 98 95 34 34 35 37 95 10 2 41 87 51 22 43 8 12 36 75 85 79 13 27 97 64 24 4 46 74 4 89 79 82 66 99 4 76 86 0 7 97 15 72 72 14 3 84 45 26 96 92 3 4 56 84 26 38 69 86 76 12 12 15 8 53 77
62 16 49 85 55 62 22 60 45 93 40 9 96 83 60 0 9 81 14 80 31 69 65 76 11 1 45 56 25 13 65 44 16 27 1 79 9 6 4 94 51 1 87 91 61 67 97 58 18 70 56 92 33 23 8 55 70 99 86 32 88 46 24 17 61 95 31 95 100 24 90 5 46 35 87 42 72 8 64 2 89 60 57 59 23 47 76 17 24 9 67 54 76 91 61 59 72 98 71 59 2 51 14 51 18 69
84 99 46 20 100 50 95 71 99 8 71 58 97 64 8 33 38 37 83 26 89 55 8 72 88 54 17 41 72 20 55 82 66 40 92 1 97 5 5 8 45 0 100 84 98 73 81 49 52 54 10 55 0 85 60 8 59 30 22 48 10 34 41 45 72 37 92 15 51 49 12 51 43 85 99 84 57 66 90 17 32 38 67 94 6 88 50 59 27 71 41 34 15 56 89 67 89 66 17 80 57 24 0 25 52 41
49 24 48 91 72 17 10 98 33 85 56 66 58 67 5 49 55 63 95 3 27 88 45 58 58 24 79 98 85 16 62 9 17 42 43 69 9 41 76 67 82 6 82 14 52 44 22 65 41 41 75 95 10 59 47 99 46 69 33 21 42 31 28 62 100 90 75 6 47 37 31 40 56 45 9 72 84 11 25 29 96 43 92 75 75 16 59 22 11 25 54 48 96 16 35 13 96 0 77 97 65 89 63 31 51 40
23 78 28 41 8 70 92 53 1 95 0 9 99 41 23 62 77 9 16 93 24 9 27 69 46 23 28 66 83 56 39 12 48 19 40 16 67 15 6 25 49 85 90 41 65 13 82 40 32 95 70 93 8 75 34 21 9 72 23 62 39 29 53 41 88 57 45 67 45 42 98 17 8 9 29 71 39 42 68 93 4 73 49 32 44 10 92 70 5 82 62 2 31 18 10 72 37 66 85 36 52 8 57 100 99 8
3 87 82 96 79 43 30 80 50 85 58 90 65 13 99 39 52 35 24 81 4 88 79 9 66 43 42 58 39 83 45 19 34 18 8 67 16 14 79 9 17 59 23 23 94 4 29 37 28 12 70 0 96 20 50 94 89 42 25 22 100 7 46 87 72 88 25 54 11 65 39 19 75 53 39 10 51 74 33 60 87 40 55 0 92 14 81 63 45 38 25 100 59 50 2 21 79 58 93 22 8 41 81 26 87 83
8 11 66 8 48 97 57 92 90 41 35 71 85 15 21 93 84 61 60 40 27 46 10 14 33 63 18 33 89 77 14 58 13 11 6 87 29 43 39 26 80 89 70 85 31 47 1 10 1 60 16 16 77 32 48 82 73 18 64 62 92 23 18 3 41 14 12 21 26 45 47 87 64 81 47 80 74 96 85 10 18 32 14 29 16 42 87 100 53 3 41 43 14 96 47 7 60 9 87 64 38 90 15 61 23 90
46 32 80 71 100 51 77 13 14 59 56 97 72 90 57 94 84 50 33 18 86 18 66 0 39 47 53 83 68 49 98 41 87 28 86 49 65 95 74 88 46 20 84 91 79 8 100 47 34 54 63 15 42 1 7 41 73 73 10 34 26 28 9 66 40 53 17 88 77 17 87 80 39 50 35 6 67 1 15 56 6 80 45 74 72 65 62 97 15 50 14 41 99 99 35 65 7 44 79 4 64 27 81 64 90 75
96 84 67 59 54 26 80 43 14 37 62 85 86 39 39 11 48 86 90 63 83 25 91 81 57 71 71 32 76 9 97 83 32 77 44 62 47 10 15 77 88 79 25 79 90 55 5 55 87 2 4 38 91 100 96 66 21 18 89 4 36 89 82 62 97 99 74 44 77 84 45 24 59 96 62 50 48 50 17 88 60 61 59 81 17 14 57 21 25 34 83 14 1 82 31 31 77 100 19 46 31 73 17 53 62 94
42 1 91 21 96 63 28 25 52 89 7 30 76 72 11 20 11 95 48 31 48 11 46 9 14 66 24 88 5 18 70 89 55 35 22 57 88 29 51 34 97 82 38 15 44 38 54 81 40 50 92 83 25 87 84 55 10 94 14 14 99 68 26 87 18 25 14 76 76 23 12 48 49 85 96 49 92 84 97 55 94 4 10 37 35 97 100 10 84 38 72 78 4 56 77 81 59 86 63 65 25 21 97 22 89 22
31 60 44 69 93 14 8 58 4 8 21 23 84 53 43 9 31 96 3 60 24 98 31 58 2 82 84 66 81 29 30 90 99 24 47 16 79 62 64 14 14 42 31 54 10 81 31 86 66 78 78 60 35 66 65 73 0 13 47 81 7 52 96 76 36 26 86 76 87 6 62 55 20 34 93 17 35 31 53 92 17 100 24 0 83 63 40 0 61 81 41 37 71 15 15 21 5 99 10 72 6 24 43 73 77 50
33 97 55 20 96 90 46 92 55 11 0 87 47 8 53 16 47 12 5 61 70 65 40 6 97 68 7 70 16 27 6 82 94 7 69 73 13 99 45 90 47 54 92 72 18 40 33 12 53 84 14 85 39 30 58 64 23 38 87 77 85 94 91 99 99 52 88 98 14 50 88 78 60 70 43 8 95 20 19 74 8 46 32 47 19 27 19 80 37 15 55 70 88 37 21 62 39 9 85 36 13 88 54 71 0 61
26 99 21 55 6 30 13 64 22 49 2 26 48 16 71 0 29 30 55 41 59 53 91 50 40 14 15 6 99 63 43 60 1 57 37 20 65 92 80 68 94 7 43 29 20 87 54 6 88 10 26 19 10 7 58 9 31 74 35 73 52 11 74 6 64 68 5 22 54 52 2 29 12 96 57 50 8 82 8 23 28 23 92 25 41 74 49 65 69 89 25 7 45 91 48 20 11 60 91 1 100 66 16 22 4 4
18 33 57 76 75 61 74 85 30 57 41 81 28 20 94 4 63 42 73 13 6 42 79 86 12 58 7 13 51 54 26 44 1 45 83 15 23 33 18 52 81 26 48 24 18 11 49 6 74 77 94 88 27 28 38 81 87 100 63 100 78 81 53 73 10 71 6 81 49 87 62 8 100 37 72 14 83 72 99 18 31 100 59 99 41 9 43 56 70 70 97 83 37 38 47 9 82 94 59 88 52 0 33 96 71 39
29 14 36 99 21 46 89 54 1 25 82 85 96 50 63 77 31 20 68 68 32 26 44 27 22 8 42 8 17 92 9 84 54 29 78 89 38 76 21 89 47 24 36 79 76 7 71 59 98 10 96 18 2 4 26 91 50 38 26 88 79 27 0 90 60 72 85 96 54 63 28 52 97 84 98 40 68 62 2 7 91 53 52 65 92 70 91 96 27 32 69 16 98 58 66 67 62 70 60 96 49 82 97 9 37 24
62 8 96 74 33 84 1 82 12 56 90 49 54 30 40 0 4 75 77 76 41 100 28 58 39 69 65 98 78 14 74 70 58 75 74 31 22 52 61 86 29 93 1 16 33 75 96 43 5 65 2 84 12 65 3 14 6 100 15 4 0 79 93 85 63 99 24 0 98 3 74 74 81 31 58 41 34 39 37 64 63 85 57 77 24 42 45 32 9 52 44 47 40 44 81 42 29 37 65 79 27 63 44 6 17 91
16 54 37 17 55 82 19 50 40 97 70 88 60 79 75 83 84 15 3 23 23 16 94 28 70 4 92 44 99 51 41 2 3 59 92 41 21 99 44 11 76 39 4 22 50 19 45 92 31 22 26 81 82 74 2 34 27 50 81 68 79 77 89 16 4 56 73 42 43 40 19 30 90 94 12 83 50 53 10 91 4 29 31 70 12 10 41 58 59 94 56 51 39 88 23 88 42 36 82 21 32 44 66 33 60 97
31 2 90 92 90 99 51 73 86 71 75 82 73 44 88 71 42 54 98 73 32 50 76 18 79 47 89 65 72 78 81 74 10 40 79 79 50 49 90 75 98 84 77 80 15 57 75 57 72 45 29 66 92 32 49 29 96 37 30 15 12 9 56 13 89 46 57 69 95 3 31 19 13 41 43 5 79 66 8 7 98 51 58 73 89 81 53 28 52 75 98 48 45 62 74 21 18 8 58 24 97 58 47 72 17 13
29 22 6 70 47 47 28 38 58 64 54 7 9 10 95 48 67 12 14 73 56 32 75 91 62 66 19 9 72 73 53 65 30 26 55 6 22 57 11 24 37 18 21 20 58 87 69 40 73 0 23 39 67 73 4 6 11 88 21 24 30 93 12 56 44 46 72 18 17 57 0 95 57 65 47 33 81 24 11 22 36 36 31 11 5 79 96 34 48 13 66 58 26 69 81 48 51 85 74 11 71 19 25 74 97 16
73 0 17 88 53 42 81 43 99 74 96 43 18 70 48 76 51 100 31 76 0 39 49 51 16 43 99 26 36 0 86 42 96 63 39 5 71 6 93 22 5 21 28 17 43 2 25 28 57 86 37 19 58 37 80 46 99 74 57 69 33 33 80 0 88 71 20 22 49 27 74 14 41 78 60 38 32 52 70 67 11 97 67 91 21 25 16 18 75 12 87 55 37 68 42 6 44 2 16 4 18 9 28 29 63 30
26 8 78 5 67 0 7 93 94 26 97 31 88 35 60 24 61 32 32 100 5 84 76 68 41 38 47 72 29 23 63 92 5 81 27 7 33 99 96 46 18 85 83 14 28 36 52 22 57 82 59 1 98 13 46 8 3 36 41 19 66 8 2 30 81 36 39 24 34 87 12 20 84 44 27 40 58 99 46 51 55 64 73 20 79 87 20 97 44 61 72 24 40 14 95 95 83 30 62 88 14 41 76 22 23 20
32 65 8 41 62 54 13 44 51 19 69 33 13 67 17 82 94 4 99 68 5 80 68 47 82 20 64 78 63 85 72 60 73 22 94 1 77 5 6 12 81 59 93 52 97 31 90 87 43 78 34 16 20 15 97 56 82 43 100 7 48 65 51 33 38 2 27 10 52 8 84 67 64 54 41 78 53 55 81 39 67 52 71 71 14 19 2 100 99 55 66 76 78 77 6 14 53 78 40 35 89 42 26 59 52 59
61 61 45 97 88 38 93 36 28 9 68 13 1 43 36 65 51 37 31 16 52 33 7 1 84 16 24 55 5 2 32 48 47 1 35 70 89 17 97 56 33 38 14 23 54 68 71 19 63 81 83 68 47 55 73 5 36 6 76 84 44 95 42 45 28 49 16 22 91 2 25 25 6 28 96 54 2 72 97 53 17 23 57 73 68 12 3 57 65 62 53 20 39 44 60 6 86 57 21 55 71 41 58 69 26 29
70 37 10 72 36 0 41 22 10 60 66 35 73 69 48 94 14 6 70 0 4 12 29 11 79 9 40 34 32 31 0 85 19 4 50 78 25 66 9 88 26 78 89 77 23 60 3 43 58 79 76 60 100 20 39 28 18 7 52 28 69 9 11 52 70 18 96 51 29 92 44 83 13 58 40 60 57 57 45 22 86 1 37 97 22 38 56 26 58 31 96 42 82 31 51 51 99 65 23 2 18 14 88 45 5 71
0 95 6 56 22 15 77 91 60 69 51 28 93 51 15 96 26 13 51 93 1 16 26 86 13 24 89 30 75 61 51 56 76 66 78 55 11 10 95 32 35 13 44 67 37 95 15 93 24 89 29 6 42 11 61 48 22 21 81 82 47 8 21 29 97 11 19 32 40 67 78 19 50 16 80 41 74 34 58 78 91 4 91 82 54 74 37 40 56 69 82 61 33 66 70 81 38 58 24 94 80 1 44 7 99 42
89 83 61 30 39 1 68 53 64 99 25 38 91 46 16 24 70 68 78 60 36 97 86 76 74 26 25 15 86 47 92 89 14 58 58 70 68 20 89 63 88 8 38 79 34 93 17 84 63 60 39 84 76 35 15 60 21 95 43 3 79 91 2 82 89 63 67 100 47 63 98 26 97 88 32 28 70 36 8 31 41 66 75 82 83 73 69 36 84 76 16 18 31 0 50 61 14 3 52 25 15 64 3 74 63 30
59 76 70 81 12 71 29 68 66 64 98 55 25 97 28 76 47 8 3 43 49 77 82 72 84 68 21 50 72 0 18 70 42 91 44 56 41 75 53 22 38 27 29 98 60 60 59 34 9 74 58 14 63 6 69 18 92 93 23 30 24 66 29 32 83 7 49 14 16 51 29 14 3 27 60 78 19 64 38 60 82 35 46 100 46 90 54 73 7 78 40 97 20 40 34 2 100 87 34 54 4 11 11 71 33 30
33 57 18 74 87 59 56 46 88 16 46 36 44 26 89 12 93 4 1 34 22 16 32 31 7 69 99 77 95 12 59 8 83 34 92 39 40 69 2 86 11 29 31 2 32 90 90 24 85 95 46 51 97 58 13 31 32 50 80 88 31 5 40 86 49 69 68 99 64 51 100 51 95 71 57 68 83 70 6 22 43 100 30 46 45 63 39 23 50 9 17 92 98 9 75 97 42 72 83 99 63 72 44 69 100 15
49 40 94 58 57 50 74 82 74 32 73 74 35 38 89 58 97 79 36 23 87 73 12 7 71 100 76 94 10 78 46 83 39 23 0 62 68 82 28 23 29 71 83 41 93 38 83 42 94 20 69 5 72 71 66 21 99 1 76 50 3 8 10 9 81 41 32 99 3 20 1 22 26 10 34 46 1 86 12 80 24 95 47 19 22 23 54 4 74 1 6 74 32 81 73 54 82 33 90 68 69 73 66 67 93 68
88 8 59 32 38 89 76 4 74 94 56 4 24 28 77 29 50 29 79 27 34 25 39 19 13 21 79 47 95 54 6 50 27 51 74 26 12 20 71 45 87 87 82 92 38 52 81 22 99 27 53 27 93 42 84 66 43 82 75 72 12 73 14 66 21 63 45 39 20 71 21 27 72 85 34 43 52 74 40 24 76 26 23 53 46 64 16 47 10 96 100 26 44 82 94 88 4 88 48 60 39 5 8 1 53 33
14 95 88 14 32 71 8 80 11 70 79 83 12 85 73 54 46 92 68 75 40 71 31 43 74 20 53 96 98 28 52 33 81 14 62 86 53 9 84 74 27 42 48 7 26 77 20 38 1 81 56 99 96 51 8 43 6 27 50 60 5 66 44 87 26 41 69 78 58 73 8 82 14 58 45 74 60 62 41 7 55 3 46 67 73 42 24 32 42 24 34 35 50 36 25 90 34 95 34 86 78 59 71 16 29 24
67 62 39 27 44 13 26 58 12 88 2 70 20 35 75 24 23 87 41 81 79 72 56 3 29 66 45 98 100 5 57 72 37 17 52 70 4 91 57 52 82 46 33 27 90 58 49 91 13 88 90 76 34 67 22 27 77 54 53 88 50 98 54 41 70 2 51 83 16 60 35 19 75 83 44 57 79 6 48 48 71 42 87 37 50 26 66 52 1 36 74 42 33 32 21 28 85 94 73 25 26 49 96 18 10 43
70 99 43 6 45 5 22 7 59 50 35 11 12 59 14 28 50 66 17 90 65 33 85 25 95 54 43 97 39 100 90 23 78 73 5 81 74 72 23 89 48 38 67 53 42 59 100 18 53 28 60 3 91 27 36 30 38 15 70 21 100 90 27 75 46 27 30 36 71 98 11 55 83 86 3 80 38 86 93 53 86 87 46 19 74 61 3 72 35 67 44 70 23 42 42 35 26 18 25 38 97 10 69 71 53 2
100 50 73 72 37 37 64 2 24 37 24 26 38 57 5 1 68 39 75 62 39 45 90 4 13 60 65 70 77 68 39 90 48 15 19 94 11 45 22 18 61 40 50 36 97 7 96 54 10 1 48 40 68 66 37 49 72 25 19 48 8 62 13 28 62 95 71 33 38 30 59 70 46 30 76 6 61 9 41 5 49 1 28 21 75 0 63 0 84 21 6 90 34 43 55 18 18 15 34 99 63 85 13 76 90 25
31 54 56 27 98 93 44 54 63 29 85 15 87 89 61 25 37 79 16 73 69 14 64 45 10 5 49 95 37 48 77 98 31 46 8 94 55 70 73 71 67 39 56 24 1 54 22 38 7 56 26 49 68 36 86 96 36 33 85 48 93 27 27 31 39 22 35 90 62 11 55 8 34 91 3 80 19 14 1 56 49 13 2 37 69 60 74 51 87 9 85 15 97 87 1 78 60 1 48 15 93 56 52 81 24 78
98 64 47 5 52 30 98 99 7 22 69 99 97 98 54 51 53 10 36 91 21 67 89 52 15 43 33 19 46 85 50 59 41 76 78 0 54 75 12 75 46 46 68 54 11 8 75 68 53 34 65 68 82 36 98 12 62 54 89 9 51 87 71 15 2 14 78 89 64 38 49 88 98 64 72 3 86 3 63 23 92 89 97 98 78 18 15 91 98 75 41 44 99 48 81 35 78 25 64 23 36 7 64 62 97 83
34 79 5 3 94 7 45 8 35 35 23 85 77 21 68 40 40 19 88 97 82 72 18 92 80 68 25 6 51 52 6 9 20 23 60 66 95 0 57 22 25 99 16 23 78 99 46 38 57 19 81 85 58 22 80 9 13 60 69 90 8 77 79 58 35 17 15 33 81 85 25 17 54 17 24 82 24 80 93 9 19 42 68 52 12 36 62 82 28 29 5 51 75 53 78 1 99 87 53 69 39 16 41 86 96 79
82 74 73 90 66 61 44 24 19 75 67 77 11 25 9 7 75 7 50 52 64 45 45 89 5 28 99 7 76 79 85 36 15 79 26 99 19 92 94 57 94 50 57 89 61 9 79 88 57 50 25 0 41 32 31 67 81 47 80 28 52 37 31 68 38 46 63 21 43 19 12 73 33 47 69 17 58 59 4 91 96 31 88 68 100 75 31 17 62 98 11 30 79 92 25 90 58 35 48 3 5 54 38 70 25 51
38 19 24 4 19 74 66 5 48 10 53 88 68 56 58 67 100 38 3 37 16 47 88 7 62 20 6 27 40 57 11 44 38 37 81 68 89 61 62 13 76 45 72 21 22 57 30 58 1 13 92 31 24 32 27 27 25 38 30 7 73 78 93 48 79 60 77 85 79 12 5 57 58 59 10 45 48 30 76 72 92 75 3 2 32 58 94 75 94 25 77 71 30 53 64 60 11 53 3 39 79 57 41 66 59 31
27 86 89 83 46 6 96 50 8 74 63 29 99 94 35 92 81 59 35 13 47 51 26 89 81 81 99 49 48 3 51 45 60 9 64 92 1 34 61 26 90 53 26 83 6 80 29 25 15 56 14 63 74 71 29 10 81 57 58 4 51 61 29 18 34 49 94 0 17 9 13 92 7 64 35 58 96 40 39 74 66 36 9 11 30 65 47 94 20 5 35 29 36 95 23 27 75 16 8 39 43 13 80 12 35 83
74 45 4 62 30 47 39 9 48 66 80 53 37 26 67 90 45 64 61 66 64 4 79 56 2 86 22 8 61 81 94 44 38 67 64 44 46 100 34 25 96 51 41 9 67 63 85 65 10 56 36 24 83 99 56 23 91 81 61 16 54 35 38 14 61 20 80 21 28 96 23 93 19 65 18 54 84 92 11 16 74 52 70 39 16 33 68 67 51 2 43 35 3 17 35 36 52 66 83 18 58 52 94 24 51 19
32 78 75 85 60 36 41 78 27 1 15 82 80 40 57 68 46 83 67 31 56 74 89 45 100 26 41 66 72 26 18 94 18 63 0 42 27 20 99 74 70 32 81 61 67 72 38 23 41 93 78 40 19 54 63 12 86 50 42 72 41 52 56 71 100 94 73 38 100 56 64 1 26 13 25 26 1 15 3 58 90 80 31 3 34 25 88 67 66 48 18 89 56 20 80 90 72 23 7 28 70 16 36 35 25 60
53 93 97 37 20 88 70 35 22 56 81 10 69 91 45 55 25 15 96 49 25 13 31 22 10 33 42 53 97 87 96 53 18 67 8 0 15 44 64 44 10 29 67 96 78 79 24 92 50 61 5 9 74 89 27 37 60 78 75 14 97 96 65 57 6 16 59 98 60 8 70 81 79 42 33 65 15 79 99 48 17 99 63 70 18 46 95 83 13 18 16 56 55 58 11 26 35 14 99 99 2 98 80 95 4 6
30 7 39 2 59 26 81 84 27 85 88 2 69 39 49 65 53 33 13 67 88 87 6 28 83 0 29 24 32 75 63 23 69 68 60 5 78 33 99 75 100 42 29 17 69 69 39 81 44 71 64 60 39 93 43 81 82 36 26 77 39 21 6 47 25 87 6 17 63 7 33 84 36 1 93 62 64 95 88 38 86 2 73 2 25 72 13 58 62 1 47 46 47 55 85 57 92 15 89 21 93 34 21 20 48 48
89 42 4 46 86 19 13 87 34 93 23 79 4 98 14 34 31 53 67 70 65 47 36 53 54 73 51 57 82 17 3 89 60 50 19 22 1 66 81 13 47 25 85 60 63 84 45 19 84 19 74 67 48 14 42 53 29 80 19 75 36 60 17 54 20 27 9 9 22 3 94 78 76 67 47 37 6 0 18 70 77 91 35 38 1 45 17 98 83 89 23 53 3 56 40 42 89 24 34 9 6 77 53 57 45 26
48 77 43 34 19 16 4 58 79 4 73 70 38 81 69 71 89 63 1 8 97 42 100 13 45 8 71 41 63 22 28 39 4 33 10 6 88 61 0 72 84 76 6 26 89 29 48 69 48 62 15 97 24 58 2 43 99 30 39 50 16 68 18 60 81 0 55 53 10 73 94 47 58 6 8 95 92 39 0 98 68 25 71 78 42 12 73 74 81 5 80 27 40 63 83 31 25 1 2 74 2 31 38 75 93 94
28 80 65 17 98 32 95 95 3 60 83 8 13 23 60 86 66 61 13 87 33 95 7 27 5 47 89 10 23 26 41 80 2 38 81 39 74 29 79 40 85 0 56 3 71 67 27 75 12 57 0 76 88 85 76 90 7 35 58 2 84 39 49 14 11 11 26 16 79 84 100 100 4 33 28 69 38 0 89 76 4 19 7 76 41 9 83 23 62 80 64 28 23 6 89 7 14 100 21 65 30 94 9 25 48 59
23 66 85 34 48 12 52 64 82 44 48 93 56 41 90 28 74 42 54 7 32 25 37 49 31 32 8 72 99 65 59 66 30 22 32 73 86 67 0 70 81 40 59 95 48 55 39 44 71 96 27 70 0 82 55 64 5 31 69 19 13 32 67 67 30 85 88 26 41 40 16 80 87 5 76 15 56 46 69 45 0 20 97 94 85 10 52 59 49 91 3 73 50 19 75 32 62 23 90 1 51 42 63 17 7 2
87 73 23 18 59 57 71 18 41 30 39 60 28 34 33 40 96 54 18 12 83 2 5 72 36 81 74 79 49 100 44 91 2 25 62 1 2 78 28 89 1 96 87 6 1 67 42 36 44 50 47 91 28 8 95 6 29 56 45 17 63 54 93 63 9 10 28 27 85 72 10 64 54 15 84 7 11 72 34 83 34 14 14 69 31 47 93 66 71 86 92 64 33 47 52 91 49 55 8 84 23 96 18 6 63 70
59 23 77 17 58 91 68 76 23 99 10 20 10 68 1 98 64 18 41 18 93 60 57 84 61 16 26 3 9 65 88 81 65 49 76 25 94 14 73 7 17 8 94 78 9 55 68 55 84 80 80 93 6 96 20 30 26 78 64 43 87 99 15 61 98 98 73 43 65 94 6 21 38 23 8 78 10 23 77 16 33 41 21 49 22 100 94 85 20 73 9 28 72 79 91 37 83 7 66 84 24 58 82 0 11 44
