88 24 44 75 57 64 90 88 94 47 96 35 46 100 23 64 51 13 58 20 83 80 95 34 55 32 2 76 4 41 25 46 5 16 7 28 61 90 40 27 4 65 72 65 74 78 42 48 24 71 3 84 67 49 82 72 78 33 17 7 61 64 53 70 59 49 5 18 46 19 33 5 41 98 44 30 20 69 5 34 87 74 94 14 53 45 10 89 75 55 51 24 76 75 65 39 65 66 2 89 89 67 86 31 93 60 69
59 20 47 89 24 18 93 24 12 72 22 67 70 75 47 37 58 39 50 16 90 83 10 51 29 57 72 19 31 27 37 2 69 84 90 96 34 86 49 10 24 18 15 61 55 4 21 90 9 56 0 76 74 53 37 59 72 43 19 70 64 9 76 7 87 28 70 19 69 26 81 75 10 51 50 21 99 40 87 71 24 75 30 53 23 85 25 7 56 97 70 36 69 70 71 84 72 0 33 49 71 59 85 93 95 21 62
60 1 25 92 81 47 44 93 87 18 67 26 43 37 79 73 46 73 51 85 1 62 42 89 88 61 87 61 88 57 48 48 29 23 24 33 48 79 62 89 49 66 5 49 36 4 94 17 94 24 28 85 87 30 26 93 90 11 99 8 14 47 80 55 60 33 92 54 73 46 91 76 45 97 51 27 32 30 22 70 12 53 75 93 73 92 62 5 76 99 25 88 53 70 98 64 72 85 29 75 73 87 3 38 41 95 11
26 91 30 59 21 67 3 43 60 23 72 51 83 42 26 0 57 2 59 49 2 34 27 78 82 29 97 50 67 4 46 99 44 2 6 66 24 44 46 34 55 35 79 91 13 17 55 19 86 78 41 47 82 52 4 11 93 6 21 75 47 9 11 60 80 74 55 13 32 90 37 61 41 27 24 53 67 45 48 56 94 61 14 86 23 21 40 82 70 32 46 62 29 52 21 46 50 42 7 90 84 20 52 41 79 88 6
85 18 46 14 50 99 48 70 63 62 93 38 12 32 81 5 46 61 30 35 29 43 12 71 80 96 39 75 81 91 20 21 89 11 92 91 60 46 78 60 91 83 22 81 32 11 10 3 42 55 63 54 36 75 63 63 66 5 87 1 69 43 9 78 33 24 65 38 14 0 99 29 83 36 25 53 62 27 31 63 25 56 56 37 62 6 24 53 38 40 44 29 80 80 62 11 75 8 8 0 12 53 79 46 86 92 82
76 3 61 30 82 95 34 1 10 61 13 10 55 73 88 65 16 25 34 63 77 37 49 99 91 19 48 56 84 16 61 59 71 34 98 33 60 34 69 35 100 95 28 96 77 12 52 88 36 43 2 97 73 19 88 25 13 68 24 67 75 73 100 63 79 30 20 94 78 57 94 85 30 64 97 67 68 61 29 49 77 61 33 10 54 53 78 22 45 83 98 40 73 61 4 81 30 33 75 68 96 85 45 10 64 98 26
73 78 3 45 56 1 68 50 84 3 62 35 2 3 18 10 84 33 38 53 34 3 26 12 52 14 51 84 99 15 78 49 86 39 67 87 49 76 82 71 53 90 27 97 64 22 26 48 4 26 25 17 43 39 79 86 16 43 2 36 1 26 50 2 90 55 28 83 39 66 4 23 19 62 46 26 19 22 75 43 28 59 39 37 35 39 5 8 23 47 90 24 61 77 46 22 16 49 91 68 21 88 85 46 23 14 33
85 24 11 72 99 84 98 53 58 84 61 96 39 15 51 89 33 27 83 87 82 12 17 26 15 63 67 15 100 45 28 33 88 59 45 53 54 53 96 55 31 15 43 30 24 68 74 91 70 1 66 19 9 71 35 55 73 64 31 34 31 97 53 25 28 89 61 53 34 59 12 0 95 27 17 100 12 52 60 45 72 97 19 50 37 76 3 49 57 17 28 60 17 30 63 63 85 3 35 92 32 76 87 51 17 93 99
90 8 32 58 12 95 22 18 54 2 83 35 29 2 84 53 93 71 20 54 76 49 78 67 86 40 0 5 75 65 87 51 54 57 46 56 95 2 23 58 54 85 85 73 9 72 86 71 66 25 13 97 28 93 82 6 14 22 91 98 96 90 97 70 78 50 62 96 95 39 1 2 49 62 10 15 83 17 84 28 6 93 72 25 82 17 38 69 42 4 19 24 75 46 41 4 11 73 13 10 62 80 86 3 100 10 27
39 30 52 70 77 11 55 85 30 97 46 50 65 46 19 61 71 99 15 33 56 97 86 50 26 53 64 24 100 19 75 94 98 26 95 0 42 8 100 42 7 55 33 13 56 27 43 84 44 6 50 77 93 40 23 9 39 88 26 90 94 77 51 36 41 0 3 39 19 76 50 44 63 46 77 58 21 0 82 40 3 55 84 10 94 39 59 31 43 9 71 38 63 93 37 84 3 43 0 93 48 32 69 66 99 79 95
85 77 82 58 8 14 26 31 18 1 10 43 93 53 49 52 56 51 55 100 23 10 21 41 20 58 72 9 72 71 24 62 22 32 36 59 31 33 18 57 30 0 49 100 82 59 33 60 5 89 94 1 35 66 48 6 97 44 21 80 38 13 16 93 84 4 77 99 97 45 37 68 49 74 44 22 45 86 41 20 77 33 38 78 47 69 10 19 91 70 1 52 84 10 18 51 10 79 92 6 50 19 68 75 29 27 12
44 79 7 21 31 0 97 75 93 85 42 86 96 51 60 52 53 61 5 37 93 96 56 25 79 31 91 94 1 37 97 45 41 49 38 8 0 87 46 24 60 49 11 91 92 44 21 67 72 96 14 43 43 53 25 28 99 79 19 14 96 6 16 76 16 37 27 13 9 65 23 28 0 38 5 40 49 32 78 63 29 92 3 60 83 45 32 17 17 29 96 32 68 70 59 90 13 92 89 17 9 46 54 88 5 94 99
15 46 77 18 99 98 25 29 61 90 23 72 57 76 18 89 30 61 1 73 52 41 61 87 90 78 31 14 22 8 99 3 81 45 89 57 78 24 67 59 12 48 77 26 0 93 26 91 16 83 38 21 20 46 23 24 92 65 40 59 19 1 7 13 20 76 2 79 78 18 1 26 58 6 2 28 76 31 91 25 58 1 89 77 77 29 42 55 86 93 82 19 5 86 67 25 29 68 51 20 62 69 53 0 60 68 24
84 62 11 79 2 70 49 68 29 72 14 1 10 48 16 23 19 72 9 15 79 43 80 50 17 99 23 64 65 22 25 15 79 0 42 82 3 97 9 36 36 9 47 30 33 29 78 97 43 64 51 72 11 15 77 31 89 60 62 63 5 69 71 65 93 49 91 10 55 89 17 41 1 90 20 24 53 47 4 89 63 58 98 57 40 54 1 55 17 11 48 27 66 94 49 5 45 78 82 80 15 67 47 67 56 50 73
92 23 82 13 38 4 5 74 77 53 38 50 27 6 95 77 52 88 70 85 79 40 40 28 59 65 10 16 33 79 19 44 36 50 76 70 66 26 41 49 75 92 41 47 39 47 14 35 84 99 57 74 15 47 25 31 8 45 35 63 44 70 81 10 36 57 73 82 35 60 85 56 39 56 13 61 50 35 7 89 72 11 64 4 45 58 80 74 75 58 91 92 0 34 99 69 59 74 80 23 82 97 10 97 97 52 42
85 41 18 87 11 60 0 22 76 4 94 16 38 25 23 9 94 17 21 36 84 57 41 70 31 55 59 58 76 28 47 87 22 16 10 14 41 34 78 96 46 23 67 78 55 1 22 8 36 58 33 28 63 56 38 25 32 46 16 31 80 94 6 93 65 88 60 97 4 29 13 41 37 50 37 44 87 43 53 5 27 90 92 11 16 60 90 40 33 16 39 82 72 24 94 0 81 61 95 72 87 71 70 89 46 10 80
24 96 68 35 56 56 99 82 89 88 29 25 32 40 19 52 45 84 90 3 31 22 50 19 84 8 82 74 39 27 18 30 18 29 76 26 8 78 88 15 85 33 25 76 77 29 14 94 58 52 70 6 38 51 31 95 50 96 62 49 29 53 25 63 28 2 0 11 49 80 36 37 88 10 38 99 28 86 8 65 49 88 73 77 90 95 72 13 66 56 29 77 57 18 28 57 96 83 86 15 11 85 51 83 94 44 54
14 49 25 13 74 69 90 46 19 8 91 46 96 16 92 67 0 11 81 42 41 28 70 73 48 11 42 92 22 13 6 77 67 25 77 58 37 81 32 55 11 4 34 91 98 59 34 16 10 55 76 92 98 12 55 32 24 16 64 5 54 22 2 19 10 40 62 18 12 64 14 13 67 92 7 50 24 43 85 69 98 91 90 0 51 39 71 84 27 89 70 98 100 59 19 42 53 18 96 77 68 88 56 10 71 81 52
60 57 19 14 27 37 10 91 1 2 17 22 44 62 97 76 50 83 98 62 2 44 73 29 22 77 13 33 34 33 35 14 62 98 62 18 82 71 78 85 99 34 98 12 29 44 17 43 23 46 76 8 3 43 35 15 8 71 52 76 40 46 70 9 74 6 27 84 100 82 64 84 15 39 40 92 6 28 7 97 60 75 66 2 63 47 65 95 66 93 64 68 50 23 68 53 55 67 84 23 38 47 69 84 60 74 47
80 32 15 19 81 70 73 20 14 19 41 84 17 12 7 23 23 20 44 96 29 71 80 76 65 57 51 48 23 15 54 14 79 71 26 71 46 34 41 4 32 64 80 60 58 13 63 36 21 65 16 45 16 25 73 76 45 99 20 44 54 85 0 93 82 55 53 35 57 5 85 45 21 87 20 85 86 32 66 95 82 81 4 36 70 49 30 38 82 85 42 60 81 2 41 47 2 30 100 90 46 83 90 69 89 60 39
19 77 56 0 96 12 67 4 70 49 45 92 88 10 97 97 14 5 39 15 37 1 24 45 41 7 30 60 69 15 39 69 69 17 83 14 88 20 20 69 71 46 24 34 80 71 95 85 47 73 33 81 70 76 29 68 34 66 45 82 73 15 79 64 76 88 98 89 89 69 58 62 69 78 35 54 86 83 21 74 74 94 27 57 31 93 58 24 50 78 72 3 12 19 64 85 24 58 65 14 43 48 33 95 10 5 74
46 89 14 30 20 50 95 35 97 59 92 82 26 35 94 43 0 54 54 98 78 32 38 15 56 16 45 68 69 73 22 30 55 81 84 73 60 2 67 19 41 89 47 32 66 31 9 80 19 0 78 75 8 27 14 60 0 56 50 59 22 98 19 31 69 91 50 32 5 95 9 94 6 86 66 66 41 29 88 39 70 39 8 75 99 79 66 26 92 80 64 49 64 14 11 13 50 99 68 100 73 52 51 60 3 44 93
39 57 25 34 16 32 16 6 29 52 88 71 39 66 1 5 9 63 61 78 46 23 34 37 93 78 85 80 27 51 18 69 51 41 74 5 37 99 90 21 25 20 84 70 69 79 39 33 30 25 87 40 17 6 19 47 9 54 89 82 70 57 44 3 34 86 74 24 87 40 4 67 56 98 57 97 5 26 54 76 20 9 40 93 11 76 91 25 24 33 92 47 15 63 15 48 29 51 58 72 49 53 83 49 88 0 84
5 69 34 46 30 71 23 70 7 42 99 0 34 3 33 30 60 56 57 66 82 44 90 8 70 49 56 90 71 21 17 19 56 18 26 83 30 4 52 6 3 46 15 57 10 17 68 45 74 12 60 62 87 14 33 24 56 44 96 100 58 15 49 32 11 7 64 69 30 89 66 28 0 10 39 42 52 81 41 31 18 96 20 35 93 100 59 52 98 10 40 18 72 80 26 93 21 20 34 53 49 91 78 45 90 13 44
36 49 68 6 95 37 15 49 10 45 64 64 39 8 10 44 27 23 22 68 11 56 37 88 84 2 5 72 95 57 90 3 15 2 32 52 29 32 85 68 92 74 1 69 15 96 93 63 18 47 28 65 46 52 36 17 78 82 46 56 36 84 70 44 25 35 25 46 27 54 95 75 71 58 7 10 35 57 26 44 58 99 11 25 60 98 82 2 36 9 97 41 58 12 60 42 1 6 54 29 43 60 76 52 68 27 74
61 84 76 75 98 86 41 64 22 50 0 5 2 57 94 87 1 41 89 38 44 86 77 60 6 3 97 70 72 69 77 56 40 57 58 88 34 61 97 15 1 93 10 57 53 39 49 29 56 2 39 23 81 59 7 15 27 9 45 39 57 72 57 24 98 8 41 61 5 9 10 16 20 16 33 83 62 4 40 45 7 3 5 35 74 89 39 23 58 25 67 68 50 95 54 98 83 84 99 44 12 35 2 87 39 10 53
34 53 31 55 87 3 83 44 63 20 52 24 64 48 52 29 22 39 7 13 20 73 9 55 20 56 37 21 28 46 55 58 70 54 63 98 80 90 18 21 17 27 11 93 82 11 76 92 14 67 22 8 25 17 14 63 49 63 76 41 23 21 21 1 58 43 28 0 41 24 10 16 98 66 92 24 3 13 8 63 69 18 70 71 68 80 27 35 97 85 68 57 99 98 97 53 73 68 57 33 9 90 65 2 88 94 87
84 100 87 18 14 13 1 68 27 45 32 85 51 33 59 22 47 45 26 54 86 40 91 56 29 74 71 25 60 78 27 9 1 80 78 36 38 33 19 54 22 28 43 5 25 19 66 33 74 93 92 11 67 85 95 85 73 14 74 81 65 60 91 3 92 86 35 0 67 16 31 48 95 90 22 13 21 87 21 90 50 52 77 62 20 37 94 94 82 10 76 77 85 30 57 61 92 17 15 37 62 7 4 22 48 19 90
54 54 60 21 98 5 100 50 37 78 74 83 30 74 64 72 54 0 11 60 89 95 38 32 70 20 69 63 46 64 1 99 34 6 20 65 76 66 8 11 100 33 90 44 5 68 32 93 47 67 41 99 44 22 65 28 88 53 88 69 73 80 75 62 59 59 10 5 41 99 57 84 28 83 88 13 72 58 76 81 23 18 62 92 78 94 30 87 2 81 11 86 5 22 28 63 41 91 51 78 32 7 9 19 13 42 14
34 66 12 81 23 85 91 80 41 56 90 74 88 6 45 12 45 95 2 70 23 17 13 97 84 25 62 46 73 20 97 76 53 75 77 84 4 74 86 45 49 15 45 86 4 1 84 83 40 86 31 42 46 89 57 35 71 81 30 29 13 100 51 93 94 78 97 17 31 98 65 75 69 32 53 71 44 39 24 32 96 82 97 44 74 84 28 47 9 79 77 80 98 92 21 95 3 6 43 55 49 6 10 72 22 83 76
86 7 18 64 89 3 40 70 17 57 97 28 86 35 19 97 91 66 1 49 5 22 99 19 85 56 61 97 84 17 39 37 23 16 3 4 3 78 65 4 13 64 56 87 50 29 60 56 53 23 16 74 46 32 66 46 12 6 63 48 93 19 55 18 63 37 7 19 59 23 52 0 95 27 31 46 19 49 81 36 40 3 25 11 51 84 79 82 35 80 18 42 39 42 55 15 55 96 34 21 99 94 81 67 70 83 17
14 33 27 79 32 12 69 47 38 4 99 68 53 7 72 6 75 51 71 6 69 36 79 18 66 23 13 64 39 59 36 21 9 85 66 59 97 94 27 93 11 87 88 89 87 53 78 71 10 7 2 99 52 71 3 78 90 82 14 35 39 27 100 4 85 56 100 68 23 92 23 1 79 42 2 30 82 59 18 31 2 79 43 26 84 70 12 43 30 95 16 92 55 99 16 15 48 88 37 69 27 95 33 57 14 43 47
70 84 7 49 75 54 23 46 94 63 88 2 40 51 94 15 76 36 65 85 50 64 13 14 49 28 86 99 67 41 74 5 84 74 88 11 98 31 16 97 33 31 63 52 94 31 76 2 42 29 57 4 65 86 19 18 26 27 58 21 44 90 59 24 85 16 23 70 49 22 34 26 26 57 93 25 26 25 89 13 14 97 68 20 76 90 54 13 12 7 23 37 39 10 14 39 24 16 84 3 64 0 5 96 59 43 90
18 30 5 83 23 24 2 15 9 69 62 99 52 100 43 62 19 20 71 90 26 59 68 95 20 99 60 88 79 54 9 44 16 14 94 99 97 4 90 92 71 70 98 1 23 48 70 63 89 11 37 39 9 13 52 74 29 80 99 64 55 98 50 92 73 72 4 62 4 76 75 72 33 14 2 15 60 72 65 59 1 49 83 8 95 82 100 64 61 33 76 64 88 26 9 70 74 72 58 88 87 78 95 63 80 43 97
27 49 35 29 38 81 76 96 22 4 100 1 35 66 6 33 98 0 66 51 77 98 42 100 59 50 36 90 99 39 27 24 9 3 76 42 2 43 89 83 80 94 85 70 24 11 1 5 68 4 20 93 79 88 29 82 37 75 40 1 85 95 51 51 67 6 12 73 40 54 99 3 5 54 30 48 3 65 88 18 68 55 49 32 84 20 5 90 52 8 17 24 35 62 28 43 68 7 2 99 37 62 87 56 7 28 77
30 64 40 28 50 11 53 2 39 63 31 37 17 99 50 38 56 73 84 80 100 45 19 88 31 85 43 43 27 6 18 90 25 54 6 16 39 37 100 39 52 86 1 86 93 80 39 23 42 38 21 98 7 7 82 68 53 41 60 41 9 75 97 96 72 86 67 92 78 72 20 68 35 69 61 80 27 82 63 22 53 36 35 64 94 17 29 20 8 34 66 2 16 76 98 80 33 11 40 57 19 96 95 71 100 51 96
77 87 12 72 21 63 77 77 0 67 12 90 43 53 35 38 38 57 29 11 56 96 65 38 90 27 88 70 52 85 24 93 80 10 59 93 90 34 16 97 17 59 0 74 23 54 34 1 14 37 37 3 84 84 10 27 62 12 21 31 87 79 61 13 58 24 20 86 14 86 72 44 43 29 100 75 37 77 70 62 6 55 2 10 30 21 95 26 88 4 9 94 79 70 71 10 62 82 50 58 4 87 7 16 6 84 49
88 1 36 50 32 4 30 83 97 89 45 40 47 26 70 35 75 28 59 22 20 98 23 37 60 6 7 19 82 85 49 44 60 24 88 78 58 94 78 86 51 64 92 73 44 31 67 52 71 43 16 74 63 47 10 81 19 34 76 23 20 74 21 49 94 67 29 85 84 32 85 71 7 48 93 50 86 85 43 62 8 45 76 28 87 48 83 89 50 1 29 52 56 33 10 20 96 60 77 10 88 86 60 65 66 54 5
9 92 30 89 43 2 44 27 68 63 17 64 94 68 85 100 79 42 76 88 25 45 54 82 7 53 25 18 49 39 82 10 61 69 45 17 75 15 86 37 19 80 1 99 95 78 91 37 66 8 71 92 100 18 5 82 67 54 15 38 60 13 44 76 20 85 82 61 15 24 56 50 62 14 28 47 52 96 79 10 71 44 79 76 46 27 52 77 41 10 73 2 99 39 86 30 81 21 42 57 33 83 57 80 20 52 1
75 30 0 47 97 17 18 18 31 77 67 55 22 41 95 80 79 88 39 24 92 54 49 38 97 31 6 4 93 5 29 99 100 5 14 12 45 20 89 84 1 36 19 25 44 89 86 19 66 77 79 12 1 73 72 57 92 63 52 80 79 42 72 14 3 92 63 88 91 12 58 30 93 64 54 70 17 40 95 21 6 55 88 24 28 95 38 46 79 35 19 22 74 60 49 30 98 96 23 72 68 14 55 51 70 30 31
88 38 8 34 99 5 68 86 34 48 2 96 62 68 37 4 96 27 9 59 45 13 55 41 59 92 0 3 48 3 60 33 41 75 46 31 98 70 60 0 97 41 23 95 13 84 46 79 6 18 86 58 8 31 41 65 88 14 49 7 67 100 42 70 52 84 6 89 69 50 29 64 35 47 93 37 74 79 14 36 100 16 38 58 1 88 11 4 89 23 65 1 47 4 86 94 95 68 59 51 75 77 46 58 47 22 95
12 55 60 27 84 55 6 87 61 84 3 6 41 48 50 94 26 11 14 75 84 96 41 50 1 6 21 23 80 38 14 43 51 15 88 64 46 6 18 28 70 46 18 19 69 73 24 79 70 52 5 0 54 67 2 64 7 19 26 30 68 82 20 49 61 10 31 50 43 86 43 51 92 2 3 84 25 94 92 65 59 21 11 41 13 87 86 94 23 6 3 89 75 24 32 94 85 13 58 90 57 5 50 46 43 56 89
4 4 81 35 87 70 68 41 82 62 55 74 54 50 56 47 100 34 22 84 60 60 93 83 34 78 74 52 76 89 68 60 3 90 83 19 12 81 71 92 17 69 100 25 0 77 50 23 50 51 65 68 44 56 0 93 38 17 14 68 79 39 59 17 43 82 18 51 87 58 11 13 60 66 29 96 11 17 66 82 42 22 87 40 38 14 98 92 43 97 94 16 54 48 24 77 37 32 74 100 11 74 88 16 4 3 34
93 81 91 78 64 87 22 73 70 40 79 80 79 68 87 43 81 4 37 46 19 87 58 86 80 41 69 32 76 30 15 80 71 39 80 7 10 21 51 76 11 19 30 43 41 95 5 58 34 28 56 94 68 42 26 5 96 100 95 82 70 54 43 75 52 23 79 20 11 86 1 93 48 9 61 94 83 7 56 73 63 15 93 65 43 86 18 65 59 13 99 91 79 91 16 24 49 69 18 32 97 76 90 30 98 76 16
95 30 99 25 15 96 32 67 29 82 16 80 46 1 3 28 9 86 34 50 0 34 65 1 57 95 24 59 19 59 99 19 74 55 96 83 74 100 54 45 42 0 37 59 28 67 84 49 96 90 10 34 41 41 4 48 71 96 11 96 96 28 90 64 41 53 91 46 18 10 40 80 34 23 78 92 28 43 30 65 56 39 93 97 87 21 27 97 95 57 23 40 90 39 6 31 67 21 20 100 91 51 23 73 41 76 26
96 25 10 66 25 94 99 74 32 57 94 48 84 25 33 55 18 78 83 93 37 19 88 37 65 25 4 51 16 39 89 26 22 37 25 2 43 55 71 12 76 1 7 54 16 36 67 78 92 54 50 36 80 43 99 0 59 14 50 53 61 48 100 54 43 4 56 37 23 48 8 6 33 13 82 8 46 98 50 73 19 39 37 18 9 14 45 93 35 37 9 88 91 15 61 89 80 95 66 55 59 39 31 89 49 11 25
64 1 13 42 68 32 0 72 86 56 78 17 89 74 85 30 32 3 72 94 42 24 18 95 81 78 7 47 10 88 6 16 69 60 56 17 17 93 16 35 7 95 20 90 34 28 85 39 57 27 12 30 4 95 67 11 55 80 63 39 87 66 66 37 45 38 45 45 13 48 78 13 38 3 95 59 20 84 29 48 12 38 65 78 51 73 63 17 58 26 47 2 49 1 41 53 27 34 96 18 20 25 52 24 94 14 49
78 0 47 28 50 55 14 100 37 86 37 99 18 80 24 81 58 72 67 14 62 43 69 39 95 95 67 36 79 99 22 64 71 32 3 96 40 94 91 16 51 93 89 34 54 24 21 85 3 52 17 2 64 59 5 71 15 27 66 62 14 16 56 57 41 64 38 7 82 24 67 95 64 93 65 45 72 17 51 55 82 42 100 17 58 58 12 5 43 61 53 9 54 72 20 59 36 91 83 67 64 19 56 55 72 58 27
70 52 61 99 32 41 100 3 6 19 72 98 75 12 36 31 75 70 71 90 2 20 91 58 25 32 22 86 59 90 70 95 86 12 81 4 97 49 93 28 47 41 78 4 76 47 72 61 41 45 81 55 14 64 8 6 41 8 87 27 48 27 94 5 38 12 11 37 0 54 43 33 31 97 36 89 38 19 56 7 43 20 96 14 27 62 73 66 29 57 68 67 41 34 2 4 91 95 18 11 24 5 26 55 0 28 50
63 45 40 83 55 66 51 31 49 22 53 47 21 75 59 30 20 95 90 49 100 78 19 30 24 63 58 81 32 60 67 11 16 14 99 76 16 54 45 50 26 36 39 78 7 1 15 26 83 54 10 97 96 56 54 23 51 3 97 23 32 72 99 77 38 88 71 27 87 45 60 0 97 63 59 12 21 56 4 48 19 32 18 59 45 59 43 61 96 11 63 62 6 11 79 70 63 22 95 88 85 75 92 29 28 95 39
47 54 32 11 62 13 54 100 28 36 94 67 32 17 81 77 34 7 45 37 35 91 8 21 45 81 68 42 56 75 97 28 66 12 48 9 76 71 52 50 85 94 12 49 40 74 48 73 46 35 28 56 4 27 91 60 61 51 34 32 16 49 47 59 11 7 37 59 47 11 79 99 54 53 37 97 69 22 84 9 84 74 89 30 94 43 19 15 17 21 49 52 76 80 56 63 2 83 76 26 6 63 42 36 4 29 87
17 77 17 99 37 88 64 37 89 86 63 72 42 31 77 35 48 40 30 20 52 8 91 86 5 22 3 59 84 16 5 23 47 100 80 5 28 73 50 28 30 45 23 41 46 53 41 33 88 68 70 77 89 87 0 60 37 49 40 2 21 94 51 68 65 6 2 39 4 46 0 86 28 53 61 100 48 41 8 62 18 26 25 24 87 0 78 73 97 25 87 93 43 52 22 61 35 21 64 78 76 100 67 34 63 70 40
37 43 40 30 47 21 79 4 21 90 31 82 50 42 90 11 94 26 83 14 61 5 74 34 76 39 79 89 93 20 22 83 6 21 83 19 40 3 52 81 29 65 31 11 86 1 91 80 59 85 83 65 67 78 26 67 97 37 64 26 48 63 21 24 12 92 52 42 54 79 47 92 83 95 12 78 69 58 47 16 96 94 23 93 89 80 78 40 28 55 99 64 89 2 73 25 70 60 61 41 72 27 9 48 35 76 76
22 58 59 11 54 13 7 87 2 6 22 71 63 59 21 44 95 43 33 37 19 57 22 29 4 85 53 28 43 79 20 29 93 62 88 13 4 48 55 95 71 35 2 54 66 36 4 95 13 5 99 80 22 0 44 64 89 92 36 88 9 1 49 63 82 78 26 30 0 42 43 24 37 54 34 29 99 55 50 42 81 100 54 41 67 84 80 44 0 24 95 9 98 67 19 50 3 47 47 75 36 18 55 36 87 31 10
67 82 82 54 42 84 19 27 40 36 40 90 78 65 63 88 19 53 91 8 24 84 12 92 29 32 52 21 9 6 61 22 92 79 18 5 47 62 67 99 71 22 84 40 87 64 87 37 25 12 41 4 64 56 40 4 82 66 100 73 68 90 89 46 64 76 93 25 21 23 84 91 63 7 98 55 2 53 91 58 86 53 47 43 97 18 20 88 78 100 83 51 51 8 37 88 85 42 91 71 45 9 15 2 74 86 82
42 94 27 88 88 68 32 27 19 46 2 68 54 49 88 60 11 93 66 62 45 5 29 33 42 87 8 13 88 15 17 9 72 97 67 52 60 11 63 33 10 31 50 39 58 74 70 55 9 1 17 40 22 24 19 57 44 34 78 95 73 46 1 89 83 47 68 16 86 10 99 49 34 50 100 10 58 28 52 19 65 17 1 24 32 67 58 80 56 75 49 2 92 72 33 0 74 81 21 29 31 87 31 36 92 67 23
77 24 64 37 47 40 9 78 50 67 94 79 98 82 14 13 74 46 81 55 10 100 50 3 91 37 4 26 68 81 26 13 0 21 53 40 70 41 18 29 78 16 3 30 29 68 58 63 24 35 96 97 10 94 51 36 74 3 83 41 76 50 95 81 8 44 40 23 69 89 50 99 67 100 100 4 88 11 3 88 92 67 41 29 31 59 77 24 49 53 11 99 81 4 63 6 16 41 67 85 20 89 55 12 49 28 2
16 75 76 34 46 20 17 45 67 20 28 34 75 66 34 78 94 66 87 36 87 8 41 65 53 47 44 83 37 90 53 89 50 14 4 63 13 89 70 19 11 83 25 14 84 24 44 2 69 4 71 87 63 72 55 99 50 8 89 73 82 85 93 53 66 20 23 13 32 26 58 94 79 61 89 7 82 11 25 40 99 22 32 87 48 79 72 59 7 69 41 26 13 5 13 61 81 10 5 81 49 34 25 52 27 76 73
29 82 6 93 65 65 54 87 25 78 24 95 86 84 86 35 5 83 95 100 12 37 83 18 87 67 13 73 88 33 58 30 23 97 70 75 93 18 21 60 51 94 47 68 55 2 25 42 59 81 50 2 27 51 90 84 66 5 1 27 52 61 90 21 59 21 86 42 27 78 75 99 75 13 18 58 24 73 57 43 40 69 78 26 97 30 52 65 95 9 86 19 23 49 15 34 36 44 60 95 50 57 78 0 40 19 82
18 38 53 72 76 29 46 82 97 74 9 33 97 43 91 22 0 75 88 14 20 16 86 92 26 38 71 79 14 36 60 11 66 21 32 51 28 87 49 16 7 43 19 18 39 48 36 27 40 39 4 15 96 73 61 77 89 98 56 41 91 85 100 55 34 12 60 58 87 57 57 99 23 94 98 64 79 18 82 78 48 42 69 81 86 85 91 39 24 49 71 6 87 3 75 62 1 61 58 85 72 11 96 16 48 38 17
51 92 78 89 73 45 82 3 61 20 46 0 89 8 34 37 16 6 33 88 27 8 17 24 63 15 73 53 14 75 19 48 27 53 57 0 66 23 36 87 20 84 76 21 65 99 89 11 58 23 65 13 82 1 22 30 70 12 67 29 72 46 27 25 45 29 61 47 10 32 26 44 30 79 5 70 78 30 22 6 15 64 88 28 96 87 21 60 26 67 48 48 68 48 97 3 78 32 84 51 37 58 15 6 3 87 10
24 54 78 9 5 9 14 33 37 99 24 67 93 40 82 46 85 15 55 63 79 16 10 75 87 76 13 84 74 99 76 77 34 37 23 66 54 28 12 2 42 27 77 57 32 68 53 54 40 29 99 16 46 28 39 79 35 0 62 61 20 78 96 88 82 44 82 2 99 12 49 58 24 65 33 24 69 74 56 11 81 12 45 11 11 43 16 2 89 83 26 94 89 87 80 73 70 77 95 11 33 50 1 18 98 75 39
29 14 38 81 80 56 45 92 32 63 5 90 76 67 24 5 37 59 7 90 10 20 12 100 90 7 74 58 42 15 96 73 87 60 6 95 3 48 59 8 71 60 30 55 91 66 61 85 10 25 68 14 56 71 30 37 32 94 65 6 41 64 8 85 66 21 13 35 39 4 77 44 27 38 61 40 77 33 7 47 10 80 57 83 4 56 39 91 55 48 37 5 48 58 18 43 25 61 13 16 66 46 28 77 69 70 79
96 44 79 84 49 4 95 8 75 61 9 57 72 78 29 6 94 42 82 32 0 30 86 18 31 63 6 48 4 97 61 1 47 21 92 48 40 5 61 28 27 97 22 47 45 32 23 71 88 41 4 9 10 55 92 92 39 22 27 38 94 30 69 85 73 17 19 8 86 96 3 77 68 69 89 76 54 59 51 52 79 41 65 70 81 34 4 67 59 9 27 40 46 97 13 17 45 10 79 51 21 24 32 42 41 80 57
8 46 1 68 46 77 70 29 95 2 50 50 77 78 81 28 87 99 41 59 9 21 77 71 54 50 46 39 81 21 70 73 86 86 96 24 91 69 8 3 22 14 18 8 9 17 51 57 75 2 9 33 62 83 50 73 13 13 18 47 4 16 84 43 70 44 33 85 20 3 60 38 51 11 95 51 51 95 2 98 38 60 56 85 53 84 96 7 99 8 49 66 82 82 84 13 52 33 35 46 92 30 44 70 66 91 97
96 81 54 36 17 28 42 12 44 25 15 61 84 88 48 48 45 81 48 17 59 62 23 77 4 48 87 12 97 38 30 40 58 28 93 21 47 95 91 98 26 59 66 42 11 55 87 90 89 93 69 32 25 71 4 16 52 27 53 9 12 17 98 74 2 28 83 3 81 23 86 12 6 45 0 40 10 32 85 90 68 18 80 37 67 95 94 14 91 91 80 44 8 24 25 70 38 9 90 86 11 82 71 15 64 25 46
53 91 11 97 23 23 67 83 41 53 42 15 88 72 49 48 73 99 95 48 31 12 33 48 76 61 11 18 48 57 99 53 54 62 52 82 94 9 4 74 85 49 15 10 7 26 11 90 32 64 55 52 9 12 16 23 82 88 30 53 38 87 48 91 44 99 37 71 35 71 15 37 26 25 77 81 46 68 83 44 96 0 77 24 90 89 77 73 62 55 72 21 33 48 84 100 2 61 45 84 18 32 5 26 72 0 88
14 47 69 25 73 2 85 89 67 26 100 1 54 46 86 61 21 91 93 19 70 8 72 86 27 71 49 25 45 61 34 100 12 33 72 32 67 67 19 92 45 74 42 22 5 52 75 76 14 72 26 100 49 3 23 39 33 67 17 0 27 32 36 42 57 74 30 89 87 37 26 64 72 51 94 55 63 53 35 66 43 82 27 99 12 17 93 0 84 0 95 22 24 72 20 84 79 92 84 52 48 60 78 85 31 26 56
85 75 57 0 26 50 1 54 34 22 54 23 47 19 24 21 9 94 32 50 23 40 55 99 33 19 68 75 3 92 4 42 56 100 59 77 15 6 26 37 1 15 38 66 82 29 52 22 28 12 86 81 77 27 58 3 33 25 100 99 80 46 82 4 84 26 50 47 97 9 33 84 32 35 13 39 78 76 5 93 14 65 82 87 56 76 77 91 65 49 76 12 56 41 71 28 4 18 68 83 15 27 46 77 87 38 15
100 63 29 36 45 39 82 93 100 55 54 25 71 21 14 97 90 63 42 39 76 46 50 98 44 90 50 46 97 4 90 31 81 7 17 59 86 73 62 83 5 23 14 91 46 74 68 39 80 84 89 23 54 72 100 79 99 97 41 71 36 64 5 84 61 41 75 78 90 27 78 77 24 38 96 62 70 88 49 43 94 55 73 27 82 56 15 66 33 88 16 86 2 64 9 44 91 21 13 2 25 46 2 31 60 94 5
41 39 2 87 60 85 34 84 97 90 62 54 13 19 11 100 18 96 50 36 37 9 2 86 64 42 98 59 66 84 96 0 14 59 46 30 96 9 27 35 54 92 91 92 29 72 45 70 33 55 10 56 19 2 31 58 86 42 96 82 83 87 90 13 56 14 48 13 55 7 81 91 3 14 1 56 74 61 61 24 17 90 14 10 74 64 24 57 38 84 99 94 74 8 8 27 66 8 11 31 35 93 41 71 74 94 47
100 35 9 98 99 95 78 40 69 4 28 32 89 34 9 76 83 25 16 42 77 38 41 87 14 75 40 92 59 15 75 22 100 25 94 85 70 46 1 48 1 9 55 10 89 11 42 54 2 75 81 56 24 72 5 56 96 72 43 70 27 12 64 82 82 28 65 37 50 60 83 64 44 54 29 48 1 19 40 53 76 15 30 44 53 18 51 97 39 21 85 44 8 57 49 99 97 75 34 7 69 52 1 53 57 29 55
49 43 46 14 94 3 45 99 57 37 79 64 40 8 64 97 35 85 37 56 23 100 26 67 3 22 28 32 58 89 66 59 51 33 2 50 93 55 69 17 23 100 34 4 68 72 37 26 21 58 83 20 25 9 54 0 74 10 73 18 56 70 85 80 25 27 31 30 16 54 72 51 53 75 25 48 56 21 62 24 50 14 40 77 84 87 55 5 83 90 52 14 50 56 41 87 13 60 23 63 45 16 30 55 98 64 12
31 82 83 93 50 9 60 8 73 94 80 69 16 34 52 53 30 25 16 48 14 36 85 24 23 21 85 95 85 40 59 72 56 91 26 35 37 4 51 58 33 85 54 27 86 15 42 77 6 87 20 11 14 24 22 98 82 42 75 31 58 48 58 94 42 71 71 82 42 88 89 98 74 64 70 70 70 88 21 37 17 22 14 67 91 90 5 24 19 7 38 82 67 7 20 85 2 83 43 65 95 95 71 83 43 75 49
52 4 1 38 6 31 1 12 76 85 75 46 8 26 82 80 96 77 68 27 19 39 43 88 29 75 66 13 58 2 69 23 36 4 1 97 76 18 82 57 6 57 35 65 32 84 71 8 47 10 48 69 66 26 65 46 92 44 30 25 67 1 16 61 55 28 74 47 40 74 49 50 48 73 60 61 70 72 83 81 74 95 44 91 22 19 10 76 93 27 49 35 91 90 68 95 71 72 99 8 50 91 79 66 62 23 71
30 64 12 74 59 89 61 42 75 11 67 43 88 61 97 23 33 75 100 13 25 54 96 22 98 69 45 58 58 37 12 97 29 81 90 95 48 92 40 76 1 93 15 93 70 91 66 50 47 19 91 33 33 46 52 0 75 1 81 6 92 86 57 41 52 96 87 89 79 17 21 52 48 26 19 92 21 87 100 27 64 99 15 61 72 51 67 10 22 95 50 84 44 54 26 33 100 72 79 83 73 19 61 85 72 66 28
21 99 27 49 6 19 77 50 79 57 76 26 72 26 86 51 10 77 30 13 0 43 44 28 38 66 78 95 23 74 22 96 17 15 13 35 81 25 52 97 35 3 48 67 62 55 1 1 31 85 98 63 11 23 20 94 31 89 70 28 28 56 67 14 5 84 8 8 61 87 39 99 92 69 99 97 44 42 12 2 75 84 19 35 4 28 85 84 83 9 80 65 72 78 36 8 22 51 72 44 18 35 5 15 16 43 1
63 88 1 67 7 96 63 59 47 91 19 85 19 22 37 87 42 39 30 59 72 57 28 53 84 55 32 75 61 52 10 1 43 32 90 57 76 93 6 11 56 70 59 29 64 94 77 43 88 49 78 49 20 43 55 9 66 68 61 9 36 66 22 33 20 46 32 55 45 85 84 40 87 79 14 95 43 12 31 86 3 60 37 93 18 51 34 3 46 63 34 56 31 15 77 94 56 39 67 0 76 13 90 95 43 31 18
34 20 38 52 23 91 45 35 77 29 42 25 9 66 80 20 13 78 34 37 92 33 4 58 100 39 36 30 20 10 38 55 68 14 22 45 51 34 11 40 18 80 73 5 80 65 90 18 68 48 99 25 34 15 73 94 9 16 9 85 71 14 90 3 80 95 59 24 35 66 26 1 67 74 26 89 46 91 0 59 70 4 99 13 59 80 7 28 51 77 33 84 13 48 99 99 10 72 48 58 11 52 47 8 9 46 37
46 38 45 36 21 73 51 92 100 14 78 81 59 84 54 31 4 25 63 14 40 97 50 15 28 92 18 43 34 45 28 25 76 27 75 70 53 16 3 84 34 18 14 32 42 1 83 43 22 88 29 56 15 45 11 87 46 39 83 59 39 53 77 67 86 31 58 97 13 64 23 62 16 42 61 97 19 56 9 11 45 56 42 20 28 100 58 79 99 19 43 91 54 42 0 91 78 22 33 50 25 1 30 2 82 12 91
18 83 5 90 33 48 28 78 66 14 17 4 37 95 81 88 20 41 73 78 94 2 38 8 61 32 38 29 86 16 62 90 63 26 92 88 21 52 64 60 92 50 2 88 46 35 32 50 92 52 17 60 65 23 36 79 24 55 69 67 12 18 76 79 26 76 31 31 20 37 90 64 30 8 0 38 50 56 43 23 53 11 14 82 59 34 10 84 72 4 61 77 36 49 51 97 45 74 94 36 87 57 33 56 46 40 47
46 99 42 54 26 16 16 55 36 47 50 3 48 20 95 7 53 91 30 30 19 76 66 4 53 88 79 11 61 24 39 96 14 28 79 87 42 77 60 83 45 95 71 68 67 6 39 9 69 37 3 90 4 68 30 62 37 69 7 53 54 77 93 21 80 6 3 97 10 26 65 39 6 36 42 50 28 99 6 12 55 20 51 73 79 64 28 87 54 45 50 100 1 51 11 37 23 76 91 35 29 20 98 40 4 12 35
85 30 87 75 95 26 96 6 60 46 81 57 61 92 53 68 73 54 63 86 67 33 29 85 88 83 82 39 65 83 56 32 41 39 72 76 68 72 84 87 6 7 52 68 7 20 2 85 82 60 42 48 42 25 17 79 36 54 8 43 97 99 66 51 93 60 91 69 0 88 10 28 49 45 93 49 18 27 56 86 47 74 33 28 99 52 99 88 15 16 58 49 26 96 1 93 44 88 40 46 5 45 43 28 15 29 47
81 48 59 53 8 60 29 92 15 57 80 90 25 82 19 100 17 47 62 14 50 90 53 14 36 100 73 59 32 11 7 81 50 64 78 61 98 30 92 29 31 64 73 50 97 2 94 89 82 57 62 38 78 95 100 76 31 69 92 72 47 70 31 96 21 7 100 34 38 49 25 97 95 19 68 88 45 22 74 47 61 73 98 77 3 20 57 42 23 38 52 53 22 41 26 76 90 79 68 92 73 88 69 39 21 12 12
87 52 4 1 3 45 57 41 48 30 61 20 51 99 36 35 65 1 9 54 98 12 27 12 82 4 35 72 37 26 83 53 75 26 83 68 31 62 5 80 38 17 2 88 43 11 85 96 78 88 7 45 34 73 12 70 27 52 27 14 70 31 41 5 79 96 34 49 6 1 8 12 11 92 17 7 10 63 92 30 74 65 34 22 56 37 13 18 88 88 93 15 17 9 69 13 42 37 54 38 73 32 21 14 9 67 29
77 88 98 38 22 5 18 58 64 6 55 50 35 98 82 4 44 46 25 43 47 10 16 8 78 63 66 99 60 59 91 9 26 22 68 13 26 53 31 68 39 26 57 42 90 20 74 8 81 59 91 98 4 15 18 18 98 24 50 75 46 82 65 100 41 79 21 93 69 76 94 67 97 59 62 57 64 59 92 31 80 55 67 95 1 78 98 90 1 35 18 39 42 45 71 83 92 71 59 10 91 73 45 26 9 62 63
43 86 19 91 33 79 31 34 88 28 12 44 53 77 48 65 45 73 31 51 70 81 71 60 60 10 9 30 91 41 51 41 72 38 27 26 11 77 57 0 71 10 96 92 76 71 87 65 45 15 48 93 47 88 96 4 13 21 90 36 66 58 41 93 8 76 81 52 61 63 60 24 40 96 35 1 80 94 65 87 20 17 46 17 2 35 36 99 39 27 49 41 16 97 97 69 66 42 76 37 71 90 18 94 80 80 86
70 83 84 26 73 50 15 63 11 19 65 11 1 74 86 97 51 49 57 1 55 36 90 63 20 42 81 55 96 41 76 16 7 30 33 85 91 50 20 88 79 85 67 74 98 44 85 4 64 53 38 7 12 96 83 7 66 82 53 28 84 52 45 66 86 99 47 19 96 0 20 19 33 39 60 20 72 72 0 29 94 9 68 51 15 12 71 22 32 35 59 71 70 59 79 21 11 77 25 98 6 96 82 84 29 57 41
98 59 5 2 81 21 78 89 35 0 21 30 28 6 10 5 63 36 72 55 87 68 49 99 20 87 28 91 100 65 20 48 60 34 89 0 60 39 59 34 47 75 37 35 84 83 26 85 12 14 73 74 13 75 85 78 53 24 72 98 24 47 10 59 85 93 51 26 62 13 94 61 42 97 89 50 11 75 24 84 81 62 20 78 43 11 1 11 43 53 94 11 51 43 99 86 73 45 42 37 99 26 14 65 22 65 60
57 74 2 31 82 37 91 19 98 79 51 0 60 61 72 20 13 74 34 62 10 64 30 100 22 48 21 71 19 40 32 84 93 23 64 35 16 30 25 60 33 37 1 21 39 83 88 9 1 9 61 35 18 89 28 91 57 63 3 100 57 88 37 93 59 52 14 16 22 26 24 98 75 0 22 25 22 70 55 95 55 86 43 94 11 40 59 43 72 47 69 37 9 5 42 92 91 14 82 70 31 5 2 49 74 45 28
78 36 69 33 29 59 7 52 52 0 80 59 42 85 89 69 44 71 22 53 58 28 3 96 15 61 86 77 41 80 88 69 61 50 62 78 40 88 60 98 67 44 16 97 81 79 86 71 9 31 8 22 58 85 62 67 97 86 17 37 50 77 7 10 15 32 57 1 18 35 20 27 94 36 93 41 50 21 8 91 9 27 53 73 2 86 83 91 39 99 5 72 51 8 48 78 57 73 14 90 76 51 73 49 93 52 100
36 44 46 53 85 4 92 43 71 62 9 55 21 60 12 4 68 75 15 87 51 81 98 59 95 69 31 61 94 57 52 90 40 58 72 93 85 92 7 26 32 7 23 34 22 46 56 9 31 36 28 90 34 48 51 80 45 70 96 54 93 37 98 75 12 46 55 16 34 88 82 97 83 31 49 59 96 66 54 90 16 64 62 96 9 53 38 51 36 76 8 0 14 10 53 45 42 31 99 74 13 3 58 30 6 71 3
0 35 39 45 34 95 86 93 80 80 78 54 63 80 37 18 59 86 13 13 3 58 91 17 36 79 94 25 73 95 77 20 78 84 27 86 22 20 51 31 76 44 77 50 4 10 6 95 53 70 96 26 55 75 30 74 76 58 67 65 25 55 95 15 42 74 36 100 32 30 18 7 3 33 42 39 30 56 87 50 27 16 7 88 49 65 63 40 63 27 79 71 60 19 24 69 100 26 85 30 49 86 65 89 4 15 99
54 88 60 95 23 36 67 1 2 53 40 63 77 1 52 7 64 70 68 71 75 21 83 86 26 36 4 89 94 100 85 73 3 11 69 36 27 13 100 0 88 64 59 87 68 71 22 15 24 79 2 82 93 21 67 27 48 62 60 66 53 26 81 59 5 26 52 50 45 46 57 57 54 12 8 92 86 60 22 30 65 69 47 89 36 20 41 35 35 80 30 82 51 72 39 42 92 93 57 19 96 55 76 67 67 21 48
19 52 99 55 59 92 80 95 13 59 30 58 32 20 74 12 54 54 26 1 1 27 96 69 43 2 17 80 6 27 28 54 46 42 77 97 89 98 54 14 27 26 64 23 94 57 55 12 1 84 10 10 28 23 9 63 22 82 68 36 24 1 29 6 91 80 40 89 57 88 64 42 95 56 64 54 42 47 7 96 20 24 41 83 92 100 49 21 2 55 23 57 88 46 15 12 73 85 16 76 23 5 10 9 36 95 46
75 91 17 76 44 44 16 60 15 83 72 40 10 4 44 57 99 67 39 81 98 88 80 46 51 10 1 2 50 98 7 54 96 91 67 51 93 75 74 53 63 47 79 19 11 19 38 25 27 29 69 40 45 3 98 88 89 26 84 49 75 18 89 75 57 85 3 96 16 37 31 59 63 79 86 43 1 50 78 41 80 15 6 67 22 36 59 84 27 46 7 81 23 28 89 93 57 10 48 50 71 6 77 65 58 15 38
32 27 78 95 19 82 45 2 86 34 28 33 41 40 51 19 51 45 67 78 41 6 60 43 1 44 74 79 37 24 10 1 21 17 98 92 18 25 71 52 73 97 98 66 75 41 34 61 15 57 53 70 7 24 8 17 76 26 9 6 18 26 55 35 36 19 55 97 40 50 65 96 100 61 22 16 57 81 75 2 15 46 13 88 62 0 86 10 72 84 9 61 69 81 33 40 18 12 65 38 64 64 95 64 14 49 99
69 29 41 60 87 0 6 83 11 50 72 0 81 74 54 63 23 4 50 65 46 63 62 86 91 29 4 9 81 83 74 46 52 72 92 99 56 49 64 3 33 8 59 77 64 93 10 33 44 14 62 36 56 70 83 25 38 72 64 70 33 54 55 16 8 49 71 49 50 87 24 98 63 75 63 54 29 3 29 29 32 52 67 23 34 31 58 40 9 39 78 37 71 59 24 18 29 39 17 29 67 42 15 2 48 24 64
10 57 90 5 18 33 59 24 84 23 49 80 27 75 62 41 28 66 75 76 33 14 80 15 7 9 21 14 9 49 54 99 68 53 48 65 45 6 62 32 88 23 47 62 50 12 35 57 75 94 81 3 6 91 5 42 61 31 87 57 95 12 7 13 11 41 10 57 50 20 53 96 100 3 34 19 44 59 62 61 98 38 87 22 38 29 5 58 26 45 69 88 26 98 35 42 24 98 9 12 96 32 27 28 57 46 87
0 71 33 52 97 2 68 31 35 35 45 80 48 42 33 91 87 35 19 32 65 1 24 30 14 60 51 91 36 8 49 4 10 18 15 69 56 51 72 65 3 23 0 17 96 92 70 29 31 82 67 21 47 15 89 14 73 96 15 26 83 25 13 92 84 99 86 51 73 22 69 3 13 82 9 14 32 8 34 10 27 10 46 30 2 79 73 21 60 71 29 38 82 25 20 66 82 70 61 76 46 0 54 39 90 17 16
28 90 41 58 75 19 21 19 30 3 85 91 75 68 67 59 17 60 72 3 43 73 27 14 28 90 83 31 75 29 27 27 35 81 36 23 44 8 41 24 56 16 72 87 10 73 93 26 73 2 18 15 2 39 100 31 35 88 43 30 56 68 19 90 2 3 51 5 62 6 61 98 34 32 79 6 55 30 9 34 18 73 77 98 48 43 13 11 85 57 79 73 82 3 35 76 34 33 69 19 87 3 18 11 63 73 23
89 100 78 54 32 5 37 75 34 58 51 53 4 66 73 100 30 62 56 34 16 50 55 63 98 24 92 70 55 20 55 95 40 91 29 95 11 42 22 65 90 40 39 25 60 44 80 91 11 48 6 35 31 60 46 89 12 52 57 75 82 39 32 20 76 18 56 25 20 43 71 17 15 12 60 52 72 54 84 42 67 84 45 83 25 90 12 99 78 33 44 42 38 84 56 62 54 6 83 98 41 11 41 91 53 22 6
44 3 65 97 23 10 68 6 4 3 86 85 93 14 44 47 80 54 96 47 7 27 20 44 81 65 98 39 76 41 88 3 69 7 23 99 92 39 51 69 43 66 84 88 74 2 72 12 93 43 86 62 87 36 30 44 38 94 91 23 42 44 9 39 13 0 48 97 78 92 27 94 46 29 97 23 5 7 70 85 0 78 61 5 22 81 99 20 74 75 57 14 63 18 50 24 66 46 5 73 16 62 99 13 85 63 34
19 84 30 87 41 11 86 11 7 92 85 35 41 23 12 13 64 82 79 78 57 1 24 18 77 92 50 90 8 91 97 89 18 80 32 5 21 84 40 86 19 50 16 33 51 93 34 84 88 60 22 15 41 20 6 25 21 99 1 7 20 60 44 92 69 22 84 47 35 0 70 71 1 11 63 84 52 67 20 94 52 28 20 30 37 91 8 77 46 47 100 55 1 43 80 24 96 69 45 90 27 0 64 89 97 9 57
85 6 70 60 50 56 57 27 68 42 46 4 49 90 48 41 37 7 7 9 91 43 34 19 0 40 82 17 55 98 83 70 18 35 2 5 16 88 75 0 1 89 44 71 46 71 53 84 82 38 98 95 63 55 18 99 64 51 1 32 10 56 58 17 99 0 35 46 68 2 62 0 80 55 72 35 30 49 18 28 8 19 56 1 58 35 54 94 54 61 87 11 95 77 68 75 50 8 96 90 0 50 88 16 56 74 32
17 94 41 75 65 72 50 5 32 31 92 86 90 92 72 98 57 90 52 1 69 68 69 40 64 28 1 97 47 12 54 92 24 12 59 42 42 63 65 25 99 48 28 28 84 10 12 88 24 92 86 93 20 87 78 27 83 51 41 69 47 89 27 79 18 27 16 85 62 58 89 19 85 10 98 82 43 67 5 96 29 14 14 40 35 11 50 83 68 39 91 84 49 16 65 72 61 27 88 30 34 80 80 34 23 2 16
1 48 93 38 12 16 70 64 17 38 89 22 54 55 27 99 81 30 100 17 22 21 41 54 47 54 96 98 30 90 66 57 7 81 26 91 20 40 41 96 9 33 6 44 38 63 70 23 1 60 46 15 36 46 65 9 79 22 14 3 69 0 36 62 56 47 44 99 77 40 93 39 26 59 88 3 23 77 68 4 88 91 6 13 10 94 29 82 4 96 9 6 75 77 12 43 92 23 48 20 47 46 83 40 22 42 15
