78 78 83 58 1 31 41 7 97 31 6 34 86 83 98 70 7 0 77 69 27 71 44 6 12 49 48 47 5 44 63 71 39 92 79 13 54 65 9 33 11 40 79 79 6 67 86 52 40 67 81 98 90 78 61 28 57 1 44 67 48 78 37 35 34 32 27 8 94 66 34 22 74 33 16 1 45 31 17 98 74 6 91 75 32 84 64 52 4 11 68 71 72 21 40 84 15 76 40 99 1 20 44 49 93 7 70 7 66
24 97 39 96 60 64 97 90 14 56 33 33 93 41 55 62 25 43 4 77 4 7 21 90 53 68 44 19 71 25 44 56 89 53 64 63 64 63 97 64 22 78 73 30 22 91 20 68 39 49 34 86 66 7 96 53 55 76 96 59 52 14 14 3 81 56 44 60 13 98 20 33 65 36 8 94 79 82 89 86 27 88 25 69 48 21 53 42 81 81 60 32 93 21 10 98 22 45 0 30 65 44 34 98 28 37 85 7 65
40 25 63 82 77 56 29 24 97 78 71 50 70 91 60 60 73 36 47 27 59 88 70 73 33 11 93 19 39 35 61 18 13 18 42 51 3 84 3 58 77 31 10 15 34 13 99 74 38 51 67 47 21 88 71 98 13 15 52 12 66 18 31 38 10 92 81 21 22 65 29 69 18 37 43 55 15 1 15 5 38 8 11 8 8 93 47 69 14 33 39 70 31 34 90 51 52 60 68 14 86 13 83 24 96 36 60 21 72
0 92 91 57 46 74 36 45 17 88 64 65 6 8 28 69 49 58 47 86 64 87 63 81 60 94 75 70 26 13 0 33 33 27 48 37 63 22 0 74 100 15 74 72 81 82 4 97 72 5 7 56 96 50 14 2 37 15 4 6 62 7 93 1 88 10 52 27 79 86 17 95 48 97 30 90 53 99 74 35 86 83 59 50 48 80 5 3 6 45 4 60 64 32 61 98 66 33 58 3 53 100 7 64 19 31 95 100 8
18 81 15 8 35 83 69 83 50 100 51 21 5 26 81 2 28 91 48 27 41 18 46 87 48 64 11 3 60 40 89 10 86 55 40 92 78 68 61 98 69 55 75 97 35 44 4 48 58 77 49 47 67 1 41 68 72 39 33 6 82 14 46 61 59 30 46 20 71 74 34 16 66 48 22 16 42 41 80 31 58 16 89 42 97 58 63 38 10 70 17 86 94 92 2 71 2 43 11 44 82 49 36 78 37 94 30 30 36
4 75 45 47 53 65 96 92 72 32 88 85 15 77 71 62 49 100 77 51 76 11 75 86 59 79 23 71 53 4 43 39 83 86 46 47 65 6 29 88 3 24 86 21 99 47 56 24 78 95 42 31 76 32 80 59 99 56 27 55 100 8 66 58 78 72 9 55 25 16 26 1 82 42 28 33 59 7 77 91 43 35 19 10 46 5 90 39 42 56 73 22 66 32 64 70 97 85 51 15 5 15 78 11 70 37 24 49 57
85 32 90 100 12 47 6 55 38 16 6 12 9 13 89 14 3 98 34 73 1 33 9 95 76 26 37 95 2 79 28 92 10 31 80 81 69 72 54 73 56 58 3 15 54 3 71 73 72 3 24 39 25 89 49 91 77 42 56 72 70 65 36 33 11 85 46 78 42 80 61 66 33 49 46 7 65 10 36 86 28 16 3 56 58 53 24 66 13 41 75 35 45 50 66 34 99 23 75 1 21 82 64 61 63 51 40 8 72
53 38 3 13 18 37 6 22 83 47 1 99 12 0 74 87 18 18 91 19 72 24 53 26 32 66 86 61 99 91 62 98 38 42 39 72 16 42 92 23 70 98 95 28 23 51 70 57 45 51 16 68 34 63 99 35 40 85 91 41 78 79 22 70 57 86 93 69 89 2 60 39 3 68 70 83 85 96 48 24 54 63 75 77 51 100 89 52 7 11 24 25 45 8 99 32 93 33 92 52 0 59 92 60 48 9 4 44 8
72 51 36 86 28 5 24 51 57 4 67 50 71 30 32 31 2 20 78 14 90 29 25 72 61 47 68 83 18 74 85 74 68 70 31 93 44 97 92 0 62 91 4 83 16 32 65 97 70 9 18 74 60 89 14 81 13 62 66 25 4 100 3 74 27 90 42 73 61 71 37 91 3 4 77 78 90 22 33 4 94 12 21 57 38 54 48 0 100 7 90 4 68 62 37 28 18 44 86 7 98 95 77 2 89 79 27 28 47
28 25 48 78 7 38 17 29 77 10 93 9 46 19 1 86 28 4 88 56 72 0 56 91 91 11 70 37 31 26 65 52 8 61 91 45 61 62 49 63 32 74 91 16 8 22 0 55 27 52 88 11 70 9 93 65 34 6 31 7 95 74 47 87 40 86 57 30 90 100 53 33 98 33 49 49 27 69 25 78 25 21 53 36 99 25 19 98 92 83 73 36 95 71 5 12 68 82 13 4 90 16 38 7 39 83 78 31 3
13 16 96 39 43 92 50 32 68 23 61 72 68 66 52 73 48 58 54 93 14 2 28 97 86 21 88 48 86 82 1 52 0 11 58 55 99 31 86 71 38 2 4 3 87 49 24 56 91 65 41 29 95 8 74 70 56 9 41 5 51 64 43 4 42 67 47 6 51 2 1 24 0 88 34 6 73 65 49 36 44 93 85 75 22 19 5 55 12 84 69 89 66 78 19 67 89 88 18 13 90 81 68 3 43 52 80 51 35
15 32 36 12 18 84 57 59 88 4 6 9 48 77 34 54 34 26 85 52 80 21 3 71 87 48 26 16 12 36 67 59 89 85 95 28 72 89 88 67 57 45 14 83 30 35 83 79 59 8 23 11 85 32 95 24 49 59 50 31 32 91 82 61 11 27 99 93 0 33 64 87 19 39 31 25 15 30 35 95 24 69 28 80 35 75 54 51 22 62 26 100 81 62 9 81 74 66 31 81 32 0 84 82 73 47 27 56 94
2 93 38 20 99 14 82 88 35 25 20 71 84 2 71 28 30 9 72 39 58 93 45 25 2 61 81 82 4 85 89 62 31 2 53 69 53 89 31 53 94 40 87 4 46 77 35 91 66 40 18 90 74 77 5 34 87 68 21 49 73 75 68 6 91 100 60 91 8 27 40 1 23 91 46 87 31 88 52 97 77 16 57 38 45 99 10 60 80 86 49 96 42 52 45 73 73 90 8 30 13 36 30 17 33 52 27 8 88
16 1 78 2 59 95 100 22 32 18 69 14 99 55 5 17 24 18 46 71 59 94 55 90 11 65 58 53 36 55 77 71 75 63 92 42 20 33 43 63 16 49 2 98 26 3 85 55 13 41 95 16 76 52 47 79 25 34 8 44 45 9 92 18 95 5 91 32 20 18 47 68 36 11 60 83 66 26 100 42 63 41 80 75 72 16 7 41 21 10 55 100 52 41 30 43 33 36 77 50 90 61 96 44 18 87 11 47 58
56 18 62 12 41 21 95 94 39 68 36 94 13 98 80 35 82 3 26 94 16 61 97 95 43 2 5 67 94 69 24 93 73 72 86 98 51 97 39 49 97 89 40 78 56 64 29 95 20 83 88 51 3 60 35 61 83 79 34 11 55 18 25 68 89 64 70 44 16 94 62 86 95 39 6 65 25 38 35 82 21 84 64 28 72 20 37 28 37 18 95 28 41 81 88 51 45 26 5 21 17 86 47 39 57 30 14 68 13
54 33 1 18 61 56 37 16 32 83 1 80 25 100 30 32 74 42 44 53 55 99 40 57 70 53 93 3 82 87 17 34 60 44 56 18 33 55 32 70 12 85 72 28 64 30 46 87 14 27 93 40 65 52 15 42 11 54 59 71 68 18 33 61 16 12 46 29 99 87 59 10 2 95 42 18 93 47 58 50 52 36 33 72 57 97 6 9 23 27 17 9 33 57 61 11 74 43 87 22 80 4 76 16 32 78 74 2 8
58 73 80 32 43 52 8 97 52 10 29 70 65 65 54 12 90 52 16 91 98 75 93 17 42 66 15 32 65 94 99 77 49 24 33 59 100 2 84 52 50 79 44 74 0 38 49 45 57 99 53 48 39 16 20 96 8 37 4 60 65 66 86 85 0 60 15 49 87 27 55 5 28 16 15 1 62 76 100 7 67 6 65 15 8 11 62 49 85 87 10 7 0 34 62 96 61 39 79 40 25 69 45 2 98 72 22 75 13
28 26 75 84 43 37 84 67 85 38 3 68 0 48 46 29 60 3 83 73 35 6 86 36 9 30 95 1 54 65 24 28 79 62 97 2 82 76 56 32 20 64 30 44 69 7 3 63 81 42 55 65 45 95 28 50 77 11 67 18 14 8 27 56 25 6 33 29 66 77 97 93 62 66 33 10 52 87 36 85 63 9 77 62 5 39 81 14 62 41 32 60 78 64 93 42 81 2 9 56 70 58 93 0 74 74 52 2 86
59 41 31 10 20 35 91 0 92 37 42 54 36 32 9 24 88 20 72 17 11 79 4 96 74 19 25 28 12 31 20 18 65 100 67 68 62 81 92 87 41 7 41 27 17 42 77 97 14 11 30 77 75 79 4 45 51 45 86 91 2 69 6 46 93 84 16 30 83 80 94 63 68 70 33 1 31 35 53 91 34 95 26 7 7 66 3 26 26 27 41 3 57 48 33 63 13 67 87 16 63 78 50 32 76 3 96 39 96
49 40 63 24 35 17 45 56 0 27 91 78 85 55 79 38 10 1 47 50 26 7 36 98 81 16 42 29 34 90 59 28 85 99 76 84 65 32 13 92 11 57 87 12 42 5 7 53 16 79 66 36 52 16 36 35 91 50 35 75 14 83 53 74 11 18 94 28 18 46 73 51 13 75 32 23 29 66 78 70 79 20 14 36 41 38 52 55 30 100 86 56 8 44 19 89 27 95 59 18 57 88 35 79 16 92 11 69 28
66 19 1 46 87 87 79 92 6 18 72 10 1 4 99 36 16 13 96 39 43 10 95 33 21 89 90 15 45 49 36 66 9 6 9 66 14 40 67 87 66 10 54 5 21 86 93 81 61 88 52 22 30 19 100 1 62 85 19 69 96 27 11 45 18 53 98 4 1 29 63 56 14 9 60 39 82 17 58 4 84 49 89 31 38 80 40 89 44 47 46 30 34 81 9 95 44 88 44 34 31 57 82 69 79 6 20 15 46
20 41 91 86 63 17 51 5 15 11 89 22 51 60 86 73 50 22 90 45 23 95 8 59 29 31 0 21 38 3 56 22 58 69 77 78 82 18 95 26 56 5 24 40 60 67 70 82 24 79 65 86 86 55 67 25 16 47 39 100 40 54 24 25 48 82 55 27 28 35 47 68 23 97 29 97 34 91 96 48 19 75 3 99 13 69 88 8 39 30 41 53 57 62 43 92 13 31 55 93 74 29 22 15 19 3 32 82 30
16 5 7 67 77 74 31 60 49 99 8 35 82 23 0 31 72 24 83 16 61 0 0 74 28 85 37 57 26 58 21 71 40 4 18 55 21 10 60 64 96 75 28 69 7 96 61 34 32 42 62 15 82 74 13 22 15 93 90 43 90 75 77 45 72 4 22 78 12 82 24 11 7 63 87 1 22 76 15 93 88 51 31 69 49 77 16 63 61 40 24 59 83 24 74 6 80 88 30 42 0 51 51 40 19 0 15 75 68
94 65 74 40 88 92 73 27 50 87 27 74 1 61 26 73 73 20 100 55 70 28 15 75 23 28 70 71 67 45 87 47 55 36 22 60 39 82 89 81 64 27 10 35 63 10 72 12 29 24 86 16 13 71 88 44 9 4 33 36 26 27 21 52 87 33 84 58 34 33 5 73 85 98 75 43 99 84 52 34 40 100 90 27 84 7 90 4 19 100 26 75 56 45 62 37 68 86 12 73 55 51 33 41 27 55 54 33 72
51 37 80 99 43 0 72 12 86 41 39 75 16 39 70 31 62 60 33 9 36 50 85 45 30 14 22 38 53 34 32 4 94 5 50 3 35 18 58 14 96 75 57 80 57 12 27 67 17 86 80 98 0 69 92 96 67 49 63 22 97 59 45 50 40 84 21 0 40 85 77 12 5 86 97 30 41 67 88 47 93 88 29 23 73 59 79 97 93 12 23 1 59 1 53 13 55 22 59 19 21 79 80 12 90 34 56 77 92
21 3 52 33 56 84 82 63 19 23 37 85 96 9 31 28 27 5 93 49 74 62 66 79 20 86 87 27 5 86 74 75 11 21 75 93 38 94 77 78 18 74 58 32 19 24 35 82 70 100 16 57 90 20 95 11 29 11 51 58 50 88 77 42 50 2 33 4 47 16 27 49 86 0 47 13 74 50 42 87 27 14 95 18 37 38 65 92 40 62 66 85 30 97 84 85 60 1 40 85 47 87 62 40 52 5 50 50 25
96 20 2 96 71 34 54 99 30 36 74 56 89 29 20 78 49 93 74 53 74 52 92 68 59 94 68 60 42 99 38 56 54 50 47 21 47 44 88 1 29 43 43 89 83 23 70 9 13 24 20 72 33 21 31 92 82 0 36 27 6 84 60 38 93 75 85 6 88 35 49 33 40 52 85 31 100 2 42 81 11 49 77 76 33 76 53 40 2 95 65 38 54 34 70 25 48 57 22 71 69 100 84 80 64 43 75 97 82
29 62 93 22 35 71 83 60 29 61 93 53 19 52 52 3 87 11 97 13 62 81 55 80 7 9 28 66 97 83 83 66 95 38 40 25 90 15 39 65 15 55 89 85 73 25 86 73 92 35 15 8 33 27 64 54 62 54 99 20 90 40 17 30 53 26 67 71 96 73 30 73 25 3 100 83 54 26 51 61 71 55 24 66 2 21 34 32 92 89 81 4 54 29 49 13 15 33 67 61 100 40 85 48 77 68 46 80 72
47 39 41 51 90 96 50 33 19 25 82 31 85 82 33 47 7 92 93 76 53 99 86 63 53 5 29 31 95 27 93 94 40 70 6 14 3 94 2 21 40 8 52 10 86 95 76 27 100 79 93 87 45 18 90 22 96 74 58 25 78 92 75 58 66 3 92 57 82 32 13 82 65 70 6 12 68 6 64 25 17 95 45 72 7 25 44 92 36 15 74 58 65 97 9 47 24 50 15 98 65 56 48 9 10 24 29 29 23
18 66 71 13 47 77 67 48 60 92 40 76 2 47 88 60 25 1 50 82 87 80 39 16 52 45 70 62 25 64 4 30 29 15 74 88 100 54 36 44 41 17 33 21 74 53 89 31 80 4 10 34 98 85 54 14 20 32 61 50 10 50 88 67 35 96 35 50 43 34 66 29 17 0 30 19 88 77 89 34 81 1 5 29 81 83 75 32 81 29 85 46 32 0 15 1 41 68 13 65 18 6 62 97 61 11 40 91 90
95 73 51 98 30 2 93 36 73 56 61 31 49 54 43 52 20 63 38 9 53 81 73 37 31 90 31 3 68 92 44 1 73 62 5 62 36 51 28 80 61 53 35 61 4 22 77 91 53 99 39 66 93 96 39 22 86 66 43 58 81 12 16 81 43 28 25 78 7 58 26 56 3 46 94 99 36 36 43 23 38 80 38 95 88 48 59 85 42 100 8 78 26 52 44 21 78 90 31 99 84 45 60 6 69 57 33 22 50
35 53 30 70 96 17 25 79 80 1 45 99 47 73 70 48 69 59 5 3 20 83 6 14 46 67 34 18 52 53 69 41 90 62 76 1 93 70 13 98 44 69 20 0 100 64 75 5 54 79 21 42 61 32 75 8 45 76 73 42 2 6 52 23 93 93 30 98 43 78 9 61 70 31 89 19 98 5 64 7 84 85 89 21 24 78 58 94 2 78 28 32 72 52 39 41 94 11 93 51 51 97 86 30 34 5 11 27 8
91 99 65 31 17 17 37 27 11 24 2 95 65 45 16 39 37 14 11 97 43 72 72 13 32 71 47 77 2 98 26 81 5 84 79 17 57 15 19 89 54 18 93 62 64 35 12 69 29 23 47 50 91 2 59 33 24 41 71 2 15 32 99 32 100 57 11 99 4 56 8 76 74 54 18 21 6 42 49 79 15 34 100 33 31 94 13 48 33 79 2 4 90 61 71 63 87 93 5 25 95 93 19 17 82 27 91 24 0
66 14 61 54 55 23 9 61 19 2 89 44 97 5 62 47 31 38 31 86 67 71 95 67 25 79 89 95 64 15 83 46 50 17 83 12 54 51 65 100 51 9 14 7 92 45 77 97 70 90 59 17 57 82 69 3 4 40 84 51 60 73 3 99 30 90 28 22 37 85 15 100 66 97 87 78 100 22 92 9 14 64 61 55 73 18 12 8 51 8 20 27 30 100 79 85 35 3 34 78 62 31 61 47 17 40 77 65 23
9 3 13 96 60 31 33 43 90 80 14 79 52 32 46 47 100 20 82 78 18 70 73 94 57 27 97 86 5 74 53 99 33 18 29 78 50 52 33 57 18 62 47 2 48 1 81 95 48 36 66 39 61 60 11 59 12 67 85 31 71 45 99 56 15 42 85 66 42 99 1 82 19 47 66 55 76 62 90 68 81 75 40 95 74 19 93 96 18 97 20 87 77 57 53 37 89 4 95 13 78 75 17 74 25 84 62 41 84
73 85 51 27 30 88 45 85 36 76 22 47 93 67 86 11 13 99 28 76 79 47 54 58 2 0 63 39 22 89 84 16 46 14 49 64 18 43 4 59 41 93 52 10 1 64 23 15 19 33 0 78 67 10 2 18 91 94 81 91 60 18 75 54 31 86 62 44 31 72 48 66 47 54 91 5 3 15 0 39 91 69 79 70 33 35 70 78 69 94 67 80 47 84 24 48 99 50 18 99 63 91 80 79 54 5 2 99 22
72 47 79 21 2 13 22 64 90 10 4 43 82 7 36 93 77 20 22 68 39 59 15 69 74 84 7 87 39 77 69 98 57 59 95 4 65 32 46 74 87 2 34 32 14 100 69 48 47 9 90 62 81 71 1 63 62 43 45 78 82 4 100 84 58 18 28 80 19 23 36 87 21 50 1 42 99 86 30 95 19 45 82 37 82 10 16 97 84 7 29 10 14 9 77 33 49 87 35 70 96 43 15 69 76 78 48 3 61
65 92 16 36 24 55 37 4 13 84 49 7 96 92 27 38 90 91 18 80 6 30 86 72 98 34 22 83 38 78 29 74 84 82 47 92 48 68 6 28 45 61 42 51 50 37 38 3 44 28 29 91 89 39 29 87 27 89 75 90 50 93 39 38 68 90 94 7 20 74 32 13 84 14 24 15 65 23 51 89 95 43 70 27 89 25 16 23 97 90 95 64 6 4 36 79 49 1 11 58 41 6 75 18 55 68 16 48 16
19 22 75 93 74 85 37 52 89 9 0 51 70 80 97 45 53 69 31 77 41 99 75 60 78 29 3 65 12 40 86 10 57 89 65 40 82 44 13 2 56 75 62 59 65 53 85 84 56 95 69 14 54 89 58 48 32 15 25 94 32 85 65 81 50 64 72 77 83 26 5 60 75 6 83 36 16 84 15 53 71 50 49 18 6 5 54 94 75 82 57 26 51 59 2 59 95 70 73 50 78 71 4 29 41 29 4 85 83
39 81 77 70 1 14 66 23 98 75 75 83 59 46 59 75 17 80 79 93 83 35 65 16 91 95 30 26 62 80 83 5 36 55 87 42 58 56 70 57 21 55 64 4 32 89 6 47 8 11 62 33 81 99 94 8 96 51 40 7 64 31 48 89 53 44 39 30 51 85 15 14 1 32 89 35 34 42 21 52 13 45 21 48 28 68 75 28 86 53 17 17 15 62 4 2 77 70 97 33 59 91 99 55 46 31 11 71 49
58 53 75 31 85 20 25 14 47 80 26 3 62 39 65 45 58 15 33 69 24 95 28 53 91 26 88 41 33 62 68 74 48 100 4 85 45 61 86 72 73 78 90 14 76 62 75 66 96 10 55 84 94 50 24 49 3 82 11 82 88 67 30 17 17 54 3 19 45 47 18 78 20 17 36 96 76 44 88 9 57 7 93 91 66 30 71 41 48 36 74 29 60 38 17 98 98 16 78 20 58 42 27 79 14 66 12 91 75
75 45 58 71 22 30 90 99 4 48 90 14 46 53 89 6 56 47 4 31 80 79 85 5 8 61 57 6 70 22 70 46 53 51 73 80 47 60 51 14 63 8 57 72 17 19 57 13 44 93 80 30 76 7 55 54 39 54 72 85 96 56 90 38 96 60 79 92 50 25 28 5 41 52 35 70 54 16 87 20 48 29 89 54 90 39 30 36 89 23 99 37 17 32 65 16 54 67 49 53 66 9 31 7 67 41 67 41 97
92 97 74 84 40 42 16 13 86 100 71 85 24 56 37 54 22 19 61 59 20 22 45 95 74 32 92 1 2 44 53 10 34 89 57 42 20 23 48 0 69 9 24 74 30 60 77 51 83 54 33 30 20 5 89 66 17 44 7 51 46 89 18 26 61 58 82 89 97 92 22 41 82 51 76 28 26 65 59 56 65 2 41 61 64 15 52 76 44 52 71 57 71 95 47 24 6 20 77 5 13 37 21 61 84 40 29 10 28
49 26 25 8 19 18 59 64 49 37 51 96 10 75 91 63 9 14 1 47 100 14 57 28 74 89 59 39 81 74 22 38 85 11 74 17 27 94 48 38 38 28 33 6 26 5 99 45 62 49 9 67 40 96 44 23 3 30 6 66 98 64 45 48 30 9 42 51 63 85 81 91 90 92 46 43 50 8 28 70 96 90 76 46 74 30 21 64 96 88 9 50 25 36 94 63 6 69 100 87 39 98 60 39 56 85 91 53 42
43 83 15 41 67 15 86 8 15 98 27 73 39 71 49 13 69 33 21 7 27 57 43 75 98 36 38 98 28 89 23 90 61 21 42 30 59 25 97 30 52 96 7 2 20 97 56 87 12 14 2 42 54 20 88 98 85 94 26 48 56 59 64 46 4 22 78 23 10 39 84 5 97 87 33 17 21 81 42 26 67 89 66 73 15 50 82 65 94 15 17 90 6 31 36 17 6 44 8 94 21 90 30 6 67 56 94 47 39
42 25 44 74 30 19 79 71 38 55 82 59 99 77 18 1 85 32 95 26 18 25 82 52 61 58 74 98 58 93 51 79 53 50 85 37 31 70 87 59 89 24 26 68 35 63 36 47 4 40 7 78 59 98 8 79 29 98 62 99 76 87 48 63 60 96 89 97 82 85 27 21 0 3 19 44 11 62 2 3 1 52 41 57 22 43 69 40 88 58 69 44 57 68 51 18 84 50 63 66 53 91 37 97 54 84 91 69 32
91 38 13 50 54 56 37 63 45 84 75 88 84 47 78 92 67 53 12 36 84 5 67 79 9 96 76 65 25 71 99 99 57 99 81 51 79 5 35 12 36 17 37 91 60 93 69 32 75 18 6 15 45 98 51 16 83 92 89 70 30 14 25 62 45 81 83 63 86 91 32 92 43 46 33 90 52 2 26 78 94 81 86 38 30 62 9 15 29 94 68 77 36 16 73 9 42 12 79 100 48 36 61 59 61 8 32 49 14
34 16 22 23 7 35 91 46 72 84 71 48 92 29 74 5 26 17 98 4 60 44 67 9 2 16 5 48 62 94 44 65 78 22 53 84 94 11 1 54 46 78 60 39 66 83 69 7 67 63 71 65 13 55 25 91 20 32 69 73 43 9 72 10 52 56 28 85 9 37 93 41 52 74 74 80 30 3 57 12 65 55 45 20 15 37 48 20 10 87 73 71 16 52 99 51 73 73 42 82 96 65 8 25 65 48 7 34 30
81 72 52 14 34 27 66 33 6 7 97 40 27 44 1 59 46 72 8 62 91 48 20 32 75 65 59 70 34 66 25 42 46 63 66 13 33 27 77 39 1 48 66 70 77 93 54 68 47 51 7 60 69 18 43 68 68 93 3 80 83 17 6 62 75 9 93 4 32 25 15 14 51 74 6 18 6 2 35 84 32 24 53 12 91 39 31 100 57 7 14 31 32 86 33 12 39 49 71 71 63 42 77 85 47 81 6 52 100
71 39 54 4 41 14 33 80 1 8 43 46 68 66 44 37 1 56 14 63 28 43 67 55 86 77 99 100 75 62 51 25 34 71 29 90 89 38 41 38 34 79 79 42 45 23 82 63 66 36 68 44 27 29 12 63 56 29 90 49 88 87 20 89 67 87 59 25 91 43 46 11 79 15 43 31 48 59 39 61 36 17 27 57 90 6 35 10 82 3 57 62 90 86 90 34 62 14 72 91 48 13 37 16 87 68 91 36 88
42 78 9 80 30 22 87 93 17 0 56 78 46 51 62 72 49 23 32 1 28 44 80 29 0 75 8 52 73 71 10 79 60 55 80 8 48 40 4 35 35 60 8 54 93 84 13 95 51 44 29 83 39 71 13 99 44 35 57 71 97 74 11 15 13 21 8 68 2 55 43 88 69 1 20 46 92 66 69 66 66 48 93 4 0 31 51 43 71 76 27 98 61 57 15 17 43 33 12 32 86 50 60 77 43 82 95 0 15
50 73 32 52 73 95 2 59 2 7 8 60 34 81 8 93 7 22 72 20 94 37 15 2 83 81 61 8 58 72 76 32 66 28 3 44 63 29 5 56 86 24 35 18 30 57 36 13 2 6 84 58 87 79 50 5 29 63 21 45 54 26 66 94 78 5 29 30 65 62 89 51 0 1 26 44 17 100 76 56 51 6 86 50 19 79 21 81 96 40 25 94 15 40 1 46 37 6 58 33 98 78 70 77 69 58 21 35 22
78 47 65 95 13 19 7 99 22 79 99 33 77 31 39 86 85 30 91 95 86 87 13 86 2 84 89 33 21 71 10 90 14 60 19 8 36 71 69 23 71 32 91 35 81 99 89 46 25 51 81 92 36 40 14 3 94 8 11 67 78 7 30 19 19 77 58 6 99 25 98 31 86 71 71 55 95 81 17 34 43 90 19 66 93 41 28 33 56 40 50 75 8 38 57 77 71 67 75 5 51 25 50 37 41 46 67 49 95
23 14 51 23 46 42 88 79 13 35 61 99 87 36 20 4 66 28 99 90 73 5 60 13 81 15 79 93 16 12 86 66 89 29 25 86 15 59 79 45 17 39 28 50 80 69 35 32 74 99 54 57 65 40 40 31 60 58 5 11 0 0 1 98 58 69 1 70 64 85 39 0 49 94 4 79 51 57 35 56 38 71 38 54 66 67 12 14 10 11 54 34 91 33 46 0 6 88 41 66 52 41 33 70 33 25 72 81 3
80 24 1 100 55 43 92 69 62 96 98 4 46 24 77 77 39 5 93 14 4 8 31 54 13 63 89 13 71 54 66 50 94 0 58 28 81 43 34 12 25 38 4 19 20 78 43 31 25 65 14 82 53 37 90 62 38 83 47 35 15 21 62 10 55 44 37 76 84 82 72 24 33 41 54 99 29 55 61 78 91 55 49 63 64 48 41 35 46 35 53 5 8 89 91 45 54 70 92 33 81 6 23 48 58 58 78 70 23
57 61 84 47 77 72 13 25 73 27 16 36 20 49 32 44 66 72 15 46 59 91 4 92 94 61 93 51 88 99 33 64 43 2 88 15 41 5 8 6 88 90 53 13 9 19 77 18 13 83 24 57 51 42 70 31 19 60 71 83 100 95 63 99 73 3 35 34 44 48 42 49 95 73 32 13 82 3 98 94 52 89 58 67 18 11 62 3 20 88 33 99 61 87 55 84 36 64 72 32 28 71 34 55 87 50 21 65 43
14 78 67 65 12 44 45 24 48 51 1 8 11 96 9 40 33 77 6 4 34 83 95 27 38 27 31 42 44 31 52 63 86 21 91 51 41 67 28 11 71 82 14 71 67 25 10 67 37 3 84 11 18 5 52 38 74 92 18 56 38 81 9 51 20 6 47 64 37 50 30 84 87 64 83 74 70 19 76 57 75 22 40 92 40 47 3 38 58 18 29 16 72 68 82 10 36 26 81 36 9 8 48 72 42 6 13 9 14
12 42 57 100 27 2 85 45 100 59 16 73 95 92 43 23 71 3 61 25 21 43 60 5 92 21 25 21 91 56 25 87 97 66 33 18 44 80 54 3 40 86 55 33 51 46 5 21 28 47 39 99 72 50 19 69 28 57 94 0 28 54 84 17 8 20 68 28 25 68 96 100 36 3 36 26 59 5 56 61 83 23 43 64 47 26 59 78 23 96 9 47 38 53 49 96 93 94 91 72 0 45 93 51 66 31 57 7 20
78 93 36 24 68 13 77 38 90 16 20 11 54 21 17 31 71 16 54 86 29 24 35 83 90 90 100 75 62 44 10 0 50 32 85 100 21 14 58 92 96 67 47 63 91 0 46 13 6 100 75 44 38 77 88 80 92 86 91 81 57 93 56 30 23 0 40 83 43 93 27 89 95 47 78 40 32 10 98 36 50 42 61 36 72 0 40 64 86 55 81 27 61 78 66 73 73 65 39 69 90 86 25 20 30 84 32 77 58
21 23 60 17 100 32 19 19 63 73 99 48 68 74 72 52 91 9 55 81 86 32 17 31 72 69 66 3 29 100 40 28 71 41 43 35 32 0 45 85 32 23 92 59 71 5 20 23 96 54 77 4 9 99 88 55 14 31 75 90 42 28 60 11 77 15 30 80 9 23 94 39 27 29 74 30 59 4 36 28 58 25 49 28 20 89 18 56 45 67 4 90 38 68 11 75 58 54 78 62 29 31 71 82 20 91 4 50 11
5 26 3 36 3 64 60 53 94 22 37 86 36 89 78 29 65 42 1 35 83 91 94 100 71 64 71 24 39 53 73 68 56 38 73 42 74 11 36 67 73 29 9 68 82 25 30 38 5 79 75 5 70 11 38 86 39 12 16 38 60 11 57 61 5 42 32 43 81 78 16 4 39 49 99 50 21 35 39 59 25 51 53 28 3 36 60 44 8 34 8 46 95 7 12 10 100 76 87 27 61 99 90 28 97 68 54 24 29
75 17 18 93 85 91 73 0 22 53 91 9 95 41 98 100 72 24 7 29 62 55 90 74 92 47 90 65 65 9 43 65 35 66 95 6 60 11 88 90 58 34 6 29 35 61 22 33 26 58 14 67 15 28 61 49 25 82 83 22 94 68 72 10 32 41 45 31 88 80 29 40 92 61 14 86 14 49 2 77 41 35 35 44 33 55 59 25 66 55 23 74 89 20 58 32 74 9 75 53 87 39 18 47 73 69 17 26 27
16 26 77 50 72 44 57 39 22 73 89 12 65 42 31 42 89 23 28 90 39 64 96 65 78 59 94 25 79 29 20 34 17 16 97 53 73 71 35 39 69 84 38 83 82 26 93 19 66 22 37 87 36 88 77 71 77 28 84 4 63 15 71 38 27 88 46 64 41 73 13 54 9 53 70 12 14 42 13 70 85 0 29 88 13 9 91 9 72 69 76 58 29 73 86 61 4 32 49 80 93 37 30 0 74 81 58 69 15
77 68 100 14 53 72 91 79 85 55 25 72 46 49 72 94 88 68 54 67 95 53 15 54 43 96 53 43 49 78 34 45 26 99 21 87 89 5 15 85 56 6 18 31 24 31 92 23 6 41 70 12 61 71 75 86 39 13 29 70 11 20 49 84 19 34 28 86 90 15 35 1 7 28 11 93 84 9 65 12 18 9 28 51 48 6 6 91 39 76 80 59 54 51 52 21 3 74 62 94 12 34 46 62 14 75 51 22 44
58 36 40 4 6 67 54 18 9 53 34 58 74 61 81 96 49 63 45 51 96 18 74 88 94 70 100 59 69 96 56 39 46 35 82 29 64 87 89 57 21 7 65 50 66 88 23 1 53 68 94 90 54 88 59 37 23 44 46 8 67 9 84 63 30 76 45 48 28 91 52 90 28 53 94 43 55 68 87 63 64 67 55 87 35 31 13 46 54 87 79 68 92 10 74 15 76 16 53 60 37 73 80 32 50 64 30 61 83
86 18 43 82 91 67 75 12 16 85 44 58 14 55 98 50 19 89 10 63 90 31 47 7 36 18 35 71 70 59 90 94 32 82 49 31 52 46 68 19 28 82 2 44 70 3 42 48 17 42 90 73 88 12 78 0 3 47 53 30 100 40 84 88 82 60 24 12 88 73 7 52 93 90 38 65 64 86 40 50 42 52 73 13 22 3 30 81 27 91 92 29 50 69 91 84 0 64 22 67 29 16 82 28 76 11 46 83 35
52 35 24 30 55 6 8 96 30 86 39 48 53 5 45 40 21 45 63 7 27 12 35 68 61 55 49 51 65 67 79 32 88 26 61 74 86 72 31 69 97 16 94 78 90 55 74 60 45 83 55 27 22 90 97 50 23 90 81 78 93 28 7 40 94 7 21 29 69 0 2 51 0 25 15 33 50 58 73 40 58 96 67 23 11 72 61 13 61 56 97 79 48 12 43 83 24 38 39 46 43 81 32 54 23 62 93 17 97
96 95 64 49 67 79 51 51 29 74 93 11 18 50 98 9 18 83 95 45 94 81 57 37 73 67 22 71 29 66 78 34 10 51 8 0 74 20 83 28 83 26 95 40 29 72 16 91 29 40 16 4 63 35 96 3 82 73 98 99 86 64 46 75 79 76 24 98 26 76 64 16 35 61 15 56 43 56 8 83 9 10 53 43 68 33 22 87 47 34 43 34 96 74 29 32 42 98 23 73 86 93 76 89 24 37 71 96 53
72 73 100 79 65 69 77 33 90 87 54 73 78 75 89 71 90 74 91 9 41 67 29 79 26 92 65 69 32 96 44 15 67 68 46 0 98 41 16 86 31 53 30 0 78 28 96 62 25 90 9 70 15 91 76 38 71 75 65 47 55 71 39 76 86 76 14 32 34 24 98 67 59 96 68 71 9 96 58 37 16 73 95 26 61 84 44 80 42 35 21 8 91 65 28 64 13 53 28 64 31 44 0 32 62 73 92 96 59
95 29 63 21 57 70 75 45 78 29 1 40 87 98 17 0 75 72 50 46 9 85 90 40 48 4 79 30 3 92 58 88 57 84 15 60 96 62 52 17 9 79 89 73 37 28 76 99 37 17 61 73 98 98 72 71 24 27 94 86 51 42 82 19 61 88 3 36 66 77 87 21 52 73 13 61 26 0 74 62 53 99 58 25 2 11 53 24 31 87 7 63 47 59 14 70 45 93 44 100 46 27 97 85 76 48 96 42 23
36 89 62 85 61 9 29 7 12 17 76 30 100 64 46 48 55 47 45 96 9 7 14 77 13 66 94 79 57 58 69 53 43 14 74 97 18 98 64 7 12 69 11 45 1 24 42 56 98 93 60 24 16 79 7 21 51 94 48 43 59 52 69 27 96 51 92 45 63 55 79 69 21 82 32 56 77 11 95 38 11 24 83 17 15 26 17 94 1 75 56 58 97 3 20 68 7 31 40 47 12 34 64 78 93 11 70 3 83
81 67 9 8 48 29 53 97 77 26 14 31 44 64 47 70 55 94 66 82 79 48 38 51 48 63 69 95 90 64 9 15 35 22 73 14 90 41 51 9 100 72 47 55 33 45 92 55 79 100 62 39 80 35 0 25 85 5 26 42 59 51 18 19 4 38 67 85 0 15 45 92 93 95 17 66 29 89 48 54 69 87 48 59 87 98 46 8 26 28 43 22 2 26 97 12 67 70 27 22 18 44 27 94 53 37 22 31 49
11 58 12 57 93 98 34 44 63 32 42 44 0 19 82 22 38 34 24 95 9 36 39 91 81 69 1 80 23 53 88 71 39 31 91 63 13 93 40 34 65 21 91 75 14 12 63 22 36 22 94 94 91 17 50 39 84 74 8 15 60 33 19 95 52 36 74 72 40 37 93 13 88 38 78 45 9 82 54 84 81 22 10 93 22 60 90 97 43 94 94 87 39 95 86 56 25 49 93 24 79 24 52 26 0 66 63 5 12
30 35 76 17 29 24 47 44 29 81 19 2 34 61 24 68 32 43 78 69 62 73 95 88 96 17 62 41 9 9 77 91 75 23 27 76 61 90 93 58 0 27 45 44 96 74 80 56 22 17 22 69 50 71 89 31 78 33 78 100 97 94 23 28 100 35 86 43 58 32 95 42 61 43 72 32 32 7 45 100 61 83 38 2 54 49 28 76 84 3 99 82 64 66 39 76 94 75 26 33 9 10 42 72 22 96 33 88 90
47 15 38 75 62 84 77 55 46 79 100 33 14 28 49 91 94 98 81 72 92 85 13 38 60 13 16 77 61 39 65 70 73 73 5 43 28 78 78 52 15 41 45 52 25 17 52 12 44 11 2 11 46 65 51 95 59 79 43 81 56 42 87 45 13 57 45 10 53 40 91 100 92 34 29 96 8 96 34 54 63 3 6 3 10 28 36 7 64 63 70 99 54 28 37 65 57 62 82 84 47 32 8 83 91 24 86 53 80
42 60 4 51 10 13 60 54 99 96 92 30 7 15 62 73 84 40 37 98 55 58 9 58 27 51 100 93 34 52 99 23 68 39 17 87 62 95 0 1 16 76 53 81 33 52 48 43 3 85 38 9 79 19 27 60 23 90 20 93 35 71 38 22 100 77 89 13 61 28 100 57 75 6 76 83 97 46 70 48 17 8 3 79 89 44 72 1 18 35 72 19 76 85 33 79 34 96 29 83 46 92 16 88 85 2 70 94 17
49 64 90 7 31 29 38 21 2 23 60 86 75 38 39 27 20 68 7 36 24 18 68 63 0 83 93 76 95 31 30 90 89 98 41 98 5 69 47 93 37 45 77 79 93 80 17 34 65 5 88 42 32 67 91 12 92 62 7 2 78 31 67 58 84 82 15 95 50 45 1 47 9 98 38 14 3 56 94 73 17 22 73 74 16 24 32 8 19 31 87 45 85 31 90 6 86 54 68 12 9 96 23 19 53 67 12 16 90
11 63 70 43 33 98 69 71 62 2 82 89 14 3 5 46 29 93 71 6 45 32 31 18 20 61 23 58 91 9 7 1 96 3 78 5 73 82 93 16 82 52 71 56 78 96 49 83 46 14 65 87 69 58 57 46 82 76 87 81 54 88 27 8 99 76 52 57 5 41 1 80 70 8 8 83 12 48 87 37 74 0 59 34 7 61 79 48 17 43 16 84 74 86 56 69 97 12 69 6 47 63 39 93 71 42 94 43 85
15 38 53 38 70 86 2 45 44 64 97 100 27 90 61 90 52 62 68 80 76 91 54 35 18 18 83 51 90 26 24 89 76 38 91 41 20 92 25 2 75 96 74 46 9 8 84 32 12 87 89 23 57 87 28 33 36 56 44 80 49 98 62 83 39 95 53 62 26 95 76 40 92 71 98 37 83 46 23 23 87 25 7 45 26 69 0 51 87 93 97 95 8 56 70 24 24 67 65 18 32 39 84 80 87 6 21 34 66
55 65 30 7 52 83 7 96 51 90 51 30 13 77 61 86 47 91 5 94 78 5 51 34 36 35 96 15 84 38 15 77 44 100 22 30 74 25 75 50 69 47 43 92 60 86 54 54 10 81 12 8 14 100 7 88 57 10 90 51 83 17 57 21 73 55 68 33 47 79 12 60 17 19 23 56 19 40 69 3 47 53 98 78 73 11 50 18 24 58 14 18 99 75 76 43 73 77 50 77 43 73 7 0 71 38 58 20 54
17 70 37 31 87 22 16 64 76 98 13 65 70 83 76 12 4 96 29 51 63 89 53 58 76 3 79 82 56 86 17 31 36 12 54 36 58 18 27 28 11 14 26 53 86 70 85 34 65 62 66 55 13 100 24 13 27 6 73 86 81 46 93 84 31 2 92 88 58 40 18 19 40 12 26 37 42 55 56 36 68 51 33 29 59 46 54 93 66 1 3 13 100 70 3 1 81 96 74 47 87 71 82 27 74 41 7 72 71
64 71 46 39 20 81 54 35 44 23 57 41 16 40 89 76 55 99 8 78 33 50 78 0 88 45 1 13 33 97 4 15 24 88 51 52 13 52 42 78 83 2 93 3 38 83 99 53 38 89 15 96 10 10 8 6 81 64 39 11 81 73 46 96 65 38 5 91 30 64 18 30 64 26 15 76 33 97 0 77 96 86 21 51 58 59 53 17 69 50 87 9 76 90 55 35 28 8 35 1 29 30 59 52 1 38 6 59 2
17 2 96 98 22 17 29 56 53 86 81 15 6 87 84 34 74 18 68 66 81 5 42 31 7 25 59 11 33 67 85 8 9 89 79 46 85 46 84 89 94 26 63 56 43 25 6 34 35 41 65 13 89 28 24 32 28 82 12 16 72 47 37 47 3 14 91 14 30 8 23 93 91 10 77 35 5 9 67 93 65 96 16 81 13 38 81 79 90 86 53 76 61 16 52 87 34 100 73 24 9 69 21 22 67 100 88 13 11
31 31 14 29 23 97 38 18 7 82 62 56 56 5 95 50 76 44 59 67 19 53 87 73 80 36 5 42 51 89 54 32 68 13 84 44 74 73 74 57 72 23 21 62 45 17 10 42 87 6 89 79 70 40 38 37 45 10 29 78 78 76 21 44 20 33 62 67 94 20 80 15 9 29 71 17 36 0 96 92 61 93 76 82 67 71 12 55 20 72 94 68 16 74 39 23 71 72 73 43 97 43 15 83 77 63 76 88 48
19 65 1 65 68 83 69 84 62 22 93 58 64 18 32 3 69 55 31 20 49 66 91 38 87 96 76 38 72 52 15 23 28 94 25 70 93 64 44 15 31 33 53 25 15 43 37 2 77 42 19 34 100 92 78 74 87 45 26 54 54 24 42 55 88 71 34 23 28 46 71 18 4 68 54 67 99 82 100 31 83 55 43 29 37 55 53 37 59 38 48 28 49 95 40 98 30 91 16 47 54 51 62 78 73 0 96 30 6
51 17 45 37 95 71 24 4 51 100 72 22 12 42 19 60 85 58 2 17 65 26 58 33 95 85 41 92 54 100 86 68 47 43 72 80 47 98 48 77 99 96 56 19 97 17 62 34 9 67 52 72 37 46 25 59 92 81 35 49 74 92 31 10 47 31 1 61 7 6 78 90 42 94 27 76 80 63 4 9 93 16 61 71 55 55 58 68 46 18 99 68 12 56 81 60 85 35 5 33 53 30 99 91 67 61 90 34 88
52 24 43 65 22 46 75 30 32 1 96 83 52 51 19 20 38 54 58 27 71 26 38 9 90 37 51 37 41 94 92 11 67 57 82 10 28 73 1 77 10 67 84 85 50 55 73 40 80 83 46 35 38 29 76 44 73 94 32 72 72 71 26 43 22 33 92 7 90 54 85 31 41 29 54 95 71 71 73 76 19 14 50 5 50 90 86 94 73 61 23 9 65 90 66 50 100 97 32 95 13 28 50 86 76 67 61 46 1
92 72 42 65 22 90 74 53 31 92 23 33 65 92 58 25 64 26 90 19 4 11 6 2 74 4 7 49 98 49 80 62 49 10 22 55 60 6 53 24 99 99 32 36 30 43 44 61 58 76 80 57 71 68 70 40 26 0 38 8 36 83 57 81 93 31 100 81 22 75 78 88 75 34 43 32 59 48 83 88 2 62 75 68 34 86 49 64 31 97 79 89 28 39 72 75 30 20 46 66 69 7 69 31 71 68 75 33 32
14 57 25 9 96 70 12 100 92 86 80 36 35 38 73 84 84 30 54 38 10 64 29 12 83 85 39 19 47 11 70 94 54 48 35 2 33 85 4 33 5 26 39 78 61 2 76 14 90 17 89 41 57 6 65 65 4 100 83 0 99 73 91 24 87 73 53 83 32 67 34 93 1 47 10 71 73 88 66 19 36 28 92 44 28 49 80 64 70 52 28 86 93 66 5 89 92 94 18 9 59 55 54 49 50 38 68 91 45
87 42 4 62 58 18 62 24 72 75 1 97 0 5 62 22 100 54 9 65 9 48 6 23 18 14 75 95 21 29 72 95 37 81 81 0 49 10 28 55 52 98 57 33 50 70 98 40 67 35 28 57 15 50 7 35 0 92 35 93 76 82 98 63 58 49 61 5 97 83 90 9 11 10 54 11 72 97 53 73 13 53 1 33 60 99 89 80 49 21 78 19 74 17 65 10 80 91 59 64 85 39 30 8 86 95 28 12 75
15 33 77 2 67 6 54 90 27 25 75 7 36 53 52 13 98 73 50 84 85 11 6 82 65 9 0 68 12 62 44 17 51 21 12 49 83 63 98 58 88 14 59 72 66 96 39 28 42 23 87 3 78 49 29 44 36 11 28 17 59 46 72 46 73 6 86 69 99 86 61 66 49 74 30 14 60 33 96 70 1 7 61 78 49 44 97 36 26 88 66 92 99 87 45 54 58 36 57 27 20 35 98 11 17 79 91 66 79
95 4 2 19 28 16 31 43 5 65 28 25 88 61 82 74 78 91 34 60 46 3 11 40 21 8 86 34 74 21 15 31 41 74 77 4 62 24 17 62 1 52 57 47 67 38 37 70 74 75 22 9 28 12 63 66 39 42 51 17 79 11 9 8 51 2 65 70 85 15 40 93 15 59 15 72 25 6 73 3 34 96 81 35 46 29 93 51 92 18 71 94 61 39 68 39 13 85 43 51 44 12 14 67 11 34 76 90 96
52 85 77 60 76 3 46 18 47 22 51 62 51 56 67 85 62 6 20 33 66 56 82 96 59 97 3 34 59 35 64 75 80 9 34 64 58 79 65 83 55 29 54 70 52 12 63 82 12 80 30 30 16 27 93 94 29 58 87 12 50 38 8 82 45 20 64 46 11 12 76 67 36 97 10 3 29 71 49 5 53 4 9 53 79 0 76 74 2 21 90 96 58 8 58 31 54 24 72 29 30 51 63 76 45 33 15 79 98
55 39 40 6 40 49 28 32 100 49 42 81 39 57 98 89 38 98 7 17 29 40 82 40 6 75 13 75 23 91 27 67 3 21 83 80 51 97 10 58 29 26 58 40 30 41 45 96 25 57 87 63 88 87 71 63 13 4 59 2 76 62 66 18 68 0 34 71 69 5 53 50 64 2 76 18 3 29 52 51 26 58 1 58 0 19 32 80 10 15 12 46 72 40 67 49 45 97 98 78 30 25 94 70 96 94 89 34 23
95 69 9 31 24 31 34 81 79 73 12 60 43 82 39 34 25 99 94 60 97 93 23 13 40 95 92 13 18 96 30 36 59 61 61 28 72 13 4 49 53 36 50 28 2 62 49 46 52 45 25 3 11 37 57 14 90 88 24 56 26 37 80 31 15 63 60 27 27 18 51 87 27 71 76 61 34 4 88 73 55 56 87 24 23 70 86 53 85 60 41 9 54 33 87 11 13 11 69 4 42 72 70 88 55 97 17 21 99
70 10 31 34 12 50 83 72 6 7 99 53 12 43 47 76 98 65 41 42 94 11 8 26 20 8 65 14 47 93 4 88 21 29 3 50 2 77 54 81 5 95 17 57 63 2 23 94 63 41 49 56 26 52 58 46 79 54 38 3 42 89 7 49 0 31 2 68 46 31 75 35 80 99 55 62 60 40 30 21 24 59 42 60 23 68 9 93 63 37 42 25 83 98 35 9 32 23 33 16 22 1 62 23 57 9 0 13 81
19 99 91 65 46 55 91 13 56 72 12 72 36 67 76 7 84 5 55 46 8 87 25 89 63 20 88 95 71 40 44 65 33 31 13 3 58 76 61 27 5 41 15 65 71 52 92 16 29 35 33 67 94 51 45 55 87 0 34 87 76 65 23 70 27 0 53 51 52 69 22 67 89 41 31 84 38 19 45 27 77 6 74 83 95 0 44 83 61 30 9 34 80 98 90 29 14 52 19 93 44 21 57 65 42 56 95 57 56
100 45 73 6 98 83 88 74 83 52 78 37 82 14 1 90 3 43 61 17 4 53 25 12 22 2 57 53 49 43 13 9 49 59 5 22 4 52 27 77 21 92 51 9 20 3 56 10 72 26 68 74 29 10 27 0 34 20 29 30 79 83 15 91 48 32 50 72 50 89 56 39 37 44 1 51 61 51 17 88 78 32 35 13 11 14 23 84 74 57 27 34 0 48 43 81 18 20 2 38 31 39 39 31 23 17 50 23 26
37 95 18 49 39 47 30 82 21 56 20 8 84 58 13 77 40 40 3 43 0 59 69 42 77 18 38 28 97 28 82 42 8 2 13 84 77 54 87 82 100 8 71 89 24 21 57 51 11 22 28 17 64 20 53 42 34 63 18 18 69 13 15 99 97 14 76 96 34 62 10 96 67 88 33 80 48 18 80 42 35 83 65 65 77 63 44 30 46 31 54 47 27 51 46 12 12 22 24 45 25 57 80 89 70 65 92 2 7
92 62 67 23 92 100 8 9 88 25 25 89 74 47 85 92 94 65 16 40 69 53 31 25 35 92 17 23 79 59 66 89 68 66 45 47 22 82 79 50 0 47 89 32 73 91 3 82 35 2 55 10 69 40 68 12 7 51 19 15 29 6 23 78 27 44 83 15 18 18 24 100 6 42 53 37 38 92 83 61 12 19 64 76 2 60 34 81 18 39 16 76 92 44 40 22 69 73 77 88 38 44 94 45 30 62 64 99 47
59 6 20 86 79 86 22 77 95 5 61 76 9 42 32 37 99 42 75 83 55 57 79 93 9 40 35 95 89 13 43 92 60 36 5 35 67 70 15 23 26 50 15 35 63 32 37 1 93 14 88 6 32 23 13 92 29 41 48 18 42 35 71 94 16 58 63 28 12 48 6 57 96 33 19 77 97 11 13 36 90 45 93 48 72 44 87 57 0 11 55 39 56 71 82 81 99 30 68 16 2 37 82 1 45 11 86 14 70
53 6 50 7 95 83 1 90 13 16 94 61 2 6 83 87 44 57 16 85 4 4 73 68 83 1 10 68 15 6 57 32 14 55 56 42 23 57 85 3 38 53 74 88 29 4 68 15 72 72 1 45 97 5 34 88 33 2 8 82 35 21 29 12 46 27 84 44 55 8 70 40 78 61 32 94 83 7 46 32 2 3 67 13 62 25 61 96 79 23 69 9 52 46 94 87 56 6 49 66 100 33 45 25 100 52 21 52 31
33 16 49 29 69 98 46 20 43 17 68 74 70 97 18 30 54 53 26 88 100 78 54 70 85 81 67 18 93 92 13 60 68 83 73 52 25 100 79 16 17 93 70 29 80 52 52 55 50 72 79 59 55 19 28 9 24 83 27 100 65 58 35 31 37 82 84 15 53 49 24 75 96 42 18 85 52 37 76 100 57 69 8 58 22 100 73 94 97 65 69 67 25 79 55 3 86 60 79 100 93 75 34 42 51 68 88 15 20
15 95 8 70 40 19 21 62 3 28 81 38 65 3 57 42 48 24 73 27 5 74 23 40 31 16 91 72 64 56 98 57 50 41 30 2 24 96 89 36 97 97 53 43 18 49 5 25 40 12 9 74 86 41 27 98 36 41 99 87 7 23 49 36 20 25 47 98 18 55 46 62 68 17 8 27 41 97 12 19 18 54 42 32 13 46 35 7 28 88 29 64 23 60 73 16 67 32 49 90 20 59 80 48 30 28 99 40 43
85 65 42 74 7 48 83 86 39 52 37 52 82 65 51 52 49 12 94 15 69 80 73 85 79 2 82 48 7 32 85 100 91 33 47 49 5 81 45 99 44 98 62 74 90 80 85 82 75 52 67 78 96 83 64 79 76 82 29 83 89 88 92 51 19 30 88 33 6 50 90 67 31 39 0 59 34 28 13 72 9 81 57 97 89 82 93 32 75 13 46 14 79 45 61 14 17 7 81 85 71 52 65 73 28 14 24 59 8
30 8 12 94 59 73 53 95 16 26 82 13 16 93 79 49 51 63 98 100 14 97 1 10 2 48 15 89 59 77 94 75 15 50 41 28 19 29 53 81 36 27 1 46 52 43 75 92 8 9 77 36 23 10 42 4 68 64 21 22 62 50 43 39 31 17 11 37 57 37 36 86 33 58 6 16 19 22 34 46 88 79 71 25 0 33 92 96 45 81 95 94 36 70 0 51 43 13 48 48 18 60 45 93 54 65 87 53 34
50 74 37 99 81 84 37 40 2 62 28 50 49 15 45 94 63 11 34 1 15 76 1 28 71 30 97 24 71 12 31 71 8 9 41 71 1 64 78 25 95 42 16 62 92 16 90 55 95 18 86 14 69 20 23 17 10 33 43 27 60 30 71 36 72 63 61 2 87 90 69 63 59 80 29 12 21 67 50 77 88 56 22 35 68 40 85 6 97 59 50 5 13 31 67 47 57 13 28 41 9 82 100 0 36 53 85 26 67
61 73 90 55 12 57 29 15 17 66 24 10 100 59 55 9 41 64 74 34 68 63 40 76 79 85 49 5 66 40 4 18 13 12 29 33 58 37 78 86 3 10 92 49 60 40 9 99 56 97 41 80 97 0 95 68 82 28 16 52 30 73 27 54 98 68 28 95 13 27 95 23 71 99 20 2 80 59 11 73 48 89 75 78 7 12 38 47 75 4 64 82 47 90 28 8 16 60 15 38 66 28 86 36 65 24 95 29 73
12 50 40 98 79 88 11 53 97 17 26 61 71 94 98 3 12 89 22 44 90 47 53 20 63 15 57 63 32 31 25 28 16 14 23 74 56 46 82 53 18 19 31 57 4 16 54 91 80 45 9 72 56 4 23 56 30 26 21 24 51 82 94 68 64 36 20 59 94 17 62 98 70 45 54 8 45 78 43 16 50 75 58 35 14 28 26 78 45 60 1 64 97 85 32 60 42 30 3 65 50 4 33 55 24 72 86 47 68
