37 71 20 87 95 60 1 100 93 53 40 95 38 42 11 24 11 80 56 62 100 6 63 43 64 30 29 57 99 43 66 61 12 90 36 35 25 12 87 33 55 22 82 41 20 97 12 41 1 3 56 57 53 14 78 86 72 14 32 74 0 32 0 63 35 28 62 39 64 85 14 89 67 86 39 20 15 47 100 58 83 64 49 54 26 11 53 7 0 14 86 37 10 12 0 7 66 89 41 24 84 78 78 33 38 83 36 13 80 72 53 48 34 35
62 72 56 7 75 99 96 3 60 79 40 41 11 11 86 61 56 36 98 84 10 59 32 77 11 33 96 87 90 21 27 39 55 87 15 24 25 71 1 86 90 82 77 90 60 61 49 67 22 89 69 50 93 18 26 62 29 33 11 69 51 64 75 23 85 22 41 99 98 64 94 90 13 94 63 49 34 39 39 43 69 49 76 13 91 81 32 31 5 46 10 9 97 19 73 8 54 22 51 13 71 38 59 16 62 28 71 100 87 15 74 28 75 71
11 72 3 47 81 13 71 64 77 47 11 28 7 14 58 91 77 94 39 73 45 53 68 29 30 63 25 53 41 58 97 60 85 13 16 52 52 89 37 93 5 81 19 42 65 1 56 83 5 63 20 60 65 87 54 96 28 0 78 27 88 84 78 22 46 93 90 61 61 50 0 79 30 56 80 42 64 37 46 93 99 20 51 89 88 75 68 93 2 67 97 38 17 78 27 19 19 21 40 42 40 21 72 41 60 45 90 54 22 51 11 75 97 89
29 28 72 68 68 29 74 64 20 86 93 81 78 37 37 88 2 53 68 23 57 5 31 49 41 66 15 67 85 32 4 46 33 60 64 62 55 39 70 85 52 98 25 84 81 91 94 85 23 22 61 51 10 54 89 19 91 76 85 86 50 74 24 4 38 11 43 67 91 81 49 3 91 99 42 71 69 6 52 6 97 15 54 99 5 18 85 21 16 88 41 3 81 85 69 95 4 46 47 97 24 0 6 18 54 92 64 100 82 86 41 44 30 73
90 35 35 49 52 6 61 38 91 39 35 7 96 16 91 21 62 91 58 72 88 92 8 62 1 97 26 50 12 10 44 99 67 71 3 49 60 92 17 16 40 90 45 83 64 63 6 58 31 3 91 70 32 41 40 60 0 20 91 80 65 89 50 33 1 48 74 34 68 60 32 74 29 12 71 7 50 85 76 98 21 79 8 34 37 64 11 69 24 70 42 71 21 68 90 3 74 81 82 24 43 29 12 45 14 53 49 68 59 8 12 2 14 68
98 18 45 79 90 64 98 95 60 37 37 36 98 38 85 70 8 72 67 78 53 91 23 44 40 32 30 4 17 99 72 37 30 80 81 55 66 64 36 3 70 0 47 7 32 76 95 79 68 30 28 7 86 26 41 56 30 68 77 91 44 92 72 81 28 6 77 0 42 84 74 67 81 49 46 91 37 0 82 3 24 39 54 3 13 60 94 27 37 81 91 78 89 58 9 11 81 94 88 8 55 62 0 30 81 98 35 18 31 47 57 22 73 37
15 18 52 63 100 15 86 56 76 91 93 3 32 78 7 0 87 25 95 75 95 86 93 48 31 44 19 13 88 79 92 94 87 65 10 58 36 79 34 93 77 67 98 27 90 76 24 52 69 93 77 68 9 1 16 13 46 75 75 87 60 45 37 88 10 37 60 13 79 0 55 95 53 80 90 31 21 25 64 65 39 12 82 32 80 89 43 87 94 61 88 29 42 38 12 84 100 77 11 64 59 31 64 100 66 13 69 45 24 47 83 6 87 91
65 73 72 12 60 24 79 97 96 73 20 14 15 18 2 10 46 36 60 72 39 56 40 13 93 95 39 49 88 45 37 21 67 48 62 27 35 92 77 45 33 6 54 13 23 85 63 23 10 10 96 59 58 72 67 49 88 49 68 69 47 73 54 100 17 32 95 84 60 7 15 1 75 15 95 93 94 92 13 18 49 51 71 94 33 57 69 21 99 81 9 89 47 7 70 56 5 7 27 79 47 44 77 78 0 59 87 69 65 96 7 82 33 37
86 30 40 14 80 35 58 9 81 49 86 85 2 86 23 19 59 44 99 58 98 3 58 34 85 5 66 31 92 62 79 43 23 68 26 36 15 0 61 95 51 34 8 97 48 51 89 95 79 10 22 87 78 56 37 63 80 4 6 7 83 81 26 29 32 5 24 95 2 30 29 75 51 34 90 83 79 12 86 14 68 62 52 62 49 46 2 75 94 34 38 36 11 12 38 84 65 82 59 39 37 30 87 96 20 14 59 93 31 48 93 28 53 55
26 67 50 33 40 8 41 61 21 83 97 68 61 95 75 5 63 31 77 84 81 100 83 11 38 14 63 80 43 25 50 69 58 66 49 73 21 41 91 56 48 82 43 60 12 42 77 82 32 66 81 68 66 100 56 39 73 93 18 36 18 34 80 60 63 53 5 36 29 78 53 34 98 67 44 34 51 30 40 63 7 88 97 78 36 62 39 85 64 47 25 26 51 0 3 17 55 2 27 43 55 44 46 38 65 58 4 97 25 27 96 97 14 85
49 75 42 37 63 85 90 70 19 2 19 42 98 82 14 30 54 17 24 97 24 11 74 38 87 76 51 69 40 10 19 18 80 40 97 39 28 31 89 25 16 1 46 64 56 93 76 90 2 72 84 30 26 43 12 26 70 31 59 5 45 30 42 34 13 15 2 87 1 54 27 30 84 89 6 99 71 39 59 30 60 65 5 88 75 82 53 44 33 28 45 54 63 38 54 67 38 15 99 29 47 87 51 0 40 53 30 54 29 77 92 59 56 38
25 0 13 83 89 70 20 46 14 45 10 73 10 59 22 92 91 71 40 78 53 97 86 8 79 37 94 60 68 100 34 94 26 41 44 43 87 1 78 28 70 29 0 82 78 97 61 62 86 59 62 32 78 32 25 92 83 45 39 93 86 60 85 79 89 82 69 68 79 85 97 12 5 41 81 68 75 51 88 14 53 66 22 57 76 37 24 8 6 92 20 10 46 44 31 61 89 53 46 86 39 17 97 94 12 91 18 79 3 64 4 2 17 13
48 99 33 79 69 15 94 43 87 78 9 71 54 93 63 45 15 16 44 15 42 89 23 77 58 98 80 75 82 91 41 48 12 2 97 31 13 17 42 2 70 4 73 93 36 50 52 58 33 14 2 85 83 77 94 86 18 17 88 42 52 65 67 82 75 63 12 95 70 33 86 18 92 82 21 78 43 33 47 88 88 36 31 25 52 62 64 27 86 48 100 53 13 85 20 50 80 55 64 46 19 14 9 10 21 68 62 91 14 43 70 49 23 21
50 92 19 17 69 74 36 35 34 46 23 4 23 5 5 39 27 42 87 81 43 0 81 71 64 50 52 74 41 56 48 70 76 15 96 42 91 29 28 3 30 38 76 96 94 23 69 95 96 97 33 89 60 81 70 72 16 58 56 10 84 93 7 87 4 99 31 48 44 51 43 59 36 76 16 34 24 39 41 88 45 33 52 88 11 24 38 27 99 22 27 75 56 100 30 64 49 99 71 54 93 90 51 37 9 59 81 46 46 98 75 34 66 66
52 29 28 92 3 18 19 7 21 12 26 40 4 50 98 6 29 95 99 1 70 21 95 4 66 31 31 37 79 6 99 42 17 96 49 44 99 76 52 0 75 36 32 77 39 88 58 92 62 55 70 70 5 64 2 20 30 40 59 6 62 4 15 44 21 43 23 86 100 66 10 0 94 97 66 17 62 96 82 96 29 83 77 88 12 35 41 54 37 23 41 64 74 90 85 91 28 76 76 85 83 9 13 100 44 43 54 46 16 7 5 10 86 12
80 78 33 82 4 96 21 60 81 65 65 33 86 2 73 42 76 24 75 67 48 92 43 45 46 0 33 42 51 4 56 17 43 30 49 56 95 93 94 67 93 44 18 64 57 72 9 52 50 5 39 40 1 63 69 37 53 89 71 44 4 53 17 59 60 51 95 29 26 82 66 86 48 62 94 69 24 82 34 29 59 41 53 21 99 81 17 45 34 19 48 28 63 47 76 4 33 4 99 39 43 34 2 86 55 43 76 89 95 23 35 17 83 64
46 45 29 89 56 93 84 97 72 44 38 77 29 29 61 66 38 74 21 35 58 8 63 1 24 12 84 93 39 43 6 54 19 66 95 77 46 90 15 99 91 69 52 34 7 50 89 67 52 76 1 74 4 62 48 73 67 17 35 63 41 13 99 46 1 8 32 61 76 64 36 46 86 48 3 39 61 66 19 42 51 93 100 58 9 1 46 78 3 43 98 63 24 53 40 67 84 16 18 38 22 77 4 20 66 54 24 3 54 91 42 28 41 32
44 35 1 93 8 52 99 27 47 74 49 37 9 34 41 27 1 28 53 96 33 2 1 44 71 51 12 50 88 18 84 88 60 57 9 18 53 24 30 98 24 17 78 0 63 0 51 56 64 34 12 20 89 100 44 87 35 14 18 97 63 18 43 70 20 81 9 88 0 64 86 55 23 29 81 62 48 16 38 20 11 46 21 34 70 72 67 32 87 79 29 32 25 55 73 98 65 35 94 69 74 95 33 68 74 49 56 32 19 50 44 87 90 75
26 91 12 55 3 79 49 70 34 5 61 2 96 0 34 96 26 41 6 94 49 20 19 18 15 87 26 12 68 4 70 14 36 94 37 81 42 41 28 32 23 90 99 88 30 72 10 73 22 23 22 48 75 80 14 89 36 55 35 70 33 3 38 59 2 21 72 55 50 85 44 99 58 95 52 69 85 62 94 21 42 55 93 13 77 29 92 88 54 20 90 56 62 58 50 54 87 73 76 84 57 99 85 56 19 25 19 2 54 18 94 16 47 97
81 67 14 90 25 81 6 37 71 83 35 40 75 85 69 76 34 34 72 91 68 63 57 20 52 99 7 8 58 10 59 36 98 13 23 70 98 41 28 91 68 87 89 59 10 58 17 49 18 28 64 34 37 67 95 91 39 12 61 1 72 1 52 38 67 58 8 65 2 87 47 8 95 45 46 26 57 94 51 41 81 19 48 24 82 48 23 75 38 53 98 57 17 93 44 63 45 96 79 93 21 91 27 6 66 1 71 29 18 44 39 6 20 80
24 62 72 44 34 37 11 18 77 2 23 61 86 66 51 38 44 20 6 3 87 99 20 56 60 52 56 53 66 48 85 27 52 56 12 87 14 20 44 87 71 73 22 45 94 98 20 16 1 44 54 68 91 37 32 7 60 78 76 27 98 30 52 1 31 70 93 30 64 10 55 22 96 17 48 26 44 41 98 11 95 78 36 9 56 74 70 91 99 78 33 100 61 35 34 6 90 52 33 20 97 8 42 77 40 48 70 60 88 44 5 55 78 11
31 5 93 44 89 64 40 27 17 95 56 97 39 20 45 79 73 43 10 67 4 10 22 80 34 43 62 2 60 74 39 67 14 12 46 89 4 44 15 9 68 50 64 66 45 8 89 31 0 4 80 9 48 47 35 7 16 17 26 34 23 5 66 75 7 73 66 46 85 70 36 52 2 1 55 9 80 78 42 23 65 74 67 100 40 79 21 51 56 91 92 96 37 46 75 65 78 22 71 97 84 38 84 96 74 64 53 19 37 37 28 38 25 50
98 29 46 16 57 62 70 14 4 62 94 3 100 7 18 66 78 60 10 30 95 17 5 24 19 95 98 98 41 64 53 32 90 29 1 15 90 21 22 8 42 13 32 36 76 80 94 99 74 22 43 46 45 5 49 22 58 1 23 50 94 45 90 46 64 89 13 95 82 76 15 14 82 82 8 48 8 38 47 47 95 99 26 34 5 60 77 13 11 13 51 28 41 36 79 88 30 94 61 7 34 62 73 46 32 19 79 41 48 36 55 97 30 96
22 30 100 40 94 37 14 62 15 47 54 34 89 89 11 40 86 0 88 15 75 57 96 48 27 23 1 61 10 21 44 12 38 65 88 15 19 51 71 66 24 25 87 63 16 78 96 8 58 40 73 97 6 39 94 83 73 53 24 70 14 56 98 71 70 52 6 47 55 50 15 22 18 72 27 61 81 45 90 84 18 75 13 65 46 82 62 81 53 61 25 43 85 97 23 25 13 41 89 77 58 17 25 86 16 57 46 62 95 7 43 72 78 13
7 54 97 6 37 82 85 41 52 100 33 41 85 26 38 56 51 65 63 86 98 62 78 21 81 21 53 74 99 84 67 38 19 52 58 22 0 33 72 83 92 67 100 29 7 44 37 83 6 35 4 78 37 14 52 95 81 62 70 37 99 69 90 83 23 11 16 89 72 81 49 72 12 40 59 62 94 50 58 21 4 8 4 84 62 34 17 41 65 1 66 52 54 60 31 49 47 58 96 32 48 64 47 44 67 30 27 71 54 67 7 88 71 14
16 91 69 94 18 61 45 13 5 11 99 78 53 86 5 79 44 86 14 79 62 58 38 76 96 82 72 64 65 75 77 71 22 41 95 83 16 100 27 31 8 87 55 79 93 29 45 28 39 20 11 23 7 80 14 80 89 82 86 6 60 25 57 80 15 12 6 19 94 30 87 29 0 72 14 93 52 80 44 90 99 53 19 4 91 53 58 92 62 15 54 36 56 82 0 86 17 80 16 18 5 28 19 7 77 36 100 36 85 51 71 53 31 96
77 14 99 56 79 28 11 19 89 37 44 91 84 52 11 95 44 25 13 65 99 92 76 22 10 80 84 78 94 10 6 39 57 93 16 3 37 16 21 44 11 11 17 98 59 48 24 46 1 69 77 2 19 68 82 51 68 97 77 56 48 3 34 86 23 36 2 19 16 81 44 48 53 58 96 75 17 48 46 53 40 64 29 5 79 39 56 13 16 98 89 50 53 2 78 69 31 4 69 84 22 94 39 64 89 95 60 37 33 80 57 40 50 96
91 30 72 81 59 3 90 78 86 39 73 25 23 92 8 56 79 64 39 5 35 25 99 62 40 90 90 45 0 72 25 43 48 75 79 88 98 71 27 33 93 70 73 9 66 49 32 20 50 79 24 73 12 96 4 60 93 39 6 23 48 2 88 0 44 18 73 38 98 27 87 62 65 68 78 98 30 91 60 56 0 59 87 85 67 87 59 32 1 14 45 93 99 89 38 63 32 61 30 52 30 43 25 37 100 61 14 28 89 43 25 42 48 27
68 62 20 57 83 39 41 70 45 5 46 66 10 63 59 50 49 65 17 24 77 85 7 31 30 11 67 98 50 75 53 69 41 54 5 11 85 55 68 0 3 21 85 2 67 72 7 84 17 40 49 34 34 29 75 89 51 73 39 31 26 30 73 78 58 29 14 5 5 17 20 96 30 32 77 78 71 96 94 73 72 7 56 68 39 18 17 82 90 75 19 9 69 1 2 89 15 98 100 5 26 11 7 76 57 56 58 77 17 49 88 18 64 69
21 5 74 49 60 97 22 49 88 3 21 4 77 13 58 43 48 88 59 61 55 91 55 45 9 83 86 44 70 3 27 59 9 7 69 10 20 49 1 28 1 1 68 8 12 64 14 81 100 40 36 57 48 80 88 92 3 81 84 71 90 57 4 5 30 36 24 30 7 73 39 38 18 50 59 11 51 69 27 34 92 53 29 14 55 53 71 21 79 14 80 91 69 78 98 38 44 80 57 38 5 73 25 69 92 11 17 3 72 58 18 83 96 1
47 100 31 32 47 7 25 12 53 29 0 23 93 11 42 80 63 40 64 4 57 69 91 76 13 73 35 28 38 75 16 60 27 67 94 32 67 39 95 25 21 99 10 86 41 43 20 24 15 57 93 48 47 32 4 18 50 39 70 99 33 55 14 94 79 30 28 97 15 24 1 77 48 31 33 93 35 27 17 40 56 87 75 26 24 75 7 95 76 49 60 65 82 10 89 96 70 10 49 40 90 84 52 0 30 27 47 47 14 1 14 63 71 48
13 86 36 1 88 57 17 66 23 72 21 62 24 6 8 72 49 90 14 89 63 57 55 2 63 62 41 43 28 90 50 41 4 20 83 48 22 34 24 48 31 46 81 94 15 22 28 39 57 66 75 27 77 84 56 6 28 9 85 13 38 64 34 3 66 98 75 46 20 39 77 21 54 21 40 48 0 64 31 43 83 46 48 62 73 92 86 40 26 81 36 1 99 47 24 89 88 81 83 71 77 64 37 94 33 30 47 19 10 69 79 99 92 3
48 80 71 100 12 57 27 0 80 80 67 34 51 5 4 10 53 61 55 37 12 43 26 48 11 71 65 42 2 74 28 66 40 94 34 36 16 75 6 34 83 62 79 59 16 46 32 44 97 3 100 4 70 72 54 32 0 16 74 23 10 12 56 35 55 62 32 86 31 54 71 15 67 67 51 24 89 99 26 80 64 70 44 57 63 99 60 34 86 5 93 98 7 40 21 42 43 32 99 74 89 24 22 59 58 22 72 33 50 92 97 52 42 48
37 2 62 72 62 30 9 37 80 53 53 76 32 70 45 33 84 99 87 80 47 7 17 66 40 61 20 54 96 65 37 97 29 48 97 24 3 59 5 79 59 62 26 83 91 84 86 26 31 93 83 11 11 95 67 68 35 87 73 59 26 56 60 9 27 77 57 1 30 36 3 5 32 35 78 78 44 57 84 38 90 61 10 69 5 50 54 98 26 39 85 11 2 72 71 48 70 50 68 44 76 63 96 76 35 27 3 4 59 94 54 37 10 11
38 19 75 14 49 13 88 10 39 50 2 4 39 46 63 15 41 51 19 43 72 55 59 13 21 79 4 0 6 73 16 28 92 6 75 19 23 22 83 90 12 100 62 73 4 41 100 80 46 15 75 96 42 70 53 94 90 58 25 56 80 16 37 58 12 9 7 80 50 16 39 43 92 36 31 1 58 41 75 7 0 29 60 6 65 57 69 31 76 4 62 2 47 32 68 83 92 22 0 86 53 47 50 96 18 33 5 5 1 17 38 95 28 20
82 34 48 78 6 90 50 98 32 5 22 82 87 56 32 18 16 63 16 96 37 82 56 74 49 40 23 78 54 1 90 8 76 94 80 69 84 11 78 91 61 26 91 88 62 16 38 61 95 59 51 47 88 50 44 63 65 19 44 40 36 70 92 16 74 24 63 58 33 100 8 39 23 30 40 20 57 89 74 61 97 55 91 22 78 2 35 76 7 79 75 82 35 19 55 44 26 80 31 67 40 83 83 9 86 64 45 62 3 84 56 2 98 13
78 99 20 55 78 67 38 13 17 22 28 25 31 20 2 11 33 98 16 20 34 77 93 100 36 54 91 43 39 31 65 4 32 81 47 100 16 24 56 79 1 100 23 13 64 85 72 75 98 36 19 0 99 57 1 13 61 44 52 69 99 45 70 90 32 39 99 15 9 71 43 66 6 75 71 63 76 12 90 81 18 65 83 6 30 4 67 88 92 42 77 24 51 14 41 43 48 49 3 3 9 17 37 93 74 1 1 88 46 4 62 86 57 31
2 15 17 64 22 39 5 29 74 86 65 73 51 55 68 57 78 57 65 20 66 28 42 29 52 20 51 8 50 43 11 29 34 81 68 43 3 91 83 34 3 69 78 16 38 80 25 83 86 42 29 41 55 63 35 80 8 94 79 48 24 58 55 35 68 40 10 33 16 35 95 55 53 95 18 21 97 94 16 41 40 37 17 60 40 18 48 15 77 59 99 19 74 90 23 48 70 64 69 82 35 26 38 17 48 48 62 30 94 35 35 71 82 46
71 41 33 9 54 74 27 97 24 48 35 87 30 76 78 79 65 18 12 94 52 17 98 34 23 19 11 63 7 79 16 20 66 44 92 80 56 44 19 44 7 2 86 25 77 83 23 23 11 95 76 90 62 71 14 40 60 9 22 79 25 74 44 36 73 5 44 60 58 84 43 36 80 93 54 64 9 79 45 100 35 85 89 81 66 20 48 31 25 79 11 80 36 28 76 10 87 22 8 8 72 84 13 32 30 65 72 95 36 8 40 92 38 63
0 54 49 72 36 38 26 31 74 62 82 28 62 50 82 67 5 94 81 13 38 11 29 42 51 32 14 68 67 31 96 45 100 29 19 48 22 96 15 65 36 74 83 33 43 38 91 21 25 30 96 87 23 82 87 70 60 1 15 17 22 84 87 70 79 39 62 60 22 10 66 23 85 71 42 61 4 95 73 72 54 87 93 90 59 59 87 91 6 52 90 14 88 49 75 1 13 45 51 92 75 98 76 94 62 20 96 87 91 31 98 88 42 90
100 79 62 43 35 39 1 87 0 7 43 83 76 86 51 100 90 52 85 45 95 24 9 75 36 66 87 11 88 55 3 70 63 91 71 83 22 3 90 87 41 23 12 88 90 28 28 75 3 24 20 18 13 57 82 71 32 37 54 79 75 83 45 27 4 27 25 29 86 50 42 1 42 81 55 53 11 50 4 3 26 85 86 18 88 87 31 64 20 39 56 61 43 54 43 88 74 34 29 25 47 27 24 3 53 81 92 50 96 78 66 11 70 56
37 56 23 37 67 89 40 47 37 62 82 42 12 57 86 79 84 97 12 48 54 98 23 70 78 73 38 46 9 52 97 86 83 78 74 93 65 58 95 22 70 40 41 87 67 84 2 6 72 32 62 67 12 11 87 79 54 26 76 10 13 27 1 1 21 66 46 1 28 9 71 61 77 61 44 60 48 88 30 40 67 48 9 23 7 68 30 88 35 55 89 66 81 47 47 33 13 89 48 53 1 1 67 87 24 53 55 61 55 78 84 16 13 62
63 82 80 95 89 28 27 64 19 81 90 50 86 20 73 42 99 54 8 90 74 9 87 24 57 36 52 10 15 25 73 0 56 69 73 51 10 98 56 71 88 57 39 3 46 83 24 95 5 64 72 30 28 62 23 85 12 64 51 42 66 56 73 94 52 43 74 55 62 26 61 71 39 65 50 60 86 20 23 13 74 88 1 3 83 90 70 80 56 100 29 20 69 74 47 87 75 21 30 94 58 79 51 37 64 93 54 21 65 5 47 9 69 30
37 74 17 88 19 29 72 82 58 21 55 95 13 92 21 1 52 96 29 85 51 61 52 88 26 75 76 5 75 15 10 41 72 77 14 61 24 99 92 98 77 97 67 80 36 86 57 37 27 99 20 20 58 62 76 22 66 16 91 85 92 91 39 96 23 43 18 93 9 94 74 4 50 98 94 39 27 100 68 68 86 74 100 74 100 91 82 78 16 6 92 26 40 59 44 79 47 49 41 13 19 0 38 13 16 5 83 7 9 24 36 94 57 62
94 27 87 35 35 36 52 23 56 32 50 13 15 4 98 75 10 48 30 34 34 79 64 0 23 50 62 93 16 59 15 7 88 49 0 3 70 8 21 93 66 85 56 81 14 58 10 20 13 18 54 89 37 69 35 80 93 70 8 91 13 50 40 35 67 93 72 85 29 12 59 1 51 93 80 33 17 12 6 67 82 66 18 40 88 79 43 98 3 53 65 87 78 49 76 25 10 98 35 20 57 93 1 89 13 74 79 41 16 12 0 33 71 7
20 37 70 26 5 71 18 21 14 48 10 51 38 58 46 57 48 67 40 47 99 63 40 3 41 21 55 10 11 57 40 82 81 97 34 30 70 61 64 53 68 59 11 26 85 59 7 11 87 45 79 45 40 8 100 81 78 52 95 44 78 67 61 87 64 19 90 56 52 36 90 32 74 51 49 39 58 21 100 88 41 33 7 43 51 68 45 20 32 58 83 71 34 100 23 18 48 33 55 44 7 24 71 100 12 12 87 69 28 86 1 59 61 41
98 49 75 30 74 3 69 85 90 48 100 75 6 51 2 74 52 61 14 91 46 41 2 8 57 91 5 87 20 12 13 52 89 40 63 55 8 19 99 27 7 72 4 24 100 21 61 93 85 68 92 93 39 50 30 23 87 93 20 47 14 69 45 54 56 73 0 59 48 4 65 93 64 53 11 51 82 80 88 1 77 37 56 2 100 34 60 78 24 98 50 86 20 93 37 62 62 87 62 79 36 52 9 16 90 88 74 80 74 86 3 91 7 1
25 47 32 97 100 60 43 1 43 53 56 25 25 49 24 93 33 41 90 16 37 90 91 32 67 37 71 25 4 26 52 28 57 7 24 77 54 19 16 56 81 34 46 69 96 36 92 52 22 78 78 36 2 58 10 61 41 74 91 56 68 58 39 30 36 83 68 75 40 77 52 1 73 17 18 18 14 77 15 62 20 58 49 22 67 58 90 40 17 87 42 61 41 18 40 90 54 58 37 98 58 22 63 99 45 87 26 58 43 72 16 70 41 69
31 40 26 68 38 68 18 28 64 14 36 66 3 61 0 71 57 61 8 2 96 57 46 57 59 33 74 80 64 12 11 99 47 87 69 98 43 44 55 2 71 79 47 17 68 25 9 34 37 61 86 24 56 48 63 29 96 24 90 6 62 28 10 30 37 48 7 48 44 65 9 90 64 51 12 69 59 13 19 27 62 19 9 77 18 46 98 49 88 50 8 85 32 2 72 15 78 87 15 39 69 33 45 0 45 34 40 32 23 85 52 41 7 52
90 4 7 87 62 98 15 6 9 3 58 60 60 95 9 91 34 88 99 33 55 92 21 27 28 6 3 79 47 85 88 48 2 100 58 95 48 87 0 65 41 63 3 47 71 58 88 76 47 82 84 34 84 100 7 68 21 31 91 84 18 6 2 71 62 38 36 88 82 48 45 84 9 8 52 72 96 100 79 34 42 11 41 47 68 47 20 28 72 59 74 1 12 65 83 35 20 85 8 97 9 20 95 70 48 88 37 57 93 91 5 61 25 9
91 95 66 23 92 45 80 90 54 69 44 86 34 78 25 19 51 93 81 32 50 13 59 55 91 73 46 15 26 21 100 13 98 1 48 9 100 27 45 99 44 38 2 62 45 27 85 66 35 27 23 93 93 88 38 45 50 42 50 85 21 51 8 92 25 81 82 3 13 67 57 63 84 32 39 68 60 23 0 77 19 27 18 50 63 70 80 9 87 74 62 72 87 31 98 14 24 24 42 4 82 8 95 87 61 91 69 87 54 89 97 27 82 65
4 35 74 41 55 13 68 13 30 46 63 12 54 7 47 26 0 2 11 58 72 53 27 72 84 98 31 65 13 93 20 49 35 67 28 72 87 77 91 76 43 54 52 70 12 7 10 48 79 70 46 51 2 46 35 79 56 41 91 96 23 37 14 81 4 11 39 76 11 90 63 50 73 22 20 10 12 94 92 18 23 77 26 57 48 25 62 97 34 57 57 29 38 5 70 75 77 78 78 31 37 37 62 34 17 1 83 83 15 31 10 23 93 8
98 14 40 35 62 58 0 57 0 4 82 25 40 0 24 50 73 60 71 35 5 49 58 83 44 20 73 90 40 2 9 50 52 62 44 45 16 40 71 13 43 58 97 64 16 45 53 89 4 63 5 26 84 91 34 14 69 79 38 12 51 60 85 63 33 85 46 68 41 80 51 65 66 29 100 1 15 12 28 39 1 91 29 80 35 94 40 30 82 36 73 69 8 55 43 8 84 17 99 65 12 67 95 62 40 28 11 23 54 60 95 2 69 75
18 45 38 91 42 55 55 39 34 71 100 95 2 61 26 92 62 93 58 47 72 27 45 52 20 48 66 98 44 12 21 76 10 34 9 39 20 27 75 28 18 69 71 62 25 4 2 89 0 86 55 27 64 4 75 67 1 84 54 98 24 79 56 1 44 27 54 36 45 47 45 27 85 45 15 17 27 25 11 0 60 36 1 37 58 12 95 42 29 71 14 67 43 17 85 36 86 28 63 27 36 92 67 72 80 31 89 38 100 25 78 35 38 89
84 7 61 62 16 1 23 59 39 24 90 66 81 24 50 90 65 15 41 72 39 10 90 63 47 77 69 5 100 8 90 69 75 49 93 2 17 20 35 27 8 68 22 91 19 75 59 90 100 97 12 82 64 15 63 31 38 74 36 97 76 96 85 1 57 12 71 89 92 22 80 24 76 76 50 89 70 29 47 47 29 41 10 4 53 6 83 68 77 17 38 96 71 38 23 55 25 9 83 38 52 6 10 21 55 99 34 84 5 96 70 4 7 39
70 29 23 4 65 43 10 25 31 83 31 23 68 87 15 98 6 92 76 18 1 88 25 65 79 69 69 83 25 3 40 73 47 43 69 78 54 32 45 4 95 22 47 32 15 25 15 61 63 39 83 57 3 36 35 80 28 9 91 72 76 40 69 21 28 2 73 8 74 92 10 21 77 49 62 44 31 91 56 77 94 76 56 94 68 64 92 9 4 11 90 94 29 35 10 68 37 91 56 70 91 66 96 30 42 99 19 21 22 59 35 22 92 29
1 24 10 95 13 65 17 19 42 20 59 33 3 13 10 70 3 42 28 70 95 37 12 68 96 52 20 56 47 68 8 77 46 45 47 61 13 70 76 44 17 56 68 76 46 50 66 94 92 20 48 56 100 76 54 47 80 22 62 31 70 74 98 94 96 36 49 63 71 9 75 91 63 38 15 68 57 83 74 2 96 7 29 55 66 10 19 69 43 60 6 84 54 7 4 74 36 3 93 30 43 82 8 36 77 26 91 7 57 20 51 97 90 90
99 97 54 65 20 13 0 49 15 93 12 47 42 93 78 71 74 68 0 39 33 96 91 99 57 57 86 12 97 85 46 62 15 65 23 93 73 63 8 94 42 94 88 77 1 57 15 56 11 4 8 24 65 16 79 45 21 23 97 15 22 62 49 66 40 22 44 24 9 23 48 78 66 71 9 54 43 19 19 3 0 71 39 1 22 16 81 35 27 24 93 46 0 10 34 64 60 95 69 19 90 89 48 56 50 83 41 22 98 53 54 68 76 82
70 11 90 96 64 46 32 48 78 100 73 39 13 49 52 86 59 12 67 26 28 93 89 78 0 94 48 94 33 92 82 25 72 98 36 69 48 58 1 28 93 63 82 68 44 80 5 14 98 59 56 3 80 18 5 58 64 5 20 92 89 19 100 16 40 33 31 94 59 74 31 95 76 56 31 41 47 56 86 59 15 18 65 25 27 32 18 86 90 90 12 57 69 31 90 59 78 10 92 34 77 92 5 22 33 71 7 24 14 64 54 77 17 38
3 17 6 82 76 0 50 82 31 78 88 42 41 8 18 28 55 25 37 66 80 86 22 36 13 17 89 32 29 71 55 85 62 19 98 13 89 55 29 43 13 14 62 86 31 73 56 38 71 72 6 45 30 68 16 75 96 24 21 24 13 6 9 53 16 75 44 49 48 67 30 47 25 15 26 94 17 9 12 2 6 63 24 71 17 51 4 3 52 95 27 68 17 22 81 41 20 79 59 31 93 35 50 62 76 84 96 49 24 85 61 6 94 49
95 9 46 75 71 85 20 75 96 6 58 36 18 14 14 11 97 45 66 17 26 93 32 100 26 24 63 89 60 21 54 16 69 32 96 83 72 98 96 55 80 77 10 74 13 32 25 73 81 57 36 29 74 80 46 87 16 38 26 17 62 48 16 71 94 61 77 8 31 66 76 51 18 74 30 1 3 86 97 61 70 5 27 95 9 28 11 20 52 47 88 51 100 29 32 92 88 33 5 85 75 7 48 60 57 25 95 63 12 2 94 35 78 95
25 16 5 9 97 16 19 33 17 16 34 11 12 12 44 42 16 53 42 25 78 20 61 63 10 95 89 81 50 75 14 56 40 9 44 22 1 56 94 28 1 72 44 21 19 48 3 34 52 77 66 59 62 90 79 19 54 26 66 4 59 66 1 45 88 25 60 70 70 29 32 70 62 15 96 69 13 31 64 100 8 64 45 49 83 98 100 44 97 30 78 2 72 34 44 65 18 9 93 50 39 94 12 47 31 79 44 71 81 74 79 91 25 69
1 7 25 19 35 69 51 83 56 87 78 63 1 37 59 74 90 7 91 29 50 99 45 87 5 34 91 38 54 72 71 35 16 53 84 15 90 13 94 8 29 58 42 47 11 0 38 79 18 90 26 16 75 38 10 68 94 1 35 73 71 22 57 71 93 59 95 92 79 25 66 61 60 28 59 14 26 3 70 58 7 6 50 61 69 99 32 32 26 74 93 0 4 84 61 92 69 4 76 7 91 4 52 33 24 86 7 0 14 68 74 24 31 76
33 10 53 86 87 100 98 47 98 67 49 0 51 28 39 35 71 74 72 85 5 4 39 38 31 38 13 75 92 94 89 42 68 93 60 91 8 85 14 53 63 65 99 49 15 16 93 61 44 39 6 68 10 97 46 2 34 59 59 96 89 26 45 60 39 75 67 13 71 41 24 45 33 61 15 23 98 40 44 74 49 18 59 39 26 99 61 82 53 57 81 60 55 17 42 66 2 31 59 95 46 72 74 73 57 64 99 65 51 83 35 77 4 62
34 37 25 64 14 57 56 16 13 66 3 88 75 83 83 88 75 66 86 16 45 11 78 49 59 82 62 9 20 90 94 1 8 49 29 83 9 21 80 37 12 76 79 10 47 81 56 70 68 53 8 8 69 12 50 91 18 43 71 6 79 33 26 42 83 8 93 40 11 66 26 9 8 68 15 75 92 17 90 38 80 66 54 85 95 50 75 7 70 96 60 30 57 14 97 53 11 57 19 60 27 30 66 4 53 66 59 96 73 7 23 92 9 26
45 20 71 98 53 87 11 40 99 69 50 63 64 34 41 48 70 20 83 63 78 95 84 73 27 36 41 72 39 41 65 6 51 30 29 4 56 66 93 16 19 31 14 56 57 36 91 7 33 27 30 77 88 82 96 73 46 23 61 88 83 75 49 38 44 69 98 72 6 11 35 75 99 28 70 49 67 53 80 37 36 55 3 26 21 64 90 61 63 20 35 23 26 18 85 62 76 14 14 78 30 12 10 82 21 64 49 13 82 10 95 86 97 12
51 52 11 57 63 10 11 71 43 96 38 91 63 96 61 86 64 99 80 77 58 90 47 87 5 65 1 76 0 71 85 72 29 98 30 88 7 24 15 71 16 79 16 9 6 47 48 0 17 19 35 21 34 38 82 21 32 39 34 62 66 14 6 29 93 13 8 61 47 0 79 48 4 65 80 20 7 44 27 76 22 5 78 4 58 13 5 80 99 58 22 66 72 50 55 56 33 91 61 52 26 54 28 14 72 17 2 89 74 97 46 96 33 56
4 8 81 68 84 53 85 92 45 4 67 66 4 44 57 63 37 51 55 15 100 91 13 37 47 52 47 75 69 57 78 27 96 47 1 42 99 33 29 72 21 40 56 54 9 15 87 80 69 79 97 25 88 2 46 98 37 47 6 43 48 48 74 53 20 18 25 64 93 66 18 44 22 75 70 86 56 74 31 10 13 82 77 13 37 67 78 41 52 10 28 10 13 51 34 100 12 25 57 46 58 40 53 36 95 53 21 41 45 91 32 50 38 90
33 77 32 68 51 58 14 6 23 39 27 16 2 44 0 35 83 5 100 44 37 92 94 60 19 29 32 46 32 37 1 7 76 75 96 3 91 21 3 94 48 68 35 12 97 45 33 29 99 54 92 40 21 24 74 1 22 50 62 99 37 41 84 70 4 58 88 14 24 90 9 78 67 45 7 44 43 43 10 88 14 4 91 96 64 35 99 52 49 42 35 63 76 19 71 20 11 3 13 85 20 78 14 46 83 0 44 87 35 1 5 50 43 18
25 85 68 51 32 71 79 34 66 76 67 75 74 68 89 21 27 23 4 35 23 71 94 73 93 16 39 20 55 81 30 25 15 35 39 39 81 89 7 47 31 0 58 77 36 88 67 63 31 2 17 77 14 27 5 19 33 74 47 4 1 22 79 100 77 31 22 39 90 92 94 33 48 43 81 57 78 90 52 52 36 71 62 58 11 14 22 41 76 74 80 1 26 14 42 8 36 8 79 66 17 31 55 64 62 10 40 85 70 95 74 3 100 37
44 12 74 11 47 77 86 40 21 43 7 32 96 0 9 30 93 25 86 13 1 69 26 72 40 87 3 32 63 74 28 99 24 0 41 78 50 87 20 39 88 71 71 9 90 72 16 89 24 84 56 51 44 52 56 17 6 79 14 100 62 89 73 40 72 91 36 57 53 13 75 21 26 14 100 48 91 91 59 79 56 90 42 15 48 49 90 67 74 20 92 21 55 17 32 51 84 67 88 23 14 41 77 62 24 34 98 84 77 99 22 63 70 53
58 67 94 72 98 7 78 44 16 19 18 13 93 32 49 34 68 33 67 24 15 79 73 54 23 22 19 35 0 40 32 76 64 7 66 14 63 98 53 98 81 73 17 53 83 57 11 69 94 84 82 36 4 32 65 30 3 67 90 19 36 51 22 79 49 40 17 40 83 57 18 92 31 42 59 42 58 5 80 62 55 86 74 65 58 98 54 37 33 10 3 41 98 1 94 61 35 18 26 50 70 81 15 53 12 66 73 8 54 72 71 78 12 73
68 60 6 41 21 26 8 78 78 95 35 72 65 43 27 2 89 95 50 81 77 56 86 98 68 47 84 9 66 10 54 11 11 51 7 1 49 18 11 70 35 51 2 37 62 90 37 93 100 43 92 84 17 49 89 48 46 74 54 17 98 58 15 52 27 100 20 90 88 87 4 76 25 51 7 67 81 3 9 92 42 57 10 70 67 47 5 3 53 80 10 6 75 13 47 12 5 97 53 52 23 17 93 28 69 22 25 72 77 100 59 49 67 44
62 27 28 49 25 17 31 97 26 15 52 18 3 27 31 59 21 59 99 71 71 6 97 6 83 51 3 57 50 58 29 37 75 20 70 14 29 23 89 23 66 57 99 89 1 71 88 60 5 100 82 67 38 0 1 17 9 84 93 20 40 16 76 17 100 41 54 37 82 65 87 79 31 57 20 14 41 8 79 59 59 44 33 41 96 24 78 75 46 46 39 23 35 29 38 91 25 13 37 63 70 0 61 98 57 53 12 27 78 64 52 5 14 30
3 34 24 61 70 46 38 83 90 90 77 9 39 20 58 25 54 2 66 61 83 38 57 30 100 13 48 95 32 79 50 24 12 73 16 98 57 93 8 41 38 12 47 42 67 40 20 91 8 64 45 53 77 74 61 44 19 1 92 60 16 37 36 60 99 35 32 94 36 11 77 28 8 39 20 69 65 1 48 7 85 14 48 99 15 41 62 58 9 70 97 74 18 4 51 85 48 62 41 1 77 65 57 94 78 98 5 54 24 69 77 57 58 45
39 80 67 27 68 8 8 72 1 82 15 25 4 74 7 83 47 32 91 74 33 62 82 49 25 24 38 93 95 18 61 66 55 49 56 41 27 30 12 41 48 51 35 59 22 85 47 7 47 37 29 17 45 95 78 44 19 72 38 5 47 30 48 62 37 52 38 9 92 75 28 72 84 51 58 75 81 79 86 33 0 99 4 70 89 57 44 76 11 55 64 29 42 20 87 93 62 80 6 33 43 88 67 68 40 55 43 8 35 2 0 99 59 61
45 86 60 52 41 54 88 31 33 37 79 64 76 50 13 17 65 60 40 22 86 88 55 56 100 58 61 19 76 35 91 74 49 35 97 4 34 5 31 33 15 65 62 72 95 37 25 79 92 12 56 58 23 65 64 59 82 80 94 78 77 28 40 15 65 53 80 96 17 99 43 38 35 65 10 60 23 37 96 95 35 17 57 83 29 42 85 30 24 42 10 25 3 0 73 86 70 63 47 6 63 51 1 49 64 38 90 15 50 31 55 0 76 66
76 87 87 7 5 10 16 21 89 25 57 71 53 23 74 45 64 5 1 97 82 63 9 37 66 60 22 47 44 96 32 48 57 84 13 43 3 96 81 29 33 67 6 20 5 93 55 11 9 39 22 66 44 57 40 19 40 13 76 43 41 45 35 21 64 47 15 1 15 57 32 14 84 40 68 62 39 74 45 72 57 97 76 6 82 97 47 21 75 38 12 36 85 27 75 6 6 80 30 96 16 0 21 5 53 73 66 39 94 84 80 90 73 65
88 6 33 23 28 54 11 16 38 43 85 80 58 50 51 89 5 31 16 100 96 36 47 25 43 95 9 24 22 13 61 70 75 26 22 43 98 15 54 50 98 79 66 32 28 74 43 25 23 90 34 11 69 12 81 92 8 97 34 1 80 19 91 12 0 67 67 55 37 8 63 51 35 66 47 14 48 5 64 80 22 87 0 71 31 24 2 11 58 12 3 57 88 58 19 86 79 35 19 60 94 96 74 45 67 32 96 20 5 27 44 9 73 66
19 23 70 30 91 64 13 48 65 36 64 32 28 24 97 42 30 33 55 8 34 24 1 35 39 84 4 62 39 17 15 93 58 53 74 6 33 17 14 100 55 24 61 20 96 38 94 87 5 95 49 54 24 28 71 45 42 74 19 8 21 89 75 45 13 68 96 42 9 73 4 50 89 19 37 50 56 70 90 28 88 82 45 81 15 48 60 86 26 64 58 12 14 44 60 34 42 6 68 19 18 59 88 33 78 35 3 52 78 85 90 96 97 65
14 51 34 29 31 26 48 51 56 66 59 45 97 15 54 21 14 85 77 70 73 13 73 80 51 44 54 60 43 52 9 84 98 38 41 36 43 16 67 87 61 88 9 45 78 52 54 9 8 9 32 28 36 54 62 87 60 20 58 81 31 20 50 18 80 43 7 53 27 8 3 52 80 60 6 90 95 31 75 31 60 14 11 3 89 25 1 90 82 29 60 78 94 3 83 88 95 25 52 49 45 37 27 32 73 10 25 93 19 84 40 52 13 6
94 61 31 99 68 96 76 21 51 13 37 10 42 44 16 44 12 51 6 2 30 53 6 52 85 36 61 30 84 84 69 58 22 82 79 26 100 87 19 19 28 17 97 23 4 49 84 81 0 35 58 61 83 79 3 79 13 67 81 28 9 31 18 83 99 41 31 2 6 79 74 71 33 47 11 52 26 28 38 59 52 13 92 34 86 68 97 44 80 23 61 26 19 74 28 5 7 93 53 91 54 75 4 61 29 57 7 86 53 37 33 31 57 46
30 100 17 97 33 22 9 54 92 24 22 69 83 92 82 72 24 91 48 81 39 83 27 66 59 17 98 59 80 68 70 78 36 44 13 49 63 6 51 13 73 83 2 19 41 26 40 15 6 69 8 72 73 90 89 78 92 8 62 87 70 21 72 79 3 62 44 83 26 56 5 73 90 28 33 89 41 21 92 70 96 48 41 66 18 67 53 59 94 6 46 88 30 47 79 54 23 54 31 6 59 6 37 19 90 0 41 85 83 12 98 51 55 4
81 81 49 75 24 94 76 65 29 21 50 5 86 66 89 96 65 14 19 24 65 15 83 53 99 61 61 17 89 94 55 30 82 84 14 53 97 10 53 60 16 73 72 73 49 60 79 18 92 92 47 8 57 78 14 1 83 24 96 48 47 24 55 52 27 59 8 77 56 43 74 61 61 72 16 54 53 20 45 57 2 38 95 57 68 11 44 6 32 42 39 93 84 17 44 7 76 90 91 54 31 67 65 86 7 10 43 72 32 9 86 25 53 18
3 13 42 42 6 79 65 6 61 79 2 49 57 65 92 90 35 44 92 85 99 57 16 10 22 76 63 50 33 96 82 92 9 7 60 53 81 99 13 94 23 81 49 60 89 39 58 27 83 10 38 49 70 51 16 63 68 63 8 52 87 47 26 12 25 40 67 42 9 14 98 58 1 16 77 56 74 85 100 22 37 73 5 19 41 82 91 55 21 95 66 87 64 35 31 15 30 19 48 40 64 92 61 26 71 44 73 33 53 33 23 86 95 71
68 1 83 15 92 7 40 19 53 32 78 98 67 99 95 89 65 69 17 56 27 34 50 72 52 67 83 56 7 7 71 70 57 28 54 46 47 85 79 71 95 57 98 46 38 25 13 52 58 39 57 97 94 27 86 88 38 13 95 88 62 36 47 42 41 92 3 60 39 35 31 87 14 28 0 27 87 52 6 63 6 29 19 22 39 25 43 43 100 56 100 29 39 94 75 12 9 50 57 83 17 85 22 44 54 66 4 10 76 44 50 35 16 25
39 45 20 39 93 92 56 9 60 40 25 25 84 18 18 67 89 36 27 59 45 45 60 17 43 26 52 24 36 1 82 63 43 88 92 38 97 88 61 90 73 15 41 33 71 0 34 7 77 99 21 51 82 79 37 37 20 15 45 7 22 23 44 51 62 47 29 92 31 61 30 66 30 5 85 6 57 65 16 53 43 76 47 66 67 64 79 7 57 91 7 42 84 96 15 51 100 100 28 26 7 12 30 98 35 85 22 96 87 45 6 96 35 56
63 19 28 7 39 41 75 18 29 41 26 3 80 66 66 35 3 34 74 52 7 64 3 47 12 2 28 45 48 45 18 39 39 65 90 81 5 80 69 88 91 86 21 1 14 33 40 59 12 89 4 12 43 80 57 5 21 31 78 10 32 81 61 85 15 36 79 42 32 41 65 98 55 61 68 93 29 8 39 7 51 39 30 73 8 53 30 79 72 40 59 12 35 81 87 34 34 100 82 9 90 6 48 52 38 79 40 64 29 77 86 70 89 6
34 95 48 68 38 75 32 62 61 77 95 49 64 98 83 11 51 91 73 35 56 46 22 91 28 51 50 44 20 73 89 38 17 42 21 84 56 30 33 38 20 56 81 68 74 89 43 54 59 78 32 52 5 25 25 31 36 82 45 89 71 9 97 20 96 8 1 50 41 4 29 73 39 29 55 72 67 69 52 21 62 8 27 15 71 0 48 75 78 67 49 15 49 13 24 68 95 77 42 15 80 2 35 76 0 55 19 13 46 100 62 94 28 55
69 25 61 10 19 76 28 71 70 48 45 12 98 37 22 90 22 65 65 73 11 59 75 62 71 28 94 13 82 36 9 62 45 75 30 93 5 33 73 10 58 57 11 41 59 44 88 59 88 28 84 94 14 87 36 80 27 91 71 28 22 13 53 40 67 18 87 93 70 1 29 62 1 52 32 24 92 77 25 91 91 24 37 29 98 50 55 3 16 94 62 53 32 87 54 43 61 40 4 43 82 37 96 55 68 71 35 60 96 53 65 23 3 10
54 3 87 89 18 43 88 17 94 36 57 69 87 91 88 98 48 36 15 64 68 56 2 79 50 95 39 88 97 11 14 57 3 51 68 62 90 51 47 93 88 50 79 99 54 61 29 30 53 25 18 66 69 81 0 7 21 30 12 20 66 32 83 33 72 49 42 100 30 13 46 16 37 56 41 15 65 56 91 5 32 15 32 19 1 19 9 3 13 69 37 85 22 80 48 91 32 85 4 21 63 62 72 79 19 60 49 13 10 47 62 14 99 45
23 8 8 47 95 23 75 39 69 64 12 83 56 81 100 29 23 0 77 31 42 35 86 28 88 90 88 9 2 53 0 78 33 36 99 27 22 1 36 17 86 43 12 75 90 22 23 19 33 89 49 43 34 67 64 23 46 94 12 76 72 74 42 94 22 31 18 24 14 49 80 73 83 10 76 35 100 59 76 84 65 69 12 54 5 83 17 54 33 57 27 78 92 32 100 93 51 74 86 33 91 96 14 42 91 54 85 53 0 75 2 60 38 7
13 70 36 89 64 41 90 22 40 38 51 79 11 65 29 97 30 16 96 84 80 27 48 35 93 52 97 71 46 75 53 54 38 78 35 74 11 66 83 29 75 81 100 8 38 26 36 72 62 56 89 71 51 41 92 41 74 41 89 62 8 11 86 46 14 71 48 35 10 90 12 81 31 57 62 76 51 73 14 67 96 33 42 55 12 41 96 92 17 35 97 80 92 4 69 73 74 55 16 13 22 3 52 0 75 27 14 57 56 0 65 65 70 76
73 77 14 41 75 47 61 49 70 87 5 24 17 50 89 78 80 19 7 20 21 62 61 91 2 45 59 67 12 95 54 50 44 70 32 5 77 35 76 10 100 22 91 61 63 39 15 39 52 5 48 88 27 19 32 59 13 64 76 74 22 37 41 28 67 82 9 51 38 73 32 50 52 43 35 62 89 59 76 87 57 12 74 19 71 78 34 64 39 58 79 94 56 72 89 14 81 77 90 72 18 85 49 30 16 4 46 48 42 17 43 8 4 61
88 31 15 86 76 63 79 96 11 34 20 71 0 14 76 3 26 89 16 72 98 59 77 2 93 14 95 89 47 21 4 44 86 60 74 36 38 65 98 4 8 49 26 99 24 33 73 51 32 100 39 74 7 6 55 48 93 94 25 77 54 45 0 77 54 58 9 97 52 38 48 19 14 19 69 18 53 90 9 35 32 29 78 32 35 28 70 61 35 26 63 97 67 37 99 16 90 65 64 84 100 13 41 1 95 33 27 77 31 55 94 70 94 46
38 42 38 74 58 53 15 84 81 74 83 67 92 74 28 83 36 62 71 13 14 6 6 7 12 100 49 65 71 32 8 50 97 80 77 8 60 88 82 45 55 46 83 20 94 45 40 16 74 26 91 43 11 70 86 99 56 9 0 85 8 58 50 34 4 30 67 1 50 13 99 18 27 63 29 63 15 60 26 93 48 38 86 69 34 48 21 92 100 1 2 38 44 65 51 19 75 83 75 27 32 40 97 32 73 3 88 34 51 59 4 8 14 84
36 84 0 78 3 34 84 31 20 69 72 57 93 19 11 1 35 86 36 6 98 20 29 89 73 25 34 96 68 85 31 43 54 55 78 55 26 10 50 18 2 4 26 8 98 99 22 76 83 6 58 29 88 75 41 46 31 83 37 19 3 53 29 28 42 21 11 6 70 30 5 61 3 19 2 60 69 55 69 65 57 88 24 97 46 82 64 9 59 62 54 43 83 0 35 77 95 97 9 71 92 30 50 64 46 9 20 67 86 70 100 27 5 53
21 89 34 68 20 68 67 90 77 82 91 40 87 26 98 58 42 88 72 0 100 92 88 32 61 25 16 88 34 9 10 19 87 17 13 14 54 75 0 3 77 62 91 12 42 37 78 31 7 53 18 96 59 68 81 57 7 38 42 0 32 31 31 39 27 14 3 37 76 49 53 57 85 57 63 12 73 80 26 88 88 81 50 34 18 80 100 24 39 68 55 49 71 13 63 41 37 2 31 78 44 57 47 55 93 14 27 99 5 43 11 17 46 16
49 16 93 82 0 25 26 73 53 94 31 34 12 69 40 45 51 8 77 89 30 93 82 78 64 26 75 73 94 87 72 25 29 28 82 19 23 92 3 75 0 58 18 81 75 52 17 6 87 73 24 26 66 81 58 88 80 8 53 56 74 0 30 17 59 54 89 27 52 17 41 58 18 49 49 73 100 66 75 16 24 40 21 44 84 94 96 75 87 7 65 5 44 59 88 44 5 96 92 20 6 20 0 51 90 79 8 1 86 10 7 88 41 18
26 44 40 72 22 68 54 2 6 42 5 24 74 21 43 71 82 7 30 69 59 3 5 87 8 66 66 69 34 79 88 69 46 26 16 41 18 3 23 77 7 19 33 42 99 7 16 82 92 88 5 64 80 27 82 38 34 70 10 29 22 35 84 55 48 32 66 72 47 85 48 71 17 60 1 64 94 55 10 57 99 54 86 77 92 30 31 9 84 96 25 49 72 21 49 98 79 49 63 23 84 60 93 8 53 90 20 46 98 20 12 67 55 53
33 60 7 4 86 58 13 23 24 27 23 67 12 92 34 100 13 56 96 34 47 60 86 95 61 76 11 69 3 6 39 55 15 3 20 29 82 14 44 13 30 65 72 29 60 67 73 43 1 82 94 97 11 22 39 12 95 7 5 65 31 15 23 57 84 13 19 79 97 98 86 27 100 54 57 70 59 38 83 48 18 49 100 7 95 8 81 80 19 59 4 42 64 18 94 78 68 91 45 49 12 7 33 66 31 56 83 49 36 71 16 83 57 90
66 17 52 72 84 4 50 58 36 56 84 40 5 86 4 82 28 48 43 25 2 5 39 93 13 29 65 73 57 48 32 42 20 18 33 27 97 82 73 89 15 3 88 7 30 16 13 21 79 32 90 63 42 60 77 21 25 2 65 80 80 72 62 18 64 29 2 65 88 8 74 83 39 24 43 46 17 88 19 33 12 6 37 25 49 14 35 28 5 25 78 7 87 78 32 49 24 3 20 55 47 83 72 68 12 28 14 19 16 36 87 100 11 15
10 36 24 23 77 25 1 44 33 62 28 50 72 91 0 30 38 79 19 97 0 2 9 14 44 96 15 27 7 69 63 32 65 71 80 5 91 23 98 58 72 36 72 3 37 91 60 51 63 92 56 97 74 98 77 84 92 21 27 93 73 14 0 19 0 34 62 28 30 26 60 64 24 69 96 39 72 84 99 38 8 90 85 67 96 6 43 23 88 50 71 87 93 75 24 51 84 76 95 52 78 50 65 28 4 36 63 19 27 45 87 92 42 82
57 68 95 83 80 69 67 66 28 43 27 15 20 34 48 28 82 30 71 87 92 78 37 29 30 92 58 11 50 52 15 28 11 66 51 54 81 8 80 34 87 69 71 10 70 98 58 88 97 78 21 67 27 52 9 48 15 78 50 89 14 68 35 61 61 44 33 48 58 37 68 95 28 59 69 38 20 84 43 22 76 33 39 18 63 39 99 100 47 54 58 81 88 24 15 97 73 91 94 13 72 69 2 78 99 8 89 78 62 98 20 29 28 20
4 2 54 53 42 73 91 48 81 80 35 29 34 27 32 73 37 64 70 17 53 75 1 66 99 93 99 70 27 66 9 54 20 0 42 31 50 49 76 63 70 33 39 87 50 44 75 25 81 76 0 85 55 82 43 77 66 49 80 35 21 40 78 61 69 8 44 73 97 97 71 76 46 56 85 11 13 19 35 73 37 21 13 95 80 93 34 92 7 77 74 82 75 7 24 62 51 93 21 0 19 65 71 58 25 61 13 36 49 86 77 0 75 100
69 59 49 47 69 5 23 26 86 81 83 89 56 71 22 55 2 73 1 21 59 88 38 64 42 78 44 23 78 62 40 95 23 99 50 35 34 37 76 95 26 75 22 65 58 47 29 61 12 28 14 83 53 91 71 70 23 4 71 13 21 3 61 40 51 46 61 52 61 74 33 20 84 10 20 40 23 12 54 70 80 13 80 97 4 60 35 33 38 89 74 98 39 42 16 27 69 18 0 12 21 86 52 30 49 11 78 58 13 77 9 44 85 71
93 32 71 68 55 22 37 73 51 50 84 50 19 20 90 16 93 51 87 88 7 13 0 14 31 4 30 73 42 91 93 80 12 47 71 64 22 91 73 65 86 90 90 25 49 65 63 69 3 80 79 8 62 20 39 24 43 67 41 72 78 15 3 96 97 99 28 51 38 71 16 77 51 99 61 17 44 100 74 75 78 30 73 42 69 33 97 95 100 0 48 67 27 33 77 46 10 67 74 65 100 94 80 74 34 1 24 67 91 55 52 77 4 22
85 48 93 56 86 44 98 17 20 97 50 95 70 60 4 21 75 9 91 61 31 34 23 80 85 60 53 50 84 47 83 76 30 53 60 48 77 49 93 88 83 74 39 64 51 64 71 25 9 76 54 75 60 74 61 41 74 98 37 57 84 72 97 21 37 50 5 79 83 15 99 12 21 26 1 75 47 44 100 33 59 52 94 85 81 36 15 16 26 4 46 1 76 69 98 29 19 77 45 62 69 17 25 30 93 59 41 88 50 94 83 64 3 57
17 83 74 13 84 26 75 61 11 4 21 39 90 10 100 57 64 99 66 74 35 39 46 64 45 6 9 33 94 49 5 90 79 0 87 22 96 49 19 15 25 14 77 89 72 43 10 74 85 84 5 97 66 80 79 100 67 2 46 75 17 95 64 77 36 46 34 29 7 96 2 87 88 88 40 78 2 20 100 1 45 27 35 83 28 17 5 42 7 48 49 28 40 55 30 73 33 68 58 65 13 84 3 77 16 49 1 99 97 38 77 19 17 22
19 32 1 6 45 85 8 16 99 77 68 63 82 14 19 59 99 83 76 85 26 33 2 23 100 44 77 100 6 78 0 2 68 53 66 62 15 68 42 51 71 48 32 96 56 19 27 46 27 86 38 22 27 1 68 90 24 61 3 16 41 58 78 77 80 74 72 54 68 57 94 83 77 63 63 53 42 86 68 78 34 95 66 42 1 70 94 51 1 79 46 13 61 33 26 61 47 73 21 37 76 96 33 79 88 85 81 34 18 30 90 22 8 50
36 56 42 62 12 94 97 12 79 65 18 34 87 66 36 14 62 68 63 70 34 39 50 48 64 40 100 31 0 71 42 48 45 64 87 35 63 62 84 0 41 81 73 93 76 31 4 89 58 69 73 38 75 53 33 39 44 76 9 92 100 15 90 95 62 24 62 0 62 19 76 24 4 82 81 3 19 90 56 38 100 15 65 77 73 88 73 56 33 34 100 40 27 49 88 36 68 71 77 5 20 43 96 37 83 67 90 49 85 86 46 36 76 37
1 13 51 14 42 35 52 68 97 25 62 89 3 17 66 34 75 0 11 94 63 89 49 22 92 5 97 12 87 88 89 48 42 74 81 40 66 74 42 64 22 63 82 79 87 25 24 42 79 88 77 25 24 84 10 70 52 91 71 10 15 95 80 30 70 91 43 79 33 24 78 77 7 34 29 56 39 53 57 24 49 3 82 95 12 22 57 29 3 87 59 68 11 50 17 32 91 25 66 14 80 79 33 43 8 54 98 33 82 68 41 37 37 83
93 50 71 82 14 3 87 12 23 84 61 29 55 97 31 25 3 87 58 18 43 98 47 27 45 48 40 92 74 46 13 90 19 52 57 77 26 80 90 34 75 14 13 68 9 7 99 85 6 66 85 31 85 38 87 82 60 74 48 84 60 39 58 2 74 86 81 91 29 15 25 63 82 35 55 0 32 19 21 3 15 1 5 99 52 100 27 79 68 98 45 37 60 40 60 63 89 56 6 43 95 25 75 83 74 11 81 51 60 1 58 80 66 42
3 48 71 78 43 0 3 0 50 84 31 17 78 14 23 23 93 83 10 11 90 20 15 7 38 29 27 11 83 59 42 5 68 33 1 19 17 90 31 29 3 93 17 74 34 9 84 28 78 37 41 64 85 42 6 29 71 25 4 72 52 13 99 42 92 47 77 15 46 14 45 58 27 79 39 81 64 20 87 54 14 57 23 39 43 81 36 88 6 73 52 71 44 11 83 68 88 35 62 55 47 9 49 12 8 82 11 39 65 31 41 78 90 56
