94 55 86 25 38 27 41 100 64 32 89 49 68 75 28 96 67 30 9 42 44 98 15 10 57 67 96 79 99 100 75 73 5 96 2 28 27 72 18 13 72 34 37 51 55 45 100 18 3 88 5 98 53 81 69 99 1 24 15 46 64 88 21 6 5 96 82 97 34 79 7 100 53 8 70 69 40 3 97 38 4 97 42 87 48 77 27 74 69 62 3 99 55 48 12 58 15 77 65 34 85 26 96 91 18 36 21 1 34 92 3 14 34 83 97 4 48 24
60 73 63 45 18 18 92 57 55 15 38 90 31 27 32 18 89 62 27 84 79 85 59 92 20 50 41 39 97 50 70 43 92 18 75 19 48 30 30 28 90 36 97 49 65 22 38 63 38 80 43 0 89 22 35 77 77 99 32 92 62 80 50 45 17 79 48 91 14 41 8 31 62 39 23 84 78 46 84 18 5 63 90 6 50 96 49 56 69 70 1 32 17 63 57 63 30 15 88 78 67 29 82 83 51 56 23 38 76 45 61 70 57 79 2 62 44 43
35 54 85 67 59 29 52 50 3 7 66 60 63 66 40 49 3 17 54 6 63 44 17 48 73 91 80 28 77 69 25 31 57 75 89 13 98 66 35 35 85 76 44 17 71 9 98 96 69 16 98 69 60 25 90 65 11 92 17 78 33 13 0 92 22 87 8 72 99 55 18 100 65 20 33 87 48 100 35 75 68 51 70 80 71 94 90 11 6 34 49 33 80 24 72 5 46 97 9 96 12 45 55 0 22 37 32 87 29 88 37 70 6 1 29 85 40 95
97 95 39 12 80 76 96 10 84 40 46 43 57 65 32 33 95 5 6 7 81 93 95 73 3 92 31 45 20 46 73 6 37 95 38 82 3 24 20 63 99 8 45 94 69 86 81 83 74 80 95 27 61 84 6 40 50 98 21 98 97 90 38 26 24 61 18 11 65 3 99 97 20 72 1 3 94 58 55 32 21 50 92 27 54 57 92 70 14 86 46 65 17 47 91 48 44 87 3 83 28 11 46 3 75 22 49 51 28 8 28 50 15 47 2 21 1 18
27 85 91 12 33 16 80 87 82 48 98 11 50 64 28 87 97 34 77 3 52 8 24 93 21 71 91 4 41 0 53 7 52 91 96 42 37 95 57 53 16 69 23 46 21 79 7 61 78 17 37 0 16 48 22 34 87 85 30 89 55 11 83 42 85 65 89 89 45 85 74 56 8 0 86 64 82 87 80 21 93 38 12 79 11 99 67 98 95 2 86 9 72 39 58 93 22 89 12 98 1 36 3 28 99 20 18 90 13 72 34 20 45 88 61 63 61 34
76 94 4 43 82 85 88 27 48 91 57 85 19 35 4 18 48 27 42 89 49 37 52 60 9 6 46 80 5 70 24 97 14 12 6 47 28 82 54 22 23 21 28 86 55 63 12 11 22 57 42 59 89 15 55 41 19 11 21 63 61 49 93 46 7 99 25 52 72 36 100 83 78 68 56 17 3 41 31 14 90 89 74 7 69 25 64 93 10 32 73 4 99 98 34 72 21 45 89 95 28 10 34 100 63 9 5 26 99 73 59 7 5 32 40 11 32 8
39 39 1 43 15 52 28 84 61 48 48 93 28 74 57 19 24 84 96 83 91 19 54 21 35 12 45 41 9 45 13 78 95 37 38 13 47 7 45 7 53 51 96 4 56 86 76 5 60 73 10 38 64 13 22 5 32 95 80 47 3 35 5 80 17 57 61 18 38 82 56 26 8 15 85 54 96 10 47 60 54 21 33 54 15 78 81 59 34 93 49 32 52 8 84 66 6 82 56 56 9 80 40 29 16 80 39 31 23 73 48 68 38 58 69 52 60 65
79 74 3 29 27 99 56 68 83 29 75 51 97 66 81 44 13 2 43 94 0 77 48 18 32 38 36 27 33 49 94 25 68 28 19 90 13 44 63 73 17 51 89 89 89 8 15 43 36 38 72 15 63 1 70 37 46 49 78 2 13 56 29 57 85 88 83 4 34 71 18 22 19 100 13 34 74 0 48 54 2 9 71 42 82 0 71 32 83 62 26 1 20 91 44 52 85 29 64 30 55 76 52 66 70 6 33 28 11 86 29 1 19 51 42 65 22 63
70 14 42 51 9 42 88 55 35 10 0 77 83 96 100 28 24 38 94 3 24 61 24 67 31 4 80 59 46 29 99 49 1 96 87 1 1 43 98 39 43 23 41 8 85 93 86 11 53 73 91 53 45 37 43 10 92 33 89 40 59 53 52 44 32 39 8 86 28 27 93 18 78 92 17 33 87 96 30 87 27 6 25 64 71 51 43 32 72 43 52 21 2 21 43 8 69 42 86 53 52 33 15 41 73 48 9 3 98 32 10 33 2 93 14 81 13 74
25 45 5 28 50 82 50 39 26 18 25 73 74 17 8 42 34 2 10 49 47 44 81 17 11 31 0 27 4 100 17 97 28 74 10 30 89 28 93 58 23 79 90 81 49 66 83 34 96 29 86 42 31 14 36 70 18 42 40 37 28 99 47 34 95 88 71 97 50 33 41 5 10 12 87 17 78 91 9 23 6 70 6 78 65 3 87 72 52 72 42 84 80 39 14 45 65 64 55 20 80 41 98 26 51 22 53 36 69 48 75 98 70 76 80 27 11 8
38 43 55 36 75 12 44 26 11 64 1 84 79 12 57 32 42 97 67 92 22 10 30 71 41 89 27 16 49 77 98 11 49 53 81 80 100 98 61 87 34 20 0 20 53 20 51 77 57 33 2 23 14 51 93 25 77 49 10 5 32 42 83 74 84 22 35 70 47 76 94 69 80 16 17 10 37 98 7 23 100 57 19 41 53 58 74 80 89 92 17 82 97 65 93 61 5 24 42 33 74 5 46 55 85 77 46 18 56 28 17 83 22 87 84 10 73 32
7 26 91 91 23 43 58 46 20 20 11 34 69 58 49 50 3 10 8 27 1 26 31 7 1 17 95 74 84 29 4 44 51 86 58 6 62 22 59 11 18 94 11 83 76 32 30 100 91 71 41 52 82 28 41 99 84 72 100 72 0 96 49 85 30 24 86 0 31 54 53 81 57 15 11 70 66 38 74 9 59 27 0 40 95 37 5 29 37 81 86 0 70 4 3 87 80 64 57 61 44 98 65 36 70 20 45 54 80 32 69 9 29 9 41 11 2 69
16 63 32 21 9 25 69 49 62 54 39 2 87 84 87 56 13 67 77 72 84 0 1 90 68 94 80 78 55 8 99 83 45 19 96 89 50 94 65 48 65 85 54 24 100 55 14 65 35 38 5 45 87 92 24 65 95 67 10 58 55 97 14 38 74 85 72 28 44 26 53 5 20 76 87 1 78 47 21 23 48 2 61 73 63 9 0 81 18 16 3 75 94 90 1 70 39 79 69 53 19 49 42 64 64 20 70 96 0 17 85 72 21 63 56 19 31 58
56 63 10 96 92 11 41 90 10 87 1 10 67 92 14 77 70 11 14 93 90 83 46 92 10 36 93 95 52 34 53 54 62 100 6 65 41 86 95 64 24 34 18 9 76 35 23 88 78 79 9 54 58 93 24 48 70 23 29 38 10 19 31 37 38 60 25 8 27 18 23 31 45 45 58 97 24 85 77 94 5 71 12 60 62 3 50 84 98 80 75 46 53 83 30 19 63 33 100 52 11 65 30 57 37 30 54 24 44 40 16 55 59 21 57 71 22 46
19 65 22 96 42 64 75 12 81 34 71 93 88 0 0 71 10 39 33 86 54 58 39 61 35 91 95 54 31 83 65 18 85 56 23 53 98 65 68 50 63 41 53 39 41 54 63 2 14 37 96 63 65 28 23 52 68 91 84 33 77 58 38 90 20 13 24 74 35 19 62 66 30 25 3 72 69 72 27 71 92 70 42 5 74 73 3 5 67 17 82 6 48 100 76 58 10 26 9 46 2 85 44 6 57 18 62 95 44 31 13 73 34 34 76 82 3 52
70 4 94 6 19 88 91 75 63 98 77 62 11 61 13 51 42 56 74 12 64 100 98 49 86 43 58 63 79 96 23 9 39 36 44 66 48 96 88 46 47 5 55 33 13 92 87 74 16 57 28 10 84 1 74 62 53 88 73 77 36 11 27 33 9 69 51 55 37 21 53 95 41 1 2 94 9 58 26 80 84 19 19 5 49 79 95 51 64 21 34 0 47 97 58 61 9 90 9 80 86 96 13 24 49 81 34 59 32 7 68 91 84 20 4 40 71 57
77 16 29 0 15 78 43 52 23 33 77 70 33 42 62 9 46 95 54 25 47 97 92 61 36 37 35 77 22 52 47 94 91 70 22 21 53 33 53 58 58 72 23 39 26 72 19 6 49 26 67 100 37 84 44 91 54 22 98 43 4 51 1 8 27 88 24 35 63 21 81 29 9 89 81 86 26 55 99 79 97 16 6 42 42 21 70 85 91 4 35 57 69 13 2 71 18 56 43 64 52 96 17 23 62 30 61 91 41 7 8 11 98 71 44 90 72 59
62 82 13 26 56 48 57 37 62 12 75 18 59 95 55 8 3 20 48 6 77 6 88 97 34 99 78 25 1 32 17 39 39 2 1 89 57 75 94 58 39 23 65 86 15 56 78 55 82 84 73 50 11 0 79 70 9 82 2 50 49 13 15 56 11 87 62 54 48 34 55 3 81 71 0 37 3 59 54 28 19 51 82 81 3 88 74 84 5 3 48 57 69 18 47 100 93 74 52 50 39 23 60 84 81 79 90 43 66 74 65 42 22 3 25 74 61 90
40 76 57 56 34 51 84 57 5 85 4 9 23 56 56 53 15 10 69 62 64 12 38 79 2 4 54 6 60 100 73 18 55 32 0 76 79 19 47 74 8 87 27 34 6 59 63 61 50 82 64 68 57 0 92 100 2 47 5 57 73 68 86 58 38 12 88 94 89 96 93 74 39 58 16 1 4 23 40 62 14 46 3 52 10 86 75 34 89 50 9 37 56 57 46 80 30 26 13 30 22 64 87 52 69 64 92 32 28 76 81 54 61 3 66 92 100 30
95 7 31 25 77 84 60 85 88 54 49 83 42 3 46 53 0 56 73 45 50 33 87 13 47 82 31 71 67 85 42 96 62 57 11 46 76 59 77 18 14 77 58 74 14 41 26 23 49 25 64 49 23 63 1 65 97 95 19 40 48 45 20 60 30 36 43 86 91 64 25 78 44 74 80 99 47 60 5 40 73 64 67 20 34 58 29 26 43 24 32 63 56 20 54 74 86 44 90 17 78 14 85 18 62 24 26 16 99 80 89 13 21 22 66 42 47 29
45 61 84 7 34 28 63 73 78 34 63 62 14 91 39 68 99 49 6 41 17 78 16 40 9 25 78 58 27 57 1 81 9 93 6 78 87 64 6 99 15 34 68 25 8 62 48 97 66 71 53 51 12 23 64 20 61 67 95 31 94 54 57 28 44 91 59 24 78 37 82 86 4 89 87 92 89 15 55 55 37 34 68 0 20 89 6 10 73 40 47 66 8 13 45 24 75 44 78 82 47 43 94 99 35 76 2 22 61 79 80 84 12 33 100 31 69 77
40 53 4 33 16 87 46 95 90 98 21 97 39 17 25 75 66 91 26 59 97 47 37 12 3 72 68 25 2 85 87 84 77 86 71 60 44 93 51 51 56 38 29 6 18 91 43 59 67 81 68 7 90 75 43 74 28 25 85 13 36 59 94 87 59 2 59 0 80 62 38 55 7 75 64 23 61 72 58 25 25 47 50 87 1 87 30 49 28 73 31 57 28 82 43 80 93 66 72 76 3 37 0 58 35 38 66 44 17 76 3 25 34 38 23 23 76 28
35 66 71 74 32 5 90 15 44 60 12 79 41 18 2 71 39 35 4 14 51 16 66 81 43 43 83 30 36 11 8 14 68 49 96 12 91 34 25 31 96 10 64 85 46 20 50 32 27 43 22 47 7 2 29 63 58 78 41 32 29 16 57 92 63 43 71 56 84 47 59 94 24 12 3 9 52 24 55 72 63 41 98 60 78 89 89 98 23 16 27 45 17 82 32 10 14 84 78 60 88 64 85 33 72 27 11 28 26 37 67 2 22 58 10 73 4 74
87 68 68 80 85 1 36 23 70 51 4 49 25 84 45 35 42 97 71 95 19 95 48 47 45 73 92 40 78 82 83 72 94 77 70 60 37 50 83 96 57 68 35 46 61 43 88 77 81 31 85 97 71 67 15 92 99 93 13 73 34 81 1 66 53 33 19 72 26 17 78 83 97 95 66 18 33 89 8 48 83 40 86 0 11 6 74 20 100 61 46 47 85 69 30 15 8 76 89 46 96 85 5 87 33 21 61 23 55 61 12 80 94 89 28 70 62 49
45 65 64 60 86 46 90 56 88 37 39 0 70 21 86 13 70 87 86 74 56 62 59 14 92 80 1 29 88 84 65 23 71 34 18 45 28 32 5 54 13 53 58 14 7 12 63 93 12 100 65 69 62 32 96 36 64 36 75 78 70 89 22 90 33 13 26 2 98 13 28 95 40 93 96 29 88 43 86 100 29 45 31 27 24 66 45 1 98 76 71 27 27 22 86 77 50 70 81 23 99 77 74 8 28 25 35 5 9 96 56 80 3 24 42 0 59 18
84 87 47 59 59 23 19 71 82 96 91 28 50 71 38 10 67 78 69 43 10 49 63 50 8 48 57 48 2 52 2 81 49 7 87 11 56 62 41 88 79 5 85 24 90 61 15 18 64 48 73 13 94 67 12 31 3 79 64 19 84 84 54 23 52 19 78 9 32 32 90 68 74 89 68 41 60 61 75 67 3 24 13 16 41 57 81 64 34 71 81 11 27 54 56 61 51 51 48 39 10 99 67 49 82 32 30 2 13 58 75 44 74 8 7 48 12 84
50 14 18 3 90 4 47 48 56 0 22 4 22 19 86 41 17 68 55 19 95 27 60 18 90 64 45 62 74 44 94 71 46 96 6 24 46 40 4 9 89 43 18 10 89 42 44 20 14 10 5 100 20 45 13 14 49 41 45 48 39 63 65 43 71 88 37 5 27 46 83 78 78 17 0 10 19 32 23 59 30 98 15 40 74 76 29 30 36 62 42 52 48 4 66 37 47 88 67 100 62 74 52 97 43 75 68 39 3 61 69 88 34 82 97 44 56 59
7 28 50 44 62 35 51 59 16 93 69 64 60 87 64 51 69 64 34 12 16 42 15 48 42 59 43 15 62 50 70 81 77 75 9 94 7 30 96 97 89 73 57 86 73 11 82 29 42 39 52 55 17 78 76 18 78 80 3 39 43 68 30 77 6 75 77 44 58 57 58 89 86 6 11 60 73 26 36 7 63 92 86 56 52 34 88 17 64 93 44 45 39 8 95 65 22 97 44 5 79 90 48 63 72 58 55 84 28 10 79 44 84 0 14 16 1 84
47 36 20 74 100 78 21 48 53 80 65 80 69 81 65 86 28 39 95 29 93 51 96 48 15 55 78 89 80 23 54 24 54 71 72 15 100 97 67 72 12 41 21 42 46 68 74 54 25 51 84 56 93 40 12 97 64 93 81 37 93 33 83 25 27 33 6 3 40 56 36 52 36 26 92 94 94 16 86 71 91 82 64 16 84 21 10 75 24 31 21 22 3 29 70 48 93 31 49 63 73 92 88 46 41 40 42 5 99 16 35 77 40 68 34 56 38 89
49 82 51 98 85 67 68 72 89 94 54 84 85 97 60 32 53 45 58 50 39 20 94 21 11 77 7 64 83 34 96 39 5 71 11 74 66 37 63 47 98 76 100 21 65 1 72 20 99 44 83 54 49 49 90 83 51 15 88 81 85 33 60 37 5 81 46 49 76 11 49 82 98 69 44 92 3 55 40 77 41 32 30 31 74 10 47 74 61 69 75 3 87 97 14 79 51 83 7 14 81 11 99 82 59 19 7 84 9 14 78 83 31 74 2 87 67 47
44 10 35 64 84 68 23 22 5 41 23 17 29 97 9 84 79 90 0 39 55 33 65 100 35 49 97 22 94 84 15 76 98 74 53 0 86 24 28 28 34 33 82 89 1 3 85 2 11 33 36 32 98 33 31 15 33 15 51 62 35 28 97 76 15 0 62 35 32 16 24 5 89 61 20 41 23 84 46 99 20 31 23 24 94 36 27 48 28 0 65 58 96 53 73 24 31 11 45 43 94 73 29 8 43 93 55 78 65 99 27 3 24 69 75 7 58 86
1 42 55 82 1 86 63 40 80 2 5 23 60 56 3 97 75 57 98 76 39 77 5 66 77 32 88 35 84 56 50 94 18 22 91 80 37 41 42 20 23 40 8 9 6 98 53 75 9 36 14 87 71 15 3 44 85 16 2 53 8 92 32 100 5 22 44 16 0 7 79 14 88 78 54 64 69 11 13 0 42 48 90 36 26 16 89 46 3 47 31 4 20 34 30 51 64 14 3 61 100 93 99 80 30 79 8 84 37 37 57 8 59 22 78 35 76 47
11 77 96 67 50 50 90 60 8 31 27 59 38 86 29 47 50 90 78 32 52 80 4 93 63 14 3 67 95 18 37 94 66 68 21 76 87 7 73 33 7 53 15 51 63 52 53 100 45 58 34 61 61 82 84 69 16 95 86 71 41 84 40 34 66 39 86 21 48 76 59 7 87 76 10 88 1 54 75 6 1 14 35 94 7 26 55 43 38 38 73 84 6 82 2 68 72 35 16 93 94 40 100 9 77 25 50 59 2 55 67 72 8 18 25 55 23 64
12 88 37 7 83 61 38 72 30 46 15 3 37 47 56 15 56 48 22 39 32 84 77 58 69 94 30 1 15 9 39 52 27 55 6 51 91 10 86 11 25 84 16 91 21 98 57 28 31 42 35 74 2 66 87 44 71 84 73 69 24 2 75 28 16 6 8 41 28 26 56 57 48 17 87 93 100 92 31 10 15 44 98 17 10 47 72 67 82 78 80 88 27 36 34 81 82 69 33 50 2 68 10 0 98 49 74 77 11 50 80 52 18 1 90 31 89 87
73 42 43 98 23 100 69 5 49 4 64 50 8 19 12 67 91 87 60 82 93 75 56 67 85 2 26 36 97 12 39 1 65 43 16 87 58 39 38 75 66 47 64 14 55 40 44 19 6 78 70 26 6 63 28 62 89 100 42 72 70 79 80 93 25 69 61 100 74 14 28 9 70 31 22 40 24 98 79 42 73 17 94 36 87 7 42 79 87 45 2 87 72 75 10 39 76 6 97 82 33 58 40 99 10 51 72 94 94 27 25 6 71 41 52 13 91 50
87 41 73 39 40 91 52 47 8 22 31 10 35 38 35 75 86 84 82 95 26 73 25 2 83 73 62 95 22 37 99 31 31 96 77 84 67 56 76 34 9 62 75 12 67 73 88 29 42 4 16 68 41 10 66 0 48 62 20 23 76 42 23 27 82 0 6 55 13 45 20 9 95 70 12 33 15 42 78 47 24 1 92 56 18 13 17 24 69 79 45 21 57 93 83 36 23 71 72 16 65 22 35 70 33 17 40 66 73 70 84 5 37 99 46 34 29 58
12 71 33 19 20 48 88 40 70 54 73 24 80 99 91 55 88 15 15 56 84 58 100 79 69 87 56 41 46 81 97 87 6 53 90 93 69 99 30 6 94 8 43 4 71 100 97 61 11 84 49 67 50 17 83 81 26 18 18 42 55 68 44 1 92 98 74 85 16 57 46 20 100 93 87 78 19 58 47 80 9 62 89 96 87 91 12 12 67 16 90 54 76 67 92 28 19 29 33 81 38 23 74 11 48 69 31 63 31 41 85 66 24 44 45 78 45 35
35 30 23 42 45 18 63 94 0 11 100 12 47 72 73 54 19 25 41 23 38 6 60 73 43 14 13 66 7 76 12 74 60 34 60 96 10 68 1 99 81 63 92 39 20 14 58 80 31 42 98 4 60 68 91 13 63 67 84 28 56 87 31 66 88 44 24 32 57 60 36 45 35 79 77 96 44 76 85 70 23 85 77 12 53 1 74 20 37 26 94 82 89 64 63 96 3 5 98 38 0 47 48 20 84 72 79 29 12 92 88 30 87 69 4 57 75 38
12 3 52 40 31 5 52 52 64 41 78 29 16 51 79 84 85 98 3 7 74 74 19 8 50 10 64 2 11 29 87 20 97 99 3 91 74 91 76 79 11 67 45 72 71 39 71 35 39 32 2 93 26 61 25 29 45 90 80 65 40 99 28 59 45 94 76 100 99 21 55 38 16 41 98 84 93 65 1 46 32 55 48 100 14 85 9 39 25 76 46 41 42 44 60 79 84 87 64 66 91 1 18 51 54 29 75 55 76 44 78 98 83 7 40 33 59 78
73 55 3 9 81 44 34 34 89 5 17 31 28 68 91 12 32 29 60 18 1 42 52 97 64 58 45 85 7 98 51 69 10 7 50 53 20 25 24 80 76 20 63 34 26 99 91 75 61 77 47 1 61 88 1 60 78 91 61 23 19 63 7 72 46 25 52 8 51 86 46 37 31 72 17 72 37 49 51 100 73 12 34 20 90 15 7 52 58 70 21 79 72 15 89 92 78 91 22 79 11 24 91 97 84 73 70 23 67 85 98 58 11 84 46 100 44 65
10 63 41 49 52 93 39 75 86 47 91 64 6 23 34 44 9 41 77 4 82 10 49 83 66 62 53 78 46 24 25 28 59 59 63 50 3 67 30 60 59 8 29 67 51 53 28 25 33 41 53 59 8 51 41 74 94 86 62 99 34 83 37 82 94 18 29 14 25 87 20 40 2 95 5 82 53 89 31 79 17 25 0 99 72 63 21 53 75 18 7 52 91 59 48 89 0 52 82 43 18 19 81 42 51 5 84 87 18 67 60 13 46 88 89 79 23 93
43 63 29 60 75 42 65 90 6 39 42 29 68 54 97 90 37 95 86 73 3 97 35 74 66 92 20 39 83 85 12 89 53 38 24 11 61 23 52 17 6 43 64 9 64 51 50 56 77 80 63 78 4 28 30 85 16 7 54 20 23 88 28 30 87 28 41 43 95 30 96 26 88 94 98 23 30 1 83 67 70 47 52 89 67 62 70 35 19 95 96 75 62 4 72 90 82 9 1 20 60 96 95 42 60 100 0 76 98 45 66 2 32 92 8 81 53 95
29 95 61 37 4 92 66 55 60 90 60 53 39 84 97 20 50 53 23 87 85 90 68 9 72 59 74 5 70 75 34 28 72 33 20 67 32 64 41 9 56 16 29 45 46 55 27 100 89 28 59 21 34 34 94 69 56 58 30 29 78 26 99 54 4 85 2 61 79 32 71 78 71 2 28 55 93 97 66 93 41 95 26 66 47 35 92 51 27 72 34 77 91 1 54 17 0 48 99 67 82 40 22 97 58 42 65 45 50 64 72 29 78 58 2 22 58 99
51 35 31 76 11 17 24 57 47 43 46 16 68 78 1 9 90 86 4 5 25 16 21 60 83 86 3 53 71 83 65 77 44 30 50 5 14 34 7 26 13 74 65 14 68 47 11 68 12 28 29 89 67 85 94 57 58 95 12 10 76 27 98 0 38 91 36 52 83 88 0 5 22 3 92 96 17 96 88 92 7 94 81 13 88 45 58 34 18 83 18 89 13 41 71 53 62 90 80 21 72 20 75 46 81 42 16 99 98 18 98 14 42 13 25 17 74 40
42 62 21 39 71 37 39 19 28 87 52 66 84 84 27 11 96 36 46 72 92 41 27 41 69 74 71 73 23 33 60 55 41 98 42 41 13 28 65 83 22 30 20 54 96 47 84 27 14 73 79 96 93 60 36 9 54 2 96 27 65 91 68 48 99 93 48 93 78 68 0 69 28 78 56 29 87 36 48 95 49 71 35 50 59 0 82 1 52 93 42 5 51 80 61 48 95 64 62 32 44 47 69 51 22 67 27 95 74 84 69 30 78 43 71 0 82 7
14 8 5 62 50 32 58 85 89 84 14 56 53 65 47 26 74 43 91 40 8 31 50 19 88 77 5 19 97 88 39 94 13 54 46 79 94 11 60 21 55 80 5 79 7 65 34 91 35 73 62 66 27 33 93 95 54 72 5 25 29 32 29 51 11 53 93 92 71 60 35 67 58 26 63 50 83 84 46 22 21 57 36 100 56 34 47 37 80 57 78 9 97 99 56 83 27 85 6 72 54 10 12 28 42 88 40 9 17 61 66 85 78 85 44 20 58 83
69 81 74 44 1 72 98 20 56 95 38 72 70 88 9 79 61 72 44 39 16 50 20 13 9 94 8 65 2 44 21 0 70 18 27 21 88 64 76 70 89 15 70 37 37 84 24 80 39 87 71 7 4 92 1 32 71 75 55 53 74 89 91 55 75 70 17 21 17 38 84 86 3 10 40 65 25 42 35 51 62 87 72 48 70 4 59 97 59 26 72 100 75 36 50 48 75 9 58 55 51 9 92 40 11 49 28 98 66 98 55 69 6 87 72 22 73 19
55 18 47 90 55 20 19 38 53 26 24 62 22 84 88 77 76 60 17 29 67 37 14 94 43 92 71 71 10 60 57 58 61 77 90 35 6 33 5 51 36 19 38 99 19 89 75 88 38 46 67 25 46 4 35 6 90 14 57 0 31 95 51 3 40 89 93 5 36 94 14 82 95 88 55 71 63 27 73 74 63 19 35 81 11 55 20 69 61 19 70 5 45 42 86 33 1 44 37 83 32 90 19 56 54 28 48 0 23 44 92 55 8 34 4 61 39 79
84 84 99 79 56 63 81 72 57 70 92 52 96 8 97 70 80 4 37 92 92 50 40 41 7 3 37 79 10 58 56 18 22 38 55 16 10 32 49 52 0 57 17 9 50 17 18 75 81 80 50 1 55 86 71 27 1 22 5 54 33 2 12 98 25 52 12 47 37 43 0 14 47 30 17 67 34 17 86 40 39 68 66 18 90 92 94 79 57 46 91 92 15 91 14 18 4 85 67 26 15 49 65 60 26 53 54 87 19 58 29 26 81 14 81 98 44 59
23 12 93 18 73 49 51 97 97 47 10 74 16 93 51 41 29 0 95 12 26 54 61 98 92 92 58 82 70 42 2 41 2 50 10 18 4 81 77 78 29 16 90 35 68 76 53 4 98 23 14 61 61 42 81 35 23 17 77 90 45 72 36 34 38 28 98 12 86 24 34 51 24 100 30 15 27 38 92 81 2 56 68 49 51 87 44 76 6 31 18 69 31 76 54 48 80 35 61 100 42 24 59 96 20 17 84 100 92 16 51 57 31 84 33 20 91 84
0 31 43 4 74 29 39 29 5 95 11 57 3 9 75 83 98 95 17 72 66 59 14 74 40 41 84 100 53 23 50 10 55 31 4 10 18 19 78 62 98 20 59 3 30 97 92 75 85 75 12 83 82 92 73 91 62 43 72 85 50 16 19 34 5 54 97 15 16 70 62 54 82 26 43 62 56 2 58 81 86 77 91 67 42 58 22 61 73 30 67 53 94 95 45 76 97 61 25 85 53 83 35 95 56 50 49 94 46 52 20 40 67 40 65 45 12 59
27 43 28 77 45 67 28 67 20 82 20 99 56 22 5 99 77 84 39 87 61 62 57 98 95 3 25 81 25 82 76 87 11 46 91 11 35 1 6 6 57 74 100 89 59 8 52 76 72 49 16 81 80 52 75 62 9 79 2 29 85 99 70 84 25 28 88 20 36 86 98 33 0 15 60 62 42 38 58 23 76 81 55 19 37 76 3 88 84 79 46 50 68 87 44 36 63 96 69 77 28 42 51 53 76 44 46 61 89 45 93 8 54 1 6 90 82 2
67 41 64 71 23 99 35 97 40 88 21 38 26 41 70 98 9 43 83 38 43 32 32 15 45 76 62 54 11 93 4 70 48 13 29 82 67 55 23 91 69 75 34 32 34 38 71 18 65 54 31 98 32 77 35 16 1 77 94 9 5 72 85 69 79 100 22 8 79 8 39 85 16 47 85 97 1 2 20 41 31 69 75 50 52 35 95 21 12 23 5 4 15 95 59 9 63 46 69 88 42 41 66 39 20 8 69 61 76 43 37 10 97 31 27 29 7 21
52 35 8 6 40 32 13 98 57 4 0 38 50 95 65 49 95 60 30 35 66 66 59 33 68 29 44 59 75 8 1 79 27 37 59 25 16 42 25 99 22 45 85 54 37 27 7 50 56 0 78 30 87 38 82 96 81 78 3 80 13 78 27 32 21 48 13 38 43 83 59 73 17 2 0 83 11 69 69 38 10 100 55 57 26 55 7 32 9 99 43 98 55 68 33 22 12 54 2 88 37 47 86 29 83 80 29 66 77 86 35 47 100 22 28 10 18 25
99 81 51 70 74 0 92 16 81 29 40 80 54 69 24 60 31 62 85 69 19 50 27 55 97 76 87 61 97 1 2 83 55 63 68 19 37 87 66 58 88 80 99 97 19 68 54 4 17 50 80 15 31 58 68 86 40 99 78 10 49 45 45 93 67 4 38 29 42 84 40 87 14 45 69 93 5 1 53 60 5 14 94 69 61 59 82 1 24 89 71 88 92 35 79 45 60 72 17 13 91 3 98 77 59 31 97 63 72 30 56 81 97 43 46 32 42 53
55 21 84 25 59 68 44 17 78 33 36 26 91 68 71 46 14 67 57 78 60 35 72 52 50 85 62 55 46 8 61 41 36 8 95 98 78 80 30 19 36 0 38 95 58 32 21 77 37 76 68 77 2 20 42 71 99 25 54 45 68 37 0 48 62 93 89 37 18 76 63 67 68 69 100 35 10 75 35 22 49 19 41 3 31 86 52 62 83 44 97 42 74 44 91 76 24 29 59 39 68 92 35 53 30 55 51 68 58 82 97 9 87 12 83 11 70 73
53 100 66 97 11 63 22 34 32 1 89 4 95 71 6 36 47 74 33 60 19 52 52 36 67 98 23 15 53 93 41 28 23 16 76 21 48 85 19 4 27 49 44 52 60 70 49 15 22 25 41 18 86 21 62 25 56 45 80 38 75 50 77 40 52 89 65 24 44 47 84 13 98 4 84 89 29 59 31 50 46 11 45 87 84 25 79 94 37 11 25 95 43 6 6 69 51 4 96 35 78 34 89 61 30 33 37 10 68 90 1 74 77 43 22 55 53 61
61 3 71 23 76 13 54 91 6 93 49 11 90 11 69 56 85 56 30 73 20 12 45 88 17 70 100 18 93 70 2 17 24 93 12 34 27 23 89 61 63 67 21 2 67 42 55 98 60 92 28 58 94 34 94 44 52 52 89 79 12 84 25 77 85 60 30 80 97 49 38 86 24 13 56 71 42 17 63 85 86 52 6 84 76 12 0 16 71 82 70 17 36 31 75 60 56 65 76 20 47 31 10 55 82 39 29 76 14 19 35 61 21 67 50 10 77 26
70 9 24 72 91 92 28 6 29 4 98 95 59 18 94 82 2 48 76 57 62 0 74 28 28 26 98 86 89 8 44 89 58 53 31 95 11 42 83 28 9 95 28 71 45 79 31 9 40 5 87 26 88 37 55 29 81 83 25 79 54 87 95 91 20 90 59 65 91 62 39 13 60 11 35 21 51 97 36 37 48 64 100 56 8 51 83 59 57 47 53 21 32 1 38 22 75 10 65 91 89 71 76 15 27 82 87 5 14 52 91 86 95 35 38 62 30 22
15 55 48 63 11 38 34 51 64 98 52 8 85 13 15 73 65 56 86 14 28 18 11 65 13 95 90 10 25 15 35 46 60 0 58 80 72 20 10 34 66 57 15 46 30 55 55 5 54 2 30 74 39 3 62 21 50 25 23 53 31 51 25 78 21 65 33 22 91 31 99 9 15 50 33 24 15 48 36 27 62 99 57 70 95 74 33 98 47 74 72 99 92 55 48 23 99 38 87 40 73 95 39 50 95 88 56 78 64 69 64 13 26 22 60 64 25 58
19 85 5 73 77 68 70 87 38 15 30 93 61 68 40 15 100 30 54 91 9 84 1 78 74 93 70 52 19 98 84 93 95 17 53 75 44 38 2 53 65 94 97 17 3 81 17 64 84 49 14 45 67 44 16 76 5 81 98 60 85 95 1 50 62 46 1 72 47 52 46 67 93 62 23 34 30 24 9 13 84 52 19 61 16 98 52 99 26 61 9 56 17 59 7 90 30 48 80 78 82 17 96 6 8 55 30 18 25 34 16 94 23 30 60 79 6 86
46 23 57 14 48 22 25 16 0 94 67 85 83 66 100 30 93 43 88 54 91 95 9 3 81 80 27 65 39 52 77 26 88 49 91 62 1 46 64 67 53 43 8 2 34 40 13 66 65 86 72 59 1 2 55 11 43 12 84 31 75 44 69 77 89 96 30 9 10 42 40 89 1 15 96 82 48 47 46 36 61 55 67 90 60 28 10 58 1 70 89 67 58 92 87 95 58 30 31 5 27 10 37 0 0 100 42 70 32 38 17 27 37 66 89 93 78 67
60 38 83 100 52 7 5 51 99 100 47 39 58 67 57 25 18 15 60 94 77 95 44 24 57 56 65 89 17 1 40 66 27 87 54 11 49 39 9 38 23 42 94 65 37 40 29 74 16 42 68 20 19 2 82 95 7 67 52 73 37 96 85 4 86 84 36 33 82 19 82 99 96 24 74 8 89 5 96 22 54 56 66 52 1 11 16 0 88 45 75 8 80 67 46 6 4 98 34 96 6 82 84 36 81 29 1 23 10 30 15 57 69 78 26 26 34 86
82 15 35 48 58 44 48 62 37 0 12 4 51 82 87 76 71 46 4 1 4 45 73 7 20 44 69 98 88 70 10 51 53 29 83 73 25 16 23 91 8 89 45 38 61 22 97 17 89 80 57 13 33 7 63 86 52 96 4 67 84 44 90 73 11 13 73 69 66 40 84 54 70 34 88 56 84 98 12 4 55 16 78 69 49 44 87 45 32 47 0 15 34 99 59 24 5 71 96 2 83 17 49 17 0 34 95 12 98 49 77 69 8 53 33 38 10 77
25 36 24 14 26 20 34 71 74 49 89 78 47 24 67 11 70 41 23 97 47 17 65 67 50 71 71 2 93 82 9 49 24 9 18 35 79 56 29 32 65 2 5 76 4 3 1 44 19 93 80 69 0 14 83 35 26 35 71 75 90 47 88 34 25 80 27 18 31 20 7 76 33 7 93 41 96 79 83 16 63 41 94 65 48 44 87 42 20 64 7 57 55 67 86 77 43 97 21 31 30 44 4 48 89 61 8 63 62 13 49 36 28 67 16 100 11 20
61 74 63 72 57 61 21 44 38 34 15 7 86 52 39 98 8 98 49 36 48 3 91 94 12 39 98 44 1 41 97 23 39 16 10 57 22 90 57 57 23 47 31 96 79 29 36 78 34 80 63 77 91 51 13 45 4 85 58 3 55 32 38 22 10 19 76 99 19 11 49 48 15 77 61 5 80 79 23 97 79 1 30 65 7 80 53 82 2 21 3 20 0 64 63 60 38 7 94 46 26 63 81 64 84 41 68 56 35 84 67 99 24 34 5 42 73 12
28 63 45 21 85 48 86 83 94 78 41 32 15 55 0 51 70 4 12 70 22 11 17 34 77 74 9 1 55 92 46 93 45 67 81 56 63 10 10 74 26 37 66 16 36 74 66 6 56 35 1 7 99 34 100 3 66 98 9 11 85 84 94 19 61 96 16 23 52 84 58 52 90 62 69 60 98 42 2 30 45 31 7 89 24 16 48 35 7 98 37 26 27 0 31 60 99 70 87 28 4 59 12 43 58 6 18 60 7 0 41 24 79 83 90 67 62 26
78 84 20 86 63 76 50 38 38 86 86 22 56 91 91 38 19 75 77 36 71 17 98 11 51 0 99 57 39 33 85 26 9 62 26 20 38 65 96 57 19 93 44 79 52 60 17 48 91 76 80 73 1 12 38 92 71 3 95 28 91 57 89 17 94 66 45 14 28 47 82 5 5 79 77 95 48 82 36 16 59 40 71 35 45 29 9 95 54 61 68 48 27 72 79 24 94 79 32 93 47 43 93 17 40 97 45 43 22 85 0 20 67 78 46 2 66 1
4 81 83 86 79 81 49 64 21 39 9 30 67 32 93 58 73 73 50 22 30 58 45 10 83 72 39 4 49 77 10 77 53 35 58 10 82 43 27 91 72 50 57 40 9 0 87 75 82 6 39 92 9 51 15 76 37 16 10 13 22 73 75 92 56 79 24 77 44 12 9 18 69 28 5 37 51 72 24 70 99 100 49 84 10 19 90 16 15 54 65 35 31 35 32 5 86 3 74 40 77 11 19 63 7 38 12 34 1 44 64 16 23 75 39 4 59 64
25 28 61 91 74 63 40 62 99 6 69 24 1 83 45 98 70 4 66 51 13 79 19 16 26 70 8 37 68 55 16 57 39 37 67 3 23 47 49 23 24 43 73 59 16 22 44 30 2 98 57 43 8 40 50 48 88 12 68 64 38 88 71 23 30 11 73 6 81 53 60 19 47 24 11 20 17 32 22 94 47 22 85 39 39 13 97 96 55 67 42 63 83 63 29 21 74 58 46 95 20 52 16 56 82 1 26 86 3 93 6 15 50 32 60 68 82 59
83 43 85 63 29 19 15 13 12 82 86 96 44 59 5 51 47 64 28 32 77 100 89 63 47 1 41 94 58 18 40 11 99 76 42 40 36 1 41 61 47 89 70 1 96 58 85 100 75 37 76 14 26 74 24 51 8 61 97 29 71 73 8 17 58 25 46 55 37 27 77 32 60 75 42 11 88 4 59 22 83 67 78 82 72 11 32 74 0 66 95 68 0 81 52 27 66 22 90 47 65 33 81 36 29 68 20 30 64 46 33 20 87 25 4 79 16 82
12 33 5 36 47 34 14 80 31 89 58 34 96 59 67 88 59 92 23 29 27 23 19 59 100 50 32 56 32 54 37 73 50 16 23 15 12 66 27 28 60 68 25 38 93 29 46 24 8 24 32 26 28 96 1 9 37 47 35 45 84 67 12 44 25 11 40 59 71 14 57 57 70 13 52 27 87 47 13 40 7 8 10 89 13 76 34 86 77 6 23 24 39 38 94 6 26 47 80 67 86 6 66 26 80 18 64 97 44 20 54 0 82 91 70 89 64 57
16 75 81 14 82 87 99 55 6 83 55 42 49 59 79 79 89 11 94 48 62 24 100 22 49 47 45 34 95 45 11 91 19 62 13 95 66 29 29 98 37 42 96 65 30 60 93 22 48 4 8 96 57 9 9 69 94 82 23 18 3 75 95 62 27 36 83 29 56 29 52 37 71 44 60 55 0 66 50 55 69 65 94 86 16 49 86 49 79 46 55 100 61 59 7 96 58 65 83 98 37 8 14 21 88 4 93 5 25 63 98 90 8 92 84 72 2 84
39 26 11 21 15 69 59 4 5 61 20 64 18 96 2 48 23 96 76 1 74 75 30 42 33 70 40 98 52 86 60 70 49 14 55 7 73 86 34 20 43 34 55 64 78 33 70 38 63 95 100 17 43 47 27 32 32 53 57 82 84 28 86 15 1 50 82 64 63 88 86 98 49 64 58 65 86 95 77 19 83 54 43 64 89 92 0 55 100 62 39 93 42 88 82 37 89 57 36 26 70 18 82 20 2 7 71 32 70 40 24 61 7 60 12 9 78 84
83 93 83 6 87 64 99 31 21 35 22 73 28 33 66 60 80 76 74 31 17 39 28 83 18 61 30 38 33 14 78 5 4 77 54 64 55 77 100 11 27 68 32 52 97 25 60 68 91 79 81 69 14 82 100 92 41 16 57 27 97 8 6 23 46 23 81 82 69 51 49 33 65 56 100 35 18 48 18 9 62 24 22 33 45 3 48 88 12 12 57 64 49 57 94 89 29 5 71 26 96 5 76 39 8 83 15 84 44 97 61 49 53 24 63 14 20 76
31 34 13 19 95 33 36 17 53 37 67 55 16 64 59 21 28 73 52 78 2 54 94 73 11 69 82 66 68 80 24 53 20 32 12 88 74 41 71 55 77 41 21 79 54 16 21 37 63 38 46 10 41 23 52 74 20 31 48 30 34 47 26 84 96 24 73 2 74 91 89 56 76 31 7 34 32 2 43 91 70 46 23 76 91 37 5 78 26 94 31 36 81 4 40 54 98 51 91 56 62 54 47 31 91 26 82 25 44 10 16 85 18 21 29 49 67 82
31 60 30 66 73 44 63 33 100 67 81 71 17 85 59 84 28 16 85 31 49 80 90 90 55 34 33 14 45 8 72 74 95 70 70 26 48 7 95 7 28 46 9 76 33 27 9 10 95 49 77 33 68 67 64 37 89 44 23 75 28 24 84 79 90 58 54 50 68 10 21 31 78 62 8 40 98 63 52 68 15 86 38 95 25 68 40 19 94 54 52 14 22 40 47 10 70 50 90 56 94 10 51 90 51 41 100 1 23 19 22 5 53 95 82 72 49 89
59 32 10 32 8 95 22 7 24 9 74 55 13 74 70 3 49 96 96 26 11 44 1 45 14 17 95 18 52 68 39 52 95 9 79 24 84 0 13 98 51 71 60 70 7 41 18 56 74 50 42 63 91 62 68 90 9 46 48 15 36 4 60 23 59 8 25 66 5 93 35 50 88 93 3 28 3 37 94 16 54 24 28 37 36 43 25 36 88 55 88 32 57 13 94 91 82 44 1 37 79 91 4 72 86 89 89 100 69 3 82 53 13 67 95 23 18 36
80 34 68 85 92 98 46 50 8 12 45 62 38 58 12 99 84 56 52 36 87 97 75 67 44 66 13 46 58 40 67 5 74 31 9 54 10 89 100 72 56 53 20 68 72 97 82 20 45 2 10 70 53 32 4 2 71 97 71 84 32 22 36 92 96 27 64 24 62 68 53 52 9 75 39 91 78 37 50 72 91 36 4 78 31 8 64 21 84 42 18 92 3 34 95 1 31 67 94 95 78 74 9 24 35 28 64 9 24 26 93 47 7 11 46 15 71 87
49 20 96 77 41 91 44 98 98 14 5 84 78 14 75 70 33 84 8 9 87 1 64 1 81 22 74 69 3 78 38 6 44 49 74 52 36 69 78 93 13 1 73 22 52 53 13 56 29 33 47 94 96 25 18 86 44 37 40 94 55 81 62 22 97 10 98 10 43 68 51 62 38 83 84 51 43 43 90 0 51 69 6 33 27 46 71 82 94 26 90 28 29 3 48 25 72 6 1 18 23 95 66 54 84 14 16 50 77 70 66 1 10 78 10 86 30 15
64 74 50 12 25 81 36 25 27 71 6 41 9 56 23 92 62 6 49 51 88 22 97 27 46 70 0 9 98 17 32 51 45 12 62 89 83 19 59 20 52 58 84 83 68 83 42 6 77 73 96 6 64 24 82 88 94 16 1 10 38 68 28 72 96 81 92 52 22 23 49 96 33 89 97 56 58 21 43 31 42 21 41 53 49 81 27 28 67 89 7 53 56 10 34 35 6 55 79 4 35 12 6 77 51 88 35 20 8 100 71 75 55 56 24 70 97 33
46 98 91 19 81 59 71 2 44 5 26 5 2 63 15 18 20 47 87 92 90 40 40 91 51 63 4 100 71 84 14 63 46 9 89 92 98 75 9 7 80 2 3 71 66 28 36 47 100 28 6 72 21 19 53 14 94 19 41 26 30 38 42 96 77 41 87 40 52 56 99 42 34 21 38 61 17 21 88 81 88 69 64 40 94 72 21 34 64 88 26 13 46 8 64 20 75 89 0 37 28 29 13 80 70 87 81 33 57 68 64 65 96 65 46 37 85 64
50 91 41 94 68 4 31 2 45 91 89 45 16 64 35 76 66 94 45 36 97 16 16 88 29 1 7 31 51 97 45 23 43 15 92 77 57 0 70 89 41 14 79 33 76 61 90 8 21 66 20 14 53 5 52 37 80 82 51 42 54 60 79 5 8 11 55 36 71 47 67 67 16 82 80 8 32 83 17 77 10 11 41 14 35 73 38 44 96 32 83 4 90 35 78 0 40 37 75 30 60 9 69 94 6 55 75 80 67 29 91 45 94 68 29 84 49 92
95 14 4 84 24 10 31 76 28 18 65 52 17 93 75 62 58 77 55 32 55 97 56 43 41 91 62 14 86 65 70 50 52 52 59 0 33 5 68 43 75 72 70 15 26 11 19 30 37 51 62 17 91 5 20 76 25 52 8 19 0 74 20 98 46 7 53 23 7 58 22 63 62 98 55 12 36 74 55 98 71 48 63 56 93 35 50 35 28 23 58 82 50 9 40 33 98 29 68 78 82 84 82 50 17 67 88 34 84 39 22 15 58 30 39 27 17 5
93 34 67 69 15 81 60 48 64 78 58 78 45 16 40 55 73 60 55 11 28 85 24 69 4 73 35 89 43 65 69 37 74 40 49 54 75 88 72 56 59 90 86 91 57 76 51 36 26 0 84 16 17 54 33 28 33 91 0 39 95 74 67 40 91 87 37 66 84 74 51 45 92 78 5 70 54 65 76 64 93 89 11 83 79 93 89 56 21 3 44 22 100 54 28 37 70 79 16 16 96 58 76 57 82 59 23 74 46 73 45 36 38 57 56 20 100 19
87 21 53 97 87 89 41 94 84 52 92 50 11 82 95 76 9 84 75 0 20 0 51 57 22 6 15 95 92 79 32 57 1 82 84 5 2 4 69 29 30 37 10 75 95 61 11 51 79 63 65 81 7 50 89 17 90 82 82 10 61 56 18 80 38 24 6 37 64 38 76 97 91 93 87 15 80 62 41 58 85 79 62 8 97 59 75 37 77 41 52 0 1 67 39 15 39 72 14 100 26 38 11 98 51 59 85 70 96 30 5 100 78 72 80 33 98 95
44 6 55 62 70 67 35 91 27 24 11 41 64 49 72 83 33 31 87 99 25 52 40 99 99 98 59 18 62 16 30 60 12 15 13 79 50 82 79 89 70 4 56 42 95 21 34 57 8 3 41 27 45 90 96 25 7 79 23 28 37 63 7 23 6 15 19 28 12 26 29 42 40 41 71 9 30 34 64 45 41 59 42 73 49 37 16 30 34 33 22 32 37 70 91 5 92 32 35 80 67 76 29 20 2 40 64 12 74 32 61 39 76 87 88 18 51 24
94 64 40 47 84 30 18 45 80 46 37 55 17 47 32 15 16 98 16 16 63 0 63 35 15 57 50 19 90 28 43 47 54 49 18 2 46 100 29 0 53 87 78 45 44 70 12 94 18 51 28 23 78 37 93 46 45 71 77 100 38 95 74 91 32 23 65 15 37 86 64 75 40 59 73 49 66 93 67 54 21 59 60 57 42 45 5 31 48 57 44 83 19 28 59 64 17 91 48 79 21 67 4 56 46 43 32 13 82 79 60 83 98 77 54 73 97 14
82 31 66 48 32 45 53 71 25 77 65 57 50 17 72 14 89 90 91 27 24 54 79 41 36 71 27 71 79 7 54 11 24 26 98 8 38 19 52 75 79 98 28 89 8 0 19 25 87 44 81 21 6 73 13 49 100 32 6 71 87 13 9 1 4 69 19 95 49 21 0 33 59 6 29 23 75 52 81 53 25 16 28 75 7 93 80 57 76 22 51 72 38 25 93 25 15 27 1 78 86 92 85 100 84 95 20 30 77 9 61 22 3 34 89 69 81 39
0 58 51 22 59 67 21 33 78 2 83 31 47 26 32 69 85 77 22 9 61 49 53 91 34 95 71 24 41 37 98 10 30 6 44 28 88 7 56 38 17 93 75 95 49 14 13 14 8 88 9 13 31 52 97 91 58 74 3 74 88 77 77 36 76 70 38 12 85 55 95 79 73 34 34 90 45 80 88 66 33 16 64 100 24 45 61 31 19 29 93 74 79 77 4 44 78 99 48 64 33 15 18 79 31 89 11 7 74 96 96 14 14 82 72 15 99 11
64 21 88 45 90 53 88 59 91 92 34 78 96 90 42 78 51 52 54 74 35 44 58 82 98 64 2 92 63 49 46 64 72 47 48 29 37 95 74 81 27 72 61 46 44 91 66 85 46 17 28 49 4 39 20 6 47 29 42 85 35 35 57 78 64 79 85 34 93 47 35 57 53 87 37 79 3 21 20 77 92 1 72 74 71 27 8 88 54 68 26 14 41 53 91 81 29 17 72 81 97 91 9 50 72 79 32 89 94 89 27 33 61 68 41 30 92 51
1 52 6 59 100 97 65 25 19 76 91 64 22 5 30 86 31 5 13 72 16 62 8 6 35 53 2 18 26 2 94 78 54 89 82 7 44 12 72 1 15 14 67 81 84 1 95 85 99 56 75 22 47 64 85 50 1 15 74 94 93 50 46 69 90 99 10 17 75 62 81 23 25 33 27 6 59 42 43 20 37 25 25 9 39 18 13 82 20 29 76 54 30 76 39 38 73 79 81 60 86 73 15 47 47 10 96 52 42 4 91 53 6 43 95 36 21 67
70 34 29 93 21 31 77 78 64 32 26 34 35 62 10 86 10 36 41 95 43 14 90 15 79 22 42 10 78 43 60 53 78 15 100 8 88 6 80 82 57 66 93 4 52 74 55 60 56 22 89 79 9 32 28 25 39 25 16 55 10 9 63 98 78 27 36 28 25 99 28 8 86 11 42 84 4 21 37 68 77 93 43 24 17 63 71 94 26 52 21 66 2 81 84 44 67 67 57 36 96 29 96 94 59 51 17 64 65 44 92 60 42 65 77 56 96 55
49 100 27 71 8 50 90 65 64 98 98 1 36 50 14 9 6 93 59 80 53 45 76 93 4 41 29 40 7 20 95 77 6 35 3 41 67 51 48 23 27 27 62 14 23 78 19 91 78 2 20 97 67 33 2 79 30 86 46 90 14 55 26 41 15 41 34 85 46 84 10 54 53 88 99 52 40 50 13 90 79 48 90 0 83 10 66 26 35 27 2 56 60 87 54 46 76 54 85 93 25 96 71 5 24 24 73 51 74 71 78 99 41 69 41 85 7 29
38 10 35 47 39 1 55 92 5 47 43 97 25 41 74 66 28 90 99 71 89 9 3 38 14 77 24 16 15 24 3 6 73 5 45 16 31 24 16 57 26 81 8 5 73 31 1 19 60 77 7 89 84 71 86 36 65 95 39 72 87 99 93 93 85 33 8 51 29 69 36 65 27 40 39 25 76 90 56 100 50 41 7 68 0 64 15 82 38 41 80 3 66 56 60 73 71 57 31 80 46 57 74 93 16 5 2 15 19 72 88 57 86 57 53 12 69 79
92 19 17 77 62 26 26 66 8 26 33 38 38 20 33 52 55 2 35 71 99 44 85 66 20 43 28 4 9 71 28 97 70 26 83 85 33 44 87 86 32 88 30 61 66 72 13 50 82 66 65 29 51 37 67 50 58 0 18 13 58 63 32 43 36 32 92 21 4 12 60 86 4 51 40 70 40 67 97 75 27 48 63 50 18 22 52 16 63 56 14 28 78 48 80 64 97 42 78 95 93 97 83 53 11 61 73 1 59 22 77 6 96 49 99 62 90 40
16 34 51 4 85 65 8 27 47 34 79 7 29 44 60 45 39 37 68 88 44 81 23 57 12 2 46 48 1 26 55 44 30 41 58 75 27 16 88 17 33 30 79 72 5 32 32 7 66 47 44 27 8 78 79 89 89 5 49 12 62 21 53 57 13 76 97 31 14 55 42 75 77 74 32 10 72 10 59 39 84 18 79 58 52 62 2 74 95 96 93 95 74 84 13 88 27 52 35 93 8 67 70 82 27 68 95 0 61 19 86 93 9 51 25 47 13 51
96 94 79 79 100 73 69 14 42 70 28 82 48 63 66 46 12 57 100 82 83 70 24 31 57 81 26 58 99 52 63 29 21 19 65 83 89 20 40 11 48 51 19 62 81 7 40 88 12 17 48 50 85 82 10 15 2 71 34 67 14 100 21 12 23 7 61 86 80 86 2 13 56 15 80 96 46 79 62 28 46 90 7 61 48 25 10 29 20 42 23 28 34 31 98 57 89 11 5 24 24 39 23 90 59 12 30 6 21 43 82 95 84 1 46 90 41 100
24 82 86 62 48 30 17 95 28 37 19 83 98 61 3 77 93 16 2 49 11 96 75 62 71 31 87 68 14 17 12 86 0 70 49 91 18 57 4 63 61 36 24 23 83 17 74 22 91 71 95 93 25 82 59 87 38 74 12 26 60 24 85 96 83 1 37 47 62 24 74 69 61 54 1 87 57 20 51 7 64 96 60 99 97 94 69 15 36 76 85 48 33 89 72 54 71 51 84 79 24 40 46 35 26 47 55 10 28 86 88 92 71 40 35 56 32 84
13 80 90 80 16 25 7 41 19 45 80 2 49 2 33 95 19 98 34 18 25 77 68 96 3 81 97 29 65 91 55 84 44 67 0 60 62 29 26 56 24 31 55 14 44 25 86 62 0 3 80 78 53 54 36 91 5 81 2 21 7 21 87 70 76 62 18 85 35 94 67 100 37 55 54 82 52 65 4 84 71 62 26 14 39 72 32 30 13 61 76 47 40 80 15 29 63 31 23 22 100 31 28 65 51 8 74 6 44 1 88 67 20 82 0 66 70 34
80 26 6 84 88 26 85 49 89 10 19 20 16 71 80 57 63 5 68 94 36 93 53 15 42 75 63 79 49 85 94 81 76 94 68 75 83 79 17 0 70 5 15 95 56 4 53 89 78 37 92 60 46 67 89 41 72 43 73 73 41 3 73 0 43 63 97 55 5 11 31 70 3 52 72 46 94 35 15 22 35 60 73 100 78 30 66 80 3 16 74 44 18 93 11 94 23 65 16 66 44 54 72 61 66 91 77 37 74 68 35 90 12 88 43 74 97 90
29 58 5 92 12 99 76 2 4 47 93 39 18 47 3 88 90 8 49 75 10 12 83 42 65 82 46 33 33 56 99 96 50 51 32 25 26 14 72 19 92 1 72 15 72 62 39 96 47 91 53 10 40 77 61 25 59 56 13 71 98 83 68 10 99 10 12 68 22 18 51 28 87 10 37 48 9 34 53 24 40 10 9 50 56 79 13 26 13 80 13 15 66 9 33 64 82 54 42 65 10 40 29 96 80 77 28 58 44 77 8 46 15 77 72 29 35 69
67 4 19 28 2 20 31 100 69 12 83 62 5 92 55 26 20 57 13 48 69 98 44 41 55 17 54 38 46 45 7 24 25 27 95 21 43 72 46 81 78 63 74 26 54 19 87 70 48 70 1 28 70 20 64 85 96 58 78 91 36 78 82 22 83 54 22 56 15 72 40 94 63 61 74 100 58 45 29 51 66 56 90 55 100 98 79 23 21 72 35 46 48 56 37 14 20 99 50 67 100 23 66 91 25 66 85 11 31 49 28 26 14 83 7 6 34 5
33 76 94 51 43 76 80 51 35 66 49 19 96 12 40 65 6 2 92 62 97 46 53 52 92 9 63 39 51 69 72 33 28 44 45 80 49 31 46 22 5 94 6 45 20 100 10 21 55 27 99 15 23 26 21 69 69 26 97 38 1 30 9 46 3 4 9 75 78 55 48 78 22 70 100 36 31 71 0 33 35 89 92 7 15 91 83 79 96 68 67 71 54 93 17 0 40 16 30 78 55 94 82 68 52 4 44 2 43 96 32 22 74 79 32 18 2 8
82 53 22 38 78 83 74 7 4 15 0 48 96 36 26 49 53 72 92 13 25 61 92 6 44 21 11 11 72 43 61 89 49 46 0 49 34 0 20 49 1 90 54 97 63 46 7 56 75 89 68 30 54 61 95 34 43 63 85 28 6 84 95 15 29 87 68 29 95 15 76 1 10 67 95 28 77 5 44 66 72 24 12 84 88 0 91 2 79 45 9 33 87 23 54 61 54 93 84 50 53 91 70 95 85 43 78 65 38 12 50 63 75 88 30 46 27 30
27 49 43 1 98 67 14 11 88 33 12 43 90 98 98 0 99 25 72 84 21 16 34 57 57 70 24 84 59 54 97 78 41 85 31 70 84 87 23 81 88 63 53 2 37 5 9 34 34 27 81 81 100 45 0 86 53 73 9 75 24 41 29 14 36 65 75 49 41 43 84 85 70 98 97 84 13 29 3 0 28 77 65 53 88 27 41 57 99 97 55 44 0 54 61 97 67 35 69 57 31 63 75 19 95 27 7 37 66 76 69 82 7 46 23 32 61 55
89 33 68 60 25 51 78 73 88 66 94 8 12 11 47 57 18 20 20 75 1 55 60 61 42 12 77 28 12 55 8 63 67 99 67 35 98 57 17 49 27 83 32 94 95 54 23 19 64 41 13 81 99 51 42 1 95 12 56 67 86 87 91 38 36 62 58 24 82 12 3 81 20 94 83 36 4 53 80 21 32 98 8 35 74 22 38 4 98 57 70 45 6 33 92 84 82 51 24 73 71 69 7 98 9 60 72 98 65 18 9 14 50 58 65 44 24 51
19 95 85 36 90 30 74 91 24 21 87 19 48 34 12 56 21 91 34 10 30 39 47 61 6 97 59 33 16 62 3 47 95 48 26 37 31 68 93 27 70 34 88 81 19 89 97 65 62 94 39 47 62 26 3 95 96 31 61 21 84 79 53 9 35 15 90 27 98 41 26 14 78 61 34 12 63 58 22 25 97 22 56 44 49 61 94 53 95 34 0 43 49 59 13 5 47 88 76 93 22 48 96 32 17 61 64 76 11 32 85 58 0 61 14 15 76 87
72 95 89 1 66 37 44 63 70 6 79 40 92 50 8 49 83 24 0 40 33 29 6 38 6 45 31 93 9 3 69 45 26 5 58 85 15 36 24 61 7 23 50 39 51 54 84 20 19 18 73 53 77 78 55 53 24 14 95 96 63 74 28 85 42 50 23 8 89 15 93 73 82 58 52 81 89 40 66 8 51 48 77 74 7 76 57 41 68 32 6 52 15 28 48 64 24 27 43 87 17 54 38 42 96 95 56 66 75 44 100 34 33 78 24 58 89 68
98 97 51 84 78 45 21 56 17 33 97 79 4 59 19 94 62 35 20 51 28 13 14 100 24 5 13 60 17 7 24 92 59 48 83 81 86 88 91 57 17 25 33 68 25 44 16 12 84 95 2 31 67 54 31 7 38 89 40 52 49 20 3 57 64 3 28 20 43 60 31 33 55 88 76 15 1 67 23 99 65 55 90 83 3 13 69 53 45 78 2 81 38 60 19 86 22 45 68 16 22 12 67 29 26 40 47 18 0 74 29 40 19 40 33 30 6 5
27 77 7 2 19 52 80 52 78 43 51 28 96 27 37 41 89 78 32 78 43 56 2 89 7 30 96 69 38 75 9 28 26 14 45 45 24 14 36 3 43 39 23 69 56 22 47 4 64 47 77 73 0 33 35 35 24 52 94 18 92 1 43 100 35 24 34 52 86 38 66 49 100 2 51 69 68 32 99 8 33 5 40 0 87 40 13 51 37 63 19 51 95 20 34 4 7 60 3 4 84 90 7 38 29 52 19 10 33 94 88 13 74 19 41 85 71 95
19 28 99 1 28 42 66 15 27 97 66 88 38 57 92 8 18 54 5 4 71 53 95 3 61 43 86 5 88 79 20 65 10 50 87 61 51 37 33 70 1 17 53 73 27 9 27 51 46 65 16 92 52 9 87 98 92 11 71 29 84 63 76 15 4 64 65 44 91 21 16 59 94 25 32 16 59 65 47 64 79 68 88 11 23 99 7 86 23 57 66 61 84 25 33 51 42 13 95 11 79 7 23 33 43 28 40 38 94 89 53 78 15 64 29 54 81 78
94 69 50 11 97 80 43 14 42 34 43 65 87 49 30 76 46 67 67 9 9 22 39 54 98 18 79 42 55 12 8 77 27 59 53 26 62 48 73 77 53 97 16 3 10 20 75 94 65 73 2 75 69 47 22 61 28 34 24 29 66 73 15 44 37 40 91 65 59 75 100 11 67 96 85 0 12 44 55 76 70 4 66 96 54 59 53 3 82 78 61 84 51 58 81 48 31 75 32 88 28 49 34 5 90 16 0 33 41 53 3 28 84 11 46 41 19 89
80 85 98 5 11 69 74 4 34 39 99 65 48 70 41 54 39 85 37 100 32 36 43 9 64 4 99 74 59 95 74 38 74 33 41 8 20 23 21 69 93 85 75 48 56 23 86 61 96 13 3 55 57 48 4 11 63 60 69 13 47 8 4 23 59 10 91 62 77 4 87 72 23 4 25 18 99 69 13 27 26 51 31 23 47 26 96 61 57 95 82 53 2 88 53 82 63 48 47 43 88 35 1 60 40 19 37 32 26 11 68 6 46 24 0 83 7 13
28 78 3 1 55 73 73 67 66 95 67 49 36 49 30 39 65 91 67 32 91 75 45 45 9 13 96 57 48 2 97 3 34 52 58 52 96 39 3 50 6 57 19 75 30 12 64 83 78 34 15 21 61 67 71 95 45 67 36 89 99 2 32 77 88 53 18 86 15 11 87 57 59 72 48 17 46 7 25 64 91 34 12 71 72 9 32 33 65 71 65 87 8 51 47 76 46 63 66 3 58 71 16 35 16 32 17 2 94 72 33 23 55 52 26 4 31 38
60 2 36 61 56 6 2 88 27 78 36 93 42 6 5 83 87 47 73 62 37 80 15 88 42 52 17 98 9 88 8 45 89 72 0 87 22 31 77 7 79 4 47 2 27 2 48 94 86 85 52 0 92 33 64 90 86 16 34 40 88 53 42 23 5 38 85 58 88 36 80 90 0 90 89 43 64 75 1 46 14 17 6 10 58 78 66 33 16 33 64 9 58 16 25 57 65 47 1 37 92 33 71 55 13 69 12 31 85 81 76 44 60 21 26 28 39 66
7 34 58 43 63 63 57 19 4 70 61 38 16 23 83 83 60 16 69 11 90 81 96 2 31 88 29 97 43 35 19 4 30 31 94 3 49 23 85 75 27 93 68 67 97 98 74 73 91 81 18 5 3 29 66 19 62 58 43 43 74 31 78 21 73 53 67 74 20 3 75 71 41 85 32 0 84 41 23 64 95 23 20 64 88 3 72 77 24 23 23 72 10 68 16 14 51 37 10 55 24 77 75 54 41 29 52 56 34 74 92 70 28 77 48 45 32 62
89 38 89 50 47 45 93 87 33 68 42 96 49 3 56 58 11 17 59 47 83 51 36 81 91 96 0 66 5 55 51 97 87 47 23 94 55 12 69 1 33 62 81 2 65 24 50 18 50 57 37 43 49 16 51 83 40 36 75 79 4 83 30 54 38 85 3 41 29 71 18 75 10 26 91 73 43 90 78 21 19 60 33 0 87 26 67 42 99 75 28 5 75 66 88 25 37 2 91 24 87 1 83 56 70 95 21 39 81 14 16 47 50 40 28 83 16 16
