27 71 87 37 66 20 56 100 63 51 77 81 18 55 59 69 2 94 19 41 87 37 76 86 57 8 52 8 27 54 21 49 81 58 60 53 32 24 16 48 18 62 91 74 17 97 98 51 22 46 30 29 60 17 27 30 39 62 42 96 78 80 80 26 73 10 92 89 94 65 56 7 41 65 21 96 66 51 52 74 40 96 95 45 64 18 35 99 81 52 69 37 56 83 54 59 66 20 21 100 29 82 4 71 39 10 66 96 60 0 4 63 58 12 89 88 5 63 32
45 99 70 90 21 33 26 17 84 36 71 25 83 4 82 89 51 37 55 63 57 44 62 5 9 100 48 58 79 29 13 57 26 76 67 15 28 34 23 92 57 32 13 31 14 30 14 42 35 82 100 84 22 32 9 100 51 74 37 58 76 72 55 54 29 75 29 23 91 36 93 14 94 100 92 33 93 31 100 29 90 37 83 32 34 60 8 43 56 56 47 39 63 77 21 7 100 98 81 42 93 60 83 27 13 68 98 75 3 26 8 35 59 56 90 27 66 13 88
51 30 85 89 66 38 89 57 62 51 40 92 45 89 84 64 78 100 10 87 52 68 39 92 60 74 77 29 20 91 74 20 60 68 93 3 32 10 79 62 83 58 60 20 86 97 26 67 87 19 96 8 89 78 11 79 3 59 31 0 37 76 62 55 23 68 100 95 50 76 40 74 7 2 35 53 98 96 60 62 85 43 17 34 59 42 65 62 38 43 25 32 55 47 9 25 71 21 99 98 90 9 75 36 30 75 51 85 22 8 54 72 59 4 25 13 25 64 20
95 18 34 30 19 56 7 42 36 68 52 8 53 16 61 44 97 8 69 80 13 88 73 29 5 89 33 3 48 14 90 6 50 89 72 6 94 41 79 16 63 83 24 54 33 18 84 95 53 43 87 52 35 1 40 26 60 6 89 7 58 73 48 28 29 43 94 83 60 43 17 6 23 26 25 70 49 28 74 84 43 73 69 95 46 57 41 9 51 95 35 88 72 84 25 30 56 58 9 92 82 28 50 84 55 55 92 94 45 0 85 29 74 57 77 82 3 82 43
17 58 9 65 50 65 36 91 43 88 67 99 63 8 100 95 46 71 8 48 73 25 25 64 80 43 73 96 56 30 8 41 12 81 11 90 10 72 10 13 0 89 20 78 71 69 90 64 1 86 65 36 85 32 62 10 92 45 50 95 93 46 49 73 29 21 77 22 67 15 91 11 23 14 27 90 17 69 84 0 41 62 27 41 86 69 92 86 36 28 9 9 59 53 16 66 84 68 28 33 11 90 80 53 30 56 86 78 18 29 23 88 1 48 57 83 59 47 38
77 78 39 86 24 97 46 11 83 70 45 6 67 31 95 50 49 40 13 30 49 51 68 3 72 11 67 38 32 61 53 34 6 15 80 38 16 90 11 77 81 54 53 11 93 99 88 40 86 61 79 42 5 15 36 10 3 65 21 61 60 74 54 34 14 95 9 73 28 80 98 38 18 49 73 41 81 75 51 88 41 17 7 14 95 68 12 73 85 23 9 71 36 61 86 92 23 32 34 100 66 85 72 60 86 31 48 48 98 63 25 28 91 73 37 58 47 13 9
58 70 85 59 56 6 10 74 64 12 48 91 54 17 7 61 40 68 45 59 94 98 69 52 85 67 11 50 11 24 54 90 83 16 98 99 11 50 20 31 55 53 27 29 30 1 75 57 76 18 40 10 82 41 97 46 72 72 31 9 26 54 21 15 71 26 86 82 7 9 29 18 64 91 92 87 40 88 87 12 28 98 73 84 60 55 81 41 92 46 29 80 10 98 94 28 56 76 18 56 69 77 13 10 99 78 85 59 20 79 96 82 87 85 13 61 40 57 63
19 19 31 73 77 35 86 42 72 68 19 80 67 48 15 74 28 54 74 40 2 92 57 20 85 63 30 73 21 96 43 25 66 83 58 87 50 81 32 86 78 49 39 94 11 68 36 43 77 97 66 71 30 32 71 61 23 90 13 41 62 58 71 91 69 9 20 45 35 39 48 86 63 79 65 67 60 80 40 16 83 48 89 90 99 93 50 77 85 74 54 24 32 32 89 26 93 37 57 33 57 74 76 49 6 96 38 48 22 53 44 6 74 54 11 65 66 8 36
37 60 32 23 26 63 21 60 83 8 32 62 54 5 72 30 100 29 48 69 73 58 42 42 79 7 41 89 71 14 16 2 98 12 39 55 55 38 8 53 49 63 42 38 99 89 73 4 76 36 31 70 22 74 27 10 72 48 94 6 0 51 48 22 76 92 24 62 32 75 79 14 61 51 90 99 78 10 59 78 74 54 78 99 20 51 68 58 96 93 15 17 33 96 85 64 63 48 36 0 27 68 86 27 6 51 77 91 92 23 86 25 69 0 58 85 78 46 26
28 29 67 93 0 3 14 65 88 28 64 8 35 76 47 34 95 14 79 15 66 45 61 38 13 12 72 47 72 14 12 26 92 98 68 81 21 19 42 46 29 38 21 79 79 85 99 50 67 58 9 47 72 78 42 88 63 72 89 87 6 53 60 73 53 78 96 86 45 60 80 37 28 75 78 46 92 93 67 79 100 38 43 57 3 13 7 3 87 83 8 92 71 48 0 92 50 85 38 45 52 35 11 63 20 68 14 46 71 80 65 26 84 43 32 37 35 73 98
10 97 43 39 76 37 86 56 45 63 16 23 5 55 2 2 91 7 64 24 15 27 71 86 41 40 2 95 18 7 32 45 73 49 59 88 69 98 31 44 33 14 53 18 64 92 41 57 22 17 3 47 77 62 65 36 93 7 84 95 30 39 83 87 39 14 18 83 18 52 69 66 93 14 68 94 43 87 54 71 57 59 88 15 14 96 34 73 48 6 89 30 7 47 20 1 47 51 51 26 76 67 28 62 34 80 94 88 94 68 93 63 56 51 40 58 32 0 68
12 17 48 47 78 11 30 23 73 22 17 7 81 0 81 42 1 80 54 13 5 34 3 42 92 63 88 77 81 24 98 71 30 57 48 32 35 19 19 88 98 76 68 51 90 67 38 5 14 15 29 4 53 21 90 17 9 82 37 55 62 63 81 0 96 69 23 17 61 46 61 54 73 65 40 32 33 27 25 45 40 99 49 97 37 8 57 72 63 39 39 46 88 3 64 97 36 46 76 77 0 59 71 16 53 92 91 70 73 69 77 61 72 19 13 64 51 19 41
23 37 82 3 19 26 55 19 43 93 99 3 31 36 20 14 100 75 78 88 31 70 58 81 88 59 16 51 26 31 63 61 57 51 37 0 83 0 98 0 30 90 15 80 47 22 23 34 86 11 28 45 69 49 27 57 55 42 80 70 40 10 2 65 59 96 37 75 85 77 90 35 10 67 28 18 78 11 69 23 72 49 0 34 22 28 90 27 73 1 99 18 9 92 80 88 1 64 18 21 6 68 53 21 30 22 73 93 85 54 77 26 78 27 16 93 11 97 10
2 82 61 3 25 74 8 68 11 62 56 37 5 10 79 75 95 59 61 71 42 28 84 7 1 65 78 20 83 67 35 97 13 35 49 67 54 20 55 93 49 87 22 81 89 79 29 77 12 12 89 82 6 87 81 49 41 14 57 8 99 50 76 16 49 24 75 18 76 8 80 74 34 89 50 72 26 19 75 60 74 89 38 12 82 68 77 71 27 59 90 64 9 62 14 91 33 53 23 76 21 14 98 28 87 95 15 52 24 61 81 64 65 7 9 91 55 45 54
61 84 28 63 32 78 57 88 30 32 94 2 46 75 50 72 37 40 73 27 74 92 81 31 57 70 85 38 80 100 58 38 84 96 32 50 26 89 75 78 88 77 76 47 50 52 62 79 43 15 83 68 81 28 44 64 92 22 20 89 80 94 43 8 56 68 42 14 65 85 68 76 40 39 53 47 64 27 79 0 1 1 22 58 3 75 31 36 2 43 84 20 55 55 17 88 79 9 93 14 26 27 66 78 46 2 45 89 99 62 73 88 59 12 95 32 86 45 83
86 7 93 1 19 80 13 43 3 50 10 6 8 34 97 72 87 83 56 62 53 4 79 56 61 17 2 23 86 98 55 91 88 49 61 97 45 79 87 56 66 75 81 93 64 62 93 24 5 49 98 9 85 77 24 42 16 100 84 19 83 83 23 35 8 6 5 99 97 61 25 91 23 15 75 94 89 66 82 73 100 18 51 76 15 45 6 36 47 44 7 15 48 16 44 60 37 15 17 54 61 12 39 31 14 23 89 33 43 67 21 28 88 16 30 3 24 80 35
41 8 61 63 97 14 2 0 83 6 53 58 57 59 45 1 96 13 48 44 75 52 99 38 57 24 22 80 23 36 63 12 84 42 12 45 96 5 96 6 95 68 26 90 92 100 91 39 83 7 14 91 47 80 78 11 11 50 100 67 87 90 10 14 68 78 97 86 54 0 22 91 61 82 79 28 27 10 81 92 15 27 22 8 20 43 45 23 25 1 29 43 17 67 45 20 40 55 13 13 10 40 49 48 37 54 41 63 25 87 60 22 3 76 59 23 42 76 65
29 51 25 40 54 37 100 23 94 98 49 99 85 77 98 97 2 6 97 60 67 83 9 54 79 65 56 31 61 33 81 26 99 44 80 13 63 94 77 19 35 57 92 38 2 29 41 43 46 10 90 18 70 15 37 72 18 61 100 27 15 83 51 19 56 6 93 54 22 82 91 14 1 41 73 63 44 36 4 82 26 74 75 63 10 11 84 72 78 59 44 40 75 46 97 76 32 75 34 48 16 24 7 2 29 12 16 70 68 40 43 13 84 42 99 26 31 74 72
57 64 20 36 64 23 79 1 69 50 77 20 97 73 48 64 50 9 29 37 38 77 13 59 98 55 90 11 66 82 26 74 16 7 28 58 96 100 37 34 37 18 43 16 42 37 41 6 59 73 68 30 72 74 9 9 4 89 51 42 52 99 60 68 13 34 47 4 37 1 37 74 44 12 85 82 32 85 73 88 96 73 21 65 77 62 47 69 82 63 100 28 31 27 33 9 43 93 64 48 42 29 43 12 94 81 9 25 96 54 2 18 97 63 26 14 45 39 9
66 15 13 13 70 32 6 59 78 69 74 73 55 30 39 80 76 1 67 98 31 41 22 93 92 37 4 65 42 49 36 97 60 91 20 14 59 94 32 94 8 65 21 64 57 43 32 40 47 44 72 74 93 85 74 28 39 35 10 29 73 28 26 22 20 11 63 46 27 84 57 68 1 9 56 82 49 90 34 71 98 57 93 28 87 39 35 56 17 63 83 53 30 39 9 4 84 63 19 84 66 26 94 50 52 54 44 45 28 10 51 64 10 32 28 8 69 57 48
37 85 83 24 25 38 92 72 84 33 11 9 88 78 19 54 22 47 79 64 65 21 0 0 35 13 34 72 26 73 67 97 39 12 51 88 43 89 85 12 42 52 85 31 42 60 51 12 87 82 96 32 28 41 33 8 97 25 36 84 11 77 87 10 21 77 3 36 6 26 39 67 78 90 44 37 87 77 66 23 71 13 35 53 14 23 14 24 91 79 51 19 18 88 73 55 23 82 9 80 6 19 61 44 69 46 60 70 18 20 95 57 95 93 54 2 92 84 76
24 73 17 13 92 76 66 99 84 88 47 86 65 74 10 15 7 70 80 64 100 76 58 3 90 0 91 55 19 79 33 32 77 85 34 17 63 56 46 56 2 87 53 39 10 67 31 1 58 68 10 85 50 89 11 59 56 17 67 92 32 46 37 58 40 17 94 87 2 15 94 29 17 11 64 16 96 80 70 2 59 55 52 74 60 85 96 21 62 96 10 12 77 25 91 91 30 71 66 23 21 35 19 74 0 63 14 71 100 69 89 44 88 35 35 77 86 3 19
7 74 11 30 67 86 9 92 54 0 1 86 90 73 95 5 6 79 36 11 25 59 42 90 0 69 1 66 74 41 47 9 9 1 31 30 53 47 14 41 58 7 30 23 94 94 66 95 24 63 17 53 54 17 27 30 0 97 66 50 0 96 48 37 22 77 70 88 23 28 44 81 57 81 35 90 22 70 2 34 51 50 69 88 46 90 91 85 58 90 74 58 33 45 29 59 55 36 52 2 19 56 90 11 50 41 92 54 78 39 76 69 44 68 62 49 73 26 58
56 64 56 72 49 91 52 34 56 94 65 42 79 39 2 59 60 64 94 43 47 100 4 93 66 87 98 54 56 38 67 76 46 82 8 74 1 19 32 17 18 32 77 22 16 40 46 31 2 60 59 30 4 67 89 34 65 34 79 36 0 52 77 74 90 31 84 96 21 5 96 18 78 12 3 81 82 44 50 88 81 1 72 47 96 23 30 39 47 46 25 9 45 6 20 53 46 77 64 17 34 51 3 34 77 25 16 39 21 27 68 90 3 17 73 24 76 2 15
98 8 93 34 16 31 51 69 85 48 85 96 20 73 49 55 33 57 19 5 15 35 34 12 49 87 44 75 100 22 17 68 48 75 3 46 84 11 88 54 49 87 51 36 53 20 33 93 52 1 79 34 86 22 68 48 46 9 16 76 21 87 55 86 56 51 57 62 87 29 10 86 18 2 22 49 63 63 74 98 11 76 98 17 16 53 96 44 47 34 81 7 75 52 38 87 15 30 11 5 95 82 3 86 54 17 19 36 69 0 35 13 73 72 14 38 45 1 51
95 38 57 34 48 10 51 77 37 65 52 41 66 41 14 22 76 52 7 44 77 4 61 19 1 23 12 64 76 81 49 35 9 72 88 80 60 62 12 19 100 30 36 83 64 36 34 96 94 85 98 90 46 29 33 30 75 46 45 34 76 15 92 55 34 55 92 86 31 60 43 3 22 19 46 36 63 61 40 89 2 75 41 87 9 37 81 95 37 58 20 45 71 36 16 27 62 81 39 22 61 39 5 69 2 69 66 68 44 46 54 11 30 70 83 62 22 43 71
93 26 73 37 86 40 14 45 72 35 58 52 99 58 36 27 16 65 65 70 20 37 37 51 75 46 64 91 94 58 80 40 85 40 9 57 86 35 74 37 53 29 32 33 69 26 25 72 24 73 48 63 64 13 77 19 37 53 40 23 47 30 66 27 89 87 96 16 43 84 61 57 13 90 7 94 4 12 65 68 27 84 99 29 35 76 24 49 51 84 63 52 20 33 9 72 46 95 75 87 23 21 29 94 4 37 0 66 77 72 22 19 33 85 22 42 14 15 81
44 28 39 7 32 27 72 70 86 91 59 39 49 76 70 51 84 73 9 8 100 12 23 44 67 46 87 78 86 52 70 82 72 28 74 52 10 68 52 9 44 65 82 17 80 32 20 8 10 80 28 29 40 79 84 63 55 76 56 73 26 86 35 22 43 95 58 44 58 87 27 98 67 80 34 9 94 83 80 14 96 49 22 30 96 91 12 54 37 23 22 35 89 95 52 5 91 19 76 81 2 13 0 71 17 65 48 63 6 48 65 34 1 89 4 58 11 9 39
9 86 39 87 94 27 70 10 67 91 85 2 3 42 21 99 89 12 14 75 48 86 19 22 68 60 0 0 3 1 20 69 10 87 72 82 50 61 18 40 58 3 56 75 39 50 24 0 80 19 14 42 37 65 1 62 75 24 51 72 17 16 89 65 82 11 14 52 86 72 29 40 46 33 44 17 47 94 42 96 73 66 93 84 40 50 39 57 67 14 92 62 37 70 15 56 4 33 100 82 7 43 11 9 75 37 36 93 88 75 99 56 48 97 83 54 84 10 85
81 96 65 82 7 85 20 6 68 9 95 25 64 8 48 42 40 2 61 98 23 24 37 67 66 77 68 55 24 19 72 81 21 17 67 56 14 3 1 8 10 22 21 75 79 75 87 32 16 86 79 2 58 82 73 98 36 3 66 65 57 78 41 48 27 14 96 56 4 60 57 31 9 85 18 42 53 46 77 21 74 25 93 56 15 94 6 84 38 73 48 73 64 23 100 17 30 98 80 89 18 47 32 75 83 14 77 16 49 2 8 18 41 77 85 25 82 78 51
96 30 27 3 56 72 88 37 26 32 42 39 6 99 37 12 46 72 76 75 74 49 49 43 95 25 48 54 59 6 51 11 35 89 82 41 34 7 14 4 77 47 83 37 61 62 71 94 42 18 32 26 60 38 68 74 26 46 39 18 100 76 50 32 7 71 94 63 64 90 82 12 82 47 53 87 0 56 87 4 5 95 68 91 74 37 59 31 9 65 18 27 28 90 53 75 57 23 9 88 92 79 15 14 58 57 46 48 30 97 26 64 30 65 0 25 19 85 78
34 35 52 12 30 27 69 86 20 31 20 81 47 12 63 36 82 28 94 20 63 86 41 58 76 23 72 71 27 90 67 71 18 82 85 12 56 25 8 49 56 33 86 41 9 52 35 44 31 77 56 54 65 99 27 7 97 27 25 18 31 43 87 14 20 31 78 96 94 43 87 75 48 30 9 76 15 21 16 50 9 56 56 75 67 21 42 64 56 82 51 32 47 11 82 32 24 5 20 27 26 23 6 92 49 63 84 48 99 33 92 34 83 61 17 86 74 39 45
30 61 48 37 33 83 43 4 58 73 87 16 88 21 61 100 85 8 36 66 22 95 46 9 63 27 85 41 61 75 4 93 14 58 8 35 62 51 11 41 61 32 44 55 12 61 17 79 100 90 60 69 53 64 3 81 55 30 69 25 72 61 48 43 43 99 61 48 43 21 21 10 23 41 30 47 23 48 49 70 97 19 73 96 96 94 51 24 0 9 30 44 59 95 54 50 58 43 12 88 6 65 75 64 97 71 99 57 61 49 24 0 80 79 76 3 32 83 28
28 41 84 90 33 69 54 26 14 26 58 5 56 57 97 38 9 61 20 35 86 51 48 23 79 91 55 61 57 45 68 14 39 97 67 76 72 69 38 74 18 28 60 55 14 97 21 62 26 10 44 30 45 0 97 36 67 55 24 27 68 33 9 93 0 24 16 92 13 9 17 21 96 92 65 80 69 26 0 7 13 85 45 59 92 93 7 39 98 22 6 46 58 27 79 62 68 85 92 66 63 54 48 16 50 60 37 8 12 10 58 100 16 43 99 18 96 4 15
20 69 64 26 9 4 27 73 43 90 23 55 9 92 48 79 74 96 75 18 49 48 7 16 80 50 78 56 3 13 33 0 30 86 60 22 48 35 39 52 63 39 37 88 76 3 21 3 44 35 84 97 86 8 72 57 39 4 12 22 41 64 81 72 8 14 56 63 41 80 85 79 42 14 47 46 26 33 98 84 70 47 83 63 79 38 43 24 6 91 71 78 50 91 15 10 74 1 51 8 2 97 99 2 84 71 27 72 78 63 72 27 34 24 10 47 25 10 55
91 78 98 95 86 35 9 74 7 62 2 30 16 88 33 97 68 59 12 38 93 60 100 14 86 35 99 32 51 10 27 12 5 45 22 97 17 19 19 79 49 77 4 41 99 9 25 48 32 59 84 0 42 58 96 70 9 96 1 44 71 68 19 93 56 65 89 43 100 25 39 80 3 93 90 53 38 32 9 53 47 52 38 49 58 65 40 27 37 73 31 96 71 44 94 80 95 15 77 81 45 96 3 87 10 43 5 47 18 0 65 94 7 73 14 65 7 78 94
78 69 37 82 10 34 40 33 8 82 21 97 86 40 79 37 90 98 18 85 90 14 81 97 45 28 65 40 91 57 58 33 79 59 64 19 86 80 0 91 22 32 61 44 93 0 65 35 31 25 92 11 94 28 36 99 93 16 61 62 49 28 6 42 65 94 29 17 76 53 85 79 77 30 0 1 44 54 27 17 30 23 54 35 30 85 13 2 97 69 29 80 34 2 37 76 9 77 87 51 18 31 43 99 67 91 72 25 57 2 31 82 75 77 16 78 64 36 41
32 69 18 75 92 35 54 11 19 31 8 95 74 10 81 72 97 25 16 46 8 56 32 64 83 54 23 38 7 16 97 86 1 96 65 66 26 72 60 21 29 52 1 87 20 4 59 21 16 58 73 72 37 80 47 90 59 57 79 83 12 16 63 96 6 61 68 76 96 100 70 37 79 87 39 22 54 2 67 2 6 72 78 62 97 98 71 64 67 20 78 35 15 37 8 63 34 43 70 83 98 72 31 62 66 82 80 57 79 63 49 45 82 22 33 0 86 55 60
84 9 30 49 85 100 38 55 31 7 31 12 70 2 15 81 75 38 25 47 56 22 56 26 24 41 92 61 36 46 71 70 52 80 88 2 94 61 82 45 6 6 17 20 13 37 37 92 89 41 25 24 81 16 36 84 92 72 46 51 69 36 69 40 78 43 66 76 84 83 21 61 78 40 68 76 97 69 36 68 31 67 53 72 63 77 48 77 28 7 74 57 67 71 44 59 48 72 18 22 76 23 3 19 59 0 99 69 71 8 82 93 16 49 69 80 72 53 22
91 51 88 10 10 32 97 82 29 99 77 75 19 62 35 8 86 1 26 21 66 69 29 38 96 96 49 98 39 33 92 68 91 20 51 99 46 20 8 32 64 54 1 53 32 24 2 32 14 39 27 76 0 1 17 75 87 3 13 24 87 19 3 43 61 22 6 94 3 81 58 37 4 53 5 56 92 63 52 4 98 60 40 34 46 81 19 58 44 0 12 98 30 90 37 39 75 64 32 87 25 94 40 7 25 0 79 14 5 87 73 4 16 39 30 57 90 58 11
48 74 10 7 21 80 97 73 53 93 28 54 79 26 64 21 6 34 52 30 59 16 98 32 57 75 47 31 60 70 99 8 67 24 50 28 12 2 58 11 98 11 50 66 64 28 9 64 9 26 10 77 8 21 93 64 48 18 77 82 28 88 38 47 2 8 47 66 37 72 62 93 3 79 49 54 28 13 20 69 54 85 88 7 49 3 88 51 87 33 48 74 89 64 89 85 85 52 45 56 97 33 27 48 12 78 56 77 23 85 16 65 60 46 97 79 95 3 99
5 81 45 48 76 63 33 26 80 47 15 3 72 95 54 16 14 68 51 42 81 22 36 77 79 76 57 28 33 76 20 28 2 60 58 50 82 38 32 38 70 85 76 48 58 25 25 24 14 31 94 45 59 98 78 24 75 64 71 97 97 59 3 1 16 25 61 39 99 15 83 59 96 39 63 14 45 9 61 15 15 32 7 73 82 0 97 30 53 26 8 90 37 40 38 59 29 2 14 18 95 26 64 58 15 47 19 100 7 53 68 4 29 38 54 90 46 86 82
65 13 20 39 8 6 32 52 62 91 54 6 13 41 93 96 62 70 70 30 62 74 90 12 46 57 65 12 67 30 27 29 6 98 85 96 20 84 73 44 89 22 9 60 44 86 62 57 88 94 100 99 53 39 35 98 61 77 71 69 1 2 28 46 92 46 82 65 69 81 78 48 39 95 80 86 25 90 21 77 97 92 11 69 26 28 65 96 45 97 61 7 53 82 87 37 38 17 90 8 3 61 40 44 47 16 90 0 71 28 99 37 21 95 22 72 32 0 48
92 15 8 73 18 27 69 45 78 82 71 33 72 69 60 3 2 54 87 34 12 36 45 15 15 87 42 0 38 80 67 3 11 46 61 80 42 26 70 43 65 41 51 36 22 61 65 98 94 15 7 97 73 89 76 79 56 59 91 91 21 62 22 6 98 54 43 48 34 10 4 98 49 6 93 40 92 93 6 77 96 61 39 71 11 91 29 12 48 72 10 15 16 23 24 27 21 8 67 5 49 29 51 1 58 14 36 9 10 46 23 18 18 3 47 66 98 3 39
79 34 96 38 17 68 62 79 78 29 79 60 69 1 68 19 33 3 19 38 53 26 70 20 55 93 20 0 80 79 21 0 28 39 17 48 62 50 87 49 59 53 92 83 28 23 49 54 9 53 53 99 49 48 71 20 95 14 18 3 60 46 22 45 17 2 24 92 43 71 60 38 47 40 98 51 31 30 67 43 56 38 90 93 23 81 5 39 12 19 92 94 9 64 91 60 44 21 69 58 21 9 60 24 77 100 4 4 58 93 98 46 25 26 71 66 12 32 46
80 68 84 92 2 5 15 0 42 58 41 73 47 77 48 92 71 93 20 98 89 69 43 12 10 19 66 95 69 91 82 31 94 23 60 32 31 51 48 61 12 69 27 25 30 52 40 10 73 53 56 1 64 48 49 71 18 95 43 71 70 31 19 71 17 69 90 53 72 27 87 15 69 72 20 93 46 16 68 82 63 78 14 78 19 100 2 66 9 76 13 58 23 4 56 93 5 19 57 41 52 92 51 76 46 12 81 15 85 68 28 41 17 21 30 75 85 79 32
1 24 46 47 79 7 55 26 8 81 10 28 50 41 84 66 16 81 3 13 78 2 31 99 3 81 72 5 74 6 56 83 54 0 11 11 30 23 37 52 58 68 40 41 59 97 1 58 10 100 92 50 21 24 37 47 27 52 16 57 28 98 45 36 72 83 55 86 62 27 66 93 49 21 61 0 60 78 75 90 76 54 0 45 9 66 87 20 30 95 89 51 54 51 90 6 93 42 16 36 29 53 3 62 89 57 13 92 33 73 57 69 45 59 70 98 59 12 18
91 34 92 27 20 26 73 36 21 74 39 13 8 54 85 16 40 100 67 1 65 86 54 28 97 60 49 100 23 30 67 59 73 83 80 73 23 82 5 44 86 10 43 21 72 51 55 15 98 27 23 88 51 68 5 7 93 14 77 33 87 8 96 77 74 17 69 86 93 88 34 74 20 98 40 32 26 70 88 99 42 74 65 63 38 8 66 33 30 98 68 83 93 95 30 79 16 15 6 43 82 76 35 98 42 98 5 25 11 70 72 56 93 90 83 14 46 18 59
29 28 25 94 24 90 68 54 56 89 9 74 63 36 26 60 52 91 42 19 46 27 92 45 69 12 41 91 100 96 21 66 83 23 83 33 80 40 59 75 60 1 45 68 76 82 99 2 18 38 35 70 62 100 66 2 77 7 9 76 9 75 12 74 24 86 13 42 81 1 76 62 37 35 65 24 63 85 19 95 82 41 86 23 42 6 61 44 24 77 94 90 23 69 4 98 78 16 5 8 29 40 22 37 10 1 66 46 45 86 94 34 86 80 50 68 63 77 46
75 25 41 83 9 17 76 6 51 44 38 39 13 24 35 60 66 34 62 5 44 14 68 4 1 45 83 81 71 55 7 18 43 51 58 57 97 78 68 47 42 7 77 22 45 57 95 41 48 26 37 69 81 24 7 30 46 21 47 82 48 32 8 1 49 6 92 9 99 31 56 68 93 93 43 100 84 25 11 31 13 68 15 16 45 89 58 44 17 51 67 36 14 57 57 90 10 77 78 69 89 13 6 24 46 31 95 3 46 16 35 97 15 45 72 30 8 57 90
54 82 44 64 77 33 66 37 62 65 95 58 15 53 84 70 29 3 48 36 62 35 84 49 56 24 84 76 50 37 67 17 40 71 24 48 61 63 54 29 58 9 94 53 71 94 84 68 73 51 50 4 54 11 67 23 24 67 58 82 84 78 31 17 2 46 58 86 42 39 18 58 8 87 17 20 45 10 34 9 89 49 14 91 29 8 42 69 45 93 16 40 86 73 17 4 17 43 95 33 56 10 76 66 81 73 28 64 14 54 67 80 85 9 35 40 56 22 52
57 58 41 87 32 78 43 95 43 89 80 63 44 94 34 63 80 0 60 15 55 64 25 36 12 31 54 13 43 12 11 95 72 18 98 68 24 100 7 32 52 74 24 84 10 74 29 79 27 94 46 0 79 99 39 13 16 76 90 34 11 12 10 22 7 93 14 71 12 77 70 43 5 20 57 27 86 50 46 52 66 21 12 85 22 55 20 69 60 83 55 16 3 22 27 100 34 84 12 54 62 4 99 92 1 56 40 36 41 32 99 99 58 86 98 32 47 92 90
65 82 25 3 59 6 17 84 97 43 55 1 20 91 73 41 34 40 15 75 97 64 99 26 12 82 28 9 13 14 100 23 70 24 45 94 92 74 38 98 36 74 30 2 13 20 34 12 81 9 48 4 37 55 25 44 56 74 77 55 88 81 47 95 72 29 93 46 12 3 13 99 94 67 40 19 0 49 53 42 100 80 27 48 46 76 83 83 70 22 97 57 84 64 5 23 75 100 3 24 21 98 74 41 75 89 54 79 91 82 64 83 91 67 100 41 68 70 24
3 31 42 29 90 14 51 17 16 51 48 90 37 72 30 92 78 20 3 67 14 83 21 89 30 59 38 63 61 10 22 19 55 16 12 13 97 80 19 21 33 25 1 6 44 81 62 100 73 56 7 35 58 57 21 35 67 53 76 61 21 76 65 14 54 55 1 23 56 22 23 77 77 2 56 83 9 79 46 16 56 56 13 73 59 97 72 34 42 34 74 61 36 38 66 15 63 70 30 11 76 95 57 68 78 33 76 57 99 10 0 35 59 72 37 34 95 58 18
35 62 68 51 73 55 73 0 87 91 63 11 45 71 92 29 98 32 10 31 98 9 86 23 18 99 33 12 81 31 46 41 49 35 47 33 63 66 45 23 61 60 83 6 44 38 0 13 0 18 55 61 39 84 66 72 13 0 68 2 18 22 88 80 38 41 54 26 3 99 3 69 93 94 36 100 43 99 82 93 22 57 51 38 77 94 87 68 15 56 12 95 73 67 88 95 98 55 45 88 79 11 59 64 28 76 60 23 14 73 85 61 52 44 73 38 82 48 29
55 91 9 20 15 50 95 25 10 62 34 38 23 85 95 100 55 90 99 27 11 81 87 14 85 84 10 14 49 74 19 43 53 51 21 30 75 40 27 49 74 12 40 88 79 69 27 14 67 63 61 14 4 88 76 71 79 18 31 88 87 17 59 97 19 33 78 44 5 64 17 88 56 14 54 36 83 9 70 40 50 10 45 86 8 13 16 81 70 72 19 32 60 28 49 99 36 20 40 17 0 68 76 46 51 61 100 0 48 36 67 93 4 100 0 64 1 52 21
69 88 28 98 59 10 25 21 37 23 39 18 19 48 61 65 44 77 61 5 40 58 31 100 23 95 37 66 33 90 6 63 30 72 18 84 23 35 45 54 42 44 77 99 97 18 51 72 51 39 72 22 13 17 81 89 58 66 25 81 42 13 92 40 74 17 22 55 34 40 44 74 60 83 69 77 6 95 72 55 68 50 36 12 59 92 70 99 70 31 63 5 30 87 86 86 4 94 9 75 12 36 86 85 32 39 94 95 23 68 6 88 27 79 54 39 67 95 92
58 62 85 3 97 46 21 27 35 21 84 63 2 19 22 16 75 16 71 90 38 31 96 96 44 27 6 11 51 75 93 61 33 57 35 29 69 62 92 3 22 97 58 85 51 98 13 47 99 36 77 4 93 32 90 87 80 54 73 64 73 87 28 43 40 93 58 74 10 99 51 61 24 83 94 35 20 55 75 54 92 55 63 66 38 12 63 88 72 97 59 22 78 45 6 16 38 9 74 96 52 67 66 99 3 55 98 18 98 1 38 38 16 47 40 48 15 64 30
93 11 54 73 40 8 29 25 91 24 9 11 9 50 18 65 25 83 85 93 57 31 42 96 79 75 70 95 79 23 21 32 92 27 43 51 53 70 48 25 4 51 80 87 52 19 34 19 14 87 60 30 36 11 72 73 86 38 81 51 33 68 8 45 66 15 55 2 87 27 14 75 79 62 13 30 69 29 6 9 99 66 79 22 93 27 100 76 42 22 76 69 93 8 34 89 68 32 4 0 98 100 39 25 68 4 25 98 54 77 91 5 39 32 47 99 63 78 94
66 63 68 57 32 59 72 70 64 32 77 4 98 16 61 24 61 16 44 100 14 25 18 83 75 35 40 82 75 67 22 31 16 2 95 93 5 78 76 78 67 50 21 52 79 19 26 35 58 35 71 18 87 80 10 64 31 14 90 90 76 37 54 78 71 79 62 44 38 54 22 60 50 60 77 72 17 40 2 3 38 85 48 16 36 39 19 47 82 94 84 13 91 80 91 28 51 97 78 58 11 84 91 60 50 5 98 49 81 58 26 26 88 50 43 95 99 51 92
39 85 1 95 60 84 85 11 92 20 35 70 33 6 80 29 95 57 21 31 19 20 27 14 9 59 48 63 55 24 97 29 59 41 79 77 28 62 89 34 31 6 10 27 93 66 57 33 0 66 30 2 24 91 19 32 29 33 21 85 31 37 57 71 63 1 78 0 4 6 5 31 92 59 15 58 24 56 66 30 17 27 1 76 9 76 36 36 85 11 51 100 86 22 90 37 82 47 87 67 26 24 77 65 49 17 45 33 19 29 96 23 96 56 47 0 34 22 80
47 27 99 33 51 8 33 29 52 57 35 85 7 91 71 6 94 46 5 83 81 53 56 61 85 5 22 96 85 37 2 9 42 12 7 78 54 11 31 91 39 33 13 36 88 98 60 64 75 45 74 76 59 84 4 97 14 87 36 99 14 38 79 55 65 35 59 3 96 59 23 58 29 69 42 1 39 83 89 27 18 27 51 64 5 52 34 64 26 49 2 49 56 44 43 64 100 74 100 13 90 76 50 69 14 13 80 66 7 88 73 24 87 59 18 63 2 100 92
24 69 27 83 20 26 85 92 10 80 89 82 94 63 53 17 19 7 60 98 38 4 84 22 25 42 19 42 54 94 69 96 14 68 54 9 9 3 66 7 89 1 69 95 95 54 25 73 60 63 53 32 13 36 95 52 49 49 26 51 61 97 54 44 88 43 77 10 41 13 75 47 48 40 60 51 20 68 37 55 63 52 83 48 57 44 5 54 26 84 38 92 38 100 25 27 40 52 2 51 32 58 51 92 84 9 55 86 65 100 50 14 52 49 45 32 88 37 7
99 76 98 20 72 67 85 17 72 100 90 0 87 70 15 90 82 25 28 97 21 20 49 24 8 28 21 58 40 29 35 53 6 1 75 33 83 2 12 77 85 72 86 1 88 93 6 42 61 15 46 79 12 3 64 65 75 49 88 33 63 58 10 80 16 21 8 68 68 1 56 2 90 57 39 62 66 77 16 78 1 80 45 99 100 33 68 78 65 86 97 61 21 8 30 100 37 66 67 63 80 12 57 32 45 70 95 30 14 33 71 53 97 96 58 25 66 79 87
95 40 5 62 75 70 84 41 82 20 68 43 87 99 78 26 44 4 90 42 36 60 31 37 29 34 13 74 30 74 81 49 48 78 7 59 18 71 86 97 83 60 41 95 71 58 30 16 64 11 63 53 9 5 70 26 53 60 28 80 39 8 49 59 95 2 100 23 21 60 74 55 31 88 33 70 8 13 56 9 2 97 2 46 56 75 10 66 71 70 22 94 87 45 94 16 3 22 17 37 31 60 2 51 83 2 6 66 14 50 63 33 75 29 65 22 61 25 13
23 49 78 21 44 35 66 33 78 71 30 100 9 83 48 26 2 1 59 63 4 20 92 31 76 54 17 69 51 77 36 24 27 1 92 9 11 53 74 49 79 24 35 54 27 83 63 68 42 95 72 74 87 19 71 52 83 89 17 68 17 76 90 76 16 89 10 22 56 86 31 49 27 84 23 17 81 65 31 30 91 39 80 79 94 64 1 12 95 49 87 89 37 29 66 45 38 42 36 4 74 90 78 22 46 16 43 2 30 10 46 95 16 20 65 16 53 93 75
13 49 80 18 39 9 50 85 26 27 8 69 31 45 96 66 68 72 92 100 23 14 69 67 13 19 38 2 92 48 4 25 2 91 17 37 44 44 59 68 13 85 71 44 14 83 93 92 100 48 5 19 75 30 42 57 21 40 87 6 46 9 48 29 18 3 2 57 47 74 81 55 39 60 73 6 97 42 76 38 100 27 14 95 91 82 51 22 56 4 0 43 42 18 92 67 65 14 60 16 64 24 93 7 42 13 80 93 52 14 25 31 34 71 99 67 17 58 65
46 25 12 38 27 31 92 24 11 13 61 54 29 47 92 25 25 74 21 26 77 95 48 6 18 75 10 68 1 30 7 4 99 85 40 61 92 38 76 82 13 45 61 32 70 97 84 0 77 52 11 75 74 60 40 65 63 31 71 52 98 38 38 61 96 17 36 35 18 44 0 57 32 58 67 8 73 47 47 96 38 30 38 1 71 42 79 69 15 74 85 31 10 76 24 62 30 95 73 70 81 51 26 7 73 98 48 15 78 88 86 30 7 20 88 22 14 17 65
91 45 56 80 48 51 13 34 17 92 40 52 11 92 69 21 54 76 9 9 66 66 60 68 5 1 11 62 98 29 37 42 74 10 29 3 63 11 55 68 46 11 24 23 42 63 0 85 18 99 76 40 11 79 0 3 43 54 6 98 1 48 81 53 97 29 59 38 49 49 4 68 40 54 66 45 21 23 50 72 80 21 41 9 36 0 69 52 18 36 60 95 60 92 51 38 52 64 10 42 24 24 17 14 37 98 86 57 24 48 42 7 67 24 26 83 13 35 55
86 86 49 49 74 15 60 83 1 49 36 96 85 53 28 45 70 50 77 89 46 7 48 67 34 81 37 13 75 5 48 90 16 60 9 37 56 65 89 100 7 90 17 92 19 24 77 35 28 15 23 70 46 1 71 76 24 37 30 95 77 100 36 15 19 67 24 47 42 99 97 85 75 8 5 44 97 47 30 21 71 26 72 46 2 59 74 31 14 12 21 56 79 61 24 31 40 1 87 49 71 100 31 34 66 97 86 98 92 47 98 41 35 68 23 12 59 44 91
39 91 78 42 83 5 46 83 19 25 98 88 29 10 7 40 14 39 53 69 3 95 69 28 12 14 59 34 2 52 31 29 31 90 76 27 71 46 82 83 10 17 45 94 0 71 39 67 94 68 57 15 46 1 23 2 33 94 97 3 84 72 43 82 80 79 56 86 71 4 66 58 11 12 23 70 56 0 30 95 36 89 90 65 70 92 62 76 25 93 92 37 71 59 21 9 71 31 4 80 2 79 99 64 67 61 90 85 5 55 33 86 89 88 72 18 57 86 49
84 11 62 22 4 45 84 78 17 51 57 78 76 41 88 99 31 29 46 93 44 51 23 32 39 27 48 81 78 5 72 27 93 86 6 11 47 62 13 46 90 54 53 78 23 73 23 68 41 18 7 58 41 67 20 64 5 77 42 22 62 78 68 15 35 89 2 14 60 82 18 15 45 33 95 34 50 41 2 100 54 70 99 15 32 20 14 55 98 82 63 44 31 90 33 55 85 76 67 45 65 54 66 13 11 36 85 16 98 85 35 0 57 41 56 86 47 83 98
27 35 8 44 81 85 51 70 47 16 82 4 44 51 12 78 15 83 9 38 34 93 62 63 76 84 24 84 16 33 97 58 87 97 75 89 19 88 54 84 56 43 58 67 71 47 0 64 100 82 98 86 83 34 38 92 2 73 53 10 85 68 10 9 29 34 85 73 99 90 34 23 71 53 6 64 100 94 33 52 42 96 44 35 20 87 29 5 78 21 20 12 28 92 51 61 69 7 9 25 92 2 60 23 53 63 32 22 68 89 31 96 34 13 32 67 78 41 86
100 34 46 83 46 13 71 33 60 59 66 11 1 99 47 17 56 24 25 13 85 15 26 74 97 90 41 31 62 84 88 52 26 35 36 54 26 49 63 80 41 64 80 36 90 92 3 61 34 67 47 71 16 67 58 79 79 41 88 1 43 32 55 36 43 84 92 28 17 27 98 8 95 77 67 40 7 10 58 30 89 27 11 66 87 17 38 18 95 80 49 40 45 87 53 79 13 88 100 100 33 6 19 83 97 34 26 33 33 12 33 16 89 94 70 75 49 58 29
26 14 41 72 96 99 90 70 82 0 34 42 60 24 6 78 17 3 75 6 22 72 65 73 20 14 36 29 56 87 1 9 78 50 79 65 78 22 58 10 33 67 45 35 1 51 90 10 69 20 40 95 57 2 68 63 19 52 57 72 48 20 67 6 56 94 74 9 1 85 78 41 4 34 50 63 48 22 57 50 93 79 32 39 97 7 100 48 65 14 99 36 12 23 75 39 2 11 77 43 43 94 100 36 22 86 51 2 21 81 9 23 57 3 79 81 3 52 48
31 2 22 48 90 18 79 61 74 37 27 36 9 65 49 99 68 33 34 79 47 59 79 89 18 41 75 72 72 41 97 19 31 93 69 38 95 79 24 37 12 55 17 96 95 57 64 32 20 21 73 10 85 72 54 86 70 48 22 45 20 99 82 20 96 0 56 56 73 53 74 71 14 79 60 53 30 64 8 58 67 99 1 58 29 80 21 57 77 15 95 43 40 26 82 10 68 38 90 22 42 46 88 58 94 7 81 55 41 13 0 86 33 30 0 49 70 12 2
100 70 69 51 37 0 62 36 33 29 45 38 2 30 70 87 51 16 23 62 95 95 58 82 59 38 65 54 7 87 97 70 78 68 42 26 19 26 4 62 40 44 1 56 61 30 55 83 3 69 6 89 59 14 98 11 33 56 81 52 38 64 83 93 78 13 74 83 8 26 8 53 98 4 64 93 46 17 54 5 78 75 27 56 87 0 30 69 14 89 88 77 89 41 36 14 34 72 88 95 9 57 47 31 51 65 14 3 46 20 69 21 14 100 97 63 10 87 60
81 69 61 19 74 52 43 45 84 18 83 89 56 89 64 15 23 31 26 29 11 84 17 46 13 51 58 87 1 11 44 94 49 83 39 47 12 74 63 12 25 1 65 24 0 74 82 56 12 3 94 80 87 70 77 29 27 38 28 92 100 87 6 74 20 83 75 19 89 54 39 88 66 70 54 47 7 9 76 67 37 5 1 5 50 36 71 96 75 86 27 90 87 89 11 8 25 16 52 86 56 73 71 96 7 91 88 15 19 45 53 92 91 19 80 70 37 99 10
61 28 3 72 24 91 9 3 39 82 53 44 41 13 100 1 74 50 71 77 57 96 86 89 28 84 54 24 84 9 35 28 37 53 42 23 22 95 11 34 47 94 93 64 15 31 62 34 13 60 60 87 65 77 56 11 70 77 71 29 58 58 78 1 16 50 23 95 53 7 97 14 49 19 27 68 30 30 17 44 52 95 69 48 64 100 79 74 60 56 46 54 86 82 54 98 41 90 44 21 29 51 89 37 67 91 39 93 51 30 10 56 38 88 82 78 96 69 53
48 40 20 36 95 44 100 28 80 38 47 20 35 26 95 25 11 38 78 4 55 87 39 3 23 94 95 100 8 56 47 85 11 85 72 38 48 86 37 91 9 95 38 93 25 23 45 34 40 46 71 50 89 4 23 7 66 25 58 61 76 17 11 24 3 32 22 38 57 32 44 25 9 96 40 91 50 17 59 40 78 6 46 5 51 10 21 46 27 90 35 52 87 25 71 52 68 80 88 55 98 10 29 76 90 61 80 100 8 94 78 36 41 21 41 26 20 64 58
59 67 65 37 19 57 24 41 62 60 12 63 31 72 84 72 49 70 45 83 32 7 54 52 79 92 97 34 35 19 75 15 87 0 69 46 95 27 18 12 25 89 18 79 87 60 10 59 33 1 0 77 51 80 49 81 87 47 62 51 81 58 98 43 34 97 22 49 82 39 71 95 29 27 67 85 82 3 17 76 44 96 77 37 22 5 7 3 52 100 53 48 22 66 55 11 36 87 48 2 84 64 8 79 88 97 56 46 55 46 89 0 0 34 63 11 46 90 24
24 81 68 36 94 35 90 22 100 24 67 85 37 97 72 47 48 3 7 36 72 72 50 80 60 90 78 30 24 95 61 46 87 62 98 28 33 74 21 82 74 43 23 14 12 3 2 81 68 47 27 49 15 13 29 75 63 82 13 50 60 81 75 89 30 42 58 55 15 76 51 87 41 97 88 34 25 62 80 5 44 94 57 54 54 26 44 59 20 45 83 99 17 86 55 26 16 52 44 74 67 85 98 24 30 45 9 19 83 54 42 38 61 85 38 56 62 61 27
23 30 36 56 5 11 45 13 44 36 72 90 83 59 96 8 13 14 37 45 94 14 80 92 12 53 66 81 43 51 7 85 36 93 23 78 35 1 3 1 0 73 23 90 2 51 45 76 52 77 63 20 56 78 84 0 48 33 63 61 45 16 5 2 68 2 7 20 31 85 99 35 63 87 93 51 34 87 96 79 2 82 69 58 66 87 28 71 98 8 58 61 15 77 84 95 52 64 98 25 88 51 90 83 3 56 5 56 48 26 98 11 93 70 53 74 32 66 36
74 58 85 89 9 28 86 31 99 88 97 13 67 82 25 71 32 91 32 11 91 91 70 89 53 68 7 88 40 52 69 22 28 32 79 19 18 54 64 12 83 93 23 55 15 17 4 89 22 60 75 23 25 11 45 69 75 18 95 83 12 76 11 88 58 30 30 18 68 72 78 95 80 83 41 100 62 21 47 92 21 18 9 10 16 91 92 20 40 14 56 94 17 93 44 24 98 10 93 83 95 38 38 36 20 68 42 10 20 84 90 81 20 74 88 42 60 90 95
32 7 78 3 46 66 37 85 46 43 62 99 3 2 50 48 90 66 52 87 94 35 26 91 12 55 2 59 79 30 69 52 29 82 66 94 29 98 40 47 67 87 71 62 10 16 31 22 0 75 57 63 54 52 10 94 78 78 84 38 27 35 46 81 12 28 15 67 82 75 42 78 47 50 47 78 28 86 46 73 73 72 48 28 18 40 81 27 71 23 14 89 90 15 10 22 40 39 13 87 80 9 99 40 73 39 8 28 67 86 47 93 14 37 19 70 69 58 11
70 17 44 65 69 80 87 55 80 73 77 97 62 70 57 32 44 13 54 23 37 45 15 96 67 3 4 23 85 7 66 92 1 71 80 71 68 73 33 28 31 77 93 94 98 43 66 51 96 57 74 12 15 64 46 57 68 59 39 82 52 37 14 43 21 51 15 85 99 97 79 73 17 50 68 15 87 48 80 91 86 90 4 46 36 27 65 80 44 34 20 95 79 18 30 70 76 60 50 17 60 2 91 76 53 38 90 51 80 6 35 29 48 69 86 72 81 54 69
99 56 13 91 96 23 93 4 27 8 89 77 14 16 76 80 0 97 5 90 100 4 24 7 1 59 73 68 16 80 55 0 32 48 26 22 7 58 74 49 22 72 20 53 23 1 95 59 7 7 68 20 100 33 45 7 56 39 50 92 47 13 8 42 11 28 33 66 9 78 8 76 96 80 8 69 70 41 100 31 49 31 43 19 48 50 7 32 19 10 92 87 67 56 22 100 33 49 75 58 55 0 96 76 9 41 67 39 36 38 9 31 37 87 21 31 36 43 92
69 84 54 64 40 98 13 40 45 29 12 86 100 66 40 4 46 46 47 57 4 100 42 92 89 9 75 72 13 0 69 97 29 60 8 23 44 85 37 37 55 38 22 96 60 55 41 87 71 51 38 42 83 48 19 35 85 4 99 1 45 89 6 98 29 8 2 75 35 3 89 20 70 5 35 90 45 36 12 89 72 68 87 42 87 65 38 14 15 18 72 65 75 75 32 61 26 73 36 49 41 93 95 98 23 54 33 90 7 7 91 33 30 31 21 34 70 76 54
74 63 85 25 49 38 83 59 8 11 21 22 45 51 10 2 40 8 87 53 12 38 56 74 39 84 44 99 46 2 4 33 27 28 51 29 43 58 12 7 74 69 97 54 86 40 63 59 38 89 33 45 35 76 82 16 21 95 70 42 80 16 83 29 26 55 87 14 54 83 44 91 21 3 24 92 33 84 49 92 60 12 9 93 49 75 55 72 14 60 83 45 47 6 66 70 44 43 40 37 1 29 30 66 37 12 60 9 1 26 50 10 42 29 76 64 52 92 69
62 93 13 58 23 3 16 38 52 46 43 22 45 12 74 67 21 11 38 51 53 25 46 63 25 83 69 71 11 31 77 50 36 92 33 52 98 12 29 53 81 77 93 45 39 54 97 33 35 35 13 43 59 41 58 2 9 28 36 0 25 24 95 53 42 54 57 87 0 96 76 39 64 91 24 52 54 15 75 69 61 37 71 38 74 97 21 70 1 82 13 93 21 26 14 42 42 14 67 79 24 71 14 53 23 68 22 69 25 67 12 16 45 33 76 4 66 28 43
2 44 24 99 60 82 40 31 74 11 37 2 99 25 18 92 49 71 77 63 98 92 34 69 20 94 49 34 4 77 54 69 40 2 13 68 71 92 24 96 64 91 74 11 58 79 4 34 3 95 45 61 9 31 43 9 98 16 94 85 55 26 95 47 30 29 12 28 37 57 41 41 12 23 30 70 46 92 70 72 47 27 60 70 47 78 3 94 51 84 75 45 98 8 20 72 40 0 12 87 96 63 13 41 38 59 81 58 70 34 25 45 81 17 24 55 62 75 22
13 68 86 61 47 93 40 7 86 66 24 40 73 53 88 73 97 31 54 34 6 82 37 55 10 47 37 17 61 48 94 69 14 21 60 18 98 36 63 94 65 74 41 80 82 75 37 71 14 82 97 39 20 29 2 79 63 34 38 65 25 19 98 36 30 40 88 97 61 73 75 30 95 82 99 5 40 66 20 74 15 7 79 1 13 66 38 70 89 93 8 41 68 28 79 95 52 81 53 50 39 23 59 25 64 44 49 30 2 86 64 40 53 96 93 82 80 3 0
34 24 27 36 88 2 45 31 75 88 35 22 72 11 47 96 23 47 97 72 54 20 41 22 35 53 25 79 64 4 94 24 62 46 13 53 16 48 4 14 1 85 50 84 71 38 37 57 61 65 94 26 38 94 46 46 53 57 1 3 71 19 73 17 75 74 70 92 38 86 82 84 91 47 55 81 87 63 45 74 21 67 29 80 93 75 94 57 96 47 9 37 77 76 24 25 79 71 28 6 52 82 59 23 58 75 25 22 50 57 47 100 57 33 64 1 19 26 53
14 57 91 1 45 67 68 25 32 21 5 85 87 72 69 40 11 5 16 85 55 42 91 42 83 68 17 20 26 45 29 4 56 57 65 44 30 17 70 49 40 7 94 28 16 79 43 69 91 36 16 74 16 50 84 11 74 37 30 99 72 56 10 91 78 30 79 19 89 5 45 23 99 100 4 69 5 81 41 17 32 85 31 52 100 24 77 32 77 34 15 20 26 47 23 45 95 11 44 22 49 23 86 71 83 14 60 83 83 25 81 14 13 84 52 5 93 36 28
64 21 55 36 16 0 88 35 12 42 31 94 64 20 87 89 94 36 73 100 79 63 55 65 56 19 13 39 84 83 89 39 87 9 33 67 85 7 89 27 34 22 37 93 76 16 48 32 1 4 57 76 42 24 82 77 93 25 89 72 29 22 54 39 44 46 91 32 35 91 78 63 47 25 18 83 7 51 34 23 59 95 13 38 91 79 67 55 98 11 17 0 75 79 62 81 81 78 52 17 28 55 56 33 39 54 54 42 65 32 99 24 59 29 84 30 18 54 98
6 70 41 63 33 10 58 70 28 34 30 5 82 50 56 89 34 59 72 2 3 4 48 72 100 60 21 26 86 15 4 34 10 7 61 73 0 81 23 15 83 44 99 79 91 55 51 12 93 14 91 99 63 19 47 23 73 3 92 12 47 54 45 19 41 19 57 46 2 59 85 23 40 57 23 23 16 30 49 49 42 82 69 14 42 71 63 47 57 24 69 4 92 21 82 53 14 68 59 83 84 36 95 86 66 78 11 74 23 69 33 86 69 12 99 9 2 36 85
57 34 90 56 60 18 24 18 76 83 61 100 61 80 79 72 39 16 77 77 15 10 66 68 25 4 84 52 24 100 61 4 64 51 96 73 85 5 90 50 55 63 17 30 11 68 48 83 66 30 9 48 60 87 32 0 15 17 65 73 46 88 80 73 16 71 99 68 55 5 95 99 36 23 17 76 33 9 99 40 9 31 45 8 57 84 30 29 85 36 82 60 5 50 99 23 89 7 32 11 77 72 39 35 79 50 58 74 53 84 92 66 92 52 20 8 40 72 65
6 97 2 66 86 27 70 87 44 74 75 25 17 41 100 49 26 79 5 47 48 93 80 47 95 29 5 27 53 54 26 93 52 26 81 61 57 67 25 7 12 19 65 0 59 60 40 7 55 72 82 99 27 54 7 84 5 16 53 26 66 89 80 50 10 67 60 54 66 98 97 1 79 48 65 35 15 96 77 45 86 72 75 76 57 40 27 9 58 23 77 77 92 54 20 75 26 4 74 8 75 33 53 47 76 59 97 54 60 87 88 36 19 99 32 32 16 90 25
72 87 61 65 51 78 6 94 90 57 89 87 23 17 54 1 97 73 38 72 71 5 87 53 94 3 57 24 19 77 49 68 0 14 84 6 63 5 47 78 64 39 46 35 74 65 55 53 90 86 5 66 86 85 82 43 68 70 26 85 90 85 97 47 92 32 87 66 8 37 44 44 31 92 97 49 28 72 94 62 36 56 54 76 96 45 50 70 10 0 83 11 26 12 7 53 78 87 38 52 56 10 61 54 32 49 89 85 44 84 82 88 95 56 47 64 55 24 1
56 14 99 96 27 59 4 10 3 60 13 83 97 86 69 36 94 57 70 89 46 97 91 1 97 41 55 19 79 12 14 2 100 67 64 88 29 72 65 36 9 17 96 28 40 74 85 79 69 62 89 25 91 26 74 64 47 65 44 27 94 70 90 92 95 68 59 37 96 20 37 72 23 37 60 63 98 42 19 90 72 68 53 53 71 43 42 83 99 97 74 54 55 78 67 85 81 97 60 78 11 34 84 1 14 25 35 64 7 100 86 26 65 89 98 90 63 7 35
78 26 9 35 35 32 5 60 46 69 96 22 19 46 70 88 28 1 7 46 49 73 49 1 46 64 90 11 34 94 29 27 81 21 20 49 41 42 46 60 97 1 65 2 38 53 44 84 44 33 82 99 78 88 25 52 55 29 37 76 93 96 57 77 0 77 7 83 72 46 38 41 56 39 44 48 2 13 51 55 19 75 5 88 25 4 78 94 75 85 10 66 20 46 39 1 33 99 11 68 90 98 10 75 19 22 50 26 92 36 34 95 54 78 45 95 53 39 88
94 4 38 46 45 15 16 33 14 91 23 89 60 94 85 40 58 48 96 89 50 42 32 47 34 28 20 80 96 41 69 7 50 19 93 40 55 23 2 84 72 71 98 46 59 26 27 12 49 14 82 94 85 68 76 60 79 41 82 40 16 51 19 72 28 33 22 97 94 95 13 22 25 21 49 19 59 37 79 6 37 3 59 78 33 84 4 89 74 85 16 16 57 23 10 5 17 90 63 57 3 12 98 41 46 94 91 65 78 22 70 25 57 6 97 19 80 34 16
29 70 9 4 46 26 50 63 49 59 9 58 75 99 34 93 49 83 49 47 36 53 97 72 96 54 14 94 51 22 35 92 16 5 46 77 72 63 31 85 6 100 14 21 89 75 33 47 87 24 97 73 11 59 97 92 2 93 42 49 90 72 42 15 43 45 84 46 58 80 53 53 50 47 10 81 89 82 74 8 99 0 86 96 22 10 17 21 49 8 36 20 1 30 43 25 35 50 78 29 62 89 19 89 46 54 49 64 7 55 70 4 53 77 53 17 83 31 66
71 58 57 14 51 10 70 71 48 98 34 68 5 6 1 60 86 50 95 99 68 88 81 15 20 63 72 73 80 45 28 42 72 70 21 17 79 64 50 26 2 13 86 15 95 1 60 81 9 66 14 41 39 48 94 89 81 38 40 91 58 72 0 96 68 37 63 63 13 83 15 67 59 81 53 16 86 20 24 63 78 69 13 85 51 80 72 64 13 60 25 65 10 55 86 31 16 56 68 15 98 62 8 24 66 39 79 21 1 85 78 4 74 35 46 40 50 25 70
66 87 88 18 69 84 47 85 30 92 93 4 96 95 100 59 51 5 95 65 88 67 60 4 89 77 47 8 79 31 85 90 29 72 97 93 58 66 81 55 82 49 2 70 29 18 41 87 53 28 58 51 52 39 92 30 18 77 12 89 85 89 6 13 72 69 17 73 88 1 31 0 5 15 28 86 28 95 56 17 86 47 84 7 94 48 81 41 75 48 77 16 75 43 47 47 8 82 88 72 79 51 59 29 72 90 3 82 70 18 29 21 89 17 42 51 11 34 6
46 74 25 86 26 92 53 70 98 50 18 78 59 85 5 13 53 93 56 56 16 21 8 38 68 8 11 45 58 90 79 56 66 70 93 62 47 6 47 26 52 0 11 94 62 13 73 15 8 68 98 20 11 96 89 99 54 54 19 92 20 45 24 8 26 92 7 80 6 68 54 51 97 51 82 11 94 66 58 13 91 36 88 23 40 12 92 6 63 25 39 75 65 82 71 30 53 97 29 89 23 48 13 52 78 47 70 59 5 76 11 97 23 43 50 93 90 81 52
15 27 85 31 6 47 71 39 22 12 22 62 13 91 89 3 3 58 74 97 41 0 27 82 68 37 49 67 16 72 34 70 81 35 93 30 74 90 79 98 50 76 50 96 2 78 8 54 50 93 53 96 24 88 50 75 34 26 29 30 96 8 71 98 12 13 98 61 46 88 38 100 0 72 65 60 64 4 71 68 14 93 18 20 56 87 5 77 74 92 63 24 9 9 55 2 57 85 58 20 96 95 3 27 60 4 52 2 58 43 65 14 74 39 61 34 5 100 2
69 46 74 97 56 56 2 16 86 51 85 95 24 28 37 29 68 42 26 78 13 3 71 96 10 37 67 93 15 64 91 18 9 87 1 14 61 72 66 6 56 28 92 79 18 90 5 37 29 97 26 22 8 62 72 18 69 2 87 35 19 67 20 52 55 63 0 10 57 25 83 70 42 53 78 34 87 58 63 89 0 93 18 43 65 26 82 64 74 33 10 40 27 33 76 21 27 49 86 0 41 39 76 65 16 97 65 27 21 50 28 25 11 91 3 31 1 5 13
23 61 94 28 56 19 21 20 93 18 92 75 45 57 4 90 94 32 41 30 7 100 70 16 89 84 53 99 13 96 25 33 99 44 77 67 3 77 50 33 69 42 33 18 39 6 17 57 99 49 9 68 18 23 60 97 58 38 73 59 31 68 43 76 8 75 84 88 6 76 13 63 54 29 42 50 61 44 31 76 54 9 79 18 43 82 49 76 26 76 11 22 37 77 96 36 54 83 88 21 16 90 93 60 24 23 19 2 100 7 70 50 42 54 41 5 41 27 95
89 60 76 65 42 76 69 48 80 28 36 5 68 2 1 61 82 91 46 74 41 91 25 88 72 11 67 69 80 75 88 78 96 30 67 84 100 25 61 21 19 4 50 28 95 59 40 75 35 87 56 66 0 44 52 3 52 16 16 90 78 100 26 33 20 42 15 99 16 24 98 93 27 29 32 84 48 54 32 27 74 4 72 49 90 100 45 25 1 35 29 61 55 74 86 65 80 9 21 47 17 61 29 16 60 96 78 10 98 29 8 35 65 87 94 99 16 89 39
66 35 57 12 85 10 0 65 77 46 85 18 73 4 80 61 44 1 67 65 46 13 51 69 26 25 13 30 36 19 46 57 7 28 19 18 78 7 45 82 68 59 65 86 51 89 29 13 30 29 77 29 42 42 21 84 21 2 55 68 1 16 19 7 73 28 79 41 15 71 19 8 98 52 13 10 25 95 26 14 48 90 5 54 79 80 48 51 28 94 39 38 3 3 33 98 55 40 99 20 13 95 21 75 97 43 3 87 0 86 68 74 55 41 20 26 72 41 92
66 60 47 58 19 3 98 12 73 92 33 22 66 45 90 9 32 55 2 75 21 51 26 91 99 75 99 11 19 3 9 50 37 87 99 23 2 15 38 61 33 19 31 65 20 96 36 61 20 87 92 29 24 6 30 2 50 53 18 59 35 59 78 77 68 25 77 71 92 5 56 54 94 3 38 20 22 41 13 100 53 81 98 16 11 9 0 79 44 95 72 42 43 75 82 18 7 22 72 47 41 78 12 13 32 15 95 7 12 26 35 28 15 95 96 64 77 92 9
70 11 17 43 12 94 29 73 80 8 31 37 3 34 88 29 62 13 96 36 60 94 97 33 1 7 82 27 42 15 68 42 90 17 2 39 57 2 36 77 65 81 97 27 95 45 74 70 40 4 68 88 44 13 25 42 91 81 11 66 54 50 42 91 3 27 52 37 98 43 26 65 5 52 93 73 31 39 6 19 21 9 58 28 26 39 39 37 93 86 2 23 41 79 39 72 66 85 41 29 83 40 36 49 54 72 96 5 87 66 93 83 84 94 94 10 19 22 14
19 32 92 88 25 10 28 15 29 71 28 33 9 50 10 96 60 74 59 76 85 56 14 9 34 58 31 8 92 23 17 33 53 72 1 64 77 63 14 55 4 62 38 29 17 53 78 61 32 74 58 18 72 14 88 14 11 83 49 82 98 28 10 98 70 26 86 11 0 89 69 40 34 93 14 14 63 12 91 96 84 44 82 21 62 3 3 60 68 96 7 75 1 31 100 96 53 52 20 63 85 80 10 91 94 15 14 58 14 86 31 97 82 34 31 56 54 15 93
21 92 26 14 91 34 98 72 52 8 30 60 10 3 20 45 19 99 13 35 57 9 26 9 71 72 35 36 56 30 22 41 94 73 48 38 45 16 64 55 83 11 63 15 68 95 67 73 100 14 2 53 91 72 77 39 78 9 34 2 69 55 46 21 81 91 79 73 79 81 12 77 71 56 32 59 38 8 85 25 91 28 10 38 99 96 63 75 50 99 66 4 19 30 65 98 40 72 100 57 26 24 30 56 73 12 30 49 61 65 82 34 2 20 20 42 19 91 57
25 35 60 47 89 10 63 46 16 41 42 10 64 85 62 19 40 30 46 8 57 40 28 59 31 77 82 70 1 68 84 4 16 45 56 24 89 12 67 42 68 50 45 0 87 55 16 85 2 58 88 58 74 45 90 95 55 14 54 6 54 42 72 47 26 81 24 14 30 42 96 67 35 12 27 75 57 86 95 49 85 16 57 98 23 62 73 92 41 38 31 88 0 22 29 89 84 15 14 23 52 88 10 88 69 64 97 95 5 27 79 4 70 8 31 27 45 33 2
26 23 61 26 74 56 98 91 95 54 18 65 52 53 53 28 38 57 32 15 68 54 55 13 85 55 56 53 91 53 72 19 63 44 14 50 21 57 77 48 72 46 42 9 67 36 36 10 93 34 86 25 34 47 81 36 37 60 84 27 2 42 56 68 85 87 50 46 73 75 0 95 85 8 93 28 95 3 42 46 22 21 82 45 20 29 40 47 9 71 80 66 86 76 70 54 5 15 90 85 68 62 2 32 60 43 25 95 65 90 87 83 75 57 97 11 97 26 72
39 89 28 98 47 43 92 55 11 17 84 69 91 26 61 66 63 9 82 7 28 58 29 21 66 29 96 99 32 91 83 74 29 76 32 61 24 73 44 38 35 31 26 33 100 20 52 24 77 91 23 69 38 61 19 21 69 91 66 67 21 47 14 22 72 80 51 52 97 26 13 5 74 91 30 70 5 57 32 91 37 26 29 82 78 4 74 53 63 81 6 75 3 60 78 96 96 5 31 3 98 5 2 68 47 46 40 65 50 34 15 36 60 23 68 90 61 61 88
98 77 40 99 91 26 37 19 87 17 64 73 28 65 25 27 30 27 70 88 46 43 30 100 79 68 27 55 19 24 22 8 34 6 64 79 90 48 69 68 65 87 86 90 36 91 52 36 71 0 22 24 83 75 68 49 67 38 86 80 3 76 77 40 34 2 54 19 88 7 50 25 42 72 100 56 86 13 56 72 72 41 95 60 81 48 19 29 28 10 72 46 0 67 63 55 63 37 8 40 92 100 29 23 19 16 13 84 91 44 66 56 12 36 72 70 54 4 61
