51 60 94 94 14 96 98 36 89 76 89 23 30 70 85 93 51 45 9 92 73 77 93 33 1 8 64 53 41 66 57 75 44 8 69 71 96 25 10 17 93 73 52 58 89 69 22 27 76 95 96 19 93 95 56 12 35 28 5 10 22 9 97 79 94 67 92 22 1 45 85 47 39 52 62 48 28 42 53 9 54 68 15 8 42 31 88 66 32 93 71 96 7 81 5 52 64 35 52 60 13 60 71 54 60 53 59 17 63 15 28 29 19 71 39 2 44 29 82 24
67 56 9 19 58 25 93 8 41 11 48 59 13 76 69 87 67 55 29 30 8 89 66 49 40 98 37 14 97 48 34 19 62 42 72 48 87 29 76 57 98 75 13 85 67 15 61 64 6 37 59 69 98 7 39 3 60 47 49 77 68 24 70 61 7 98 92 63 72 8 74 84 13 35 39 47 88 72 55 85 44 8 8 5 34 51 23 86 43 88 5 79 91 47 38 59 14 91 41 50 46 50 10 99 29 14 99 4 94 8 36 82 94 42 83 5 11 79 25 76
50 31 82 15 28 38 60 51 30 41 2 53 91 58 74 8 42 93 40 54 35 71 13 55 52 12 5 47 61 82 65 15 75 11 4 88 67 88 41 73 50 26 30 20 66 52 62 9 67 18 59 51 47 46 33 11 82 47 73 47 31 37 88 76 66 28 29 35 43 59 100 6 13 65 61 50 99 73 56 95 68 34 74 41 40 44 94 62 80 72 68 78 44 4 81 36 97 58 15 97 73 99 73 73 87 82 88 44 15 13 33 94 51 17 71 8 16 77 35 33
94 74 32 54 40 49 39 4 64 93 71 75 82 6 73 20 72 41 88 84 39 98 7 41 92 70 58 68 17 36 2 83 76 2 31 58 79 34 34 11 60 21 94 60 48 82 54 58 32 9 91 59 45 55 37 89 97 7 6 1 36 17 83 7 28 13 84 42 86 65 93 61 17 40 42 25 18 98 18 89 20 14 46 16 27 77 75 22 98 61 2 12 41 49 43 85 23 43 56 39 50 67 90 85 2 15 21 16 45 99 57 14 73 71 47 5 71 57 42 4
50 81 48 67 47 82 95 18 45 38 4 68 23 55 81 93 96 45 22 18 49 84 11 2 89 5 69 64 6 7 82 19 23 11 98 62 33 78 97 32 38 94 14 93 91 99 64 33 19 59 57 85 85 55 50 94 27 56 88 5 46 33 89 47 35 71 65 1 6 27 85 90 94 88 47 12 45 11 28 35 75 75 40 70 59 36 60 82 42 69 30 61 8 5 52 47 4 3 72 80 56 40 65 81 34 78 65 36 75 23 49 88 59 73 26 94 88 22 0 77
51 81 79 49 58 47 63 85 46 100 9 93 4 26 48 87 76 83 1 1 23 94 23 11 16 62 88 98 51 72 89 2 69 86 0 71 99 93 85 76 84 13 36 81 61 8 12 33 19 44 37 79 20 12 27 2 48 45 82 2 39 30 43 96 1 49 82 86 93 24 64 6 23 27 59 19 74 16 15 59 16 23 52 72 9 73 78 57 0 74 42 88 22 45 99 70 77 68 78 77 0 78 89 48 0 46 13 38 55 69 34 70 90 69 51 56 43 28 63 97
54 85 13 99 45 63 48 100 94 38 77 44 99 39 53 84 41 27 8 6 8 97 66 72 36 49 86 54 96 37 98 99 3 99 8 12 25 63 93 30 47 95 48 38 49 52 36 95 62 23 63 16 80 74 97 19 76 47 31 55 86 72 43 49 8 23 56 91 93 51 35 3 98 10 5 33 57 84 0 34 19 36 25 32 25 24 35 83 68 29 52 28 43 85 47 38 79 66 49 55 22 50 77 1 37 43 36 68 61 14 44 31 29 75 82 38 52 72 12 27
85 47 12 73 44 10 34 22 79 24 59 42 51 47 60 46 8 48 82 78 40 52 52 4 35 10 26 9 12 2 14 59 22 24 25 44 64 38 37 60 28 92 69 46 28 69 56 49 1 33 69 81 29 58 64 24 46 1 25 71 28 43 30 92 58 95 25 1 60 13 36 37 24 61 91 0 70 85 100 7 81 13 80 27 1 48 24 4 91 100 95 88 29 16 17 53 24 54 10 33 18 1 20 0 8 53 76 9 52 79 17 54 19 30 13 76 14 40 70 46
4 13 8 7 8 10 31 30 90 52 33 20 94 47 37 27 33 33 12 19 76 86 16 10 37 25 96 57 77 10 55 98 66 73 31 75 10 58 19 36 99 96 97 72 10 5 46 73 80 17 3 5 83 5 46 64 24 14 84 29 79 87 22 46 97 16 93 85 78 17 19 40 59 96 35 39 29 2 77 75 74 23 34 28 20 67 77 17 25 16 51 77 91 71 29 84 65 11 20 26 43 17 61 38 84 24 92 38 50 93 86 23 26 27 80 84 96 70 18 49
84 95 2 30 65 49 86 61 99 40 78 60 26 18 45 29 29 100 91 70 5 18 73 61 90 30 55 50 39 26 38 12 5 30 19 42 36 76 83 98 14 29 93 42 48 77 40 85 18 6 35 3 56 75 20 46 11 57 98 17 16 8 90 99 83 29 18 45 32 18 81 31 64 84 28 95 11 68 91 49 40 46 45 29 38 55 15 70 83 72 65 73 71 34 78 58 53 70 67 1 39 16 21 12 5 23 9 20 90 71 34 51 85 56 42 71 56 83 50 71
93 43 2 86 16 59 18 99 0 45 55 4 58 38 70 40 40 46 27 96 28 83 55 32 63 2 39 65 72 44 95 84 41 29 28 19 63 98 8 41 33 67 97 42 76 31 66 53 25 94 21 59 82 63 43 29 98 95 41 68 4 91 54 23 32 98 43 6 70 28 76 50 47 23 60 26 96 30 69 62 73 17 16 38 81 96 19 61 90 50 40 47 99 0 76 25 6 97 58 43 25 35 25 87 76 7 17 24 96 100 23 16 31 52 72 51 29 88 24 79
67 50 94 76 52 46 50 55 48 30 55 62 29 5 51 2 32 6 68 52 76 1 11 26 88 11 36 2 27 9 50 77 9 76 51 61 99 31 89 54 80 10 80 50 23 60 70 75 88 59 27 72 53 73 76 64 0 33 38 25 61 93 56 14 23 3 92 46 89 34 85 73 37 91 11 90 43 75 24 11 80 13 18 39 100 30 37 22 34 59 63 25 72 45 62 60 38 91 86 58 16 7 37 80 18 88 60 88 49 54 31 75 53 18 24 91 63 44 22 11
23 4 29 97 54 59 96 86 79 61 95 96 57 32 58 64 13 33 98 57 62 29 35 57 35 43 23 78 86 7 72 85 46 81 25 59 85 14 50 68 66 19 26 90 26 32 35 58 18 23 90 38 50 60 58 55 85 37 97 70 78 62 20 70 49 73 80 79 9 86 24 20 8 60 38 73 49 14 56 50 70 52 9 3 45 20 93 81 53 67 64 29 85 25 50 32 41 26 67 69 62 83 3 79 27 86 97 56 1 95 73 89 6 9 0 98 12 61 31 46
58 66 100 22 55 20 55 14 88 48 51 9 50 82 15 46 34 2 32 33 44 6 57 15 79 48 72 38 63 65 63 75 29 12 63 93 96 86 96 77 77 47 62 48 31 2 74 82 75 59 81 15 62 8 55 45 47 73 14 31 88 76 78 79 84 59 41 18 97 40 1 36 16 23 1 58 71 40 24 6 20 99 0 26 3 54 84 63 98 39 58 53 96 92 82 41 27 18 19 35 40 29 18 62 22 81 21 74 80 3 66 54 48 61 53 7 51 67 99 52
24 22 19 18 0 53 94 92 34 20 85 80 39 11 33 34 22 47 90 68 15 33 12 56 45 38 100 54 48 75 73 61 35 57 17 64 53 82 61 46 68 22 100 90 91 20 62 14 44 20 25 58 15 75 35 65 57 69 70 8 63 27 48 11 11 47 6 21 87 14 25 50 2 42 0 93 19 44 67 32 7 31 41 18 86 20 25 30 24 31 72 6 89 14 23 93 20 92 80 18 33 24 43 64 95 87 13 91 11 78 25 3 40 54 40 44 62 55 47 33
75 32 77 59 40 73 57 94 28 65 61 23 73 91 81 25 26 55 96 5 20 34 44 61 83 17 14 39 66 100 2 71 84 24 90 59 59 89 88 84 25 23 25 30 47 41 59 64 49 34 62 52 63 88 20 83 43 33 31 15 50 71 40 35 82 50 54 92 77 99 50 23 73 50 18 91 19 76 81 41 29 97 95 36 71 53 13 16 42 13 89 59 84 67 64 1 25 5 88 83 12 1 50 60 23 95 43 51 36 1 87 50 48 64 56 62 60 15 63 72
39 71 98 10 84 29 32 84 72 68 32 17 71 74 26 28 54 66 10 15 42 41 78 74 70 19 68 10 65 84 70 88 40 41 86 94 66 35 7 2 11 60 52 97 18 98 1 64 23 11 18 57 24 40 97 54 15 61 51 67 73 42 92 20 92 13 23 85 72 20 43 7 22 35 5 2 94 66 70 37 2 58 51 10 99 20 56 21 74 53 63 17 47 68 20 76 29 54 19 92 97 9 49 25 60 45 86 0 69 51 10 27 12 96 44 30 64 7 90 50
8 1 70 72 20 5 36 87 6 38 67 9 96 91 74 98 16 9 64 6 77 62 25 77 17 6 7 1 37 63 37 55 52 75 61 50 59 86 81 56 91 8 46 63 22 29 13 86 55 8 80 59 72 87 11 63 50 30 15 74 65 68 63 22 36 80 90 50 66 10 21 93 73 28 69 33 72 26 88 52 1 27 51 92 87 23 47 79 35 72 24 49 82 50 6 67 37 46 0 93 22 37 87 96 20 98 6 36 14 31 59 73 93 25 10 4 94 29 27 13
55 34 11 20 35 14 41 24 22 27 97 19 25 42 47 23 92 2 2 34 40 97 61 23 13 1 74 59 32 39 66 27 37 40 60 27 54 49 36 92 24 24 82 67 11 47 88 31 65 7 7 60 56 49 26 94 49 65 2 92 71 14 77 71 35 28 59 54 43 67 8 90 59 6 14 9 15 12 24 73 62 6 89 17 67 31 57 42 30 6 56 42 46 15 79 30 38 81 4 26 87 98 46 24 59 91 55 96 55 36 60 99 15 39 96 7 10 76 3 16
85 11 12 9 2 94 75 29 41 6 50 4 35 86 63 23 18 93 22 77 28 7 51 69 33 90 67 73 22 64 98 17 23 5 60 10 82 72 53 5 40 51 72 98 99 9 94 41 11 3 25 47 85 64 2 69 85 87 56 31 58 77 23 69 82 63 12 23 5 93 10 6 60 8 41 20 100 87 48 73 33 7 18 78 43 66 53 61 23 20 84 89 97 12 58 14 35 93 46 43 71 49 29 6 67 79 82 51 76 37 4 48 47 37 16 44 53 79 47 43
10 41 33 85 72 39 41 89 13 14 45 43 5 46 29 42 74 2 65 50 56 6 19 94 95 83 9 42 54 94 32 22 90 8 92 5 20 100 26 32 13 43 67 14 3 34 9 23 10 97 74 63 40 28 68 10 56 33 46 70 56 6 76 63 68 29 0 32 22 94 58 27 64 70 91 94 74 93 34 23 43 84 55 0 50 86 4 68 47 67 74 78 15 79 0 100 18 89 17 43 49 100 90 63 10 3 64 1 51 21 100 43 31 66 55 81 58 6 45 82
53 4 11 69 16 20 76 18 51 88 7 81 43 43 48 78 47 35 45 2 80 39 69 29 67 86 67 76 26 23 89 88 99 66 0 43 3 88 34 30 34 20 80 97 93 3 19 12 31 56 36 9 73 46 68 18 59 2 98 79 94 8 9 23 92 38 79 43 92 58 41 37 37 74 43 46 2 86 56 18 70 95 81 82 53 86 16 2 29 81 83 97 56 28 65 26 45 78 49 41 68 4 5 44 99 23 39 54 13 4 78 18 58 27 90 47 52 38 56 63
21 3 42 99 40 58 38 9 41 13 43 68 35 22 8 27 90 61 43 26 49 97 93 99 76 47 17 6 20 56 11 81 56 20 2 68 32 8 75 71 28 48 54 40 95 94 87 48 5 28 78 44 94 57 55 75 70 17 45 63 80 2 15 13 49 9 38 47 91 73 53 20 1 55 35 46 83 60 82 56 77 84 16 13 7 69 19 20 86 26 10 75 25 66 9 42 67 91 8 80 98 36 85 75 11 26 79 13 92 17 36 9 78 10 23 25 28 55 26 81
16 22 42 47 91 90 43 21 71 54 92 59 48 65 4 34 87 56 99 4 10 54 95 28 83 87 34 33 58 21 15 77 35 3 14 96 9 14 73 18 27 28 59 88 49 40 32 87 50 44 17 72 13 92 33 68 59 72 11 51 89 59 65 53 62 30 23 72 45 80 60 36 63 27 26 61 63 31 97 35 68 51 5 73 90 91 36 22 77 77 95 93 82 45 66 96 31 91 35 69 54 14 72 56 44 51 71 83 79 80 30 25 74 40 9 25 11 32 9 96
43 100 53 78 16 86 3 85 6 56 75 93 96 35 49 63 70 30 26 66 87 68 55 36 51 29 32 6 21 80 100 77 60 66 83 85 73 52 75 32 65 82 73 81 21 39 48 7 91 73 70 81 84 1 65 66 20 72 37 6 40 77 68 72 10 98 94 43 31 70 32 58 70 75 39 61 21 77 6 78 89 49 14 81 28 56 58 58 78 2 82 46 27 91 32 14 87 35 94 9 74 48 86 19 25 92 65 98 31 76 16 36 19 91 38 80 71 80 98 95
3 100 63 27 65 40 51 27 2 65 2 82 45 40 69 10 8 74 23 49 89 75 48 92 91 67 34 90 76 42 100 64 39 50 72 66 82 30 83 8 45 33 1 72 98 67 35 39 10 21 76 13 30 95 72 34 30 96 37 55 38 37 65 52 20 23 84 84 14 45 70 31 50 18 2 57 42 46 74 100 50 60 87 69 100 63 35 72 71 58 100 90 59 57 9 53 22 51 49 22 81 68 44 70 35 47 57 99 63 32 77 55 60 33 42 64 44 63 79 93
59 24 30 85 62 60 71 74 82 0 65 5 76 11 83 96 14 19 75 48 8 35 80 32 89 57 9 84 16 44 41 40 12 72 13 92 30 85 17 75 70 74 67 1 69 41 43 72 98 42 13 4 3 15 67 97 33 4 78 77 30 90 20 82 18 48 34 22 21 73 80 41 78 85 78 4 49 57 97 84 39 98 61 78 47 51 82 28 49 31 100 86 51 89 22 19 45 8 24 99 76 23 72 97 16 42 0 23 96 7 50 41 9 67 11 64 7 25 46 24
34 37 37 20 47 77 86 25 25 83 54 49 24 42 28 21 94 88 63 24 21 21 18 34 15 13 12 3 30 69 96 23 55 47 67 12 81 48 59 19 62 42 88 7 34 84 24 6 89 18 28 73 17 0 87 63 66 82 39 81 32 9 11 87 57 47 39 81 27 72 76 65 6 73 43 83 90 68 1 4 0 96 58 44 9 49 61 75 36 54 40 24 19 67 99 10 82 78 87 89 91 69 60 15 2 74 18 88 76 8 10 24 48 52 43 28 4 76 74 20
36 21 83 23 94 60 13 59 95 1 13 68 92 88 63 55 73 95 8 12 55 97 44 31 34 20 56 70 41 65 25 45 51 24 89 22 37 58 34 52 78 89 37 18 4 91 13 17 19 81 17 25 95 49 90 66 15 81 26 79 77 100 47 22 5 66 76 22 38 72 78 83 4 50 29 90 51 39 83 62 76 0 0 82 39 17 18 86 30 78 25 8 11 48 41 56 35 29 66 20 85 26 74 54 57 64 97 55 20 35 82 57 7 98 77 33 56 30 82 32
41 97 7 51 49 98 81 41 38 0 94 15 68 3 3 30 86 54 34 85 59 28 59 85 35 22 51 96 89 66 78 66 58 64 74 51 34 62 81 88 39 0 76 3 59 61 39 65 14 98 62 99 32 62 93 66 68 100 74 79 22 78 5 76 15 71 16 49 49 45 95 11 60 51 57 70 52 43 74 2 91 52 8 62 67 92 26 90 99 76 65 6 56 95 76 37 72 14 97 15 50 7 73 41 75 13 73 51 55 31 2 24 45 52 47 62 38 89 97 79
54 51 71 6 26 54 58 84 10 27 77 49 36 76 56 69 28 10 38 83 61 93 56 73 33 78 54 70 41 32 99 23 61 97 98 25 65 2 80 38 92 3 79 92 33 89 54 23 8 9 65 37 6 34 22 29 58 24 19 1 7 24 71 32 95 87 81 6 85 80 80 83 13 65 21 15 94 60 27 58 92 8 8 69 6 79 56 4 78 87 49 9 26 74 31 61 7 42 22 60 47 56 18 7 93 20 23 23 14 92 84 78 9 53 19 20 7 26 56 1
38 66 41 66 3 5 54 55 28 45 47 55 94 61 12 35 71 58 35 97 97 4 34 88 98 16 8 31 88 28 6 82 52 6 56 63 25 72 79 92 49 1 31 38 71 87 7 63 68 34 82 1 77 69 92 50 50 56 96 21 32 91 75 97 36 15 68 91 59 6 90 85 43 37 43 97 16 55 44 41 30 62 18 3 68 72 28 27 14 27 71 51 18 19 83 29 85 82 0 98 98 82 15 65 20 55 62 1 77 45 98 12 94 37 22 2 58 70 37 30
34 9 82 85 76 16 14 24 19 43 14 21 31 42 40 56 83 40 30 47 9 48 67 74 13 73 63 80 14 58 21 70 97 92 33 12 79 32 88 57 45 47 34 21 62 19 4 6 8 19 96 11 84 45 70 42 94 42 60 20 10 54 55 15 77 63 73 19 25 77 74 93 52 3 27 93 56 35 74 78 59 90 66 38 36 67 31 6 90 70 3 64 56 83 78 87 56 73 70 21 33 20 80 1 85 91 84 74 31 25 52 63 74 3 79 77 56 62 76 84
22 19 87 71 54 64 73 68 69 51 48 92 30 84 74 60 10 50 86 0 63 86 5 51 13 0 22 41 58 59 99 96 47 24 50 47 67 9 77 14 48 7 96 67 14 85 61 20 26 68 46 37 71 7 30 3 35 55 37 6 41 33 85 98 73 30 41 82 61 55 63 20 95 14 72 99 3 57 48 11 69 39 13 16 9 73 58 37 90 56 31 25 56 59 47 57 7 12 1 29 55 31 49 29 79 58 2 75 15 97 75 88 68 44 62 54 81 84 42 13
39 99 12 100 50 80 34 81 11 88 73 91 74 7 4 73 49 1 83 10 77 50 82 39 67 85 71 15 33 33 23 83 84 1 39 63 68 7 73 9 58 64 39 23 12 79 43 46 59 93 10 0 27 49 49 10 64 83 20 54 51 57 52 60 63 95 37 70 82 48 15 28 71 30 16 52 67 62 3 50 18 25 8 80 81 68 86 11 7 13 45 65 46 72 100 83 70 9 9 82 42 28 34 40 82 86 89 20 29 10 79 89 58 74 95 22 93 4 32 40
88 25 4 72 59 12 3 53 23 41 71 9 33 23 44 93 60 26 33 90 66 50 38 19 54 34 90 83 6 76 67 85 4 49 85 0 86 44 5 60 2 79 4 32 43 9 67 68 1 39 45 19 67 40 28 24 53 64 10 54 5 21 14 78 80 34 51 92 58 19 40 92 42 54 18 75 84 77 41 55 63 35 18 33 84 96 35 64 50 14 26 47 48 97 40 23 52 90 25 99 19 70 26 27 25 89 19 30 75 36 25 34 33 21 44 91 68 16 25 25
40 38 73 11 21 0 23 16 97 45 62 54 25 92 94 5 37 67 70 79 59 34 68 31 46 67 94 25 94 31 56 40 62 87 94 70 66 40 10 16 20 20 47 87 22 19 67 66 76 100 0 70 47 20 40 78 24 10 25 5 40 26 48 29 82 0 75 74 80 57 33 54 54 57 85 58 41 74 28 81 70 10 75 30 41 58 19 38 15 51 8 36 52 64 34 40 8 26 97 63 21 60 45 60 10 96 68 89 41 12 79 97 4 87 22 9 85 16 93 92
30 17 8 59 1 18 42 56 3 51 38 90 18 85 46 9 28 18 14 93 3 84 72 12 32 37 72 97 84 8 77 56 42 27 75 64 74 88 55 44 84 26 27 61 42 73 72 74 72 83 98 58 48 87 73 37 84 78 85 83 88 29 39 60 34 61 46 91 45 44 63 2 95 98 53 19 48 41 13 22 27 48 81 0 34 95 75 11 80 92 89 13 16 45 56 85 88 33 60 32 71 25 43 77 89 4 55 63 46 49 41 4 72 60 28 24 1 5 0 62
69 1 78 59 94 69 18 22 77 73 89 26 84 91 70 97 52 38 12 9 86 36 75 32 14 53 52 0 17 95 91 41 85 34 57 81 88 54 89 78 87 83 64 19 84 7 100 53 13 43 35 46 90 68 25 55 77 7 7 18 36 29 35 91 62 14 28 54 5 82 37 91 59 10 5 26 34 28 82 73 46 50 69 52 4 29 63 19 13 62 8 84 46 45 66 43 47 51 63 91 83 14 61 33 26 75 89 93 17 88 0 86 38 38 90 80 58 38 92 95
66 9 38 27 13 37 68 2 2 66 59 11 38 14 7 18 36 84 52 16 7 53 6 7 15 2 65 10 47 80 59 55 5 26 35 37 34 67 97 78 55 89 93 36 100 84 45 4 80 85 41 53 38 45 27 100 20 75 74 48 82 95 13 53 27 59 79 82 46 8 47 92 85 50 11 40 23 58 82 38 65 41 71 74 1 49 31 9 89 93 39 7 22 99 2 63 96 83 73 71 30 28 45 60 45 58 7 47 57 36 33 78 70 99 15 84 57 96 64 53
61 27 91 94 99 54 80 34 61 9 70 27 71 52 22 16 87 38 85 21 33 98 48 55 12 51 71 34 29 47 51 11 84 48 4 3 89 54 2 89 17 27 12 17 83 27 39 66 19 13 69 90 77 2 94 31 12 48 54 58 11 79 75 59 92 30 93 9 35 1 25 7 61 83 11 49 71 95 57 92 31 75 80 44 96 43 95 54 59 79 92 67 11 16 19 78 12 2 23 53 60 78 17 0 45 38 32 3 94 18 35 95 69 100 5 31 63 45 92 94
73 37 28 35 6 98 36 24 96 93 59 78 54 8 21 70 2 24 67 98 1 70 15 31 94 62 29 1 11 92 43 37 67 39 19 39 90 19 73 19 63 99 54 87 8 90 23 42 3 96 57 38 81 1 34 53 18 95 19 52 69 33 75 84 73 66 25 58 34 7 47 25 27 53 99 39 7 46 46 52 94 84 34 75 50 45 46 15 33 49 36 83 16 31 90 47 50 54 76 92 54 51 44 81 11 71 76 2 92 77 38 1 85 58 85 6 14 70 88 55
34 98 9 9 1 69 72 34 22 98 73 0 61 19 65 11 68 26 93 17 10 16 13 29 39 21 38 68 73 58 36 17 69 21 13 1 74 7 91 73 31 7 97 86 57 98 84 83 11 85 48 20 68 87 33 14 43 76 61 2 1 61 43 37 89 50 91 98 70 55 28 45 51 89 37 47 91 81 9 52 54 55 29 59 33 44 76 5 42 63 59 38 95 35 66 34 78 75 67 15 65 54 38 54 33 48 2 26 63 43 4 31 81 37 22 48 19 98 62 90
20 45 25 27 60 4 95 64 37 88 41 12 17 60 63 6 29 41 11 1 53 68 68 1 51 27 25 54 37 7 70 21 64 43 55 43 46 88 16 6 99 37 62 1 50 91 72 83 85 63 87 34 3 33 16 9 31 94 43 44 29 86 77 38 96 16 53 44 18 47 96 46 92 26 37 61 58 18 1 15 9 99 6 53 44 67 48 11 66 75 33 88 70 29 65 12 55 61 60 80 14 11 11 89 32 98 13 34 94 44 19 52 38 17 68 37 58 51 68 14
14 12 31 50 32 72 93 23 40 73 11 76 60 68 23 84 56 97 24 76 0 73 72 2 74 94 40 25 32 69 55 49 83 61 99 81 84 84 94 28 62 51 11 10 13 71 48 13 56 25 8 70 46 74 49 60 19 87 11 90 70 90 88 17 52 74 58 46 61 93 100 60 46 44 70 15 2 17 13 35 92 25 53 25 100 2 27 32 73 62 81 51 23 20 23 47 69 0 95 31 16 68 87 64 82 75 61 75 62 32 60 86 20 29 49 57 41 64 97 20
28 95 71 6 21 94 54 61 91 27 36 19 56 26 68 17 16 9 70 9 99 27 85 90 85 40 8 17 59 34 39 7 75 16 0 13 64 66 15 60 73 93 50 22 11 64 1 48 71 58 24 72 63 48 25 10 61 32 65 55 8 68 74 80 30 1 10 93 56 23 55 41 67 14 19 17 10 54 27 4 43 13 78 22 16 51 36 19 86 11 70 37 73 25 31 42 67 78 64 16 90 76 39 90 49 53 15 35 27 19 32 89 55 32 85 51 40 52 80 76
92 100 33 81 0 65 23 33 69 77 59 68 87 17 5 100 72 83 65 74 61 59 0 95 64 48 56 68 24 74 69 36 25 60 72 74 77 34 14 73 79 79 39 57 92 40 59 91 32 19 62 66 98 72 45 85 45 92 9 52 37 26 32 55 74 7 92 23 48 18 70 32 4 62 6 35 73 30 26 99 49 33 7 35 23 38 69 32 4 71 61 17 18 37 97 48 5 34 82 32 4 67 58 78 24 92 90 2 40 37 44 36 85 26 13 75 84 43 62 79
29 61 61 77 84 80 35 18 24 4 27 55 85 86 45 27 88 20 100 56 40 35 93 39 68 24 88 4 5 79 10 96 78 17 18 99 3 66 78 5 52 79 46 60 44 13 38 23 2 79 73 33 100 37 35 95 1 55 14 17 65 37 54 24 78 19 0 5 47 35 51 14 62 54 80 21 94 16 32 5 12 94 15 19 54 42 51 51 24 84 87 100 65 22 49 14 95 24 16 91 29 73 62 27 6 84 95 32 22 61 60 77 32 100 62 84 16 95 7 65
68 21 19 7 14 8 9 2 1 19 80 20 77 38 58 27 68 19 78 41 47 57 95 79 0 51 44 84 0 32 96 80 54 33 87 55 93 4 77 43 97 42 19 9 89 2 15 16 98 97 11 83 85 55 8 6 45 96 7 87 72 69 19 32 36 58 65 88 33 20 0 60 18 89 91 42 70 58 95 56 83 56 28 25 5 4 75 49 12 52 19 59 98 45 81 74 74 64 75 18 73 64 51 79 70 66 33 79 35 36 64 4 5 35 72 82 1 89 82 40
91 28 29 87 26 78 80 96 57 25 99 82 75 86 95 19 31 79 66 9 6 1 50 17 7 82 80 46 67 37 43 54 73 25 17 74 3 21 17 70 34 24 59 57 12 85 96 88 65 68 48 17 44 6 69 37 76 26 19 74 4 50 0 1 62 74 56 99 0 93 39 26 5 60 96 66 91 41 43 52 21 19 10 10 35 6 38 74 13 41 30 37 96 77 51 71 84 80 48 7 80 90 44 49 6 53 70 48 86 31 10 5 42 23 28 8 1 77 29 73
6 44 73 44 84 66 36 1 27 63 90 12 27 99 38 23 86 6 61 98 17 15 91 94 38 62 72 91 59 37 45 12 3 25 4 6 33 55 2 37 64 47 66 33 52 1 57 71 99 41 62 14 83 7 20 16 10 30 0 34 96 95 33 57 92 55 10 42 53 100 33 33 9 99 78 18 86 98 13 69 83 34 52 13 87 17 84 21 26 49 39 74 72 20 13 74 16 67 89 87 24 13 84 90 10 30 55 21 94 72 30 6 59 38 31 84 60 60 80 83
60 68 21 66 91 14 1 69 12 24 33 67 64 58 8 63 76 34 46 97 78 63 89 1 19 46 92 33 37 65 61 16 66 69 72 0 13 10 90 37 5 6 16 30 8 91 14 15 7 53 95 19 52 84 96 99 21 100 5 66 19 65 5 13 96 23 22 87 20 28 98 77 95 98 19 95 11 55 0 54 92 3 43 4 10 12 23 14 70 34 57 2 16 48 49 52 2 3 96 63 19 43 19 96 59 89 90 38 17 12 94 96 80 13 97 15 64 30 89 34
41 34 15 86 90 25 93 85 86 19 63 71 10 63 43 22 0 84 65 78 59 49 88 8 23 59 43 73 91 10 70 64 52 28 77 52 55 71 21 80 77 87 52 18 81 2 97 27 2 29 22 91 87 94 12 62 82 12 30 56 79 5 37 86 26 47 44 46 2 98 58 71 81 60 89 93 43 30 21 71 87 49 96 65 37 97 88 24 7 18 98 48 97 12 33 74 90 1 59 21 37 27 75 51 74 55 91 91 74 53 55 88 4 100 61 25 88 50 40 83
43 74 60 36 42 92 16 87 14 80 49 34 65 8 96 64 97 44 5 27 69 46 20 35 35 87 15 72 49 15 50 30 69 50 71 15 23 22 54 85 78 73 58 22 72 1 40 93 66 36 23 89 57 53 41 48 80 5 23 63 63 60 14 48 25 34 58 21 22 67 27 37 63 11 34 69 28 32 65 16 52 27 5 14 81 21 28 73 24 29 60 61 93 64 55 62 93 46 44 57 39 15 42 68 59 57 94 96 42 69 24 93 21 47 21 47 42 90 96 58
86 98 33 13 68 91 83 4 45 91 98 77 39 57 6 2 34 13 36 14 91 12 56 73 38 36 26 44 8 96 22 68 81 85 35 100 16 41 53 70 96 1 100 6 33 84 40 11 21 1 93 60 58 8 74 54 39 67 82 37 31 7 47 5 42 75 69 36 15 16 52 45 3 93 4 99 51 24 59 20 94 78 70 41 19 24 51 86 98 53 29 82 18 12 15 77 35 72 10 35 60 95 58 14 29 21 0 96 66 14 97 84 35 78 82 21 32 41 91 20
8 39 42 12 89 99 38 9 4 39 83 32 58 95 4 89 24 59 44 50 19 100 25 78 2 98 88 38 32 74 56 89 16 54 32 46 50 88 89 100 92 12 36 11 44 54 4 53 47 2 12 99 95 62 93 86 94 44 1 7 13 10 59 70 67 50 70 6 78 80 55 20 13 32 13 49 7 8 59 8 16 94 75 20 91 37 47 70 25 79 58 22 88 43 74 56 77 47 54 39 19 1 18 36 35 58 77 88 33 75 28 54 81 89 61 82 68 24 10 85
36 50 37 84 26 78 81 57 20 44 97 79 90 30 54 40 28 10 53 90 75 95 8 16 62 45 69 54 45 46 77 10 99 41 11 59 57 18 26 65 32 74 55 38 41 3 69 55 53 78 69 49 65 27 9 15 3 59 57 61 1 68 18 4 99 77 52 85 70 98 40 81 97 92 53 54 16 61 13 75 77 83 16 9 79 12 12 42 96 9 30 22 57 83 25 41 76 52 18 23 59 31 49 60 43 98 50 53 68 63 94 61 96 71 53 25 38 57 89 40
31 20 10 81 6 1 13 5 40 70 85 88 25 67 94 23 28 14 48 75 30 78 68 95 80 96 91 12 84 43 30 61 98 43 40 62 20 46 65 21 42 65 41 68 49 9 44 42 100 64 89 59 19 4 23 38 64 80 20 92 36 41 83 6 27 49 1 12 91 11 85 54 56 45 79 12 74 3 6 36 63 42 27 2 71 34 91 98 13 58 74 20 89 40 33 42 80 89 30 56 26 74 70 81 86 38 8 86 79 78 32 35 92 37 75 20 94 77 44 35
88 1 81 100 17 29 63 27 87 42 76 22 40 37 18 84 14 21 52 13 40 68 24 86 20 96 35 61 47 15 9 85 37 41 54 15 62 14 23 99 51 81 64 91 95 1 44 61 18 5 34 80 51 93 81 37 4 79 50 14 14 92 49 62 29 37 86 12 36 34 7 25 14 23 5 65 91 4 42 41 74 16 13 32 81 62 18 87 74 43 75 54 93 29 45 100 16 41 98 68 13 92 12 72 66 41 31 77 86 85 22 15 3 48 53 53 68 5 28 60
90 36 88 21 74 80 52 64 42 100 57 100 88 95 74 82 58 0 21 42 73 56 50 5 47 73 10 94 31 30 40 26 52 36 54 7 14 11 86 30 90 35 75 10 7 49 56 72 74 7 18 14 91 0 91 54 11 63 77 89 26 50 14 84 40 30 0 50 34 9 15 35 24 78 2 22 10 28 30 4 7 68 29 44 36 75 96 49 100 47 87 59 96 87 23 84 68 60 92 18 80 32 15 100 21 4 95 41 43 53 95 31 35 9 24 85 1 99 30 100
53 83 84 64 23 21 14 57 39 55 96 28 66 85 68 20 4 10 69 13 28 74 27 16 37 13 55 45 39 93 11 67 15 49 72 96 62 12 57 48 19 6 52 39 26 37 12 30 67 66 34 79 80 16 31 38 95 62 89 75 22 76 75 12 49 12 31 83 64 70 81 29 59 18 87 14 54 4 56 80 48 42 67 57 40 85 48 35 99 51 77 4 17 63 86 17 0 51 49 34 20 1 31 7 35 32 7 62 4 45 53 58 74 58 35 34 66 86 85 51
88 6 22 44 34 43 23 87 65 76 31 70 44 15 21 17 12 71 77 82 27 81 98 34 89 1 2 5 3 28 15 10 38 60 37 33 84 1 42 13 36 100 18 94 1 65 69 28 82 22 26 53 79 10 57 41 11 24 83 63 15 96 42 5 91 65 75 94 66 83 97 38 35 32 66 93 34 86 37 98 64 35 75 89 66 31 19 31 23 77 5 15 5 85 35 49 74 75 50 63 6 10 83 2 69 99 28 85 60 76 61 90 51 55 87 34 7 25 95 99
0 12 48 3 9 32 57 96 24 34 96 50 13 26 8 10 67 47 100 79 70 21 36 7 45 97 10 12 33 36 29 89 12 84 8 15 87 24 14 80 3 12 70 56 61 38 38 22 17 72 15 96 52 10 5 55 23 71 36 81 61 11 61 12 28 61 14 72 39 18 43 86 22 19 71 82 29 95 20 57 68 54 0 28 32 31 26 10 51 28 12 4 72 73 20 68 21 54 68 9 25 40 75 7 52 34 18 18 90 58 43 75 32 64 66 92 84 72 66 12
51 35 81 73 70 90 8 75 94 18 44 21 3 27 16 4 77 21 98 18 50 49 83 96 99 26 59 51 14 72 17 59 58 2 73 72 37 91 86 33 42 35 97 75 77 65 15 11 86 55 17 68 42 9 56 59 65 83 35 69 53 64 15 68 42 67 84 1 81 86 18 83 90 43 61 84 57 32 89 89 73 61 19 10 22 8 61 20 69 50 73 30 72 92 19 14 35 59 74 41 48 76 34 91 100 19 29 71 25 38 94 23 69 90 14 1 99 60 67 34
39 72 19 67 100 84 53 69 0 93 30 88 78 57 45 78 85 44 47 29 56 28 86 38 95 23 39 58 90 56 24 78 63 0 37 45 37 45 68 37 0 31 47 74 19 72 91 12 71 11 61 17 78 82 5 94 2 69 37 19 1 59 19 60 81 30 19 89 88 29 12 47 38 22 70 17 96 90 90 61 48 6 72 84 41 94 35 92 21 68 91 65 1 100 99 83 16 0 9 76 36 85 53 21 40 60 32 10 65 56 0 20 38 24 0 52 62 18 39 51
5 80 87 38 73 30 96 77 16 15 30 15 39 85 29 60 80 2 90 64 26 59 91 89 69 34 7 54 52 96 69 69 31 65 38 9 90 41 88 94 30 14 27 94 32 29 46 35 45 32 20 61 15 16 55 8 73 82 15 75 25 22 8 4 28 99 25 24 20 37 48 66 6 56 84 83 49 58 99 61 53 53 57 75 53 75 91 86 57 33 63 73 33 22 33 78 46 64 89 24 90 36 59 20 39 26 33 46 51 99 33 80 91 71 14 24 88 65 63 53
62 22 60 96 92 61 58 85 95 13 22 30 58 96 52 14 66 20 60 74 37 15 63 14 93 26 4 85 17 97 95 10 18 43 26 27 39 53 6 99 54 88 53 72 43 78 20 46 75 78 94 81 63 1 11 2 81 93 64 33 9 90 86 14 17 73 31 6 35 44 67 99 91 24 31 55 38 23 28 61 62 69 78 0 53 19 49 93 79 27 51 67 22 73 64 11 71 17 16 82 4 15 95 37 70 75 23 57 29 30 46 59 34 90 12 21 42 29 86 6
61 62 56 8 83 5 22 9 11 42 57 9 39 30 44 14 64 38 65 100 10 61 59 45 46 9 69 29 55 4 18 0 79 30 44 4 96 16 48 5 36 3 94 20 16 30 10 62 99 83 21 38 93 18 56 42 62 95 9 56 1 56 87 49 64 97 81 49 31 31 56 43 63 6 20 83 2 79 68 13 1 59 0 49 99 95 71 7 60 86 11 25 55 90 50 62 48 11 21 69 57 13 39 9 90 95 51 69 40 75 37 90 1 23 85 1 8 92 53 66
60 94 99 39 8 63 60 58 95 85 81 0 97 3 72 21 42 96 73 81 63 49 13 88 69 1 35 31 47 31 96 16 56 53 78 41 46 44 10 38 96 32 79 8 87 95 100 70 12 18 99 20 22 30 31 6 41 79 48 62 25 44 50 49 94 8 84 6 74 22 17 56 6 3 61 55 53 73 53 18 10 22 91 41 32 78 39 47 87 22 42 12 6 27 89 94 56 62 6 67 7 90 63 1 82 86 14 36 95 51 46 69 56 26 3 21 37 43 53 73
5 93 79 11 72 68 11 30 1 49 46 82 62 9 56 51 41 70 82 69 94 63 77 33 52 9 81 81 84 31 44 75 0 11 97 29 6 0 55 71 45 73 89 94 26 35 95 93 51 82 34 63 93 18 73 84 1 20 19 85 36 30 65 51 64 17 12 91 23 99 96 2 21 68 40 55 10 34 56 56 75 13 76 48 49 0 85 75 2 28 51 98 92 69 62 6 12 9 77 2 82 58 12 83 22 2 38 3 65 63 68 91 36 20 39 47 93 91 90 40
62 58 85 63 76 63 90 55 29 10 15 83 19 7 38 87 31 83 75 28 32 84 86 81 69 15 97 69 64 57 11 2 72 7 22 68 37 54 71 66 39 56 96 15 64 76 56 64 54 19 39 71 35 48 59 17 53 51 39 30 89 56 28 18 30 61 60 43 92 66 67 17 79 70 14 62 83 64 23 95 71 42 96 37 95 95 67 12 60 56 73 79 88 35 34 95 2 95 78 72 36 47 22 36 80 26 98 20 33 74 60 43 99 8 33 33 73 7 1 9
24 16 89 63 45 21 17 99 90 42 57 41 64 60 91 1 3 62 18 49 9 100 67 44 43 13 100 0 87 3 100 90 46 62 38 97 33 94 98 73 87 53 77 98 88 82 5 77 23 43 69 14 82 36 22 83 29 77 11 72 60 26 37 72 49 34 93 55 9 17 20 19 26 54 69 48 63 58 99 78 63 85 30 75 85 25 92 19 92 66 67 85 49 77 100 84 58 0 43 48 23 79 66 65 73 81 78 47 14 20 83 49 95 71 22 23 39 17 69 41
96 73 60 91 27 76 57 54 22 53 53 5 10 50 24 51 0 61 21 57 27 64 27 81 72 25 86 36 16 95 92 86 18 50 86 91 54 61 40 81 98 45 5 39 42 100 18 28 97 36 96 82 14 74 63 47 13 23 75 26 68 75 15 93 29 17 77 1 19 71 40 72 76 91 17 28 23 88 5 16 69 68 8 12 20 78 22 31 97 73 64 9 13 82 78 31 65 68 56 11 9 18 84 47 47 44 14 14 61 89 26 16 23 19 47 51 95 71 81 49
18 17 52 31 74 83 64 37 62 20 56 70 8 53 87 80 9 48 66 82 56 32 67 31 45 89 46 67 23 54 61 5 40 97 20 35 62 8 82 92 88 17 2 61 5 90 27 35 26 0 69 55 49 12 34 18 93 88 28 22 17 16 75 10 43 51 60 64 91 65 12 3 72 74 4 71 49 38 46 49 10 8 55 83 92 60 79 78 36 47 85 60 59 24 100 24 84 16 61 77 50 49 30 1 31 95 78 87 63 86 49 100 60 80 7 22 15 75 79 5
36 92 19 69 62 100 69 15 99 100 95 73 72 80 61 91 56 100 34 24 85 13 48 19 42 79 56 34 16 64 81 75 0 65 94 76 69 34 89 47 28 71 45 5 29 78 87 56 19 18 2 37 10 41 54 69 33 36 39 30 17 20 91 74 40 17 68 24 67 40 0 82 26 63 60 65 86 6 12 33 22 11 7 96 17 74 76 11 99 80 2 59 38 19 94 62 30 58 38 95 94 9 78 97 8 27 47 23 5 28 8 27 92 6 15 74 26 96 47 49
82 46 55 81 94 94 96 15 83 57 65 29 21 8 13 29 69 80 90 16 23 46 54 9 77 41 42 85 49 8 40 54 35 85 8 78 13 54 78 85 83 5 50 22 57 78 16 11 52 64 21 3 45 70 8 79 16 91 61 57 23 72 55 75 48 38 15 91 87 69 77 60 17 8 46 44 99 45 9 37 35 33 19 21 40 72 36 43 62 20 8 73 85 90 44 34 58 2 83 38 62 54 90 97 68 43 60 66 58 76 7 53 100 85 4 99 30 48 16 71
81 58 20 79 42 62 80 11 95 33 30 32 2 90 64 21 61 87 33 32 59 35 20 82 85 94 36 79 57 83 75 65 87 9 36 17 100 25 31 98 29 3 42 71 5 49 33 87 31 40 20 45 83 53 26 11 58 41 60 49 63 48 59 90 78 84 22 38 5 99 58 51 58 43 76 29 13 52 82 73 27 78 11 18 62 30 13 90 77 67 32 45 82 0 32 53 33 6 96 94 94 39 5 58 97 60 81 68 36 28 87 5 1 81 46 0 75 20 30 54
36 98 52 79 61 61 38 60 38 93 56 89 22 49 7 89 65 80 36 84 49 78 36 46 69 21 86 6 25 93 10 45 83 60 81 46 70 82 9 15 87 5 42 38 95 3 49 30 54 59 49 47 96 43 95 73 26 97 61 30 13 3 29 94 92 33 91 7 20 64 95 10 37 57 26 30 4 29 24 64 43 99 96 85 30 2 22 98 55 6 23 61 61 12 28 0 81 68 91 63 95 68 42 11 14 10 62 16 85 94 92 49 76 69 34 10 3 2 19 11
33 95 39 80 81 72 18 1 27 90 45 19 100 87 46 85 1 31 42 82 59 55 73 77 43 98 89 20 47 10 28 20 63 82 6 74 48 68 7 50 75 8 2 64 11 63 42 61 46 71 91 43 39 23 100 3 10 83 87 100 70 11 6 0 49 34 80 90 40 31 3 9 87 13 88 59 71 85 96 10 94 59 40 58 24 22 70 1 74 6 14 24 51 72 59 94 3 6 65 11 7 42 49 72 7 72 45 5 6 56 70 26 99 45 47 16 45 91 78 45
88 62 9 22 40 31 34 72 17 37 93 24 56 53 46 55 90 34 68 5 48 40 26 1 71 8 45 46 19 14 68 73 79 11 81 55 29 30 77 51 33 93 5 12 8 52 47 59 100 17 99 15 9 76 69 33 97 87 100 4 45 98 16 1 91 3 28 74 64 49 75 52 49 31 12 25 53 30 27 15 76 21 4 3 95 7 24 83 23 81 46 64 50 94 87 20 5 84 65 4 62 31 3 58 78 3 60 72 26 45 98 42 91 77 10 12 81 84 6 39
30 37 99 10 58 24 48 50 27 44 54 14 18 29 67 95 19 83 19 64 3 85 12 63 18 28 79 91 37 90 31 10 1 49 81 71 28 8 49 49 7 35 86 80 4 65 29 11 25 6 64 2 75 21 2 52 66 6 3 56 56 73 40 43 39 86 34 20 61 47 4 67 87 41 48 70 25 98 38 39 83 47 47 86 5 44 34 23 11 44 1 88 34 74 10 0 88 79 53 100 16 54 0 62 63 48 23 52 63 70 56 37 78 36 9 31 53 82 5 48
30 28 74 65 87 18 24 40 37 17 70 9 54 33 45 72 27 5 61 1 15 94 99 61 37 0 77 89 20 51 63 89 9 0 28 70 13 83 89 90 75 90 100 59 20 7 43 21 77 3 65 51 59 7 57 43 52 40 40 45 52 40 97 55 21 42 1 77 78 53 43 16 1 21 54 72 97 64 60 26 16 15 88 30 8 89 91 92 64 81 90 55 34 10 16 38 43 27 93 98 61 99 50 75 11 46 23 27 68 7 67 20 58 42 44 75 5 23 2 67
30 49 30 33 63 92 21 21 65 43 53 74 16 99 81 50 33 18 40 12 64 36 48 79 69 81 83 23 84 39 14 26 18 68 30 97 0 92 69 47 100 39 1 5 83 21 94 3 48 86 92 47 78 16 31 67 80 79 98 73 32 94 6 28 56 36 20 70 92 29 5 60 1 41 32 23 17 36 51 19 17 100 40 21 48 79 73 89 97 92 68 2 88 2 9 96 63 9 16 87 28 20 48 58 20 50 4 29 12 4 79 13 100 13 43 23 42 43 40 51
37 100 60 17 34 2 41 95 5 74 65 0 7 60 42 72 50 54 41 37 44 42 19 94 89 26 34 26 77 97 78 98 16 37 54 75 8 68 23 28 64 37 92 27 28 9 9 84 81 12 72 65 55 51 56 79 19 66 83 76 13 86 25 84 26 94 85 70 55 24 63 79 15 85 25 93 16 97 17 32 77 39 19 12 97 60 20 79 33 11 71 36 60 58 93 3 10 97 89 10 44 51 37 62 6 63 55 20 59 96 82 60 68 47 34 66 45 94 98 68
89 38 83 85 81 100 84 32 84 14 84 64 54 69 74 33 3 42 46 3 59 35 7 26 65 14 29 2 52 59 69 43 100 12 47 17 44 6 10 9 20 51 90 47 82 61 46 17 10 32 28 88 12 44 35 4 10 15 87 63 79 53 50 84 66 13 4 2 43 22 14 65 7 83 59 70 5 30 26 62 61 49 100 47 66 8 39 35 12 1 40 26 60 81 95 16 15 50 75 71 100 31 77 87 44 1 57 14 59 75 23 48 77 68 31 80 77 31 54 75
23 76 71 60 0 1 79 40 15 34 41 12 63 0 21 50 4 58 75 23 54 17 75 65 10 54 9 15 8 16 64 49 61 58 55 83 25 77 92 20 55 21 52 39 19 27 34 44 41 30 63 51 38 86 6 90 54 69 98 62 54 66 68 32 28 25 74 40 99 67 10 19 33 70 98 2 20 43 25 58 49 75 89 25 55 88 6 35 40 86 83 17 57 15 95 92 77 99 51 39 96 35 81 29 86 42 61 76 60 13 79 64 35 99 50 19 15 6 19 94
50 4 45 98 33 12 44 82 0 94 51 0 47 70 84 45 12 10 14 82 6 4 26 56 7 89 22 57 57 56 66 23 23 4 99 55 29 3 33 34 72 0 47 22 34 16 60 49 65 30 0 79 21 80 14 75 96 6 3 3 66 56 54 30 31 7 80 11 72 66 67 18 88 35 87 93 100 64 99 37 69 88 81 39 11 17 53 89 52 4 8 5 25 43 96 71 92 13 12 74 13 89 18 64 27 49 72 32 27 91 75 23 9 11 77 65 25 62 11 74
32 39 59 9 93 72 44 16 1 21 42 85 92 48 96 81 62 44 93 53 34 77 98 21 92 45 89 44 35 74 42 64 93 26 82 28 5 68 28 36 70 8 53 15 80 10 86 35 69 66 48 61 2 31 12 27 81 42 98 53 80 8 3 84 93 27 38 28 90 100 41 31 19 26 94 55 28 56 80 50 79 84 67 63 1 43 31 44 38 53 64 37 46 75 38 66 5 84 35 54 71 5 86 46 86 3 34 2 56 77 10 71 77 86 88 45 29 56 24 40
32 23 2 60 97 59 89 75 100 70 47 68 45 17 71 34 2 90 63 85 23 5 25 56 98 9 79 23 19 68 70 74 31 37 40 35 22 56 37 57 24 55 13 35 80 69 73 55 94 98 61 83 88 64 77 99 32 75 45 2 99 76 0 6 43 45 44 5 83 5 96 58 24 79 91 36 95 21 52 62 39 70 19 10 52 15 21 67 1 18 53 74 39 37 53 47 84 80 22 63 88 70 42 43 90 28 14 98 46 19 6 40 74 76 42 86 36 64 22 52
74 3 28 39 8 50 60 33 68 73 40 74 10 57 44 11 54 15 74 96 55 86 55 74 55 96 24 68 80 42 19 79 30 57 65 28 74 18 23 86 55 4 95 61 45 5 14 4 41 19 8 81 21 94 15 7 16 61 30 85 95 15 34 90 31 10 91 26 82 23 30 90 83 29 9 21 54 92 95 7 22 38 30 99 12 86 14 72 87 24 66 12 63 36 76 27 40 89 83 47 26 8 23 71 25 59 76 72 38 87 93 60 17 93 38 37 39 18 36 18
11 61 8 87 43 71 47 58 3 85 11 54 55 63 45 59 71 9 37 91 1 64 53 67 83 49 74 82 44 75 49 75 62 92 20 8 37 60 30 55 22 11 56 86 79 86 64 33 88 57 28 50 23 64 70 25 44 44 88 35 12 9 34 11 62 85 98 96 71 38 39 64 31 60 74 36 91 95 55 67 43 85 36 53 69 44 79 98 39 93 23 7 3 100 3 15 33 7 33 35 69 73 23 48 29 17 43 56 62 7 85 37 1 17 34 76 71 82 92 53
99 58 24 38 12 75 9 21 42 40 8 18 73 61 19 20 50 73 14 9 86 51 74 26 2 56 75 96 85 100 9 92 54 53 95 55 81 66 48 74 92 78 77 54 91 1 10 24 14 85 95 39 72 43 58 86 44 98 32 60 91 63 13 19 61 44 60 87 75 75 77 93 95 39 15 69 52 18 35 37 88 2 2 82 44 6 14 31 36 16 24 48 83 19 16 75 1 89 65 22 4 79 50 8 24 17 56 16 1 93 89 62 55 63 34 21 61 69 31 78
91 59 59 48 76 35 30 13 31 13 57 83 80 27 58 56 20 31 39 78 38 16 97 44 0 73 96 52 96 32 11 50 80 21 83 9 89 67 59 96 19 49 7 14 54 39 86 55 38 80 71 12 37 48 61 52 55 39 16 55 44 27 29 33 18 69 84 84 11 75 49 47 44 38 13 59 41 96 16 62 66 84 25 83 31 77 91 39 4 47 6 83 81 95 15 65 62 19 41 24 32 49 90 55 59 79 1 88 9 9 71 30 21 89 54 28 65 0 93 18
12 65 25 19 77 47 82 70 69 61 19 37 33 97 60 46 89 90 43 44 86 31 8 69 87 88 42 76 88 31 95 34 15 87 82 7 47 89 90 85 50 31 85 18 96 89 92 33 44 79 10 77 20 27 21 23 81 31 71 17 78 0 48 42 6 27 86 52 53 8 99 89 93 33 79 79 20 62 7 33 26 31 41 25 66 92 92 72 99 60 90 72 48 50 66 83 45 98 51 85 62 34 31 12 54 94 52 80 68 86 16 73 96 55 88 72 25 54 3 44
10 80 27 74 96 63 71 67 26 100 29 15 96 53 65 73 6 51 83 73 32 37 79 90 11 16 100 12 95 71 65 74 6 29 90 50 16 86 51 32 6 41 65 5 49 12 12 92 32 23 78 69 99 4 26 61 29 75 17 50 98 8 55 37 51 53 96 27 86 94 73 35 31 55 35 0 87 38 18 69 86 32 45 78 69 63 60 23 60 39 62 36 87 40 28 3 15 94 47 3 87 34 13 88 88 79 49 92 61 67 8 96 75 54 68 8 90 79 58 72
54 7 28 90 49 8 16 36 86 49 40 85 26 96 46 20 3 56 56 39 85 63 27 23 95 66 90 26 57 18 47 95 7 5 42 68 80 91 92 35 67 50 97 27 32 79 94 61 69 63 94 2 56 9 52 80 83 53 71 81 70 9 94 100 25 42 67 47 66 20 27 23 5 5 92 15 47 41 23 44 16 46 94 21 33 10 23 94 59 78 66 35 3 22 57 95 83 6 38 2 1 99 62 58 50 18 19 8 39 88 52 67 46 14 55 37 29 90 53 62
92 44 69 8 37 73 28 85 35 60 84 14 64 46 31 56 0 65 56 59 59 37 76 65 13 47 66 70 60 19 28 93 7 47 73 5 31 49 0 66 45 74 18 79 99 18 99 31 25 17 95 73 36 92 4 89 92 39 48 10 22 28 23 46 49 24 7 40 60 3 41 22 37 45 76 1 11 56 66 92 25 17 5 35 96 16 52 8 28 51 55 36 37 72 12 83 16 67 97 39 18 50 25 52 53 50 5 45 38 9 75 75 61 94 41 10 22 8 60 95
54 3 64 96 92 88 10 99 73 76 76 2 8 89 58 41 58 52 57 27 71 83 21 51 65 46 4 8 43 95 18 95 85 29 45 77 57 86 74 48 1 42 90 6 81 68 73 63 64 24 38 38 17 92 50 34 30 33 10 65 7 48 17 1 64 5 12 71 71 29 92 10 86 13 20 37 6 27 59 10 6 26 61 23 94 17 64 92 27 100 40 20 68 30 91 24 71 61 98 27 14 39 5 47 48 2 59 85 71 21 9 87 63 48 28 83 13 40 63 93
12 38 81 12 95 38 11 56 21 50 10 32 71 46 68 64 41 35 74 65 65 66 90 42 37 15 30 20 4 65 78 100 46 10 77 90 18 48 66 20 23 31 89 74 17 59 0 91 20 67 59 38 66 92 37 94 30 100 15 54 39 82 66 79 48 67 58 26 27 35 36 62 4 14 22 73 93 31 14 16 6 0 36 33 57 98 67 75 13 83 5 63 98 1 54 76 66 90 79 48 28 84 93 70 100 20 73 4 94 44 56 17 8 2 23 75 74 97 7 0
11 11 38 74 51 72 88 60 77 86 89 77 64 25 20 47 33 53 75 82 97 9 28 74 11 86 74 76 27 14 4 65 10 32 39 37 34 95 32 5 96 73 36 36 17 66 61 42 50 100 72 94 67 70 25 42 14 60 57 18 38 36 79 94 65 87 95 28 18 80 82 27 12 78 0 40 17 4 68 43 77 24 83 63 84 71 10 42 37 2 72 56 28 11 27 56 94 63 14 63 6 70 73 25 55 92 22 97 83 42 53 49 52 56 66 94 79 51 88 66
91 21 99 91 69 37 12 20 30 59 9 56 70 77 51 100 70 92 22 5 67 6 32 35 100 84 96 12 98 76 82 70 34 38 21 20 44 4 20 34 87 83 84 49 98 18 70 41 1 46 75 1 49 13 63 36 4 73 96 1 48 40 19 43 16 49 79 17 99 26 50 5 93 86 73 65 90 58 87 7 42 7 79 81 16 49 15 40 15 18 26 89 3 23 34 0 22 72 57 54 55 98 38 6 80 89 75 64 76 17 79 10 79 29 92 2 94 35 3 66
22 79 13 63 72 54 59 45 51 76 42 21 47 44 38 25 17 73 16 74 40 43 68 29 93 0 78 83 19 87 63 57 84 44 38 99 28 14 13 15 78 53 77 12 15 77 52 27 94 48 22 23 80 22 58 18 59 47 32 58 80 82 39 51 4 26 75 36 3 76 98 89 90 89 48 65 66 38 39 69 38 47 46 16 95 94 45 82 79 31 49 53 15 68 29 22 20 67 7 38 43 39 42 86 94 35 89 44 20 13 64 65 60 2 64 80 87 60 33 48
58 97 47 47 76 43 4 24 22 6 17 87 92 43 13 22 38 11 90 7 83 46 39 68 14 22 3 23 16 69 61 27 10 25 43 61 80 7 7 35 43 3 20 86 50 55 76 12 56 63 54 32 67 65 86 22 55 11 22 28 75 8 55 24 76 31 89 69 42 33 76 76 16 87 61 68 0 2 85 64 79 90 22 44 60 93 50 0 81 6 58 68 73 0 87 37 72 81 42 86 5 14 74 80 68 81 77 75 37 40 52 5 9 100 69 62 25 65 22 67
9 73 2 10 63 96 30 97 6 30 36 82 27 69 23 72 91 12 62 93 5 94 90 14 31 43 60 61 24 57 41 74 44 50 0 40 51 56 41 42 27 5 7 91 63 42 53 99 63 39 44 81 12 88 5 0 77 96 78 85 69 27 27 7 88 31 55 14 81 72 98 50 94 32 85 72 70 47 75 54 88 78 71 17 87 30 28 20 9 98 56 73 24 57 24 23 68 11 93 35 66 88 6 59 53 11 39 2 76 75 16 61 44 99 74 78 76 100 10 54
13 0 24 35 75 49 97 14 38 41 5 99 56 72 56 11 18 68 34 25 65 27 29 22 0 59 23 78 82 50 32 41 2 77 82 44 53 94 38 78 28 67 46 53 55 19 0 60 10 76 100 3 64 44 27 82 86 97 8 36 60 69 35 80 13 58 45 78 93 24 26 70 12 31 7 68 35 31 19 70 70 87 35 97 53 91 57 49 22 74 82 56 95 76 7 79 79 0 98 34 50 6 35 29 70 98 4 15 34 37 60 20 84 35 13 73 69 52 37 97
91 65 87 8 7 44 71 81 81 5 73 35 65 40 43 3 66 5 40 97 49 42 11 1 7 24 79 76 50 8 63 32 58 30 62 0 51 1 29 34 75 71 56 56 36 92 99 32 13 45 41 59 49 70 58 19 17 67 92 69 22 92 18 70 86 91 76 24 48 1 24 74 34 85 26 80 45 78 21 66 59 15 78 4 40 35 98 39 63 80 92 24 60 69 5 88 43 62 45 10 13 55 80 31 8 75 61 91 8 71 19 52 25 13 5 96 81 89 96 63
8 50 43 98 69 55 57 63 37 61 50 25 25 87 77 71 42 54 8 72 40 55 36 62 94 63 64 54 75 79 3 84 48 100 4 61 21 68 9 57 18 61 63 18 7 12 6 67 25 96 16 25 53 4 36 70 15 65 30 31 60 82 9 70 12 83 17 74 95 78 0 31 61 99 83 81 21 70 26 99 1 65 77 25 73 59 40 99 55 31 69 8 27 27 11 69 35 91 36 49 17 69 78 30 25 91 96 61 10 41 44 100 76 100 78 38 79 33 51 77
69 36 1 64 54 7 36 75 53 74 37 62 51 98 19 100 41 94 0 93 77 2 56 46 15 100 37 97 35 26 58 87 16 39 17 91 18 45 45 66 67 48 100 38 42 91 90 25 26 8 94 46 22 7 52 15 47 45 8 40 78 1 20 28 47 75 95 91 81 42 55 74 73 73 15 42 83 63 46 59 58 56 88 19 61 84 42 59 20 21 65 100 36 14 50 46 77 3 69 56 0 6 92 43 39 58 11 50 91 66 18 97 9 4 47 80 8 79 0 83
74 44 88 62 79 46 21 60 13 98 28 25 18 71 22 52 31 100 22 11 95 68 86 0 57 93 46 99 99 26 52 86 52 35 83 91 89 12 67 79 96 47 53 12 91 18 62 90 8 65 19 45 100 99 18 37 70 68 43 21 7 60 50 96 6 5 63 26 15 93 39 83 16 15 90 67 43 24 40 60 74 40 5 36 60 18 22 54 12 59 64 79 57 40 79 4 32 85 48 67 41 8 31 86 10 47 9 64 10 76 15 98 56 61 46 38 20 8 76 75
96 62 24 29 85 42 47 61 85 23 74 87 30 50 29 82 9 53 48 51 36 80 88 12 39 83 93 25 48 34 1 74 99 100 93 39 90 37 26 87 43 59 21 33 50 97 100 84 48 10 67 23 44 38 79 33 57 75 66 52 23 1 54 89 71 69 89 78 31 12 36 63 81 8 50 83 23 10 3 75 93 16 92 98 83 32 98 21 78 63 52 98 90 84 84 5 69 81 61 99 7 21 16 42 58 10 51 9 94 45 80 47 48 94 11 25 20 38 91 71
13 77 34 78 95 25 18 36 25 64 98 23 59 32 98 71 82 55 32 97 49 46 95 9 63 73 74 44 72 18 4 37 43 34 52 97 77 22 67 61 47 10 7 71 39 93 64 88 44 5 51 94 22 10 72 14 15 74 33 39 2 51 94 58 21 11 80 57 59 29 24 45 51 27 89 100 78 40 79 15 55 71 38 3 84 48 7 98 100 39 37 36 39 17 71 15 85 25 47 100 56 69 27 35 50 0 1 36 99 66 56 70 20 28 21 63 50 51 26 100
70 6 8 33 91 0 45 80 95 30 56 90 73 82 43 21 70 62 67 69 42 88 58 43 28 85 82 93 28 14 82 87 19 11 41 32 40 97 26 16 3 61 33 54 26 11 90 49 58 58 69 90 59 68 73 93 21 32 68 44 96 84 23 57 38 58 10 79 43 91 73 54 30 91 71 35 80 99 72 73 63 16 37 5 64 70 86 29 26 88 45 72 21 78 61 85 15 64 27 72 63 84 91 74 3 50 8 85 26 87 86 0 30 26 74 12 19 46 12 30
86 35 60 27 17 58 38 23 82 61 1 77 43 42 96 41 18 37 74 66 92 100 63 91 11 92 49 90 16 52 39 90 48 49 21 36 95 7 45 50 100 5 98 57 70 58 48 53 72 45 78 93 72 83 72 55 24 50 25 83 4 48 31 42 48 7 98 72 94 62 58 36 29 72 50 24 10 6 15 39 0 89 25 97 61 46 58 87 18 70 49 93 1 34 37 51 93 41 90 96 40 61 46 50 75 88 45 90 78 53 70 5 63 41 71 66 37 0 86 26
21 63 100 82 14 24 70 64 92 4 98 68 20 26 30 35 18 73 71 12 6 64 9 12 39 5 70 53 57 13 16 57 84 21 58 47 66 10 0 91 74 20 29 51 1 91 76 43 87 30 13 23 87 22 45 30 41 16 73 88 67 36 100 29 34 85 1 32 94 66 87 66 96 72 91 66 27 17 71 32 6 66 80 67 34 85 3 91 59 23 3 92 21 65 33 96 0 42 82 61 70 19 8 29 11 81 9 70 84 85 97 10 92 28 22 73 82 98 8 78
64 42 71 44 60 33 12 16 56 29 30 90 5 36 31 79 27 14 73 84 15 59 43 52 76 73 22 46 12 58 84 80 10 27 78 99 34 51 46 83 65 52 28 72 83 97 32 22 35 40 88 20 96 51 38 40 49 18 84 67 39 99 51 39 38 6 47 78 37 55 82 21 58 100 4 83 57 80 64 81 83 61 27 79 100 93 17 22 45 20 62 89 30 76 95 2 11 63 84 100 54 14 7 96 98 36 50 86 86 92 38 7 85 74 13 11 78 69 9 17
82 56 36 91 68 60 6 17 12 9 41 70 95 10 58 3 83 45 55 99 49 78 86 40 46 33 56 25 23 4 98 20 59 52 53 99 43 33 51 69 46 6 82 10 93 6 83 13 74 92 63 79 3 17 77 6 39 55 45 15 61 7 14 42 95 18 15 48 41 50 59 68 38 98 44 74 76 60 4 69 8 28 30 23 25 66 100 32 5 89 8 52 53 5 41 51 2 96 85 46 95 35 61 89 25 34 40 15 20 94 91 56 73 8 63 12 98 90 12 98
36 76 52 48 96 66 50 63 25 95 9 7 95 51 97 82 47 26 1 24 70 59 12 89 23 4 77 34 78 65 91 97 54 65 74 24 13 9 35 7 73 82 36 60 92 87 47 26 8 26 15 72 34 54 19 79 3 24 99 9 28 29 55 15 83 46 87 82 21 22 1 6 96 47 43 86 91 70 77 35 59 24 13 68 33 21 1 33 71 20 60 87 64 36 82 50 40 78 39 13 18 29 78 87 32 70 2 96 25 30 83 77 34 15 23 11 99 85 23 83
25 73 2 47 17 37 71 59 72 91 22 63 6 44 75 20 67 44 85 88 54 42 2 41 20 13 1 9 50 84 89 76 51 33 91 67 48 53 34 29 26 49 94 45 87 51 100 52 91 94 59 68 87 33 78 49 85 9 79 25 82 96 24 83 22 90 99 29 20 51 63 21 71 85 91 84 93 5 67 23 4 74 28 61 94 6 82 30 91 75 5 3 5 22 20 41 16 68 30 20 57 29 68 96 79 44 8 31 1 75 30 42 50 34 64 47 88 74 78 6
15 82 45 73 73 4 34 47 19 89 25 80 100 72 58 60 97 77 5 58 25 82 68 23 51 52 32 36 23 83 97 21 65 5 80 25 78 72 87 49 25 15 83 3 49 50 71 95 80 9 19 37 1 24 76 77 64 54 71 26 87 62 76 30 31 63 85 27 12 20 42 19 56 4 53 26 10 60 95 42 84 99 56 31 12 73 100 36 10 94 22 20 65 18 4 70 70 55 23 26 93 39 1 3 97 56 96 33 77 63 99 91 49 78 1 45 41 58 51 89
74 75 64 64 65 14 36 64 71 82 21 83 49 100 18 51 14 50 92 67 79 26 83 16 33 47 11 70 38 33 90 22 88 9 70 64 100 47 19 86 100 38 15 17 79 81 22 63 15 8 76 57 34 79 76 86 17 32 25 29 52 71 3 37 74 0 70 14 40 68 6 36 5 87 29 49 41 9 24 21 27 53 5 1 83 0 79 91 75 93 37 16 99 47 83 51 69 89 89 79 18 19 32 79 44 18 83 51 57 19 46 70 82 41 71 79 88 59 13 11
