66 26 1 59 55 70 37 82 71 71 100 90 99 36 31 38 58 13 23 41 91 40 86 21 79 40 14 33 2 61 69 31 63 68 3 44 72 90 17 26 11 5 64 94 9 12 33 30 25 36 57 10 74 91 6 5 72 11 51 97 4 4 19 89 64 46 82 0 71 66 28 94 14 9 52 11 67 40 51 11 72 39 99 65 15 23 73 56 75 98 41 30 59 33 72 77 64 73 8 80 100 52 84 14 52 77 63 1 16 1 62 49 42 62 28 0 72 77 82 49 72 88 5
9 64 79 75 69 88 73 2 98 18 69 42 8 82 48 67 79 90 70 18 13 54 76 13 14 3 72 95 23 61 26 98 5 40 23 21 40 44 62 23 24 22 83 67 48 93 95 13 9 28 56 68 38 20 49 56 44 37 3 15 88 55 36 74 60 61 52 28 40 63 26 81 79 29 46 36 53 94 53 13 19 94 22 100 32 57 87 31 10 65 86 13 34 44 51 12 23 41 51 21 100 11 9 45 60 53 86 33 52 28 6 43 59 75 73 45 31 85 56 15 44 40 91
37 91 29 46 50 89 44 32 12 27 45 64 100 39 29 88 82 51 10 48 98 8 99 20 7 64 48 28 19 65 85 43 83 75 84 90 74 41 72 97 98 89 36 87 24 35 80 19 22 12 55 2 3 39 69 73 78 20 85 40 9 15 7 90 68 16 67 76 31 72 48 70 21 98 87 82 9 80 61 27 29 82 69 9 86 79 94 8 57 78 41 72 42 47 26 37 57 12 79 100 80 51 57 8 18 42 80 65 9 38 38 61 79 100 98 75 52 81 59 33 62 91 64
11 95 35 64 70 47 63 53 16 35 24 12 40 34 100 58 95 69 69 55 93 84 66 66 46 36 35 44 13 55 54 14 15 90 47 1 83 97 79 32 92 95 85 70 70 41 78 60 78 47 92 86 41 34 60 66 39 48 63 14 91 61 87 62 68 64 30 80 95 36 33 50 42 60 44 31 88 41 72 9 41 99 44 33 21 31 90 76 20 73 92 43 32 57 91 82 3 40 88 9 57 63 13 81 97 61 27 27 60 59 58 59 25 11 74 15 68 72 45 87 38 0 91
51 74 37 73 92 62 81 7 69 55 83 90 22 91 2 4 74 73 92 81 44 30 3 17 61 58 31 16 48 96 34 69 14 67 9 50 38 30 91 87 41 37 7 87 62 60 33 77 36 66 64 30 70 85 83 48 89 42 83 14 82 39 91 43 13 20 96 7 16 90 70 66 80 26 78 74 43 34 59 67 87 53 63 5 48 54 52 18 38 94 83 41 17 8 7 87 17 88 38 4 51 70 16 100 8 25 87 75 95 17 26 15 86 80 85 93 51 0 36 19 59 1 94
26 100 35 69 73 49 38 59 59 99 51 75 100 21 84 48 55 8 7 14 28 96 47 7 86 83 27 99 20 74 93 29 80 81 17 68 39 29 96 51 79 39 37 2 49 44 0 61 5 48 99 48 61 85 49 66 69 66 16 7 60 29 7 53 37 16 48 12 95 99 23 49 59 65 44 60 42 59 85 5 76 92 86 41 34 63 64 72 5 47 45 61 66 97 47 91 12 26 7 20 0 89 41 93 74 18 88 26 86 33 3 68 38 89 3 62 83 63 79 82 97 98 29
97 63 31 79 1 48 42 21 66 26 30 72 34 35 52 47 32 22 7 67 86 12 11 62 21 94 26 62 66 33 21 70 94 55 6 32 34 50 84 20 33 5 1 73 34 87 43 64 90 30 72 55 37 8 7 81 73 65 44 84 74 11 3 49 86 28 9 76 73 98 19 68 36 57 47 28 33 24 54 92 21 17 26 28 6 69 0 35 74 57 98 35 96 11 12 29 96 88 4 64 24 75 30 96 58 18 47 25 19 37 3 80 52 65 79 12 80 27 58 2 39 82 37
100 57 31 57 31 81 73 2 40 90 51 62 52 61 12 86 8 61 40 97 34 49 20 75 51 92 14 42 14 90 37 23 67 14 51 13 37 22 5 72 20 19 27 53 95 33 82 15 91 77 15 6 19 82 39 64 53 27 100 50 73 99 72 93 63 54 32 46 63 4 58 32 24 72 17 51 50 52 10 35 37 49 84 81 40 49 63 83 73 71 22 98 91 98 66 57 16 60 61 80 2 30 24 65 73 8 60 56 39 7 80 56 55 66 17 78 67 0 4 73 48 38 64
7 40 86 95 35 91 28 95 75 33 59 60 69 74 18 96 22 32 5 83 89 21 57 100 69 24 77 55 74 10 53 94 76 81 32 26 86 60 44 51 29 52 65 13 27 67 99 94 81 78 11 10 42 100 42 18 64 51 89 10 33 94 32 31 41 12 4 1 93 12 3 27 17 96 72 55 92 74 88 64 80 36 51 7 32 29 66 37 35 23 35 72 20 72 31 87 23 73 94 53 95 16 56 33 40 79 13 72 40 31 87 74 23 38 79 95 88 75 60 82 54 1 58
64 32 61 13 32 26 17 90 98 75 49 1 50 37 31 86 49 84 48 100 38 95 26 41 22 86 38 28 97 25 24 69 52 51 56 85 42 17 91 65 1 38 41 43 5 97 55 37 65 97 97 4 3 20 42 84 7 20 90 70 67 5 64 84 86 98 79 97 66 97 11 34 14 43 95 39 48 17 95 33 20 10 18 59 91 97 85 80 94 37 23 68 7 66 59 47 20 18 48 35 59 21 10 63 74 60 4 2 55 48 58 99 84 25 88 28 59 58 89 99 30 29 86
15 39 33 20 79 24 0 71 50 59 54 15 64 44 58 38 89 53 84 77 36 88 5 75 67 93 37 57 19 55 84 95 46 43 91 19 96 75 94 59 29 22 31 6 86 59 21 56 60 59 33 82 33 51 84 98 12 97 2 5 65 24 47 39 39 68 61 80 11 36 73 11 84 45 45 82 44 23 5 88 57 64 63 87 30 14 54 41 73 17 7 71 58 41 94 81 79 65 100 32 0 62 15 86 95 10 93 59 37 52 19 98 30 87 71 55 86 42 1 29 95 54 99
31 10 12 83 96 14 68 32 16 96 2 29 83 49 16 48 17 34 22 46 71 71 91 11 78 47 54 64 24 93 48 82 81 48 80 32 57 74 66 72 60 30 58 9 11 10 1 58 22 55 20 27 44 37 100 22 33 22 15 12 11 62 57 29 67 60 41 62 51 26 19 85 23 75 69 76 46 73 61 59 82 17 97 23 61 65 56 50 42 73 84 69 18 40 66 61 24 28 2 18 55 95 42 54 26 99 81 57 59 56 95 66 90 34 66 50 92 77 69 69 78 85 78
29 18 54 71 70 26 60 18 19 99 48 57 94 25 9 84 34 35 89 62 15 17 59 37 35 18 49 74 61 93 96 85 19 38 59 1 49 7 98 57 81 74 13 59 94 62 12 10 36 89 8 94 44 36 51 51 80 59 100 24 27 72 29 37 90 96 96 14 55 22 51 7 3 24 2 15 34 90 91 73 5 88 24 82 5 30 64 48 68 12 84 77 8 38 82 46 61 39 70 15 32 65 97 61 77 29 91 88 1 55 79 56 1 27 27 24 44 81 79 91 16 66 15
79 42 50 5 55 76 18 27 94 15 60 48 38 36 71 30 45 15 55 35 15 49 98 81 23 73 97 49 95 84 67 63 35 63 44 71 54 50 48 53 83 73 24 88 41 20 24 44 33 48 21 34 99 20 63 76 39 32 39 99 100 17 46 51 45 54 74 34 91 59 53 84 37 68 24 57 24 1 66 21 58 93 68 72 92 36 29 72 4 76 7 62 92 15 53 24 16 78 87 75 48 32 93 20 77 56 96 49 83 23 21 66 18 7 12 36 65 98 14 64 9 46 68
22 2 46 8 76 26 73 4 5 3 1 99 54 92 67 87 62 22 20 80 98 30 28 88 47 3 28 4 65 64 47 4 73 83 76 6 7 8 45 75 50 71 57 32 55 18 16 94 82 30 93 30 81 91 57 46 4 65 69 13 35 59 61 29 17 55 11 72 21 47 86 9 16 35 20 55 75 55 96 73 26 97 8 58 5 69 40 13 86 11 100 77 47 17 13 59 0 45 96 92 98 4 52 78 86 67 75 51 54 53 99 34 49 44 32 61 36 16 97 18 11 81 23
98 10 92 36 9 3 11 90 100 64 40 33 16 78 51 21 15 23 98 2 68 41 53 84 21 67 19 13 8 92 95 57 12 55 29 83 57 2 85 91 84 27 88 21 53 19 89 22 75 61 71 92 69 57 12 66 38 98 63 12 94 5 55 57 53 6 11 3 82 4 83 31 57 23 52 78 14 95 90 43 65 66 60 90 28 45 21 18 56 51 34 7 19 54 88 15 23 75 23 52 81 39 1 99 15 15 81 8 5 41 86 50 93 4 89 20 20 40 99 80 99 75 53
82 38 7 96 41 1 97 1 99 44 28 57 11 34 3 71 31 16 29 70 44 88 88 29 4 48 100 14 2 97 62 1 73 68 26 90 53 91 41 93 72 11 90 32 45 88 58 28 18 4 78 70 39 45 72 33 44 97 54 96 83 5 0 91 99 99 55 74 21 28 22 100 56 23 95 34 14 8 85 97 87 21 98 52 34 70 47 77 56 56 59 25 96 58 20 10 69 93 62 97 43 38 92 26 48 33 38 21 80 29 40 99 55 42 81 21 10 72 36 50 95 75 49
1 49 100 95 62 89 85 4 51 6 25 22 46 11 68 73 28 94 93 66 25 64 2 97 87 52 61 5 18 35 20 10 65 29 51 27 42 39 7 86 66 45 79 20 87 7 81 4 99 50 12 99 45 27 98 94 41 25 49 2 13 9 95 62 24 22 84 69 88 41 71 56 55 85 5 20 1 6 44 6 55 93 90 78 23 38 25 64 90 0 16 4 22 45 71 65 23 59 42 24 31 34 64 14 64 96 92 69 23 81 100 73 53 14 55 95 7 63 0 30 64 81 76
37 2 74 70 87 91 59 10 52 34 58 28 70 49 35 14 76 26 63 27 10 18 32 63 40 23 42 42 42 29 54 76 19 73 66 14 47 4 61 22 32 79 52 3 17 89 82 4 90 40 2 80 36 76 4 99 18 49 99 55 68 18 38 22 24 96 26 83 54 8 98 72 100 36 88 38 26 54 90 95 84 100 79 58 54 94 26 91 62 67 32 4 70 16 21 65 61 72 24 19 22 86 92 2 88 53 51 36 7 28 81 46 38 52 77 30 25 95 9 15 74 65 76
68 39 48 58 23 90 36 13 88 10 84 29 99 16 6 34 18 2 35 20 77 77 56 56 53 11 37 65 39 43 96 91 75 36 82 0 49 34 45 95 45 60 42 19 26 39 63 56 20 63 12 0 51 18 55 35 72 44 84 86 46 99 17 50 74 16 34 12 12 29 59 61 56 8 50 38 97 42 33 69 14 72 94 23 10 2 49 26 33 57 19 52 52 42 84 84 93 88 61 76 53 55 6 64 97 59 42 94 16 82 53 53 80 69 62 82 100 18 52 76 24 90 99
7 29 100 27 99 88 57 1 78 70 62 60 64 11 10 77 48 41 46 27 75 77 92 10 91 16 90 93 65 28 84 32 65 72 100 96 29 55 96 15 87 0 42 21 92 86 37 91 84 6 66 78 63 33 98 76 12 39 61 40 65 10 97 35 53 19 8 41 60 52 73 44 25 6 26 17 44 30 59 97 14 19 64 76 26 87 0 11 86 83 33 4 31 73 67 90 32 38 69 88 56 42 68 86 62 11 7 52 22 61 3 100 89 84 52 81 54 98 74 42 70 72 63
65 6 26 63 14 27 50 75 67 26 43 49 5 47 50 8 17 10 27 41 33 31 77 84 48 27 37 13 91 92 80 9 13 21 34 61 19 61 4 15 13 49 49 65 0 78 56 84 59 12 8 13 85 73 83 54 3 45 48 91 57 28 27 25 39 25 57 44 11 31 18 57 12 17 8 6 90 89 51 37 4 25 27 46 83 58 7 19 49 40 43 92 72 82 87 29 39 31 78 63 38 35 33 61 5 93 41 44 86 5 26 54 31 93 16 26 1 100 3 24 61 86 97
64 35 48 6 72 31 41 13 95 93 41 2 93 65 63 4 36 4 98 94 46 88 34 18 6 14 77 41 30 81 73 70 29 1 5 13 94 39 97 44 87 44 11 65 58 86 94 63 63 47 82 8 6 98 58 40 2 3 51 2 46 65 69 0 50 77 64 38 46 30 53 34 79 73 100 55 17 7 58 96 7 19 36 30 73 0 93 46 7 31 45 11 48 42 64 84 31 41 10 32 29 33 34 70 29 41 8 20 70 89 16 69 27 87 82 20 86 24 58 79 28 25 51
15 84 78 27 62 4 100 50 72 63 57 2 50 85 85 29 40 31 27 10 73 34 81 45 79 67 94 5 83 43 35 93 97 33 13 89 43 57 100 17 27 60 31 70 44 78 59 65 16 54 16 78 56 18 15 27 25 79 76 90 67 59 59 93 90 69 24 53 31 19 56 80 88 24 86 74 5 74 23 56 14 29 94 28 61 44 73 40 79 0 67 7 83 61 41 67 85 34 63 85 34 59 73 83 8 60 70 100 29 86 98 26 97 53 35 60 1 83 74 50 7 2 60
55 0 46 88 12 34 34 78 20 77 23 97 86 29 62 79 48 39 24 59 48 73 63 19 19 65 77 47 27 51 93 48 8 82 83 72 1 79 22 82 11 38 32 5 76 22 85 23 82 38 99 27 19 28 68 81 72 21 94 98 56 7 96 37 57 16 73 89 33 25 5 2 2 96 82 43 13 74 70 78 36 50 1 60 82 49 38 86 25 38 4 0 22 66 68 1 42 64 90 83 25 20 97 71 30 19 56 62 81 55 70 81 64 54 74 85 64 15 31 11 28 10 97
96 8 60 76 9 41 90 49 62 89 32 26 95 58 61 65 59 20 68 57 41 4 92 75 25 38 45 73 37 7 73 46 19 19 85 91 42 10 28 17 27 15 92 29 0 45 53 38 6 6 39 100 90 18 10 3 39 32 98 89 17 98 21 42 78 99 25 2 55 71 83 53 80 81 96 34 94 58 100 49 98 68 12 28 88 17 60 73 59 2 4 81 21 37 40 81 94 89 36 9 23 61 7 17 45 79 99 66 56 54 73 36 80 35 23 82 12 81 1 74 48 57 47
52 26 73 17 81 75 37 22 69 1 27 38 54 100 54 58 37 43 66 9 37 51 48 96 63 23 64 27 100 12 33 87 46 55 89 35 96 19 57 72 17 36 68 87 45 55 75 22 27 64 29 12 43 78 50 61 93 67 88 98 2 100 65 44 97 75 59 68 11 2 78 94 15 7 23 18 71 89 66 61 73 46 58 22 37 21 81 38 0 45 31 69 71 17 83 50 79 35 57 64 41 9 87 53 29 53 93 35 64 11 100 13 90 45 80 69 56 93 44 73 71 14 39
46 65 19 78 47 8 9 67 0 30 76 18 13 32 99 42 18 12 72 12 44 31 20 10 61 52 20 76 2 12 49 94 92 5 0 92 88 75 91 0 31 74 11 76 80 82 99 72 49 51 90 11 91 96 7 18 47 16 4 17 21 7 56 4 43 97 59 31 8 62 10 94 83 4 78 41 34 11 96 63 33 48 1 76 31 96 54 23 66 33 77 70 31 69 88 9 20 26 95 59 15 68 81 45 54 61 82 47 69 41 26 74 50 60 86 66 30 83 18 29 41 7 32
65 7 60 100 61 35 7 2 62 79 69 71 45 85 5 61 97 30 16 2 79 30 39 73 97 80 100 28 70 7 44 27 1 97 35 18 95 93 70 55 52 18 27 47 58 10 70 97 39 85 41 73 50 100 19 51 15 31 49 71 39 38 26 94 28 25 38 100 48 6 17 67 19 98 43 9 63 35 60 83 62 84 69 79 19 65 30 73 58 59 72 34 1 71 4 33 29 45 66 25 29 51 85 79 86 96 96 93 65 84 0 64 7 5 51 2 87 73 38 91 26 38 25
78 73 42 41 3 62 26 69 13 52 23 27 97 92 77 15 97 4 41 66 84 88 78 56 10 72 19 28 55 93 15 60 68 82 7 60 72 89 24 100 47 80 57 61 40 17 83 86 27 43 14 70 14 18 18 92 90 27 25 62 72 45 28 95 27 53 35 92 69 56 38 67 39 53 55 75 25 24 80 51 16 54 71 13 35 35 14 66 34 10 36 92 33 15 53 89 86 86 67 100 8 40 79 23 44 91 48 35 98 59 25 71 50 47 79 20 52 61 94 11 93 29 57
31 55 55 4 9 41 93 10 10 29 42 29 72 1 71 30 44 47 15 99 73 10 44 4 72 56 4 13 6 54 99 89 60 22 47 67 74 39 0 33 4 4 12 92 21 22 27 35 27 80 48 40 14 84 36 17 73 8 58 81 26 65 67 69 95 28 93 32 58 17 58 90 28 32 75 14 98 38 49 78 52 94 36 34 55 80 91 11 46 49 25 1 64 76 21 39 40 57 54 14 23 38 13 55 33 50 67 26 94 22 37 55 1 84 46 8 57 68 14 72 57 47 57
81 27 84 12 32 50 33 5 84 21 27 84 5 43 43 34 70 20 16 17 87 65 4 39 36 63 31 63 75 96 57 42 80 59 54 1 24 16 23 90 2 67 84 11 8 63 3 22 77 36 9 12 18 46 15 35 93 86 11 48 41 67 99 89 53 56 83 14 29 78 99 89 70 62 12 9 20 28 21 8 45 44 52 4 13 20 37 12 62 77 77 30 68 6 62 85 99 96 2 2 87 72 43 63 40 47 63 80 14 41 41 15 66 89 86 28 36 25 65 54 14 11 89
7 25 47 83 42 49 60 42 84 1 5 50 40 46 87 55 96 93 43 15 26 26 8 52 17 9 54 42 41 59 58 40 72 10 44 68 98 44 40 22 76 67 27 100 2 16 8 70 92 99 29 66 94 21 97 34 30 12 25 33 74 92 43 94 86 99 14 74 80 58 70 44 76 9 75 29 100 92 91 47 39 87 86 100 28 38 65 40 92 32 62 2 41 7 48 27 32 9 22 41 29 47 56 45 23 60 82 44 30 87 48 92 73 5 69 29 70 32 65 37 79 87 5
25 62 96 5 76 63 75 58 58 72 82 50 34 69 58 18 38 48 78 99 34 67 48 65 74 2 98 8 8 61 69 94 56 45 93 100 10 83 72 49 78 77 79 41 12 83 36 95 30 96 65 50 91 40 12 70 32 94 13 68 9 54 41 53 85 39 80 25 59 49 17 15 95 1 60 50 6 40 53 8 45 9 94 87 60 6 46 65 66 90 42 94 72 49 60 19 34 51 55 91 31 9 53 50 38 63 61 73 47 34 8 26 31 53 99 52 27 23 12 40 10 18 91
48 61 64 56 35 71 90 86 65 70 95 31 74 91 60 29 4 93 37 58 2 29 15 76 6 1 62 94 47 46 42 7 19 20 13 61 82 30 9 19 59 50 49 67 79 34 26 40 0 56 62 2 68 85 22 84 86 76 36 88 98 93 76 61 39 44 66 49 44 35 66 9 93 32 42 24 62 90 73 80 96 36 42 38 31 79 36 24 62 64 9 88 96 18 50 84 63 76 13 4 22 75 47 18 70 30 54 0 43 50 29 36 80 83 66 37 70 90 68 47 58 99 32
23 25 39 67 98 53 63 7 100 81 34 6 13 60 12 25 20 81 16 65 19 51 77 58 100 76 43 56 76 70 15 17 5 36 40 22 26 77 35 2 44 21 58 13 53 77 64 76 0 96 69 75 2 97 66 33 79 15 4 76 83 13 92 30 94 67 20 73 39 63 63 83 0 56 59 72 8 68 25 51 56 52 50 56 17 60 92 85 88 59 3 28 93 23 60 77 33 82 70 38 37 30 20 66 13 12 99 6 100 11 21 44 8 27 69 4 19 88 31 78 26 49 58
45 16 35 66 17 34 89 2 21 93 23 81 91 54 77 14 83 40 83 26 47 0 27 89 35 82 3 49 89 4 89 79 4 93 40 79 34 87 46 49 31 18 4 26 86 68 30 95 1 95 14 30 57 13 2 89 68 68 51 26 86 18 89 51 16 65 48 95 28 32 63 50 47 70 66 75 83 23 96 73 31 45 50 99 15 7 73 65 49 68 91 85 70 56 16 15 82 22 4 84 35 56 91 89 49 89 39 54 14 94 6 96 38 99 4 65 18 46 23 33 48 6 62
50 32 20 50 59 67 17 53 22 86 46 90 45 15 24 67 38 24 89 62 31 5 38 4 59 70 48 4 13 91 5 91 31 9 53 51 52 99 51 26 88 20 19 89 73 79 43 47 62 29 20 54 93 40 59 23 85 71 86 62 3 43 51 24 75 15 49 67 12 95 55 10 31 49 81 99 76 82 41 98 13 82 87 79 46 3 40 30 73 63 3 6 81 100 96 4 18 24 68 53 38 91 1 31 82 47 69 45 35 56 56 47 22 63 21 2 52 20 96 54 25 27 76
54 23 97 36 5 84 1 53 91 90 77 30 2 7 75 93 74 83 4 14 29 54 6 68 74 50 17 18 23 30 81 35 76 100 45 90 36 61 15 48 5 84 39 39 48 66 16 77 28 60 59 27 49 33 32 17 86 47 90 16 24 29 77 97 87 87 17 21 59 63 60 39 15 63 30 24 41 4 82 90 7 39 92 39 81 4 56 72 8 49 36 3 85 87 82 89 55 1 23 29 71 65 75 79 12 41 93 50 38 86 48 84 30 13 83 42 97 46 4 68 98 8 94
76 5 62 73 48 38 0 60 1 34 55 33 53 54 55 19 16 75 75 39 23 63 11 60 39 44 21 82 16 42 69 50 46 59 60 62 65 52 14 44 64 28 70 95 84 49 47 73 44 70 47 0 8 50 21 33 94 50 33 43 70 71 70 3 96 55 23 49 83 98 8 79 93 74 45 45 32 45 51 43 85 93 15 44 61 31 45 87 33 4 94 56 8 74 1 56 86 41 70 38 75 43 35 9 8 60 4 69 77 75 34 10 72 12 26 18 45 76 31 4 32 68 17
2 6 57 6 18 77 60 94 3 95 57 22 71 48 77 63 74 57 5 83 38 21 31 0 37 86 13 33 65 10 15 80 7 12 68 60 91 85 94 72 99 95 99 85 71 45 58 19 23 99 21 43 89 91 44 41 22 36 45 31 31 56 17 65 82 32 100 72 17 79 97 22 10 72 26 8 55 12 98 58 48 1 3 99 37 71 69 28 49 81 65 7 15 60 31 12 33 97 33 80 13 94 10 94 43 58 17 51 62 19 100 24 92 1 65 69 18 34 11 87 9 8 91
88 46 86 39 5 82 42 26 17 86 9 39 81 8 32 74 71 99 71 81 94 97 87 22 19 70 90 71 35 76 57 40 70 53 41 100 63 21 100 39 26 36 23 36 31 96 99 17 76 6 34 60 37 62 55 59 41 5 6 86 82 91 73 48 81 36 53 62 77 12 11 0 73 98 31 89 70 17 75 34 5 70 28 24 5 7 79 98 39 52 56 7 5 49 15 5 85 26 98 85 99 26 44 14 76 55 63 64 40 31 63 32 71 54 78 29 36 25 67 100 81 17 17
4 91 7 81 70 58 3 53 90 45 44 100 89 62 2 4 81 85 77 100 82 37 97 77 33 50 0 89 49 43 69 58 16 6 70 26 88 24 91 6 1 80 99 71 83 89 56 29 41 11 22 81 23 35 21 92 62 11 47 77 100 100 89 23 32 67 52 86 67 72 19 4 26 62 41 63 48 85 68 24 33 77 71 100 83 67 22 79 73 13 82 40 79 95 91 39 11 22 34 15 75 77 12 15 40 10 68 58 13 54 25 18 98 58 93 53 17 18 11 37 57 47 0
43 19 42 80 76 55 79 44 25 49 76 91 81 61 53 33 12 23 3 13 76 15 44 26 5 68 13 38 52 50 87 73 80 33 23 15 50 24 9 100 3 13 2 35 7 50 8 15 75 7 52 70 84 58 48 92 81 71 10 32 33 52 91 19 19 74 11 35 12 16 64 93 36 44 29 12 83 78 83 52 7 96 67 5 48 54 8 6 58 40 6 79 34 34 91 27 56 74 76 31 70 75 43 57 23 87 11 52 88 86 57 96 77 6 53 19 96 75 50 99 40 1 52
44 54 1 66 89 24 58 29 91 54 96 20 38 40 8 40 49 23 42 87 96 56 93 62 13 67 19 41 32 19 82 8 36 57 68 50 46 10 66 89 86 94 76 74 93 18 7 74 59 56 92 16 17 79 9 31 22 93 22 26 88 17 68 93 22 14 96 96 72 63 48 76 15 38 82 63 14 1 0 87 43 89 67 9 51 33 27 21 97 0 22 57 100 92 63 33 2 47 74 74 83 97 15 98 29 95 31 70 19 75 95 88 33 10 5 90 50 51 3 48 77 88 7
80 61 97 69 48 21 82 23 62 81 84 99 0 2 20 4 88 16 25 8 36 44 46 48 68 3 28 65 52 30 60 49 36 66 32 84 51 14 71 85 93 90 41 22 24 5 6 43 6 80 42 60 61 30 61 57 73 33 8 26 44 66 81 18 46 44 84 30 82 50 79 13 22 87 66 43 89 37 67 26 95 21 34 78 30 8 70 75 3 74 3 22 25 26 33 40 81 91 21 26 99 87 36 29 33 54 52 81 40 97 17 83 99 22 80 66 83 0 54 78 28 59 74
16 49 55 13 13 97 24 85 59 1 81 16 73 44 53 96 22 47 65 0 12 9 99 37 63 35 64 97 10 49 41 50 46 41 9 59 18 8 15 87 93 7 59 48 17 56 72 40 70 57 44 8 75 0 12 82 79 64 36 73 50 5 21 15 10 17 28 17 93 93 78 54 88 45 55 41 13 85 80 87 90 58 36 71 75 0 36 18 44 31 4 50 26 93 23 27 0 33 1 72 18 82 70 27 56 58 19 78 36 60 43 72 100 5 51 3 16 62 86 90 1 87 58
7 88 62 59 32 61 80 100 69 42 19 8 6 64 18 37 35 58 68 50 86 29 75 8 60 11 100 49 31 81 44 83 80 24 72 73 41 46 18 75 90 88 82 69 15 42 34 56 29 28 86 59 33 8 79 86 3 24 33 97 85 5 88 54 31 65 87 5 4 42 64 89 98 2 31 14 96 70 84 12 79 2 94 98 53 17 96 14 74 100 90 2 68 87 44 17 15 5 20 28 58 68 3 9 71 56 34 43 55 62 36 84 91 97 90 19 2 87 4 68 53 42 32
23 72 95 57 93 79 38 68 80 80 90 43 50 96 27 50 46 47 97 65 72 17 94 3 16 83 63 15 99 84 40 66 51 31 29 68 30 89 58 15 68 100 42 57 71 27 68 67 45 36 48 60 4 95 82 73 67 31 81 81 4 80 71 30 56 48 28 99 32 87 71 16 42 33 88 30 74 82 54 49 30 23 100 7 31 22 77 17 46 44 84 90 17 22 49 46 69 49 63 50 84 52 42 26 45 2 68 46 20 2 30 58 43 65 20 37 29 25 11 37 20 23 47
43 93 58 67 32 93 97 67 36 35 53 0 14 84 62 57 25 67 32 54 77 82 6 41 68 11 63 46 67 42 22 36 10 52 18 7 16 2 49 93 24 26 2 88 29 30 72 92 35 18 38 30 70 31 55 34 33 70 13 18 50 52 3 15 8 54 37 73 2 61 85 32 1 5 93 3 5 84 92 69 79 80 0 51 5 75 1 95 41 36 25 97 94 92 68 76 78 40 68 20 88 38 32 89 53 17 70 84 52 85 87 38 69 6 41 68 47 85 96 33 72 0 40
73 91 69 19 26 15 66 11 43 27 1 11 6 61 26 76 57 22 97 67 62 84 43 5 96 100 35 86 33 15 10 17 65 80 97 84 92 5 62 11 34 44 59 8 33 33 17 77 9 0 17 49 35 8 84 90 53 90 90 70 44 91 98 62 23 2 19 42 63 95 77 6 51 51 88 0 38 37 4 25 31 11 15 90 81 25 17 70 48 83 19 64 85 44 86 58 32 42 7 82 71 99 11 49 3 90 28 45 13 65 17 24 96 72 89 91 52 34 95 3 11 81 98
35 67 60 93 2 8 25 99 56 100 74 84 85 7 6 86 41 63 24 35 71 20 61 2 64 52 7 60 38 36 94 50 81 78 18 14 73 78 67 55 1 64 29 68 89 49 88 4 41 12 82 33 34 30 63 74 60 65 77 86 30 95 99 29 17 92 70 59 35 30 7 26 53 39 22 70 47 100 34 2 31 63 57 64 61 3 42 59 53 9 17 45 99 100 37 58 27 58 1 38 21 91 78 98 18 10 9 28 2 15 51 16 57 72 62 38 26 8 20 34 84 58 60
34 38 13 12 63 0 54 77 3 73 72 35 80 78 87 17 40 17 39 70 33 67 52 33 42 86 87 9 75 8 3 52 42 86 24 87 36 97 78 52 32 14 23 5 9 80 61 69 74 66 71 64 42 16 8 10 31 63 84 90 83 53 13 57 45 52 21 95 79 88 3 59 53 39 8 52 25 94 35 85 91 66 49 89 56 26 53 88 33 32 48 43 0 75 34 47 59 89 45 95 72 65 68 72 4 34 24 21 39 68 46 20 11 67 34 94 3 10 45 2 61 83 99
65 64 37 71 14 97 94 29 40 56 0 37 56 67 42 36 92 95 80 32 80 91 77 38 27 0 13 51 55 36 86 63 74 43 51 61 31 98 92 76 34 17 40 29 28 57 32 58 48 37 32 40 11 97 16 14 33 17 85 97 14 81 41 87 39 45 38 93 76 38 51 96 36 32 29 73 8 62 13 84 5 15 38 22 54 22 52 1 96 44 94 98 47 54 43 76 44 97 65 12 71 62 12 3 45 91 59 78 99 6 27 89 50 38 1 49 5 68 90 19 79 97 86
44 59 62 73 64 71 34 56 83 82 35 50 39 82 99 52 46 79 77 55 79 53 15 12 76 71 59 31 76 53 29 14 75 53 68 55 98 88 15 59 35 53 24 83 34 8 91 43 84 48 65 71 63 31 88 18 21 75 20 89 0 46 50 31 43 49 99 26 66 13 70 3 38 70 40 68 12 31 51 84 36 72 10 20 48 88 83 64 15 91 44 40 0 34 37 29 74 45 32 68 82 83 66 12 89 34 38 92 34 24 83 35 68 84 66 85 67 75 13 88 21 65 8
17 6 79 80 43 75 92 46 57 22 21 93 36 59 78 66 48 53 94 24 69 24 7 43 75 66 51 5 39 66 30 42 14 99 7 1 94 34 21 56 15 55 62 84 93 50 65 2 33 47 11 24 98 27 61 12 11 11 33 39 96 48 1 4 12 69 97 94 24 95 0 6 17 29 59 97 48 15 20 7 10 66 62 90 93 24 98 80 60 14 26 37 86 0 17 75 54 30 79 94 34 75 42 36 90 81 74 67 17 40 38 64 48 94 60 19 92 24 100 20 26 62 100
18 29 55 92 98 100 50 72 60 67 40 97 97 79 45 12 39 71 45 13 18 13 25 83 99 20 97 22 18 9 62 74 23 77 88 85 48 57 44 3 44 55 76 12 96 2 89 6 49 12 53 67 49 97 23 3 70 72 89 42 53 67 12 43 43 43 57 76 27 74 66 3 69 58 28 45 6 74 36 57 29 66 96 67 67 43 56 57 20 4 39 0 15 87 21 99 99 89 67 0 8 67 41 20 35 75 100 93 96 27 1 81 70 21 79 47 54 94 37 12 15 33 99
74 2 65 97 44 15 73 85 34 23 84 57 86 94 71 28 75 10 69 53 60 57 93 31 37 71 25 21 78 79 35 63 5 49 82 62 26 53 97 3 36 85 59 45 47 85 92 44 34 24 80 39 7 42 72 77 48 29 61 87 37 26 84 46 18 84 23 1 49 88 23 98 98 0 16 36 36 25 78 67 2 18 98 83 43 46 9 89 78 19 3 93 15 48 60 12 96 44 95 23 42 2 82 44 59 85 59 10 25 35 78 4 78 63 71 3 7 36 55 9 47 14 93
7 76 43 6 55 88 97 1 39 25 16 32 64 2 70 100 85 51 70 52 29 79 0 66 5 92 83 4 3 58 95 20 95 80 40 21 21 28 51 77 85 5 84 13 14 92 35 30 47 60 54 23 67 16 80 87 43 49 75 23 6 57 97 7 43 23 87 96 17 12 57 61 61 78 46 36 30 83 43 55 31 44 91 79 56 45 34 65 98 28 55 74 82 60 21 19 51 8 54 47 27 9 18 89 1 36 63 72 85 81 43 19 15 14 35 91 40 3 63 67 90 46 48
49 100 17 50 33 73 36 27 29 71 99 44 96 25 6 55 68 83 0 80 70 38 21 45 18 41 21 93 62 31 94 41 51 21 75 86 46 2 66 55 50 54 53 35 9 19 1 3 66 63 44 85 47 19 66 38 2 74 89 58 17 92 92 91 82 2 45 96 70 17 20 48 35 41 87 24 58 1 32 97 70 81 100 98 53 16 72 87 40 26 16 1 92 72 42 40 93 65 37 12 100 65 31 67 25 29 52 98 80 90 87 70 39 2 66 26 0 32 41 83 56 30 57
12 95 52 87 3 76 30 97 38 60 16 25 49 82 47 74 97 75 84 62 95 0 61 50 43 45 76 77 62 6 56 56 2 25 75 5 23 50 91 97 52 91 51 99 98 74 100 16 56 66 35 12 91 90 96 80 37 43 80 12 53 97 92 10 55 91 26 100 96 84 50 44 50 16 11 62 77 66 25 18 38 86 45 18 57 80 20 1 12 97 14 76 20 37 73 12 43 3 61 45 8 88 76 43 96 39 93 93 13 75 24 0 40 21 97 77 17 88 7 47 75 34 0
23 59 65 63 14 5 52 69 83 4 22 21 50 12 41 28 50 92 77 28 30 55 28 61 64 34 69 45 30 8 40 28 31 48 87 44 41 43 53 12 37 80 89 1 36 98 41 16 6 75 32 100 13 5 77 90 25 80 37 30 32 27 99 18 0 46 65 43 91 74 35 75 43 4 0 4 20 7 27 10 99 81 34 50 92 65 85 8 25 26 10 85 30 57 61 79 59 61 92 2 89 13 62 33 100 87 63 87 78 95 99 78 59 30 20 14 52 30 44 93 8 4 60
22 8 57 36 50 92 20 69 15 28 13 72 46 100 94 28 57 42 81 29 95 3 3 67 81 74 72 34 66 33 55 57 95 16 1 46 47 17 50 83 33 52 59 74 35 20 1 45 63 35 70 31 32 46 60 12 59 41 5 84 60 71 48 73 77 81 93 91 2 74 14 84 73 79 39 18 17 51 16 31 65 11 92 69 79 94 1 45 17 78 42 86 4 72 6 62 26 86 40 75 92 65 92 94 94 34 2 36 81 45 62 84 58 99 63 90 83 97 93 94 74 11 38
24 38 14 97 26 53 98 75 86 73 36 98 59 3 37 58 99 36 79 8 96 55 69 88 11 94 87 96 83 90 34 44 10 87 4 78 14 98 80 71 86 98 40 72 52 21 23 41 11 44 59 51 92 84 72 27 21 6 43 89 66 84 50 100 81 5 48 5 33 92 51 82 0 89 45 68 27 55 98 23 50 13 34 37 66 97 17 79 64 23 57 56 3 83 73 19 26 34 31 2 34 22 99 63 12 47 73 33 74 35 12 41 28 74 60 56 73 66 91 78 68 95 35
60 58 86 94 79 27 75 6 61 34 29 18 22 11 18 59 2 74 18 0 35 6 81 3 91 41 27 40 17 92 98 25 66 79 43 57 36 49 43 11 86 27 23 34 31 40 16 40 92 57 18 72 26 100 9 35 30 81 12 58 76 96 53 39 1 68 78 4 92 64 99 37 41 6 70 57 55 31 52 48 46 72 78 94 20 41 38 43 44 82 91 39 28 47 28 62 53 79 95 7 98 18 82 79 38 77 96 11 67 61 97 67 46 40 74 61 42 4 32 51 48 7 59
56 80 52 94 23 78 43 78 10 35 51 70 82 93 73 83 94 55 98 93 8 77 61 98 59 33 36 58 88 20 79 17 5 56 84 1 97 76 91 11 75 19 23 27 16 72 32 95 85 76 57 7 1 24 19 94 90 80 65 4 0 7 38 63 86 62 90 91 97 62 81 57 80 0 45 19 54 87 63 20 74 62 89 8 28 64 87 49 9 14 54 36 26 52 15 29 59 33 28 79 85 14 52 4 34 38 87 44 90 82 37 64 26 70 9 52 40 87 35 25 82 93 78
84 77 44 96 96 71 14 46 80 52 99 23 49 72 44 16 14 32 57 50 90 84 58 80 77 70 87 66 23 61 94 80 63 0 23 92 65 6 96 93 55 1 55 69 4 71 44 91 10 43 2 35 27 6 37 91 59 3 38 2 56 66 74 51 63 74 16 69 43 42 22 83 93 53 98 60 48 27 43 99 75 64 89 49 8 36 46 39 39 15 31 26 64 91 49 68 98 61 80 35 8 18 82 57 10 24 14 36 11 94 82 31 78 9 59 69 0 65 20 53 46 25 57
72 19 54 95 64 71 26 31 14 37 49 94 73 66 63 49 26 71 39 48 58 0 20 11 36 10 60 77 27 45 47 95 12 23 20 92 29 52 75 24 50 11 95 60 20 81 22 12 95 88 0 87 15 30 1 87 33 57 69 36 59 12 89 2 14 54 45 14 83 47 36 80 6 4 87 36 74 19 0 71 89 0 11 66 96 33 14 71 29 58 48 37 94 54 69 82 75 5 66 50 65 62 44 43 81 74 37 30 94 12 63 75 55 11 94 58 13 32 77 31 57 58 31
93 50 74 60 4 16 10 73 2 35 39 69 41 32 66 82 58 93 83 33 94 11 41 77 28 7 1 40 65 53 84 11 29 59 80 57 73 65 65 2 83 99 18 97 65 79 3 84 15 6 88 50 81 76 99 95 92 20 13 2 27 43 66 76 16 5 89 1 61 71 14 28 83 75 12 21 84 86 27 94 88 54 19 8 67 45 42 61 88 36 69 7 3 63 30 76 11 14 84 85 81 93 52 29 1 65 85 86 61 80 16 39 38 45 4 51 52 57 85 50 78 60 48
68 32 22 93 7 89 57 100 32 20 93 7 87 26 76 40 55 85 95 43 8 6 20 90 14 36 88 82 32 40 84 25 2 36 17 68 12 26 84 84 0 90 57 20 5 86 54 83 100 51 45 29 93 1 43 29 57 34 70 88 27 27 58 11 98 22 99 83 86 16 5 69 83 11 58 17 19 31 15 77 22 76 80 98 58 4 2 65 65 89 93 57 6 82 4 89 13 1 1 43 22 33 24 4 86 35 68 94 5 77 43 65 9 92 9 19 33 6 87 81 44 5 0
57 88 33 41 65 6 33 63 100 33 7 15 96 76 91 1 55 72 47 23 1 10 22 7 14 81 92 62 69 48 88 86 26 57 26 17 73 31 14 45 71 12 25 98 79 59 56 2 95 29 56 90 12 11 34 62 42 35 24 10 55 41 79 81 1 46 61 89 82 11 84 88 41 79 54 76 52 34 71 97 6 31 72 70 71 44 75 53 9 80 94 57 91 6 47 15 44 73 44 41 26 21 51 37 81 57 3 43 83 2 17 44 95 72 45 61 1 41 21 69 77 62 34
15 97 50 73 8 84 2 76 49 76 32 16 43 27 50 94 8 70 48 87 41 95 71 71 41 92 21 35 100 16 29 40 16 82 35 95 70 70 33 12 13 46 30 65 63 37 96 6 12 41 100 94 22 66 77 72 84 30 20 96 6 40 64 79 36 42 38 40 49 74 99 11 91 67 87 16 93 73 81 72 68 99 28 9 18 8 12 78 30 52 16 5 55 69 84 85 33 15 89 19 71 91 11 59 83 23 37 59 68 60 39 27 6 91 47 74 24 34 0 100 20 58 70
20 69 73 14 100 97 60 31 64 19 82 98 70 26 16 59 7 26 46 73 36 5 91 83 89 93 79 36 31 62 86 49 88 31 10 99 5 18 66 99 82 0 68 66 10 37 61 44 51 76 49 77 70 0 69 58 90 18 4 43 32 15 78 95 71 39 74 68 91 76 63 65 26 65 69 48 81 12 62 64 71 17 18 30 35 84 50 19 83 70 18 92 14 66 25 7 39 34 48 6 61 78 5 82 61 61 65 39 26 52 7 26 19 18 40 32 25 77 22 50 96 66 40
50 73 17 54 99 96 21 61 5 16 12 37 17 8 44 49 58 93 37 63 4 6 5 57 12 42 67 62 38 71 51 3 54 65 32 25 4 83 11 11 64 98 71 49 48 78 78 7 6 89 65 84 52 33 10 29 79 89 96 17 17 42 52 92 65 84 13 83 67 14 59 75 86 84 55 31 46 76 89 22 71 1 0 43 68 83 5 0 9 12 35 48 77 44 12 49 79 59 19 61 10 57 100 50 37 70 73 37 71 8 79 63 71 3 16 10 29 42 31 68 12 37 61
31 13 37 11 59 59 31 87 98 91 35 58 48 82 41 65 1 93 47 86 97 63 84 88 17 53 67 45 4 72 41 62 100 95 66 6 29 1 91 0 36 53 18 84 15 10 98 97 16 46 41 11 53 32 20 88 59 45 46 27 19 0 3 67 95 89 41 91 31 90 45 66 8 17 15 12 94 94 64 42 20 96 30 31 87 23 98 73 88 84 66 89 83 67 56 22 55 52 90 18 33 42 54 79 21 85 87 87 81 42 2 91 53 5 38 74 99 79 88 94 19 36 0
29 3 28 70 47 31 12 71 71 12 61 32 74 20 46 22 91 97 32 80 29 68 5 66 25 4 94 69 5 100 91 13 52 92 66 95 33 84 94 85 100 86 96 65 73 94 41 8 58 69 56 72 30 48 10 45 17 28 21 48 3 65 63 18 86 83 76 53 39 36 86 93 33 4 25 63 83 3 40 75 64 100 65 7 52 93 27 13 70 92 87 19 71 95 35 53 100 91 31 73 84 96 89 49 93 33 19 93 59 28 37 43 8 51 65 95 15 8 31 61 88 0 15
67 99 48 0 17 75 74 36 71 2 73 97 92 5 28 90 9 27 0 70 70 27 25 2 86 1 72 79 100 95 28 24 8 23 47 3 52 44 29 94 12 32 74 47 20 92 38 65 75 48 51 84 94 79 4 9 99 68 38 51 100 71 40 10 23 65 22 11 92 11 21 3 59 32 39 90 65 39 23 88 31 81 39 65 9 31 1 60 62 93 9 21 100 14 8 57 96 39 28 71 37 30 59 72 78 46 98 29 3 14 95 56 100 27 95 27 4 38 55 87 7 71 91
35 67 3 89 22 55 99 15 40 51 11 22 33 72 60 24 40 54 42 9 12 47 93 47 3 95 14 25 70 84 100 74 59 21 73 81 86 62 90 74 19 49 9 66 88 89 43 57 56 50 48 61 16 31 81 8 70 59 46 60 40 92 46 65 58 85 12 2 6 4 70 27 60 63 94 46 6 45 92 38 39 4 2 93 97 55 1 33 33 92 77 40 72 59 83 30 48 64 94 44 42 11 69 87 56 8 79 72 40 87 62 42 13 18 40 2 99 71 98 20 93 65 23
50 48 35 60 76 68 57 78 38 60 17 30 58 88 37 65 34 47 59 83 62 8 66 23 34 23 48 90 25 35 3 97 94 22 16 86 45 100 55 96 2 70 17 11 59 87 39 18 6 95 93 100 0 60 74 30 20 74 15 82 31 93 4 31 87 43 78 94 29 29 9 91 25 16 9 7 82 37 16 29 14 94 99 7 9 91 66 53 95 7 23 2 5 96 90 44 82 14 90 91 31 7 85 24 24 19 68 4 10 46 96 100 24 70 48 51 97 86 41 63 50 73 95
29 47 71 56 92 34 42 51 14 46 73 59 18 47 92 99 36 23 11 26 79 50 62 75 64 89 89 57 44 99 75 7 57 72 70 86 76 97 88 98 79 82 51 49 74 36 68 29 100 25 99 49 72 73 16 38 97 43 4 71 39 83 57 100 28 96 3 48 15 82 73 16 35 88 1 61 91 70 10 87 84 15 22 89 11 24 48 13 52 12 80 49 59 45 33 83 96 97 82 3 31 55 98 38 71 36 30 23 59 68 69 72 96 59 40 43 48 32 98 26 9 93 43
99 75 97 89 74 60 48 48 32 48 42 56 81 92 30 87 86 5 46 44 42 3 66 86 5 87 72 98 92 1 94 76 20 2 48 0 15 58 53 5 57 80 22 78 96 6 95 18 98 23 33 77 41 4 63 52 79 80 61 29 6 87 50 41 85 20 65 46 20 34 11 64 80 89 13 26 82 77 59 60 92 14 71 97 26 51 40 33 17 45 60 6 21 99 85 99 25 57 91 35 34 42 74 50 15 42 5 97 32 47 12 8 13 92 21 76 90 83 60 71 75 55 1
31 29 73 7 36 87 55 57 27 27 80 100 25 39 39 27 72 18 86 13 66 71 23 37 22 44 96 35 61 31 17 46 19 76 70 62 61 72 2 40 17 98 96 86 17 9 33 64 99 94 17 18 53 37 51 74 29 91 21 45 81 41 64 73 25 17 81 47 25 92 56 36 6 7 27 100 81 31 45 17 20 71 74 29 51 34 75 10 51 29 42 91 49 13 13 15 1 51 87 39 31 56 81 7 65 14 31 47 52 40 33 57 60 41 12 49 22 51 19 0 49 98 5
40 83 94 92 62 26 53 20 44 68 98 27 20 59 84 36 8 70 63 39 13 21 16 5 45 11 4 27 42 44 25 15 98 94 32 70 21 47 42 48 22 35 65 77 4 2 20 94 80 58 58 46 92 29 66 64 8 0 94 89 14 98 21 81 15 43 68 2 37 66 99 33 98 20 16 93 61 97 67 69 29 5 6 40 65 29 17 24 92 89 87 77 62 89 14 5 18 50 20 57 43 69 79 78 4 73 72 43 67 77 21 79 84 18 8 29 52 5 77 5 72 46 30
56 0 82 13 32 13 74 39 14 46 97 66 19 38 85 28 39 43 51 26 38 0 13 49 59 98 9 76 15 36 54 65 22 17 3 4 99 86 82 4 35 7 39 69 11 67 38 22 87 40 45 59 80 13 41 90 43 8 93 93 53 4 9 68 15 87 80 0 82 1 10 78 96 13 78 28 14 7 58 7 44 68 62 55 86 7 43 95 1 59 1 52 51 50 81 67 21 39 72 32 5 43 93 26 98 9 99 45 33 81 73 42 41 60 10 35 91 32 34 93 57 56 13
68 52 13 38 86 45 0 37 57 98 51 60 96 60 64 11 28 92 44 65 59 28 33 24 36 31 3 1 82 17 90 92 71 90 19 42 68 43 22 8 29 85 55 80 12 74 61 78 21 94 90 5 81 90 99 40 92 100 15 25 52 91 2 36 30 51 96 89 51 76 2 67 61 49 48 65 73 65 80 84 58 68 23 88 69 96 48 90 4 89 77 69 47 18 10 0 92 48 43 93 1 86 95 27 32 87 96 60 50 10 65 0 2 87 32 68 17 96 28 77 20 66 76
91 62 1 13 15 78 46 52 47 70 25 76 1 44 32 78 33 55 30 23 35 15 26 6 38 36 91 66 48 13 40 12 21 89 46 83 90 35 94 66 75 69 3 58 45 46 12 100 19 35 87 99 21 77 100 33 89 90 95 79 59 67 52 82 12 99 9 32 42 88 49 12 47 28 56 45 92 99 22 10 23 58 36 1 41 89 44 40 26 97 92 30 76 72 87 22 28 17 52 58 98 3 69 17 88 96 4 66 74 53 34 92 26 56 63 23 10 56 93 22 17 32 12
68 22 43 84 1 44 14 77 25 62 18 35 70 34 48 49 4 16 45 4 73 97 35 35 17 50 14 43 89 82 74 33 28 76 32 94 8 80 37 23 33 66 46 31 57 60 52 65 9 23 98 51 18 27 55 55 1 58 1 46 3 74 95 25 79 7 26 49 91 2 12 85 86 15 15 41 51 64 53 67 32 73 6 8 70 97 57 61 86 82 37 95 80 33 18 9 27 70 10 84 90 82 10 23 65 24 7 62 10 14 85 65 92 58 64 28 64 17 9 79 18 47 80
98 47 87 29 24 36 73 38 92 45 21 17 1 13 86 25 86 62 87 33 95 13 74 25 0 100 82 47 64 31 7 25 31 31 85 80 5 64 68 21 29 97 44 41 15 62 6 72 94 0 99 81 87 14 20 36 71 35 54 12 59 34 100 6 30 80 21 83 42 30 73 53 51 57 7 1 9 66 10 29 18 27 1 22 37 10 26 89 38 92 3 26 97 95 78 45 16 64 46 87 11 1 32 88 3 90 10 15 8 72 22 13 42 14 23 67 74 92 5 85 76 67 3
22 43 52 37 76 38 13 61 82 5 21 86 35 98 59 36 45 10 32 3 41 82 90 14 57 14 42 41 43 100 96 6 56 23 98 41 50 71 0 76 59 74 67 84 90 21 5 84 49 93 38 9 16 71 47 55 8 33 79 80 38 97 43 11 3 16 29 57 94 49 24 49 36 28 22 19 18 87 46 59 15 1 13 16 57 59 10 33 68 96 58 91 85 40 45 81 89 99 38 45 26 76 70 5 31 70 8 14 58 61 22 27 79 33 82 16 22 10 14 43 7 16 75
32 48 89 24 29 27 6 49 70 43 34 38 33 10 77 98 44 64 6 82 40 27 72 72 40 62 21 93 40 83 82 43 81 94 49 29 33 31 10 5 99 41 45 48 47 87 32 88 27 32 42 72 48 63 56 96 21 9 40 9 60 46 95 4 80 48 24 98 15 56 0 72 53 8 35 18 57 92 35 37 47 44 12 73 97 79 76 79 43 44 14 30 14 34 73 95 42 74 62 86 71 90 30 12 72 17 73 35 60 72 57 89 36 26 82 100 8 68 90 12 36 50 84
77 33 9 54 54 17 78 1 86 22 5 68 97 88 87 68 78 7 22 75 94 43 44 94 55 20 51 35 71 67 32 68 81 53 72 100 75 78 28 19 27 17 17 6 55 33 97 85 0 86 14 64 43 19 19 76 30 43 1 64 13 76 30 84 71 27 14 32 60 47 71 35 36 37 14 70 16 42 83 26 1 80 39 38 40 8 100 38 54 10 19 85 4 56 22 3 58 18 84 67 48 82 4 71 57 61 17 71 96 96 10 53 14 10 41 86 86 1 43 11 19 80 61
15 3 59 61 45 14 64 67 36 24 11 79 44 44 18 68 23 22 18 21 65 9 42 72 38 34 56 41 54 41 52 93 69 22 46 78 25 55 61 31 73 83 63 14 28 58 57 90 24 24 71 82 84 92 94 60 49 50 70 13 78 79 27 70 83 80 90 15 16 18 14 19 89 93 83 71 61 42 91 55 24 33 78 63 61 60 84 20 6 19 63 38 75 88 92 100 24 88 9 18 71 52 79 36 7 78 59 81 99 43 43 39 7 79 10 11 51 28 84 7 72 89 99
68 27 54 69 96 29 78 61 76 91 22 0 23 80 15 18 59 36 65 20 54 26 32 41 43 80 41 0 38 0 90 98 6 54 15 69 18 98 24 77 20 33 54 79 23 40 44 69 75 49 50 51 5 61 90 20 53 23 27 37 17 61 30 85 74 63 0 50 78 37 73 92 67 74 13 35 23 75 65 64 49 2 14 64 77 2 34 53 38 46 8 81 84 25 32 82 41 84 18 11 22 36 14 33 8 90 7 95 44 19 57 54 30 75 90 38 90 81 9 80 50 11 15
15 34 70 33 53 27 26 17 39 54 12 9 88 100 24 51 36 7 88 6 52 77 68 44 89 4 66 61 90 19 48 53 80 86 7 2 95 13 57 60 77 29 78 22 46 86 11 59 6 40 51 53 100 23 18 76 7 12 37 86 48 15 64 77 31 49 33 55 85 27 51 83 81 93 35 63 78 72 38 91 63 37 51 33 60 73 50 55 97 49 16 41 44 51 74 47 90 30 76 54 10 60 16 98 64 42 79 71 97 47 5 43 45 95 89 24 24 31 100 31 65 24 43
97 16 75 33 11 84 42 71 57 75 78 38 93 0 16 94 97 92 20 46 10 45 64 6 66 12 49 84 88 68 41 58 66 54 52 73 70 70 61 58 39 45 36 40 50 17 23 19 32 99 96 72 83 92 52 97 66 72 33 36 81 73 70 41 27 68 62 82 52 16 11 49 94 88 6 13 46 62 100 88 53 10 19 41 34 18 12 47 84 76 18 38 34 70 37 70 18 18 81 48 41 69 18 23 9 58 0 78 10 86 91 78 31 15 20 10 0 20 53 21 17 79 76
86 33 4 84 90 20 97 73 65 74 32 17 95 89 90 92 48 26 92 57 0 36 69 78 57 48 33 49 97 97 1 3 8 54 57 18 37 15 40 9 70 22 66 15 20 100 88 73 74 53 80 57 40 56 6 33 73 75 20 24 84 99 24 88 5 0 33 65 49 77 59 10 10 63 30 66 88 29 73 16 24 54 99 39 17 88 20 90 19 20 90 94 4 33 5 13 90 10 46 66 1 37 25 59 95 45 61 58 29 96 3 75 89 90 67 90 59 90 28 82 51 86 93
41 76 64 54 52 26 27 45 47 29 76 20 53 79 48 71 93 94 77 43 22 64 88 3 80 0 84 72 54 72 30 40 48 64 39 7 24 59 10 72 48 26 85 75 94 20 77 75 9 40 27 12 0 70 17 73 74 45 51 42 24 96 16 97 30 76 53 29 55 74 74 21 57 2 61 92 60 6 22 67 76 9 59 74 59 65 99 34 72 53 8 28 40 24 36 31 85 91 28 27 8 4 98 32 75 86 31 39 7 2 36 87 73 43 1 81 65 31 65 66 31 90 46
14 62 83 1 26 63 61 25 62 88 20 75 15 64 8 50 22 78 73 21 22 35 17 29 34 19 30 54 42 18 24 49 92 56 73 64 23 18 15 14 33 12 14 34 7 97 21 80 12 62 0 28 11 32 67 61 19 41 80 49 33 5 79 26 84 100 29 11 41 38 43 45 46 26 69 72 57 80 36 8 48 30 41 80 54 14 13 13 47 24 10 66 9 53 70 17 80 28 18 59 88 95 60 77 38 54 69 7 33 11 86 57 29 36 85 9 66 1 86 20 9 37 41
6 60 64 13 3 94 88 24 91 4 80 81 90 18 23 12 53 63 18 0 11 62 7 84 79 6 34 52 66 63 90 25 42 44 52 79 9 22 1 8 78 32 93 63 38 23 33 82 36 32 56 40 96 32 84 97 47 40 88 52 90 53 37 76 61 95 11 37 46 64 27 25 74 37 100 99 42 22 48 48 91 66 56 67 7 23 72 28 44 69 68 9 27 22 34 83 48 96 98 45 88 19 8 58 34 33 0 45 34 37 20 60 12 53 20 85 58 34 49 99 91 63 14
87 46 67 18 28 11 7 35 56 26 88 57 18 7 60 24 19 17 99 33 7 60 69 15 63 58 54 72 58 2 24 16 59 66 92 14 18 96 67 29 17 29 84 80 30 69 16 34 37 55 68 33 53 81 26 91 19 82 88 88 62 59 7 84 54 1 68 4 48 12 85 48 93 40 79 3 90 15 38 32 15 0 67 27 77 15 8 65 60 0 43 53 32 57 6 55 42 42 82 10 53 59 49 60 12 27 39 77 58 56 42 60 9 55 15 35 67 8 76 11 28 82 96
98 7 48 34 95 96 88 4 96 87 2 39 24 57 23 90 22 3 96 47 93 24 28 49 38 37 71 1 64 38 47 41 3 40 55 13 95 93 65 3 82 59 15 3 20 67 86 37 56 5 61 65 92 28 80 78 70 55 24 57 86 4 33 66 48 27 19 65 3 0 10 73 90 77 55 17 89 2 76 55 63 97 72 75 14 39 21 4 45 36 8 65 37 15 66 15 26 99 23 99 40 76 38 67 73 84 39 6 29 37 44 23 80 63 92 29 60 43 62 96 91 42 78
75 90 88 10 84 86 31 32 65 31 48 62 62 81 33 45 43 66 16 38 1 48 56 13 67 4 68 98 90 68 19 25 7 31 10 44 30 83 96 24 92 70 78 19 35 11 92 46 8 59 63 19 45 33 88 28 79 27 31 93 61 94 83 35 12 27 34 26 13 1 35 68 40 93 12 4 4 76 34 25 21 80 55 97 76 16 14 93 65 46 82 58 58 33 18 13 38 48 56 22 88 86 64 92 42 20 61 57 86 80 89 60 42 25 96 37 68 49 94 92 79 20 91
91 29 90 54 83 20 92 12 95 100 90 57 35 88 9 23 38 52 4 48 95 97 99 52 24 16 73 39 81 54 3 68 5 16 47 5 53 18 31 86 61 12 93 79 8 0 1 32 22 21 8 77 1 18 87 59 48 4 94 37 99 53 29 17 24 93 87 53 51 18 80 48 70 30 62 52 77 62 15 51 94 49 45 86 14 66 98 100 60 75 70 7 33 88 89 26 53 2 46 74 21 48 22 72 23 73 41 68 16 75 65 15 86 46 72 58 55 29 65 6 29 49 79
88 36 8 51 61 34 65 36 24 66 89 86 38 15 53 28 85 41 29 26 16 84 57 87 10 24 3 37 51 82 53 69 5 51 23 21 37 73 83 26 77 89 82 68 72 23 7 63 65 11 59 91 43 81 48 3 68 40 42 18 31 27 85 82 57 83 68 92 20 90 17 72 7 32 52 22 33 13 90 43 98 4 69 29 58 60 12 55 89 99 38 1 4 24 66 66 87 93 66 27 39 22 11 80 27 40 9 32 50 44 16 20 14 36 40 0 85 33 15 14 67 28 81
97 79 48 22 92 53 8 31 40 34 20 90 53 17 64 49 40 61 78 36 14 34 42 21 38 51 80 56 19 64 66 39 93 92 71 10 55 84 35 68 68 62 80 73 81 19 68 36 34 93 70 53 19 32 17 49 49 43 71 12 52 58 73 30 9 70 42 39 15 60 61 57 78 5 82 29 66 54 76 37 44 42 46 79 8 47 19 35 83 36 63 62 28 55 15 45 93 75 67 16 21 18 33 96 95 15 78 62 68 77 39 72 20 10 22 66 86 55 50 4 21 88 70
30 51 39 47 83 24 2 26 85 33 35 1 42 63 3 40 88 35 94 59 55 2 9 43 19 75 45 19 79 58 40 88 9 74 62 1 19 55 0 45 43 49 26 47 49 77 20 0 63 77 12 92 56 35 55 34 26 2 88 75 32 35 86 48 2 50 67 32 19 89 2 27 46 35 50 78 57 89 88 9 76 100 66 59 14 11 59 47 95 93 8 44 64 19 31 88 26 63 22 70 44 28 90 48 28 81 88 71 93 22 4 88 67 20 74 34 10 50 33 9 100 14 96
20 97 88 19 20 24 26 96 31 54 96 19 15 23 23 75 72 41 12 62 3 25 19 46 86 64 75 54 98 11 61 77 89 15 31 22 54 82 57 71 30 95 90 86 32 22 49 78 13 2 52 4 98 11 40 26 47 96 54 39 44 49 27 30 23 18 81 50 85 76 60 68 19 12 38 96 5 88 65 71 28 86 73 40 67 24 3 5 96 48 59 57 27 9 86 31 55 59 94 31 1 60 76 38 26 20 71 11 5 45 49 45 26 95 80 32 99 68 87 50 8 69 3
98 55 74 29 86 27 76 89 41 78 21 46 81 11 55 18 29 13 55 61 56 88 14 6 71 87 58 46 66 14 70 46 73 69 49 26 13 15 55 56 84 4 2 67 92 29 71 41 56 4 51 39 58 53 29 23 17 18 49 37 54 95 8 36 42 9 9 26 60 48 42 72 9 89 73 39 15 21 86 100 19 16 36 26 49 11 56 66 9 93 49 45 14 45 35 18 31 72 8 62 45 24 83 45 72 74 42 32 6 21 21 32 58 43 63 78 48 51 81 86 63 84 45
67 51 80 38 76 74 94 65 63 80 39 65 49 62 59 8 63 29 68 34 52 48 31 32 52 93 94 68 26 8 54 64 16 88 13 68 99 80 49 67 49 86 65 43 13 51 37 28 13 0 67 26 36 1 20 36 63 80 38 85 37 47 45 1 58 29 100 46 81 39 12 22 65 67 1 40 89 47 27 1 83 55 46 75 52 5 5 38 38 42 53 76 53 22 77 84 11 62 86 15 57 24 63 63 69 24 53 54 11 59 54 65 8 68 84 25 29 62 85 86 44 95 43
63 40 52 4 25 82 78 98 76 87 15 51 58 80 67 29 97 7 41 19 6 91 40 64 29 68 1 76 35 65 74 58 29 38 43 40 38 35 75 88 49 42 32 87 8 95 64 60 89 43 69 51 35 69 9 74 48 67 50 87 31 87 38 67 73 17 90 6 87 97 72 85 61 76 75 22 35 35 2 56 6 1 70 91 7 31 100 35 67 60 7 57 35 45 0 13 87 91 37 32 23 90 36 74 9 40 12 90 42 34 26 35 57 0 66 59 21 47 74 21 54 46 24
17 53 79 86 46 94 66 0 29 91 72 54 0 93 57 55 37 54 31 75 44 47 61 81 27 98 78 44 3 71 77 96 73 11 64 69 18 54 84 0 99 35 13 82 57 24 54 56 68 8 99 1 75 28 42 18 75 99 75 51 99 78 0 30 44 72 32 87 94 37 80 70 99 66 100 74 23 41 79 52 18 41 35 5 31 44 79 47 46 55 76 58 5 6 19 25 42 70 3 77 40 3 74 64 31 60 97 29 8 10 81 12 42 76 1 15 25 38 78 64 68 90 3
62 81 7 2 78 70 90 14 74 10 93 85 76 73 3 87 90 81 14 28 34 76 45 43 69 37 49 79 74 33 76 6 66 95 86 31 90 23 3 100 4 27 6 73 100 23 7 56 81 90 58 87 42 88 63 30 36 10 1 73 52 54 56 4 96 85 24 35 92 38 10 76 93 4 45 56 94 96 4 64 62 96 2 46 69 59 79 54 31 68 51 12 51 74 5 92 59 78 59 46 22 33 87 15 88 95 72 84 45 97 56 0 21 90 44 21 2 24 32 52 40 0 100
51 85 56 75 49 98 48 42 20 2 97 62 21 70 50 53 97 44 25 7 55 83 43 80 58 39 60 12 0 62 95 12 21 48 55 48 3 56 13 8 66 21 45 1 28 26 93 92 67 15 54 92 12 48 66 84 60 66 74 30 33 76 49 49 15 29 5 50 28 61 80 87 28 74 42 94 41 11 71 89 98 80 48 92 20 52 8 40 5 97 98 92 51 61 49 5 25 97 12 62 77 30 87 28 35 73 8 29 3 58 59 47 67 13 17 56 10 25 7 76 49 72 46
48 55 34 14 75 19 10 29 25 46 98 12 87 44 72 65 62 6 42 61 2 13 40 11 58 82 8 80 42 34 63 40 46 13 31 58 73 82 2 79 46 16 57 42 9 25 65 45 25 58 49 92 21 58 1 76 59 37 27 73 5 97 84 75 86 87 15 27 53 25 53 84 87 75 49 91 46 5 85 57 24 4 70 49 49 31 2 4 50 85 28 31 28 82 28 94 37 79 14 51 57 24 48 88 46 34 80 34 57 39 98 8 59 90 34 37 60 42 53 100 51 65 76
6 93 13 25 46 88 29 93 89 64 89 66 5 52 53 26 70 81 99 7 94 29 0 68 8 16 12 32 47 52 40 52 58 44 65 40 46 69 94 54 83 81 42 50 79 83 92 84 50 19 32 44 82 6 43 8 46 36 53 3 96 59 16 16 94 11 14 44 94 31 53 14 67 4 54 99 38 20 13 6 30 23 22 30 83 10 19 31 22 48 50 96 85 31 0 95 17 59 66 52 65 61 83 99 23 70 77 29 24 92 71 5 70 27 44 89 46 51 28 69 76 26 4
46 17 44 76 82 68 99 13 50 1 23 91 24 98 74 27 61 84 2 71 98 100 47 71 50 22 42 65 29 4 56 86 90 39 12 53 31 65 74 59 36 47 15 21 57 52 72 30 33 96 60 26 69 84 37 52 53 3 15 94 58 40 41 65 70 0 85 5 81 79 43 27 40 39 96 41 22 69 5 35 76 5 43 40 22 97 72 1 22 98 73 3 45 76 97 5 91 14 80 74 28 60 7 83 47 100 72 20 12 62 73 66 53 72 66 23 57 23 21 77 98 78 50
59 84 49 0 13 28 95 80 82 93 10 57 65 52 32 12 65 70 22 36 83 4 51 71 24 78 52 73 94 47 2 84 52 94 27 98 65 72 87 25 20 5 95 43 16 56 73 71 26 52 70 63 99 21 66 25 7 34 57 93 50 81 68 0 4 100 5 71 34 7 77 98 34 28 59 45 43 52 29 47 62 70 28 98 45 62 13 28 14 20 6 81 47 24 84 72 29 8 11 32 62 67 29 91 12 43 9 51 37 22 46 46 73 53 40 57 94 98 11 95 30 95 64
68 47 54 9 88 58 6 87 29 88 62 100 45 5 19 33 28 57 6 65 69 11 26 41 43 56 10 14 88 82 1 55 76 33 13 59 44 48 68 85 7 66 38 12 65 71 28 23 30 100 34 46 73 29 84 77 75 82 33 37 30 70 1 12 39 20 67 8 34 79 3 92 6 42 48 81 77 6 27 0 62 51 42 74 89 33 79 49 88 10 34 92 36 69 99 31 9 67 40 64 80 50 84 94 79 60 83 1 83 80 3 87 54 76 53 58 63 21 47 27 3 76 25
81 42 82 6 63 34 48 63 38 96 74 97 100 50 10 55 64 71 15 26 92 66 41 16 20 2 10 20 4 29 68 77 84 34 63 8 74 37 69 69 98 27 76 92 77 30 70 75 49 61 87 71 71 21 80 28 56 7 48 67 71 91 47 15 24 55 98 78 53 2 61 86 82 47 90 31 31 84 48 52 59 22 29 51 92 95 15 39 55 16 83 48 17 68 79 95 12 74 54 1 94 88 8 16 98 22 7 30 10 67 45 60 19 33 51 19 84 30 62 47 53 34 78
67 17 95 95 18 44 26 77 54 96 95 48 69 34 21 11 41 37 87 76 67 72 18 5 83 15 48 22 21 63 63 26 11 66 19 68 44 94 17 61 32 32 82 95 34 26 38 3 98 31 47 37 18 30 31 10 45 70 14 76 45 71 15 89 74 83 26 12 72 6 45 8 45 57 26 85 52 36 98 62 19 53 9 17 48 30 12 8 22 30 44 28 45 41 19 36 94 33 44 8 94 81 76 32 38 59 2 70 20 2 42 48 85 66 29 81 61 93 6 26 34 55 78
7 43 59 86 86 31 27 87 91 36 48 100 84 77 20 6 54 26 59 29 39 62 4 8 87 34 37 81 81 6 78 94 91 88 24 70 68 70 45 27 24 54 28 72 88 65 2 25 96 20 49 61 86 60 47 48 41 54 84 45 16 71 12 79 92 71 23 19 55 16 29 71 58 2 91 64 36 34 2 25 61 88 92 71 53 39 61 28 36 35 56 72 85 11 51 18 81 10 93 38 2 70 45 62 48 35 79 45 62 23 45 32 68 56 30 19 98 44 34 19 50 71 33
73 91 60 91 6 26 8 10 4 55 47 61 90 81 47 20 2 73 57 38 35 4 55 26 75 31 59 8 5 41 29 83 2 11 37 67 22 95 9 32 75 26 24 5 36 47 94 11 98 5 31 22 94 4 94 84 55 94 76 89 57 66 34 65 28 3 62 49 28 45 31 58 29 33 51 41 4 26 70 88 75 84 52 23 39 25 64 32 5 73 88 1 56 23 98 5 85 10 13 43 86 32 0 30 63 39 1 81 85 76 62 68 17 4 60 33 76 89 1 98 70 49 15
6 96 92 52 85 69 48 74 71 0 75 75 92 79 7 88 92 91 96 72 90 13 9 92 52 10 77 11 85 53 4 98 11 79 10 72 85 61 60 78 36 49 3 65 12 12 46 21 26 35 97 52 83 12 70 88 92 50 44 80 38 51 29 1 37 52 95 50 73 78 72 28 36 33 87 11 10 42 80 60 14 76 69 17 11 97 1 38 91 96 68 82 86 18 87 9 23 45 35 68 26 41 35 14 2 42 82 79 6 24 87 85 33 68 43 84 54 84 84 76 64 23 70
