26 58 77 67 30 36 94 35 100 10 95 72 78 60 66 42 11 91 37 63 71 91 63 74 94 87 46 89 63 82 96 55 48 5 47 32 47 28 61 63 92 14 81 26 42 27 1 86 76 25 28 94 62 31 97 97 100 45 30 82 61 82 9 66 38 24 12 25 62 86 65 74 39 22 27 39 86 59 25 90 83 91 81 47 42 45 92 59 71 21 41 32 46 16 12 87 53 40 72 10 8 70 12 13 44 21 12 48 34 19 91 78 17 40 95 53 54 44 36 44 97 22 81 29
26 48 80 47 43 74 48 38 56 80 42 45 51 93 75 80 98 85 79 89 51 76 80 60 50 66 78 59 70 92 39 84 28 96 48 26 36 35 93 84 90 85 34 5 43 36 54 46 30 90 23 26 81 26 25 36 91 40 74 23 8 29 57 27 7 52 74 84 70 30 10 15 47 70 86 14 44 6 72 20 98 41 28 34 56 32 46 61 92 32 57 15 58 18 56 96 27 61 89 14 55 79 4 16 75 63 24 91 3 82 74 70 46 32 54 48 9 12 55 94 22 30 9 72
77 43 10 45 85 81 31 23 64 33 66 1 80 4 15 18 44 27 30 49 43 56 31 5 59 44 49 27 86 84 55 48 20 13 57 17 98 87 60 10 95 93 13 8 67 65 71 69 43 44 20 69 82 47 70 50 75 27 87 39 44 87 78 79 86 67 69 48 24 29 24 28 4 6 43 75 96 0 18 40 9 38 63 4 95 69 36 23 45 47 11 59 86 4 92 4 94 38 98 32 23 35 50 50 59 47 39 54 52 48 97 78 100 35 78 7 47 81 24 73 97 56 15 57
87 57 79 24 91 38 98 35 73 19 44 72 11 78 45 79 27 12 55 56 32 64 84 55 16 69 57 38 20 68 49 93 52 93 93 41 65 45 46 52 2 50 42 96 28 99 31 80 41 86 44 38 40 55 86 92 73 16 29 0 27 59 61 21 72 81 22 3 40 93 36 81 89 60 87 38 75 18 13 21 9 5 96 88 19 56 70 75 86 42 86 34 39 18 12 79 80 75 31 11 48 88 89 89 61 20 7 74 29 40 21 79 58 72 31 9 99 23 82 11 74 16 45 43
94 26 26 34 69 85 95 80 12 44 45 55 97 15 91 52 18 52 33 45 62 14 74 49 88 97 83 20 9 22 69 41 63 43 23 45 43 39 89 89 46 32 90 24 11 96 92 88 74 28 6 9 78 22 1 15 41 48 46 89 16 79 60 32 86 80 30 32 48 67 78 19 46 63 88 23 73 83 35 36 4 88 90 2 3 35 97 32 90 13 77 56 88 89 6 29 8 10 77 25 52 88 71 62 5 38 89 13 85 42 29 60 58 79 74 56 70 39 5 16 15 85 24 48
64 52 64 3 25 9 26 79 51 69 20 82 5 4 42 79 0 84 25 56 79 19 67 1 97 23 32 64 7 85 62 56 40 33 58 39 91 52 73 92 100 63 50 62 98 76 47 24 79 62 73 13 65 74 81 35 66 100 64 1 87 21 64 16 9 33 48 25 75 84 69 42 82 13 14 30 38 44 70 76 10 49 85 85 44 28 71 12 78 32 55 11 51 86 84 43 15 45 20 7 98 98 36 98 57 100 20 87 90 83 51 27 28 72 88 68 47 24 20 8 23 82 34 100
4 89 59 49 42 36 87 81 12 32 2 37 83 48 21 21 68 87 61 42 56 79 100 88 26 97 33 10 25 68 82 81 25 31 87 88 58 9 79 32 67 76 77 31 96 22 73 100 22 82 41 30 37 10 23 36 77 85 83 73 44 22 93 31 49 20 27 1 64 32 49 11 93 14 71 28 38 1 29 71 19 13 49 19 30 0 98 62 98 39 53 60 64 15 93 4 82 78 2 52 77 34 32 30 84 17 81 88 18 100 16 46 38 5 91 26 68 20 4 65 87 8 27 17
64 50 96 6 29 73 6 48 92 47 16 74 27 89 48 49 19 91 13 29 84 39 42 62 98 10 44 62 11 78 16 100 52 70 13 86 70 22 75 67 13 68 61 56 49 83 83 1 59 33 57 100 76 62 92 93 59 85 69 51 5 59 73 97 84 14 95 6 27 61 58 7 86 55 99 56 46 33 62 83 70 98 55 87 69 72 59 39 31 20 71 72 42 41 62 88 91 72 99 97 18 22 81 11 45 16 79 49 60 49 22 70 56 48 13 35 88 93 11 58 0 31 8 77
54 81 51 54 76 65 8 64 96 12 52 98 72 67 11 37 66 99 27 81 18 24 31 71 34 26 94 15 61 34 0 13 54 90 39 56 21 72 63 100 80 79 99 21 58 98 21 44 78 68 28 24 81 40 45 35 69 10 14 60 30 70 97 58 4 44 39 85 0 70 91 87 4 19 54 37 49 71 53 99 23 92 55 20 60 78 66 15 92 24 6 36 83 94 78 36 13 100 4 30 35 88 16 26 12 27 32 53 30 76 79 40 100 24 58 63 11 42 26 51 87 100 22 13
40 100 94 10 60 80 42 94 25 20 12 29 29 77 11 63 33 79 35 68 65 68 68 4 62 61 15 12 81 11 32 57 93 25 70 8 43 94 13 39 56 94 88 98 47 48 23 82 25 63 100 46 29 47 86 75 57 18 77 4 13 51 14 19 68 47 41 59 52 16 96 2 92 1 91 14 34 69 75 69 28 81 55 40 84 84 23 5 68 51 65 55 81 2 88 76 33 90 96 74 32 100 21 32 33 91 7 33 62 88 42 20 60 94 59 46 29 35 7 10 77 21 52 65
20 91 74 55 82 15 86 48 14 86 87 100 52 48 70 32 74 23 74 96 11 60 35 6 70 22 48 69 62 49 25 83 79 40 77 38 78 82 50 36 92 48 71 43 47 81 48 63 61 95 39 43 82 90 88 14 89 6 37 81 60 80 53 97 71 60 7 49 72 73 57 50 74 17 32 16 12 91 18 17 81 4 22 99 70 24 84 38 54 55 16 28 80 57 26 36 5 68 37 39 19 31 43 21 44 2 19 58 53 61 24 75 66 52 52 85 28 44 90 98 90 1 69 44
59 67 75 35 85 37 17 20 97 72 50 68 65 32 36 16 52 99 81 28 88 22 69 43 7 70 55 74 87 1 64 96 37 84 28 80 11 60 57 99 20 98 91 26 77 24 81 52 34 57 21 40 40 88 51 55 16 28 39 3 89 14 65 60 21 79 57 56 62 35 96 16 84 6 3 50 19 77 96 100 97 29 83 45 74 98 69 2 93 10 33 52 1 35 31 27 63 47 66 98 65 37 95 7 57 45 60 42 94 39 92 28 27 76 50 25 53 2 1 64 6 90 69 35
6 21 7 25 36 87 45 92 85 3 61 43 51 23 73 73 85 86 30 23 66 28 21 61 78 10 100 7 66 28 36 6 64 47 67 76 21 31 98 86 32 20 96 58 0 40 23 57 96 62 67 96 90 79 54 3 70 50 26 2 3 13 88 40 94 57 76 2 37 100 9 64 12 40 44 38 64 63 55 23 48 11 8 44 28 86 80 59 23 6 5 49 34 64 26 20 43 21 46 97 7 55 69 45 69 43 7 35 6 28 3 9 94 37 68 90 52 87 62 55 98 46 93 14
33 53 91 49 64 51 89 22 70 39 53 60 50 83 76 86 90 98 54 21 27 25 94 33 88 10 5 33 94 26 65 85 31 65 40 7 28 87 22 61 76 8 17 14 57 62 74 26 72 53 68 27 40 36 0 82 93 87 87 67 12 67 0 14 2 5 10 25 66 38 62 99 77 69 17 68 94 96 83 65 81 86 32 30 83 24 99 5 84 92 0 38 58 99 14 43 13 98 91 36 12 87 57 6 14 89 22 0 52 99 42 93 69 71 21 1 0 72 5 13 65 21 43 21
72 85 52 14 80 18 15 62 24 6 6 31 39 90 97 59 43 81 97 75 81 7 42 36 100 29 52 53 70 29 66 94 95 68 31 23 79 96 96 93 64 81 31 43 65 81 72 47 89 71 41 3 19 52 38 79 58 80 84 26 35 17 16 71 44 56 25 39 34 64 62 9 3 92 79 1 97 57 10 37 3 76 70 58 75 68 20 74 9 88 62 5 54 43 37 33 79 58 27 58 0 12 72 26 72 66 34 69 75 6 99 74 37 92 37 100 79 10 77 77 99 69 84 94
55 47 73 11 41 84 31 70 78 60 5 37 73 58 14 43 82 8 13 14 86 32 72 26 54 48 17 100 0 72 87 49 64 62 76 96 8 11 72 46 56 12 93 59 24 85 28 91 82 22 42 70 86 9 70 73 82 19 61 17 12 88 16 57 97 50 14 45 10 51 60 85 5 81 52 81 1 17 67 29 94 88 19 17 72 1 62 86 0 66 58 74 16 80 28 91 15 32 34 51 49 95 48 93 85 7 36 98 46 80 88 92 60 76 73 86 69 12 92 42 68 34 54 11
26 88 79 48 12 58 38 57 25 41 98 2 61 98 58 87 21 73 23 42 31 22 46 57 71 66 83 66 41 12 98 39 51 19 23 80 74 7 10 3 93 89 34 9 76 47 59 59 3 25 72 93 80 72 73 81 8 4 31 75 95 24 86 45 92 35 25 67 16 100 3 97 91 4 2 62 64 98 46 54 83 39 57 10 8 83 24 2 28 85 31 13 53 96 6 54 99 71 83 13 56 3 96 85 4 77 3 98 4 66 68 7 45 49 7 87 9 6 32 42 71 27 34 48
29 73 79 95 74 81 18 52 79 2 6 37 88 52 15 76 30 0 82 48 4 43 72 66 47 23 9 58 31 72 88 89 11 50 64 78 1 54 41 100 27 78 18 86 5 35 1 32 70 30 70 26 54 74 53 79 59 74 9 36 30 59 76 99 88 76 35 55 77 43 23 69 42 97 82 50 94 46 56 91 15 28 15 55 91 12 59 32 49 48 48 69 13 33 11 13 81 67 56 72 8 86 13 38 100 30 7 45 90 41 13 38 41 2 63 70 21 27 74 31 5 21 19 34
33 31 68 48 28 35 52 34 50 75 31 58 93 2 89 4 73 23 90 94 66 65 97 40 28 66 5 48 20 20 61 79 58 88 86 36 20 4 65 27 22 61 36 36 65 58 2 17 59 24 12 70 39 100 48 71 53 95 95 74 20 19 80 9 70 53 76 9 43 84 36 70 51 56 52 36 54 47 86 24 77 47 43 93 3 57 97 17 97 64 7 86 17 54 33 15 11 96 6 24 23 39 17 20 41 2 65 54 31 53 68 71 62 50 42 60 41 45 5 17 19 12 58 93
71 89 53 98 6 40 86 8 60 93 100 40 49 4 48 66 73 95 6 83 97 85 35 51 82 39 38 90 46 75 29 99 41 67 54 71 1 27 83 36 37 6 31 67 83 51 9 28 75 72 39 21 0 58 15 19 88 97 86 21 80 96 0 86 77 18 86 79 45 83 45 68 98 25 9 34 2 27 24 26 94 32 95 44 11 4 31 31 51 72 78 93 65 73 40 62 51 19 4 63 93 23 26 57 61 97 80 34 9 4 19 40 90 20 10 49 38 93 50 84 79 36 39 30
46 16 85 32 75 93 7 12 39 95 41 50 62 57 46 67 13 67 47 61 47 63 19 92 2 4 94 74 91 100 1 16 12 34 24 76 26 57 97 98 8 50 34 34 69 18 69 42 90 79 9 6 99 87 81 19 6 64 47 50 91 12 60 12 48 23 42 20 58 19 34 66 35 11 23 35 22 54 56 7 82 1 86 76 32 95 56 22 21 56 16 63 46 82 37 18 51 77 71 38 51 36 29 57 16 87 6 0 91 19 91 34 52 33 26 71 77 33 27 18 69 69 74 66
70 57 94 27 78 35 68 66 0 18 9 90 37 81 18 68 35 87 40 74 25 75 32 86 87 77 9 12 21 79 39 62 68 8 48 28 58 34 27 72 36 17 57 28 20 14 34 89 24 3 45 44 65 41 78 51 51 48 46 84 77 20 2 56 7 36 55 94 35 37 30 43 42 88 87 31 33 79 74 82 38 98 2 15 83 92 3 64 8 33 75 25 73 73 60 64 15 51 63 33 33 35 54 43 54 79 39 9 57 73 88 90 64 38 4 10 28 2 15 35 94 74 21 87
16 99 15 63 23 70 70 84 76 35 3 51 82 30 9 77 85 94 51 12 44 96 86 19 56 100 70 95 26 75 94 35 27 85 24 98 4 19 32 68 0 53 90 95 90 45 87 87 29 75 92 27 26 76 28 5 94 75 6 70 87 82 22 13 33 25 0 11 64 25 61 69 53 16 40 100 61 35 77 36 70 86 11 94 61 69 7 69 27 42 93 54 31 3 39 4 28 73 79 29 46 33 45 56 1 91 62 3 88 47 23 0 13 77 10 14 96 50 59 42 21 87 10 39
30 48 6 3 66 96 9 31 86 94 18 55 62 30 46 84 81 24 73 84 21 41 54 87 94 12 28 60 70 85 6 93 14 98 36 40 82 19 93 39 74 13 82 45 6 82 16 23 61 63 89 8 54 75 76 67 51 54 39 84 47 92 70 71 52 2 5 17 88 98 75 83 68 30 22 96 36 47 42 29 78 5 24 14 65 37 88 58 82 46 57 89 70 73 45 81 3 46 2 99 95 66 90 69 6 54 31 87 67 0 63 44 79 86 75 42 9 29 18 30 11 11 10 97
19 13 46 86 70 48 40 76 50 55 85 94 71 48 19 6 28 3 13 93 29 34 4 4 93 8 44 50 51 13 9 13 5 77 63 47 50 95 9 0 2 67 42 30 21 29 80 20 77 34 77 49 89 66 43 98 100 23 100 81 47 35 65 86 19 11 4 91 60 32 79 0 43 54 63 44 91 34 47 90 99 29 13 55 59 80 77 92 55 84 37 62 31 26 32 77 37 32 24 45 47 16 60 87 46 14 3 14 99 81 7 4 83 62 14 94 64 6 62 71 73 96 15 35
6 26 20 28 98 64 37 25 6 63 3 10 95 95 60 78 60 27 10 37 11 42 96 41 90 9 4 55 29 86 44 31 27 77 52 33 89 84 71 80 60 5 1 100 99 70 74 37 63 84 69 54 52 54 77 17 34 74 12 38 99 98 84 17 78 35 27 31 32 48 30 65 77 14 75 10 14 89 14 62 32 79 87 60 61 28 67 58 86 28 80 4 87 39 94 41 7 4 49 34 6 48 84 99 8 7 91 13 39 25 46 10 54 26 65 97 58 56 47 52 91 76 65 47
22 70 91 68 39 86 43 21 48 85 15 64 26 33 20 46 45 67 58 60 39 43 31 38 45 80 28 81 33 8 65 37 19 31 99 69 66 14 69 1 4 76 75 14 14 39 57 12 66 50 0 91 32 67 24 45 0 16 4 95 95 48 15 30 12 100 40 69 81 40 75 50 94 88 62 24 27 81 58 25 54 89 85 36 40 53 64 13 66 64 33 12 84 80 41 17 49 1 23 76 31 85 88 14 0 89 52 63 16 35 7 76 86 17 34 84 11 7 44 98 100 77 5 20
64 76 98 39 68 88 82 32 86 8 80 10 70 39 38 63 67 25 93 16 97 41 28 24 5 30 57 56 83 73 23 29 55 39 33 81 6 36 8 15 24 76 46 13 68 6 20 31 97 81 71 4 41 91 62 38 49 9 82 66 73 15 97 27 18 17 5 85 67 51 24 68 3 81 79 57 91 34 97 98 61 34 50 3 94 15 97 87 98 86 66 92 72 38 86 93 77 95 77 59 82 62 46 79 13 42 26 100 45 70 29 61 0 97 10 7 21 41 0 73 31 31 27 48
11 99 30 44 68 60 68 89 12 30 46 18 80 97 81 100 84 51 30 2 33 11 83 53 18 27 88 74 100 13 75 69 8 36 15 3 30 88 20 84 78 80 85 60 9 10 59 93 24 71 67 74 91 42 9 60 13 62 10 55 14 99 59 45 94 22 75 74 11 72 100 12 99 84 18 3 4 77 70 31 33 36 10 65 85 96 11 49 66 25 16 46 42 9 58 9 91 18 44 77 46 37 79 80 60 67 27 33 59 28 9 38 43 12 74 71 65 57 69 49 24 83 51 23
85 99 42 24 8 43 22 43 53 19 3 17 38 49 1 48 26 42 55 71 37 75 59 30 2 6 88 38 86 40 2 29 0 97 78 12 75 74 28 34 67 2 85 79 98 2 52 97 17 37 12 35 68 14 32 23 62 45 57 67 3 77 81 11 35 45 53 40 98 5 59 42 79 21 85 52 95 23 4 97 24 3 19 91 39 47 19 74 32 42 53 16 94 15 81 86 96 21 53 33 77 63 89 41 25 79 3 77 1 2 80 97 39 18 39 84 25 77 23 24 86 73 25 68
79 30 20 8 11 53 70 74 78 42 96 13 67 43 63 32 98 46 89 57 33 38 88 2 39 40 74 91 40 65 17 26 48 78 29 94 77 69 34 58 100 88 45 62 68 47 30 34 2 34 60 66 44 72 83 35 18 92 34 48 62 26 60 29 4 35 10 37 0 82 43 82 49 69 49 0 80 84 76 24 78 99 15 1 8 6 93 93 1 75 26 73 63 7 39 71 50 9 65 26 36 58 73 69 18 13 21 94 42 68 35 47 77 99 55 76 40 3 26 67 53 83 13 84
18 83 13 96 75 46 5 59 69 2 66 25 11 25 54 37 63 26 40 39 73 23 16 78 80 56 51 41 62 66 35 24 81 12 7 35 53 11 77 67 36 43 64 66 74 12 87 99 32 32 5 82 92 0 28 79 50 58 69 28 1 13 37 74 98 85 53 21 78 75 4 42 100 28 73 74 87 99 14 16 72 24 44 70 92 90 47 62 31 41 63 33 3 84 99 86 7 54 0 51 24 57 91 24 83 31 83 3 50 16 79 68 37 95 42 6 87 34 98 8 83 93 27 74
66 44 84 97 72 65 3 7 33 3 66 29 25 36 57 88 11 11 86 26 9 87 1 59 62 73 14 66 84 85 39 91 10 86 19 67 92 82 16 9 49 96 42 51 34 69 58 50 19 42 26 76 80 26 71 57 10 98 78 71 4 9 97 58 64 83 63 82 58 77 60 25 23 18 24 35 50 100 53 51 83 34 3 77 33 17 23 100 27 40 25 86 63 77 36 42 3 69 8 86 4 10 23 34 85 75 5 92 84 26 30 68 81 68 66 65 88 44 94 16 85 59 91 55
22 95 41 99 24 59 13 78 84 92 3 72 56 49 95 50 42 59 58 53 3 56 76 86 75 93 98 21 65 17 29 48 21 51 54 32 4 49 99 65 30 88 27 49 14 39 9 45 38 71 11 98 67 87 55 65 55 24 76 21 50 17 51 77 62 21 61 93 84 62 68 51 10 7 90 40 47 80 86 16 29 37 39 81 7 69 41 28 33 2 54 52 2 25 61 18 16 61 38 35 75 57 37 5 91 98 86 51 17 98 84 59 35 84 76 52 20 61 100 47 73 69 23 7
86 65 30 59 32 30 47 84 69 72 65 53 63 53 92 59 51 14 89 47 93 53 37 97 80 62 77 63 48 93 2 86 7 70 90 27 100 80 53 17 14 27 10 12 86 64 25 98 38 21 30 11 1 4 11 17 7 22 34 21 83 75 63 66 60 75 69 64 81 62 37 35 88 31 51 1 54 14 10 60 85 35 86 92 80 68 88 13 95 85 69 47 48 12 22 89 10 10 71 21 38 53 24 45 28 3 49 59 39 76 92 95 50 83 10 27 35 25 81 96 80 11 82 65
46 37 31 96 75 84 87 60 10 0 73 86 12 48 87 3 76 18 27 33 15 21 33 87 23 67 51 1 57 73 2 90 48 30 22 82 89 0 59 45 68 25 0 7 72 5 77 2 70 6 1 24 89 40 23 26 41 18 83 44 13 100 32 92 3 82 86 89 43 5 35 79 90 66 86 3 41 42 58 21 20 29 52 69 2 18 59 19 9 2 74 11 12 52 31 49 19 59 70 19 70 29 9 11 1 36 5 39 58 58 12 99 56 77 73 17 72 37 61 13 91 49 22 91
76 43 0 80 94 4 51 3 37 100 55 3 76 97 84 56 86 13 19 3 88 12 61 65 88 59 92 50 71 88 78 9 32 84 59 48 99 1 82 31 17 61 89 93 14 70 13 10 22 95 73 91 64 84 41 69 83 19 32 9 62 83 90 2 43 93 33 37 24 83 38 31 69 31 96 12 99 14 29 27 38 58 94 49 58 99 13 25 61 68 87 57 83 38 99 8 34 29 61 70 90 36 10 41 92 24 32 61 66 82 93 60 56 10 27 34 82 50 6 89 54 65 15 13
90 97 92 35 94 22 68 75 58 29 19 52 90 10 82 67 87 60 74 90 65 67 47 62 47 59 23 95 40 83 31 22 82 83 39 33 33 78 99 94 34 81 14 28 98 92 2 99 59 21 15 23 74 72 67 29 4 69 91 92 65 64 69 14 66 53 59 69 38 97 84 79 30 38 65 18 90 33 42 44 7 78 44 32 88 92 87 38 52 83 8 61 46 75 74 41 64 20 12 40 4 11 99 0 3 42 41 45 73 100 100 38 92 25 10 38 32 50 11 41 30 77 89 57
71 0 91 25 40 68 1 34 19 89 32 40 4 93 81 10 9 70 75 68 52 74 18 1 54 50 57 47 9 4 96 28 73 51 73 65 30 79 33 45 62 100 30 27 95 88 90 87 28 68 38 46 2 8 1 73 41 85 16 96 85 19 60 30 41 71 80 69 48 90 80 71 71 20 70 17 63 27 92 52 28 67 97 78 99 67 90 66 24 92 17 58 72 22 61 1 13 94 43 82 27 9 76 89 12 71 7 41 67 32 15 28 83 99 61 3 35 43 76 90 71 67 59 47
93 82 70 58 14 78 14 27 57 37 72 55 93 49 43 93 85 2 0 20 76 68 97 18 91 19 36 88 50 53 57 24 19 52 63 28 10 91 6 72 45 15 72 26 59 41 47 93 57 93 79 33 32 76 83 21 51 26 28 67 74 37 55 75 66 94 1 30 17 63 91 75 24 46 5 6 60 85 89 45 91 25 90 93 79 40 27 89 47 8 27 15 83 1 37 100 68 44 66 37 45 58 76 39 89 9 45 29 87 26 69 9 0 67 51 94 4 51 89 0 71 75 48 94
75 33 82 21 93 33 53 22 30 6 30 55 44 90 29 4 14 93 2 75 53 52 3 50 34 89 92 34 13 79 1 92 80 42 66 34 27 96 7 15 37 100 53 21 20 99 63 66 89 75 53 66 55 52 95 17 48 58 1 19 17 25 45 20 8 88 0 74 89 82 10 3 19 81 83 94 21 2 4 50 34 52 44 30 81 25 98 73 2 81 100 41 92 85 81 98 73 52 0 70 2 35 64 45 8 90 39 94 88 43 96 25 23 66 9 60 57 44 43 42 64 97 92 8
98 83 69 70 30 35 11 14 62 61 33 30 53 60 60 81 15 62 27 51 83 95 80 65 29 69 41 48 38 81 2 29 71 11 96 31 78 17 60 77 18 63 66 45 89 30 50 35 81 96 84 49 95 19 88 77 77 47 52 7 73 49 25 12 92 56 21 52 60 14 98 20 56 98 78 54 30 13 0 71 16 92 6 26 60 50 64 82 90 45 100 8 33 32 70 94 35 1 83 22 6 32 47 22 35 62 34 63 88 35 69 4 83 55 79 43 71 54 62 18 0 88 52 26
33 58 72 47 0 11 89 75 67 60 80 3 36 86 52 90 39 86 88 17 42 49 87 46 47 99 66 42 52 16 5 20 51 60 98 33 14 99 24 79 15 95 60 40 100 66 4 18 94 89 93 42 67 83 80 15 42 9 51 48 98 54 31 61 98 66 50 10 16 68 98 39 18 22 70 76 69 78 43 66 93 31 83 83 95 84 85 73 7 11 6 26 25 98 22 55 63 64 83 47 88 85 42 79 93 30 22 87 66 76 7 38 52 12 39 50 94 10 100 54 15 30 59 53
12 33 55 53 93 17 13 2 51 28 88 50 47 20 43 56 32 12 73 39 15 1 44 41 20 84 39 67 37 67 31 52 85 18 30 91 69 59 88 7 60 89 6 35 10 66 86 22 83 14 47 95 37 12 12 65 4 67 51 22 30 52 89 55 88 35 42 88 83 4 50 89 86 9 19 10 15 95 99 37 27 42 23 35 84 15 42 69 41 39 2 56 53 36 57 1 89 11 51 26 78 69 53 73 79 11 85 11 83 69 31 88 69 90 26 14 7 5 65 60 88 62 100 71
17 89 78 86 61 35 89 33 7 84 19 18 11 96 40 23 71 79 59 1 31 69 91 99 83 48 94 63 25 77 93 66 43 42 49 12 63 38 9 54 99 69 21 82 52 68 70 46 92 41 37 28 51 27 85 2 60 77 20 95 22 57 88 96 31 23 29 20 55 38 66 43 77 78 12 28 32 82 41 46 56 1 55 13 83 95 15 14 57 59 75 62 20 100 30 47 95 54 99 22 40 67 56 71 22 57 89 58 39 24 70 25 64 84 64 5 90 91 14 16 69 56 24 12
16 2 89 2 47 94 95 68 3 86 45 21 47 95 54 59 91 72 44 57 45 41 87 75 15 1 52 81 6 33 5 17 39 30 0 69 87 97 79 3 41 91 38 82 51 66 72 25 88 26 27 30 86 28 10 16 59 72 65 86 10 100 18 56 21 94 26 9 85 5 29 95 76 47 72 67 42 25 53 35 49 66 69 44 74 59 85 17 31 24 65 92 30 33 60 18 32 81 60 34 35 42 20 6 59 57 0 74 21 13 11 50 55 50 32 38 69 7 86 34 30 38 31 4
97 75 74 95 41 0 72 49 95 74 60 58 76 7 93 61 26 59 34 13 70 47 50 67 92 19 64 8 73 76 35 32 67 27 34 63 21 88 50 66 71 70 30 83 87 20 87 29 78 33 51 72 4 85 16 90 50 87 43 69 75 41 38 23 55 63 35 20 0 64 61 2 84 93 95 46 94 89 53 15 59 50 1 81 53 56 17 43 69 20 29 31 74 8 29 88 0 94 51 84 25 49 4 34 18 52 58 87 95 27 5 11 3 41 54 36 41 57 22 14 72 60 9 60
50 18 100 66 92 8 82 25 68 93 27 82 26 25 35 14 4 0 4 75 38 66 81 90 50 31 55 92 17 57 23 85 0 8 31 80 17 14 54 59 87 62 90 8 86 28 92 31 68 34 50 32 66 12 45 13 60 77 8 65 61 86 33 51 1 92 65 9 51 64 1 92 38 48 88 74 30 99 92 15 75 50 8 81 88 67 18 67 65 0 90 84 37 98 12 96 70 83 73 39 0 21 97 48 12 7 13 30 65 7 4 100 36 78 17 9 31 32 63 47 65 27 77 84
65 86 94 77 86 89 46 28 46 59 21 5 3 74 8 41 6 13 9 5 37 0 39 3 96 42 61 85 95 32 54 1 72 53 19 36 78 83 94 32 76 66 47 96 30 0 69 98 24 52 45 93 88 67 17 61 42 70 68 94 67 36 92 64 78 34 3 90 46 10 28 61 79 92 59 20 97 7 81 46 58 43 27 66 38 90 36 75 100 89 39 92 33 45 70 43 96 14 87 82 21 66 71 31 16 21 84 94 65 58 41 38 60 81 73 88 49 46 44 65 52 82 0 23
59 53 43 49 39 88 55 83 74 7 37 62 26 6 90 69 5 17 51 63 19 21 23 26 43 78 18 87 54 38 27 60 5 62 98 68 89 27 53 75 58 42 76 62 41 97 82 51 87 55 21 46 13 81 63 47 40 43 3 22 64 24 75 37 65 71 84 61 95 48 25 55 8 2 1 88 34 0 75 55 40 5 29 6 66 82 62 52 77 16 89 79 45 50 86 51 65 56 10 52 1 35 32 77 69 12 19 55 86 82 40 7 23 79 4 34 24 100 18 67 85 78 77 48
93 80 53 65 77 45 49 18 66 23 22 14 96 85 66 45 89 23 12 93 10 55 13 4 72 71 2 44 83 46 99 59 73 75 13 92 56 81 15 87 27 44 29 92 43 91 78 68 54 31 15 81 3 78 26 96 100 48 16 41 80 17 96 7 30 9 52 83 18 54 32 91 66 15 38 32 86 88 39 8 54 73 8 19 33 56 53 28 37 74 49 21 37 2 11 10 59 10 18 25 87 41 17 82 11 18 56 78 59 98 83 29 36 71 60 75 68 24 8 9 79 17 100 24
42 37 42 56 69 8 14 82 17 0 24 93 99 11 1 8 3 78 98 38 62 91 53 28 89 13 19 13 45 83 47 19 62 77 12 24 21 36 78 24 7 80 66 82 59 87 8 1 1 97 96 39 29 89 85 90 48 63 80 45 92 83 56 16 73 87 58 11 63 96 16 5 29 57 85 86 77 91 69 0 19 98 80 83 22 32 82 2 98 72 64 43 2 28 50 61 35 14 97 95 85 65 39 99 78 85 73 50 49 74 92 23 44 22 75 33 61 23 89 18 83 95 2 14
75 15 3 75 82 65 38 9 89 53 11 58 2 99 7 75 31 61 9 27 59 23 70 64 24 68 57 65 22 69 43 65 26 100 18 71 82 73 74 81 3 80 6 42 9 95 86 48 72 37 30 69 13 62 55 62 35 72 22 90 93 47 11 31 68 63 55 54 37 55 10 91 30 83 79 8 37 54 24 27 69 20 90 79 28 41 20 78 3 64 26 57 33 53 67 96 85 23 38 54 95 23 89 9 6 43 5 66 60 96 45 98 1 11 11 7 93 85 61 40 75 100 90 91
95 93 4 77 43 23 60 96 50 90 49 20 12 49 74 99 5 95 64 14 89 97 85 8 52 76 33 83 73 22 65 8 73 83 72 85 75 54 47 45 14 62 33 62 55 47 86 10 46 71 20 14 11 97 20 70 82 23 30 88 36 69 22 64 98 71 10 30 76 69 52 86 60 4 72 26 10 53 24 32 38 35 79 28 77 39 52 91 14 19 54 45 2 21 68 88 66 82 69 44 97 84 74 43 93 74 30 41 1 53 45 96 47 59 36 44 75 87 63 19 85 59 58 29
16 71 28 56 13 95 62 39 2 39 65 85 77 58 59 59 88 63 95 34 20 7 11 89 39 56 79 52 27 52 59 85 52 15 75 70 38 4 28 67 59 78 94 18 57 9 16 13 20 78 5 62 6 91 18 3 36 58 1 12 33 42 65 85 55 56 63 60 76 32 38 2 55 82 44 93 44 21 93 55 23 35 100 49 11 58 90 65 84 16 4 70 57 49 80 20 41 89 2 86 47 5 82 40 10 12 85 47 74 94 92 33 9 12 76 35 49 39 88 70 37 8 1 87
19 90 73 31 77 6 9 28 87 54 76 79 8 98 6 29 57 31 48 99 35 28 78 25 47 73 89 81 88 12 16 47 56 11 23 54 79 68 92 95 72 60 34 36 29 95 61 1 22 100 7 24 81 67 31 72 9 23 47 90 24 88 57 57 49 26 5 35 92 20 20 72 35 77 84 76 59 77 31 84 97 78 33 96 52 18 94 70 69 42 42 15 18 35 58 20 20 91 25 90 2 30 45 48 7 12 2 7 44 49 41 61 72 99 24 99 60 11 75 20 85 91 14 78
59 64 94 59 8 75 88 76 100 7 92 5 44 2 6 75 57 25 78 15 64 21 24 33 62 65 18 13 44 82 18 74 19 64 97 84 93 41 76 53 55 86 30 56 86 48 93 84 30 24 23 33 15 59 38 53 81 71 43 66 48 21 83 17 76 97 52 79 18 63 78 22 5 36 50 24 79 1 61 82 52 15 87 86 4 17 81 53 9 42 76 2 16 70 52 49 99 63 55 53 82 28 29 46 85 43 96 64 50 69 46 90 50 64 52 21 49 14 42 57 93 92 79 20
7 36 42 49 91 68 96 95 29 64 62 74 91 0 21 61 57 88 30 24 83 91 80 40 41 47 98 90 43 23 4 29 81 75 8 88 18 77 23 22 90 5 16 91 47 63 78 77 26 18 93 28 74 2 78 49 40 8 65 47 58 21 61 85 94 68 51 25 70 47 8 73 64 47 73 34 35 85 71 58 89 0 13 20 51 49 82 34 97 12 85 1 77 7 62 31 100 55 72 89 7 98 61 62 52 3 33 51 43 81 43 61 52 85 39 51 94 1 39 73 81 29 69 26
47 36 61 5 75 36 91 44 2 83 87 23 70 7 31 84 79 91 18 44 43 7 22 99 54 40 100 36 28 55 77 5 79 15 4 100 91 82 64 68 70 100 37 85 43 45 40 23 12 89 31 92 11 95 29 89 61 56 10 6 9 73 8 65 41 19 74 95 13 84 55 0 38 43 83 49 9 5 44 42 12 18 70 88 20 22 7 12 72 81 82 50 93 22 28 86 8 22 0 81 5 85 78 91 0 28 72 52 15 51 5 71 38 38 15 7 8 25 85 18 76 73 18 70
16 79 68 73 36 20 29 36 72 54 12 32 25 4 81 39 53 24 19 44 39 29 38 35 13 27 78 0 47 34 17 14 62 63 39 66 96 61 29 64 18 60 28 71 84 37 83 63 70 10 100 43 91 2 58 84 60 79 97 14 60 98 68 70 28 29 0 41 47 56 93 15 28 3 19 10 55 20 18 47 49 63 39 45 33 23 45 76 72 29 74 10 70 78 63 36 23 71 37 89 62 11 21 32 69 54 65 38 5 44 31 46 35 16 66 76 90 36 49 24 21 79 48 95
2 59 90 74 66 92 79 44 58 30 65 46 37 21 66 29 49 53 24 76 57 93 29 10 25 48 4 10 7 75 20 43 98 62 31 17 9 0 93 20 30 18 91 66 70 60 75 42 1 98 32 83 77 51 91 30 76 88 81 92 10 22 54 95 96 19 0 27 77 74 72 13 6 76 37 43 92 95 75 57 40 14 19 4 70 9 4 63 77 63 20 5 1 71 21 89 99 11 14 83 46 75 45 92 78 100 28 5 90 35 81 64 40 85 92 78 86 14 5 38 25 49 55 95
9 92 77 51 96 68 62 27 61 34 81 9 18 50 71 12 16 6 82 99 52 49 20 11 48 97 41 52 38 81 16 41 69 98 42 82 58 56 40 35 26 86 0 36 50 16 56 26 5 53 61 69 12 72 60 41 57 14 91 85 26 51 83 73 39 37 70 99 12 44 70 51 17 39 53 14 11 11 6 57 84 73 21 68 31 18 10 48 9 88 98 88 58 81 88 57 100 62 90 58 62 53 10 38 37 10 1 40 58 91 26 94 90 88 29 88 12 77 2 57 89 13 20 71
40 47 99 50 38 15 95 69 85 7 30 91 30 27 90 59 81 57 100 19 57 44 18 50 32 77 19 3 53 77 21 20 81 2 46 76 57 35 20 55 71 80 3 73 2 60 94 22 89 9 7 10 31 98 94 94 70 42 96 22 42 83 72 97 27 70 78 45 46 57 4 12 56 34 34 1 31 31 80 82 25 18 98 83 68 51 5 29 61 14 16 77 20 50 100 69 52 82 51 62 49 64 10 29 68 79 98 52 44 98 1 99 62 67 92 14 100 1 98 98 29 8 29 88
46 40 19 67 29 15 65 61 61 52 85 76 92 63 49 15 1 92 13 37 16 38 87 48 81 22 87 13 56 76 25 70 9 85 81 87 72 23 35 35 98 11 85 15 75 42 44 66 82 14 56 48 84 66 39 50 67 49 66 70 69 76 2 22 48 87 73 11 64 65 78 76 95 43 12 99 54 79 33 27 9 92 36 65 72 25 69 51 9 55 28 10 74 82 87 48 55 31 40 37 14 57 84 68 88 31 57 62 86 99 31 67 10 65 17 97 58 84 1 90 63 40 100 53
100 11 46 89 7 58 6 91 59 38 69 85 31 73 78 85 26 96 59 84 64 69 98 80 89 68 3 95 51 53 1 88 40 11 27 33 18 1 86 64 56 60 96 64 75 7 24 69 80 93 61 70 58 74 81 1 49 34 55 5 46 82 50 85 16 3 30 87 26 63 54 4 53 54 82 1 66 66 46 17 55 39 31 19 67 29 48 65 61 33 35 72 27 14 60 44 96 14 71 88 87 92 19 88 83 42 59 0 31 27 10 65 90 95 47 67 76 65 46 19 43 13 20 46
71 88 80 15 78 75 88 86 86 100 30 74 89 97 32 23 56 27 9 3 9 66 60 58 50 26 28 40 99 36 95 9 73 51 79 72 58 60 75 38 52 43 51 15 95 83 30 22 96 79 88 85 12 94 34 70 16 86 75 32 56 43 46 44 20 17 63 13 60 63 44 91 78 39 73 51 8 4 33 84 88 3 88 77 77 53 70 19 42 72 5 85 6 83 46 71 12 42 37 31 29 21 47 3 62 96 10 31 35 76 3 99 81 14 12 3 69 39 40 70 17 86 91 2
44 95 60 74 65 6 9 7 60 34 57 24 74 38 20 12 61 2 18 91 58 69 96 13 78 89 21 76 44 99 78 56 10 15 52 51 60 71 61 1 99 89 50 72 22 89 39 34 40 12 71 57 3 76 97 63 65 15 74 51 49 70 50 5 6 20 80 94 89 11 92 82 28 63 14 86 36 54 46 74 20 76 92 80 68 100 53 99 11 38 62 2 70 81 68 54 94 89 39 48 100 41 6 13 21 57 14 27 44 39 85 73 47 23 75 52 56 12 14 49 90 5 45 73
41 65 100 49 42 45 59 93 14 25 29 52 84 56 76 97 1 91 46 57 39 52 47 76 30 32 46 29 100 93 97 56 21 75 86 71 61 42 72 48 70 66 24 58 46 78 27 77 58 100 77 12 10 82 13 5 11 47 25 93 80 44 78 5 7 0 34 17 70 15 71 13 24 45 66 25 46 80 79 17 20 22 87 75 33 60 47 3 80 40 63 40 71 64 56 59 74 67 49 7 90 37 95 35 42 40 42 52 42 17 26 66 57 4 14 51 66 86 64 89 8 62 3 99
80 43 62 55 58 85 52 16 25 46 27 23 10 72 79 49 38 43 58 35 30 78 86 2 83 12 41 99 48 91 21 81 41 43 46 81 8 25 5 51 45 19 97 21 76 90 70 76 27 12 62 79 55 40 54 69 62 14 96 99 18 37 40 14 43 74 72 66 23 79 57 1 76 31 61 73 31 52 52 66 40 93 63 11 12 32 37 57 45 47 50 75 35 87 12 74 13 30 93 86 27 33 12 26 19 47 90 5 38 28 14 3 93 56 77 3 23 30 41 20 3 95 62 27
8 99 3 41 34 91 29 77 71 87 12 80 83 34 31 38 35 55 14 69 44 79 33 43 65 60 89 47 59 19 16 88 25 36 12 27 9 63 11 61 4 80 67 49 79 21 0 23 66 9 32 94 14 85 52 91 99 95 12 64 1 57 83 31 78 66 40 54 98 48 35 50 69 14 65 42 42 14 10 40 47 71 9 97 91 30 0 34 80 13 65 76 75 9 10 18 75 47 17 8 33 57 93 6 30 52 23 94 38 6 51 87 70 47 69 56 1 71 61 0 16 53 22 86
73 69 30 75 62 78 32 65 24 3 89 38 28 35 5 41 48 78 34 73 68 43 98 21 55 29 67 25 24 60 93 63 26 86 83 90 49 48 2 73 46 48 39 11 17 100 87 71 46 0 93 91 53 45 80 53 4 49 45 84 8 6 51 67 42 15 74 20 9 55 74 5 33 55 37 23 1 37 66 46 9 75 33 68 1 98 80 39 45 39 53 87 45 85 15 77 82 55 35 99 51 14 97 6 79 13 85 87 87 75 53 3 40 70 8 84 36 14 89 31 88 17 42 24
70 92 36 48 77 2 2 8 23 14 73 86 42 18 54 89 18 55 43 27 13 68 82 54 52 9 24 88 36 82 86 23 22 81 100 11 53 12 64 76 48 58 34 60 70 62 26 89 41 95 93 93 68 72 95 66 97 41 9 100 35 95 15 18 36 44 91 19 46 3 44 63 48 0 36 48 1 84 24 76 67 1 6 96 1 59 28 13 1 51 40 7 6 22 84 35 10 12 34 1 17 56 69 51 15 73 77 15 41 70 71 76 98 4 3 0 100 56 53 18 91 88 41 100
24 93 64 54 30 13 36 73 19 55 89 68 87 20 92 63 72 23 28 31 28 30 8 52 20 13 21 15 29 63 46 85 12 30 93 60 94 63 46 1 67 15 92 75 13 33 3 30 32 97 44 34 69 6 40 64 12 10 45 93 1 57 26 66 55 37 61 78 39 29 29 42 14 28 96 24 9 27 49 51 81 66 77 65 62 78 92 19 91 59 18 92 27 60 90 86 37 50 58 48 18 29 25 68 98 62 94 1 55 9 100 59 12 49 89 13 59 5 45 84 4 47 27 81
62 83 14 94 29 30 76 79 6 84 50 81 31 73 95 13 19 82 50 12 74 33 38 41 91 1 91 76 3 42 100 44 43 25 73 19 97 30 64 57 19 28 24 13 37 91 23 99 37 0 13 42 60 48 31 44 49 63 2 30 17 4 66 47 25 75 34 13 95 98 83 19 88 14 82 54 75 31 59 50 46 7 7 57 33 85 33 1 84 64 11 85 59 49 97 48 92 61 7 1 59 29 43 82 56 75 98 40 16 13 16 52 51 13 31 76 91 60 3 28 5 63 18 18
49 71 88 68 32 69 66 46 90 99 74 56 13 32 49 84 10 79 53 25 38 30 49 11 11 42 55 19 2 52 46 14 13 20 27 25 96 93 49 1 3 79 80 30 10 4 51 16 13 82 7 46 4 42 54 15 53 86 20 85 94 28 48 70 53 22 89 60 29 21 53 32 9 96 74 7 12 95 7 59 21 33 91 76 41 26 26 31 54 91 77 92 33 83 55 52 17 5 83 33 34 95 41 93 42 69 36 98 60 56 27 16 44 80 45 80 73 36 8 79 2 92 72 40
31 30 79 25 40 70 44 6 59 50 67 39 71 83 30 0 14 78 63 49 39 27 49 87 4 11 99 32 24 28 67 24 80 77 24 82 0 65 64 79 64 94 73 5 80 48 18 75 53 94 54 77 4 26 7 88 18 16 58 33 64 55 95 4 46 55 48 38 82 89 100 52 99 87 24 9 3 51 59 67 57 11 75 25 87 68 96 63 13 12 4 74 8 35 17 69 50 58 18 3 31 14 65 15 79 77 64 78 51 92 78 95 38 35 6 62 1 30 32 81 36 92 30 43
44 80 39 57 88 2 81 69 36 21 95 11 73 75 45 16 0 10 74 66 56 9 82 53 91 41 82 29 92 95 43 70 52 31 54 28 25 58 58 1 17 23 20 16 80 69 87 6 36 54 66 94 42 86 31 66 47 98 53 23 7 59 40 2 43 95 54 53 27 2 35 84 88 68 52 2 63 97 87 47 6 15 36 81 40 84 94 17 1 28 37 14 19 44 19 70 80 3 69 5 77 61 77 46 34 91 83 47 97 36 91 71 61 87 62 76 37 53 0 13 72 25 9 8
12 97 71 55 67 1 79 80 28 66 80 81 57 0 94 38 55 99 44 68 6 59 32 53 17 46 54 35 28 18 14 91 68 92 51 30 94 100 97 43 54 27 35 65 90 18 68 19 77 36 55 29 46 11 67 74 36 59 12 42 40 96 86 4 57 10 4 74 90 57 56 8 21 34 17 76 58 65 28 5 12 22 75 29 36 100 39 81 75 4 99 59 79 88 3 39 27 92 10 77 97 70 33 54 94 21 86 3 68 39 0 73 78 14 45 19 59 29 78 12 5 32 77 29
31 83 70 17 24 94 72 68 68 77 3 19 32 39 17 39 99 64 50 41 16 10 28 68 36 40 67 85 82 45 17 0 86 6 14 56 78 78 45 94 33 49 58 26 40 13 70 65 25 70 72 57 67 73 15 70 64 41 95 67 66 32 20 62 54 52 59 64 19 12 77 96 6 70 68 17 8 40 61 93 48 25 79 78 64 82 70 38 47 11 29 15 79 73 64 37 5 75 81 18 85 70 1 44 65 30 97 71 47 68 56 7 96 50 94 26 20 0 8 23 34 40 72 92
88 19 33 36 42 44 63 43 77 27 73 40 68 97 50 100 80 5 41 7 17 23 26 7 68 41 54 74 83 76 60 58 55 6 7 45 10 48 24 87 51 97 45 88 22 68 64 29 89 28 40 3 71 36 95 92 90 30 27 52 20 65 37 77 2 42 2 47 19 81 60 49 54 77 68 20 23 76 8 96 20 1 0 38 4 80 19 55 28 84 63 75 95 21 44 35 36 7 35 15 17 72 40 95 92 43 61 89 44 11 58 95 49 43 6 18 48 73 95 16 19 20 8 60
90 35 0 6 66 78 94 22 99 41 5 10 51 15 14 60 44 32 43 3 38 50 82 78 19 85 40 95 19 59 23 79 9 9 56 90 75 83 29 8 40 63 32 36 58 31 26 2 49 58 97 99 25 1 58 97 77 36 79 11 62 12 22 48 36 53 77 82 91 76 23 39 88 13 28 16 42 83 82 66 49 55 95 44 88 45 46 9 0 93 66 93 93 24 7 2 9 13 98 71 20 64 0 79 61 73 77 33 77 3 19 75 13 98 77 67 98 29 68 23 33 76 20 85
91 84 16 51 42 58 44 29 39 15 96 94 3 43 88 21 30 75 19 53 57 98 87 48 40 58 83 21 42 98 1 87 73 43 17 54 10 42 79 23 92 32 81 12 94 38 24 97 34 40 23 56 58 10 74 59 57 53 45 31 94 42 86 3 8 36 18 100 58 83 55 81 49 17 77 57 95 88 33 54 60 84 73 23 62 49 34 82 77 35 68 55 3 45 43 69 30 76 64 83 69 46 27 85 15 14 82 53 23 60 18 86 39 2 86 85 18 3 79 72 29 10 97 11
94 81 17 91 1 74 5 63 54 58 23 46 14 32 25 36 26 90 61 78 4 34 82 66 52 37 21 16 45 16 50 62 41 6 87 36 91 100 91 31 92 99 5 10 3 75 86 41 1 15 14 77 4 71 60 43 4 59 73 11 37 89 25 92 92 73 91 70 7 50 82 51 98 14 45 0 0 82 49 61 23 39 2 36 15 5 41 77 87 53 70 93 57 4 73 54 70 91 83 12 9 69 4 54 90 65 33 66 36 89 13 32 68 7 81 53 68 5 5 51 44 47 35 93
84 24 82 17 53 70 47 4 75 72 88 59 72 25 0 72 65 88 95 72 51 72 41 80 24 26 98 94 69 2 59 31 15 36 20 61 67 17 17 57 20 87 96 57 1 43 77 72 73 25 6 63 53 95 65 62 96 61 78 3 63 85 2 52 65 89 82 25 12 80 91 99 10 28 26 34 89 47 27 62 26 65 99 43 45 80 51 2 44 55 65 62 20 13 12 29 14 87 57 2 0 68 93 8 68 18 52 54 89 84 49 54 14 44 76 28 13 83 62 99 76 45 1 33
65 38 89 90 6 0 7 0 11 41 28 56 78 16 26 14 80 38 15 57 99 6 28 95 91 45 67 66 77 42 85 19 8 9 62 4 51 16 9 100 36 12 73 84 24 53 6 57 46 12 81 95 42 86 44 0 89 60 34 62 35 27 36 48 55 98 28 15 59 2 95 55 76 84 64 76 36 47 91 91 37 32 81 85 83 33 22 90 70 42 7 36 91 1 68 88 41 36 4 37 69 50 73 44 74 62 52 87 17 13 76 89 86 37 39 9 10 92 37 14 87 80 34 89
63 32 6 29 87 9 70 74 91 5 58 63 1 15 95 37 50 8 72 33 63 7 87 37 25 82 100 80 86 33 4 39 65 39 79 75 56 98 21 7 14 14 29 97 23 80 25 89 2 44 52 55 5 30 64 10 67 92 11 4 26 1 53 18 78 37 90 11 92 5 16 45 72 0 27 41 0 28 54 74 91 64 70 70 94 32 75 82 79 12 47 10 16 49 47 44 88 60 75 50 20 81 42 30 56 58 45 0 44 95 89 82 100 86 57 31 19 69 93 12 59 40 58 52
31 79 16 72 23 24 25 76 45 38 52 73 54 21 28 69 49 2 78 92 32 17 53 18 7 21 66 38 9 64 88 11 5 64 25 9 10 30 51 13 87 14 72 86 77 46 17 13 20 22 64 99 20 87 4 95 12 95 20 69 92 62 21 57 88 3 69 49 19 13 45 99 51 75 43 75 85 44 79 12 14 13 71 68 50 16 6 6 6 69 46 25 58 76 0 66 23 85 13 29 14 42 24 74 1 88 88 16 48 11 73 47 13 84 64 50 2 72 21 15 86 27 64 2
63 79 62 28 49 45 38 36 12 82 98 64 69 74 91 92 83 48 7 30 41 34 38 54 58 9 69 51 49 72 83 31 41 52 63 5 9 12 39 64 18 22 26 77 97 11 47 13 70 72 98 3 58 35 2 3 17 41 13 16 77 24 31 47 97 24 16 57 46 38 13 64 48 46 18 66 11 24 13 16 7 56 17 29 57 30 7 80 69 33 73 68 53 17 77 70 11 48 59 85 17 78 60 53 48 86 46 43 42 51 94 23 45 46 62 46 39 71 81 75 67 22 16 69
29 69 1 37 87 13 36 49 81 45 65 85 3 48 66 54 74 38 85 67 29 41 82 5 20 78 8 77 71 100 67 85 81 99 69 74 74 13 32 79 43 64 91 64 85 83 74 23 61 49 92 60 72 81 75 23 67 94 4 54 36 96 63 92 6 68 48 36 19 39 35 37 21 3 19 94 74 6 79 50 98 27 46 30 66 48 55 36 24 76 14 78 7 90 42 62 34 97 35 63 75 100 99 88 63 88 84 5 6 33 65 33 22 9 38 16 22 69 2 84 28 15 73 99
60 98 93 32 11 70 99 49 57 75 25 28 93 93 51 97 93 50 1 98 58 12 80 34 55 49 2 17 64 50 10 78 83 46 10 42 90 96 23 25 51 47 96 52 92 90 85 66 74 19 57 33 63 79 99 22 15 62 25 29 48 94 62 53 82 37 84 5 13 21 87 60 55 71 83 25 94 11 49 44 37 46 9 24 42 70 59 22 33 75 97 52 17 9 70 57 61 4 62 85 99 34 45 34 63 84 20 33 65 59 80 69 24 75 98 66 84 4 28 32 17 81 4 78
40 72 27 93 39 83 56 35 58 43 71 31 23 59 83 50 28 54 16 19 37 54 21 60 83 3 26 82 64 54 61 90 79 99 73 16 12 83 26 91 22 13 74 32 33 49 62 68 71 20 86 55 52 44 71 67 78 53 5 79 41 14 66 6 60 86 64 90 17 38 49 43 58 69 12 63 69 47 78 65 5 17 70 89 70 63 78 10 49 55 21 86 36 92 60 63 29 41 1 8 22 77 67 31 92 36 100 83 66 4 92 78 54 96 50 42 94 92 52 1 63 35 84 65
37 97 11 84 12 45 80 26 87 36 55 76 59 89 10 89 4 35 84 72 6 21 48 99 85 43 4 26 73 37 56 5 6 69 14 8 28 24 79 9 30 73 38 41 10 76 79 91 72 31 56 26 7 42 54 78 50 87 80 7 11 33 57 33 24 96 73 7 30 11 74 63 78 58 43 87 22 57 89 50 92 53 8 78 26 65 23 2 46 82 46 87 41 39 5 32 84 42 53 36 15 47 33 12 19 47 26 57 7 8 22 46 35 71 61 52 15 29 86 74 87 76 7 70
61 91 11 51 12 52 97 62 91 55 82 18 63 35 29 45 17 26 52 83 65 94 60 76 10 13 71 87 25 48 34 78 93 5 15 92 55 94 29 55 27 69 91 98 50 20 0 92 10 90 35 11 32 30 30 32 12 13 29 83 93 93 52 12 93 5 81 87 52 26 16 22 18 15 99 53 90 21 78 3 89 50 46 41 83 7 95 90 39 35 75 83 48 85 36 70 16 87 41 38 50 34 28 63 29 2 78 7 1 47 40 95 58 89 74 1 45 16 36 50 92 37 77 5
99 40 27 28 76 7 89 95 58 88 37 81 57 60 25 41 60 52 63 84 63 16 35 68 75 19 59 31 15 82 78 8 48 20 48 6 99 34 77 56 61 58 37 96 18 61 7 57 100 73 63 11 98 48 26 26 33 66 92 12 32 12 97 16 39 88 59 42 64 19 60 82 39 7 92 25 0 76 29 77 39 65 14 51 57 29 64 57 39 75 78 66 43 25 69 3 100 79 37 13 87 63 18 77 21 49 74 90 14 32 8 4 50 49 93 90 40 63 53 61 48 22 18 60
36 35 87 17 17 19 3 40 88 41 12 22 54 34 69 36 43 47 98 78 58 15 40 92 52 79 88 60 11 33 74 32 30 95 29 24 18 51 19 36 59 96 10 61 17 95 64 65 14 95 99 31 72 67 7 43 83 21 85 0 55 51 86 73 16 10 64 16 57 35 27 13 6 98 50 23 10 95 56 31 69 0 77 13 60 50 72 0 49 34 5 66 67 73 90 22 16 14 15 67 57 93 60 69 99 65 14 22 41 72 79 83 84 58 79 42 49 65 57 81 75 19 18 83
67 64 62 66 78 94 8 6 27 34 40 63 97 9 53 38 68 60 16 37 52 90 83 97 7 33 37 38 63 59 7 56 58 57 5 7 26 78 41 89 57 77 18 22 42 25 5 28 43 57 0 32 55 47 96 53 49 46 97 68 90 8 40 77 45 21 30 33 97 48 1 88 18 67 4 20 82 42 47 67 74 40 65 7 98 9 12 40 14 29 83 59 75 5 20 86 78 13 35 57 36 5 27 97 94 88 66 51 99 25 75 52 31 60 91 4 56 33 59 79 8 64 1 5
1 53 73 19 4 41 83 59 70 37 64 84 59 30 68 21 93 78 63 46 17 79 24 89 19 39 55 90 88 16 92 98 50 82 54 52 47 79 39 62 48 45 48 1 62 85 0 79 31 23 82 61 32 7 77 13 95 95 37 94 50 66 0 74 52 27 84 30 35 81 67 72 17 40 12 54 41 91 41 69 37 27 99 52 33 78 21 67 77 15 43 96 83 26 33 37 29 8 50 44 77 29 66 10 41 58 58 12 42 30 6 85 70 22 23 30 89 54 90 85 52 5 18 37
34 74 34 5 81 75 89 40 62 54 4 49 100 71 93 48 10 58 58 85 28 65 75 34 52 79 97 100 55 24 79 95 86 64 63 56 75 44 11 89 61 64 22 21 100 8 39 67 66 17 76 63 34 91 89 68 97 74 44 89 23 89 15 8 67 69 85 17 76 51 76 42 70 36 19 40 79 18 58 45 15 7 94 59 48 10 47 74 64 30 92 94 49 23 45 63 27 64 77 14 89 2 97 4 74 31 15 59 84 83 100 15 52 15 49 69 25 77 69 8 64 82 52 11
41 30 92 57 78 32 32 28 34 82 72 85 49 35 68 11 55 50 62 6 25 2 29 6 56 26 39 14 86 33 89 56 88 86 47 10 97 63 48 45 42 82 29 69 69 37 92 19 10 50 59 5 26 2 70 63 47 65 61 86 14 34 37 73 87 84 57 94 79 20 52 20 37 55 41 98 12 62 85 37 94 71 27 47 23 9 14 83 32 2 42 20 28 99 88 86 45 8 58 30 70 20 66 39 65 58 29 55 46 72 80 33 78 9 33 16 45 90 60 11 62 37 90 12
32 35 89 69 73 24 86 94 54 36 37 24 20 92 98 39 47 16 62 52 66 15 76 46 52 84 11 77 84 31 39 22 44 9 12 68 73 43 78 90 45 78 64 46 93 48 83 71 22 78 9 32 87 8 8 89 66 59 78 61 23 86 18 74 20 39 85 85 75 1 16 77 78 69 40 85 39 89 78 50 70 81 42 65 70 54 98 60 43 78 73 45 49 41 73 17 76 39 13 40 54 65 38 24 59 29 75 17 60 5 88 90 100 2 51 85 13 90 76 100 23 81 84 18
15 4 92 31 0 98 54 54 2 55 71 40 28 95 87 66 87 51 77 73 68 19 28 72 31 45 11 89 91 24 52 91 13 96 36 76 9 15 94 22 89 59 77 100 58 65 6 30 82 7 19 70 48 14 2 2 87 42 81 61 27 93 60 65 56 70 88 62 88 40 63 79 35 57 46 73 56 69 37 10 30 99 15 95 59 34 34 26 55 61 5 58 40 27 0 79 99 96 48 97 12 98 4 35 20 78 24 15 56 51 29 34 63 63 40 37 48 75 74 48 61 22 37 83
67 89 50 22 36 23 73 76 30 74 47 42 9 23 77 15 68 98 9 71 27 10 50 62 72 87 35 27 60 23 79 66 4 85 66 74 0 58 42 90 52 24 86 23 89 49 25 3 86 90 44 52 42 19 68 41 23 74 54 9 87 57 5 10 66 98 35 24 54 63 72 95 38 29 72 28 2 60 66 70 51 4 17 50 33 18 56 1 39 44 93 48 17 88 23 26 22 43 48 74 8 99 71 26 86 38 50 10 45 55 9 86 74 50 86 0 27 8 18 15 100 8 26 88
73 75 74 75 8 96 67 25 57 53 51 58 5 9 21 31 14 66 73 17 32 27 28 22 52 54 56 98 41 86 87 53 89 99 30 69 47 96 96 2 37 86 25 31 34 62 36 5 52 9 96 13 4 5 23 33 98 81 34 56 58 94 37 5 87 7 49 60 61 76 0 14 6 42 17 9 47 81 84 18 81 61 36 44 36 47 0 62 61 5 96 82 42 57 12 84 58 32 7 65 94 34 40 32 35 95 51 79 34 77 43 65 32 2 82 5 31 12 21 11 71 92 34 19
34 75 59 94 2 7 72 83 41 70 39 43 44 55 48 2 43 99 34 18 67 20 8 20 63 10 84 81 92 18 49 4 16 92 27 37 29 11 37 22 3 40 23 68 1 38 92 43 35 66 1 22 27 85 19 66 10 39 39 3 8 8 97 53 27 69 44 91 99 25 1 68 54 7 23 92 84 78 83 83 31 100 35 90 52 37 93 46 57 56 73 22 67 79 94 0 12 25 60 6 72 4 68 65 66 68 13 49 68 18 73 99 11 77 44 21 89 27 51 28 15 8 76 13
41 77 82 63 10 1 93 12 38 8 81 64 72 79 55 28 84 35 48 29 99 88 81 95 59 98 79 1 55 74 3 97 50 45 23 78 23 11 88 66 13 6 24 92 65 90 99 49 18 46 22 40 68 6 90 91 27 61 34 5 23 62 85 61 17 37 26 67 65 36 88 44 23 72 79 51 81 22 18 42 91 78 7 73 37 38 52 54 71 93 23 20 31 12 22 58 21 74 3 13 19 24 19 61 43 5 12 81 79 98 77 27 19 2 26 56 6 0 65 12 83 15 67 80
44 60 6 85 17 91 67 8 80 89 59 41 56 31 7 61 80 23 20 21 58 41 25 18 90 99 98 56 60 32 5 10 92 57 28 20 64 15 97 97 48 81 98 88 7 100 24 44 42 71 40 54 63 89 79 23 2 1 23 21 16 81 42 5 44 53 50 13 13 18 83 10 91 68 95 25 12 2 32 47 63 6 66 36 11 81 25 12 36 64 82 18 63 44 4 33 93 47 80 93 83 65 5 14 98 6 100 66 49 22 68 90 9 4 22 50 88 9 49 15 43 11 43 65
59 59 49 92 89 74 33 49 96 59 37 28 50 91 29 49 15 42 29 92 43 49 99 92 24 77 2 28 78 46 42 36 5 70 34 28 18 41 45 53 36 70 52 79 81 1 61 44 11 79 22 65 32 3 94 65 5 64 26 42 21 98 55 56 88 30 53 56 48 60 62 35 76 85 85 98 89 27 42 39 72 100 51 99 16 61 72 29 48 73 70 45 8 41 100 37 1 85 25 40 89 15 10 57 79 62 58 30 19 93 85 6 47 97 34 35 5 22 22 90 44 61 32 84
38 99 67 68 73 97 95 80 30 52 46 63 94 86 37 64 86 55 81 96 17 53 37 10 89 76 48 18 31 7 38 69 81 32 32 65 52 48 73 94 35 87 44 32 3 10 23 26 0 87 72 17 74 40 33 78 80 37 27 54 90 70 65 31 28 74 56 43 45 43 61 84 80 44 0 65 18 11 98 49 84 1 83 24 21 84 45 22 89 36 95 26 80 52 57 13 48 59 22 35 75 89 19 31 4 35 6 44 90 8 82 27 69 100 92 15 85 95 88 15 35 69 27 67
31 10 72 39 81 25 43 68 27 96 45 23 11 78 57 6 8 8 70 72 46 5 72 26 17 25 31 31 15 85 92 100 46 19 82 56 53 66 54 1 25 99 90 32 34 21 78 27 19 84 58 66 54 26 78 50 41 44 86 42 96 26 56 15 74 77 90 18 12 70 47 47 86 70 28 42 82 15 18 17 98 11 18 60 54 17 66 32 6 33 32 3 63 87 68 80 54 63 34 74 39 34 68 6 84 57 97 16 46 37 22 84 4 60 95 14 15 72 77 50 98 20 36 100
48 81 90 97 89 75 72 33 86 22 14 82 63 48 33 25 79 61 20 24 53 34 100 40 48 24 33 11 25 79 9 36 64 92 61 93 46 39 89 68 70 76 71 18 0 93 31 80 22 33 96 99 0 39 44 21 12 100 96 95 97 96 64 21 33 9 98 48 88 51 45 78 73 36 37 9 89 43 5 42 2 92 72 61 93 48 98 70 24 91 63 95 10 80 59 30 47 98 27 90 18 53 56 30 4 93 79 23 8 89 33 94 93 14 93 52 92 38 50 64 85 3 68 38
5 58 14 1 96 42 63 46 96 59 12 74 0 98 78 82 90 98 0 47 29 84 46 98 85 73 78 17 75 6 82 78 60 90 26 37 68 68 38 34 1 21 70 24 23 65 95 52 90 15 28 52 40 1 76 20 22 41 28 15 7 94 23 67 100 85 83 13 37 85 74 98 48 5 12 31 9 75 41 7 94 12 75 81 26 28 30 38 64 78 1 12 14 52 74 60 14 41 18 37 44 35 56 83 92 59 15 74 72 63 95 72 72 93 13 17 88 6 60 71 31 20 25 17
77 45 72 18 90 81 65 83 66 93 28 0 33 73 29 84 78 60 35 73 50 28 36 69 23 73 18 79 56 67 62 22 63 59 34 24 66 33 68 19 43 9 99 87 100 62 16 12 8 35 88 41 11 4 91 27 92 83 85 75 79 37 14 67 22 41 24 89 92 48 25 60 5 95 21 90 15 86 68 98 31 76 23 17 98 94 38 12 89 41 17 86 19 23 56 69 100 32 72 75 71 1 69 44 14 19 77 15 90 40 42 10 5 17 60 35 63 43 88 50 97 37 98 42
72 6 54 29 18 1 82 80 63 30 63 37 29 68 90 17 98 9 82 26 16 5 88 52 44 34 45 77 70 87 26 52 65 22 72 10 16 95 25 51 32 14 9 47 50 87 37 57 19 81 80 13 15 60 59 41 26 58 82 95 82 0 50 48 7 98 84 55 39 12 51 91 71 68 47 57 41 96 13 90 23 78 84 53 16 80 21 5 93 79 69 38 89 21 50 27 96 33 33 88 33 34 76 84 92 3 44 46 7 88 41 9 21 18 21 36 48 48 12 82 95 38 65 91
67 19 34 20 58 57 89 83 60 12 17 71 26 24 56 42 96 58 72 2 87 49 71 14 48 38 44 13 86 64 88 62 99 85 54 25 24 14 82 15 95 95 54 68 1 56 10 62 24 86 48 90 54 47 52 69 3 27 52 79 92 33 40 85 59 74 7 58 1 55 63 7 99 25 23 65 10 19 50 39 46 100 85 58 33 92 66 73 88 28 73 32 52 84 93 4 13 49 66 51 15 31 42 30 38 35 26 43 60 51 66 27 7 53 27 71 80 1 53 47 5 52 27 36
89 7 80 77 44 74 74 98 9 28 6 90 6 6 63 46 0 25 20 80 10 32 43 70 81 35 42 38 27 80 66 95 6 95 92 46 21 100 56 1 46 76 44 84 38 69 82 47 31 9 61 31 23 33 15 70 22 20 38 22 24 33 54 43 50 33 15 36 89 23 66 59 56 18 72 18 0 39 36 96 48 97 38 11 41 8 41 100 9 37 50 56 88 63 1 50 78 66 74 53 91 89 76 26 38 6 33 100 71 7 11 79 31 16 53 85 84 70 100 69 99 62 49 57
21 2 94 100 27 51 17 25 41 52 51 80 62 68 91 41 28 71 2 68 14 2 40 15 47 84 32 42 97 100 78 88 46 29 47 50 86 32 77 62 45 8 38 69 73 10 41 81 45 38 68 83 73 97 39 8 5 57 78 46 53 87 50 47 94 90 76 90 81 83 37 65 76 66 98 16 93 74 10 65 39 63 98 53 94 88 28 56 24 3 31 21 20 97 14 4 50 47 57 46 10 3 90 1 40 84 21 82 86 28 98 74 75 55 27 29 39 55 57 47 60 92 46 39
36 28 4 60 2 37 76 95 19 74 33 25 96 47 39 2 23 52 1 42 6 15 70 0 6 61 44 82 6 79 11 22 33 92 64 21 32 30 37 68 90 76 38 66 77 95 28 86 24 55 69 59 35 48 48 75 35 64 46 57 64 39 51 64 61 83 17 34 17 67 21 86 81 41 18 44 63 90 50 21 49 94 57 50 79 56 88 76 79 34 76 50 82 25 15 16 82 98 66 6 65 84 39 34 3 1 49 71 74 24 7 54 90 12 57 95 87 90 52 40 15 35 87 92
75 60 70 25 93 85 77 50 69 9 3 32 26 81 19 13 48 85 60 78 86 63 11 66 100 77 11 39 14 27 4 100 21 46 11 25 75 7 11 92 27 60 41 35 53 76 31 90 1 25 78 88 45 89 82 48 38 79 60 48 25 92 65 8 11 59 81 39 11 4 48 24 53 11 60 19 56 89 71 100 0 83 7 49 22 81 62 55 40 90 80 40 16 47 59 19 78 38 44 73 13 65 5 33 6 36 19 5 94 7 45 60 11 59 11 91 15 69 62 73 99 99 37 67
93 17 43 86 98 23 66 11 12 95 82 29 57 48 5 66 93 89 42 70 68 17 98 42 35 71 20 26 28 67 79 88 59 97 72 81 13 8 50 62 86 13 50 48 13 44 70 2 7 39 1 32 73 67 98 51 87 48 73 49 43 8 84 5 98 70 44 92 39 39 18 13 95 98 75 22 14 64 53 69 93 52 92 27 47 70 28 5 11 77 13 71 9 81 43 38 83 86 39 11 63 32 55 83 60 22 84 52 46 72 54 84 99 21 14 53 34 20 41 32 17 44 81 78
24 33 13 1 92 21 70 31 23 7 19 66 99 30 96 80 77 2 32 37 36 67 26 62 67 20 11 11 58 11 61 79 4 8 43 72 95 39 48 98 12 52 63 59 28 53 98 31 24 9 73 59 34 21 11 84 83 9 4 13 90 53 100 67 1 54 10 18 92 98 92 86 99 4 8 88 92 88 65 47 27 81 4 13 20 14 23 54 1 16 4 42 68 13 40 87 29 86 89 40 21 28 51 66 3 28 93 7 47 85 28 98 17 69 45 11 86 20 46 22 26 11 22 98
55 14 37 70 25 74 61 66 74 95 92 55 65 44 38 25 36 54 54 41 69 14 9 51 99 20 20 38 25 58 62 61 60 87 74 79 55 46 1 87 69 87 45 45 18 70 95 55 41 42 27 1 78 55 76 38 39 85 31 30 91 67 59 48 13 42 22 99 87 66 80 76 74 18 63 83 53 36 2 96 73 91 97 37 38 81 11 40 82 73 9 36 72 33 59 6 27 32 91 80 86 31 57 41 80 88 9 26 41 34 12 15 81 55 5 50 37 50 45 48 8 64 41 72
19 25 6 9 82 84 65 2 8 51 24 72 58 20 56 71 69 14 27 81 77 64 9 45 35 27 76 62 79 46 25 11 97 5 20 81 40 2 66 5 86 21 61 16 41 70 10 85 95 54 81 18 30 26 78 11 95 2 34 66 12 5 33 70 38 0 13 89 83 84 20 4 26 13 53 93 15 0 90 57 92 95 59 62 84 80 73 54 58 88 87 12 16 97 25 44 0 68 24 33 6 53 37 51 51 16 91 97 16 77 23 54 100 13 82 47 53 84 8 3 52 32 33 93
91 53 59 44 14 2 52 85 61 95 31 32 85 45 46 7 57 80 80 72 11 89 93 12 35 20 20 27 0 62 39 51 75 92 38 65 25 50 11 24 30 36 91 84 74 4 81 45 64 1 55 60 49 64 1 29 85 68 37 18 92 20 45 49 10 71 13 67 97 70 23 79 88 76 22 90 34 25 73 42 95 76 12 78 24 83 100 29 36 39 42 4 89 28 100 63 39 73 40 49 42 66 96 100 10 2 24 28 14 95 97 86 80 91 16 100 63 25 49 91 62 38 79 40
80 95 83 8 89 41 4 37 55 53 33 15 3 87 77 2 93 83 55 71 83 4 37 73 53 94 53 84 39 37 60 82 96 14 77 44 93 47 82 32 4 70 37 39 76 53 41 76 67 9 44 28 46 71 2 6 47 9 41 41 47 13 69 20 61 100 9 22 58 17 22 9 16 35 29 99 70 22 40 34 35 9 40 2 29 90 15 51 88 100 60 39 26 88 80 54 87 63 5 100 18 44 42 72 38 50 25 37 27 97 29 65 59 85 72 41 41 89 2 66 7 1 75 81
