63 7 78 80 46 68 55 80 96 100 77 8 48 49 49 75 72 2 61 61 82 20 19 70 6 97 42 11 6 66 8 61 45 89 10 85 71 1 13 64 66 6 64 17 95 63 49 8 35 49 89 6 5 29 59 79 77 73 59 35 50 30 64 48 56 39 85 7 99 91 59 21 37 98 0 50 94 63 58 33 76 86 54 67 85 59 75 15 31 14 35 46 11 90 46 98 99 100 20 34 71 34 62 25 75 23 34 89 40 27 21 98 10 34 2 0 65 48 52 17 81 21 77 24 89
75 23 6 45 16 73 24 72 36 25 44 45 75 9 34 25 53 39 69 6 2 53 5 4 99 99 77 79 51 50 51 98 31 33 99 64 83 49 27 57 96 90 28 22 35 55 69 81 46 75 83 17 59 34 25 88 0 69 94 42 52 78 52 98 92 53 18 17 66 48 74 66 75 14 45 71 34 29 28 65 10 49 41 43 13 34 49 70 27 81 99 70 92 67 90 83 71 13 31 2 31 0 12 53 9 44 33 8 79 85 72 22 42 67 92 69 9 79 47 54 34 44 2 53 95
30 2 57 18 21 10 96 87 92 85 73 87 19 93 9 29 91 16 71 12 40 72 25 9 97 28 89 95 80 28 89 28 15 40 95 54 79 66 26 81 30 76 1 60 71 25 74 62 0 73 50 37 36 25 56 88 98 79 72 74 2 18 93 90 66 65 91 60 31 6 27 72 42 55 82 18 35 76 32 73 29 73 34 84 41 41 25 30 71 41 94 12 22 65 2 25 92 0 53 3 52 48 93 50 49 6 21 31 79 5 65 19 85 67 7 87 7 79 79 71 42 100 63 13 87
52 54 15 85 12 12 65 78 54 72 15 95 76 79 68 78 94 23 21 52 92 15 40 41 56 94 56 87 77 63 57 14 74 43 56 98 79 23 93 2 17 49 43 92 89 31 43 61 34 69 52 37 98 33 48 57 16 72 79 37 29 26 64 19 74 49 55 6 91 60 89 95 27 0 99 21 12 31 35 43 39 19 79 100 47 57 16 39 71 42 49 0 16 81 77 65 57 79 59 79 54 40 57 7 83 59 11 4 95 55 81 84 91 62 16 19 68 51 82 76 16 57 78 31 0
73 82 13 40 0 46 45 97 50 1 6 22 40 23 2 27 59 5 9 97 55 30 36 64 18 29 70 20 29 37 64 96 42 83 28 7 29 88 51 85 3 41 20 58 84 55 56 0 47 54 69 86 83 75 91 73 39 20 31 25 54 96 22 85 46 6 40 1 93 18 78 81 85 29 76 53 90 20 20 74 45 7 73 92 50 3 89 44 10 81 64 16 1 61 100 38 75 48 27 39 82 4 36 55 75 51 20 100 46 19 59 11 74 42 89 68 28 31 55 98 32 40 79 11 67
22 92 50 62 45 46 80 64 63 68 27 68 38 52 8 82 35 34 84 31 79 12 48 81 58 34 92 40 46 1 99 15 85 54 80 57 52 13 63 82 87 99 55 94 66 29 48 57 87 8 17 41 50 43 33 58 62 36 14 56 42 98 46 94 47 17 78 2 16 37 0 30 58 2 42 77 15 4 25 76 17 66 92 41 23 36 79 8 6 96 68 86 81 38 38 86 95 51 98 42 70 44 91 11 48 55 76 59 96 87 57 19 27 85 17 14 11 9 81 39 34 50 72 32 32
96 5 68 82 42 72 23 30 39 34 58 19 83 0 39 41 50 86 90 39 28 50 0 91 67 81 39 88 91 39 35 9 51 81 55 31 87 3 35 33 11 88 85 77 97 62 35 73 4 80 18 80 100 72 81 65 9 18 77 81 81 65 85 57 18 66 2 64 60 7 43 86 70 97 60 32 15 61 45 90 55 3 13 79 31 59 61 51 17 74 31 100 3 19 18 33 10 37 92 69 80 90 83 27 1 26 99 67 12 45 62 21 5 74 53 60 59 65 84 58 16 61 98 19 88
39 80 15 23 21 58 69 11 48 49 7 94 41 73 26 44 93 23 48 62 41 31 54 20 92 97 52 86 20 71 65 28 75 88 2 94 19 17 99 6 75 11 100 18 53 91 68 80 60 65 31 50 67 9 81 93 67 66 20 16 36 86 95 6 35 5 88 72 33 70 0 97 78 16 68 51 91 89 29 36 93 58 55 3 10 66 40 68 51 52 77 69 10 23 98 12 28 100 84 66 52 29 84 19 38 97 46 24 73 96 77 44 69 90 54 39 10 50 73 83 57 79 96 12 50
32 0 28 75 71 47 49 33 71 22 72 11 10 79 45 64 66 9 49 51 27 59 81 99 20 16 93 99 27 97 6 88 34 97 11 80 35 60 23 63 45 32 49 36 24 94 76 75 59 77 42 0 87 10 61 4 88 32 95 59 79 67 86 53 75 19 14 29 79 43 2 85 75 20 14 92 71 20 22 78 14 19 10 15 93 5 17 79 27 79 5 32 35 65 82 25 90 40 28 7 58 66 29 71 41 56 48 91 28 34 11 76 25 57 86 100 9 14 3 98 69 82 50 42 33
18 34 82 1 69 47 14 66 95 83 90 41 67 29 13 56 34 99 25 84 100 24 3 29 7 73 85 52 36 97 52 12 50 91 69 53 63 58 40 51 36 92 53 21 0 75 56 96 68 4 45 0 51 25 12 93 21 30 77 6 95 47 72 59 94 80 99 84 17 21 3 29 48 70 63 100 89 76 37 83 46 46 8 59 0 95 24 59 89 58 39 25 97 61 35 22 69 58 83 9 90 47 86 58 25 33 47 76 48 59 13 7 98 8 51 44 80 57 95 5 91 47 96 10 75
60 36 25 95 50 88 17 99 65 98 68 58 41 16 43 53 95 80 0 73 81 12 11 78 65 4 57 88 63 71 0 69 51 58 85 82 25 30 10 8 84 14 38 41 64 90 61 70 88 56 74 91 26 35 6 51 3 9 62 62 83 13 46 0 83 43 47 25 76 97 71 73 81 15 39 12 32 16 13 22 67 23 17 41 69 60 63 5 99 24 58 52 18 95 57 80 54 62 58 16 44 17 54 31 85 86 28 90 35 23 79 32 40 1 61 11 41 31 72 22 44 8 1 42 24
59 48 95 50 14 44 72 74 17 88 96 18 74 60 81 68 41 21 7 64 57 32 81 10 53 28 12 89 33 72 47 61 33 17 86 80 85 64 15 48 44 10 40 7 70 65 69 82 27 11 99 11 18 92 6 50 12 38 17 2 36 61 10 30 3 89 99 56 97 49 25 84 37 24 52 69 69 95 83 99 0 4 49 26 58 99 51 36 96 50 27 76 36 69 48 30 49 76 98 51 10 61 81 49 56 50 38 16 99 22 96 86 62 37 89 92 25 47 84 98 55 2 96 93 95
59 43 21 55 13 55 87 56 40 68 70 42 93 66 99 24 33 78 21 59 36 87 34 32 99 100 38 18 42 69 20 50 21 64 99 47 63 100 89 87 49 72 7 78 32 16 26 19 94 20 69 43 67 42 61 80 88 55 84 98 41 33 52 100 99 61 23 27 75 63 58 14 89 62 61 78 79 7 72 26 12 85 83 51 78 96 18 79 1 66 59 85 98 24 95 52 38 5 62 87 69 23 16 16 91 62 80 46 95 27 72 60 57 9 50 80 62 12 69 50 65 30 84 13 95
11 28 40 38 16 15 49 16 59 21 60 56 21 47 4 64 9 65 93 59 5 33 87 100 12 37 0 88 95 33 54 27 50 56 27 89 83 0 60 59 62 12 72 79 15 76 40 79 11 10 62 53 61 96 6 92 6 49 45 44 6 67 6 45 48 0 71 84 29 88 18 89 42 92 68 99 0 8 68 35 65 100 35 55 47 47 17 2 11 41 18 89 97 34 51 17 63 9 10 78 52 30 78 40 29 95 31 94 13 97 32 32 62 42 83 60 80 40 64 42 16 4 13 40 48
60 36 100 67 55 74 18 76 79 7 75 59 79 29 35 21 49 88 1 55 13 43 61 6 46 66 46 71 0 58 35 62 85 52 77 9 61 21 30 0 23 38 15 23 59 23 22 44 98 75 93 16 61 64 21 75 17 65 82 93 61 14 4 69 9 32 78 59 34 8 35 58 88 3 33 68 12 50 92 72 85 69 90 21 84 39 78 8 9 100 83 11 75 91 9 53 67 31 71 89 27 95 26 64 82 67 14 24 100 92 50 32 47 47 26 61 60 79 10 71 96 49 4 97 18
62 63 33 50 51 72 22 31 63 93 51 30 13 36 25 15 32 5 24 41 39 2 37 99 45 14 3 45 63 28 92 15 79 0 21 66 69 15 64 57 54 67 4 12 1 86 54 51 2 63 2 78 89 57 43 80 5 18 96 55 63 32 8 15 31 97 45 80 93 53 21 1 82 34 90 30 52 54 9 86 72 97 32 68 75 16 50 65 37 32 84 62 37 6 63 47 0 34 9 14 29 21 48 52 88 7 80 19 45 94 26 30 14 30 81 16 52 67 12 49 35 27 22 88 72
67 72 67 25 31 68 59 20 31 89 95 40 86 34 38 54 37 52 47 97 65 75 46 65 97 89 84 59 55 28 99 84 33 83 69 61 69 16 45 44 43 94 53 74 46 65 24 46 40 46 36 36 77 63 77 70 87 64 27 40 66 35 22 69 39 95 5 13 11 71 9 47 1 48 58 45 83 15 59 28 66 61 32 90 96 86 19 42 59 81 44 31 81 90 55 5 22 15 11 4 15 56 72 72 43 75 48 91 12 74 97 55 31 43 92 70 67 70 82 56 7 95 39 18 39
52 81 61 50 76 54 14 88 57 16 18 78 21 44 40 37 94 83 71 35 40 44 15 30 54 19 100 40 33 93 66 93 63 56 48 92 96 38 66 62 94 61 65 95 36 82 24 26 45 1 54 34 12 35 67 1 54 25 38 95 18 97 33 78 100 38 54 94 67 9 64 17 33 36 21 14 55 34 63 22 27 5 60 6 93 94 34 92 70 17 97 10 0 83 8 69 15 18 56 49 69 81 79 53 20 13 71 27 8 19 96 74 98 25 84 48 76 93 45 29 79 15 53 24 4
63 1 90 64 65 15 85 77 40 49 79 58 12 46 1 12 33 29 40 58 87 69 12 88 65 83 79 28 79 32 49 42 56 66 33 6 88 24 20 18 33 10 91 74 25 95 27 5 3 71 56 21 60 15 100 72 27 20 44 94 20 7 45 2 91 94 91 3 49 64 76 53 77 29 19 8 34 93 20 49 31 69 17 100 95 24 66 86 58 76 84 21 83 82 87 70 47 30 31 16 25 69 64 79 50 58 52 70 92 73 14 40 73 91 60 39 21 59 96 71 26 78 73 94 72
1 16 88 63 92 46 77 16 87 74 94 22 61 8 54 97 77 98 76 80 19 68 54 79 38 97 55 75 69 46 50 32 7 48 85 35 96 79 98 79 27 56 93 95 96 60 25 3 93 67 82 30 84 89 40 19 48 51 53 47 94 63 13 6 25 65 13 51 3 7 67 16 78 3 18 9 66 99 59 83 88 2 30 16 93 20 8 58 52 83 68 75 61 49 69 72 44 85 99 50 18 52 64 92 36 72 92 89 68 10 59 62 3 77 3 73 32 68 18 49 22 56 21 40 40
80 3 13 32 28 48 77 2 12 4 4 61 71 6 69 45 16 54 49 44 34 18 11 54 96 32 91 80 10 34 33 97 67 6 62 9 48 18 58 66 57 82 67 62 67 37 26 14 70 83 86 55 64 3 81 11 53 97 38 10 47 32 73 39 86 33 27 71 72 92 50 60 55 12 81 40 86 18 25 34 82 87 29 49 13 6 83 17 42 59 29 16 49 71 81 66 81 3 62 72 100 32 99 41 83 67 94 60 90 42 100 58 28 81 80 6 92 47 49 19 35 48 46 50 1
12 31 89 85 11 96 79 26 70 95 17 39 98 47 98 32 58 94 72 46 50 68 30 73 90 4 83 53 5 11 19 95 31 6 70 8 31 18 13 52 13 14 59 41 4 31 25 90 92 99 16 17 96 81 32 40 79 90 66 8 52 79 44 31 25 65 2 41 77 89 63 35 5 94 75 16 46 10 98 28 87 42 1 55 36 77 60 50 4 40 93 80 31 47 52 0 27 20 9 52 59 14 84 84 75 30 5 50 50 32 36 100 61 91 96 85 55 3 75 13 96 68 34 86 95
24 69 81 60 65 2 87 39 22 31 27 90 63 65 76 94 46 75 19 73 23 81 53 98 91 36 42 38 52 74 58 41 12 18 53 22 83 4 54 84 27 72 62 28 24 84 47 60 38 11 17 71 26 6 29 27 84 34 45 47 72 36 20 33 18 85 9 24 36 6 47 72 74 23 98 20 17 70 77 40 94 63 51 75 67 68 9 20 74 21 18 21 56 62 56 68 77 42 92 14 10 0 94 75 33 17 14 42 99 65 4 15 78 93 100 15 7 78 79 45 24 1 27 55 32
20 97 8 98 7 47 34 87 1 95 76 28 95 21 53 42 53 61 79 73 100 11 66 84 32 32 2 99 67 35 26 95 21 85 28 60 46 27 74 15 68 80 35 77 66 88 64 47 90 88 98 28 28 39 0 31 41 60 55 34 15 19 1 54 66 42 57 6 55 56 59 5 60 24 46 65 0 58 4 97 45 64 49 8 8 10 29 16 28 30 7 31 42 96 62 57 4 19 83 24 31 88 80 27 73 50 47 24 94 76 10 35 7 35 88 40 93 24 9 73 95 73 85 71 44
67 65 53 17 52 45 90 6 30 26 64 48 5 7 25 63 49 62 10 90 41 42 0 2 56 46 23 17 49 41 62 69 93 1 43 53 80 59 43 19 15 29 81 53 29 91 30 14 91 20 64 77 46 87 16 90 75 55 46 54 46 81 19 58 32 45 25 98 93 79 55 36 16 43 42 41 56 88 25 51 32 93 88 0 53 67 76 74 68 70 78 64 62 29 96 22 38 13 27 20 18 83 88 97 21 49 74 6 64 50 60 22 58 24 51 26 55 10 24 95 68 99 42 44 17
51 17 69 26 14 82 95 66 56 93 76 69 50 37 44 83 78 86 88 73 41 25 41 70 70 12 63 41 59 11 98 6 36 99 35 91 37 96 52 45 58 16 20 63 77 5 60 7 1 24 78 70 0 54 60 10 64 62 81 20 48 91 59 99 6 87 56 60 63 11 36 56 37 55 88 64 86 18 37 39 36 53 51 96 6 43 26 12 49 37 22 29 47 88 38 51 71 44 70 37 64 6 53 64 40 60 65 42 100 18 60 14 100 6 72 38 91 3 53 27 7 78 11 47 90
85 81 82 64 69 22 41 27 59 82 13 79 19 31 26 53 70 14 88 46 92 13 83 69 31 0 31 27 74 17 51 87 28 92 90 76 39 17 18 73 49 77 33 12 44 24 12 12 49 64 71 72 67 50 48 85 24 35 93 37 69 30 38 4 35 88 40 97 81 77 42 87 9 84 97 40 39 74 100 66 11 67 26 94 61 65 7 87 45 93 14 28 41 16 54 95 54 7 86 19 3 84 6 32 5 12 18 19 80 99 27 17 70 70 94 73 55 50 17 20 63 28 9 21 17
93 0 85 98 100 15 36 67 64 75 57 98 59 73 42 82 98 4 60 81 53 35 43 34 16 97 73 99 82 85 4 45 46 81 37 87 85 20 51 9 87 76 4 71 23 19 4 44 62 27 8 34 35 97 3 99 87 79 89 58 57 27 43 13 58 44 4 76 49 40 62 58 40 92 59 62 28 25 35 15 70 95 39 77 50 48 10 20 38 72 86 60 67 45 11 91 56 28 94 30 86 5 8 88 4 11 85 81 64 10 27 48 6 37 6 13 35 56 66 87 80 98 87 6 62
58 59 63 94 55 29 66 82 20 14 70 16 2 64 74 33 80 27 60 54 18 23 94 44 32 41 15 43 81 86 74 98 73 28 45 96 5 77 54 20 80 59 55 27 50 65 20 56 99 27 11 56 5 20 34 54 47 34 58 65 59 91 2 47 58 10 94 57 88 25 73 57 91 19 44 80 78 56 44 90 50 55 55 20 16 87 97 95 32 27 45 67 77 66 81 44 1 98 33 3 25 71 70 47 85 66 36 0 52 19 11 100 73 4 21 2 78 85 28 31 82 12 20 50 62
78 38 96 31 71 62 44 38 16 54 84 84 49 58 32 11 2 74 4 54 36 27 7 76 34 2 92 52 92 56 51 98 8 14 14 32 74 96 33 60 12 99 23 7 20 78 7 77 37 89 35 23 35 47 96 19 17 81 63 77 80 21 40 71 81 74 5 26 32 86 4 19 24 39 19 40 73 85 77 9 28 32 27 52 86 79 94 47 50 44 23 84 5 22 32 9 85 75 28 11 77 52 81 62 26 86 4 13 14 58 54 48 54 96 57 78 76 26 10 11 57 9 80 81 52
63 69 56 17 94 91 54 4 85 39 94 5 43 79 47 82 16 59 72 46 84 43 99 23 84 50 86 8 85 37 30 27 79 0 79 42 14 25 40 26 80 65 21 95 42 99 98 33 9 44 56 40 18 3 15 68 85 74 2 4 67 29 27 23 53 17 67 63 40 53 41 49 99 5 6 3 9 18 65 62 25 64 37 53 87 19 90 73 20 28 56 8 35 44 76 13 35 88 67 48 35 90 80 83 93 36 80 22 14 13 49 65 69 3 59 100 37 31 82 2 49 66 1 30 76
70 34 65 22 52 75 5 43 68 59 38 33 31 46 19 97 46 42 23 71 38 38 49 0 46 17 37 83 1 22 99 87 90 99 71 7 41 3 41 70 65 28 69 61 1 94 0 72 33 11 75 24 49 54 17 6 46 5 76 56 21 96 25 95 91 34 100 61 77 59 66 62 45 54 43 35 91 5 26 2 77 33 39 4 54 28 79 57 67 26 57 90 55 87 50 5 4 100 89 77 93 42 73 17 47 17 28 71 73 25 78 14 35 38 48 88 26 96 93 46 94 38 22 88 60
2 16 39 31 15 92 27 87 88 51 24 68 17 60 65 17 31 13 37 92 87 73 93 90 67 27 29 31 9 2 32 36 7 85 65 61 22 80 92 28 95 25 5 53 79 87 25 13 34 82 94 49 63 50 59 2 16 42 83 76 18 20 89 99 79 65 1 11 65 12 80 41 16 14 72 5 77 88 60 59 41 77 84 97 26 61 67 38 12 93 78 1 21 80 69 50 49 13 43 82 73 41 64 85 17 46 94 10 78 34 38 33 69 19 20 57 22 74 93 52 40 86 7 72 38
92 92 59 54 55 56 46 66 85 51 70 14 67 98 9 62 92 11 76 44 96 97 25 40 74 80 46 60 25 10 71 35 70 33 80 3 6 81 60 49 12 53 68 19 73 71 51 82 64 39 78 41 75 54 9 29 20 46 81 94 86 85 57 87 93 5 0 77 70 94 97 49 89 14 19 27 57 3 63 37 80 58 22 27 67 93 23 80 12 50 38 18 95 11 67 50 54 29 7 87 41 67 71 87 59 2 77 61 13 28 78 51 40 93 31 56 5 27 61 24 81 57 25 23 50
34 16 13 27 38 72 16 95 16 2 67 48 93 53 19 67 68 25 97 19 12 80 28 32 73 15 38 18 59 24 90 25 86 99 89 57 1 63 33 62 28 53 70 7 89 60 82 24 21 3 89 5 48 44 9 9 60 79 90 9 48 44 47 47 52 78 67 98 22 3 37 64 22 50 56 60 27 45 56 82 86 92 74 56 58 67 46 8 0 88 73 76 46 25 56 52 53 5 84 78 31 16 36 20 47 35 39 32 76 3 39 11 21 64 48 69 90 71 99 16 85 85 31 18 19
64 15 45 24 17 40 22 76 40 59 22 0 52 13 86 89 6 6 53 64 80 44 45 64 24 25 42 22 86 77 23 61 76 7 15 29 7 39 63 29 5 90 45 98 28 91 91 47 19 62 43 56 62 19 69 15 34 60 85 38 51 100 3 11 39 73 46 97 51 29 63 39 31 77 0 25 62 78 28 82 56 59 87 21 50 9 44 74 91 73 97 47 9 32 72 42 73 91 89 21 3 90 56 64 39 25 1 40 45 28 97 9 41 89 67 57 5 100 30 0 99 56 84 16 48
73 41 83 18 12 10 68 42 36 23 73 66 92 35 81 4 64 37 48 57 95 3 77 78 88 95 97 38 7 94 24 16 32 45 35 11 21 2 56 12 15 63 73 44 38 47 95 42 32 47 84 78 21 96 95 56 28 98 32 99 87 19 68 49 47 64 3 96 84 37 79 26 27 3 43 98 80 10 33 69 12 64 86 25 64 5 6 31 4 43 53 63 13 1 33 62 97 71 59 4 62 98 31 4 25 97 9 14 3 52 58 98 54 82 72 7 70 87 48 80 12 18 53 94 81
38 92 21 37 3 43 81 63 11 76 71 23 54 24 96 42 40 41 23 7 52 15 93 16 31 84 5 83 10 71 96 16 69 79 45 19 97 45 38 25 69 82 23 96 32 34 52 99 56 4 29 79 54 17 17 55 93 60 59 98 63 76 36 9 42 4 18 52 74 71 64 34 6 50 69 86 11 0 55 22 89 34 15 94 100 45 14 47 93 59 3 73 12 35 5 10 27 5 85 62 67 94 33 98 91 67 97 60 74 61 46 27 88 58 72 74 74 58 42 23 89 51 22 51 36
23 31 78 71 3 8 32 25 89 38 66 47 40 76 63 62 56 82 14 12 44 8 88 96 70 37 99 59 55 52 17 78 51 5 36 41 96 83 76 87 1 91 21 65 11 80 11 51 19 33 36 2 29 2 61 29 24 23 18 8 6 54 59 71 24 30 91 32 88 22 87 58 32 84 73 84 26 69 35 88 94 85 1 62 51 68 45 30 20 22 11 14 90 13 75 87 5 61 13 27 53 26 89 91 44 50 67 92 32 73 32 33 6 4 28 89 99 56 14 39 20 2 82 75 25
96 40 57 29 27 56 1 13 18 77 88 71 99 77 22 34 36 55 19 35 70 47 51 59 71 16 64 15 57 9 39 86 24 12 55 96 49 91 26 49 2 0 17 81 69 43 94 25 90 52 49 93 84 55 79 98 81 59 34 12 19 61 67 91 26 5 22 43 34 79 57 60 37 61 84 55 75 18 49 81 13 2 59 28 69 65 42 69 57 39 96 34 62 1 57 24 67 27 36 87 13 8 70 2 90 48 24 53 68 31 15 26 53 50 47 36 32 35 37 68 5 47 100 3 88
53 56 23 94 82 43 77 73 1 69 75 28 68 80 73 20 73 62 20 40 87 36 96 8 94 51 33 45 58 56 24 61 58 94 90 15 5 51 50 81 57 25 93 27 97 2 77 59 86 63 76 70 81 49 37 81 62 2 11 53 24 65 72 28 45 11 43 89 28 32 34 75 22 13 48 57 10 94 17 82 53 28 88 52 84 44 20 8 33 53 25 68 25 38 28 71 5 2 63 83 42 45 5 24 16 26 43 35 52 44 50 39 81 18 42 59 18 36 48 41 67 85 8 43 5
91 57 67 91 90 76 28 32 100 0 20 14 4 0 26 76 68 92 19 34 1 41 55 4 34 8 11 10 2 88 63 82 31 47 91 81 61 97 85 82 76 92 96 80 37 96 37 73 23 63 9 50 33 46 86 13 64 50 42 63 99 22 80 38 95 86 42 38 4 1 14 69 39 74 4 20 79 5 14 83 10 35 54 45 98 70 35 19 97 36 15 18 32 81 59 29 14 91 58 9 4 44 30 33 5 38 31 34 80 43 98 92 95 56 79 99 49 33 6 21 32 89 18 11 84
45 7 40 86 58 97 85 17 88 2 74 91 37 29 69 26 71 60 89 73 43 16 34 2 63 12 57 39 87 44 77 98 59 85 96 48 20 4 51 56 86 76 58 65 97 39 77 7 98 59 22 91 33 47 67 38 82 68 12 76 37 16 77 72 71 27 7 93 43 81 32 35 98 35 5 59 43 18 33 94 71 30 69 15 74 51 45 81 18 92 71 85 65 52 38 26 92 54 93 7 17 4 25 25 18 25 2 78 5 44 76 79 10 87 72 44 20 99 46 46 100 6 79 32 15
17 53 68 25 57 56 11 55 17 73 86 66 3 57 10 2 37 21 72 36 5 81 0 38 98 30 38 30 84 13 7 16 61 84 21 72 97 92 17 82 82 25 73 64 22 18 28 45 15 21 73 16 49 3 60 100 35 52 29 14 14 63 51 97 10 54 52 61 85 86 25 46 61 19 0 63 19 25 65 60 99 94 4 87 57 59 24 38 47 12 82 70 81 56 3 50 6 29 12 55 54 49 12 65 26 37 87 37 47 10 71 77 55 32 55 73 47 22 17 29 76 72 43 63 75
81 6 42 69 73 59 81 55 97 73 85 89 43 93 76 5 87 38 32 22 49 22 44 34 23 22 61 38 8 100 54 82 44 41 78 20 15 70 89 26 46 88 76 38 99 92 82 50 9 66 59 88 21 95 29 61 50 57 8 64 87 9 56 77 78 28 36 61 88 37 94 40 45 13 36 97 3 1 57 12 35 58 4 24 88 89 74 62 28 3 68 78 94 43 54 30 62 78 71 86 6 47 88 55 69 91 72 52 49 92 7 44 78 13 11 32 62 78 74 75 44 82 12 90 25
17 77 46 12 46 30 26 94 7 6 22 79 40 42 10 45 88 77 4 14 8 17 43 49 49 4 32 92 43 84 0 19 79 13 99 24 73 41 40 40 82 2 18 36 21 24 76 22 35 49 72 97 25 98 19 64 75 99 15 8 9 69 8 27 65 73 73 69 1 63 20 10 12 18 81 12 35 81 15 71 42 87 85 8 32 46 51 0 63 9 87 13 71 28 100 10 6 63 24 86 6 3 9 17 18 99 69 90 46 63 19 19 73 47 64 100 49 13 12 38 59 42 89 96 27
1 26 33 5 34 88 35 38 69 85 23 55 20 33 82 45 37 35 29 16 19 58 78 37 6 82 42 80 83 21 85 33 27 95 56 17 8 90 85 68 9 8 79 48 43 43 35 78 65 61 71 74 27 9 29 35 14 92 100 2 22 70 18 21 53 60 60 83 63 5 80 14 51 58 65 83 82 71 98 26 78 5 83 23 3 40 47 18 30 17 36 53 50 100 72 48 30 48 57 28 87 11 36 54 44 45 4 28 86 13 16 98 38 44 72 69 17 53 35 53 56 56 95 12 81
85 6 48 40 2 60 9 55 69 1 15 75 73 59 16 59 22 56 65 68 64 19 28 49 38 89 75 71 52 57 65 21 82 57 97 41 60 67 21 62 99 13 92 88 100 39 92 6 78 9 48 5 81 17 74 35 42 23 25 48 30 45 79 39 2 73 34 15 96 72 48 43 31 16 74 79 3 17 34 43 76 22 13 6 50 80 6 100 9 71 5 22 63 3 36 29 45 97 5 19 72 100 39 63 40 30 98 25 12 55 97 75 4 76 75 23 57 27 49 13 85 52 8 3 24
85 68 96 17 49 84 66 22 84 54 47 82 60 35 5 89 22 13 54 65 96 43 3 79 82 57 61 56 55 61 87 40 37 78 47 19 26 59 45 57 82 24 33 22 5 61 50 56 40 41 88 96 95 94 58 100 95 71 91 89 12 15 95 70 4 99 43 3 45 31 76 24 46 50 25 12 35 91 81 75 60 97 67 73 67 78 97 58 28 34 65 43 7 0 18 16 60 73 31 41 81 76 17 28 15 22 20 13 33 18 19 100 15 98 10 99 26 8 63 8 58 24 29 9 78
92 20 37 99 39 17 62 6 13 17 84 41 87 16 94 71 69 2 9 14 82 84 0 61 66 44 89 5 84 8 2 41 74 3 41 81 15 22 0 5 27 28 11 55 81 97 83 100 15 82 32 25 81 43 36 68 99 94 73 0 83 35 27 51 51 78 79 60 55 90 39 35 5 16 99 90 88 26 16 83 28 8 18 73 63 90 55 45 4 19 90 87 93 33 46 55 60 7 36 55 26 99 81 27 38 59 68 35 42 4 64 46 38 39 96 8 69 28 83 25 29 42 35 3 29
91 66 34 88 85 4 66 23 93 18 14 8 7 33 8 16 89 97 5 19 84 62 7 32 48 59 0 2 46 56 36 75 85 81 5 13 38 27 69 73 96 46 41 41 31 7 34 6 47 19 7 31 7 50 43 89 99 90 98 26 85 70 90 86 25 100 18 22 94 57 73 89 8 15 65 66 62 49 11 92 75 71 69 11 21 56 44 63 70 44 22 97 21 2 21 7 55 72 94 45 46 39 32 18 73 63 84 62 16 15 49 50 26 76 62 42 72 25 35 38 56 45 30 83 31
16 35 1 83 32 16 16 6 16 61 2 95 49 40 7 66 56 21 55 72 33 58 75 54 26 43 58 17 19 86 33 39 46 22 37 17 84 78 43 27 64 8 40 45 62 65 67 86 46 3 51 23 44 62 83 22 53 42 90 54 12 67 71 35 88 89 41 68 43 89 53 23 93 73 12 58 32 52 85 86 19 13 71 57 77 29 28 36 74 85 32 57 8 77 10 100 90 11 44 31 15 11 48 62 5 30 40 60 62 15 63 22 96 61 9 23 58 24 29 53 15 76 17 75 89
11 10 85 95 2 56 58 49 90 55 66 43 29 30 57 48 92 25 81 83 45 53 18 25 15 20 95 52 93 12 99 22 74 40 41 85 97 91 57 39 42 94 50 69 15 24 86 66 8 2 70 9 0 68 87 66 61 100 5 62 2 19 25 53 31 70 79 58 4 20 66 28 86 62 42 42 45 29 7 62 41 19 73 8 59 66 0 6 75 32 50 7 34 63 92 14 87 67 67 22 40 73 33 33 34 28 97 27 35 35 87 9 71 63 52 31 74 97 49 25 32 30 7 32 75
14 58 18 87 24 74 40 24 98 72 16 54 27 83 17 62 45 75 38 14 100 11 67 98 19 53 75 70 0 7 36 13 71 100 95 96 50 15 46 63 14 44 67 27 75 23 20 42 73 48 0 59 22 13 26 84 1 47 61 77 28 47 72 94 38 99 84 7 65 32 20 40 37 18 76 74 89 19 44 27 30 20 38 29 84 77 68 17 34 79 79 35 84 76 100 14 52 100 98 55 25 59 15 34 25 9 32 30 78 27 48 68 59 8 64 100 76 68 3 56 69 3 19 60 19
58 62 42 56 74 70 49 94 3 76 84 66 17 92 97 14 62 21 30 75 92 70 10 36 40 92 3 50 25 24 9 17 5 27 71 6 1 75 26 74 73 47 42 84 86 20 48 74 85 39 49 81 10 100 15 62 79 9 91 14 7 28 96 60 18 77 9 83 9 62 27 89 87 22 16 97 82 96 16 90 14 100 4 49 36 81 9 57 73 10 29 19 7 30 31 3 33 17 36 8 84 52 87 36 40 12 79 68 35 4 37 50 46 11 98 44 59 61 24 2 41 71 77 77 56
2 54 63 74 42 80 12 43 1 88 74 45 29 84 9 96 57 81 0 64 90 49 3 94 34 11 16 16 85 41 9 45 78 82 61 56 17 22 42 84 92 35 68 65 11 39 41 1 39 63 72 29 9 75 70 19 44 33 29 31 71 66 77 97 18 62 54 76 30 83 94 20 40 30 8 43 79 75 89 35 73 90 89 84 54 44 72 90 41 50 11 36 27 67 31 77 17 62 66 16 23 1 82 73 89 78 43 77 1 6 84 12 11 20 66 88 57 12 2 99 3 81 77 40 92
93 55 35 0 52 48 65 41 78 46 10 97 86 66 12 85 71 92 23 85 70 64 79 89 5 64 59 97 25 59 79 84 76 10 46 64 74 2 63 86 7 8 22 21 3 81 30 31 32 5 74 1 21 18 7 53 58 98 100 44 67 50 80 51 1 100 63 43 33 50 30 68 51 63 86 46 76 41 77 67 98 3 13 7 18 25 88 25 18 57 49 58 19 10 13 79 78 91 15 74 64 76 18 77 67 5 83 74 79 65 60 91 84 72 83 37 9 68 80 60 63 81 42 37 53
64 5 54 8 99 87 23 38 27 51 33 43 31 92 82 57 98 64 5 73 53 69 44 0 88 59 37 28 65 17 69 66 93 47 9 54 24 25 1 54 98 90 61 82 95 70 88 85 25 2 46 28 100 21 74 14 66 60 44 45 83 89 76 43 84 76 24 76 93 25 81 60 42 84 60 87 88 63 40 85 44 91 58 73 9 44 27 37 3 41 57 5 54 23 24 15 16 37 44 30 19 30 5 38 6 6 32 94 20 50 77 14 87 0 40 64 37 53 62 51 75 88 15 73 76
47 42 29 72 67 88 21 21 11 79 56 63 65 67 98 18 29 48 26 64 18 5 68 90 61 98 46 100 10 91 30 79 3 95 3 20 33 80 76 91 60 46 36 61 53 47 93 63 44 59 100 56 34 97 29 43 84 53 59 17 6 82 55 64 7 27 100 27 77 37 32 2 6 25 37 13 66 71 16 39 45 86 96 60 48 86 85 24 87 81 67 49 95 10 38 93 75 4 75 89 87 96 62 37 77 93 21 70 6 34 100 92 32 37 43 10 28 83 72 33 59 93 79 41 96
100 28 38 24 69 9 61 98 48 94 25 69 92 0 38 54 36 82 87 4 18 60 100 49 27 26 22 4 24 80 88 74 66 73 14 17 55 51 84 58 0 94 55 55 16 38 36 55 24 91 10 53 46 77 37 67 0 48 64 77 42 2 70 2 11 45 66 90 22 68 33 50 65 47 41 54 90 72 85 88 8 69 97 86 85 89 68 19 39 69 24 29 90 42 89 81 63 72 78 86 3 50 48 13 40 62 25 24 98 72 5 90 97 26 22 70 13 60 61 4 1 71 43 83 94
36 59 94 18 67 12 55 28 11 96 54 80 86 11 71 25 84 28 79 45 52 23 1 97 54 100 97 65 67 7 39 88 84 53 92 15 51 60 30 29 38 29 8 48 84 26 0 77 14 62 47 37 98 6 39 93 46 32 59 19 28 1 62 41 85 39 59 5 16 65 18 64 69 9 78 6 47 49 98 68 68 10 78 99 83 62 8 32 81 23 64 40 49 8 15 52 88 75 83 14 76 13 31 94 79 91 86 68 100 73 76 16 38 16 49 70 59 33 6 87 17 92 28 59 51
47 47 88 35 8 95 8 79 68 53 81 45 14 55 46 7 23 56 23 10 8 22 26 55 65 39 18 39 3 82 11 77 98 47 60 1 68 59 68 96 61 8 6 96 43 19 40 44 38 11 57 49 81 24 35 16 73 57 20 15 69 86 93 76 55 47 69 64 41 100 43 92 80 61 5 65 48 98 43 87 28 89 57 59 44 71 55 15 36 44 25 28 21 28 30 77 2 65 19 93 78 45 57 51 20 72 62 34 74 95 27 91 23 73 37 29 89 74 48 84 26 91 29 73 90
49 75 47 63 78 66 50 88 90 71 99 87 91 64 8 5 0 85 38 22 74 80 67 2 19 71 12 59 55 77 12 92 30 70 95 51 40 24 4 28 72 66 95 82 84 68 59 60 45 66 62 25 47 46 61 16 84 50 84 12 96 3 100 64 18 31 99 41 61 71 89 48 1 97 91 86 24 14 82 94 41 94 20 93 7 63 56 76 91 100 86 10 98 97 35 32 68 62 87 60 47 22 57 75 44 55 27 98 49 47 51 1 41 58 82 25 47 44 46 73 45 18 52 10 90
38 41 54 63 16 0 20 17 24 39 50 68 34 72 17 10 4 50 85 3 26 7 17 25 4 11 35 53 88 46 88 45 96 56 95 89 91 89 14 48 13 45 15 75 35 69 39 87 63 39 33 81 96 31 17 72 11 50 77 86 2 24 76 91 2 20 86 43 20 91 78 27 71 11 9 81 19 36 65 80 59 16 21 88 81 57 50 77 48 1 91 46 61 60 8 45 60 85 7 1 99 81 76 77 96 74 6 34 30 63 57 3 28 53 40 82 40 46 30 5 48 96 64 79 8
36 9 87 35 31 88 77 100 34 79 68 59 23 47 16 52 42 74 47 45 90 75 90 11 47 60 77 77 22 11 12 1 14 92 33 76 28 6 74 21 81 25 43 80 49 19 74 50 30 26 17 16 53 27 55 11 67 5 54 42 4 9 100 34 20 6 6 54 22 1 54 2 77 32 22 56 90 22 79 8 80 56 4 44 8 89 3 96 68 41 82 28 30 59 37 82 30 7 40 92 66 94 51 49 54 14 56 2 67 15 76 72 77 60 54 23 81 55 25 49 13 58 57 55 19
43 96 88 40 92 27 21 9 60 10 46 12 23 66 21 78 88 4 31 71 12 61 88 66 49 72 16 88 27 67 97 86 48 63 73 9 14 14 84 30 62 99 85 94 8 61 64 93 98 47 55 35 23 69 7 73 24 62 79 19 96 42 77 64 19 10 67 61 49 13 88 84 27 85 78 72 10 84 64 65 19 0 67 20 45 54 98 4 31 25 15 61 10 89 11 37 27 82 44 41 63 20 85 55 86 61 36 1 73 26 59 67 78 52 36 3 66 66 92 75 65 23 39 22 48
30 17 1 72 22 46 93 22 41 92 7 82 6 22 15 20 13 6 66 96 27 95 1 57 45 35 73 27 77 97 40 3 94 23 65 63 95 37 36 79 6 62 10 28 3 44 61 65 2 39 12 51 44 47 83 34 21 89 94 9 41 70 98 12 6 55 48 92 6 10 64 47 88 97 38 46 75 28 88 73 47 88 91 91 37 82 4 43 97 26 15 91 56 84 72 45 15 51 92 12 78 48 2 99 12 1 16 96 7 14 86 23 56 1 1 85 11 17 53 26 41 35 12 87 63
51 19 91 73 38 30 47 22 20 12 38 49 84 66 40 92 31 14 8 79 86 13 43 39 15 30 27 10 28 68 91 37 75 82 39 43 40 24 99 43 40 14 25 0 99 18 3 14 47 42 10 73 63 50 17 69 48 18 95 28 69 91 48 10 90 62 22 3 12 61 1 24 70 38 39 59 29 78 97 14 38 17 48 93 35 63 39 0 81 79 93 11 25 23 96 73 94 85 86 24 93 84 36 81 78 49 74 94 92 82 28 88 54 60 57 61 51 48 87 58 39 29 78 30 90
21 57 49 74 81 59 89 22 2 44 67 35 69 21 24 97 23 17 23 80 2 99 93 84 81 7 44 35 44 65 48 60 21 37 63 43 97 6 98 72 70 94 24 65 14 1 81 56 98 88 51 81 36 98 72 3 3 30 21 3 32 60 31 3 74 86 67 81 9 82 65 70 47 15 18 28 93 74 40 5 20 81 91 36 11 25 57 51 73 14 55 94 30 95 57 94 83 47 11 79 47 52 50 2 2 16 93 29 60 61 88 87 42 96 64 56 26 30 10 55 46 17 34 11 93
21 45 93 33 92 63 9 69 38 84 98 39 88 78 24 88 44 91 47 75 0 94 65 86 62 63 65 87 49 98 44 7 28 38 66 96 74 1 47 64 89 56 25 1 42 80 64 25 89 21 10 100 100 73 75 37 53 33 87 63 87 7 52 32 34 8 12 31 70 38 6 91 4 58 35 68 59 7 9 39 89 54 94 5 25 15 74 21 39 21 18 82 55 71 59 91 81 81 63 9 42 80 85 35 92 82 90 50 6 13 62 55 62 36 58 66 43 1 85 39 60 48 86 56 97
59 50 98 75 20 57 44 92 20 36 9 80 47 71 98 12 39 44 67 52 89 69 52 48 12 90 24 9 15 1 11 1 51 87 23 100 42 50 28 98 58 23 18 13 45 96 98 87 43 81 32 62 1 20 61 77 70 53 82 89 93 11 61 41 79 37 20 36 85 89 76 14 23 52 19 52 76 70 86 46 3 31 59 46 84 94 84 38 29 66 34 81 53 37 58 50 64 54 1 65 66 71 71 12 55 5 26 20 98 55 49 60 36 27 20 62 37 51 33 48 79 80 55 63 61
19 49 50 10 76 77 82 99 29 73 15 94 2 48 16 34 86 2 59 55 11 91 52 87 4 16 95 31 57 48 89 71 48 58 80 92 20 91 44 53 14 3 28 9 75 58 59 18 67 86 8 6 48 99 39 93 95 20 55 64 41 26 75 70 51 48 50 84 8 16 72 36 39 39 52 53 26 63 18 21 5 0 49 49 81 46 3 34 56 41 21 66 11 42 37 37 35 22 98 90 35 89 12 15 78 92 28 51 41 52 39 86 49 72 50 32 9 50 15 13 61 84 56 58 43
3 3 21 98 46 78 87 4 35 86 19 36 7 64 62 13 1 36 34 84 8 42 36 85 59 43 60 11 91 40 81 60 48 6 62 9 7 27 0 13 75 67 4 89 67 57 66 6 63 55 51 18 59 1 7 28 58 11 25 55 67 80 68 83 100 92 71 31 74 27 92 28 77 67 22 32 3 23 37 26 78 100 21 52 45 3 4 70 67 24 79 40 53 81 10 53 12 49 51 8 88 20 69 72 88 14 9 40 46 44 11 62 42 31 84 30 53 12 28 91 58 52 44 60 95
45 63 19 40 95 74 20 46 11 3 23 47 87 53 74 33 5 49 5 63 76 9 37 14 42 9 53 47 4 86 18 31 13 79 71 31 50 54 59 69 72 76 39 58 42 27 75 2 88 89 37 64 12 15 92 78 26 42 9 11 18 67 36 30 95 30 5 62 96 10 19 27 20 82 90 47 65 50 1 89 14 2 23 11 90 86 79 87 92 46 19 99 89 43 47 73 30 76 36 70 81 47 58 97 39 6 94 94 43 5 1 40 38 30 35 7 37 42 18 30 4 57 87 87 85
89 87 29 53 41 21 9 72 21 45 63 37 75 81 56 12 48 40 82 83 89 47 73 53 48 68 20 39 82 86 72 49 84 80 72 64 54 5 59 67 78 32 27 0 7 91 79 16 44 91 3 14 38 64 86 68 51 86 45 32 83 83 37 64 10 94 37 46 39 47 69 25 35 57 8 44 45 82 39 65 18 9 94 84 20 13 64 48 97 47 79 66 86 100 17 60 98 91 45 40 21 18 73 20 17 18 49 0 4 55 11 39 5 69 38 8 53 77 7 44 97 46 55 49 5
83 5 7 51 81 95 25 27 61 34 75 4 99 94 34 91 63 74 23 57 25 86 96 7 32 11 43 55 36 15 53 47 55 83 16 85 73 23 60 13 98 61 41 77 1 1 66 2 100 50 79 32 43 35 13 40 94 94 66 66 21 86 62 80 8 68 13 43 68 79 3 19 31 60 17 58 42 96 9 3 64 92 40 71 80 45 100 59 36 40 7 39 80 36 1 83 67 0 70 29 53 6 51 43 39 75 56 68 63 74 97 98 2 18 69 34 36 88 89 16 100 33 84 95 33
48 98 84 51 19 88 47 100 38 81 19 85 11 66 37 54 8 71 37 49 64 98 14 93 45 79 29 32 83 88 18 17 38 74 50 80 44 10 1 63 86 0 28 55 78 77 12 66 48 82 74 18 19 26 43 29 84 88 90 90 2 99 100 96 47 22 24 76 2 5 52 14 19 85 71 51 20 41 4 74 64 88 95 74 36 6 14 37 24 4 96 96 1 79 90 92 41 27 48 55 7 1 79 30 38 96 16 68 82 70 98 65 77 82 73 34 59 16 79 60 4 51 36 2 86
77 28 89 19 67 78 18 35 45 28 37 45 43 99 51 25 12 5 51 31 48 41 61 21 55 87 80 30 11 87 1 63 84 97 15 0 81 87 14 92 71 35 12 38 43 22 95 21 69 24 9 71 89 36 96 29 26 9 54 3 92 36 77 0 80 43 59 57 76 19 63 97 10 67 72 68 56 79 96 30 94 97 34 89 51 93 63 93 34 92 32 89 97 86 33 94 99 38 41 95 23 98 94 70 86 45 33 76 45 13 84 41 50 54 90 27 66 94 77 53 11 32 31 74 40
25 15 99 75 44 90 88 80 38 20 49 99 84 5 66 55 25 85 20 22 56 27 48 46 93 78 96 62 15 98 99 25 21 19 100 54 33 89 96 16 89 87 43 84 42 47 16 79 31 61 100 69 90 25 33 75 42 39 86 87 6 25 25 67 73 8 47 69 92 87 40 25 35 19 83 48 74 33 45 8 71 56 99 91 16 1 22 62 62 97 68 75 1 72 28 86 62 43 53 70 43 42 39 74 36 75 27 63 69 72 36 20 41 54 80 15 80 76 13 56 62 91 44 24 26
35 17 99 90 37 53 70 71 83 34 40 54 65 79 76 46 63 53 46 38 96 5 50 51 42 21 15 98 36 99 63 55 95 28 34 57 49 98 95 16 1 21 77 79 25 30 94 38 14 10 0 24 58 89 100 46 92 51 30 46 22 33 76 28 23 97 41 8 28 46 87 95 77 82 16 62 16 46 97 49 56 75 17 44 38 53 73 78 73 68 68 89 24 24 6 5 95 98 2 16 63 71 68 56 8 57 90 33 30 78 10 36 53 25 70 50 29 55 62 54 24 67 29 42 61
42 61 34 5 41 49 5 40 73 78 7 5 13 81 63 4 73 38 62 42 82 100 28 5 67 43 48 69 78 21 89 33 38 76 17 87 32 33 91 22 79 35 1 40 7 37 8 74 70 38 53 70 54 99 43 18 93 54 71 45 18 54 50 7 15 14 87 72 34 73 92 96 39 37 66 81 49 19 71 77 94 22 27 41 58 85 2 12 26 33 100 41 52 61 27 64 14 58 53 32 17 97 95 5 26 30 11 76 1 16 63 54 1 12 84 92 75 42 79 28 76 33 18 66 94
8 69 51 28 84 14 1 51 83 27 75 87 37 11 97 71 34 61 19 33 45 86 91 8 85 14 61 50 15 45 2 71 36 85 33 29 51 88 46 93 2 79 68 53 25 99 11 13 68 74 42 8 16 67 31 88 37 85 5 80 48 13 6 3 53 61 73 13 84 25 68 24 95 42 69 94 83 36 86 50 11 73 75 52 66 85 83 99 73 17 34 45 48 96 42 29 79 63 72 65 81 76 70 80 79 66 67 7 13 29 77 57 48 84 100 8 86 100 61 71 61 16 41 4 78
64 10 29 85 89 44 92 93 58 100 8 3 30 94 35 92 23 80 84 94 28 96 32 27 81 48 34 7 32 66 26 84 91 37 27 44 57 30 40 42 83 70 24 52 42 77 76 1 94 66 4 41 93 70 87 79 76 70 30 78 3 37 36 70 54 52 9 37 80 13 75 74 28 68 28 19 37 11 16 85 77 8 74 15 39 8 76 12 43 25 74 96 92 19 100 36 33 30 64 96 46 38 41 74 70 17 59 43 28 90 45 39 96 36 44 2 66 68 55 55 48 91 18 0 6
94 100 66 35 78 51 41 50 20 26 31 11 10 91 6 44 53 30 61 49 87 12 74 20 89 14 56 78 19 52 85 27 74 6 28 53 22 61 51 86 39 55 81 67 31 32 23 36 32 43 78 77 69 53 55 28 46 14 38 21 13 64 15 89 42 46 37 75 2 74 17 55 23 97 71 21 63 20 82 34 88 95 6 85 69 47 38 0 89 23 49 53 92 67 60 54 67 53 71 44 41 72 99 45 80 24 92 4 67 7 44 59 25 76 63 61 22 62 11 20 11 75 12 3 75
37 81 37 66 38 29 20 10 18 72 95 35 24 12 0 48 89 72 77 49 95 22 85 100 18 78 57 0 61 67 77 62 48 22 43 97 13 53 7 64 84 21 64 51 36 20 12 100 86 39 10 81 13 45 79 7 86 84 51 71 19 89 4 38 45 65 67 73 95 98 34 59 39 60 75 52 45 32 16 44 15 99 42 58 34 16 6 99 17 51 57 93 3 6 84 4 26 20 13 71 59 55 47 57 35 88 87 3 39 7 30 47 23 82 24 73 67 81 85 1 96 88 4 64 42
40 19 69 49 22 100 15 91 82 9 78 75 90 74 50 20 44 15 45 73 15 12 71 75 81 33 35 58 99 43 34 57 13 24 64 96 48 95 5 54 75 35 52 10 65 81 66 48 68 43 61 0 77 86 26 37 32 6 12 89 52 82 50 19 55 80 96 94 18 62 93 39 10 70 47 85 93 56 9 87 48 79 56 63 32 56 57 93 24 63 81 13 41 31 2 48 89 36 39 4 32 86 47 2 84 28 54 2 77 14 48 6 84 16 19 64 39 72 69 46 21 26 31 47 12
25 6 33 21 40 50 67 23 76 43 7 50 88 83 64 94 17 54 21 95 95 1 31 58 85 53 78 44 54 67 15 91 64 35 49 92 47 98 33 90 61 76 72 82 12 4 26 4 45 71 57 20 5 93 59 85 84 98 10 28 98 11 30 81 5 92 38 85 82 76 84 89 67 33 45 51 78 75 20 89 21 34 64 36 37 14 29 33 54 45 48 44 91 85 62 69 59 88 26 18 100 68 63 26 93 96 87 81 32 43 30 83 3 79 54 19 31 14 60 36 6 88 100 42 45
85 96 17 8 11 46 10 66 90 23 8 49 16 37 60 81 91 55 39 33 86 83 57 35 15 8 70 54 50 3 5 9 54 9 60 51 91 18 42 75 21 2 65 2 31 27 100 42 38 36 63 37 37 0 52 4 85 89 21 92 49 2 71 3 82 10 59 2 24 68 95 41 21 66 55 92 37 87 72 48 64 43 23 62 19 93 65 41 11 38 92 7 37 91 78 70 18 20 14 6 88 48 38 72 25 94 90 8 51 68 59 2 5 58 57 69 95 39 60 8 86 86 12 79 57
24 11 74 96 26 57 32 4 29 67 64 11 7 72 99 51 25 30 6 81 43 62 89 100 61 78 65 37 34 41 34 30 20 25 38 81 92 58 4 15 36 22 29 92 20 41 27 60 70 39 69 71 88 49 100 70 83 1 8 99 96 62 61 83 0 11 36 50 84 76 73 47 53 40 17 0 82 40 27 82 8 22 11 68 93 56 8 29 79 95 30 65 45 96 42 87 90 13 47 72 98 75 82 10 29 94 10 52 45 30 77 33 91 9 46 31 63 23 51 38 21 57 70 36 69
48 38 91 37 73 51 18 83 89 37 93 31 80 5 1 72 13 41 9 78 65 57 31 8 18 32 61 89 74 3 3 71 42 14 22 20 59 63 95 77 38 77 62 14 21 75 55 73 82 19 54 77 55 11 75 61 93 59 46 98 24 2 67 50 98 79 91 21 65 59 12 13 96 47 81 18 70 89 84 60 11 59 52 10 67 19 25 82 34 51 93 75 66 11 54 39 35 61 57 11 37 8 69 69 41 66 60 54 56 19 17 1 45 74 61 58 83 2 21 23 62 47 29 2 15
56 93 91 19 97 4 49 42 92 12 96 28 62 6 5 53 57 40 97 23 38 42 2 41 11 66 100 50 93 74 83 18 7 38 9 26 37 83 96 45 31 100 16 37 1 39 6 0 83 50 23 78 2 49 87 43 50 73 95 63 16 31 89 45 44 100 73 95 92 72 58 96 82 47 58 18 64 28 29 54 55 96 97 92 63 57 82 39 4 39 82 29 90 51 72 75 70 65 18 63 28 94 47 57 8 4 30 89 94 41 67 40 14 20 22 14 0 97 29 67 67 46 38 21 64
12 10 60 20 7 17 4 13 91 98 10 62 69 34 40 19 64 96 46 55 75 71 81 96 35 15 67 53 94 30 89 70 60 14 25 48 0 20 51 63 77 63 64 84 93 2 49 83 48 43 41 10 29 19 41 97 63 62 1 4 13 69 58 8 25 89 46 66 0 37 74 29 48 95 10 88 49 78 63 48 41 36 42 57 5 90 28 3 74 15 72 41 23 44 52 86 53 2 93 36 64 67 26 66 98 88 69 72 13 25 57 24 4 66 9 19 34 72 95 87 48 52 90 43 22
37 54 9 9 82 95 50 83 1 43 82 80 39 42 59 100 63 56 59 29 50 69 93 32 77 88 88 44 88 42 46 78 31 87 97 50 51 16 66 96 77 92 28 50 40 48 81 67 69 89 39 56 59 54 62 24 66 96 24 61 19 8 15 15 22 45 6 8 63 55 49 16 38 81 36 27 88 60 96 28 70 41 79 7 91 48 40 71 77 65 93 37 83 80 74 61 27 81 69 71 45 51 81 67 97 98 84 86 48 18 69 63 33 44 98 66 9 13 43 77 83 27 12 44 28
85 14 50 79 32 70 13 33 20 95 68 83 60 88 82 73 65 51 71 100 47 1 17 64 96 38 40 69 88 63 35 10 59 92 69 49 9 3 24 63 52 98 82 21 42 78 14 73 59 83 52 66 40 79 39 52 98 21 80 93 53 7 59 3 63 23 3 99 66 89 92 16 53 0 1 38 57 15 5 37 19 99 5 96 68 72 3 17 21 69 35 46 78 49 97 4 81 85 50 44 43 4 68 80 94 43 24 18 25 71 36 77 29 90 47 72 98 40 95 74 19 93 16 16 45
54 52 6 96 2 46 58 27 6 9 0 87 61 51 4 56 33 3 38 12 43 23 95 29 13 71 54 99 68 14 75 11 58 32 39 30 63 82 73 22 51 79 47 39 8 46 52 22 85 56 2 72 52 21 40 93 92 6 59 66 7 71 45 17 3 98 21 59 40 80 55 56 19 2 56 82 11 3 40 73 63 33 59 81 90 73 46 59 98 0 13 63 26 19 15 64 82 92 90 37 49 62 5 16 18 82 44 81 1 25 89 90 71 63 80 92 70 58 87 71 86 97 74 30 24
8 46 12 0 54 40 42 59 22 35 13 82 29 24 3 92 29 57 43 3 22 42 72 15 48 38 13 41 56 48 36 46 97 11 35 59 23 51 76 94 67 67 46 30 50 76 22 40 81 1 65 13 89 32 45 60 86 6 34 87 46 74 3 17 88 41 41 20 80 62 98 13 36 89 32 21 100 11 42 7 73 10 72 53 6 2 56 37 66 9 90 68 24 49 92 37 34 61 31 72 52 31 40 22 22 30 45 85 55 32 37 50 34 48 48 69 80 56 40 65 48 11 22 62 93
67 20 3 28 52 6 83 30 61 4 74 78 50 29 51 76 91 56 18 44 71 24 26 35 40 21 94 34 84 55 62 4 22 32 63 88 67 88 9 40 18 38 56 57 24 6 14 97 59 22 80 47 26 25 31 18 61 10 45 40 18 89 60 92 90 37 96 85 92 51 62 50 7 48 14 14 35 16 41 77 1 74 94 30 71 89 63 29 66 42 25 96 73 100 38 52 86 13 92 10 46 73 90 32 74 97 93 92 83 88 70 0 94 23 68 38 12 12 66 98 67 11 83 19 79
0 12 51 21 98 78 3 94 68 4 30 67 48 59 34 64 60 67 44 65 87 25 26 14 77 93 75 30 21 39 91 76 33 17 24 79 43 20 1 83 6 75 17 26 68 57 3 2 61 21 28 57 98 39 22 89 69 38 90 43 95 53 49 28 76 70 7 30 51 8 87 96 68 9 66 41 74 85 4 58 92 95 44 100 74 57 52 88 65 67 11 54 67 60 44 17 57 97 41 80 20 57 26 18 74 98 52 83 14 6 27 15 75 18 8 28 92 30 50 29 63 36 91 67 18
63 55 100 100 75 73 78 61 8 88 42 44 21 82 15 0 44 65 9 49 33 58 92 52 9 27 47 2 72 87 31 75 82 33 14 77 17 3 65 65 76 80 14 76 59 55 55 32 68 38 13 90 83 58 15 88 57 11 4 37 59 40 10 73 93 67 75 86 69 68 68 84 39 39 31 23 16 15 16 15 38 16 48 34 7 58 7 97 99 65 8 30 42 12 4 53 38 95 16 37 9 0 83 95 39 26 68 71 64 41 87 96 84 59 16 77 100 70 45 53 50 66 21 93 50
40 27 37 90 91 35 75 94 57 87 24 42 15 52 72 3 37 92 55 19 53 56 82 92 84 10 75 58 4 0 39 82 31 70 82 80 22 46 52 100 49 32 23 60 26 63 99 64 89 36 97 18 54 36 46 12 87 63 96 38 23 50 42 73 74 41 89 16 41 89 72 13 1 10 74 78 93 64 38 96 86 20 67 93 32 88 65 32 80 67 99 61 82 92 96 18 90 57 1 87 93 73 46 98 7 82 74 34 100 97 53 46 12 85 38 86 15 57 7 84 64 14 12 69 98
67 7 66 42 100 35 94 22 50 78 4 60 80 11 62 79 94 76 14 80 84 12 27 82 21 59 97 65 52 26 92 69 67 92 14 64 90 81 59 69 37 38 53 42 64 76 17 44 58 79 88 61 30 5 92 38 86 46 32 37 27 20 72 48 93 94 50 4 47 48 88 82 4 37 70 24 17 5 56 85 68 81 1 41 82 75 26 66 7 16 22 55 1 83 66 39 35 83 40 6 24 56 39 25 90 97 73 66 45 1 7 50 95 0 8 81 57 66 50 24 3 86 2 33 68
98 44 27 68 72 75 44 58 93 79 74 54 49 52 24 89 61 67 69 97 14 1 78 61 17 19 54 87 31 44 64 61 21 99 69 77 19 40 53 55 79 8 95 60 45 64 88 10 33 62 37 54 70 44 76 37 94 48 95 2 92 1 71 28 35 9 50 1 13 71 22 83 8 40 98 100 73 14 46 65 55 11 76 53 48 79 47 66 29 50 36 46 45 62 11 90 69 27 53 42 16 86 70 89 74 37 57 9 48 82 57 24 98 62 38 3 27 35 91 30 72 41 35 60 58
30 25 31 16 1 67 18 14 93 30 12 12 71 51 45 44 24 64 94 74 19 68 71 42 83 87 24 51 96 94 97 76 78 7 72 56 78 56 67 68 75 62 58 86 34 50 48 40 88 36 80 61 77 27 39 3 87 4 7 49 63 82 59 6 85 13 89 9 68 100 22 2 23 1 72 84 87 55 23 84 1 95 17 80 26 80 14 20 2 24 11 27 8 90 83 63 69 66 98 42 35 3 46 62 8 14 2 0 13 67 48 85 49 80 64 19 49 46 72 92 40 17 58 37 28
97 7 51 93 79 96 34 44 7 57 29 73 86 11 52 52 0 53 0 41 87 53 88 78 92 41 95 84 12 68 3 22 94 80 97 31 3 49 6 57 98 92 55 97 32 73 97 67 89 6 26 60 96 27 81 96 61 55 28 32 22 55 93 97 50 1 41 97 7 98 88 84 50 70 65 74 59 47 5 7 3 67 99 21 85 71 69 15 15 60 25 31 83 94 9 58 46 70 90 82 50 51 56 95 1 96 27 42 48 93 47 91 52 36 71 50 82 91 41 2 35 67 48 19 95
89 70 34 39 51 11 26 79 7 64 86 69 83 87 59 91 1 7 39 38 57 11 44 30 91 20 85 57 23 46 56 38 69 79 9 20 45 82 83 78 54 20 93 78 33 0 46 40 91 88 98 87 78 28 38 20 10 9 52 26 52 90 30 40 99 11 51 38 90 28 13 41 51 57 54 48 83 83 33 76 96 36 70 55 26 54 35 66 56 56 97 17 67 19 42 97 76 25 49 77 54 39 23 30 83 68 67 20 43 53 60 50 96 96 54 95 77 100 91 43 3 89 17 22 15
40 93 14 41 13 83 65 46 19 91 90 18 71 40 31 18 61 100 39 59 34 95 10 23 26 69 80 94 94 0 87 54 45 52 82 5 95 54 56 85 72 34 82 99 18 67 76 27 12 61 35 77 80 42 95 35 49 77 63 54 78 95 8 48 54 47 38 60 25 66 65 88 74 34 34 8 48 27 73 11 24 66 85 63 40 84 45 52 48 89 77 73 29 88 10 67 74 10 39 2 0 12 38 24 84 100 34 3 50 45 66 2 61 66 67 77 87 81 45 65 74 24 78 10 92
58 92 90 48 61 16 85 82 12 50 56 28 98 55 12 72 1 42 24 49 67 84 16 24 62 95 27 58 25 7 81 25 8 14 86 39 15 46 51 82 77 5 97 46 92 6 100 1 45 97 67 36 47 40 56 0 36 99 46 60 59 45 7 74 84 6 7 41 13 31 88 22 47 15 78 54 37 1 74 7 82 48 91 38 71 96 67 60 43 10 91 33 38 77 43 43 41 40 4 8 35 42 64 84 71 3 46 18 66 65 40 48 91 42 40 32 1 82 86 21 73 9 5 93 2
16 48 94 2 5 85 31 19 74 23 90 80 94 54 83 72 73 40 70 65 68 24 92 58 1 38 2 15 86 4 67 26 85 57 46 2 31 0 6 92 22 6 92 75 52 28 96 15 78 39 15 43 100 8 6 12 16 28 27 8 99 95 32 86 58 100 67 77 90 70 38 0 13 79 3 15 54 40 97 50 73 76 87 60 74 68 13 98 52 49 94 71 28 15 87 78 17 64 1 37 36 85 66 3 3 27 80 37 23 53 32 0 39 43 26 78 83 17 69 91 0 15 90 70 92
7 1 3 47 16 67 80 26 29 63 40 88 62 8 62 54 48 44 30 1 74 82 29 60 57 94 68 19 50 51 46 66 34 41 95 95 84 54 68 33 80 6 87 84 97 9 50 34 11 87 26 13 70 85 10 90 18 56 56 45 53 42 4 60 65 52 38 87 87 40 7 46 26 82 85 80 24 43 63 19 47 86 39 93 18 50 31 29 6 62 11 28 15 27 70 49 1 34 99 39 87 5 71 27 73 68 38 97 7 1 59 0 29 53 33 83 79 31 95 34 43 61 29 3 96
60 39 6 52 54 81 98 6 53 59 53 5 98 32 11 1 56 8 95 92 7 51 91 9 80 73 34 18 48 8 7 15 50 87 63 64 71 27 61 43 64 86 11 27 72 13 37 56 69 95 97 75 1 14 34 81 46 73 75 65 33 24 26 45 98 37 19 22 70 23 85 5 33 88 69 98 6 67 69 66 6 86 15 71 68 43 95 14 18 77 13 51 29 62 62 37 81 29 38 20 2 45 57 46 33 31 54 54 45 27 97 55 85 99 63 22 47 46 43 55 42 32 41 78 54
85 15 92 96 75 26 39 91 25 27 76 12 82 33 14 41 0 37 68 78 73 36 98 66 20 65 59 77 2 86 17 49 80 3 5 92 45 100 40 20 30 50 67 37 58 61 90 21 15 32 18 80 68 27 18 99 18 11 90 71 24 89 82 7 21 0 98 91 79 78 35 61 61 88 64 24 19 84 86 72 44 51 60 84 76 25 34 9 12 0 58 89 3 78 52 11 11 92 27 90 65 27 90 24 79 17 17 83 71 15 38 88 51 40 76 8 24 52 2 24 81 79 28 32 93
13 35 16 52 61 54 60 8 54 42 10 94 58 36 65 92 1 35 34 5 28 9 75 94 70 90 33 33 88 90 83 10 14 21 63 51 67 32 69 28 58 57 2 14 31 67 85 26 50 26 5 51 4 35 99 54 84 52 35 17 62 28 42 6 56 99 12 28 88 72 25 98 11 56 46 1 19 33 37 55 59 83 75 50 34 20 53 44 58 45 29 84 23 82 74 29 34 80 96 62 95 58 86 97 24 46 47 38 80 20 2 67 74 53 61 67 14 7 97 61 48 57 56 76 78
48 56 84 79 88 76 35 55 87 27 86 54 43 27 21 26 53 63 62 2 75 20 71 16 1 16 20 51 7 96 39 68 61 7 58 1 62 91 84 83 13 77 69 22 11 15 86 25 17 82 80 20 49 29 10 75 63 93 14 23 81 50 62 37 51 45 11 51 100 81 44 75 14 9 14 11 49 77 85 64 14 45 9 68 66 24 82 49 14 54 25 15 67 17 69 15 60 15 48 12 30 51 50 22 82 61 4 12 89 44 21 7 73 54 75 90 84 15 19 47 74 12 55 49 8
41 39 73 5 11 16 41 56 55 45 63 44 22 100 77 88 27 27 73 53 22 39 47 74 32 25 32 99 62 68 96 2 35 76 90 69 5 45 59 50 87 61 100 95 38 96 73 28 95 57 35 51 52 46 14 79 76 38 93 15 51 72 24 46 100 37 92 6 26 77 81 23 64 40 85 30 77 26 31 5 38 5 50 45 55 95 93 99 53 51 12 45 86 57 35 86 37 80 97 41 79 86 9 100 23 9 43 69 60 100 13 24 73 58 41 65 70 50 93 36 57 99 60 69 14
12 85 6 13 91 51 14 87 17 7 28 75 73 1 55 77 93 24 87 68 73 9 65 86 40 65 16 78 98 61 15 32 38 81 74 19 41 65 55 40 74 90 63 53 99 22 85 62 21 38 9 84 22 40 70 12 37 10 14 16 19 34 85 80 69 37 72 29 62 45 54 27 99 71 20 70 89 19 63 61 37 87 62 60 64 94 12 23 5 14 67 43 47 20 56 31 61 86 75 39 83 67 65 9 24 50 1 55 22 95 76 97 63 28 90 73 44 65 29 77 96 74 13 63 16
12 45 38 59 100 88 96 20 35 23 31 27 30 16 93 45 67 76 82 3 50 66 30 24 56 37 22 41 87 80 96 6 19 27 94 43 43 95 81 69 78 80 65 57 79 71 64 30 96 17 91 71 14 99 20 90 35 33 8 75 58 38 94 36 58 99 32 33 13 17 30 0 38 57 88 74 0 23 37 88 46 37 8 65 7 23 82 46 89 77 29 88 26 31 83 9 87 47 11 95 57 71 41 80 12 57 58 85 87 13 29 60 67 85 46 99 61 68 39 84 29 36 8 70 57
19 100 24 56 30 73 31 74 16 13 67 22 72 78 55 63 37 72 0 97 81 99 19 99 48 62 83 96 32 77 46 53 37 15 0 98 50 82 70 79 74 50 76 25 19 13 14 39 24 86 93 98 35 20 48 80 86 62 41 12 89 1 19 59 29 89 28 13 34 25 22 86 15 87 8 17 42 31 83 81 46 35 76 59 14 41 60 88 67 34 95 89 11 10 70 92 34 62 78 4 38 0 99 84 31 50 48 50 8 22 42 80 35 10 26 7 13 40 22 35 76 87 52 75 39
54 73 43 45 41 18 11 20 65 85 1 3 9 67 80 93 40 67 30 73 39 69 62 26 51 49 14 82 25 60 0 24 59 89 30 20 42 84 68 39 25 18 68 12 27 6 34 31 78 63 36 50 26 52 84 21 84 77 22 33 96 57 19 67 38 84 52 6 14 50 54 91 100 96 55 55 36 71 75 52 43 68 96 3 73 65 67 34 64 82 73 33 66 92 77 18 56 99 75 18 44 64 30 71 44 72 89 18 96 19 72 29 55 52 26 72 56 100 80 40 35 66 49 91 14
16 33 25 33 36 42 60 29 84 48 96 30 26 80 63 60 62 11 9 99 29 66 31 99 93 8 30 36 19 3 52 7 47 71 56 58 99 16 61 38 7 78 94 79 98 28 18 58 52 96 0 4 0 71 20 44 99 10 56 3 94 86 11 2 5 75 36 50 65 95 92 85 44 38 89 85 46 25 7 40 26 60 71 70 98 55 59 65 25 96 43 51 3 66 9 20 15 94 95 72 17 80 16 67 58 5 87 95 83 91 11 92 57 50 90 2 84 94 62 80 46 96 97 69 70
26 69 0 62 31 88 64 88 21 60 53 95 69 49 89 96 2 100 44 55 2 79 64 77 58 12 86 72 16 19 64 35 57 24 100 50 70 46 79 57 39 30 73 26 88 54 30 43 20 28 63 50 21 78 4 87 49 0 41 73 11 37 14 72 71 31 2 31 87 58 33 43 96 60 85 85 96 50 25 7 41 96 39 98 77 90 89 24 6 91 95 51 47 71 76 25 29 10 47 79 3 89 64 45 77 24 57 96 70 94 19 70 74 43 32 21 1 87 19 11 89 6 61 48 94
4 85 61 25 37 56 31 29 95 59 65 34 29 7 60 15 84 64 97 76 36 2 0 66 51 15 33 91 100 18 27 23 11 77 12 49 48 89 23 40 65 31 69 97 59 61 73 27 28 22 8 34 16 57 50 94 100 100 65 22 99 53 93 70 69 4 68 18 6 2 15 57 4 5 90 100 28 88 45 71 39 4 49 82 76 19 84 19 88 62 82 59 88 53 31 22 92 63 60 52 53 26 13 26 95 29 61 24 76 57 49 26 75 39 93 9 96 53 3 58 64 73 93 83 65
8 80 49 100 85 60 7 6 26 71 16 21 70 41 35 30 69 48 64 81 45 46 73 89 27 50 32 39 46 19 87 22 7 7 66 10 17 13 98 85 31 23 83 26 100 53 1 34 49 35 27 28 63 4 14 28 20 72 61 47 74 10 11 28 9 32 65 10 1 14 35 24 80 47 74 64 70 54 96 28 69 98 30 1 68 94 3 36 94 16 61 75 78 71 38 100 16 85 35 19 7 24 0 29 52 16 45 11 31 6 14 7 5 44 57 69 0 39 14 45 99 85 53 32 40
67 21 10 15 20 89 61 78 36 93 82 57 60 11 22 28 44 82 38 18 57 19 42 98 84 7 57 20 47 84 22 97 76 98 22 57 91 26 55 60 15 49 86 41 25 62 51 46 57 68 62 2 64 34 64 62 97 7 97 23 26 91 99 79 59 35 97 56 57 66 74 39 23 25 91 75 19 92 9 22 83 7 6 85 39 15 40 16 46 11 92 98 36 92 85 35 77 89 30 20 91 51 36 34 44 69 11 51 55 78 38 87 45 51 5 79 55 77 78 100 4 77 18 13 16
3 72 58 70 36 76 60 68 100 67 95 96 7 33 59 42 89 70 17 63 83 53 73 34 38 87 30 0 57 70 59 99 40 68 76 6 92 68 2 51 78 97 53 29 2 15 41 12 36 71 5 57 58 19 27 54 69 26 52 96 39 40 35 90 50 89 10 3 17 27 91 85 91 4 21 0 54 12 59 34 2 29 41 49 37 63 2 11 87 45 31 62 37 69 40 42 35 43 8 96 55 72 41 64 0 81 83 97 22 99 63 52 90 71 25 68 41 57 19 52 76 7 1 28 48
27 25 43 0 95 53 47 81 48 11 92 93 69 65 15 75 18 95 30 72 69 32 28 6 20 32 30 50 9 7 52 18 32 56 45 36 48 54 57 72 63 76 25 66 0 10 17 36 9 5 91 52 10 12 4 90 55 17 17 9 73 43 9 21 79 4 3 65 77 33 37 43 21 99 87 31 33 81 26 93 96 52 85 28 100 62 30 26 82 78 26 17 48 25 64 87 15 38 61 58 5 40 11 78 19 19 73 32 27 28 64 88 2 73 84 92 100 59 8 36 91 49 23 31 18
