59 81 19 67 88 75 41 23 1 48 65 79 63 23 46 55 0 70 75 9 7 38 10 79 21 35 80 31 26 24 35 9 74 64 85 43 2 46 71 11 30 25 13 93 77 97 38 50 4 20 22 93 0 45 83 82 73 32 36 42 28 87 1 43 96 73 2 29 79 60 2 27 61 16 55 47 2 35 11 90 9 12 45 70 2 44 83 30 59 95 36 39 18 95 30 86 22 54 86 56 66 64 92 31 35 85 88 68 67 18 8 67 78 62 92 41 38 51 89 24 97 16 52 2 75 40 89 49
81 91 72 62 49 66 14 7 100 6 71 91 5 61 95 14 73 23 82 29 31 23 25 45 44 44 69 86 82 87 24 2 21 63 26 67 5 50 52 14 22 91 30 96 99 100 1 37 50 68 73 91 95 22 18 71 10 7 90 45 38 69 88 28 77 65 90 81 64 93 70 70 28 34 0 91 6 14 62 54 66 45 31 47 49 24 34 17 68 27 24 69 5 80 52 43 14 89 35 28 79 65 75 54 66 8 77 0 69 98 77 3 30 3 93 95 0 9 99 74 62 57 94 53 36 20 31 34
1 6 45 89 25 78 86 56 96 56 79 86 69 35 10 97 28 88 36 6 39 32 37 67 53 3 37 61 18 15 64 100 38 2 63 2 13 55 63 57 19 63 3 77 99 30 0 25 84 96 95 36 21 8 83 20 2 4 11 14 29 73 64 11 81 99 47 92 14 35 52 62 22 55 81 83 71 33 81 21 14 46 6 92 59 23 5 15 38 48 50 69 71 30 10 81 90 43 75 69 89 8 94 43 80 75 56 41 80 39 50 58 64 40 83 15 72 90 88 25 90 31 37 98 59 92 8 16
26 48 89 16 92 64 48 37 44 3 64 58 90 19 32 11 95 13 15 81 91 11 60 65 98 98 92 53 73 18 77 58 10 22 49 8 53 31 56 93 27 24 97 23 53 6 51 21 63 1 9 44 11 17 95 14 60 1 40 12 46 87 64 28 2 31 62 73 85 62 100 60 51 30 36 40 97 17 20 27 15 67 50 73 81 97 86 5 68 69 69 95 30 90 0 62 77 95 93 93 50 97 3 89 90 67 83 39 89 34 50 40 71 37 90 57 22 67 39 41 95 23 56 57 51 0 26 24
41 52 67 60 63 94 53 31 80 11 81 25 70 7 41 81 10 89 33 71 39 69 10 54 66 72 83 70 77 18 25 54 41 44 66 48 68 59 94 15 47 80 52 35 17 68 41 15 1 29 28 18 73 59 89 29 37 54 42 58 5 37 55 61 38 24 33 63 32 27 9 58 13 98 39 12 56 36 71 50 0 64 99 19 37 38 28 80 88 16 79 76 57 25 45 50 74 4 56 68 80 76 16 30 71 61 44 47 3 91 67 48 100 41 7 13 13 37 77 73 57 86 92 16 40 1 37 88
22 33 5 2 58 73 59 14 55 33 81 68 55 19 36 2 69 29 27 39 91 29 70 1 7 81 9 37 30 63 92 69 94 90 98 1 57 15 31 22 75 54 95 84 82 81 84 90 7 37 58 12 24 78 48 31 87 44 18 16 38 16 69 97 53 61 68 48 76 8 49 32 10 23 34 91 82 0 99 46 55 23 52 75 84 79 12 9 90 58 6 17 7 18 24 36 40 18 51 77 6 8 12 30 58 74 97 89 87 64 73 56 100 63 10 67 98 44 79 73 56 8 58 87 100 32 34 12
2 47 26 26 61 27 59 58 82 99 91 57 89 31 83 82 37 96 86 50 41 75 23 24 38 59 26 50 46 53 49 100 39 50 23 68 27 30 25 85 40 31 85 47 2 1 15 66 81 79 34 52 8 17 44 6 44 30 8 5 87 20 61 24 79 20 34 71 47 16 94 53 96 68 11 59 16 69 18 44 97 86 86 23 0 16 76 94 86 60 69 32 16 63 4 16 17 87 92 2 4 87 96 50 45 3 54 27 100 84 18 18 46 100 19 55 8 63 63 92 20 100 58 99 27 59 53 20
78 43 4 0 30 75 11 3 21 8 10 70 30 84 53 14 14 48 64 47 99 93 60 70 48 8 55 79 55 33 99 92 56 46 36 59 98 33 15 27 55 27 81 92 45 90 22 79 2 43 86 28 63 96 79 33 94 35 51 85 22 62 6 98 81 8 97 99 97 52 70 57 26 75 42 55 63 61 23 57 67 61 63 30 83 42 43 87 54 16 76 24 3 1 1 47 70 61 59 86 17 58 26 92 56 47 29 12 68 80 79 4 15 93 46 4 65 58 43 26 51 69 7 96 63 64 37 94
80 4 53 85 15 27 45 7 49 64 80 4 41 78 33 33 9 66 66 21 22 99 68 55 77 44 6 21 4 27 42 25 71 78 38 30 94 53 20 56 11 74 87 9 46 38 72 0 80 94 47 8 40 87 99 12 63 65 38 86 44 74 57 61 90 86 52 78 26 80 54 15 13 79 79 60 6 4 76 62 56 37 14 78 77 6 75 46 82 77 91 27 60 76 9 95 17 14 99 10 46 79 75 83 64 93 27 34 53 6 2 4 26 9 66 74 2 86 29 37 83 74 60 64 69 75 61 32
78 67 20 92 29 11 31 70 65 27 88 34 63 24 6 52 41 22 47 16 44 94 89 66 16 57 65 29 22 65 40 47 69 52 26 44 77 40 98 85 38 5 71 26 10 14 33 12 33 24 82 10 79 6 100 86 13 69 81 15 63 51 72 44 39 16 98 15 77 99 38 52 1 69 56 77 88 98 34 62 47 73 17 51 93 41 80 44 50 38 24 29 96 91 48 2 4 61 64 65 12 34 35 24 33 72 22 11 16 39 6 23 4 25 87 33 67 57 98 70 26 73 57 33 76 65 8 71
89 0 18 3 68 50 56 21 26 14 42 36 74 98 44 42 81 13 82 4 13 62 15 65 66 68 79 27 30 69 61 94 11 10 20 15 73 76 95 29 2 21 68 5 25 58 60 60 46 37 55 19 78 78 48 85 96 98 66 59 39 21 100 46 2 48 72 43 96 58 10 61 36 46 40 13 55 23 93 35 18 45 85 80 25 49 89 41 95 66 12 69 21 88 55 29 59 58 71 79 27 87 84 29 58 88 89 89 64 43 43 18 62 98 100 35 16 11 97 95 66 27 76 13 27 42 40 21
9 26 37 36 2 48 51 73 65 0 25 72 25 2 39 50 35 87 43 74 36 57 76 72 1 77 87 94 72 0 87 24 51 62 93 64 45 62 63 36 38 5 53 30 85 82 48 26 71 56 49 80 99 31 87 69 35 29 15 33 96 9 44 73 31 13 94 80 61 2 32 15 84 8 63 77 54 22 51 62 99 43 1 52 16 81 55 100 21 60 82 78 20 17 48 54 54 36 28 85 78 49 15 46 49 50 53 52 6 21 72 3 3 45 53 82 5 71 79 73 100 4 36 81 23 40 85 50
27 0 7 39 59 74 75 24 94 0 22 42 24 83 75 48 88 47 50 74 15 35 48 41 67 84 72 32 31 89 56 57 70 99 52 26 46 53 69 61 64 25 40 10 38 73 39 23 29 7 51 90 38 92 15 93 44 40 42 29 10 51 98 63 55 99 62 71 18 36 74 72 1 31 20 37 11 94 33 27 87 87 78 9 67 10 44 18 26 22 54 61 0 28 50 44 95 36 43 43 40 10 50 19 66 92 94 34 14 91 70 23 55 2 70 85 38 88 53 31 15 89 5 24 77 54 76 1
59 38 52 81 9 35 33 70 45 97 22 96 17 73 11 80 36 64 96 15 62 73 53 39 11 66 80 88 23 79 48 47 8 83 78 0 74 38 20 19 47 3 6 46 32 15 64 91 47 24 32 72 100 33 25 26 30 26 6 38 54 80 20 15 85 42 65 0 86 27 67 11 18 84 50 7 96 87 83 6 20 7 0 30 74 55 6 29 9 13 59 78 93 30 56 83 73 50 50 12 71 7 4 87 24 22 60 99 19 2 91 96 6 38 18 16 67 67 59 66 58 52 40 66 98 50 13 71
21 7 58 44 76 14 93 52 23 27 42 77 22 90 50 2 41 17 36 8 1 92 78 11 89 67 14 81 39 80 1 100 57 66 14 76 98 15 62 51 71 46 16 10 13 21 66 59 49 30 64 92 49 87 86 80 1 97 55 30 31 37 55 70 38 93 1 59 92 48 73 25 28 81 44 60 88 77 47 85 3 83 68 45 49 100 69 1 52 28 90 100 5 58 51 7 21 72 1 28 8 19 70 41 62 35 21 9 48 98 80 58 24 20 93 68 42 47 86 70 17 24 37 0 91 4 81 62
8 38 6 30 95 4 82 44 30 98 72 92 99 55 6 36 65 100 34 64 55 48 53 51 56 96 56 10 87 58 88 13 25 24 82 13 80 24 87 46 16 95 52 23 23 3 17 70 63 8 69 6 73 47 54 33 14 59 91 37 9 16 88 16 71 81 84 63 76 7 22 71 75 3 6 18 97 47 19 28 36 72 38 24 58 48 4 63 54 91 7 35 81 11 20 50 54 51 57 21 15 11 77 96 35 39 3 86 29 17 8 35 7 60 48 73 80 75 97 100 6 66 68 87 81 18 35 21
13 29 77 87 91 9 98 29 69 36 86 89 10 88 14 45 51 85 33 27 84 91 95 34 24 69 9 99 23 90 66 95 14 94 25 42 66 65 54 1 6 62 26 57 69 6 73 44 46 24 72 72 85 99 99 11 36 33 46 75 79 3 31 43 23 90 56 22 91 66 9 16 11 80 86 55 59 46 96 4 58 2 68 44 78 99 44 96 32 55 10 82 89 50 11 11 11 0 37 33 18 50 80 28 72 2 94 29 7 1 15 87 85 91 24 96 73 46 72 34 72 32 11 1 85 43 78 23
42 53 97 36 94 70 69 30 11 3 76 75 63 14 12 78 68 77 71 0 55 76 6 39 91 30 83 10 22 25 50 46 72 38 11 5 35 22 3 96 74 38 58 8 94 71 33 20 49 66 29 14 44 99 37 91 56 57 71 63 36 95 25 52 52 59 71 91 36 89 95 73 40 28 96 41 51 81 72 25 21 12 84 82 62 80 42 79 64 37 87 87 71 58 10 86 56 94 22 21 81 42 65 83 19 55 60 43 75 29 26 6 84 77 1 58 97 25 5 83 76 23 15 17 27 59 10 92
17 20 89 4 45 38 52 34 17 79 67 97 45 21 63 75 89 0 80 26 68 86 45 48 47 32 46 68 38 59 93 40 82 20 94 64 98 7 7 17 68 98 54 88 77 58 55 86 54 76 96 33 95 4 11 79 79 91 33 71 81 81 55 25 30 41 44 45 11 69 80 4 25 64 71 61 86 76 24 40 38 31 57 50 54 67 50 53 66 22 55 0 16 61 66 61 92 21 65 67 83 6 83 19 68 77 4 94 47 58 7 88 83 87 86 47 87 47 84 56 89 1 87 50 50 60 41 10
54 90 64 8 7 76 23 23 32 90 77 77 56 19 89 6 83 69 57 60 74 66 48 64 85 37 48 57 51 89 100 34 61 73 23 39 56 11 87 46 83 4 13 9 3 14 55 31 54 80 21 96 83 47 68 36 87 72 31 51 17 18 71 39 19 87 7 12 13 66 41 24 30 15 8 52 87 40 78 54 9 2 51 18 87 34 65 15 22 15 28 31 87 17 17 3 34 51 4 56 11 91 99 17 69 17 35 45 81 69 1 90 34 98 37 69 82 47 84 45 34 4 65 71 53 2 8 20
43 57 31 70 40 19 20 77 98 10 54 95 58 64 33 98 86 87 20 8 51 35 55 38 30 65 78 19 22 60 20 0 82 72 92 1 51 34 86 61 24 33 64 22 44 62 85 7 18 44 52 20 9 57 60 91 32 13 71 65 22 1 1 18 8 28 69 95 94 68 8 48 31 46 83 84 16 51 93 5 28 81 88 39 3 33 68 38 93 86 22 47 56 97 93 58 61 46 97 3 18 23 68 78 14 33 41 69 69 6 11 58 87 49 61 97 21 32 46 43 64 15 11 100 47 87 70 68
50 47 77 20 88 89 68 14 13 31 66 100 67 15 97 90 52 93 14 93 60 12 54 72 27 36 46 57 55 31 87 2 79 71 55 38 20 31 39 22 84 66 75 49 24 41 98 53 76 67 66 88 1 25 49 38 23 39 25 45 78 81 76 62 12 9 100 67 8 80 74 80 12 15 40 25 44 14 34 61 80 62 85 32 67 90 1 17 46 64 79 30 49 72 31 65 5 29 55 89 82 70 18 13 7 20 61 82 39 77 45 9 56 82 79 33 20 91 56 1 22 59 73 64 49 65 63 64
60 57 1 89 53 25 80 75 31 25 17 3 33 8 52 87 39 28 95 87 96 84 53 51 95 87 57 29 19 5 40 4 44 63 69 8 71 26 100 76 93 51 82 30 76 49 14 89 62 83 17 100 70 76 40 69 39 70 24 79 88 27 10 63 63 52 73 29 32 65 88 47 73 78 82 62 37 60 22 46 50 56 19 4 40 95 53 36 88 73 17 72 71 86 94 48 54 54 33 60 40 79 58 24 17 57 67 34 46 28 43 63 63 40 20 30 48 5 64 86 68 50 53 83 94 27 31 55
16 58 80 94 35 53 90 50 29 100 11 13 62 66 46 62 80 11 61 67 6 87 11 75 28 59 52 22 94 60 77 49 88 53 94 69 15 99 3 34 91 57 52 39 79 58 61 53 47 91 14 63 72 63 59 59 3 32 43 96 55 25 34 24 82 8 8 22 7 55 13 20 52 62 4 19 28 79 61 59 71 37 74 95 51 7 70 78 26 1 51 84 63 57 94 73 62 88 55 54 65 50 10 81 82 65 100 85 34 21 66 71 14 20 41 35 16 6 35 63 96 68 26 74 90 26 55 41
25 27 92 3 87 86 65 68 37 72 39 59 18 32 23 54 52 31 3 57 8 47 47 41 33 10 97 74 31 93 71 95 31 88 78 70 97 29 15 89 47 62 58 9 48 59 97 45 21 27 79 12 29 1 50 29 6 43 46 22 41 12 58 77 91 74 77 51 21 98 45 14 23 10 17 16 45 8 47 63 10 20 19 62 61 6 32 92 2 59 69 50 88 96 20 71 35 43 66 74 55 48 87 0 14 28 81 89 25 49 73 46 54 84 37 78 56 66 61 33 92 39 93 6 28 23 41 70
14 35 70 71 32 94 43 78 65 49 47 100 50 9 33 59 12 100 45 37 44 4 52 70 64 23 40 73 15 38 47 34 48 46 47 31 97 35 97 49 100 43 21 21 11 84 49 19 79 65 30 8 84 93 78 53 84 6 58 25 45 98 19 91 21 45 44 27 94 11 73 68 48 57 44 39 85 65 8 92 91 49 78 78 15 64 55 30 83 37 53 50 46 54 6 88 33 30 0 67 100 56 48 51 54 26 55 38 0 35 65 51 54 44 43 88 49 36 8 61 0 4 32 95 98 77 53 82
98 87 27 3 62 79 53 56 84 33 99 31 63 22 79 26 94 3 36 22 64 54 39 64 38 40 1 36 0 22 53 26 48 16 82 61 38 59 44 42 47 45 72 41 89 2 95 66 49 21 24 31 62 74 60 69 84 73 61 4 50 61 51 59 16 26 15 43 93 34 98 90 48 66 95 31 34 62 30 73 14 73 1 15 63 21 29 80 85 91 14 30 99 47 15 55 17 61 55 30 66 61 5 40 90 90 94 23 51 49 77 37 28 96 63 59 30 31 35 38 98 20 28 72 63 85 58 32
45 91 1 76 67 56 88 13 10 48 83 0 60 93 65 3 42 31 16 80 86 10 57 96 6 68 2 79 98 2 81 41 14 72 37 2 59 43 53 93 28 99 5 32 22 23 32 56 62 43 59 45 69 50 35 7 67 72 61 45 91 35 87 72 88 26 53 49 93 92 73 84 0 9 0 87 20 87 76 5 48 19 15 6 59 91 14 0 60 36 47 37 88 98 87 68 19 5 69 13 61 50 66 65 81 78 4 73 95 93 26 87 29 72 16 7 13 78 2 44 54 96 95 74 5 51 9 52
58 83 57 19 52 65 49 45 2 23 51 28 36 35 90 14 60 45 91 3 57 28 50 42 86 39 67 31 68 88 93 74 44 3 32 69 80 17 84 66 42 55 3 91 8 83 95 53 67 56 72 13 25 85 92 43 94 96 35 79 52 94 26 43 30 31 7 40 85 64 55 0 22 34 14 4 56 37 23 50 18 19 61 0 18 8 59 60 17 33 46 83 87 94 97 81 9 41 79 40 60 47 70 24 52 5 53 74 64 3 90 32 6 53 6 39 84 87 56 92 52 71 68 80 6 70 97 45
96 99 2 91 14 67 51 95 39 96 57 20 25 59 29 33 32 29 11 93 82 73 43 16 49 10 42 29 16 48 20 9 63 79 73 20 3 45 43 19 45 33 100 51 28 0 62 48 81 87 13 40 18 67 1 98 70 35 29 30 76 92 94 14 14 34 2 96 8 97 25 55 27 46 28 75 26 32 43 59 57 5 64 47 49 5 93 12 20 12 23 2 34 58 80 84 38 88 47 62 46 81 83 77 48 38 8 71 92 4 80 55 93 31 16 30 3 11 85 24 96 95 51 92 84 55 45 27
89 76 74 76 15 86 40 27 100 41 71 70 74 44 80 70 36 94 76 21 100 0 55 69 98 46 63 59 7 47 8 82 7 4 53 6 32 29 44 0 81 29 92 98 0 18 50 81 76 16 77 99 5 37 91 35 32 8 95 30 77 9 67 22 59 14 5 52 64 10 69 95 18 11 39 2 23 85 5 92 58 75 36 58 64 40 89 31 42 98 5 97 62 74 21 68 69 21 58 32 75 38 80 21 1 50 1 21 98 20 53 2 44 77 2 87 58 84 6 34 17 32 24 16 10 54 35 89
22 82 38 11 20 72 86 95 52 24 6 53 88 6 22 99 45 33 6 65 50 62 66 36 92 65 87 97 58 74 36 49 90 5 73 18 26 36 20 79 14 99 60 97 95 91 6 67 4 32 16 35 1 83 47 27 57 96 77 11 59 68 63 19 60 79 70 98 52 24 26 91 46 45 26 42 11 32 76 20 72 21 87 92 23 56 65 84 94 58 43 51 89 17 2 55 39 26 91 25 26 66 35 31 83 64 90 59 31 16 49 85 0 67 70 61 66 48 39 13 0 61 2 16 33 94 83 12
95 76 39 29 9 78 78 53 87 19 95 38 82 14 63 78 67 5 19 14 3 45 13 74 8 98 53 38 24 72 17 66 5 3 82 13 91 14 95 9 68 92 51 78 98 58 61 13 62 74 49 33 92 3 24 46 20 96 78 21 62 7 24 8 16 36 69 57 56 7 4 98 9 74 87 67 24 31 60 6 51 75 42 44 62 19 63 10 32 46 41 62 97 18 5 76 60 66 51 27 83 74 15 31 38 58 2 30 64 33 43 49 42 47 88 21 39 11 40 47 44 71 78 61 3 28 71 79
68 57 58 30 98 79 88 46 87 52 92 49 20 88 13 23 59 21 48 0 73 55 23 56 77 4 22 14 51 91 59 78 10 14 10 34 28 96 55 67 31 100 42 45 41 44 83 33 45 50 38 37 24 53 59 50 56 28 65 11 46 60 82 5 37 25 52 68 53 94 67 58 61 100 74 45 45 8 13 36 44 60 91 62 11 86 9 73 69 48 53 23 39 14 59 80 26 13 15 92 59 53 95 58 30 68 56 90 12 39 87 25 3 73 55 55 20 97 38 61 97 67 18 21 90 59 74 70
47 14 27 34 58 19 43 14 78 62 53 22 2 46 91 21 90 93 70 23 31 93 43 53 62 92 27 25 40 87 91 41 30 25 92 41 70 93 88 42 50 68 92 56 21 9 16 15 70 15 95 54 95 34 10 46 97 60 51 71 26 80 41 67 87 81 25 77 63 75 56 99 18 100 42 81 75 73 49 76 9 37 79 35 80 22 97 11 100 14 3 97 5 20 11 5 90 1 71 56 78 60 26 48 70 10 28 23 94 44 20 34 64 68 94 5 37 34 13 30 100 93 77 50 95 59 78 66
4 18 22 59 13 58 20 81 52 91 22 98 12 61 37 5 35 46 15 84 81 37 39 97 87 79 1 83 71 20 37 96 27 21 65 32 90 30 45 91 66 7 73 69 91 14 17 68 34 79 14 81 95 35 98 48 17 91 81 12 98 43 26 41 93 3 7 5 54 0 18 2 77 42 96 31 11 28 51 22 7 85 69 94 55 57 12 91 3 7 0 24 8 95 12 91 37 42 4 16 26 99 91 48 99 72 26 67 66 97 51 38 10 29 87 55 8 23 40 71 71 2 8 24 20 23 19 8
78 75 83 89 45 90 25 9 74 43 60 28 86 5 95 6 18 26 8 47 66 55 24 15 64 14 9 47 24 8 80 61 47 89 48 75 12 8 70 65 65 77 18 51 7 10 46 69 8 73 80 56 5 64 88 15 62 96 49 77 26 90 16 98 32 67 94 69 82 36 7 93 24 63 37 33 75 33 16 85 39 20 66 79 8 16 54 66 22 81 17 39 50 17 46 35 68 39 76 96 85 3 24 18 87 40 94 21 83 31 3 15 28 88 98 55 72 55 48 6 4 59 24 54 26 82 88 18
76 53 50 51 97 1 44 56 67 16 6 73 86 6 69 57 17 81 30 26 79 5 71 65 49 3 42 2 84 62 31 90 69 74 28 15 63 41 6 52 65 11 66 21 98 75 50 99 100 4 39 22 61 31 18 24 82 0 69 10 65 36 87 21 57 17 46 65 40 39 99 26 28 49 51 27 11 24 45 31 75 29 67 20 64 65 43 23 6 51 71 35 62 2 64 68 79 65 18 60 75 12 57 54 70 65 14 19 42 44 75 22 91 48 35 27 40 7 87 5 75 17 90 48 36 35 12 58
69 94 24 83 26 75 18 44 0 57 42 87 90 47 66 81 66 12 95 78 45 6 30 34 30 25 46 88 63 97 43 52 52 11 80 100 85 33 78 41 42 98 67 62 68 68 64 39 29 78 99 28 62 97 11 55 42 49 3 25 54 23 19 85 5 100 24 34 31 100 20 21 63 14 98 63 51 21 42 64 97 100 81 52 63 53 54 65 1 98 63 24 44 29 18 36 83 90 91 47 29 61 87 36 76 19 86 25 80 38 3 53 18 69 14 83 49 30 11 24 62 5 93 4 26 37 97 44
99 39 58 9 73 8 15 10 63 5 69 22 95 54 85 16 46 70 22 87 46 99 57 56 62 15 79 72 69 57 48 37 4 50 7 13 44 9 89 99 49 31 3 34 36 69 30 8 65 44 74 54 43 42 96 21 43 42 14 46 88 14 44 41 54 97 61 26 26 37 38 98 24 15 60 22 58 24 67 49 85 21 13 31 78 76 77 39 2 63 73 66 61 77 23 68 18 56 12 24 91 4 83 33 69 74 39 100 90 64 63 32 57 51 58 8 51 6 53 77 33 12 68 78 85 36 88 70
33 74 71 62 3 85 4 65 53 85 96 100 25 93 72 51 26 2 4 34 99 75 95 11 92 82 12 61 51 43 59 17 87 61 5 4 41 70 31 57 69 98 77 56 81 89 46 10 51 82 82 79 72 63 78 98 33 76 12 14 37 71 44 70 8 91 34 93 50 23 96 96 31 99 94 81 4 77 34 92 34 17 85 82 34 85 24 1 5 63 28 33 22 100 1 49 72 84 67 9 86 66 29 12 61 58 70 94 59 49 87 32 95 73 94 98 87 82 6 39 14 5 81 16 0 12 4 80
69 37 100 12 0 47 0 59 64 35 7 98 83 52 76 15 7 87 0 56 9 78 15 21 81 97 42 34 39 29 73 67 61 15 35 50 41 99 86 11 92 69 55 31 41 91 45 40 29 67 1 12 40 96 86 99 3 35 51 67 60 78 37 38 45 63 23 31 20 49 30 7 76 79 54 1 9 11 81 77 83 66 85 71 87 56 18 79 42 5 70 2 14 0 10 6 93 26 16 10 69 71 2 84 0 41 32 20 49 89 37 26 27 92 89 92 85 69 69 10 57 52 71 63 97 78 59 90
82 52 64 73 40 97 89 83 26 83 34 18 20 35 67 90 91 11 95 86 76 87 65 28 54 77 14 98 34 72 79 45 85 90 11 23 77 19 16 81 84 47 4 60 75 53 76 90 26 86 46 60 76 16 37 16 62 67 6 99 45 37 57 51 33 96 76 74 20 25 50 70 1 67 5 42 56 63 98 19 41 54 51 92 43 40 45 49 56 27 86 40 64 97 75 73 74 32 51 38 62 19 45 85 66 56 31 7 58 42 76 65 66 26 63 83 1 78 75 88 1 92 44 54 24 65 11 56
26 26 37 78 37 35 96 33 65 31 44 83 89 38 80 64 23 65 1 15 65 33 7 33 64 44 35 52 50 23 35 1 93 39 74 5 32 65 57 69 93 69 43 26 36 37 49 85 11 90 67 34 9 46 8 48 81 71 30 81 14 32 78 55 82 73 3 60 23 97 31 94 25 14 0 54 95 57 88 95 100 100 69 90 6 32 43 52 85 14 88 66 4 98 2 44 11 7 14 38 3 57 10 28 98 86 93 62 70 24 3 100 2 44 64 96 97 46 71 13 58 2 1 37 98 26 75 67
28 88 50 15 52 12 16 60 33 75 96 3 35 50 11 53 90 91 80 40 27 38 33 100 92 45 18 78 18 100 30 35 90 39 1 30 77 26 27 70 99 84 93 9 67 12 27 82 1 41 92 7 74 80 67 74 49 50 45 86 12 60 59 76 42 93 32 31 75 55 48 41 78 58 26 13 21 27 38 97 10 98 5 37 60 42 44 66 81 52 87 81 20 15 75 92 76 31 13 80 94 87 100 97 79 5 92 0 5 88 11 77 93 97 94 35 94 65 17 67 23 44 5 34 10 4 73 1
11 1 35 13 40 16 35 14 85 17 31 42 5 55 55 63 64 93 100 50 53 28 72 25 21 56 29 94 67 91 27 8 2 97 69 87 96 38 94 36 12 80 24 81 57 17 59 62 20 5 31 43 81 58 3 89 11 72 27 70 98 47 5 85 90 78 47 19 69 95 38 14 85 7 21 17 49 72 78 29 18 7 1 12 20 63 63 0 17 24 50 25 33 87 85 77 17 55 36 73 26 96 91 19 97 86 53 6 63 16 66 11 98 50 100 68 99 26 49 88 54 60 44 94 53 8 36 36
100 78 76 9 27 83 81 78 23 65 29 100 75 88 1 87 49 93 74 35 55 87 48 29 46 49 77 94 61 53 45 13 96 90 30 70 41 84 2 23 26 45 61 31 27 59 34 39 91 72 84 7 59 10 70 41 31 14 16 85 31 79 16 82 72 11 33 50 84 26 42 24 5 55 15 93 45 98 30 37 63 53 13 91 46 78 62 39 89 33 54 70 38 77 16 43 57 31 80 19 66 68 63 27 28 90 18 6 23 79 9 14 47 62 39 27 79 40 25 84 48 79 50 50 10 65 25 79
13 39 6 39 38 100 33 21 76 39 54 53 27 74 32 78 25 40 95 86 46 97 72 19 52 89 66 5 93 80 44 22 27 38 76 64 19 56 0 67 28 29 65 9 75 88 47 24 62 46 67 76 5 65 4 56 12 43 70 53 6 55 41 55 27 22 53 93 30 48 24 84 37 12 80 73 62 15 19 28 66 75 82 8 16 48 44 30 43 34 83 27 75 82 38 72 71 38 32 72 23 3 33 36 33 33 30 81 44 96 9 50 6 61 91 94 16 13 48 79 73 7 59 66 33 96 6 20
18 59 68 24 18 57 53 85 88 18 47 71 55 37 1 95 7 35 9 37 3 19 19 78 60 43 33 61 69 18 85 78 48 25 22 49 64 84 62 43 65 20 41 37 64 71 50 72 3 33 1 67 3 84 47 81 99 79 89 5 76 0 15 61 94 36 33 18 17 68 25 85 14 80 62 84 33 97 98 81 21 22 16 16 20 60 42 65 3 83 66 53 33 39 5 88 37 91 40 68 55 21 57 62 18 23 37 38 97 92 2 20 89 16 61 21 4 72 91 86 7 73 80 93 75 69 65 22
38 2 74 5 42 62 96 84 13 91 19 3 26 78 89 66 15 27 24 80 44 98 18 54 36 31 54 66 78 7 45 14 56 60 4 11 2 90 65 28 60 0 19 59 3 44 23 85 64 24 53 16 75 87 72 28 98 38 8 66 21 8 76 4 64 43 29 17 81 17 76 41 42 59 86 13 77 69 96 95 13 14 20 27 40 83 65 44 24 54 27 93 46 67 26 25 48 75 92 77 60 3 23 0 5 14 2 61 41 66 69 94 93 17 81 0 75 93 89 11 6 56 95 85 92 53 66 90
79 44 16 67 7 35 70 94 28 50 26 90 69 3 9 28 76 94 21 90 42 99 4 74 71 10 48 64 39 90 98 75 34 26 72 35 15 75 5 14 93 84 97 40 55 62 58 34 46 28 99 78 32 72 67 39 73 61 14 60 35 29 3 45 1 90 82 64 21 8 36 10 16 97 81 78 41 75 1 45 43 94 33 72 99 37 38 66 83 56 67 50 99 75 69 57 56 14 1 88 69 92 95 91 77 13 22 43 10 83 60 26 44 48 27 94 87 48 79 12 61 10 8 29 20 88 86 69
23 22 43 74 79 54 83 95 68 27 72 24 84 76 66 57 46 25 36 31 45 91 31 0 31 26 19 12 76 10 38 88 22 58 71 32 56 79 46 27 33 76 7 95 49 0 89 83 87 73 51 53 30 82 20 69 33 71 87 78 57 13 6 26 15 2 37 32 51 41 38 0 46 89 44 53 3 90 25 92 94 42 28 56 30 26 67 43 87 98 48 54 23 67 51 99 55 17 52 28 20 43 64 86 80 81 9 37 81 41 42 23 66 60 12 71 86 54 28 22 98 75 67 8 23 44 100 34
66 13 62 39 18 29 39 96 55 22 54 42 34 29 70 91 23 88 49 5 98 97 64 81 45 88 0 7 88 40 93 90 65 83 51 27 54 72 59 13 46 58 18 80 62 41 26 7 81 0 55 86 2 17 79 66 23 83 10 100 42 15 50 48 2 19 42 11 91 58 56 45 24 44 21 25 11 40 37 40 72 24 16 28 13 86 8 16 84 96 90 21 0 51 28 70 100 76 89 43 88 62 8 35 23 2 1 64 80 35 32 22 13 85 100 74 26 50 6 20 56 63 1 85 5 49 7 75
29 66 2 47 94 1 88 98 55 36 71 79 9 88 9 66 6 59 22 4 53 97 42 96 16 46 97 74 64 64 98 1 13 44 31 27 45 88 3 96 26 66 67 22 1 87 100 62 64 18 1 100 81 9 97 47 51 50 41 0 47 88 47 83 87 62 7 62 90 84 70 73 99 51 54 21 29 36 45 97 54 1 27 93 61 84 26 39 14 98 0 74 56 75 74 11 50 56 3 52 0 82 19 45 76 74 98 46 31 84 73 86 35 44 22 0 64 36 4 21 21 92 54 94 53 10 65 25
97 82 2 33 63 16 63 48 70 32 63 66 9 64 54 9 26 32 27 1 78 11 33 15 8 81 43 48 26 22 41 60 39 18 29 86 32 71 83 33 82 81 84 32 79 34 56 29 37 63 47 46 78 31 93 29 92 34 85 98 48 7 86 70 75 81 83 33 4 34 2 85 8 22 73 96 25 25 91 4 72 70 75 82 28 93 87 100 32 22 0 24 41 43 66 31 71 14 68 89 82 10 22 15 99 59 86 16 12 72 72 38 41 22 42 100 63 49 29 7 9 59 62 49 55 4 48 24
24 13 79 53 47 5 56 19 60 36 19 95 50 52 79 83 1 8 59 6 26 76 17 86 100 61 29 60 82 40 94 20 19 75 45 22 36 38 11 65 25 61 39 84 8 80 26 99 45 51 94 58 10 60 34 62 73 77 96 60 74 43 62 5 51 8 64 89 63 35 94 85 4 59 34 37 6 4 74 77 15 80 29 58 10 1 95 29 27 56 74 70 40 14 49 22 36 7 15 22 27 14 76 59 88 77 95 25 14 35 94 95 39 39 70 82 74 20 97 72 83 56 74 100 68 64 59 42
43 10 93 64 44 58 30 45 25 29 5 54 5 88 2 99 83 58 6 89 33 20 83 25 51 48 73 22 25 95 56 2 98 16 20 45 27 93 4 95 87 96 94 23 42 48 95 2 28 51 26 53 84 46 0 75 81 1 85 91 1 19 29 52 81 95 78 67 28 97 69 99 78 100 38 63 35 28 27 64 96 90 5 0 90 32 6 21 20 52 72 77 16 6 91 49 13 45 92 42 49 28 89 56 79 6 99 79 4 56 20 58 60 3 80 70 95 51 73 76 17 62 93 58 32 80 100 76
0 24 99 28 14 30 94 16 71 57 92 95 30 26 98 69 3 36 88 31 75 79 10 30 98 67 38 28 35 84 70 57 71 46 12 61 93 17 67 17 41 47 35 54 94 31 96 92 10 77 88 61 80 84 76 17 73 5 64 10 65 56 28 77 82 12 54 99 82 80 99 65 67 50 83 50 19 82 12 95 43 82 65 29 86 98 98 71 1 83 85 28 3 73 95 16 33 27 84 16 46 81 85 41 23 50 30 82 27 63 4 94 71 74 13 41 54 75 38 29 74 62 1 20 40 58 43 47
13 84 53 85 59 4 56 56 67 66 86 35 26 38 59 23 51 85 94 17 97 0 41 21 77 22 38 47 36 42 96 10 44 98 70 59 4 51 45 97 58 36 13 80 100 79 70 7 29 99 30 92 61 77 9 42 85 20 96 93 15 51 59 45 30 92 88 50 80 6 77 39 85 79 59 67 83 58 25 66 7 75 57 25 85 62 4 57 39 53 85 15 10 25 59 76 95 90 58 99 81 59 36 97 52 29 35 98 6 83 80 40 78 87 41 10 98 78 38 87 7 25 90 41 93 8 8 29
91 27 45 69 10 8 18 21 80 80 62 71 75 73 81 31 52 34 100 72 94 68 2 100 58 51 88 67 66 41 63 32 75 66 22 4 38 35 66 19 15 34 66 0 70 47 66 84 72 47 34 86 52 89 81 53 86 70 25 85 90 39 9 44 20 70 81 98 79 38 18 27 65 6 11 73 71 36 99 78 43 35 40 66 65 14 3 95 93 34 97 17 2 77 76 68 23 70 19 61 90 57 89 8 35 28 85 95 88 64 0 6 72 57 26 71 82 89 53 98 31 95 11 11 15 41 75 76
7 74 9 48 20 24 13 74 88 74 84 35 15 41 92 52 98 46 61 51 63 20 79 84 65 34 99 18 35 90 58 83 31 66 82 62 87 28 27 88 59 0 30 59 100 47 25 70 6 37 9 47 93 87 71 100 9 95 79 85 54 96 14 43 5 92 97 37 74 28 40 10 57 47 27 58 2 65 39 42 1 80 84 15 88 93 97 97 64 57 26 63 6 89 86 3 98 69 20 76 83 64 76 23 34 38 96 69 78 67 9 76 29 4 42 8 7 6 27 95 48 5 76 40 80 12 32 72
66 92 11 78 28 2 82 89 68 76 2 46 7 43 35 24 41 28 55 8 81 44 28 6 23 8 98 58 81 100 5 26 81 42 75 43 84 57 60 81 50 99 26 69 16 3 17 36 8 24 86 95 23 0 19 55 9 29 45 66 10 50 63 11 12 29 25 55 21 96 67 25 13 24 52 90 67 87 27 20 11 26 74 39 21 52 92 53 95 20 64 17 59 81 84 30 93 26 64 38 21 34 76 89 85 41 98 16 46 62 97 17 50 44 94 4 3 86 43 49 17 4 67 2 57 59 87 87
71 68 61 14 21 17 64 83 22 94 89 64 18 90 21 66 88 14 83 44 90 38 57 53 41 32 59 27 37 61 84 23 22 83 20 55 58 28 58 4 5 16 90 34 65 38 88 14 17 20 12 90 41 15 62 55 89 50 58 7 84 85 85 40 57 48 30 81 8 73 22 100 44 8 36 46 66 60 33 36 5 83 8 88 22 98 17 1 29 20 3 63 75 81 16 63 38 45 24 18 46 76 31 51 86 35 20 74 85 90 86 15 57 84 44 89 72 88 82 80 17 3 22 4 67 67 4 89
20 89 23 35 12 89 88 28 48 76 93 3 47 92 16 96 95 85 34 48 20 52 28 4 69 69 22 74 50 31 54 8 94 6 85 2 3 51 58 26 72 92 4 4 72 83 0 36 26 36 45 52 43 38 94 54 90 84 58 6 38 78 72 29 79 48 22 96 3 33 54 29 61 55 86 3 73 85 56 27 61 69 94 41 16 7 73 5 39 5 59 10 9 19 82 68 10 59 37 11 83 33 87 22 55 56 15 77 60 83 80 10 72 22 49 80 87 32 88 63 55 88 75 15 32 65 100 10
15 32 57 44 7 15 71 50 54 35 69 46 18 98 28 25 48 20 89 10 75 91 96 65 33 31 64 18 26 64 20 53 51 71 57 33 35 6 7 48 32 81 71 82 85 50 51 74 38 35 21 14 88 0 51 14 10 30 61 30 95 66 64 18 21 7 69 47 60 99 85 98 76 3 49 50 3 100 26 41 59 39 44 50 0 67 45 9 25 54 7 7 44 43 48 43 76 95 74 70 78 47 44 80 81 60 22 37 68 55 83 4 42 20 34 72 76 48 71 1 88 78 82 33 34 29 18 4
21 30 64 17 40 42 70 94 9 36 63 37 84 92 51 21 36 26 45 26 76 95 18 100 78 70 4 57 34 53 29 68 1 77 69 43 10 72 57 34 31 57 70 82 40 74 56 42 89 88 66 78 23 72 4 4 80 54 15 97 2 3 89 59 86 58 52 55 3 0 17 8 8 78 62 10 3 28 92 14 73 65 37 100 97 23 9 100 24 73 88 81 38 52 53 31 2 33 36 74 39 92 72 70 52 43 1 37 22 88 48 7 35 31 16 99 40 40 53 39 5 27 98 17 17 73 37 34
52 23 44 55 14 53 17 85 32 86 28 75 60 45 31 80 6 70 21 82 5 65 35 56 62 95 67 85 12 80 62 15 5 10 46 78 83 2 64 85 45 93 14 88 51 42 10 3 55 54 52 48 17 45 44 33 26 15 15 16 20 72 71 0 63 94 23 39 46 89 46 12 49 22 1 47 91 94 82 69 93 86 63 43 74 17 94 56 42 28 27 65 3 20 41 17 87 95 81 96 2 100 1 78 23 79 33 66 38 48 13 72 36 93 29 1 97 34 23 35 3 30 49 86 25 7 3 75
60 80 50 22 2 68 90 56 61 23 80 16 69 15 98 17 78 63 39 6 14 94 10 79 73 14 70 83 54 97 59 71 54 54 74 71 2 77 99 43 96 36 92 82 11 12 60 38 65 15 80 70 54 72 2 16 80 69 9 14 1 61 68 5 85 16 35 89 43 74 88 49 44 97 87 13 76 40 16 68 80 10 76 35 27 38 24 38 23 48 40 25 44 64 33 61 46 100 95 19 61 33 23 97 84 67 82 72 63 32 65 78 40 0 42 77 46 3 42 100 23 89 51 10 63 85 34 53
48 74 35 55 0 33 64 27 48 20 13 79 16 53 76 74 19 40 27 57 99 35 92 52 36 47 24 46 79 26 72 41 55 53 43 65 74 36 36 2 59 31 60 21 30 44 0 14 83 59 44 14 4 75 46 60 23 60 59 85 0 67 61 22 86 75 93 97 91 16 14 64 84 39 85 93 93 30 58 1 14 65 87 62 11 39 90 54 22 37 71 7 52 95 28 87 77 32 98 41 17 33 17 46 47 63 5 23 28 73 9 29 90 77 88 97 60 96 46 45 58 39 15 12 99 1 31 36
31 66 45 45 60 35 46 87 5 1 39 74 56 93 20 68 89 46 84 65 95 51 29 81 19 30 32 94 78 39 44 73 19 17 75 75 66 29 74 85 96 36 94 18 84 96 78 60 32 29 10 2 97 16 66 26 57 46 2 83 30 83 63 38 85 29 40 43 58 73 95 60 58 59 95 26 54 18 60 82 60 19 94 100 100 86 93 88 22 44 54 83 60 91 34 1 76 22 60 67 60 52 100 85 98 97 76 49 93 79 14 60 67 75 91 46 76 4 86 66 2 38 7 26 23 35 88 46
69 79 13 8 34 53 60 33 82 45 27 72 99 80 80 2 70 82 9 71 67 31 28 77 15 73 95 14 99 34 88 47 80 79 55 31 35 15 50 9 1 59 68 76 49 24 75 43 72 99 30 8 93 83 1 97 35 56 100 13 53 3 26 65 9 61 52 86 67 27 18 78 80 12 27 58 93 44 55 99 42 24 34 0 23 44 68 54 7 100 87 20 92 11 71 18 22 53 50 48 20 86 52 57 44 83 76 4 79 3 5 13 72 4 97 17 24 3 56 20 40 32 77 56 100 75 59 21
70 59 59 77 43 36 90 20 67 38 33 25 97 51 73 51 62 60 75 77 27 90 45 77 34 3 27 3 51 32 20 79 86 2 67 57 64 100 6 71 65 99 15 100 100 37 50 60 21 68 44 57 44 77 47 24 36 0 71 76 74 69 58 8 33 41 0 82 15 98 41 15 50 9 49 76 73 39 52 17 85 67 91 19 48 98 13 66 56 36 56 93 1 14 39 72 35 26 2 95 9 93 82 14 46 5 52 67 57 98 85 97 68 1 7 9 18 75 3 70 2 69 86 27 3 85 23 62
33 8 65 19 25 50 35 64 62 90 22 36 64 37 63 98 13 91 37 32 25 72 33 14 76 92 84 17 71 3 24 91 55 72 15 38 82 71 94 66 45 97 68 21 41 65 10 39 12 46 64 18 19 79 52 27 90 66 81 86 46 49 92 42 16 93 90 78 41 23 14 60 82 68 54 8 89 31 87 80 69 23 35 10 96 48 61 80 100 69 23 2 51 97 84 86 56 14 14 68 71 10 99 100 78 45 2 88 55 25 28 94 70 80 54 7 56 9 85 79 59 28 94 47 37 97 9 38
0 11 41 60 13 87 82 24 27 72 45 28 6 92 94 68 100 29 21 77 10 91 65 51 93 24 6 13 13 14 59 22 96 73 81 64 71 79 40 38 56 14 5 46 82 50 0 51 40 64 66 59 75 5 39 1 10 90 27 42 51 6 49 62 2 66 11 80 10 48 23 47 6 54 64 24 72 74 100 64 71 13 20 35 56 45 94 96 65 33 75 34 19 62 23 5 21 43 6 47 38 66 57 7 17 93 100 85 21 23 33 28 39 62 52 81 77 67 18 2 57 56 49 100 72 67 71 6
73 70 45 88 0 92 42 82 54 78 34 90 91 1 1 88 100 38 58 36 36 39 74 95 66 77 8 20 28 18 79 8 79 31 30 88 57 8 10 46 31 41 68 72 29 69 90 71 83 92 48 39 56 57 80 12 28 70 86 26 21 74 37 7 57 26 13 59 18 39 19 54 62 67 96 88 74 9 99 79 85 32 82 70 64 67 62 0 15 50 82 53 54 58 97 90 42 22 13 84 3 77 21 42 92 82 100 63 7 32 10 12 37 14 89 54 88 58 95 42 99 96 99 5 86 26 41 70
72 71 48 49 56 28 32 83 2 33 3 37 56 15 28 11 54 31 96 51 78 97 14 19 88 18 50 65 43 20 97 51 88 1 3 43 47 62 79 93 16 96 14 48 84 60 52 86 2 12 49 22 97 26 6 61 57 20 31 52 99 67 37 25 7 7 58 93 97 21 94 41 1 87 93 82 60 68 1 71 56 45 12 58 76 5 23 72 12 96 16 13 16 45 66 100 70 82 81 43 66 34 81 69 17 85 83 13 17 20 97 38 50 68 31 69 71 46 17 35 42 55 58 96 44 87 33 51
76 97 7 75 23 52 96 55 6 74 82 40 93 54 45 39 78 71 72 87 85 88 29 2 83 72 52 93 34 100 40 95 34 16 35 15 19 32 18 48 39 16 73 42 80 59 21 85 41 92 71 57 88 81 50 88 28 43 46 14 37 49 50 47 78 36 99 31 85 67 83 33 74 83 91 59 5 85 81 52 33 43 75 72 75 53 33 95 17 86 87 98 1 63 27 71 54 63 65 78 43 42 91 90 4 50 56 61 29 85 43 93 9 41 46 18 73 5 41 87 95 82 41 42 56 86 75 38
58 29 96 55 56 21 54 30 38 13 36 23 22 48 37 34 71 30 19 90 29 53 1 52 20 70 57 5 83 6 73 34 81 66 52 76 83 90 61 95 99 14 80 13 68 55 26 22 37 87 39 61 19 3 34 97 77 97 22 75 91 46 1 80 68 19 54 81 53 25 97 40 53 59 27 62 70 91 9 0 80 60 78 0 61 87 10 33 75 84 22 17 53 47 90 40 90 80 5 14 58 69 53 70 62 49 33 40 12 75 16 53 45 13 61 49 3 42 10 32 15 79 14 41 55 37 56 5
1 89 91 1 45 28 56 1 65 54 28 28 76 60 64 94 74 7 57 89 95 95 100 82 77 35 69 1 98 91 87 27 99 11 92 98 86 1 26 17 9 46 64 81 49 95 98 63 48 65 38 33 2 47 4 36 4 34 53 33 69 77 26 30 71 56 53 12 94 41 63 55 70 7 78 60 15 84 8 42 0 94 16 36 86 4 76 75 48 37 52 19 84 49 11 56 59 33 0 48 30 51 12 34 92 87 95 21 65 78 21 7 70 13 35 12 8 44 82 97 77 67 68 99 70 80 16 16
57 63 80 4 52 49 69 42 24 59 71 90 16 67 68 7 65 46 40 12 84 9 38 9 94 7 6 47 86 16 15 19 11 6 1 26 36 64 99 40 98 73 18 82 57 96 41 22 63 5 86 31 10 26 31 79 68 98 22 100 15 46 72 98 8 44 88 78 63 81 1 44 33 39 80 96 64 60 100 46 57 82 31 46 73 97 73 97 20 70 42 68 6 94 94 17 10 38 27 38 0 75 49 77 11 95 73 73 28 88 17 40 37 83 87 43 32 47 53 82 74 61 25 0 71 35 83 32
48 91 11 13 3 44 86 34 78 25 3 13 81 39 38 63 4 100 14 21 100 11 2 2 3 7 22 56 39 75 76 95 44 0 24 44 51 14 24 80 7 43 24 4 78 32 36 12 91 25 21 67 28 18 44 3 0 3 96 5 15 28 0 15 0 5 30 25 60 50 84 9 83 29 20 19 87 71 73 76 93 31 100 80 96 75 73 21 93 10 43 17 59 43 63 21 95 64 73 1 37 63 57 98 85 48 40 20 34 86 51 16 80 98 79 4 13 49 97 93 59 71 83 92 37 53 90 52
69 23 24 29 86 12 2 74 43 83 60 97 64 45 73 29 82 24 12 21 26 93 50 77 62 18 19 5 68 70 89 4 7 64 99 99 54 93 37 42 30 3 6 1 33 12 89 64 58 7 40 86 57 68 86 62 87 37 98 29 45 10 27 7 98 15 58 8 20 92 33 31 31 24 70 35 39 95 19 64 25 37 55 77 21 80 23 100 91 25 37 71 33 27 74 42 31 85 100 27 56 96 61 85 75 80 86 29 56 83 31 43 40 90 87 33 56 21 76 97 29 40 75 65 1 33 36 49
76 62 18 15 11 17 72 37 2 26 11 85 1 28 91 3 29 38 14 2 6 51 0 56 55 7 86 88 39 82 19 42 4 69 53 88 33 11 93 10 5 58 31 40 86 42 76 91 36 26 6 54 10 0 85 16 75 63 51 85 38 89 93 39 4 9 29 48 38 55 34 81 91 99 50 33 41 90 97 3 14 42 35 1 70 78 27 66 79 85 46 90 85 56 64 62 26 50 38 60 74 52 7 34 82 34 44 4 80 68 68 16 0 42 66 9 4 31 19 11 90 41 63 37 21 6 100 35
20 6 47 43 35 45 49 48 90 76 61 50 96 89 86 12 31 61 92 12 3 64 77 48 82 78 31 44 86 72 53 59 29 71 23 90 3 91 29 48 41 30 55 85 71 57 6 65 71 88 8 58 80 95 61 74 59 81 38 76 9 43 63 99 64 12 82 99 98 86 75 74 19 43 70 1 64 63 38 7 73 31 61 15 97 6 54 93 43 49 60 67 17 64 62 39 75 63 58 10 70 40 68 79 21 38 8 67 32 10 59 48 76 17 54 66 82 7 54 79 79 56 45 63 28 30 36 2
85 16 3 87 66 5 7 18 76 43 27 75 51 21 44 41 58 19 22 68 21 69 8 98 13 68 28 74 30 32 29 40 96 20 16 40 16 36 79 36 6 82 25 94 45 69 36 88 75 82 59 14 83 36 44 25 96 53 99 28 0 23 57 37 34 20 36 73 70 10 95 72 62 99 9 37 47 5 87 88 45 88 46 74 100 10 91 10 81 33 97 34 83 69 43 17 80 5 58 18 14 52 4 89 63 24 89 99 79 21 57 66 22 22 57 68 49 17 41 33 45 8 98 80 67 29 22 36
21 40 48 39 74 40 83 30 42 7 14 20 93 33 38 67 26 36 66 49 45 59 76 87 14 49 32 19 58 68 22 19 94 58 82 87 83 93 93 91 93 15 43 39 47 25 94 70 15 23 60 0 86 6 34 55 3 38 24 62 80 93 59 40 88 16 96 77 12 10 80 94 31 65 73 63 59 44 51 43 52 16 14 61 39 89 37 34 69 15 44 32 68 15 38 76 62 82 34 52 46 61 44 32 70 86 71 49 26 66 6 28 57 40 39 85 40 9 12 98 43 57 80 40 69 14 29 2
76 13 26 3 10 31 98 14 65 80 59 93 10 1 63 0 9 13 47 9 92 47 79 92 69 46 25 35 60 49 24 99 32 100 60 1 49 48 3 52 36 22 60 42 41 82 54 80 99 37 22 30 69 69 1 88 68 77 4 37 15 75 31 99 0 7 40 26 95 54 32 10 94 36 45 58 7 67 39 32 98 22 38 3 92 80 78 61 35 74 16 83 54 11 9 35 42 7 3 57 84 71 98 92 100 70 12 35 69 42 94 33 55 7 32 90 0 31 14 42 85 59 3 56 15 58 13 51
48 88 77 63 57 43 89 11 61 24 86 9 9 0 79 69 7 36 97 58 78 95 41 41 11 100 27 87 90 9 89 66 6 61 58 56 52 37 50 23 55 40 57 97 49 85 99 14 89 89 18 75 20 53 68 61 43 16 3 20 79 8 5 29 38 5 63 39 96 39 89 16 42 53 11 65 21 66 32 65 3 22 72 72 60 83 96 70 18 62 97 62 37 85 85 93 7 26 8 92 97 32 93 18 86 44 63 69 32 68 25 34 35 47 68 43 41 54 78 93 61 61 59 39 48 59 59 95
74 90 92 13 20 43 0 81 9 68 69 64 59 59 12 66 84 86 50 20 44 7 22 47 73 82 96 66 28 11 64 47 45 64 12 75 50 83 6 60 43 52 0 40 5 65 18 89 58 59 16 11 29 78 100 6 92 62 42 95 58 8 67 43 60 90 90 21 70 30 48 0 98 36 38 22 14 9 7 96 87 40 59 93 65 35 73 68 2 0 95 39 41 29 54 36 40 36 52 55 87 60 66 97 27 71 65 40 64 90 48 3 10 9 95 97 75 59 21 28 86 45 97 54 58 21 40 57
78 4 79 56 99 15 85 51 88 74 24 54 52 92 74 54 78 98 75 58 97 35 14 12 7 32 74 88 39 78 39 33 10 25 92 89 16 4 73 11 61 23 29 77 49 51 73 8 13 29 39 91 59 89 82 24 21 5 20 35 36 25 60 4 91 52 53 96 6 0 28 12 77 21 10 43 56 90 72 62 54 23 96 81 58 3 75 30 69 48 0 64 50 98 11 29 63 38 95 86 46 23 69 26 59 50 59 7 10 7 8 76 44 28 97 25 97 85 17 97 77 84 61 6 12 67 38 83
2 63 53 16 4 96 9 19 32 96 87 8 23 96 35 72 61 74 66 38 51 61 85 62 98 91 16 72 7 62 79 48 28 85 10 21 40 42 52 33 67 22 42 90 14 90 8 13 63 58 47 6 48 7 43 43 94 99 98 0 71 57 89 79 81 34 77 52 27 84 3 53 76 17 49 94 50 90 15 93 35 12 36 94 56 71 98 69 94 68 55 94 54 22 68 54 94 76 62 81 56 47 33 48 64 97 30 16 32 54 67 53 60 85 32 80 33 90 50 26 16 10 23 26 66 56 74 22
75 54 84 4 66 50 94 97 33 24 31 96 41 75 32 76 36 48 61 68 93 91 34 0 9 24 55 14 57 23 84 31 88 15 12 77 45 46 3 1 59 58 51 24 16 26 16 24 52 80 44 56 17 64 74 4 8 96 54 71 13 27 96 79 33 59 66 59 16 10 78 72 61 23 74 66 13 95 95 73 24 77 92 52 75 44 66 11 70 37 43 91 94 91 56 65 90 94 38 10 3 35 0 18 65 73 52 38 56 88 100 91 96 76 76 60 5 73 88 87 96 61 80 92 7 100 13 76
36 19 0 91 75 39 35 77 71 85 95 90 65 3 66 46 28 31 37 77 50 27 90 42 16 21 10 49 77 60 25 92 4 31 44 97 32 46 2 31 39 85 6 86 57 64 41 99 85 43 88 35 32 27 36 78 60 73 53 91 75 58 39 94 48 74 75 25 38 52 47 10 41 46 25 31 26 28 22 35 92 95 56 6 11 39 54 100 40 77 58 4 53 74 30 79 1 34 48 30 38 11 94 63 21 96 55 94 34 54 19 32 35 61 60 27 86 99 100 27 53 91 76 5 1 21 10 61
37 75 7 66 13 6 21 41 13 13 89 5 29 73 38 70 11 87 87 78 22 35 30 94 50 96 20 61 7 10 85 49 26 77 65 13 53 95 24 48 76 15 75 4 69 80 30 72 82 9 55 69 45 33 82 99 20 66 90 84 76 65 15 25 85 5 29 56 58 23 87 4 83 59 20 61 68 87 94 84 80 48 74 58 70 43 16 58 15 15 92 25 97 38 48 51 39 79 23 53 30 0 81 71 29 15 95 77 22 35 27 70 10 66 5 8 0 81 90 16 90 37 4 2 4 65 6 93
70 55 35 94 59 45 92 71 43 64 38 52 84 35 16 29 90 76 4 19 24 11 17 65 50 82 95 73 27 56 51 55 77 50 7 95 84 63 58 54 72 37 71 83 72 39 80 70 12 24 7 99 57 89 67 67 20 96 90 25 65 75 35 35 68 88 16 86 66 35 8 3 51 11 61 20 3 53 1 83 94 49 38 55 77 56 98 51 92 46 74 66 10 83 28 84 39 47 82 71 99 6 8 48 59 30 78 96 5 94 98 47 37 51 20 7 21 18 51 43 85 2 95 59 17 60 12 52
70 66 10 98 59 36 18 24 11 6 0 85 4 4 80 94 94 12 52 44 94 63 46 98 11 43 90 85 91 32 47 1 51 35 4 96 21 28 58 57 62 73 28 93 98 53 79 85 80 39 88 91 57 39 62 87 6 33 53 30 12 41 73 34 7 86 53 8 72 60 46 40 91 3 9 67 41 48 30 37 51 41 37 23 47 86 7 29 36 10 17 11 80 42 71 61 64 92 33 36 63 52 40 15 54 11 43 17 77 54 27 71 40 94 47 72 85 88 76 47 95 71 27 33 31 78 64 44
8 38 39 71 57 87 84 68 17 11 11 40 95 19 37 32 17 84 71 28 64 32 83 99 29 58 20 93 35 76 72 29 28 42 50 60 90 43 23 21 32 94 93 11 1 11 43 78 78 95 82 43 26 52 88 83 9 10 96 37 54 76 98 2 33 60 79 42 54 46 30 74 89 90 15 54 82 54 34 27 54 71 17 31 3 92 23 9 50 21 27 8 69 26 41 64 15 39 34 52 58 85 6 97 21 58 53 8 27 53 50 14 50 0 15 78 42 57 89 42 46 99 25 89 81 48 23 6
52 52 99 31 8 25 84 83 98 5 8 40 29 48 71 31 48 65 68 34 44 6 28 13 56 62 91 98 68 58 34 15 27 71 18 10 77 13 48 37 32 43 16 10 10 45 68 6 89 1 57 19 14 30 43 96 47 32 88 44 0 79 18 42 22 19 21 16 21 17 95 26 34 12 89 89 46 66 97 0 81 78 55 97 73 35 6 11 9 48 56 65 34 98 80 46 39 64 54 75 3 79 91 61 27 55 4 16 18 42 26 50 100 30 17 96 27 87 57 39 54 5 95 7 49 8 22 44
60 49 78 97 82 3 23 95 24 19 77 29 96 31 42 97 52 54 87 96 34 0 34 15 86 92 24 80 13 68 26 86 61 73 59 75 18 45 44 8 78 53 51 66 86 89 9 62 34 2 25 33 9 83 36 37 39 95 58 75 44 75 59 21 49 78 79 61 97 23 44 52 74 49 41 35 27 98 3 65 4 79 4 66 53 30 0 87 74 47 20 19 59 72 38 37 35 71 17 45 83 77 45 81 24 40 77 22 94 92 44 71 25 19 36 4 66 54 57 6 64 47 25 68 41 83 57 32
85 67 99 19 43 62 81 37 86 63 88 19 13 3 50 4 76 62 70 37 3 66 11 8 75 35 17 45 14 93 11 43 55 11 61 81 71 63 81 84 89 36 1 4 96 100 33 12 85 58 48 5 63 52 52 43 22 33 69 26 38 43 44 31 25 75 84 61 55 25 95 49 19 22 41 44 42 26 2 22 23 64 14 24 1 48 60 65 15 15 64 89 23 29 11 41 28 0 90 50 53 8 65 22 13 75 44 60 57 61 19 31 9 14 52 3 98 68 74 3 69 96 100 11 81 81 25 10
33 57 61 54 49 7 11 39 82 45 20 43 55 18 24 84 44 2 13 54 91 2 56 29 75 18 7 97 6 67 4 34 98 78 60 32 89 34 30 17 79 61 26 98 56 64 29 96 6 22 51 64 24 34 86 50 10 47 35 8 62 8 23 97 61 74 36 41 24 74 32 61 11 92 60 28 33 41 14 26 71 6 88 44 11 28 13 96 47 14 75 14 41 74 31 66 9 36 10 35 27 39 61 53 55 75 4 74 27 93 97 10 5 59 97 99 17 58 52 41 88 8 95 22 19 30 1 5
100 77 31 84 33 52 51 36 40 43 29 15 65 78 40 36 44 21 0 74 66 7 98 96 50 35 8 76 40 69 6 56 45 39 28 6 94 86 78 54 95 13 59 12 5 31 95 36 34 70 79 53 14 22 45 53 23 63 76 8 30 83 58 87 71 74 68 9 5 81 5 81 72 56 64 3 19 40 16 93 81 5 54 5 49 99 84 29 7 11 26 6 13 58 81 4 84 7 28 75 86 93 12 94 71 4 20 54 26 44 6 39 73 17 62 54 18 29 23 50 89 18 83 15 24 52 60 90
92 49 33 69 67 80 18 21 1 10 75 26 23 21 8 71 13 46 52 39 75 2 52 54 18 25 87 5 3 50 95 75 42 58 19 2 43 28 55 42 88 22 84 42 97 29 50 87 19 31 77 10 77 46 45 39 23 34 99 93 32 38 20 79 24 0 18 54 50 48 47 44 75 90 30 93 60 23 100 92 22 41 33 15 30 4 13 40 68 18 20 24 56 76 35 14 90 72 50 97 84 8 69 16 18 66 7 23 33 16 49 76 54 98 19 55 0 84 34 49 31 58 41 30 68 28 11 50
25 55 73 5 83 32 74 100 57 29 56 1 50 69 35 71 83 59 29 56 3 22 20 58 64 30 99 4 37 34 58 9 69 11 46 62 31 63 30 75 15 17 89 23 82 57 6 13 54 18 21 29 91 47 47 11 50 55 96 50 81 15 8 77 20 54 91 41 33 80 16 30 58 25 27 32 17 76 34 10 36 90 26 57 93 7 2 78 24 84 5 34 9 34 0 96 64 45 96 19 47 5 99 3 51 49 81 57 38 63 0 73 61 36 90 21 61 20 71 13 67 45 59 92 69 4 22 24
14 95 12 26 62 77 25 0 0 93 15 68 50 89 27 36 90 79 77 92 14 85 59 58 74 94 10 88 83 54 49 82 58 23 89 83 61 32 47 66 71 31 31 86 4 13 70 90 13 55 49 61 22 86 89 51 83 52 60 28 50 68 8 32 67 19 49 29 94 6 7 53 55 84 84 65 93 41 25 43 78 18 31 27 18 2 89 85 22 68 77 15 72 8 50 58 1 14 41 69 87 31 8 93 55 45 100 27 100 79 61 53 19 79 12 3 21 80 85 10 77 20 35 36 5 88 43 48
48 57 22 38 57 0 71 33 48 60 72 47 2 96 34 78 78 16 18 59 47 46 23 25 61 44 64 78 39 8 87 35 18 31 36 5 26 86 70 38 61 52 93 64 100 91 92 14 94 91 30 68 71 3 80 15 87 22 17 75 12 90 45 74 67 25 2 100 68 95 72 65 82 62 67 20 16 23 81 92 93 76 15 19 83 45 72 47 12 28 75 87 98 91 21 11 66 16 72 67 98 31 79 57 31 49 34 95 6 90 28 23 67 3 22 30 83 61 71 23 33 0 33 90 95 4 10 51
88 73 59 53 53 59 40 52 40 75 75 73 93 60 81 20 88 81 85 12 59 37 87 71 69 33 75 21 16 94 0 2 1 88 86 81 99 1 10 43 7 37 30 76 32 91 10 21 95 96 13 92 60 36 20 28 24 87 20 40 47 63 85 60 44 84 58 80 99 70 39 66 100 25 35 87 59 90 38 95 20 12 7 34 26 3 86 50 18 13 73 86 99 4 28 27 57 32 77 72 46 23 89 57 1 9 45 67 87 19 53 65 7 83 6 22 39 17 91 24 56 29 1 41 7 66 53 48
35 64 32 72 8 65 50 54 3 62 94 57 3 68 71 4 10 44 78 68 87 0 11 12 65 67 51 20 42 27 70 75 0 35 4 78 19 47 51 72 68 74 92 57 90 51 61 90 46 70 31 66 2 83 4 100 75 18 11 9 56 49 2 70 52 99 79 85 24 21 53 82 87 29 90 6 25 79 78 28 82 0 80 70 98 44 58 40 43 15 18 11 16 62 81 46 62 66 78 11 58 89 19 10 87 23 15 27 85 90 88 73 54 95 30 85 60 49 38 98 75 90 25 94 65 75 96 1
86 71 76 73 94 92 100 30 8 22 98 0 39 100 15 47 22 19 96 95 8 72 39 32 33 70 76 58 59 26 29 19 36 43 6 64 62 15 49 42 44 60 47 11 22 93 81 54 2 31 76 8 36 69 9 45 43 41 94 76 95 87 8 18 6 87 15 67 40 34 91 99 36 73 24 61 79 19 68 41 57 60 38 74 57 31 24 96 57 82 29 68 34 67 7 39 42 44 80 99 2 50 92 28 27 13 40 57 59 10 32 77 11 3 47 83 96 82 91 16 70 72 31 98 3 95 45 34
73 93 2 97 56 38 93 50 58 78 79 61 87 25 12 42 0 7 64 51 3 75 41 41 9 11 25 61 75 55 19 81 29 77 75 32 95 92 18 84 56 22 66 71 66 45 47 1 13 11 30 45 70 19 99 52 40 65 24 47 28 53 94 13 41 66 86 100 26 47 52 77 89 11 2 42 35 78 67 58 61 72 33 5 91 98 71 78 23 18 53 96 74 99 93 7 97 3 80 64 16 63 24 91 49 46 100 35 96 17 23 35 50 39 22 66 14 84 81 86 55 4 63 1 66 55 21 42
75 13 2 58 51 11 74 42 80 100 3 67 23 4 0 3 85 72 27 79 85 78 43 83 15 12 0 56 98 59 4 23 33 60 55 23 9 4 36 13 96 69 16 9 32 17 6 0 71 52 64 21 95 33 35 60 19 84 91 86 89 48 7 99 82 69 6 22 67 44 14 94 82 45 24 39 47 9 34 55 83 47 54 41 33 94 7 38 9 97 30 48 45 51 18 18 54 27 65 93 24 32 64 59 60 18 7 47 8 47 16 47 85 33 93 12 42 59 50 75 28 65 24 87 60 72 54 8
74 44 49 86 32 47 43 56 6 98 71 5 67 24 95 79 78 24 63 91 39 61 5 73 21 60 100 35 34 71 63 86 64 42 3 58 59 27 23 13 89 63 41 98 77 15 95 29 39 56 51 89 27 59 46 47 34 97 52 16 49 22 80 56 38 70 49 3 60 69 57 100 72 82 56 64 29 10 15 73 49 0 43 78 96 41 46 41 28 25 94 54 51 57 43 33 27 10 49 41 61 15 0 99 23 30 86 90 38 23 65 64 82 17 84 21 6 42 89 30 53 46 13 25 3 7 40 82
32 89 70 68 82 0 57 17 10 96 41 75 4 60 77 39 7 30 20 20 74 64 88 31 6 31 72 100 91 39 80 60 73 94 31 31 77 74 69 19 48 21 39 50 94 76 46 10 70 25 11 28 81 98 3 58 11 7 89 90 26 37 66 3 48 55 35 6 94 95 24 100 40 36 77 24 1 81 55 90 39 61 59 17 26 38 31 3 78 97 62 2 42 33 73 59 99 52 72 39 21 23 95 83 66 79 49 44 7 21 79 10 83 33 75 39 18 19 9 33 61 100 56 12 16 85 12 51
75 29 21 57 5 39 97 33 93 67 21 59 58 100 93 51 98 79 10 18 15 2 28 11 98 42 75 67 13 28 58 82 67 10 80 28 91 59 30 45 32 19 25 55 26 51 12 29 34 64 11 28 0 5 47 2 60 93 7 71 33 67 74 79 80 60 67 98 61 77 4 53 43 5 56 83 18 55 27 48 34 2 29 18 1 31 67 6 58 33 87 29 35 45 21 45 85 11 83 21 99 55 99 31 45 45 30 3 74 42 11 1 15 53 96 71 0 97 83 42 35 44 81 51 41 25 11 92
11 5 11 74 100 93 17 8 77 54 79 61 49 67 58 15 59 66 30 32 10 19 87 58 87 23 73 26 23 11 28 26 9 3 25 20 0 77 69 30 62 40 19 77 37 51 2 50 17 65 25 82 99 21 85 88 42 65 55 14 84 17 22 91 59 46 78 59 87 18 39 100 64 28 46 72 88 5 14 2 37 39 60 70 51 80 27 78 30 70 89 30 15 80 62 89 89 1 2 78 39 13 88 55 67 91 71 87 28 31 2 44 2 55 17 56 14 71 54 14 96 6 32 4 4 13 46 86
72 78 25 29 79 61 5 79 62 32 94 27 63 82 95 54 23 52 14 42 82 80 83 31 42 74 32 78 61 69 89 24 67 28 22 14 18 92 83 6 49 67 40 2 94 31 5 57 99 36 42 35 0 81 10 86 46 16 32 97 21 84 49 53 25 32 24 96 96 18 5 57 41 93 60 40 7 19 46 1 5 23 58 78 15 96 8 37 5 45 45 16 71 2 96 60 77 4 6 13 3 50 14 76 75 31 41 46 83 46 87 4 78 4 75 92 65 9 93 27 7 8 88 76 6 80 25 50
99 36 62 56 54 30 63 76 98 52 88 9 47 49 46 58 49 98 60 5 96 96 49 50 77 54 94 100 70 72 23 90 94 22 68 72 98 55 8 72 41 4 62 14 69 22 82 53 20 64 65 29 18 27 70 77 43 1 25 70 26 67 76 65 82 43 77 9 75 16 77 75 94 55 81 36 43 15 54 48 78 7 58 85 8 29 17 45 39 68 95 11 21 3 99 46 24 62 95 80 65 47 43 62 40 40 56 46 68 97 83 38 63 32 91 94 8 19 16 76 58 91 14 53 67 67 85 44
35 52 85 21 22 48 43 2 6 34 42 23 33 58 4 1 100 11 74 31 17 38 46 93 8 77 93 81 92 60 23 100 89 42 19 56 56 17 56 25 79 67 93 45 89 40 13 3 62 40 48 72 34 18 23 42 11 75 1 79 0 7 89 35 57 52 51 43 22 85 60 90 72 6 68 78 33 18 41 18 19 55 87 86 13 71 39 100 93 53 71 98 96 100 96 38 0 14 16 72 68 9 65 76 44 72 0 81 75 55 62 60 5 48 39 48 85 65 70 4 83 77 31 17 76 5 31 58
14 11 19 73 19 50 15 17 8 84 87 79 72 34 21 74 78 7 31 2 87 78 8 99 52 82 7 96 72 58 15 24 47 8 52 36 40 39 70 71 86 16 36 87 87 6 12 90 48 23 93 45 6 5 7 69 15 76 18 26 77 33 4 98 74 47 54 24 55 11 16 63 22 43 93 84 67 3 36 54 45 59 89 15 69 4 75 90 49 66 72 70 8 55 66 89 96 41 4 16 76 47 51 27 74 24 47 18 7 21 100 40 51 56 33 16 19 57 59 17 42 34 51 54 21 62 53 83
8 8 15 92 74 35 54 28 69 73 11 51 31 90 82 41 42 83 67 85 94 36 26 32 88 75 89 38 19 40 82 46 2 23 78 6 18 37 63 45 49 58 44 37 77 75 55 88 6 79 79 60 94 46 23 51 65 12 25 25 93 31 68 72 87 29 6 31 45 99 63 18 54 56 82 44 26 12 30 46 100 45 57 49 14 89 15 23 25 56 33 64 93 51 54 83 99 34 67 91 39 95 100 10 36 9 46 85 8 1 68 71 1 45 29 33 3 100 71 37 47 57 15 5 23 47 0 80
5 84 82 64 97 92 87 53 9 78 71 43 5 18 4 53 71 47 19 99 71 56 75 89 30 79 32 16 53 25 62 55 69 47 66 9 85 75 99 40 62 84 12 34 13 83 10 75 57 37 6 66 24 6 8 43 95 10 88 19 25 24 41 2 15 48 9 59 53 21 3 97 3 14 85 9 64 72 52 76 87 13 78 18 26 19 66 11 84 88 10 40 34 15 34 36 11 32 75 99 30 89 92 53 99 35 63 70 71 59 7 54 9 65 19 71 93 8 50 11 61 46 0 50 33 48 50 36
36 2 40 58 53 34 30 90 21 97 59 34 77 62 77 88 62 70 88 93 89 88 73 12 5 25 24 6 82 82 51 3 48 70 83 38 65 4 42 80 92 29 10 57 70 1 55 1 79 12 11 87 21 22 77 59 54 43 99 38 81 92 73 89 13 93 72 0 18 82 70 50 24 35 60 99 49 98 8 52 13 40 74 52 75 100 5 74 31 50 88 24 33 81 10 65 18 38 62 81 28 2 61 91 0 57 82 22 27 57 40 36 58 52 19 4 15 11 13 26 79 54 40 61 73 44 20 67
98 17 11 82 98 54 31 78 15 85 15 0 27 78 64 11 64 89 9 7 0 8 66 82 33 61 23 73 38 64 35 61 25 39 73 72 51 44 84 72 55 1 20 70 43 8 2 93 32 98 46 31 17 54 71 41 77 36 18 7 14 64 15 4 52 2 85 80 59 23 69 56 100 40 1 42 8 62 24 49 32 34 2 14 78 87 60 49 59 45 68 86 10 14 97 59 97 71 71 81 34 83 81 40 96 26 29 69 36 81 54 37 58 35 82 7 79 44 53 28 14 91 50 22 96 11 13 34
0 81 74 30 67 46 65 42 17 66 23 27 67 79 45 61 22 51 83 100 89 91 62 44 37 48 46 33 45 71 100 70 99 29 57 43 25 38 55 84 71 88 18 72 9 7 83 61 24 12 65 96 64 34 100 6 63 84 56 58 54 28 59 6 2 31 91 41 42 96 0 94 73 91 6 24 21 83 2 74 19 79 26 41 84 51 40 99 29 64 4 66 62 24 56 35 27 6 51 91 44 71 38 88 84 33 88 83 68 60 56 82 10 77 87 68 49 45 18 48 97 20 47 30 7 23 89 1
53 50 9 55 9 63 72 87 30 94 57 31 95 22 43 4 52 35 97 49 10 44 54 79 92 24 1 60 56 48 85 35 20 9 37 63 76 21 13 72 28 14 1 62 33 70 98 46 20 9 43 96 56 11 79 0 34 27 4 51 50 84 24 55 77 46 87 49 78 69 53 54 20 26 60 95 94 100 74 1 81 69 63 25 49 30 36 74 74 72 31 67 80 32 15 30 48 66 46 8 94 20 61 16 70 14 61 98 9 24 95 40 56 94 7 78 46 57 70 55 25 98 92 80 29 37 29 41
95 75 75 37 3 23 31 92 72 36 46 62 100 68 39 97 93 23 56 37 46 39 25 61 41 70 9 22 73 21 32 26 98 70 15 28 57 0 42 9 47 32 89 89 10 33 68 90 72 96 91 92 68 5 5 97 82 76 80 31 89 62 1 21 98 32 39 75 40 75 92 53 33 19 54 76 36 50 26 35 74 65 69 0 83 8 27 88 82 5 72 80 38 52 51 54 1 59 66 48 53 17 55 0 79 40 100 68 9 93 39 11 34 56 66 5 85 67 1 31 100 11 31 59 9 56 17 2
34 45 2 99 18 45 54 8 0 96 72 57 100 26 10 66 32 29 82 14 13 91 82 37 73 3 52 5 38 86 58 94 79 14 12 20 3 74 49 15 72 93 97 86 77 37 85 52 20 23 15 1 17 73 78 90 89 19 45 93 79 38 6 85 15 40 70 70 97 8 50 51 47 64 60 57 5 57 85 55 87 2 3 36 60 31 67 51 18 78 0 34 68 72 7 100 1 25 87 35 96 22 97 2 36 2 29 85 38 50 20 86 63 50 71 69 100 43 67 91 31 44 60 49 30 71 8 85
31 51 90 59 34 59 48 40 10 51 94 68 44 35 96 44 66 13 12 82 49 39 73 14 95 97 3 39 94 100 36 5 28 91 88 42 14 35 64 58 46 74 57 50 37 8 93 65 66 50 87 47 50 95 68 7 31 81 65 49 3 37 19 13 40 13 5 31 45 21 23 27 96 14 52 12 55 6 88 56 84 36 20 40 15 9 84 47 23 68 59 56 53 14 100 50 96 12 90 89 23 50 53 29 7 9 13 25 42 29 23 94 68 79 36 80 61 34 6 98 53 94 83 15 46 9 61 14
