74 40 85 95 31 35 69 37 29 93 75 73 12 47 55 3 44 66 46 47 47 74 11 11 12 81 59 8 45 70 48 22 55 56 84 65 19 18 71 39 44 28 95 53 78 29 54 31 43 86 99 60 91 2 84 96 57 14 78 70 8 21 3 73 11 27 32 2 79 72 86 25 4 9 96 14 37 13 30 91 40 99 29 34 1 66 91 53 41 64 88 56 67 40 31 90 5 22 34 42 31 15 67 4 55 6 30 35 15 14 7 88 65 27 17 83 90 58 53 32 0 8 20 55 79 26 5 16 79 61 9 10 12 70
3 76 82 71 77 89 38 35 35 21 0 89 0 22 32 32 69 41 29 94 80 12 80 13 46 70 42 36 46 87 18 72 41 28 74 95 88 39 39 22 42 94 55 57 44 13 42 68 63 84 72 40 17 62 83 40 96 57 95 47 84 1 58 82 7 32 87 26 12 46 52 27 92 35 9 68 75 50 10 51 26 9 70 77 1 93 43 70 80 30 52 75 71 80 77 72 30 42 19 1 80 98 17 45 70 2 77 95 90 11 31 92 64 33 10 77 34 26 93 79 84 41 58 15 28 56 65 82 90 15 86 49 73 89
6 39 39 19 30 17 36 62 43 99 25 29 25 88 20 30 21 26 20 64 22 55 80 70 67 72 12 7 16 1 41 99 9 57 91 14 40 16 79 18 67 25 43 78 0 20 85 9 40 62 81 72 43 6 16 5 3 21 65 69 24 20 47 0 46 33 12 10 35 36 92 20 21 70 15 19 99 16 21 40 1 41 75 1 61 31 19 90 9 28 57 15 68 23 25 24 100 72 19 98 95 1 24 5 6 78 50 52 80 46 41 89 15 3 20 85 59 68 42 23 29 52 13 85 20 28 23 68 42 17 87 3 57 82
18 35 27 69 66 64 89 9 86 96 0 29 57 47 68 87 63 4 83 43 98 85 55 53 42 88 4 19 17 35 19 84 85 46 54 23 90 75 62 87 88 53 25 30 15 80 18 67 80 13 51 73 23 83 21 100 74 16 20 66 17 17 29 75 89 92 95 12 15 97 34 93 8 15 52 92 54 64 38 12 40 54 41 72 55 62 18 91 49 81 40 36 2 56 60 98 75 98 7 14 51 35 23 3 34 36 69 22 5 42 41 36 89 97 57 64 47 21 52 7 76 38 3 72 35 73 59 96 61 71 79 50 87 64
75 7 20 17 68 49 49 2 27 62 65 8 10 89 19 81 18 42 100 65 63 94 19 93 35 23 18 87 29 89 54 20 13 15 96 93 53 20 18 50 48 64 81 38 57 3 84 66 14 75 80 76 52 41 74 63 47 87 56 20 85 12 47 75 92 20 3 0 80 25 1 84 54 80 83 18 35 49 30 13 75 87 24 68 75 64 80 15 36 67 94 25 58 75 20 92 82 33 78 77 67 54 49 9 70 44 3 93 87 23 26 11 53 86 61 87 64 44 37 5 10 30 77 75 62 10 77 87 20 89 67 38 15 29
34 43 7 89 16 74 4 50 24 8 54 78 72 70 50 57 20 40 82 92 76 10 27 72 68 23 60 96 68 48 97 30 93 77 18 12 36 39 60 76 34 34 77 24 68 21 0 83 11 52 90 80 57 26 84 58 29 98 43 29 39 93 55 59 18 80 42 44 1 99 12 2 98 25 24 9 86 87 98 46 96 85 26 33 10 38 33 29 58 7 10 97 47 53 53 41 38 56 80 19 83 38 14 28 76 6 52 95 38 69 94 80 14 45 28 79 64 21 85 36 47 78 28 58 72 42 48 64 14 70 15 47 31 62
23 46 21 22 71 74 95 69 41 18 64 89 78 97 75 54 38 72 19 81 57 85 10 99 49 75 80 4 88 55 37 25 11 47 13 14 27 76 25 67 22 46 34 80 15 24 16 66 33 97 40 94 47 48 26 25 48 44 61 75 58 19 35 67 87 22 46 32 92 38 17 1 75 81 58 35 45 29 16 48 61 33 50 62 32 67 6 70 74 61 29 6 61 9 5 38 57 22 17 73 11 81 64 91 54 63 72 11 66 18 86 19 66 29 98 0 9 1 21 10 2 2 67 96 77 62 42 49 34 44 17 18 44 59
6 83 44 83 11 46 78 72 44 91 16 62 52 70 54 64 40 93 42 87 12 94 50 77 29 57 91 78 4 6 31 27 95 39 42 73 12 74 57 89 39 18 15 57 65 68 27 22 29 71 14 51 16 79 18 20 23 16 15 92 99 1 61 62 1 82 68 77 49 45 40 8 9 82 34 74 42 6 56 100 12 27 52 12 81 65 39 35 18 56 72 8 28 24 76 70 83 51 37 79 77 48 20 81 91 53 62 29 16 32 15 5 8 36 50 7 18 96 21 47 28 33 19 52 45 9 72 25 76 90 21 20 74 41
56 66 4 70 60 74 89 83 53 35 70 24 33 16 86 70 66 1 78 24 90 28 62 49 45 58 53 26 79 2 26 26 47 20 96 55 83 0 46 30 4 45 74 84 13 59 64 60 85 18 92 51 94 29 37 60 41 5 43 60 57 92 20 29 68 98 53 63 75 13 91 46 69 55 24 5 29 43 68 58 35 15 98 89 18 43 80 98 41 25 27 90 13 10 11 79 47 40 45 3 86 100 41 11 57 50 27 37 92 62 100 65 74 96 61 91 93 0 83 59 24 0 22 30 43 23 15 28 86 7 61 79 93 96
8 28 44 64 82 67 15 33 26 97 96 18 78 7 46 57 90 0 4 63 66 22 22 60 38 6 76 8 44 60 52 49 8 26 14 100 73 0 90 16 66 42 60 40 37 33 91 21 91 49 63 70 44 46 61 52 25 8 2 31 38 73 61 77 37 4 60 92 65 16 26 90 21 6 72 81 48 56 82 16 41 45 90 32 29 64 51 45 18 17 12 79 18 10 79 85 13 89 24 51 34 30 37 76 57 31 65 73 16 48 48 55 44 37 73 42 72 52 93 76 82 84 95 62 31 73 22 93 57 84 35 12 98 100
44 96 26 70 23 21 71 98 96 64 42 94 7 79 93 31 8 77 46 68 83 43 37 23 84 60 94 8 77 31 30 73 77 13 50 47 20 30 63 69 85 47 76 12 13 91 21 87 57 38 62 0 44 33 91 40 71 92 12 87 93 14 74 35 86 62 91 88 66 70 82 30 76 48 53 100 29 8 99 18 5 13 100 18 29 48 88 44 66 45 83 24 100 50 98 94 64 81 25 15 70 63 22 71 37 97 90 40 58 21 84 6 56 91 95 69 85 67 30 31 2 79 81 61 1 8 10 89 46 42 66 30 77 37
31 69 42 17 4 27 90 49 46 85 12 67 54 100 53 92 17 82 50 9 84 15 46 89 22 85 51 25 80 68 43 97 95 69 17 65 17 78 2 40 51 9 35 21 11 60 51 59 60 1 59 98 39 8 17 96 66 31 58 74 40 78 70 91 5 72 13 91 93 0 68 39 55 29 11 57 37 47 8 48 71 76 10 29 11 99 94 9 78 72 85 19 86 53 9 37 88 39 38 50 18 45 45 25 55 44 6 83 55 35 45 75 73 49 41 50 97 99 82 89 4 78 49 40 79 54 97 43 39 61 3 31 59 57
32 98 51 87 83 55 6 67 10 20 63 10 80 98 54 62 41 25 36 26 44 33 74 41 52 88 71 42 84 37 12 49 74 88 93 22 2 81 30 94 91 37 79 68 12 34 76 23 70 89 96 25 59 84 41 50 12 74 14 34 54 7 42 32 6 7 59 99 10 43 4 94 7 90 10 56 68 86 32 0 7 44 82 84 6 73 22 97 33 36 2 92 56 15 29 19 42 70 78 40 85 74 73 33 46 86 32 95 31 55 13 65 64 89 31 5 4 78 83 25 46 76 60 9 40 68 58 36 99 88 10 75 86 79
13 76 61 59 98 69 38 58 5 5 88 64 31 85 77 33 60 65 76 36 11 51 54 82 86 12 84 33 37 73 75 50 28 2 5 71 18 59 88 79 40 4 31 21 0 11 93 100 24 33 100 15 40 31 60 76 23 0 89 96 4 3 84 0 0 3 83 11 20 60 84 44 70 7 82 47 72 59 67 90 97 78 24 10 42 8 54 17 60 46 7 50 32 30 90 95 1 94 27 87 23 91 96 28 74 14 99 74 39 34 38 30 51 70 86 77 7 27 38 80 47 33 18 18 61 88 17 95 42 74 97 0 50 54
15 91 49 54 76 54 52 60 85 80 31 93 81 87 63 81 96 96 89 84 80 40 81 47 45 1 36 94 52 39 16 82 60 53 95 22 87 61 67 75 48 31 25 7 87 9 51 13 22 78 58 5 19 56 61 68 56 95 0 93 72 71 73 13 24 24 5 80 90 21 24 58 25 82 44 76 91 28 23 73 62 75 15 17 71 10 78 47 66 58 67 80 0 67 53 43 61 94 65 30 94 5 17 38 55 65 5 97 36 4 63 100 97 91 92 51 75 74 92 72 57 30 100 94 87 70 83 69 36 64 99 2 65 52
19 31 65 58 36 58 20 84 3 83 69 45 89 85 97 2 16 84 48 21 13 45 80 57 100 89 76 8 73 66 32 36 60 2 34 10 88 29 11 25 79 31 95 23 61 6 34 90 63 0 83 8 40 75 23 98 55 10 50 93 81 8 30 20 44 8 45 49 48 26 22 75 99 77 50 44 56 56 16 18 12 94 72 81 24 6 49 32 29 44 94 37 76 25 74 74 54 80 90 36 17 89 3 97 31 80 71 68 99 85 69 14 18 87 58 47 40 98 95 62 71 76 82 71 40 36 88 76 33 68 74 23 32 18
60 70 38 14 59 8 35 64 88 68 77 50 81 29 19 65 72 38 26 9 86 43 97 34 16 24 56 11 17 46 1 53 16 68 69 0 14 88 76 78 94 15 100 18 25 38 33 81 41 95 35 76 64 12 69 54 45 15 28 0 2 36 20 38 10 56 60 0 95 73 39 37 65 67 27 18 6 53 77 57 53 61 52 91 55 21 4 10 73 6 98 54 77 64 96 12 85 8 57 86 69 87 2 98 95 65 10 27 38 32 39 99 80 97 36 54 90 65 87 38 16 14 70 27 21 58 51 8 15 6 91 94 24 25
35 8 3 59 3 5 27 20 0 9 64 47 41 86 69 19 83 52 79 57 42 61 25 34 58 74 57 6 78 45 87 88 81 32 66 68 60 39 7 22 85 64 53 51 2 66 93 38 60 47 89 10 12 74 4 54 37 60 31 8 39 28 63 79 65 45 57 92 45 41 30 92 92 37 39 18 77 47 64 55 47 48 30 29 75 91 43 64 92 41 35 70 9 25 12 25 10 27 53 16 89 1 55 12 72 0 87 85 5 69 63 0 23 87 31 36 7 19 67 61 29 8 32 68 9 21 28 87 64 57 80 60 23 64
18 35 19 61 99 79 25 63 51 86 44 39 76 63 43 92 16 90 35 40 97 60 55 76 8 3 92 92 43 92 56 100 2 44 83 51 6 54 12 85 37 100 40 34 49 76 32 6 83 18 71 78 8 73 82 66 33 18 16 70 65 75 77 36 29 74 71 82 13 76 98 20 20 3 92 94 35 49 68 43 16 73 60 36 4 5 23 90 87 29 2 4 23 57 17 45 91 88 21 100 33 67 69 81 20 94 56 44 58 26 44 52 57 16 77 18 11 63 92 15 95 29 54 38 91 53 31 56 6 25 70 24 29 12
69 63 66 5 48 99 6 78 1 79 96 2 48 31 88 79 50 83 69 23 2 47 38 3 11 9 12 88 43 100 29 78 53 38 41 92 54 7 63 16 62 46 82 31 41 26 51 30 75 18 16 93 100 44 95 83 0 23 45 87 35 66 53 13 84 94 1 62 36 9 70 45 97 5 17 95 65 96 16 24 80 80 12 39 71 87 7 77 16 31 76 49 93 68 52 47 34 77 35 33 36 92 2 85 58 59 61 14 19 63 67 63 90 13 12 74 98 49 68 76 22 42 58 20 11 70 37 10 98 91 72 2 99 11
54 52 44 40 21 50 95 27 30 8 73 51 98 76 65 73 0 12 82 63 64 18 6 18 44 28 99 79 72 76 74 6 77 75 94 36 3 10 45 61 67 34 71 14 87 7 85 40 37 97 96 12 100 47 35 50 49 46 16 75 87 81 70 44 29 31 87 65 2 48 15 92 36 49 88 72 63 99 73 7 91 71 53 70 69 68 96 68 81 53 93 92 79 21 53 85 6 12 49 86 79 89 71 21 53 3 49 24 28 28 11 33 31 6 71 56 8 16 91 66 99 21 22 38 84 92 37 29 61 10 2 41 16 51
7 39 99 1 28 23 34 37 3 17 42 14 96 46 27 38 86 22 82 5 32 40 38 30 80 46 71 93 9 26 1 82 36 73 85 60 18 30 5 29 10 77 28 55 29 98 96 46 72 4 12 86 38 49 69 14 68 63 50 94 73 38 8 52 4 31 82 76 16 54 87 65 69 69 73 86 96 18 7 46 83 97 64 83 0 16 77 0 50 43 51 46 21 23 4 89 89 59 44 57 9 19 89 69 55 51 18 27 35 84 47 25 25 90 49 74 59 1 26 4 71 70 14 11 88 93 91 76 27 2 45 13 44 38
88 100 31 2 45 98 29 62 9 65 92 28 85 5 7 36 76 22 20 85 59 49 35 79 9 86 65 62 44 1 29 100 72 54 58 56 74 56 4 38 19 15 32 99 49 66 31 26 9 20 19 89 81 74 41 7 82 42 79 44 37 44 85 17 18 71 27 32 1 82 21 40 91 66 81 67 72 27 59 70 18 43 56 21 25 7 61 75 86 50 39 76 53 84 26 80 60 95 72 25 58 11 5 55 6 2 57 61 2 37 19 20 31 94 32 39 61 65 63 60 2 32 3 34 90 1 79 66 36 93 60 57 99 82
40 94 38 80 81 75 7 14 95 76 89 60 77 80 15 10 68 54 27 98 26 37 76 16 23 2 0 38 60 93 9 95 88 82 0 30 46 97 75 0 9 22 19 100 48 89 66 56 20 63 36 85 26 10 97 70 46 98 0 25 21 53 58 78 5 21 40 12 55 11 16 38 74 21 47 23 46 67 42 4 98 81 70 12 53 18 55 12 70 33 1 46 20 3 15 37 30 40 11 54 16 37 57 16 20 25 45 57 26 61 23 27 77 44 99 91 40 91 0 95 74 41 20 31 20 100 57 30 40 51 37 92 38 20
61 50 22 20 64 53 22 57 52 27 54 72 71 58 84 24 11 31 5 77 86 16 54 25 62 8 15 80 72 90 92 68 26 79 68 29 13 88 19 76 36 50 56 87 43 9 48 81 37 4 47 21 51 41 92 95 100 97 37 83 46 57 21 23 94 100 83 23 22 28 42 90 77 14 25 8 55 11 69 66 37 22 28 32 15 64 67 31 28 17 30 71 95 28 69 56 27 5 97 72 8 17 60 40 15 98 50 83 36 12 39 55 95 85 88 70 18 20 44 8 50 6 55 63 76 24 82 43 91 75 22 64 52 27
68 46 1 21 0 3 23 40 17 77 7 20 19 38 34 56 59 37 32 19 74 46 18 7 95 8 60 71 72 72 78 16 82 24 34 94 97 48 49 4 79 97 44 50 80 56 18 35 19 25 53 19 40 32 98 23 8 21 35 36 69 91 65 44 5 40 44 7 29 33 52 67 79 71 71 35 86 35 54 46 50 19 22 3 36 61 5 69 20 35 8 11 9 17 66 54 5 7 82 95 99 91 73 91 34 27 96 100 9 29 30 92 84 76 55 44 51 46 64 39 91 38 23 9 45 4 6 56 23 37 15 54 95 79
84 31 81 60 29 61 45 62 67 24 74 88 33 3 100 70 93 18 29 26 19 10 13 7 26 40 18 39 37 85 46 90 13 88 63 86 4 60 7 44 92 100 94 71 12 57 79 90 7 17 79 83 73 36 11 2 73 33 21 56 64 100 25 62 79 6 17 66 52 44 94 0 93 10 58 29 10 38 83 97 99 59 55 69 14 79 13 22 21 92 43 48 89 96 91 41 77 0 22 49 3 52 48 92 64 95 56 13 64 3 39 20 47 69 36 36 68 82 26 86 44 63 46 38 42 22 8 25 30 92 94 0 4 60
84 93 68 49 16 64 92 3 97 29 31 73 92 88 81 43 8 31 53 66 29 53 72 56 32 34 26 5 96 93 52 61 2 79 100 57 5 3 53 21 87 56 10 49 33 6 20 97 8 72 88 43 8 78 17 34 41 30 77 61 46 34 16 48 100 59 92 27 67 50 50 52 55 90 52 62 46 27 21 65 1 64 6 69 17 68 90 89 5 93 5 28 46 83 59 98 84 95 17 57 3 4 17 13 13 30 17 85 52 2 5 50 19 89 71 11 38 95 89 97 30 25 43 72 18 65 28 99 46 38 7 54 59 78
10 6 43 59 58 57 84 93 4 43 11 19 73 62 63 39 80 87 62 56 74 28 93 31 78 25 2 25 17 36 55 46 98 19 30 3 99 68 29 66 33 36 25 82 83 26 86 87 96 41 3 51 31 87 42 29 93 12 34 17 92 84 26 98 2 39 89 87 34 77 17 46 89 16 37 41 30 18 42 91 11 85 42 89 23 58 21 75 100 52 44 13 55 48 17 92 78 19 62 2 18 69 58 79 25 36 39 66 33 8 55 59 0 58 45 77 8 39 19 59 63 71 79 20 54 6 49 21 71 59 85 100 56 33
37 47 62 19 36 97 0 7 81 9 31 19 31 62 81 58 96 89 90 5 93 23 47 21 83 12 80 9 94 4 20 85 14 51 45 6 86 30 59 92 40 52 8 79 23 24 68 47 52 17 49 28 94 56 58 43 69 32 77 79 28 17 16 33 74 83 92 91 77 84 58 53 94 75 24 36 13 13 57 87 76 18 86 21 97 44 1 42 40 2 48 59 42 70 75 100 90 90 25 64 64 94 74 1 82 69 80 94 12 4 20 68 2 3 23 17 91 11 53 61 39 95 42 33 31 7 11 62 39 45 70 32 3 63
48 48 43 77 11 41 37 32 36 18 55 87 5 25 39 77 5 48 57 41 3 27 41 70 55 65 93 22 4 99 57 0 48 6 62 87 56 62 38 100 82 29 15 57 9 84 14 83 47 68 85 45 64 87 51 70 44 0 87 76 69 26 33 57 20 74 92 62 2 85 30 2 53 88 29 10 17 17 37 84 86 92 91 30 12 33 14 88 56 57 93 45 35 42 92 14 85 57 14 24 42 61 21 90 23 13 30 29 58 44 65 97 23 10 87 79 10 47 58 89 24 31 48 22 41 16 49 68 46 55 12 46 30 11
29 67 44 89 82 58 70 15 17 28 42 4 98 95 56 64 84 50 64 73 6 95 66 76 31 40 42 39 43 22 51 78 18 67 71 15 1 96 68 66 97 10 100 5 15 97 74 20 64 98 49 53 93 29 95 91 96 36 10 10 42 56 52 23 62 39 33 33 30 4 23 59 80 67 64 54 5 87 25 66 71 28 61 70 57 45 14 78 9 32 50 10 43 55 80 28 98 6 87 70 3 75 99 17 84 60 91 44 6 60 95 12 36 98 75 27 76 93 66 45 15 17 33 20 9 73 41 7 61 30 93 75 60 10
37 54 60 68 18 57 11 77 29 22 22 88 66 41 96 33 19 91 93 83 48 95 48 24 96 3 81 24 21 76 49 74 13 86 33 15 90 79 65 61 18 94 60 77 76 41 56 88 67 39 23 26 63 55 30 23 72 5 1 100 74 50 42 67 80 1 87 46 35 13 70 3 48 94 87 81 78 89 69 7 56 17 29 17 4 87 28 1 59 40 57 81 41 5 13 12 76 61 60 99 99 55 90 23 14 49 52 9 67 83 18 22 94 34 47 64 28 5 100 26 36 12 70 86 19 91 52 100 83 71 90 10 57 89
0 22 70 73 97 81 44 1 88 10 34 33 45 43 93 42 71 38 44 30 55 35 2 29 6 49 99 83 0 57 71 41 30 92 93 62 10 80 67 74 87 67 51 77 64 13 75 5 1 40 32 83 14 66 73 94 75 0 75 78 71 100 17 66 34 33 0 96 44 14 58 83 23 44 85 0 87 8 54 11 15 59 16 48 67 11 55 36 36 0 92 23 20 86 89 31 98 42 66 48 35 22 76 89 83 47 75 97 77 2 10 84 37 2 60 88 28 14 47 45 13 27 30 13 45 22 87 77 71 9 64 12 55 6
37 6 28 92 86 95 96 32 50 33 49 81 59 80 24 99 80 93 63 23 6 37 2 43 33 39 87 79 11 0 20 40 62 21 94 93 38 38 9 9 93 72 27 39 12 63 4 7 95 34 20 56 11 25 43 75 6 20 30 73 45 37 46 25 73 68 80 29 71 11 19 72 26 28 3 43 96 21 71 52 25 78 22 70 22 5 84 71 96 54 71 26 86 3 40 30 74 34 6 46 12 24 89 18 22 48 32 27 2 95 25 49 39 94 16 53 100 23 76 6 8 68 5 2 12 6 62 1 30 77 26 82 88 88
10 94 72 22 32 59 43 24 8 51 2 89 63 30 90 65 54 16 85 40 3 89 27 20 68 48 93 67 78 89 81 13 12 21 37 64 51 61 49 13 61 54 38 41 46 93 83 20 31 76 56 79 31 37 37 28 72 85 99 49 36 82 82 2 24 26 29 99 51 90 5 44 8 31 74 82 46 20 97 29 27 80 34 73 91 100 88 65 89 3 92 34 25 67 60 59 40 95 10 34 95 27 52 98 100 25 94 35 16 63 29 4 15 2 80 41 74 55 35 33 95 65 91 83 15 28 59 91 47 97 98 70 91 92
23 90 13 3 80 33 30 65 41 83 7 16 50 38 9 42 55 86 36 6 79 70 86 14 96 77 83 94 41 93 7 9 12 32 66 28 6 65 15 18 79 21 1 71 30 71 3 48 80 4 25 16 31 8 42 97 46 55 12 62 86 40 83 78 9 100 11 12 83 56 100 66 10 95 73 48 40 75 8 79 61 8 12 21 53 86 16 35 49 57 12 57 97 77 24 100 72 2 71 49 62 51 87 82 73 42 9 36 18 22 79 45 85 77 18 74 31 72 69 28 41 89 4 23 29 90 8 23 15 33 4 56 33 75
46 7 21 90 22 64 72 44 22 77 58 62 68 44 45 91 31 94 8 7 12 86 13 2 37 42 58 13 16 55 82 93 45 40 100 19 26 63 29 30 38 45 25 66 2 62 55 5 17 11 80 29 59 94 53 45 64 85 69 31 21 94 2 45 95 74 84 65 69 3 67 75 45 1 53 34 17 25 5 29 2 87 63 30 75 96 53 30 66 68 82 15 15 23 67 32 74 25 13 32 58 76 45 34 10 15 72 16 60 50 22 69 82 48 27 79 35 40 27 80 55 62 3 44 47 91 83 14 55 61 48 11 74 3
44 38 78 4 48 40 68 88 98 79 23 93 28 62 37 94 70 18 2 18 67 85 33 50 16 83 26 20 18 14 6 92 38 29 56 71 0 50 30 69 92 86 48 60 48 69 90 32 50 80 40 67 21 28 80 86 85 75 12 90 17 75 90 73 13 39 98 73 25 60 39 7 4 95 54 95 87 9 18 9 38 97 25 89 13 1 22 77 54 24 33 69 14 78 56 67 73 79 70 5 54 15 48 42 79 88 71 68 77 44 87 23 95 11 50 30 25 47 59 38 92 48 96 34 7 25 85 82 3 83 94 7 71 96
57 13 49 28 52 0 23 42 80 86 8 26 49 1 30 10 51 60 91 73 96 11 78 27 0 4 45 3 70 73 46 20 85 28 97 71 10 41 68 97 7 32 26 13 77 27 18 52 74 24 47 74 8 67 8 1 96 81 2 30 87 29 30 18 63 83 31 67 78 20 15 37 82 52 70 10 16 79 33 63 68 53 83 31 28 82 93 49 82 75 38 61 37 35 11 82 62 22 82 2 59 93 21 15 10 58 14 76 15 13 15 6 54 93 45 55 19 55 93 100 44 86 8 77 92 42 95 40 76 84 91 22 62 35
24 12 43 22 48 25 51 78 20 27 17 27 33 66 75 35 27 8 7 5 40 63 24 34 94 50 50 78 31 93 86 14 35 74 14 5 88 95 52 87 92 14 29 69 14 96 80 9 90 72 18 11 27 5 41 42 24 81 97 39 36 91 71 54 19 27 35 27 51 17 95 63 64 95 49 26 78 100 20 85 62 46 13 13 20 40 31 89 83 10 86 61 61 31 12 8 4 50 10 25 64 1 3 44 77 76 42 31 85 66 64 86 17 51 89 41 1 28 81 13 38 28 39 90 67 53 66 47 83 61 65 82 35 49
40 9 32 67 74 37 50 88 99 83 67 76 90 67 54 12 62 59 67 93 66 53 78 39 36 38 85 82 51 98 48 45 83 68 41 33 1 5 57 18 55 51 43 95 8 43 90 32 19 52 94 72 43 99 6 70 30 6 62 90 35 19 7 70 25 12 88 26 49 74 76 45 50 16 10 46 84 29 55 36 69 91 47 17 71 64 17 28 64 6 43 86 21 15 18 84 64 27 80 96 85 66 71 16 41 39 97 12 25 17 51 15 98 20 10 57 30 39 77 76 81 99 48 59 99 55 81 18 6 69 44 7 12 25
67 76 36 53 23 56 3 72 48 55 24 70 100 86 85 32 31 24 60 25 27 90 70 12 90 26 37 50 48 30 19 32 55 36 71 49 40 1 47 24 20 32 82 68 40 0 57 61 88 67 14 26 72 99 47 47 92 63 16 97 88 75 23 56 21 23 10 29 16 69 79 19 1 76 57 10 21 59 60 89 40 12 28 77 99 32 14 36 67 91 46 47 85 72 48 27 92 68 98 58 41 7 37 1 25 5 18 82 22 36 77 22 10 98 2 40 47 63 56 40 42 18 26 64 42 74 48 6 67 90 68 100 10 79
66 86 99 49 54 90 86 44 82 87 10 89 69 42 45 61 19 82 65 0 62 16 0 83 60 23 31 47 34 39 94 33 82 95 46 25 20 84 44 86 90 64 4 10 40 89 18 63 74 33 37 10 64 76 39 21 77 26 57 76 7 59 11 13 53 32 33 83 76 86 61 29 19 41 67 63 48 54 74 70 78 57 35 51 64 99 18 74 93 25 7 98 69 88 28 31 83 67 99 78 96 70 73 59 75 36 96 72 90 61 84 40 22 51 39 96 4 14 98 73 90 62 17 70 8 60 72 93 39 15 63 33 87 62
34 83 32 25 10 8 23 42 47 64 72 76 37 81 30 94 26 16 14 6 41 98 9 96 71 98 14 48 0 37 82 16 47 26 53 11 33 37 55 61 68 37 52 73 37 8 24 60 62 92 35 38 69 26 8 36 21 23 29 76 92 5 70 34 98 2 82 82 90 27 95 94 63 5 67 88 57 55 77 45 50 11 61 27 7 66 35 31 74 2 66 73 97 49 36 89 80 14 25 10 74 41 35 1 28 53 93 56 24 29 67 9 12 88 74 78 89 66 65 97 6 61 53 86 78 49 12 89 13 63 41 66 61 35
73 0 51 75 43 83 61 87 91 71 75 54 87 36 69 98 5 20 16 30 25 39 22 47 61 20 94 20 18 73 84 71 48 79 46 76 39 96 96 65 96 55 37 31 90 80 36 23 81 98 46 21 33 62 29 62 24 82 6 91 10 75 50 87 52 20 59 96 48 79 62 99 20 33 71 51 31 38 46 53 12 32 96 89 11 100 46 1 67 33 29 38 67 62 5 64 5 74 87 77 76 91 99 48 71 30 80 96 6 65 20 2 38 56 18 11 55 43 50 47 18 32 57 8 87 17 71 45 92 81 89 74 24 58
16 50 11 15 55 51 82 50 30 2 30 11 43 83 10 7 34 32 74 42 51 53 65 12 37 21 49 24 61 79 76 88 66 10 98 4 52 16 27 13 51 79 31 88 2 22 88 80 55 32 51 26 86 22 34 90 55 7 34 24 76 12 91 38 19 71 17 27 58 75 63 8 96 73 7 10 15 7 61 25 18 36 90 56 73 45 27 62 4 41 62 46 28 69 0 80 64 1 83 25 21 78 97 23 4 38 25 96 21 27 15 25 22 76 20 57 49 90 13 68 41 38 13 26 55 83 100 80 39 91 2 15 37 36
98 93 25 86 46 9 37 4 7 29 67 0 81 19 29 80 19 94 28 33 2 52 74 56 39 3 64 54 20 41 91 32 69 9 17 83 96 66 13 31 63 100 100 66 25 79 32 58 3 91 80 70 66 17 33 2 50 55 23 59 13 100 6 93 0 27 5 15 91 70 80 84 15 76 93 64 53 2 0 97 25 21 97 66 88 69 59 34 80 49 28 76 1 2 74 20 64 67 87 49 81 24 24 40 11 69 22 5 97 94 28 22 10 35 48 24 63 36 76 86 15 93 6 78 72 44 68 80 7 56 80 1 47 67
14 86 15 63 14 8 65 92 67 20 51 86 36 98 51 62 4 9 2 74 99 57 20 90 26 93 27 39 43 44 81 56 76 31 73 27 40 46 22 46 13 61 71 32 95 55 67 49 21 75 4 99 41 40 42 8 80 0 76 45 37 1 99 38 8 99 77 99 89 71 42 34 51 59 36 1 39 41 90 60 46 5 30 99 19 62 4 76 64 27 75 95 64 2 77 82 94 56 67 9 26 69 79 86 2 77 96 99 79 61 92 62 87 26 79 73 33 32 77 78 33 86 32 48 33 47 76 6 61 92 84 45 68 44
9 14 70 18 95 52 20 32 6 87 94 63 39 15 32 91 36 45 43 69 85 23 82 18 19 85 6 36 10 9 87 78 75 53 94 42 99 59 43 2 7 48 62 48 87 34 77 53 5 14 57 67 54 30 70 84 6 89 5 2 49 18 31 83 19 67 37 79 64 62 22 16 11 83 53 16 93 60 68 13 56 63 51 54 54 46 9 88 72 50 4 9 79 37 58 71 3 89 31 22 30 72 1 99 29 65 28 10 34 59 29 35 9 24 56 25 52 17 66 37 32 25 32 98 47 7 0 1 96 23 64 38 90 29
50 28 84 80 68 4 46 66 91 72 98 64 30 11 85 58 87 5 23 13 88 56 16 33 7 98 39 45 39 55 19 28 75 61 85 44 39 98 52 21 81 2 69 57 96 15 44 86 87 91 71 24 50 74 88 45 52 16 63 47 81 97 0 25 72 60 9 11 85 96 30 25 78 47 51 4 86 2 94 39 62 10 38 66 39 46 6 43 76 66 83 96 97 74 100 42 74 84 76 61 22 26 43 33 58 8 24 89 75 98 39 88 38 25 40 45 24 79 54 32 55 20 88 79 11 21 14 38 7 12 52 7 48 51
29 81 9 51 67 61 58 94 81 65 19 36 42 7 91 11 56 27 45 48 34 38 15 81 15 49 18 16 55 71 17 0 82 0 21 87 74 45 16 24 0 1 18 95 1 100 45 51 60 59 24 91 27 66 12 24 21 70 76 84 76 24 99 93 10 61 64 6 67 18 62 37 48 26 77 47 61 6 76 90 8 90 20 47 10 23 61 45 12 6 23 48 14 100 86 73 27 93 70 81 80 46 77 2 43 89 27 21 12 49 76 14 38 16 60 32 87 34 73 15 76 84 59 33 62 32 65 59 6 28 5 37 35 9
87 93 40 2 18 4 6 85 12 62 99 32 38 94 87 46 15 55 65 33 86 51 77 83 37 98 54 27 53 11 61 29 50 66 38 77 91 73 31 43 33 57 59 5 76 90 58 60 71 43 100 82 66 70 91 93 67 31 83 96 86 81 63 43 26 65 89 17 88 28 36 28 38 27 89 2 71 51 41 95 29 62 37 85 51 51 9 50 69 38 84 71 83 66 78 35 63 63 81 2 43 58 47 20 72 36 39 7 27 46 31 78 8 54 10 31 5 92 10 11 88 95 6 7 91 75 41 4 13 30 85 99 92 92
41 98 34 47 37 88 27 85 2 38 67 77 79 29 46 12 69 33 33 9 94 46 26 85 88 29 75 91 11 51 20 70 88 61 23 15 46 26 19 53 16 36 47 35 76 79 42 87 88 54 69 77 83 96 52 77 48 40 47 0 50 8 63 99 48 23 89 45 41 73 92 96 87 17 41 38 57 20 18 83 13 18 5 72 39 57 69 51 73 62 84 28 44 41 77 96 41 56 88 23 6 40 8 67 19 78 6 31 62 66 19 57 88 16 70 12 92 62 36 11 54 64 57 42 83 32 44 84 5 98 1 92 99 65
51 88 39 55 59 95 79 29 7 93 42 8 11 89 44 98 66 91 27 72 4 82 60 51 93 32 72 22 89 93 61 94 98 6 61 82 57 90 66 79 98 32 73 0 77 53 9 99 45 35 45 82 96 50 50 46 6 68 74 33 15 57 28 61 54 59 81 52 29 89 90 60 42 48 84 29 41 26 20 74 68 95 37 71 57 90 41 24 31 40 73 16 81 32 44 77 27 54 32 0 36 38 31 99 47 71 35 58 35 59 50 28 32 66 89 9 38 31 18 84 60 39 52 81 72 61 44 23 32 81 77 59 8 11
94 9 35 98 57 60 5 43 59 89 32 50 58 73 15 31 12 85 49 3 86 31 67 100 71 30 7 69 13 27 87 100 94 29 88 18 84 11 95 43 15 40 100 92 44 39 96 94 82 92 58 13 52 74 39 73 42 58 41 35 8 4 61 19 83 17 63 46 49 97 18 21 47 94 28 44 39 46 36 11 56 7 56 86 27 47 84 20 41 63 4 65 58 46 12 19 32 77 20 62 54 29 91 100 75 71 25 41 97 64 83 77 41 72 90 43 47 19 31 19 80 79 83 93 100 45 78 37 14 27 39 5 99 5
44 35 88 33 45 72 46 28 61 44 33 33 14 40 1 31 75 94 62 50 41 88 21 98 40 65 20 87 77 61 35 52 31 85 71 64 99 80 34 44 29 7 52 32 6 13 40 35 61 90 25 44 73 59 95 18 49 4 69 56 53 27 11 69 80 32 41 100 28 49 67 94 36 53 78 0 19 98 54 56 37 35 22 13 12 54 66 54 4 55 82 74 37 83 86 51 6 66 14 95 63 20 27 17 57 18 63 24 65 100 31 28 29 89 91 3 28 56 93 87 20 42 43 20 72 51 74 49 80 30 25 79 75 47
87 14 85 46 38 53 23 18 45 75 26 31 13 30 61 64 45 14 14 63 5 17 64 68 24 73 59 39 9 96 28 10 14 5 83 52 50 5 94 97 9 79 22 91 52 10 40 1 21 28 84 84 42 41 7 73 37 10 91 100 58 90 6 43 22 23 78 76 12 75 72 64 26 36 98 33 92 52 81 82 49 24 96 13 56 76 28 26 10 34 28 22 44 6 84 8 53 45 79 56 34 12 64 21 8 56 6 58 53 78 93 96 50 44 58 15 13 72 57 50 95 8 80 69 63 32 94 29 81 12 24 29 15 22
38 22 98 86 41 93 27 51 26 86 26 35 63 70 54 32 59 94 73 20 85 27 41 80 88 72 28 75 35 29 53 66 42 75 18 37 80 36 8 75 98 98 50 59 0 11 6 77 64 21 28 62 65 84 72 85 68 13 47 11 87 16 60 32 48 26 89 86 40 9 68 10 93 37 66 24 74 17 52 99 77 94 72 56 0 100 87 97 99 27 79 19 24 4 39 61 22 56 94 45 10 22 53 66 36 86 77 65 53 97 48 52 13 69 12 29 84 75 7 42 58 0 44 44 91 21 2 14 40 94 34 16 9 14
93 93 46 46 82 94 52 83 71 99 40 58 80 98 68 41 63 9 19 89 33 45 73 9 76 29 41 2 33 52 78 26 87 84 87 56 49 54 3 44 61 61 11 30 51 79 16 59 71 27 12 91 58 35 66 72 98 36 91 16 15 64 45 48 93 7 96 25 13 15 37 42 53 47 66 42 24 79 47 61 60 35 90 8 16 23 66 16 9 85 61 20 17 58 88 62 56 61 11 90 2 1 28 14 11 48 23 38 96 10 64 81 79 49 49 49 21 68 84 63 33 78 59 61 5 61 97 9 3 0 17 57 51 52
51 40 65 13 3 58 73 55 50 28 13 61 8 38 57 19 49 6 51 39 42 0 74 77 11 4 3 96 9 5 75 58 33 38 30 48 70 85 47 30 75 21 9 19 20 67 31 0 97 13 66 18 22 7 38 39 65 12 88 41 0 28 25 12 29 76 37 14 89 96 73 55 99 65 4 92 68 52 35 17 46 41 97 16 43 12 68 51 0 36 35 44 12 42 90 65 86 86 35 31 86 21 75 74 44 92 89 18 95 53 44 98 25 92 88 74 23 10 2 32 59 17 22 5 10 56 28 74 1 5 47 3 30 62
55 31 91 96 50 90 25 100 28 93 64 62 42 46 81 43 34 16 18 29 37 99 31 7 88 57 73 30 95 82 35 38 97 67 98 27 38 19 70 42 17 77 83 75 74 24 61 1 4 22 24 43 52 22 74 34 92 88 36 39 94 88 24 28 87 99 81 46 69 63 84 48 7 63 24 26 53 25 96 28 32 92 36 77 22 24 62 62 59 60 86 16 16 28 82 33 49 55 83 78 34 97 98 11 56 10 66 48 80 51 52 76 98 79 2 58 1 48 37 70 78 35 31 44 81 71 4 24 24 42 42 25 83 5
45 84 51 60 35 89 44 93 96 29 71 19 31 2 79 60 20 66 31 69 81 35 3 38 92 42 46 84 37 6 86 67 74 65 95 54 92 5 20 21 29 62 60 11 63 46 91 6 52 66 68 63 2 9 84 83 70 76 98 55 52 73 45 3 63 71 93 92 68 17 48 15 21 80 58 46 23 74 23 92 25 46 57 67 72 9 39 11 19 44 53 92 98 32 75 31 100 85 52 12 32 11 91 59 78 20 96 64 95 48 0 28 71 14 59 63 89 40 63 69 29 31 26 4 85 47 74 22 51 8 15 0 7 51
16 45 92 70 32 18 2 98 7 26 23 82 9 12 4 60 11 78 97 63 84 60 60 85 73 19 38 64 82 23 36 23 34 84 83 17 28 16 83 45 30 39 0 97 17 55 24 49 91 36 93 9 88 18 92 99 8 76 59 39 52 40 83 67 73 89 65 73 58 35 18 59 3 11 83 46 8 44 41 28 50 98 76 93 65 63 78 74 19 33 80 4 9 5 66 69 93 8 53 44 97 33 19 51 20 46 3 62 1 72 81 21 18 70 68 66 15 88 10 28 8 99 54 26 13 94 44 95 87 95 48 62 31 90
92 35 96 27 85 88 8 36 13 34 25 37 57 99 50 35 54 89 34 35 7 70 40 69 22 79 46 3 28 62 51 8 15 52 51 20 12 11 65 38 55 32 24 35 7 93 13 12 45 84 20 99 58 44 87 27 87 28 4 67 40 9 36 14 41 55 72 36 100 27 22 59 71 66 67 1 99 61 67 89 33 94 78 36 95 71 19 47 40 38 64 30 29 37 31 3 68 62 85 96 23 29 48 23 16 62 16 24 64 41 91 97 43 15 6 25 47 84 47 23 6 98 36 95 90 17 37 6 59 75 28 14 46 12
23 18 72 72 26 78 48 37 72 50 50 100 10 34 90 13 0 56 5 27 62 54 85 74 6 19 20 7 33 95 50 22 79 87 44 87 20 68 27 50 95 70 40 1 26 99 46 64 60 53 81 8 87 80 43 95 51 75 68 74 94 61 98 92 88 47 13 49 91 24 46 77 58 48 78 24 26 97 20 68 16 48 10 97 3 45 28 22 95 28 44 17 38 71 53 23 93 97 12 69 37 85 28 43 59 82 78 0 46 60 41 2 11 49 33 43 0 47 60 96 44 90 17 84 1 47 49 97 38 44 28 3 38 65
75 21 39 49 82 33 71 38 58 71 11 9 62 47 43 83 15 14 23 10 80 35 14 85 71 26 78 48 93 88 32 16 50 50 28 23 33 88 53 45 6 46 27 15 0 69 80 80 70 95 75 97 62 100 80 89 49 70 0 7 59 22 58 21 67 80 45 63 95 16 28 64 76 23 68 27 75 28 76 50 44 43 61 76 33 92 81 17 43 76 32 79 91 30 50 7 35 80 65 35 47 52 90 58 43 14 40 13 69 93 20 66 36 32 9 82 19 73 40 9 38 92 66 11 74 66 6 30 99 31 97 84 79 26
85 57 93 50 2 87 22 40 79 1 89 65 59 53 29 32 90 37 3 0 30 18 84 44 53 6 91 67 54 11 42 29 79 71 12 9 17 45 15 57 82 29 69 53 88 25 86 44 38 22 48 49 59 29 1 84 83 27 65 94 71 59 62 80 70 76 47 85 26 53 38 13 77 79 14 71 89 17 30 62 67 43 44 17 7 90 90 69 70 60 25 47 20 83 3 15 91 51 21 60 84 24 3 56 99 0 69 41 18 97 53 45 88 47 88 19 16 70 47 66 21 23 97 17 9 9 58 20 91 82 0 42 74 90
55 65 80 2 27 7 71 99 7 14 86 5 23 66 81 95 85 23 84 38 67 52 73 28 12 41 2 45 56 1 24 15 2 49 63 54 85 71 51 39 74 14 80 10 6 36 57 74 75 35 82 54 16 27 57 62 96 55 77 62 30 60 99 20 19 82 9 3 92 66 95 77 42 47 6 88 19 25 64 20 72 57 2 68 6 53 61 1 100 33 6 46 53 10 78 29 51 74 24 12 18 39 34 9 65 82 43 72 24 60 56 70 54 90 37 23 37 41 30 65 46 71 3 95 65 47 40 34 85 10 85 3 47 31
20 81 33 51 47 86 73 90 95 41 28 48 76 86 72 27 64 1 29 79 36 7 79 1 15 21 61 37 90 40 10 13 52 28 57 57 16 68 68 77 74 21 24 80 35 44 48 53 60 29 68 31 92 31 47 77 66 94 11 81 38 86 99 32 61 64 27 9 64 98 61 79 53 8 95 98 3 48 47 45 62 33 37 19 90 89 37 44 95 67 22 84 13 65 71 59 53 89 15 51 10 4 84 8 58 25 94 2 77 14 62 2 68 100 85 31 45 27 62 84 11 84 96 32 17 79 39 40 71 45 89 73 97 61
49 81 42 81 60 32 53 4 5 18 13 20 69 15 40 45 18 88 33 8 52 49 85 66 73 42 12 57 20 57 0 67 48 85 40 45 2 33 75 70 72 94 86 41 17 2 67 0 22 81 22 16 34 94 92 7 89 100 28 53 90 31 67 0 56 43 54 37 33 43 39 33 48 46 24 86 87 49 2 92 96 63 96 67 18 79 97 87 96 9 64 49 59 84 56 71 33 87 98 74 13 17 87 53 0 83 28 78 54 56 47 61 72 3 43 55 65 52 98 50 80 76 76 61 42 44 52 1 20 0 81 64 73 11
10 61 0 54 99 35 58 71 19 60 65 57 18 77 17 54 36 68 36 72 15 27 81 72 26 52 26 59 97 34 18 66 66 45 56 51 70 95 40 26 37 25 48 20 95 45 84 59 78 28 96 20 89 1 79 22 50 86 51 99 77 96 30 61 76 2 75 13 45 84 7 86 100 28 82 29 5 96 27 73 70 80 78 66 71 25 89 66 52 90 46 99 26 91 90 30 15 55 95 64 40 96 27 26 99 52 27 20 95 89 71 82 85 50 52 33 36 69 92 30 51 94 4 33 57 75 85 91 28 48 44 62 79 39
83 85 24 66 0 41 41 59 59 8 40 24 26 73 87 83 100 96 98 62 66 97 87 98 66 66 42 13 10 36 59 67 36 87 34 100 18 75 27 1 20 13 6 64 35 4 21 75 30 74 2 78 85 50 28 21 7 35 48 34 99 73 84 57 35 87 25 50 32 39 28 35 47 90 79 5 45 54 86 1 39 85 67 28 38 90 66 14 64 67 5 84 46 47 42 3 69 6 56 53 32 95 77 97 83 54 91 17 92 51 49 59 47 62 61 43 0 25 33 1 34 75 40 59 99 54 26 87 49 82 9 82 15 4
61 69 37 2 6 44 30 14 43 29 83 19 45 28 90 33 39 73 17 19 63 70 41 88 83 57 27 98 60 50 81 21 38 24 83 20 70 41 21 5 93 2 62 48 67 24 97 85 90 48 62 68 56 17 88 0 44 52 53 29 84 59 23 78 76 95 80 76 52 91 77 14 33 11 100 93 4 41 82 83 11 92 87 7 89 76 95 53 0 67 67 6 13 14 63 75 14 28 28 2 86 49 95 87 55 88 72 70 37 77 81 53 72 6 64 83 90 97 62 89 51 17 55 37 38 24 59 5 69 32 57 35 65 79
0 88 91 61 69 80 60 93 26 58 75 71 58 68 8 30 10 95 79 52 1 87 91 75 35 82 71 58 42 89 71 75 5 54 13 71 89 70 2 32 96 76 84 30 56 24 62 36 32 82 68 86 99 17 60 88 80 40 38 87 27 21 88 7 97 11 70 100 19 27 47 83 64 0 41 38 49 22 53 44 100 53 87 36 0 43 69 11 43 44 87 68 33 69 40 67 31 83 24 55 83 44 39 14 58 72 84 32 83 61 60 7 38 93 16 5 54 9 54 11 41 6 30 24 14 66 99 10 14 21 81 97 72 36
75 37 0 38 90 98 62 2 43 72 60 21 56 78 29 52 3 30 50 23 46 51 11 8 62 68 63 6 52 53 70 99 59 4 12 39 56 11 27 61 22 90 20 57 8 0 55 62 53 22 6 98 10 50 44 13 36 10 42 94 35 10 50 36 87 35 41 38 64 15 14 19 82 7 40 16 65 39 53 38 62 52 93 44 16 20 44 63 72 72 61 97 85 14 43 87 85 89 74 99 64 98 38 21 93 8 69 88 100 51 65 76 5 89 84 83 86 76 52 81 95 70 24 41 45 23 41 3 56 22 19 99 53 39
27 92 32 72 68 90 55 43 37 34 92 46 71 44 29 24 24 24 47 78 27 18 47 55 81 75 60 45 96 42 69 74 18 65 38 68 59 67 25 21 74 39 76 9 97 58 93 26 34 89 71 62 0 85 30 67 96 88 27 29 81 34 93 42 100 1 44 62 63 77 55 42 80 53 29 90 51 22 64 47 47 56 55 86 17 50 74 84 30 80 76 1 31 58 19 11 44 60 20 60 79 19 26 78 6 76 1 72 53 4 15 70 54 17 1 10 56 38 89 87 77 2 18 78 37 84 68 60 49 87 92 76 87 14
52 4 54 78 2 82 26 90 32 31 4 47 71 6 93 27 6 54 78 27 45 22 21 25 79 15 46 44 48 57 0 94 75 78 62 34 93 23 100 83 75 9 3 58 15 74 86 50 0 32 63 17 49 44 64 4 80 49 77 21 23 14 7 21 54 86 83 18 46 3 65 87 55 38 35 32 30 85 93 20 15 48 38 72 14 27 7 15 8 47 18 45 64 96 9 79 13 70 78 47 82 26 68 94 13 76 64 74 77 74 13 61 52 69 13 16 40 56 66 9 53 69 78 47 31 13 51 34 91 4 46 66 90 58
54 25 77 79 77 99 59 92 2 12 1 5 37 82 21 64 15 57 31 89 45 97 93 35 93 23 15 78 33 90 100 93 73 73 86 16 34 42 61 73 10 64 15 9 13 18 18 97 87 8 26 46 50 46 7 68 90 8 65 27 70 24 4 21 97 52 99 45 58 34 60 16 36 18 19 24 72 8 37 99 89 26 87 47 22 2 7 88 8 36 77 70 29 45 67 77 6 70 22 56 7 55 70 34 36 36 62 95 86 23 63 8 86 55 19 43 47 49 41 41 37 100 54 25 29 21 94 9 16 15 91 20 19 64
62 63 73 91 89 46 22 99 78 50 98 25 25 12 66 12 89 50 83 25 57 82 32 17 43 65 62 54 48 66 63 59 71 72 47 7 32 9 69 71 32 9 65 97 73 59 7 25 63 76 95 70 20 63 75 23 99 96 39 98 46 71 19 10 10 70 73 8 49 25 44 75 96 36 91 97 21 27 63 79 63 23 62 4 78 49 46 34 75 50 39 57 37 89 39 43 26 68 56 60 68 60 71 11 45 70 53 23 42 72 8 71 32 96 49 89 13 1 31 98 60 15 75 95 72 94 38 23 37 1 11 30 60 67
1 18 18 0 36 81 61 78 4 57 15 55 9 46 31 63 20 52 36 15 15 43 74 1 63 9 42 47 87 79 30 23 1 32 26 44 24 54 97 77 93 65 78 36 20 10 3 51 95 96 93 63 12 99 87 8 20 8 72 38 24 98 37 77 37 64 19 5 5 64 2 85 42 83 52 56 78 40 69 80 42 93 20 43 66 77 47 66 49 21 91 3 99 10 38 68 69 80 46 100 85 12 45 17 86 34 5 55 31 19 26 35 51 38 81 92 39 30 9 93 11 99 10 44 68 24 82 53 35 52 12 0 36 36
62 22 87 38 3 23 8 99 73 98 73 51 2 50 83 20 80 9 13 16 4 56 89 56 60 43 54 72 12 14 53 38 68 91 40 72 46 40 45 53 13 22 7 52 91 88 91 80 27 82 58 3 8 41 8 0 45 57 92 64 74 71 55 41 0 93 85 93 72 16 78 15 63 39 14 6 53 61 67 91 36 59 53 59 22 14 82 13 14 4 32 15 9 98 7 86 61 51 87 94 3 52 27 98 38 27 76 62 33 92 33 65 86 23 76 0 44 53 24 41 0 5 97 100 81 49 88 65 37 86 98 23 60 59
54 16 83 60 4 14 59 22 0 79 98 75 13 45 67 71 71 28 64 96 84 64 48 23 93 32 84 20 5 75 79 83 68 27 7 32 14 50 79 29 99 60 46 7 72 100 35 64 14 27 16 86 65 52 54 57 58 96 52 100 87 53 97 17 39 25 66 29 100 16 37 87 80 65 31 39 78 18 29 16 7 66 6 89 11 72 45 10 55 51 84 3 36 35 80 27 24 53 37 88 0 38 0 62 60 4 7 18 65 79 16 39 19 85 5 99 76 43 31 66 60 14 25 30 66 98 5 52 95 92 17 9 86 37
51 92 61 80 2 93 90 98 9 87 15 68 61 38 18 53 86 4 96 82 20 13 55 26 57 85 28 23 46 6 98 53 45 84 69 89 23 83 19 37 29 33 49 48 93 33 18 65 65 70 30 3 49 64 29 67 29 86 54 50 90 53 10 17 3 17 71 64 94 100 76 75 39 63 72 90 83 15 61 24 34 31 2 18 71 52 26 33 75 49 75 98 40 31 44 47 5 3 59 69 52 89 80 65 81 28 62 36 77 18 3 88 17 100 56 90 52 12 50 59 82 70 42 31 91 79 40 80 99 51 15 89 50 91
22 68 31 14 64 51 57 97 84 85 76 2 41 76 8 97 90 42 14 37 49 72 48 99 100 77 91 71 80 31 32 87 28 53 54 8 8 100 18 43 92 6 99 73 69 96 82 35 8 64 8 99 22 11 91 79 53 34 90 95 13 81 4 66 98 61 43 12 92 87 89 32 46 15 90 29 88 5 11 34 34 72 54 21 95 49 82 10 72 48 55 6 78 26 60 95 37 73 5 12 68 39 52 64 83 14 82 83 22 53 61 37 75 98 32 84 73 11 66 22 40 62 83 32 62 79 65 70 75 69 70 59 50 42
23 9 10 60 63 50 2 73 85 18 30 32 27 52 62 12 64 51 96 44 43 52 49 18 98 76 57 93 22 26 19 89 20 51 52 53 23 98 31 4 33 29 64 49 58 93 78 34 5 15 70 71 63 61 29 86 86 55 87 65 100 38 59 2 55 88 14 13 97 50 81 70 41 59 45 73 77 66 7 58 74 59 75 0 87 38 10 49 46 9 22 58 22 12 90 3 12 96 86 75 19 16 58 77 28 34 94 22 28 79 82 97 53 83 94 8 21 52 82 13 7 75 57 6 78 6 32 68 71 49 87 25 27 75
16 44 56 90 21 27 78 15 47 41 8 27 34 56 94 12 52 97 6 87 75 55 21 74 21 89 42 63 11 14 33 62 8 24 32 64 4 38 57 51 11 29 10 5 42 51 36 96 78 91 9 48 51 66 57 16 78 75 65 68 57 98 66 73 47 19 30 32 88 60 67 37 28 39 7 100 66 92 73 3 7 56 27 22 40 43 21 24 69 58 67 58 3 78 58 98 6 32 11 35 33 43 28 42 37 52 56 48 14 37 52 98 8 89 0 46 67 39 0 14 37 58 73 51 6 7 49 42 60 78 20 86 66 61
32 79 14 76 51 78 98 100 90 48 63 54 86 17 28 34 41 52 21 78 26 95 0 11 38 64 67 95 94 94 18 45 45 0 95 27 45 52 75 98 25 98 51 30 96 64 38 15 83 43 27 65 46 88 66 40 89 79 22 16 8 17 83 56 22 84 9 74 81 21 11 10 14 93 74 29 10 42 68 33 16 79 43 65 77 64 87 21 14 83 73 74 39 56 28 79 28 39 55 34 76 49 20 50 33 8 87 85 22 56 48 71 5 13 46 47 84 5 40 83 49 45 87 9 0 54 77 1 73 87 53 82 70 43
90 96 67 45 89 43 73 50 39 85 86 60 58 79 25 12 68 38 93 23 28 72 83 86 23 78 0 48 53 29 98 48 78 26 90 37 96 55 76 82 85 74 4 0 59 52 41 3 83 2 47 75 79 95 89 45 55 94 29 68 75 44 59 61 48 68 35 30 54 62 45 60 27 91 19 0 47 52 84 43 31 45 37 67 16 38 78 75 36 67 35 99 28 10 87 95 65 25 0 5 64 29 11 26 73 65 59 2 3 32 89 23 19 83 49 88 38 24 33 43 15 7 97 13 26 84 24 79 93 23 23 16 18 90
87 86 45 46 93 35 22 33 31 49 40 53 64 74 64 57 20 88 98 61 93 85 56 1 65 12 14 45 73 44 32 61 40 14 38 63 58 79 5 82 81 56 18 1 41 56 79 67 14 31 74 90 20 72 50 21 64 96 7 67 26 11 85 33 45 12 4 77 30 88 9 7 0 20 99 65 16 28 77 98 10 19 57 70 61 22 52 76 48 67 48 8 51 22 22 45 78 16 51 5 79 36 61 80 51 50 72 93 99 100 100 35 3 69 91 95 44 80 78 29 28 22 84 21 63 24 6 66 53 54 88 63 72 11
20 20 70 7 52 10 87 65 89 71 33 17 57 13 54 99 46 86 53 55 67 88 17 10 96 82 28 32 39 93 17 58 36 49 96 31 80 82 78 59 29 92 58 1 63 95 99 59 60 32 64 62 82 64 7 16 15 27 55 96 25 33 78 100 57 70 44 22 39 4 97 69 41 96 38 74 3 66 40 24 98 52 64 49 42 31 67 7 97 27 89 52 90 90 9 12 91 66 33 69 41 52 25 63 43 88 52 57 43 67 99 45 73 73 44 36 60 93 100 89 70 61 64 19 87 30 11 12 12 15 20 96 67 43
64 96 77 15 49 9 52 43 94 92 25 49 38 92 34 38 82 18 11 80 100 76 94 60 97 93 57 10 26 92 33 71 95 38 39 88 9 3 64 37 90 0 17 99 78 42 69 3 13 22 15 9 47 95 53 19 11 40 34 55 72 56 15 15 82 89 22 98 28 59 76 16 67 38 20 48 43 21 14 12 0 18 47 46 50 28 29 51 1 83 29 63 67 56 1 43 81 85 65 96 87 21 24 88 40 30 78 66 46 55 17 33 45 41 83 50 93 43 42 53 72 99 37 6 90 36 1 36 38 35 96 51 47 57
46 79 45 17 54 36 58 81 14 25 19 57 23 16 63 50 56 45 71 70 91 93 14 27 29 56 53 57 1 16 13 87 16 34 23 27 84 71 69 85 73 45 63 69 73 61 12 78 95 63 32 81 30 28 21 4 25 34 17 34 3 57 85 21 69 66 94 81 5 83 86 2 43 93 96 63 7 67 55 42 100 37 88 67 45 40 82 11 69 91 65 55 92 6 94 47 34 1 42 63 0 21 97 15 56 49 82 63 42 24 100 57 74 33 69 74 20 80 41 87 58 86 100 83 42 57 94 75 87 95 39 38 27 15
42 57 84 64 72 36 39 52 26 60 3 90 75 46 75 89 36 67 43 93 8 13 73 61 89 20 67 76 59 35 97 100 63 1 34 28 88 36 26 86 2 4 5 44 46 99 62 38 71 13 54 55 7 4 13 40 89 25 15 59 85 49 31 17 34 54 68 41 100 70 68 99 42 33 74 62 51 88 82 92 74 4 45 33 15 10 64 39 10 72 51 98 51 11 34 69 23 31 74 31 5 34 3 60 5 27 28 10 8 55 50 34 81 74 46 87 48 12 7 48 79 73 5 31 53 58 91 56 44 88 64 63 19 85
2 17 93 96 97 8 83 94 52 81 37 84 97 53 11 49 22 25 54 35 48 79 22 73 83 48 39 89 46 73 80 76 12 76 21 13 68 97 96 54 68 38 6 48 57 70 69 23 32 93 41 34 70 92 81 89 51 64 16 73 29 96 76 58 2 1 53 89 74 30 11 72 36 40 65 22 56 71 2 57 8 31 53 83 10 69 44 5 5 86 9 60 50 40 78 66 83 29 85 30 99 56 30 64 64 14 33 31 44 57 87 97 56 81 21 57 57 94 86 47 80 73 58 97 64 87 94 70 13 59 24 50 85 17
51 77 1 20 91 17 67 35 12 77 65 98 60 25 88 52 60 6 12 0 80 24 79 81 86 54 29 48 72 90 42 43 27 59 29 66 86 37 52 73 48 54 8 96 90 30 15 74 6 19 68 17 100 29 63 27 89 75 63 58 52 39 15 76 65 54 36 73 82 65 79 83 97 44 68 8 26 75 94 62 2 3 15 19 44 29 91 88 59 63 45 55 70 89 42 54 28 13 6 56 17 54 37 26 65 86 45 23 98 97 90 68 5 44 57 10 9 47 66 62 68 90 89 66 32 90 81 97 99 82 98 58 95 87
97 53 63 31 93 30 27 53 88 28 95 1 91 25 68 78 84 37 53 11 37 3 52 98 66 78 42 65 29 46 4 31 39 21 33 80 54 10 26 28 89 7 41 32 49 8 39 6 83 24 59 28 26 84 52 3 34 99 78 24 68 81 45 2 46 42 84 53 82 41 90 49 11 4 10 99 60 65 38 2 93 62 17 57 73 51 50 14 56 15 44 95 56 53 2 8 40 99 48 85 92 40 94 29 21 89 81 48 78 38 38 94 70 84 93 32 70 2 90 97 49 27 29 92 30 66 98 70 92 28 21 38 35 22
39 53 46 60 98 90 65 87 60 66 31 81 15 1 97 64 89 56 75 21 29 97 5 72 86 9 91 94 50 97 27 65 59 86 52 90 12 39 87 46 18 51 31 0 97 95 4 19 70 72 51 70 37 8 41 89 36 48 94 70 8 73 44 37 14 37 11 77 33 35 20 14 78 26 42 18 83 95 47 44 98 72 78 48 78 96 57 50 63 2 52 71 31 29 18 10 26 37 79 89 74 64 13 63 24 56 12 12 31 90 37 91 34 2 16 55 45 96 37 43 53 12 8 35 17 32 26 79 29 91 74 3 61 42
77 32 60 35 35 16 57 56 29 63 35 73 59 91 79 62 69 54 40 85 88 66 53 82 27 93 45 77 12 12 22 68 54 6 83 60 77 34 64 45 21 62 26 15 38 38 97 8 10 4 34 9 82 95 81 3 56 12 2 84 95 65 82 85 97 2 35 11 1 70 7 10 86 5 19 52 76 55 70 41 52 11 18 87 44 36 1 46 48 61 26 73 4 66 34 97 35 16 46 77 73 63 80 2 31 36 64 15 38 39 45 81 22 43 82 80 73 83 67 10 81 84 47 97 38 29 48 7 24 5 25 38 81 54
75 45 77 4 95 33 55 80 65 6 61 12 24 55 48 28 34 16 42 96 97 89 76 99 81 64 99 6 52 97 69 17 34 47 21 61 47 37 86 2 6 19 70 39 95 38 76 3 26 39 66 75 77 42 4 19 23 89 91 47 0 84 86 84 23 8 33 97 10 95 2 8 22 45 23 79 87 51 12 49 35 19 85 92 29 48 55 7 98 40 24 26 5 90 78 51 27 44 38 34 43 25 11 0 78 84 24 41 88 68 25 8 65 74 77 80 26 25 43 65 69 49 79 45 84 54 56 68 9 82 88 53 72 99
42 91 15 39 75 43 65 66 30 94 20 89 60 87 86 1 86 78 55 27 64 31 12 45 20 59 13 37 97 32 28 33 69 35 17 30 81 95 30 7 2 98 40 65 3 42 21 40 91 93 0 99 52 99 5 73 64 15 28 74 8 30 24 65 38 2 75 57 67 50 73 77 48 89 23 97 30 31 80 57 56 62 38 5 1 45 87 71 29 83 97 90 25 85 33 66 14 52 98 51 74 49 83 47 54 76 64 36 24 71 68 49 88 7 12 81 73 93 27 13 59 23 63 18 36 92 50 99 6 69 47 83 19 14
59 60 80 32 38 81 82 19 87 96 5 66 43 0 75 47 16 2 72 3 16 56 97 23 35 71 0 67 88 54 44 3 66 74 59 66 41 81 56 24 29 89 51 90 78 42 36 77 92 87 91 11 38 22 99 76 80 86 18 94 29 63 92 16 24 81 96 46 21 20 4 85 88 79 76 48 94 16 13 58 63 61 83 28 87 56 86 41 89 20 19 26 78 33 45 57 80 65 33 89 10 73 47 54 41 48 32 87 57 13 26 34 35 97 3 63 80 66 82 71 20 79 99 92 50 47 22 39 61 58 49 23 56 1
16 94 20 72 97 2 48 56 31 60 49 78 63 35 62 69 56 30 26 69 89 91 52 18 8 29 77 68 74 95 67 4 71 33 6 14 63 51 8 83 96 51 2 17 55 52 97 56 30 97 70 70 15 83 43 22 96 62 26 28 87 16 94 51 62 31 73 93 92 100 11 40 96 40 40 50 12 11 10 56 18 72 37 55 77 66 7 79 79 54 59 86 79 94 80 5 34 79 0 80 33 12 44 26 37 23 62 48 48 84 38 0 49 62 88 85 53 81 0 61 85 28 17 80 2 94 11 56 31 69 53 35 32 36
65 28 89 29 4 56 84 42 57 26 24 66 84 89 43 56 42 39 50 14 45 76 31 79 84 81 9 27 58 25 9 59 78 10 31 41 3 75 86 56 72 71 67 53 13 45 66 0 35 15 91 48 36 65 18 90 1 3 7 97 55 4 21 26 48 65 51 73 17 94 92 55 96 33 70 84 7 42 35 71 11 31 39 74 91 21 12 82 93 39 33 1 83 77 42 94 4 8 46 20 47 31 27 28 12 70 78 12 93 65 49 95 9 94 96 33 96 54 86 93 18 48 8 11 6 80 91 98 49 31 83 40 1 24
30 39 90 92 51 56 74 97 54 64 8 10 52 50 2 60 41 100 84 93 100 63 36 83 84 11 7 61 84 53 42 51 8 20 45 8 55 41 72 36 31 86 60 5 57 29 39 14 4 6 63 16 62 46 40 38 53 100 100 10 99 76 88 68 60 96 95 29 90 63 75 88 37 80 27 50 99 96 7 31 15 44 74 65 92 81 31 33 88 12 15 79 59 10 12 31 67 85 69 82 12 2 95 42 44 83 67 10 9 71 25 92 6 80 5 87 75 76 90 44 18 44 4 11 16 23 45 10 58 12 5 80 67 91
97 37 85 35 33 9 39 77 70 81 84 69 75 3 38 99 62 95 18 50 20 91 23 100 43 67 90 45 86 75 50 76 99 28 45 66 29 6 99 4 41 50 40 15 91 20 69 82 3 55 37 41 99 93 66 66 96 72 90 9 48 18 39 18 38 7 36 90 50 90 24 91 28 25 44 79 59 28 87 81 2 99 53 34 7 75 47 15 14 97 9 18 55 20 45 76 64 93 56 86 22 87 20 56 11 62 0 93 0 94 7 41 100 10 31 1 14 32 0 42 58 81 34 94 28 78 66 47 73 3 2 83 93 20
60 35 74 89 42 55 38 54 37 50 83 100 98 46 90 77 46 50 3 61 1 59 47 3 3 63 36 45 25 8 69 80 16 2 62 89 77 72 75 21 17 5 54 15 5 16 86 40 48 63 53 14 71 11 55 74 31 90 7 43 100 94 42 72 94 85 1 6 87 98 26 53 73 60 4 41 81 75 86 73 94 29 11 18 72 72 99 24 0 22 30 2 82 80 39 73 52 68 4 19 1 47 66 68 100 82 27 35 60 56 41 73 36 18 64 32 19 2 58 25 28 12 43 75 23 1 3 50 11 89 56 16 76 22
30 22 25 31 85 76 56 50 85 27 22 72 78 55 51 61 38 31 64 62 34 17 37 57 0 98 48 29 50 78 10 31 2 27 88 75 53 48 42 16 53 55 75 58 61 21 8 1 74 84 51 66 5 65 52 65 8 3 37 33 66 83 1 29 93 66 64 93 56 54 23 39 100 8 26 7 0 55 19 43 31 86 75 18 91 0 63 78 82 8 18 58 80 53 38 44 93 7 27 91 86 79 31 93 66 39 91 62 91 29 33 94 45 35 46 55 45 87 61 10 36 11 29 34 42 73 72 47 51 8 1 73 42 15
58 46 66 27 26 12 41 65 32 77 62 10 95 89 33 20 91 24 1 54 31 3 53 82 77 50 83 59 66 76 60 40 43 51 24 24 84 62 0 22 20 3 32 34 6 61 91 39 37 84 19 81 89 86 63 41 81 10 31 19 10 9 57 97 15 57 47 27 30 57 21 14 40 54 3 52 20 67 83 94 3 84 87 70 64 57 19 92 15 58 63 58 21 26 18 78 13 13 42 47 20 78 91 80 91 80 73 52 56 9 2 17 30 46 11 92 23 74 76 6 45 29 5 64 49 55 96 98 1 66 46 53 9 78
28 54 58 81 16 73 86 60 26 48 94 59 31 69 8 36 42 55 26 5 14 98 1 65 88 59 45 8 19 68 92 96 80 68 62 83 33 55 15 7 58 38 85 63 74 100 20 40 98 98 47 81 56 8 58 62 18 100 54 54 44 17 21 26 90 81 94 69 31 66 33 53 38 13 32 43 56 35 6 91 83 53 79 73 84 51 7 82 46 87 73 61 9 72 45 92 21 0 25 48 77 89 36 34 84 42 53 3 17 0 2 8 96 83 72 52 91 51 64 11 78 42 23 40 76 79 50 1 15 16 99 18 83 59
2 7 0 58 49 62 14 59 8 1 81 99 51 79 69 54 54 47 31 94 4 11 12 50 64 33 17 56 34 2 34 77 80 31 97 78 9 44 55 29 84 72 38 96 98 43 63 49 4 83 74 26 59 16 28 38 46 43 6 12 81 11 43 98 45 81 32 73 100 82 12 81 6 54 66 71 52 11 83 60 94 99 64 77 21 48 32 99 19 84 60 25 21 25 99 83 22 81 73 15 6 66 68 53 70 29 97 7 68 36 90 59 43 38 55 16 91 69 5 30 82 81 91 90 47 0 91 22 83 40 14 80 55 22
92 97 86 18 45 96 46 76 23 31 100 52 36 44 41 80 77 20 34 8 49 43 0 66 11 54 67 8 50 20 36 15 22 1 27 24 92 2 92 99 96 41 67 14 50 97 18 90 93 48 19 75 96 91 72 36 41 71 47 33 17 58 79 84 79 84 92 94 38 3 10 30 58 61 53 74 14 48 85 10 2 5 52 10 5 30 40 60 89 84 55 73 27 7 23 8 78 86 5 1 59 79 41 54 37 47 33 15 82 65 74 68 50 64 77 70 27 37 90 37 37 22 49 80 3 49 51 59 100 25 97 46 71 16
46 100 79 39 87 20 83 87 14 98 99 45 11 39 64 65 77 44 18 6 75 97 44 100 90 0 2 43 52 38 91 69 43 58 39 15 5 93 5 100 31 95 76 2 7 29 97 45 7 44 97 16 91 55 41 100 36 65 53 23 98 65 86 25 77 31 44 84 31 71 4 13 92 16 12 26 67 8 30 9 1 7 65 22 77 58 40 60 27 68 62 69 48 19 11 70 54 79 51 59 72 46 41 15 44 79 61 40 98 68 81 98 65 95 97 22 81 56 81 14 42 5 44 13 56 51 8 99 81 92 25 6 61 57
22 100 43 91 74 86 63 34 45 78 19 26 35 7 63 7 62 95 50 53 97 71 65 35 79 63 4 86 40 82 34 36 32 35 22 43 23 46 10 89 41 62 87 45 75 53 98 89 16 99 60 78 47 3 63 21 75 12 49 26 72 3 98 26 63 50 66 98 94 26 90 12 21 24 64 55 14 54 100 66 21 77 20 42 78 29 100 93 33 15 64 3 31 31 0 25 0 83 33 76 45 95 7 66 52 79 8 95 43 65 42 61 25 56 0 86 60 67 55 84 66 58 61 58 79 0 84 34 9 62 22 46 94 58
64 30 95 93 84 61 16 70 56 75 68 67 58 66 71 66 35 44 89 37 34 15 60 83 78 73 85 34 38 53 32 54 6 16 97 6 53 90 46 0 48 48 30 20 61 24 22 20 36 55 63 95 41 26 75 88 3 45 2 46 0 6 34 7 44 71 85 20 57 96 80 62 50 46 89 60 96 3 62 29 80 6 96 34 58 7 6 76 85 24 89 51 18 19 88 30 16 29 1 50 55 88 3 58 51 12 67 72 63 39 97 6 97 66 67 28 93 6 9 62 64 80 35 10 65 61 26 61 85 88 28 24 14 87
69 92 4 97 71 77 58 10 77 82 22 28 10 20 19 68 76 90 48 41 55 69 94 30 59 34 54 47 44 2 33 81 88 76 83 14 93 61 52 1 24 21 7 33 64 94 2 27 84 77 84 39 4 5 8 2 69 85 48 26 48 11 59 87 6 28 55 90 87 8 78 34 23 24 70 89 2 32 40 28 81 97 39 74 73 75 45 78 23 60 40 95 73 63 11 41 9 50 18 9 85 35 88 6 19 33 37 22 30 23 85 71 17 9 71 57 69 95 21 58 2 59 31 68 22 43 49 62 16 35 72 73 39 46
27 23 13 87 19 94 21 84 14 99 19 4 45 47 66 82 67 100 28 11 43 15 91 96 2 26 21 77 89 100 53 17 19 18 65 35 24 89 90 15 11 80 90 18 72 74 51 21 80 8 77 17 78 26 8 6 6 90 26 22 83 67 34 32 52 69 18 97 36 10 49 32 77 89 85 81 23 39 53 76 69 32 9 94 38 79 51 71 80 40 56 80 68 62 70 71 84 75 14 24 66 32 47 44 41 1 63 61 83 64 7 12 16 99 53 28 67 50 39 91 0 38 97 59 44 19 21 95 46 83 59 30 29 20
22 66 3 77 91 78 82 59 44 18 91 22 54 79 19 74 21 73 28 66 76 98 45 84 2 85 89 76 2 27 5 17 12 49 94 14 70 12 84 14 15 75 94 41 40 21 84 9 26 61 51 8 100 86 59 78 79 47 70 15 68 79 69 5 41 49 33 26 25 34 22 95 27 4 79 99 69 38 26 35 57 28 28 83 30 20 58 60 50 66 12 17 99 22 88 22 31 90 23 41 29 89 47 21 20 74 95 72 22 60 48 50 6 51 50 75 6 9 45 75 67 34 56 18 53 45 72 45 45 97 25 65 92 40
63 92 0 37 96 62 8 47 68 64 40 95 19 91 26 38 53 38 16 4 19 10 50 42 59 72 30 91 65 89 54 31 57 49 13 99 26 29 8 12 27 52 42 23 24 55 39 56 47 69 50 10 41 72 14 17 37 98 73 53 76 27 60 44 75 24 81 38 88 27 74 19 86 82 36 66 9 41 9 12 98 64 60 82 17 22 90 72 73 83 58 97 41 52 99 87 0 28 93 0 67 91 69 36 91 92 16 64 30 33 97 3 76 98 22 20 0 88 22 74 80 0 36 51 100 18 88 54 22 74 1 92 8 83
18 38 99 12 88 87 100 7 77 19 11 75 75 23 94 29 17 36 30 22 38 75 78 42 32 95 77 29 25 25 50 35 75 8 75 39 64 1 19 79 13 100 4 10 98 71 53 8 66 96 4 31 37 41 88 65 36 33 69 44 3 26 47 21 79 56 55 38 68 44 16 56 60 68 51 37 26 17 45 92 14 45 55 55 98 77 66 83 87 42 72 36 5 90 66 90 31 68 37 95 19 15 82 64 2 5 26 25 83 67 24 8 4 13 45 96 79 64 44 73 42 47 37 53 82 37 100 96 28 59 43 34 19 52
71 15 56 75 35 52 42 95 79 82 10 24 36 98 3 24 70 98 48 83 71 33 58 92 64 31 32 90 93 0 54 97 81 7 92 16 76 65 59 0 55 47 40 1 57 54 88 6 66 58 63 39 20 14 73 45 71 3 24 70 48 78 73 46 18 66 24 59 29 23 75 69 11 98 25 14 68 64 82 83 76 5 71 47 43 73 6 24 83 6 71 70 79 65 43 7 9 37 51 42 80 43 14 98 40 94 52 9 97 51 55 72 33 10 53 100 65 4 43 10 80 4 20 56 41 27 47 22 2 39 9 0 67 65
70 90 92 75 60 52 71 44 70 98 61 82 64 83 93 36 33 44 58 70 74 31 69 35 10 29 40 22 43 55 61 15 97 67 100 7 87 62 5 6 66 0 96 43 32 18 75 34 32 78 99 48 15 55 66 70 25 18 44 28 69 44 13 85 84 79 81 10 97 20 32 98 17 8 51 27 30 29 65 90 25 24 17 90 96 50 87 16 97 58 41 61 54 54 59 60 23 32 24 40 2 27 31 73 91 85 56 52 31 90 71 48 77 79 87 71 38 23 20 3 2 99 58 63 12 23 64 86 38 86 74 7 13 3
71 24 86 50 66 19 17 13 63 43 8 93 40 73 6 19 64 56 85 21 91 10 13 9 42 88 28 16 75 63 51 89 58 62 10 25 94 68 30 57 1 83 41 27 15 81 17 30 4 35 81 15 17 44 23 46 25 45 84 52 73 19 42 93 98 8 37 25 95 23 78 27 26 23 38 3 37 71 41 31 14 84 88 9 28 38 60 77 50 76 66 49 71 41 32 71 70 23 96 4 46 80 93 55 24 79 79 87 95 3 89 56 50 49 81 82 82 41 14 84 45 89 17 4 57 76 1 19 44 11 44 68 75 73
22 15 49 98 15 24 20 57 18 47 68 72 6 68 63 64 3 86 22 12 99 25 62 6 89 41 78 19 90 18 43 4 5 52 34 11 45 62 16 23 67 15 7 69 66 43 93 89 74 1 87 12 75 29 64 52 95 98 44 57 59 6 30 69 27 79 75 62 40 70 0 67 60 84 68 11 64 19 46 8 9 14 79 22 45 52 48 46 80 39 71 66 92 17 94 53 76 26 9 59 52 45 69 56 0 96 28 22 91 26 85 22 50 88 21 66 24 87 77 67 14 63 87 22 75 66 70 95 46 74 59 80 63 97
44 39 8 44 73 100 5 40 90 54 87 5 37 10 10 75 41 28 38 51 57 28 76 7 79 82 68 37 97 85 5 87 16 79 11 89 95 99 25 0 72 55 1 48 29 90 28 9 88 86 84 65 72 45 32 99 18 47 72 27 28 50 74 18 32 49 68 31 51 58 10 56 63 73 57 94 37 36 33 17 14 8 40 56 38 43 64 12 34 81 74 99 78 29 69 68 86 35 39 32 2 45 37 39 52 89 44 72 24 23 21 98 64 24 49 88 32 19 22 80 0 54 65 3 42 33 62 16 35 88 29 100 29 83
79 8 60 39 68 65 13 83 88 1 50 95 60 67 68 56 69 50 67 14 57 2 71 58 20 70 65 93 46 70 66 10 91 39 42 97 23 68 5 42 81 49 14 91 60 52 33 38 40 1 67 0 23 70 35 86 93 49 15 34 82 25 34 13 56 76 83 0 70 98 62 92 78 12 33 45 17 90 22 56 50 30 28 16 41 20 20 39 81 51 13 17 88 56 85 26 27 53 17 21 12 54 39 8 12 21 76 18 45 15 47 21 41 64 50 29 52 61 97 46 100 11 5 63 40 33 62 72 4 55 67 27 10 5
62 57 49 13 66 15 80 18 47 94 28 83 19 62 52 92 100 21 30 49 87 24 50 21 87 28 72 44 85 81 63 3 41 34 75 85 43 72 59 37 90 48 83 13 91 13 87 73 85 39 22 22 34 84 32 50 69 99 74 21 20 7 49 13 93 16 75 46 1 36 27 53 54 57 33 96 48 46 80 84 35 13 91 29 9 76 92 40 88 58 92 95 69 8 58 14 33 74 55 100 88 10 21 75 72 11 84 17 47 0 96 28 9 20 46 69 35 52 7 8 8 49 83 25 80 73 64 95 43 44 55 71 47 71
27 3 68 32 94 21 39 64 62 38 12 42 31 51 92 95 57 75 14 45 97 26 11 72 80 41 82 64 76 94 61 82 99 84 57 69 50 66 94 52 96 1 54 96 51 100 99 35 21 57 65 41 83 56 84 84 63 34 10 48 80 78 70 87 2 71 88 59 73 70 65 24 20 61 22 45 87 34 43 39 1 100 27 32 83 30 26 91 24 58 88 29 92 9 94 71 23 60 21 95 40 28 58 89 93 44 89 7 64 9 34 64 1 18 100 7 46 61 67 62 32 22 95 72 41 23 36 75 59 17 27 74 53 38
32 81 27 40 17 31 93 39 6 18 12 3 59 96 13 45 44 18 100 1 18 18 2 40 87 6 66 24 45 12 94 46 21 69 98 55 63 13 41 48 30 66 41 47 88 36 10 95 85 79 26 17 71 13 8 44 22 85 6 38 55 27 41 61 33 64 88 27 53 52 76 87 61 45 26 12 49 59 58 28 57 51 1 48 57 19 12 58 61 19 67 88 20 51 6 86 36 70 21 19 89 61 92 14 6 95 83 87 29 24 17 82 82 54 10 73 48 41 63 13 59 53 64 13 9 64 23 61 15 68 43 62 88 55
86 30 75 100 82 12 68 96 54 69 97 18 35 30 39 67 99 48 82 87 76 13 79 93 76 85 2 59 1 86 97 22 21 64 43 75 1 48 29 82 95 45 32 12 87 73 2 30 56 95 32 69 64 29 30 21 99 87 32 80 72 40 60 39 21 86 20 17 24 99 45 79 13 8 1 89 82 23 21 80 12 75 31 72 73 96 78 85 82 93 72 60 49 14 57 58 84 16 57 73 100 81 48 37 7 37 86 11 92 53 3 51 95 53 48 29 89 36 63 65 3 100 94 80 47 54 89 68 53 96 76 93 27 42
2 83 74 24 98 86 17 13 30 32 3 57 18 3 46 93 79 51 10 72 37 75 9 49 58 22 52 0 64 67 29 54 41 71 10 89 60 95 93 91 90 51 0 78 88 87 63 19 40 96 40 99 89 77 87 4 50 25 41 38 84 34 92 28 60 78 30 28 25 98 70 10 3 21 28 70 32 6 1 59 96 84 58 66 29 57 3 87 77 92 78 75 15 80 77 68 90 84 51 57 58 92 57 19 60 17 78 11 55 68 1 60 33 81 15 18 44 14 90 44 48 24 37 43 0 15 30 63 52 95 4 12 27 43
84 87 84 31 30 44 76 57 54 52 28 54 18 79 49 24 60 6 67 53 47 20 48 63 67 12 71 32 98 95 51 71 30 0 82 85 50 40 31 8 77 8 1 44 67 33 82 67 1 2 84 69 62 54 29 98 62 38 97 51 46 34 100 14 53 9 40 12 34 35 55 24 45 7 77 33 15 53 26 27 21 49 98 34 72 23 71 50 4 26 20 77 25 3 8 80 36 5 0 59 78 34 44 31 4 38 25 87 37 57 65 26 2 56 18 66 76 96 40 23 84 9 75 85 32 61 40 55 89 23 91 66 46 5
59 40 82 80 95 47 83 37 32 34 77 40 34 59 66 68 82 57 0 50 15 74 42 31 50 92 82 78 54 11 77 19 63 52 70 30 86 94 59 13 73 59 0 49 24 0 28 92 19 49 82 7 92 67 25 82 42 53 40 87 40 27 75 51 78 78 59 87 43 34 84 11 95 63 25 58 38 91 65 92 1 25 56 0 73 43 21 30 41 90 17 37 88 98 11 47 74 99 96 89 84 13 38 13 26 27 100 37 25 10 22 83 63 9 31 92 92 89 63 23 6 41 33 44 91 68 71 34 5 50 69 91 60 4
90 10 46 5 31 97 56 60 9 62 35 0 2 55 65 83 23 97 90 56 85 21 84 77 79 41 43 43 17 21 13 10 27 61 58 34 53 75 41 50 83 33 94 56 68 59 52 52 13 62 14 32 37 66 18 5 29 69 5 73 100 34 69 73 84 20 43 95 41 98 41 44 48 64 76 45 82 73 39 53 26 64 87 35 32 62 76 30 4 10 75 13 82 42 85 54 36 24 24 6 19 59 9 39 59 10 24 58 76 18 23 20 51 97 73 64 52 48 53 39 3 76 4 44 84 66 43 68 7 60 37 16 57 80
