26 34 40 38 65 74 100 73 59 96 35 1 64 91 52 80 28 42 57 62 1 13 56 4 1 87 26 50 54 93 31 72 25 8 33 28 85 1 78 81 51 73 92 49 72 4 92 28 23 15 100 88 9 80 42 46 43 97 8 44 62 41 97 42 3 90 100 51 7 62 81 100 88 74 90 65 36 73 87 67 92 58 27 41 46 43 8 56 89 14 79 84 52 8 63 95 38 45 31 52 0 72 26 74 80 39 17 35 73 10 48 44 64 92 76 32 14 20 65 63 35 99 54 85 84 24 46 45 100 11 63 95 31 58 55 46 70
75 9 39 65 20 100 5 66 13 62 73 65 24 100 96 22 8 76 73 14 41 79 93 99 14 99 79 84 1 12 50 77 86 61 20 100 25 10 93 79 93 92 45 4 23 8 40 100 45 22 3 94 90 18 94 47 41 10 10 50 38 45 40 61 100 44 55 67 64 75 100 43 1 91 48 52 1 34 39 65 35 50 30 41 10 22 89 52 69 84 41 21 29 21 2 22 16 29 30 51 25 57 21 38 34 76 63 29 85 59 83 60 31 56 100 44 64 54 16 63 57 25 82 47 80 16 83 95 92 35 33 84 8 23 80 11 81
60 90 17 88 43 73 43 5 51 7 59 38 1 49 46 60 19 33 95 22 84 52 16 70 89 75 41 59 31 24 66 60 39 94 25 86 45 100 68 75 83 96 25 48 37 93 31 11 95 36 44 69 67 47 33 55 59 72 84 11 38 42 6 37 87 30 20 0 100 51 15 48 66 75 82 97 64 75 96 32 38 52 74 11 23 18 21 11 7 33 61 96 14 63 45 18 41 4 45 28 3 38 57 3 60 8 100 36 13 29 22 85 1 16 5 41 70 30 6 16 59 64 68 73 16 68 52 93 7 42 95 18 99 79 84 72 54
46 43 49 78 76 29 70 17 64 16 16 14 29 51 50 39 30 3 56 11 27 74 86 36 55 5 92 5 18 30 0 78 33 97 100 44 90 15 31 1 28 34 92 66 5 100 0 2 26 21 20 48 75 64 47 26 48 10 12 29 79 69 19 23 84 84 19 44 71 94 17 4 15 31 4 38 40 30 63 74 48 69 77 63 51 32 20 37 48 53 65 56 15 91 90 54 48 76 95 71 4 58 64 73 55 86 52 5 34 51 91 46 15 86 32 5 32 60 8 64 49 15 23 27 78 94 36 52 52 74 95 15 45 77 99 36 48
51 44 2 12 1 34 39 42 36 38 79 54 84 16 3 38 15 41 72 12 87 75 46 17 94 63 17 68 59 43 5 62 62 32 80 11 18 29 52 62 82 57 81 100 15 38 97 87 63 21 95 12 55 79 53 41 8 86 13 99 80 55 13 0 1 10 71 36 76 34 49 96 90 61 43 25 56 69 86 89 53 29 45 45 49 78 36 5 20 46 48 9 94 27 7 88 44 3 69 18 8 7 46 76 98 16 80 37 99 7 51 9 23 1 41 100 30 46 65 13 35 27 96 35 50 65 86 60 90 13 47 29 61 68 68 6 71
66 98 77 69 44 50 31 79 5 91 36 28 21 3 78 9 13 17 9 12 95 58 71 98 57 88 61 15 64 45 42 24 97 51 96 44 92 36 76 69 69 29 82 33 36 67 16 52 34 81 1 53 21 43 45 45 76 46 40 77 51 50 100 59 87 15 75 69 25 86 35 2 54 4 85 88 13 33 10 61 82 15 2 69 1 55 84 59 36 78 69 68 65 79 9 69 59 55 40 83 73 34 90 47 79 27 4 18 22 44 4 53 44 14 68 33 74 60 8 45 43 58 94 10 1 58 92 56 87 31 98 51 68 92 63 61 14
48 94 85 92 49 30 39 88 30 60 38 87 71 72 38 31 69 17 85 96 97 56 83 21 77 74 71 69 57 46 39 80 13 57 97 86 79 16 57 10 12 39 8 81 95 73 17 47 47 1 65 27 13 62 58 77 13 89 7 28 100 93 34 56 87 99 26 45 37 92 95 71 77 65 0 8 52 49 41 41 16 85 38 91 72 17 11 22 57 50 14 72 78 61 0 91 19 23 37 7 47 9 39 15 100 25 71 43 20 87 87 48 15 45 53 54 88 75 78 8 88 23 58 73 82 20 40 98 5 61 13 89 8 68 22 81 55
33 88 35 55 56 85 22 15 93 7 73 10 13 24 59 28 39 50 31 70 76 80 18 30 86 5 50 29 0 72 97 56 59 22 60 22 6 55 46 34 89 98 83 34 25 18 74 51 87 62 42 30 95 86 4 38 65 83 18 46 20 22 41 26 38 100 20 75 47 44 17 35 23 6 68 10 11 73 71 99 16 10 75 50 97 62 23 7 51 39 72 1 98 73 7 67 90 49 98 29 65 14 100 100 70 82 61 10 77 70 5 43 56 78 89 93 73 59 18 52 79 27 36 34 2 16 91 71 75 23 27 21 67 81 45 5 12
24 60 94 81 37 72 98 65 4 98 32 58 58 23 78 6 92 91 13 0 31 56 56 58 42 27 90 46 63 66 60 55 25 27 16 7 14 29 23 14 6 82 8 13 50 30 96 51 76 29 59 77 98 4 85 59 18 80 25 24 12 20 54 52 42 73 18 27 39 45 4 66 21 45 80 8 79 2 44 68 48 20 5 15 41 7 62 23 10 75 24 89 95 24 72 14 41 29 31 49 51 26 62 92 22 48 98 6 93 69 2 31 77 52 28 13 85 59 54 10 100 77 56 58 49 3 42 47 16 2 45 90 34 52 43 17 52
38 11 20 49 64 53 31 69 31 62 57 22 32 46 3 60 58 81 11 93 39 71 59 59 65 57 45 84 76 0 15 55 66 61 5 1 41 45 41 90 15 93 2 34 77 45 18 30 89 22 2 16 47 91 26 49 82 59 60 43 89 63 53 49 65 74 49 21 81 47 87 55 56 5 12 83 14 33 73 5 54 79 10 87 30 57 7 45 40 26 19 55 94 64 89 69 93 9 50 26 12 20 77 0 52 7 38 91 96 28 52 91 43 92 41 17 54 12 55 73 56 26 90 72 45 29 15 8 62 62 33 91 17 24 26 57 0
70 20 35 36 19 10 29 69 11 44 55 64 34 70 30 61 87 89 14 11 74 7 27 93 88 26 73 96 35 5 51 48 78 65 51 72 57 78 40 54 81 46 96 50 66 97 100 73 47 88 41 23 15 55 25 37 34 82 18 41 14 70 19 23 8 37 59 16 38 46 96 44 31 41 73 1 60 6 83 45 90 44 96 43 13 98 6 9 21 19 46 90 25 1 34 67 48 93 42 57 58 51 3 4 91 91 67 12 71 19 96 11 6 91 84 52 32 88 26 21 1 57 18 82 12 90 77 12 89 71 28 74 22 77 61 49 9
90 60 7 88 99 74 50 80 60 39 54 70 91 15 30 42 59 44 45 4 51 16 53 15 79 48 34 89 73 51 2 25 89 83 96 44 77 52 1 47 44 27 26 31 51 83 7 12 30 40 48 22 14 1 89 28 16 44 7 91 7 94 81 60 79 44 50 27 45 54 84 31 77 5 71 59 91 89 71 14 58 94 99 60 23 72 5 77 59 60 46 50 72 15 45 45 26 71 86 64 10 17 30 97 66 46 25 19 92 43 32 53 56 19 35 7 19 43 91 40 0 48 30 18 64 57 66 0 20 97 79 87 0 38 47 87 7
60 50 33 100 36 6 64 2 97 76 84 99 99 86 99 50 25 0 36 98 84 31 58 21 50 16 81 74 96 4 53 19 76 22 82 99 84 9 42 48 80 8 25 1 33 36 61 90 41 83 25 59 63 23 45 74 79 7 31 84 55 93 90 53 41 95 5 9 99 96 70 95 90 21 14 48 16 90 51 12 7 24 93 11 30 84 52 9 27 1 92 4 20 57 48 47 14 78 21 14 64 6 83 93 50 47 97 17 49 25 49 79 77 3 92 67 83 84 48 52 70 86 58 61 74 35 86 56 72 60 22 69 83 34 16 35 12
65 80 23 51 69 59 1 27 86 2 82 48 95 8 24 29 60 12 2 41 82 67 7 72 94 53 34 30 37 26 14 55 19 95 9 53 32 82 28 90 48 4 47 34 47 5 100 70 30 98 34 28 38 31 65 89 17 47 99 97 43 74 32 96 63 64 47 41 71 3 38 88 36 75 92 57 41 20 10 80 14 37 78 34 98 72 91 58 34 87 11 37 32 67 82 9 80 20 67 65 4 80 37 60 92 82 50 41 61 1 7 21 42 82 12 68 15 96 76 67 70 39 83 31 20 64 27 78 25 8 68 67 40 83 86 38 78
8 52 15 69 97 6 70 61 56 28 68 94 11 9 46 1 80 86 0 64 95 89 39 38 21 18 73 84 55 30 56 78 13 46 34 84 75 91 17 12 80 49 48 88 96 75 36 72 38 75 13 24 1 85 38 68 31 63 67 72 13 71 43 87 67 25 46 54 41 76 53 79 38 45 97 13 1 40 85 0 14 24 32 66 38 83 75 77 85 64 71 50 99 97 62 15 24 45 4 27 41 11 95 64 13 77 89 44 85 41 80 60 7 34 0 1 41 38 99 31 16 83 39 93 62 98 82 91 69 9 52 45 58 10 72 18 33
10 24 20 68 99 89 87 79 77 65 99 17 85 92 4 83 72 91 42 9 58 80 41 6 33 70 25 56 72 69 53 91 23 58 80 21 34 2 90 72 78 83 25 23 61 59 45 64 8 84 100 36 11 41 87 32 14 22 62 24 13 71 16 64 41 66 45 45 78 11 3 35 47 46 11 34 24 89 99 17 100 87 62 75 95 3 28 52 37 39 64 47 37 66 92 85 54 9 96 40 57 9 55 2 70 84 93 41 84 66 7 50 94 88 43 24 5 64 46 56 19 27 71 45 83 0 90 33 2 77 68 88 71 88 46 21 79
16 94 35 9 72 74 76 13 10 23 28 47 22 42 100 45 22 15 26 40 25 86 46 42 18 33 57 80 90 18 65 14 1 66 4 19 23 93 24 70 45 3 17 14 73 25 42 23 92 52 12 47 82 38 96 0 4 50 51 43 60 53 10 51 24 4 77 58 37 73 41 19 20 4 52 26 46 92 93 61 62 85 1 10 93 94 69 69 82 44 12 54 40 70 28 19 69 73 34 13 38 93 33 27 68 72 3 41 42 42 15 54 81 39 96 62 50 14 50 70 43 63 72 100 37 7 44 63 13 23 37 27 96 99 63 18 66
90 59 1 54 70 19 97 89 99 79 70 22 37 56 52 35 60 88 32 33 1 26 80 45 43 20 77 89 43 48 14 28 93 72 34 8 88 49 81 47 3 10 26 71 69 71 51 95 34 82 65 83 56 82 6 73 9 59 16 80 59 23 86 11 30 46 96 99 81 32 36 57 85 90 50 76 59 9 26 22 70 41 88 43 49 15 12 49 28 46 33 24 23 11 11 56 79 8 1 60 80 42 29 89 79 29 69 88 33 9 9 90 16 30 14 5 74 77 64 53 39 60 53 50 18 32 9 29 58 97 14 52 71 50 67 40 19
87 35 70 71 77 21 99 83 28 100 58 72 11 65 1 55 69 76 94 95 76 42 86 19 76 59 7 88 65 49 88 30 57 59 8 46 84 90 93 72 16 11 43 16 50 52 22 52 1 99 66 72 32 28 57 73 66 1 20 15 63 13 49 11 4 74 44 9 30 93 51 95 36 83 32 70 96 83 51 18 21 0 9 26 70 73 25 82 17 17 74 90 11 91 55 89 8 55 62 47 30 95 30 63 5 24 22 51 76 12 18 81 36 12 44 94 72 12 22 13 82 92 24 91 5 74 37 86 49 85 51 8 98 63 66 88 63
35 98 89 62 20 83 86 31 51 81 28 48 94 11 68 28 56 51 100 62 62 38 79 67 33 45 35 62 84 54 5 61 60 94 77 89 43 14 52 34 76 20 92 60 8 5 88 44 24 56 7 44 77 25 63 5 6 65 35 88 14 71 58 19 34 45 50 78 97 34 25 76 39 68 1 54 35 64 20 36 14 58 83 53 2 52 68 28 12 21 53 15 63 26 68 69 72 16 83 28 39 92 96 7 28 68 52 79 12 90 0 2 57 64 73 35 54 7 65 63 55 38 8 41 91 33 46 78 10 49 31 39 73 8 73 72 95
83 95 69 46 15 61 82 86 11 87 54 2 91 38 6 1 90 100 1 10 87 84 66 18 75 33 23 60 21 38 31 7 32 72 5 60 45 93 78 98 53 80 26 87 87 9 4 89 54 6 54 51 19 99 37 16 91 70 9 63 83 58 3 15 68 75 22 91 78 67 66 51 47 92 78 67 95 10 56 36 52 72 85 86 47 98 40 70 89 42 6 87 44 80 19 76 10 78 3 94 76 100 87 52 19 84 10 31 36 57 89 28 46 2 76 1 3 52 23 68 1 45 45 79 75 33 85 26 13 80 6 47 87 39 19 42 100
82 92 4 65 50 22 53 81 79 14 63 74 82 2 37 45 24 71 0 97 99 72 6 64 76 22 86 11 70 78 14 13 94 32 63 56 76 99 79 54 83 60 91 16 4 69 100 43 19 15 44 9 52 98 63 74 0 68 50 95 35 60 87 77 43 66 58 26 13 94 47 62 22 27 8 92 32 92 23 45 32 79 65 61 37 96 16 61 13 0 34 74 80 46 68 17 72 38 16 97 65 74 56 12 64 79 80 32 57 69 23 69 16 93 44 31 54 31 92 83 10 96 82 97 87 25 71 47 80 73 97 71 23 39 95 47 85
100 60 100 31 35 9 98 67 59 48 1 34 10 68 15 42 25 21 64 99 49 30 80 58 65 42 61 69 1 41 47 91 72 22 16 5 5 0 50 39 92 49 28 62 14 100 43 2 74 79 53 76 33 87 84 5 18 51 81 15 82 85 82 99 50 14 3 18 19 50 23 34 36 53 18 86 33 19 96 85 100 41 85 31 93 96 13 14 32 100 43 87 94 35 84 30 69 82 20 21 70 0 63 15 54 98 35 59 52 87 25 19 20 58 16 42 57 19 77 84 15 96 85 16 73 99 51 60 56 88 50 38 94 21 8 91 50
58 67 47 88 38 18 54 24 64 20 78 62 39 43 23 80 11 98 28 49 60 48 57 21 24 66 85 13 49 100 15 45 11 61 34 44 41 93 38 25 75 45 23 9 76 85 41 99 2 36 78 53 80 80 10 67 41 49 95 5 93 77 41 18 2 11 17 17 52 78 54 90 25 1 24 59 86 37 3 75 14 16 0 3 47 72 28 11 24 24 7 52 16 96 39 17 20 60 26 11 80 57 79 77 90 60 85 97 74 62 79 14 23 39 76 24 94 57 76 67 96 80 67 15 40 20 28 87 39 91 19 31 62 69 60 42 81
56 43 51 94 43 38 81 40 15 31 90 17 50 89 70 36 44 70 54 12 50 35 24 88 30 9 89 82 33 47 55 47 27 64 58 76 29 5 66 98 1 82 5 27 70 43 53 28 0 56 77 82 53 93 45 39 31 97 66 48 30 64 76 4 48 45 42 66 50 34 61 47 98 56 61 48 71 99 73 35 34 57 44 78 22 40 51 14 14 36 67 4 84 59 27 1 47 14 87 63 97 99 0 71 91 9 50 12 23 3 44 52 94 70 81 79 37 33 22 72 11 70 27 83 94 64 7 69 66 79 14 29 44 14 58 53 97
49 1 63 25 74 36 47 15 11 50 63 31 34 24 3 58 90 73 15 76 33 66 67 21 25 22 9 67 93 18 24 19 17 84 31 70 80 8 76 53 32 92 6 66 51 24 58 50 72 82 92 59 22 44 95 44 75 31 67 66 19 87 29 36 6 79 45 48 1 55 24 92 47 89 59 63 30 25 84 51 58 39 73 26 52 95 42 45 81 45 50 34 95 89 57 5 48 69 86 81 3 17 35 26 9 89 65 4 69 99 91 89 94 82 45 90 42 86 83 14 90 53 8 70 41 61 40 44 1 62 79 89 56 92 25 21 80
38 24 84 11 50 48 94 96 85 73 83 47 88 92 93 13 18 98 54 24 29 38 83 35 16 37 54 80 23 15 29 57 46 11 51 21 26 33 54 64 35 29 81 66 13 55 21 73 10 31 82 73 94 48 4 2 8 38 67 30 15 26 88 21 64 54 45 91 55 94 47 4 13 93 62 56 46 3 97 48 81 74 9 15 50 30 85 97 42 73 21 83 89 86 33 96 95 3 26 78 3 88 62 15 97 40 27 61 68 42 18 63 12 11 62 54 84 60 1 22 22 36 19 63 4 88 30 36 16 42 89 16 70 49 9 75 9
60 97 80 70 60 10 33 26 47 43 77 49 35 7 98 97 68 31 29 1 75 94 95 24 46 59 10 37 66 82 22 68 46 87 82 92 90 92 44 32 35 39 26 53 55 1 78 78 41 90 52 21 99 56 23 37 41 41 30 42 82 24 64 60 81 93 0 40 62 89 26 24 36 96 95 79 15 82 21 96 37 16 61 33 9 68 67 6 100 97 87 22 0 43 34 43 26 28 91 17 9 39 93 9 39 100 54 85 42 66 48 30 2 42 3 6 55 47 27 21 60 86 34 5 64 43 16 9 50 13 82 91 53 94 69 78 24
18 43 94 72 89 2 51 89 91 26 11 57 100 37 0 25 54 65 93 20 14 84 14 72 97 41 8 1 37 16 28 97 28 57 70 66 2 66 75 69 31 51 92 29 16 4 63 51 89 84 20 90 24 26 90 48 4 30 37 31 98 91 32 29 31 76 62 45 37 54 94 46 52 48 73 8 57 6 33 84 20 72 1 15 40 61 6 48 14 5 93 34 4 92 23 81 73 24 4 26 52 52 83 85 87 17 38 43 40 88 56 19 45 93 70 14 29 74 17 66 31 16 32 96 11 25 67 66 30 31 4 4 48 82 86 75 46
20 29 84 80 52 2 16 93 26 59 26 18 62 88 77 57 77 35 68 73 22 52 6 75 49 51 22 60 100 17 66 93 18 83 27 62 61 58 46 34 50 95 31 28 10 72 70 33 89 0 59 28 53 12 23 12 81 33 7 20 21 65 11 37 55 89 77 88 78 89 20 75 45 3 7 46 19 68 95 18 100 67 96 4 24 28 43 65 71 28 36 1 13 37 62 9 21 55 91 40 88 96 44 39 74 73 86 63 33 45 42 43 91 92 72 52 20 10 48 64 57 33 26 25 17 4 76 90 55 29 76 24 27 89 12 12 55
21 39 15 20 85 82 51 14 32 43 78 93 36 99 39 82 76 17 70 28 75 27 12 100 58 98 64 31 56 89 77 25 23 40 91 11 33 24 60 39 19 48 1 40 97 29 9 62 67 81 68 8 34 0 36 25 54 76 87 26 64 35 94 64 37 2 77 41 75 41 1 50 6 90 33 46 49 52 43 98 94 52 40 78 27 13 91 72 98 6 25 36 56 9 30 97 92 92 50 18 97 76 14 1 94 94 9 98 1 31 5 9 67 5 0 86 64 63 82 1 88 76 24 75 98 31 55 39 15 71 97 25 43 45 92 54 81
17 100 15 8 76 30 36 72 53 69 46 19 24 26 4 19 60 44 46 99 97 61 92 41 15 24 45 0 6 96 35 73 47 15 2 80 78 40 32 98 15 25 62 19 92 43 19 78 90 62 29 16 52 19 40 95 92 21 91 28 40 10 24 93 82 47 52 68 94 92 86 13 28 13 1 99 22 88 42 85 36 3 45 1 47 40 66 87 84 87 33 25 1 33 31 68 65 76 30 29 66 0 16 19 100 83 31 29 23 79 28 32 31 18 54 46 2 67 50 69 14 100 66 4 82 23 23 95 54 21 57 73 24 74 16 21 17
11 32 37 50 11 39 27 43 41 13 78 26 19 48 95 48 20 68 54 73 61 33 62 48 37 26 42 95 87 99 66 60 30 86 44 15 39 80 63 35 74 42 60 94 92 10 69 6 65 74 99 76 79 85 0 56 58 8 39 42 0 18 10 57 86 7 84 26 89 32 43 52 69 78 90 84 63 55 25 74 52 74 18 4 21 17 72 41 60 39 13 57 89 4 16 42 86 81 84 16 47 22 7 26 79 32 67 5 56 34 8 44 73 79 4 65 4 45 11 53 54 30 17 75 87 9 66 14 34 54 17 49 96 32 11 58 94
44 70 60 64 72 17 54 51 81 70 87 95 74 97 99 61 10 9 30 13 29 4 8 61 43 58 12 71 56 95 64 13 60 41 68 80 99 41 90 24 92 48 26 67 20 58 68 74 48 27 72 81 90 83 96 89 88 54 51 73 95 30 23 71 16 63 36 66 27 40 41 46 70 78 18 85 60 43 9 80 50 81 11 94 34 95 33 72 99 49 61 9 21 26 76 75 93 28 85 66 78 70 10 95 92 0 42 59 94 67 16 97 32 29 97 14 92 89 19 50 17 77 3 69 91 44 42 43 85 35 4 9 58 2 93 43 68
73 98 40 88 47 11 86 54 34 50 70 86 39 79 96 96 38 61 23 29 82 94 58 74 22 61 34 81 45 22 3 56 90 40 72 53 19 27 19 97 75 95 22 48 20 40 87 67 50 23 69 71 97 18 28 14 56 38 83 77 20 91 29 62 89 6 26 48 30 56 85 40 77 1 73 61 13 21 37 35 100 31 86 98 24 100 61 21 98 64 74 94 67 69 84 85 90 0 17 67 66 95 84 36 68 48 40 72 78 79 95 66 60 71 67 66 52 66 50 86 37 78 20 6 20 1 63 51 17 11 5 100 54 17 77 1 24
54 24 7 34 76 64 22 32 77 13 19 59 71 64 33 63 4 78 71 75 84 43 37 17 98 62 94 92 71 96 60 48 57 61 35 6 6 0 68 84 44 63 13 7 68 39 21 4 43 99 27 35 47 65 79 81 69 10 64 55 2 63 79 65 22 36 62 59 83 26 83 3 93 4 47 58 93 34 95 19 7 31 51 93 36 0 6 9 69 10 54 58 4 50 58 25 30 20 58 86 37 50 17 62 41 55 1 84 42 61 47 59 82 85 31 93 63 41 25 93 59 7 81 85 16 24 34 97 59 62 71 23 75 89 46 61 82
65 73 32 75 62 31 93 13 41 58 15 95 33 73 97 81 79 32 23 15 72 53 99 55 7 95 90 24 31 29 55 30 31 79 74 50 54 92 50 99 65 87 58 55 73 78 34 80 35 88 75 0 88 79 39 57 77 91 65 9 52 9 7 62 89 67 62 59 32 91 84 75 15 45 47 53 23 18 72 9 76 27 24 67 64 96 18 54 0 74 91 84 77 75 62 48 82 81 34 18 95 70 22 26 80 39 86 10 77 100 18 40 7 46 22 26 2 24 22 59 14 7 23 93 73 24 20 24 52 65 43 78 40 56 60 20 3
10 7 8 24 40 59 79 38 18 76 82 16 45 87 39 21 19 60 63 39 13 48 49 87 85 68 43 86 92 25 36 57 5 63 76 74 55 76 6 10 82 71 12 38 36 45 50 79 3 42 91 22 20 48 25 38 18 94 65 97 14 11 60 32 98 26 81 30 54 30 38 33 31 46 89 76 36 22 49 32 75 27 4 89 22 94 18 81 89 46 39 84 65 17 89 30 82 21 43 100 12 94 97 90 14 8 1 90 82 21 19 100 35 29 7 94 48 39 68 26 21 13 98 78 76 18 100 18 60 93 0 100 13 62 85 90 98
5 72 17 29 75 66 81 23 36 67 48 69 29 35 42 55 40 5 68 100 20 88 76 96 31 87 77 97 49 28 50 39 83 11 53 7 83 48 89 50 20 39 14 19 19 4 42 61 50 51 85 13 98 33 43 56 57 20 21 75 58 92 40 30 73 10 35 78 84 66 72 15 67 55 86 63 19 72 10 17 7 74 84 3 4 57 5 42 91 5 40 35 97 99 79 33 47 52 39 81 57 74 48 5 21 86 18 49 77 83 99 49 25 28 35 89 46 45 24 75 67 85 23 46 36 1 72 82 16 39 23 7 30 81 59 33 56
94 44 22 46 55 23 1 94 4 52 9 30 37 52 38 77 83 5 9 4 48 37 93 68 68 6 89 93 12 97 80 58 56 90 60 52 75 21 93 60 21 58 82 95 16 72 47 28 52 97 9 19 9 95 13 49 55 15 9 99 7 83 56 52 54 23 9 37 8 13 3 11 39 86 92 96 45 92 80 35 60 87 22 19 47 44 63 29 40 40 34 60 79 84 98 20 24 29 44 2 4 85 35 83 46 29 68 35 86 44 32 29 20 74 77 87 59 80 57 19 11 65 89 76 43 22 35 86 51 32 2 13 25 30 61 87 25
68 33 96 98 47 52 43 21 16 18 85 75 41 81 76 34 47 12 59 23 40 96 7 68 17 40 71 22 51 16 88 74 90 84 77 96 58 34 53 77 22 76 44 25 34 19 74 18 38 100 34 87 14 38 88 54 79 45 18 42 28 70 14 78 90 92 20 82 60 89 69 94 8 17 54 43 50 48 34 68 34 54 71 31 48 61 92 68 85 52 12 51 71 86 64 63 95 94 23 78 41 23 1 28 20 4 58 93 88 10 21 2 61 19 89 98 83 66 45 74 5 20 95 68 35 81 100 32 37 15 32 31 98 76 76 16 36
68 27 61 29 11 74 88 78 95 72 62 15 97 50 73 13 85 47 36 67 45 76 61 13 27 34 47 53 54 23 93 43 91 69 24 1 59 73 82 23 72 16 47 8 80 98 49 42 77 54 7 50 39 93 97 6 11 78 49 4 23 65 57 56 28 74 63 18 87 87 3 99 42 93 62 89 73 67 87 75 57 70 70 10 90 85 78 96 87 12 25 41 26 11 59 30 69 100 87 55 90 2 96 97 34 62 95 27 9 13 25 85 12 84 86 35 9 55 0 53 32 26 93 99 93 86 44 74 82 92 32 44 87 15 58 67 42
56 95 53 26 59 96 98 91 91 63 3 37 82 23 36 41 57 24 35 52 9 49 3 13 0 48 16 75 96 76 72 30 100 57 45 54 57 42 96 43 55 19 86 11 41 61 33 68 10 49 67 85 74 61 2 69 34 26 65 50 80 19 92 32 65 94 32 46 32 44 37 58 40 86 69 99 39 63 85 30 53 47 40 35 63 57 70 99 94 27 6 25 8 27 39 36 74 15 68 19 92 18 98 50 61 34 46 5 78 11 23 56 57 31 65 36 16 73 37 25 31 65 58 36 95 34 16 31 1 86 22 3 61 35 93 39 99
67 4 67 56 91 29 7 9 40 94 7 12 95 81 64 87 23 64 41 79 69 67 55 9 46 63 57 32 39 59 60 48 40 22 59 98 76 71 31 47 59 68 51 29 4 62 84 83 85 11 10 22 47 10 68 31 49 8 25 38 16 40 78 76 57 67 0 43 84 49 15 55 94 25 10 27 61 77 11 2 20 65 23 31 3 0 56 90 100 63 41 16 94 72 36 77 18 36 80 59 0 15 25 82 10 95 55 42 88 16 12 30 63 79 34 31 78 28 88 26 3 68 53 44 65 73 93 41 41 26 2 30 33 9 7 12 70
81 45 1 39 18 5 75 99 68 99 41 36 9 83 26 56 8 41 84 22 75 84 88 59 7 100 67 68 1 5 65 54 7 10 0 93 12 30 69 4 3 68 72 91 13 36 25 91 49 99 42 51 98 96 95 62 68 58 25 20 56 8 43 24 58 23 9 14 48 24 65 27 95 88 38 97 41 44 69 48 72 63 30 85 100 39 25 36 90 59 36 96 58 24 92 50 64 65 58 80 41 50 95 70 91 42 10 72 8 21 67 54 64 62 78 26 14 2 88 30 86 1 5 73 57 72 44 13 24 47 96 28 70 53 86 30 31
87 90 70 37 81 22 20 32 42 96 3 5 97 39 12 23 98 33 37 37 78 53 93 16 68 54 29 100 94 90 85 44 68 57 22 42 18 25 52 93 0 85 78 0 71 1 46 4 66 99 71 83 79 41 100 1 79 89 71 46 1 76 7 100 75 39 0 23 45 78 5 68 62 40 30 25 27 88 58 71 18 77 41 44 65 91 23 85 11 28 22 10 65 24 34 100 47 14 55 56 65 47 87 48 52 48 96 66 61 55 18 61 7 14 28 92 28 34 21 83 90 85 0 8 11 77 45 25 99 89 7 56 47 71 80 85 84
37 16 73 81 18 92 24 42 39 82 42 10 40 17 65 76 32 50 60 3 75 66 31 30 43 60 27 3 56 76 86 84 68 70 7 14 70 78 17 20 54 66 19 84 30 68 81 87 60 4 55 67 4 20 60 61 28 40 89 58 39 23 35 63 38 12 37 6 34 76 12 0 33 85 25 58 69 23 12 79 43 86 2 18 0 24 98 55 38 49 14 4 38 62 36 89 61 40 43 62 44 89 98 6 51 81 60 70 0 27 87 95 69 43 83 78 85 13 95 49 33 35 56 41 17 78 46 91 41 70 6 81 19 53 35 79 40
44 61 80 16 94 24 47 43 17 36 80 52 76 14 34 54 47 52 47 17 63 25 41 18 59 41 86 50 89 98 41 94 83 6 43 37 59 74 72 3 13 45 64 21 43 24 48 3 65 86 33 68 70 99 37 77 4 85 67 13 45 89 7 92 72 19 61 45 7 39 65 80 66 35 48 3 49 42 19 27 35 93 24 1 92 32 49 12 8 94 38 99 78 0 19 91 52 74 43 17 45 92 8 85 56 34 32 96 70 51 55 19 25 12 69 21 57 76 21 79 16 12 6 28 37 54 88 47 60 19 94 5 35 95 97 30 49
75 52 97 84 8 91 97 74 69 4 58 91 47 31 69 25 50 68 58 92 51 61 32 82 3 86 79 63 67 20 12 88 77 60 41 51 56 84 52 8 100 21 20 24 80 89 61 8 16 74 78 9 74 98 24 75 81 78 45 54 88 72 8 74 40 38 34 23 24 61 51 37 75 75 83 56 68 44 56 27 12 38 16 55 38 0 31 74 84 14 67 4 63 44 40 63 38 29 91 10 93 69 23 0 34 94 47 7 74 84 62 33 57 33 51 33 18 19 76 32 58 64 70 15 39 68 93 54 77 53 17 38 41 71 67 13 11
11 56 22 35 46 94 3 28 28 96 1 55 94 99 55 13 19 69 82 63 24 31 80 58 41 87 49 4 81 9 95 11 15 98 0 73 59 38 47 32 48 36 49 38 45 39 36 25 58 25 95 59 20 6 41 14 41 49 23 62 96 1 12 5 0 22 48 62 78 23 24 88 18 68 22 31 29 33 55 14 62 99 57 24 84 33 11 8 54 51 77 5 93 77 78 15 62 82 93 21 8 80 26 48 0 20 88 26 89 37 7 85 86 85 99 26 15 46 70 37 32 26 7 35 77 71 52 15 77 99 25 35 40 36 17 40 8
92 59 85 41 55 73 0 53 30 2 45 75 21 28 51 37 37 79 31 76 90 28 29 60 59 15 29 98 4 22 61 17 16 47 34 44 11 59 92 40 10 67 36 3 25 52 36 35 36 58 44 6 22 5 75 73 61 2 99 32 18 77 98 13 22 93 86 60 42 3 34 21 100 36 25 23 3 13 50 19 81 53 2 44 27 4 78 92 86 97 31 82 26 79 21 27 15 30 85 56 97 13 17 84 99 75 57 69 6 64 45 92 62 21 80 11 28 39 24 18 48 66 10 23 22 31 53 66 13 87 5 3 72 71 21 18 45
96 33 55 91 30 9 93 74 72 91 32 19 40 90 73 62 67 81 37 41 51 36 83 90 63 48 48 93 3 0 56 6 23 88 60 64 76 2 85 40 30 78 42 1 95 87 49 30 56 2 16 100 66 66 95 59 49 62 5 51 26 36 24 82 63 19 78 85 57 60 0 30 71 53 12 21 87 19 57 89 22 19 54 22 12 51 79 23 41 18 54 22 8 91 53 36 55 3 37 9 52 33 99 71 42 18 5 34 17 93 14 52 18 60 71 40 17 5 64 61 35 59 56 87 76 13 55 82 27 16 87 26 48 100 85 73 24
12 96 36 80 0 1 44 59 54 63 8 59 33 26 4 32 93 1 50 14 94 99 15 44 48 45 3 23 2 43 49 66 53 63 20 0 31 32 70 39 2 18 81 22 46 64 67 83 2 62 95 15 26 95 26 84 20 85 32 96 51 96 2 51 35 27 38 94 95 9 80 24 85 87 46 38 66 36 72 33 62 25 27 16 37 58 70 33 26 86 73 82 87 67 23 59 0 95 47 18 56 46 80 84 88 53 38 29 10 39 95 20 17 34 30 32 2 44 59 77 22 4 6 44 36 44 57 41 90 10 73 53 63 8 71 5 94
39 85 3 64 42 13 23 30 54 71 68 27 44 53 45 88 7 8 71 39 15 48 9 0 88 14 52 6 92 54 1 87 5 23 64 28 100 63 89 76 82 50 35 22 7 4 25 37 9 75 69 33 20 35 69 23 28 7 76 18 25 51 3 14 93 62 11 1 53 59 93 44 12 67 4 56 61 36 26 80 6 22 76 17 25 55 94 11 61 22 88 22 100 14 91 51 92 65 46 11 67 91 17 68 10 31 32 89 85 89 26 2 73 83 91 30 13 13 77 45 82 98 42 68 14 32 0 25 30 89 1 3 54 89 85 15 70
84 65 92 44 29 83 66 18 84 20 28 22 32 34 100 41 36 4 85 88 15 87 55 12 41 79 60 19 41 8 77 86 29 89 20 90 52 90 28 1 56 82 54 30 1 97 16 12 39 73 21 23 46 10 27 64 36 75 57 79 4 17 91 47 32 99 95 1 6 38 51 43 71 91 80 96 24 27 37 61 70 64 38 85 19 44 59 29 30 26 95 72 59 32 20 76 15 67 55 98 29 4 46 16 32 77 6 75 20 22 76 13 20 37 23 80 97 17 96 14 30 24 89 69 93 10 8 54 84 35 27 46 99 5 86 80 8
55 30 24 85 12 94 26 60 32 40 3 11 84 8 33 13 73 78 74 65 45 28 44 38 82 21 22 10 55 70 43 11 90 78 12 76 49 62 95 39 39 65 62 51 47 81 97 9 46 18 96 20 75 86 37 4 94 94 78 16 51 34 36 12 15 97 66 14 39 4 11 25 0 23 81 63 44 33 18 73 42 53 70 80 3 32 15 91 67 71 41 55 7 65 2 62 86 81 65 86 38 44 72 68 52 3 80 69 39 3 53 48 42 76 0 80 99 47 31 66 43 37 49 16 13 90 93 52 27 41 59 31 19 26 92 3 15
56 69 40 52 46 35 28 70 27 23 92 62 38 70 33 67 75 1 18 10 18 18 56 14 62 75 58 87 45 7 93 14 37 69 82 1 7 38 87 14 12 35 90 82 89 64 80 42 95 47 63 20 37 97 66 0 49 6 55 11 53 11 12 87 23 58 62 66 53 78 98 60 71 29 17 63 23 89 31 41 86 57 44 23 56 78 32 15 94 96 18 1 16 16 33 6 49 12 62 2 88 3 1 1 52 36 26 12 59 38 38 33 18 65 52 12 58 81 3 92 42 27 27 36 42 2 50 25 37 27 34 96 96 72 42 17 1
99 51 40 44 11 90 79 55 28 78 92 31 17 84 2 94 53 91 53 30 50 93 15 15 51 56 23 90 99 66 82 46 71 34 49 69 64 39 69 49 6 97 57 76 29 10 81 13 3 62 87 30 95 5 86 9 12 56 86 58 60 26 12 41 6 68 42 50 4 10 13 93 54 0 21 64 1 39 21 8 8 53 15 51 44 43 65 97 80 82 72 53 90 21 61 45 84 70 78 91 50 2 67 59 43 43 71 81 5 61 11 68 21 81 22 23 89 54 99 96 47 81 51 40 20 34 94 64 84 15 79 83 37 87 55 6 74
58 23 22 54 44 43 51 58 40 9 16 3 44 15 12 97 97 98 52 55 94 75 86 32 53 96 24 93 40 88 42 28 23 77 23 17 36 1 43 93 95 64 48 30 0 94 89 82 52 32 71 85 72 59 14 49 54 22 44 43 2 65 4 81 72 60 93 36 84 42 74 63 61 73 95 9 56 96 81 52 1 10 82 11 60 14 15 36 44 80 75 61 100 79 22 30 71 67 93 48 49 34 51 44 17 19 89 35 42 3 48 99 36 99 27 38 94 25 88 36 87 74 27 63 56 94 67 80 92 80 47 44 21 2 14 43 39
80 69 94 48 62 24 64 59 79 62 20 12 33 14 90 80 62 16 51 13 38 12 82 2 93 65 87 99 94 45 2 79 54 92 7 10 44 85 31 12 82 68 70 97 79 12 73 24 9 42 27 80 62 75 34 15 32 10 29 39 51 25 39 72 63 19 0 62 23 62 74 35 11 25 16 32 99 57 81 94 9 61 47 1 15 64 8 22 88 48 45 38 96 84 70 50 58 6 61 74 3 67 45 57 25 33 97 74 61 52 75 48 67 94 11 30 81 79 15 4 77 23 26 39 39 43 28 40 71 76 3 2 22 88 96 55 43
85 40 74 46 61 76 1 39 25 49 5 44 45 71 40 10 59 52 81 71 14 98 69 44 100 1 35 61 21 69 52 48 72 92 46 48 27 36 14 41 89 26 98 99 69 91 60 83 80 56 72 90 44 84 57 61 6 18 12 31 94 34 66 10 80 20 97 47 80 11 10 96 81 92 80 88 0 71 70 64 90 2 9 56 5 94 75 36 43 13 70 14 19 16 53 27 41 15 97 41 36 61 76 70 51 66 48 45 62 34 6 64 0 30 84 87 35 62 67 91 20 49 51 19 73 8 2 88 41 73 4 10 49 77 35 50 52
55 49 98 26 63 6 73 10 88 16 58 47 96 94 28 87 39 6 93 71 90 93 43 77 35 12 22 69 16 39 5 29 87 69 47 74 3 8 85 78 48 35 16 17 96 92 85 33 69 89 69 63 98 61 94 32 84 94 82 22 53 57 37 38 84 24 69 3 64 78 83 74 18 87 82 29 40 48 55 91 7 52 33 26 53 39 31 59 58 85 82 82 39 100 29 29 36 47 79 34 19 70 74 84 34 12 14 50 19 85 57 94 79 68 51 70 10 90 36 26 22 38 47 37 71 9 94 48 89 85 9 32 86 1 49 37 19
22 3 15 86 3 5 76 41 82 78 5 13 82 67 48 65 62 69 19 57 33 2 89 99 96 63 15 32 47 100 57 55 72 69 39 16 77 75 53 6 82 21 88 4 68 67 64 1 15 91 22 19 67 27 76 28 51 30 63 53 68 1 100 83 0 14 12 45 7 3 21 62 89 17 97 6 47 15 86 22 15 16 12 85 80 69 9 30 33 82 22 75 99 11 13 13 72 85 23 68 80 30 17 68 33 27 77 34 4 38 4 38 34 60 39 77 53 31 59 64 39 94 69 5 88 18 37 49 53 49 32 36 21 20 92 6 60
71 91 93 51 2 35 17 84 74 0 63 58 69 58 31 22 98 25 28 57 67 93 4 28 19 72 69 61 16 80 73 59 6 99 12 69 37 40 85 71 59 63 14 21 11 14 58 80 67 86 69 34 97 66 18 41 4 74 75 11 98 7 0 49 24 76 36 82 95 7 37 86 46 44 49 2 8 99 31 61 84 68 56 56 22 64 33 29 68 97 13 88 94 33 67 46 64 37 14 43 84 85 29 35 48 91 33 96 26 20 82 36 54 68 25 0 43 10 73 65 30 91 39 88 93 100 6 85 38 88 83 81 23 91 26 92 76
14 59 9 37 91 14 35 72 66 48 17 41 42 5 91 74 73 60 86 31 42 26 54 36 24 22 21 3 39 24 9 52 76 71 34 70 100 3 66 22 68 83 47 58 50 17 29 100 67 97 61 49 63 43 44 35 44 32 0 38 74 73 93 48 26 35 64 7 7 13 13 84 53 1 50 4 76 66 75 88 31 32 79 26 22 34 84 40 1 14 87 35 68 21 6 7 34 25 52 53 65 87 19 12 26 32 37 21 22 45 30 22 94 28 59 76 80 82 26 12 81 51 56 29 72 99 1 15 94 84 48 6 38 16 68 99 67
9 12 47 8 37 34 13 12 42 94 67 5 16 55 13 100 70 85 64 55 80 64 24 55 32 62 18 31 63 73 41 13 22 3 59 54 69 99 28 39 9 12 8 11 9 78 28 24 28 67 22 81 39 98 30 15 46 0 53 76 12 36 66 66 44 25 34 4 29 4 93 50 35 54 96 96 82 21 40 75 15 13 98 70 39 66 59 93 74 82 79 16 56 62 34 25 7 99 1 94 78 75 92 12 47 36 5 65 87 62 71 75 59 47 42 64 80 47 72 80 54 41 38 60 64 86 84 33 36 68 45 32 98 32 4 72 14
96 90 19 98 45 23 10 90 64 90 79 60 50 98 37 17 96 40 43 9 41 29 68 19 68 33 4 78 59 41 8 50 90 41 20 3 93 48 6 29 40 91 36 76 96 63 40 68 91 41 51 22 87 18 64 51 49 51 64 4 54 36 73 84 28 100 72 38 19 79 5 71 1 55 45 74 2 8 91 8 35 58 14 88 75 81 75 3 90 35 45 89 34 50 91 45 71 0 69 0 77 63 10 73 63 71 100 79 97 74 11 29 42 30 27 18 81 66 23 61 50 98 10 77 40 81 91 62 65 46 99 30 2 87 27 52 46
4 10 20 51 19 29 88 34 51 18 61 27 43 84 100 83 17 96 47 59 30 47 86 92 89 30 51 14 46 61 58 37 11 65 83 75 54 42 47 23 46 93 21 89 100 41 12 53 3 18 17 97 33 52 33 71 25 69 47 85 61 46 96 1 64 65 99 32 71 46 32 48 99 88 95 95 5 73 57 0 88 24 65 90 25 24 42 81 85 79 71 10 29 29 56 92 9 75 1 7 60 94 81 41 10 45 81 79 32 29 92 43 48 76 5 61 21 64 11 35 86 50 97 55 44 94 41 83 89 73 18 45 66 6 88 24 9
17 67 73 88 90 83 3 67 92 92 43 24 52 87 38 85 17 87 94 46 91 91 55 53 97 69 86 58 90 85 0 61 63 4 31 78 100 99 83 78 19 9 58 60 59 13 3 48 71 10 16 52 62 5 26 25 28 79 88 33 41 59 67 2 94 68 27 31 97 45 97 57 41 16 86 68 91 89 95 58 57 42 69 63 21 73 63 34 50 57 90 38 70 94 28 90 14 32 47 76 13 55 30 45 97 15 19 50 57 48 49 89 87 18 96 48 46 91 51 9 23 82 10 44 47 93 0 49 18 99 38 69 1 2 21 11 35
21 36 31 41 60 98 12 6 86 48 23 93 78 39 52 17 38 2 85 77 51 92 42 51 20 79 18 43 62 8 64 85 42 97 86 35 66 31 27 20 53 8 57 35 9 54 47 59 28 13 61 22 10 22 48 75 34 31 10 56 10 18 48 78 72 37 36 41 30 33 86 28 68 54 64 65 39 63 17 11 97 1 94 13 32 10 70 13 96 55 1 13 89 10 92 55 10 45 37 1 91 63 0 75 46 88 35 42 46 62 78 2 42 3 39 62 47 53 7 83 96 41 95 90 73 80 3 65 61 69 15 48 58 62 82 12 28
96 51 100 4 61 20 67 75 54 72 75 89 91 7 24 20 26 44 70 74 31 39 23 85 30 56 40 2 85 22 27 33 40 53 48 33 48 67 1 47 37 72 31 86 49 5 31 22 83 66 39 28 86 78 88 39 100 67 67 60 18 3 70 20 8 26 60 39 21 11 22 27 21 4 16 74 78 44 26 94 27 8 12 51 61 94 45 37 7 73 66 84 6 44 65 71 42 58 83 98 50 54 25 40 4 41 6 99 96 35 44 97 91 6 21 19 45 75 32 89 6 67 26 87 96 84 54 49 88 76 69 39 53 62 35 89 43
42 42 2 91 8 83 12 21 84 67 39 15 88 47 71 71 84 76 83 4 67 86 21 91 59 33 54 1 3 72 22 57 43 50 25 42 72 72 68 69 12 97 76 96 74 94 58 45 37 25 69 42 84 81 14 76 52 80 49 69 70 52 100 47 85 1 52 59 73 5 25 84 90 79 45 94 86 49 75 31 83 31 47 20 13 27 43 90 59 62 68 43 8 59 51 36 95 81 60 41 92 74 60 92 31 64 65 18 93 84 13 53 55 9 57 41 45 64 64 2 74 88 49 20 47 97 8 16 96 73 13 64 25 14 55 95 3
66 20 66 6 91 48 65 47 68 7 46 44 10 26 40 97 52 89 20 21 29 5 58 10 62 88 10 13 27 46 85 52 41 44 49 66 84 41 11 23 10 58 48 84 27 79 46 0 80 51 98 30 59 34 65 82 80 91 49 1 66 64 27 94 4 45 90 14 64 59 21 78 51 18 0 9 55 38 84 26 14 88 12 43 49 6 23 86 76 40 71 16 35 6 92 12 10 82 56 36 80 79 79 22 71 80 65 66 22 52 29 99 34 69 98 92 49 88 35 86 50 49 14 90 10 64 4 6 39 0 86 5 5 7 37 59 55
79 42 45 96 38 90 95 54 23 6 51 26 69 54 96 96 4 94 41 67 65 75 13 26 90 97 56 54 18 50 3 37 50 22 73 4 96 35 51 85 33 53 73 45 15 20 32 78 17 27 100 64 1 6 69 81 66 83 59 10 12 16 8 42 85 52 47 31 7 49 73 7 93 89 84 33 16 48 21 50 51 69 10 48 79 98 64 80 56 6 77 2 6 57 66 88 34 26 52 65 46 34 23 48 49 93 100 51 42 25 76 52 13 60 3 64 96 63 80 1 92 66 2 76 46 96 29 54 28 40 39 87 77 49 41 6 35
52 31 70 88 93 18 41 37 29 21 97 97 19 87 88 1 34 17 85 0 41 69 12 23 24 18 92 82 13 14 85 50 55 26 78 12 4 38 92 3 38 70 42 3 2 96 3 81 6 56 64 84 88 18 31 16 14 38 97 56 11 56 81 57 91 1 16 60 71 60 83 71 2 21 1 7 88 7 9 5 94 34 72 12 9 98 74 50 13 23 22 33 35 85 16 2 31 67 57 36 70 44 28 39 9 26 10 35 38 76 41 67 81 71 88 6 12 84 16 97 19 33 91 38 48 73 28 91 10 2 82 45 81 0 56 28 11
67 7 31 50 62 91 24 5 48 54 30 47 39 72 27 80 23 74 55 6 26 2 5 33 21 44 49 72 60 51 29 57 49 72 80 50 6 11 80 12 28 40 91 71 19 92 12 70 98 9 86 22 73 56 76 38 2 28 18 33 39 30 66 81 25 80 0 0 70 59 94 47 24 0 92 70 64 81 28 65 17 71 13 35 10 19 15 26 94 48 78 44 19 64 36 10 88 2 63 74 86 8 76 34 86 25 71 50 74 26 88 58 54 13 85 73 69 59 46 14 27 25 7 17 4 49 58 69 10 98 66 57 39 40 59 98 23
22 14 12 60 31 64 47 50 12 37 75 85 15 43 41 37 97 63 5 39 91 77 46 9 76 0 81 0 74 44 43 61 26 21 10 20 77 70 26 98 93 96 96 22 34 97 1 12 36 76 33 57 50 81 23 30 3 84 35 75 77 13 8 27 54 46 78 97 32 95 78 58 96 40 91 11 7 9 64 50 98 88 55 13 79 9 76 56 26 91 44 84 14 63 95 25 15 78 0 74 74 40 9 71 19 32 7 98 56 79 72 17 10 72 86 83 95 6 96 50 83 98 8 55 4 36 30 31 49 16 63 17 85 93 21 7 62
14 35 32 41 10 4 62 52 75 1 86 53 1 22 21 70 76 59 39 19 61 62 76 84 42 26 96 95 17 67 52 83 24 18 81 10 15 74 87 1 86 93 31 47 27 11 31 67 72 86 17 32 62 34 13 82 63 2 66 25 27 28 79 99 93 30 6 88 19 1 78 60 33 34 4 61 73 46 18 2 31 44 64 49 35 95 70 86 2 11 39 85 39 6 83 84 44 27 32 28 88 62 27 50 4 100 7 8 23 45 87 86 24 91 1 45 7 44 10 88 89 82 78 75 36 10 37 28 24 35 67 40 87 81 19 36 21
94 49 29 67 65 0 12 52 40 36 69 46 10 73 56 22 16 86 91 96 74 64 89 35 99 16 73 84 12 13 20 83 24 42 5 12 88 59 62 16 89 12 59 7 16 82 74 84 21 54 36 33 8 65 34 33 0 1 63 8 20 37 41 56 28 56 85 15 15 2 100 53 52 11 0 34 35 60 18 47 0 10 87 97 89 34 78 3 61 12 73 73 3 95 36 84 87 16 34 46 99 75 49 26 93 42 95 22 12 92 44 71 59 98 98 22 30 71 57 4 93 72 64 100 69 27 43 29 42 68 25 81 23 71 1 91 56
29 15 66 95 33 26 49 88 82 4 90 13 92 29 98 17 95 63 26 88 87 52 9 22 19 13 5 69 67 74 86 37 65 10 20 59 22 21 72 99 99 44 30 3 10 22 100 47 32 62 77 97 61 26 16 33 84 49 14 35 60 3 65 74 83 90 50 38 71 62 11 89 95 62 52 59 23 64 86 44 69 33 0 100 48 17 78 51 94 24 78 65 14 5 66 90 62 56 86 61 67 51 11 95 0 67 85 21 4 82 4 11 37 66 33 31 8 33 97 21 69 25 33 23 93 81 57 46 16 38 52 24 10 32 80 87 7
61 87 75 21 55 94 93 72 70 51 56 39 91 55 56 60 38 15 99 19 77 89 35 32 82 11 65 85 69 13 40 68 87 96 31 83 39 63 58 93 91 75 53 20 62 60 67 50 91 43 16 77 98 54 45 91 72 58 3 17 69 35 39 57 4 66 71 65 89 12 80 82 83 72 38 42 98 68 69 40 68 61 46 7 5 87 37 97 81 98 16 18 50 77 38 97 12 21 51 64 33 72 74 31 30 7 15 56 47 38 29 87 42 12 38 55 17 85 66 64 16 16 27 80 82 1 88 38 5 80 61 43 40 92 74 20 35
11 3 60 53 27 70 20 77 100 51 37 77 96 78 18 97 0 80 47 78 55 5 59 80 32 90 96 27 71 54 81 41 86 16 76 75 67 73 74 8 13 41 98 16 66 44 93 74 72 54 86 99 94 65 76 8 13 18 6 92 82 49 46 5 81 42 24 87 15 59 24 34 26 59 51 37 13 29 3 59 53 52 26 53 73 92 95 72 40 53 51 11 37 10 15 1 38 14 39 41 63 27 91 51 81 68 70 1 30 6 47 43 37 51 25 51 30 8 34 79 69 8 93 50 14 12 4 90 7 73 79 11 45 4 2 58 99
12 97 5 93 5 47 54 34 40 23 59 68 8 44 70 27 83 68 41 54 16 91 83 81 48 52 57 16 29 89 36 69 95 100 67 68 60 10 60 45 80 58 21 54 65 97 76 52 49 37 29 95 39 77 85 87 0 76 70 35 54 57 80 24 41 72 72 28 12 1 74 29 8 66 82 27 70 85 97 76 14 0 21 34 37 67 92 44 89 20 10 100 75 75 16 69 33 9 44 80 38 7 48 4 35 63 23 11 56 45 10 91 81 35 3 69 4 57 51 38 81 99 79 5 79 77 8 70 36 35 56 10 80 41 85 49 68
53 34 69 94 13 84 56 30 32 44 61 82 33 83 52 3 68 65 46 81 42 93 39 14 43 46 43 9 29 83 33 8 14 16 60 3 24 53 66 29 57 25 56 89 18 42 96 80 14 30 6 88 86 64 26 38 69 95 2 15 52 64 58 59 93 71 47 65 34 3 62 23 44 21 20 69 63 72 89 68 57 16 7 34 70 33 38 17 59 57 6 15 66 95 54 73 24 46 78 90 85 68 74 35 75 9 54 43 8 6 60 75 28 16 61 26 99 0 20 2 31 71 12 76 30 67 88 31 37 9 17 36 9 93 67 67 76
22 95 22 30 47 76 29 11 75 100 54 64 24 72 69 72 41 54 8 96 21 4 14 52 29 39 33 19 48 98 35 94 22 10 92 64 44 29 87 4 35 64 56 27 81 56 24 2 10 87 56 68 69 27 23 40 31 49 54 34 35 4 92 84 59 25 20 14 50 14 59 14 51 25 89 92 37 51 53 76 33 7 38 43 52 22 68 8 72 20 84 41 92 39 79 3 90 54 17 39 100 61 16 8 31 43 100 42 80 73 43 70 20 70 77 34 82 54 66 48 35 51 91 8 1 54 32 67 13 17 100 19 39 85 35 40 61
55 76 92 10 94 59 33 66 26 9 15 69 2 16 34 94 82 42 74 54 70 2 83 46 24 50 25 25 44 90 32 37 7 88 87 94 16 28 42 27 84 9 54 72 24 56 65 64 18 20 18 49 100 84 43 47 48 7 30 33 50 42 85 1 56 78 69 54 38 19 19 32 33 82 86 60 79 26 63 12 18 82 42 54 72 1 28 88 47 33 32 19 0 16 11 27 65 41 94 87 66 91 45 28 10 72 10 44 42 85 85 67 58 89 35 19 37 85 42 58 75 62 46 74 25 27 62 81 44 56 31 59 75 55 41 94 20
68 4 97 76 56 33 81 82 69 93 44 60 68 32 32 38 58 23 95 42 33 85 67 55 47 72 22 7 31 1 100 70 12 15 29 27 100 92 67 68 80 68 95 22 15 8 32 39 31 0 21 20 0 31 88 47 14 18 23 80 8 4 83 12 84 19 56 81 5 23 96 66 85 79 11 78 13 4 17 5 98 97 65 25 69 69 22 91 29 27 9 86 29 21 57 71 7 14 60 75 60 12 75 60 32 89 67 8 38 25 31 27 6 32 49 92 78 45 15 4 49 94 32 47 15 82 84 72 78 1 37 74 49 83 87 12 87
92 60 68 43 57 67 57 74 74 97 99 46 34 93 45 95 95 39 25 30 89 26 92 44 67 100 70 61 47 48 2 37 85 38 31 69 3 76 35 40 98 22 95 64 96 34 93 38 99 89 12 37 63 49 1 53 39 60 61 86 80 100 65 0 46 26 4 90 44 98 41 27 79 27 26 80 72 85 15 82 37 48 17 81 30 83 93 13 85 66 88 82 46 17 4 60 48 15 68 64 42 49 97 0 0 56 69 50 73 79 44 60 86 8 2 45 33 77 1 99 38 74 44 13 39 19 30 26 5 73 29 13 23 37 44 84 54
81 22 66 4 91 10 39 57 25 25 83 89 57 83 43 36 84 92 75 85 80 72 22 53 80 96 51 11 98 36 79 43 35 19 90 44 74 19 65 23 95 34 64 42 90 76 30 36 15 29 10 69 44 30 4 16 17 57 58 8 58 93 98 12 92 95 61 89 62 62 10 44 37 12 74 29 37 90 78 47 38 60 23 53 36 6 96 21 27 90 28 56 59 57 93 15 98 70 93 69 66 6 100 78 22 13 93 67 10 56 24 61 74 54 46 45 20 23 61 56 60 19 77 73 39 7 59 2 56 13 6 5 52 67 5 68 49
75 76 41 49 86 67 19 17 0 58 82 11 53 54 56 54 95 10 17 55 11 21 78 67 7 65 45 70 63 6 85 38 66 5 97 41 70 95 10 7 40 13 51 50 99 38 61 38 16 76 77 98 70 46 49 89 76 16 59 63 19 2 71 13 7 89 79 32 53 62 48 72 37 88 62 1 75 99 8 61 98 60 81 41 97 17 38 12 18 69 18 76 56 85 65 73 85 49 35 43 75 69 95 7 62 62 59 89 15 95 69 54 82 44 45 45 92 84 63 19 37 89 3 20 24 93 62 37 66 2 1 95 19 80 41 46 27
0 61 41 47 31 10 69 16 21 69 13 71 31 85 68 85 97 36 87 14 87 47 90 59 52 77 53 91 31 87 47 38 60 54 59 99 47 61 13 69 92 14 53 8 7 32 35 75 29 38 98 19 65 31 78 91 81 15 90 67 95 6 1 9 39 36 77 69 82 40 84 45 51 45 76 67 8 37 98 93 18 25 10 25 27 9 40 79 73 85 48 94 99 31 70 29 55 90 7 66 100 85 53 64 78 77 28 65 12 52 42 85 77 11 60 18 48 48 54 93 32 61 63 45 11 56 80 72 60 58 10 14 84 98 28 53 56
97 33 15 19 67 96 79 82 76 15 41 33 84 49 87 2 20 96 80 38 70 33 67 33 51 77 72 90 76 29 46 16 65 0 72 70 58 16 89 89 39 61 93 34 73 73 90 76 97 97 43 71 15 44 58 76 100 48 7 62 89 91 69 39 86 52 86 91 1 74 93 2 61 42 77 58 11 76 76 44 38 53 19 77 3 23 78 37 46 80 44 99 49 45 16 95 65 14 39 44 79 99 33 27 57 56 76 72 41 48 58 47 97 87 84 72 87 28 50 49 58 59 8 44 71 20 62 36 50 36 95 77 14 57 30 98 62
34 86 28 91 50 36 37 61 55 54 59 29 91 32 87 51 87 95 16 64 68 86 46 34 53 38 98 56 45 11 77 34 15 77 74 3 99 33 36 36 92 33 56 5 92 73 49 54 3 86 46 28 57 46 24 91 85 18 22 74 55 77 48 33 16 89 32 94 11 74 96 10 48 2 22 91 1 83 43 25 32 4 72 68 48 19 2 0 1 37 81 4 4 99 10 24 8 13 44 89 99 94 71 14 80 29 75 89 10 38 98 73 14 9 14 67 73 95 27 77 14 94 49 37 4 32 59 71 74 26 57 88 35 8 99 75 33
11 94 1 6 69 29 75 79 46 74 52 86 20 28 19 28 9 55 84 97 24 19 16 34 51 83 54 1 81 82 31 15 58 87 20 66 52 75 85 1 23 37 97 50 54 29 38 81 47 62 27 38 81 25 2 93 13 54 91 69 99 100 7 71 68 49 14 43 71 32 93 29 59 27 63 17 96 78 87 52 43 99 57 13 4 49 70 34 30 91 45 67 82 34 65 37 87 86 84 48 42 69 94 12 58 44 29 85 38 93 19 5 66 27 52 33 20 10 9 90 60 19 50 4 53 10 21 21 38 74 10 20 23 8 6 57 3
32 28 35 42 39 80 59 44 10 51 75 74 99 18 43 78 20 54 60 2 1 65 90 87 59 24 29 19 36 76 56 1 27 25 24 98 90 16 45 6 76 87 75 52 38 54 48 100 41 93 94 71 27 59 81 61 62 41 72 80 39 53 97 97 26 33 77 67 81 1 32 54 16 2 14 33 56 42 7 22 68 97 96 32 82 56 25 31 39 67 44 88 72 33 29 7 94 73 26 64 5 26 44 47 78 51 7 72 72 29 15 72 100 37 72 89 7 86 42 13 24 90 25 2 9 36 60 27 39 15 29 90 44 50 92 75 69
58 19 31 56 34 42 50 82 91 51 83 36 92 83 58 80 84 55 78 9 80 82 13 78 78 52 88 51 57 71 95 27 45 62 65 35 37 71 36 35 29 16 67 81 0 66 26 68 27 71 7 13 37 33 92 40 69 57 92 9 69 71 50 34 95 40 67 47 15 56 40 71 76 64 37 69 33 64 40 87 15 23 1 82 97 84 36 11 18 70 49 28 12 46 11 83 33 24 8 15 40 34 54 47 32 5 2 94 7 92 29 80 42 47 84 87 63 4 86 51 97 59 38 9 52 66 87 18 2 12 83 94 43 96 100 98 66
34 18 74 69 12 60 29 17 6 58 51 32 62 9 78 51 78 69 11 78 57 3 45 100 85 77 31 98 13 61 7 9 37 76 75 75 92 18 56 48 85 15 40 58 71 56 30 76 11 36 30 69 2 89 91 64 92 10 56 85 96 19 69 93 70 39 12 79 84 86 91 1 52 50 62 36 46 13 81 66 56 84 61 90 20 21 100 90 51 25 30 32 75 87 75 88 95 52 32 70 59 42 20 73 38 84 90 19 55 6 77 85 27 59 36 44 6 90 50 35 60 64 75 69 18 70 69 10 4 59 41 34 28 31 97 96 39
87 88 39 32 54 75 2 23 45 9 31 99 77 48 67 36 85 39 75 16 31 23 87 4 17 65 14 46 37 69 46 76 64 13 58 24 42 81 17 18 2 3 83 31 49 84 63 55 52 19 45 77 0 90 6 18 24 53 87 98 8 37 3 56 51 11 9 97 19 99 4 1 3 67 5 72 42 0 95 5 98 4 76 69 65 94 80 10 72 57 66 36 99 33 28 56 48 75 58 46 19 0 64 95 19 7 4 68 60 34 68 48 83 82 81 97 83 57 51 16 14 75 20 89 74 38 34 29 20 53 86 92 12 27 52 31 23
49 19 49 77 94 18 58 47 28 69 85 78 6 21 56 21 15 8 2 36 13 38 18 50 74 53 6 70 25 2 44 30 97 1 30 23 0 91 51 31 11 86 74 100 3 90 49 91 22 97 70 39 34 79 50 53 7 37 78 62 83 82 4 0 56 69 3 60 90 45 85 75 18 29 22 6 85 52 67 56 16 58 61 86 13 85 71 84 28 60 0 27 1 42 33 60 66 63 70 48 95 92 10 25 48 74 14 72 55 22 67 62 10 60 69 54 24 82 22 47 31 96 3 45 70 0 0 61 0 1 32 21 3 45 66 50 41
84 66 21 29 16 54 46 37 44 36 75 56 81 8 59 8 20 34 84 1 38 2 52 74 53 28 36 59 11 27 32 30 79 23 44 0 88 38 84 82 31 66 59 60 18 17 99 93 28 62 77 37 33 64 76 49 53 16 54 56 28 18 41 70 16 67 98 82 5 96 6 39 67 96 81 43 85 99 25 44 61 57 30 65 15 17 87 99 68 18 75 6 98 87 18 50 5 63 20 69 24 93 67 36 92 70 6 88 27 95 68 74 71 39 45 96 21 84 78 60 4 55 5 47 14 42 57 73 100 18 34 13 35 99 17 46 33
16 71 26 20 31 85 76 77 24 68 89 78 25 87 94 31 77 56 14 16 49 91 89 33 19 25 96 65 15 14 10 35 10 35 10 12 14 69 58 53 31 30 12 72 47 73 37 30 49 77 47 47 91 31 53 65 30 69 85 6 59 92 75 54 21 1 66 3 74 36 94 51 32 23 72 32 69 93 39 76 43 88 70 36 45 53 97 63 38 63 56 50 17 68 6 69 91 54 48 32 11 42 30 8 18 55 91 41 68 28 33 46 8 55 95 61 82 17 32 13 31 25 15 21 3 57 83 55 45 49 32 5 2 16 58 59 23
53 46 41 36 20 4 5 1 78 39 3 91 29 94 73 86 28 92 88 42 99 61 64 80 53 35 29 24 47 33 89 18 34 92 36 83 89 64 82 85 40 76 38 19 75 81 72 7 49 87 78 89 69 15 33 91 39 99 52 16 9 89 26 92 72 71 90 10 57 97 88 95 96 99 79 59 44 75 10 23 57 0 93 2 85 5 22 70 6 24 59 3 58 51 65 86 33 80 81 37 79 7 61 69 47 87 31 100 12 5 92 73 100 46 29 35 47 92 45 92 75 99 90 42 90 16 89 25 60 22 99 61 8 64 100 6 99
83 99 72 40 52 93 4 55 60 27 0 76 83 20 38 38 96 100 57 47 64 97 10 14 32 84 54 24 17 23 22 92 90 50 14 74 98 94 68 39 64 58 60 18 69 35 58 20 63 82 66 42 27 0 87 57 7 46 8 23 52 100 100 24 17 81 79 29 17 52 65 62 13 2 87 29 68 57 64 93 86 73 38 58 73 75 95 12 32 46 32 59 81 72 11 55 69 82 14 67 43 49 86 36 67 41 2 69 82 100 62 33 82 5 97 24 99 3 77 81 27 69 18 90 38 96 16 16 34 67 77 90 77 22 16 85 56
51 86 37 77 41 64 86 47 73 69 2 87 97 24 79 50 94 30 71 70 78 0 99 45 64 11 46 29 21 13 61 95 91 32 89 23 62 98 97 79 96 6 29 52 58 22 71 0 83 100 51 49 77 66 9 80 25 43 35 13 50 81 86 94 61 88 28 80 31 52 97 49 23 63 71 82 93 35 7 27 98 19 80 51 39 49 31 4 50 31 51 48 9 20 44 11 54 66 10 95 71 52 98 64 64 80 64 11 98 83 54 71 56 41 33 53 4 49 44 79 20 32 15 5 71 61 5 0 59 78 20 12 35 84 88 35 80
42 94 86 39 84 2 31 60 17 51 91 56 75 25 44 39 86 50 84 58 95 98 84 45 65 31 78 27 90 99 59 94 45 36 62 9 8 2 95 62 71 97 89 39 38 71 88 82 75 80 45 10 86 5 68 46 7 85 16 67 22 99 69 9 1 65 87 42 35 68 6 35 75 62 79 48 19 42 55 80 94 57 93 32 69 59 49 55 95 59 62 65 17 75 67 1 19 40 75 57 46 93 67 36 68 28 95 33 83 77 98 5 40 51 97 20 49 7 96 3 0 15 36 19 15 13 39 17 28 89 2 52 79 96 75 37 23
48 4 95 2 25 74 24 78 20 63 39 90 40 51 58 84 42 87 82 77 12 33 65 85 76 87 100 42 29 56 0 51 88 92 68 23 36 74 19 4 11 55 35 34 9 71 39 100 1 90 26 61 20 32 78 46 40 75 39 32 34 20 19 2 91 44 73 35 64 85 42 32 65 39 81 95 91 9 44 87 44 35 48 31 94 67 74 60 4 25 58 51 96 2 67 18 40 69 94 21 37 6 26 11 10 13 44 18 99 3 64 100 28 10 36 28 4 9 57 59 46 52 62 61 97 10 96 78 64 7 72 1 64 9 47 68 89
99 78 1 7 21 65 36 67 58 1 25 85 0 65 65 17 48 5 81 99 79 33 76 99 75 39 93 34 21 64 67 38 13 36 58 79 3 0 48 43 82 71 76 92 47 62 3 29 19 12 51 49 99 39 12 7 92 79 25 59 69 46 38 69 44 49 25 96 95 91 17 28 47 86 74 60 74 62 3 7 16 6 6 84 48 98 32 79 49 82 69 86 56 35 91 34 78 75 89 47 62 35 45 26 65 43 58 36 94 13 23 77 49 22 51 57 62 28 80 99 80 86 13 32 42 60 44 59 26 24 73 50 65 26 11 86 97
15 25 1 70 66 39 22 63 71 98 82 5 85 88 29 74 88 67 99 1 30 30 85 35 55 45 36 92 98 97 10 60 86 43 21 8 10 31 30 25 36 97 61 8 7 24 49 35 80 71 86 77 71 61 81 100 20 35 53 61 43 59 9 37 0 11 31 91 25 17 61 98 53 45 12 70 28 46 42 49 27 44 31 4 18 68 97 6 12 66 40 26 96 69 61 21 1 11 27 84 88 69 91 27 25 41 9 83 78 14 34 59 18 28 62 58 92 69 54 43 3 6 79 59 27 99 90 82 2 55 93 61 90 37 15 51 1
42 75 28 62 74 24 30 1 50 10 48 35 93 63 26 37 78 12 10 40 40 20 71 46 6 25 5 26 68 88 63 76 12 25 16 88 34 99 54 14 14 90 14 90 5 2 59 97 49 83 88 88 99 95 89 60 7 40 86 55 35 36 70 9 26 44 48 67 29 94 8 86 71 76 11 1 78 71 67 22 42 41 56 14 19 16 70 10 28 84 100 0 47 77 51 86 78 49 10 74 5 27 25 79 43 39 69 36 96 88 90 37 33 79 48 94 10 20 84 35 68 3 7 65 10 15 13 19 76 10 10 81 54 22 34 38 15
96 87 74 73 83 77 77 64 46 65 79 93 38 46 9 21 4 40 40 49 98 83 81 53 95 31 46 62 57 4 8 59 25 28 64 23 9 35 9 24 22 89 10 77 33 76 46 90 4 42 26 37 73 35 33 62 10 53 54 51 4 82 2 97 17 67 60 24 88 8 44 63 56 88 90 6 8 3 37 62 54 2 46 99 80 56 52 95 80 23 49 28 96 50 36 32 1 77 11 6 54 98 76 5 7 32 55 1 89 39 19 12 37 91 33 12 18 48 32 77 27 89 87 21 50 25 53 6 33 7 31 87 46 10 42 70 9
25 7 37 6 65 91 13 24 77 27 92 8 16 88 3 65 66 55 79 69 51 8 65 74 78 53 74 66 93 74 25 57 2 75 44 56 49 71 100 70 71 88 73 98 99 50 5 12 80 8 30 5 77 33 58 95 29 65 62 95 36 96 54 89 4 39 41 28 53 6 5 9 79 59 35 93 7 58 42 87 84 48 56 71 69 67 78 97 15 65 78 82 39 25 55 10 92 26 69 90 44 56 96 24 96 18 49 69 83 9 38 18 70 67 12 53 70 14 4 6 33 69 95 30 77 38 72 51 71 12 20 9 9 89 46 48 57
61 24 47 90 62 68 81 90 58 94 72 47 21 11 83 80 68 16 49 72 92 29 8 84 61 89 17 69 77 45 7 82 23 56 30 4 16 59 11 76 91 77 22 33 76 25 84 57 21 80 2 60 16 13 49 71 86 85 50 69 5 69 74 52 15 83 43 86 82 0 74 55 66 77 3 54 29 87 80 93 32 5 76 60 96 8 91 20 99 67 45 3 84 42 52 75 75 74 33 78 1 48 80 71 15 63 12 37 48 100 25 69 26 5 58 1 47 59 78 39 17 28 76 40 75 39 70 69 29 53 20 97 78 2 43 34 26
98 29 64 14 0 96 31 55 10 47 94 20 66 33 100 16 66 79 41 66 48 84 80 14 40 51 99 17 8 53 65 26 3 77 74 10 26 20 45 20 74 18 28 55 99 43 72 90 45 62 97 22 38 20 67 23 80 40 34 65 52 23 54 62 16 58 35 84 39 67 27 12 68 47 45 85 97 54 100 88 47 8 65 0 4 62 38 72 3 46 29 33 16 79 72 44 69 32 7 41 68 4 58 22 3 45 34 7 66 74 84 95 72 11 95 83 54 45 66 0 23 25 48 97 6 51 18 27 64 59 1 41 42 74 56 36 68
8 85 25 14 23 4 70 11 24 84 71 85 42 39 58 22 94 98 25 46 48 24 40 78 21 8 69 40 36 98 45 46 84 46 21 29 84 39 47 14 83 10 6 46 52 93 20 73 55 14 72 26 56 51 92 78 2 70 87 74 53 55 11 75 7 32 79 52 42 81 22 88 12 23 62 5 62 59 11 90 72 77 97 6 1 25 57 74 32 100 82 49 87 50 74 85 31 8 73 35 27 14 14 92 76 10 93 44 10 31 62 33 74 99 100 1 62 15 62 65 20 5 68 40 1 3 19 66 0 14 54 28 27 17 0 67 13
32 93 87 54 50 6 71 99 52 93 19 54 42 25 70 100 0 41 72 90 1 100 3 36 16 37 26 61 33 2 19 96 9 17 53 21 27 11 97 98 65 51 38 52 10 40 28 58 45 3 72 67 1 35 67 34 74 0 54 1 46 14 67 62 89 49 73 12 7 0 15 75 63 25 30 50 29 37 56 18 52 6 6 58 88 7 78 32 17 35 82 28 24 75 62 69 31 56 62 3 5 48 87 29 17 7 49 57 51 40 30 17 34 97 2 99 11 17 81 34 30 29 67 80 55 77 15 71 84 56 35 93 20 3 92 83 42
85 7 66 7 92 15 4 88 39 71 52 51 15 93 30 26 23 38 47 90 7 68 82 70 12 34 9 95 96 42 1 28 96 33 45 49 96 34 25 63 50 73 9 23 68 21 92 20 64 40 52 83 66 54 92 37 23 94 3 42 21 90 60 34 42 26 0 88 96 13 99 16 71 90 68 99 96 90 72 3 69 75 91 47 52 92 44 35 24 43 40 56 29 49 64 77 85 66 67 91 38 70 24 8 68 98 95 14 34 88 27 20 14 58 37 17 44 0 69 15 6 56 82 20 91 51 32 45 7 37 4 40 84 19 64 35 85
97 38 81 95 20 28 81 1 30 18 97 98 64 75 20 75 60 67 50 60 50 4 16 92 23 38 87 96 37 0 63 81 66 37 84 57 26 59 83 98 26 46 49 14 47 55 64 96 16 6 74 22 46 97 4 22 57 39 0 38 36 77 61 80 0 87 21 7 55 83 60 58 86 98 97 30 10 71 82 95 30 12 53 36 25 44 68 50 78 26 40 16 47 93 70 14 80 52 35 71 1 81 99 71 95 2 84 90 74 14 41 14 43 55 80 88 43 52 71 49 7 64 57 39 51 15 19 42 34 70 99 77 81 87 62 5 13
48 21 22 97 78 26 92 55 16 4 23 64 50 36 32 41 97 24 60 51 29 4 5 99 78 25 28 55 42 46 47 67 92 97 91 4 29 25 51 37 77 1 50 38 80 98 65 60 23 31 9 7 70 44 34 65 37 35 68 13 56 74 34 12 8 31 63 53 80 6 89 47 27 30 81 47 63 98 26 54 5 24 85 22 57 87 75 48 42 77 0 72 2 28 19 5 29 5 38 71 44 5 21 62 38 63 16 52 61 0 76 15 83 68 92 74 42 54 28 17 71 93 93 48 80 66 93 23 20 5 27 21 58 70 0 3 64
94 83 96 58 42 26 92 50 23 67 7 22 69 100 55 68 10 25 4 33 68 26 45 7 92 97 44 18 59 80 70 23 5 69 22 11 6 4 14 24 100 37 87 84 73 88 5 99 29 77 96 89 66 37 28 9 35 49 9 13 79 1 67 64 8 72 70 99 8 6 10 22 69 94 98 47 9 73 37 57 24 57 37 34 90 1 67 83 74 86 45 35 16 59 97 80 61 27 66 55 59 87 21 45 45 32 60 9 51 38 80 82 63 64 77 7 54 44 81 39 95 27 45 83 64 66 71 64 88 38 58 82 60 30 23 96 58
64 21 42 92 85 99 43 32 41 48 1 76 50 18 65 60 80 52 72 59 67 64 0 63 23 72 2 79 17 95 59 92 48 49 47 93 54 97 51 17 92 67 100 22 52 14 85 15 84 43 4 58 12 98 54 28 18 0 67 58 6 69 63 4 8 75 71 49 39 72 29 6 39 44 85 37 65 87 81 2 54 25 85 49 89 53 85 67 66 29 73 4 6 42 59 24 1 9 18 81 27 8 58 86 75 50 72 10 76 77 100 5 81 93 9 15 83 98 83 78 97 50 95 46 0 52 92 0 90 19 61 79 51 15 39 85 50
70 20 64 88 7 47 40 39 61 9 96 10 91 96 2 32 15 25 54 72 64 7 97 60 99 10 72 34 100 28 27 92 25 78 66 33 12 64 37 49 40 99 68 12 81 50 63 96 21 33 98 18 39 28 78 39 100 34 14 96 70 24 14 92 45 10 46 24 1 93 12 64 21 1 75 86 35 100 25 52 18 41 88 54 31 3 43 82 80 97 99 7 100 1 5 100 34 31 38 77 46 47 7 96 64 17 52 66 25 44 100 35 90 48 29 9 78 10 53 77 35 44 78 8 73 36 63 18 26 34 8 77 68 40 1 72 14
7 44 27 72 96 35 8 20 41 53 4 28 34 88 72 28 64 2 94 31 79 93 61 31 11 22 47 68 13 42 42 75 50 21 68 76 91 7 3 45 83 92 86 14 66 87 93 93 13 91 54 93 94 41 23 6 85 64 29 75 82 38 84 58 15 57 5 17 97 24 63 82 91 1 40 13 83 57 76 3 20 5 25 32 11 65 45 42 46 24 71 9 0 35 70 20 84 18 21 70 95 85 86 95 56 80 26 97 67 59 26 87 1 56 95 48 98 72 2 27 6 84 16 2 46 17 61 98 73 35 68 72 82 8 98 79 23
35 84 9 18 30 91 66 76 51 75 61 53 66 3 94 75 74 79 43 23 57 69 1 27 44 86 78 92 29 4 100 38 48 60 88 0 72 4 77 22 79 65 34 60 38 18 28 91 41 59 73 41 29 12 32 5 57 84 85 91 70 10 34 19 15 14 13 36 62 10 57 42 82 1 16 2 11 78 84 58 75 31 29 55 39 10 100 22 82 67 45 29 24 53 50 26 42 74 5 72 42 0 69 60 67 77 66 14 73 56 45 74 55 31 0 6 79 25 75 6 73 30 15 32 87 77 38 54 51 65 98 43 45 56 41 53 20
64 97 45 13 66 99 3 20 83 31 11 32 74 58 79 43 84 100 32 43 14 1 55 8 54 24 9 0 51 89 27 40 54 85 51 66 39 40 0 4 48 54 15 42 27 16 82 68 63 21 28 42 34 68 80 42 22 39 26 33 86 4 52 96 44 22 13 100 12 71 75 48 46 38 25 10 35 74 11 7 2 48 20 54 18 98 26 30 25 51 94 80 79 68 27 73 76 9 100 42 82 23 47 68 70 26 75 62 44 23 7 73 90 1 47 0 37 24 99 60 17 58 69 98 44 32 54 42 10 73 13 70 58 76 70 96 79
12 90 19 42 2 64 22 74 71 35 20 86 36 81 95 64 2 94 49 32 60 91 26 95 98 80 11 33 83 61 83 97 89 31 38 84 85 42 59 65 36 4 83 9 72 21 89 48 79 40 35 45 63 71 78 46 20 72 81 25 49 16 6 33 72 54 88 57 65 70 1 97 56 14 52 4 17 64 14 71 13 35 40 35 18 40 60 89 34 46 31 45 94 61 93 81 81 60 9 13 49 49 71 81 43 7 39 78 97 48 41 54 20 25 96 82 31 74 59 76 37 54 94 0 55 53 91 2 28 42 63 92 71 34 28 73 92
77 5 72 72 21 24 5 89 43 98 49 13 10 29 7 14 50 22 37 21 42 70 93 56 94 24 76 71 96 95 21 79 62 5 32 95 22 89 45 30 78 67 32 81 13 52 90 75 71 42 58 23 85 74 64 34 48 59 37 64 100 32 24 26 64 96 82 8 80 23 82 50 70 35 83 82 75 79 74 79 35 53 97 32 80 13 35 38 37 42 94 66 90 82 16 40 31 62 65 5 35 72 25 37 14 13 95 6 32 9 40 5 81 60 23 100 38 2 64 98 5 53 73 5 35 9 28 56 95 36 68 25 74 57 1 98 87
92 19 53 30 27 33 31 96 52 31 47 72 19 54 76 11 19 72 85 88 65 100 57 98 30 26 35 82 97 45 10 64 34 19 80 22 14 73 23 86 77 21 10 86 96 66 56 41 20 4 69 69 74 9 60 53 28 38 92 42 97 72 53 93 26 62 63 59 25 62 100 26 24 40 52 94 34 100 40 72 54 2 95 41 18 21 60 3 63 55 95 8 68 8 70 63 14 73 13 53 47 37 7 60 79 37 56 5 93 21 93 36 41 99 79 24 92 43 90 29 1 87 88 29 8 61 78 75 80 23 61 13 56 37 59 74 11
27 36 38 22 9 60 67 34 61 50 14 75 76 65 67 48 55 14 99 50 41 53 98 19 93 22 17 28 72 68 71 4 31 47 19 90 90 11 78 12 96 61 99 45 23 71 59 34 18 85 56 54 36 65 57 0 33 6 35 99 52 50 96 22 44 14 88 90 86 78 59 64 69 40 93 98 53 84 28 42 57 44 23 84 71 59 92 94 61 21 51 27 51 98 100 57 17 58 83 44 80 11 8 40 69 69 56 44 18 79 23 6 84 22 47 19 100 68 5 35 82 12 83 28 24 70 19 75 5 11 83 97 36 45 38 0 63
67 7 91 35 34 62 90 34 48 29 11 11 88 35 62 28 33 67 26 91 0 24 21 35 7 23 2 6 38 82 81 79 31 28 18 6 50 68 75 67 74 33 32 67 67 49 65 10 82 91 77 83 30 65 14 41 17 21 91 51 13 64 49 8 49 0 13 35 7 73 64 36 86 21 42 39 59 74 8 99 91 23 86 56 46 32 84 35 13 74 85 76 79 59 76 29 70 34 75 20 74 44 69 72 48 56 35 88 7 25 42 38 7 50 56 34 78 12 24 27 88 82 56 15 79 68 7 46 89 98 39 27 24 95 15 92 81
62 21 57 68 35 16 34 97 83 88 15 4 64 44 0 80 75 62 31 29 77 27 51 92 14 63 59 28 62 77 72 94 7 14 5 76 61 90 6 67 38 75 96 33 68 98 72 80 44 42 36 90 77 47 71 66 29 23 61 69 40 97 53 21 69 78 85 8 31 81 63 85 20 26 63 88 86 31 57 2 72 7 95 52 16 100 91 53 91 3 24 93 21 64 35 66 53 57 10 43 37 1 26 41 67 94 75 35 47 4 44 36 70 37 65 39 7 2 25 74 44 5 1 99 7 85 27 25 58 49 93 92 59 5 95 58 4
99 58 82 17 85 58 51 5 97 42 100 83 60 90 26 73 52 6 89 33 24 80 72 67 76 27 69 85 3 11 67 98 25 11 20 96 36 21 71 75 8 82 46 4 22 11 85 49 39 18 13 21 97 19 31 2 73 38 60 78 90 26 11 80 38 62 44 85 71 32 5 55 36 7 54 25 72 26 21 79 20 78 31 61 96 73 5 84 19 47 69 15 19 35 22 32 51 10 46 19 85 37 67 79 21 89 68 91 49 63 34 75 59 30 34 60 47 62 10 48 3 41 26 15 77 59 54 0 99 97 29 41 97 72 9 43 13
35 98 85 28 43 47 32 62 43 20 47 17 31 24 26 20 10 42 23 61 70 94 49 79 36 41 53 27 73 9 49 84 5 0 79 19 55 72 48 15 15 67 96 53 49 43 20 28 68 16 69 2 99 33 75 3 55 18 10 36 96 54 75 46 66 28 83 15 3 43 94 29 75 38 17 49 10 44 56 93 12 33 1 74 36 52 51 88 65 100 92 30 75 58 96 100 96 14 24 39 63 93 75 23 22 58 31 37 40 28 48 26 46 31 79 39 100 18 7 20 77 76 64 54 25 16 42 72 24 13 73 89 96 75 75 94 48
78 33 82 58 68 68 33 48 0 73 12 54 71 8 60 40 39 52 40 71 83 53 12 58 49 70 50 38 15 44 17 2 59 9 28 15 34 30 32 39 73 83 87 86 6 21 29 28 45 37 21 88 49 84 24 47 11 87 47 64 33 32 10 63 47 41 2 55 19 88 4 32 93 46 3 81 84 54 69 7 89 94 78 9 95 21 63 70 26 37 2 97 26 44 12 48 92 94 24 95 93 79 81 63 86 56 84 60 84 84 93 35 50 7 50 85 69 98 81 85 12 25 79 48 94 27 82 15 81 59 2 26 88 1 86 13 8
1 31 40 11 6 23 30 67 81 46 44 3 41 43 79 43 36 23 68 78 94 71 76 46 2 5 64 82 50 4 28 41 93 9 13 27 35 28 83 36 0 30 69 35 16 31 26 54 61 74 6 10 43 35 29 83 89 29 2 75 2 67 26 68 40 94 11 17 22 80 47 83 17 95 14 41 14 87 89 29 22 3 37 14 16 67 95 21 87 11 29 95 20 1 26 35 5 55 66 10 72 66 97 57 13 3 30 11 69 18 68 87 100 71 93 56 15 0 2 29 81 74 19 16 44 64 77 60 45 93 90 5 50 23 7 34 94
25 69 64 19 32 93 80 40 25 41 65 41 29 72 20 21 65 40 98 11 2 64 62 81 9 91 50 93 17 12 33 13 83 50 78 52 85 72 84 46 67 37 43 9 9 0 84 51 64 91 71 51 34 50 40 82 81 100 8 21 28 77 0 31 5 21 1 5 34 15 24 97 99 37 90 18 23 69 97 36 62 94 32 73 32 81 18 32 79 17 65 79 100 53 47 76 34 83 57 4 62 32 36 61 30 27 92 9 68 36 46 59 99 90 53 88 89 69 48 23 30 98 3 15 13 69 77 25 57 43 73 57 92 88 100 8 39
83 19 68 37 12 47 20 3 43 85 28 5 45 66 47 97 58 1 39 20 78 77 41 21 95 72 45 98 60 71 29 38 71 1 52 56 37 31 89 6 10 86 34 49 31 13 91 89 17 78 50 84 28 16 0 87 84 77 84 73 70 83 32 8 91 90 69 54 70 100 34 17 18 44 62 85 24 95 0 43 99 55 20 28 23 84 61 21 34 39 14 44 72 80 15 83 39 49 37 6 71 59 7 32 56 60 44 42 79 15 80 79 56 55 60 78 12 90 91 36 39 86 56 71 51 68 20 72 4 93 62 36 66 63 41 46 32
30 72 29 4 81 54 10 7 70 6 90 48 87 61 31 14 87 13 27 16 11 47 57 63 92 91 56 91 12 27 36 29 69 4 60 71 87 46 83 80 95 63 55 45 41 55 11 96 79 67 44 7 34 60 49 1 94 35 78 75 79 24 35 13 64 99 46 12 84 35 43 1 23 33 23 24 23 49 33 35 91 12 42 5 4 66 6 52 4 36 38 40 95 69 31 41 70 37 39 12 22 95 71 3 51 23 88 46 69 82 80 37 70 91 61 29 28 30 93 0 27 2 23 30 64 76 94 2 25 72 68 50 33 67 11 61 13
