13 88 24 53 88 92 49 50 87 3 69 83 99 9 88 8 34 96 66 54 18 34 14 42 15 1 21 23 79 65 7 39 15 32 38 74 90 61 20 1 6 70 63 73 37 26 53 52 65 6 69 49 32 27 2 78 19 2 87 47 18 64 41 88 39 100 13 17 63 74 94 24 21 20 86 95 46 74 99 62 26 52 100 84 82 51 90 57 99 87 41 71 100 33 74 18 19 98 41 96 81 76 55 94 5 56 38 51 49 24 10 76 63 79 37 0 17 58 35 11 97 6 54 6 30 50 10 79 71 67 74 31 89 21 6 20 69 82 74 23 65 8 17 61
2 71 88 93 8 20 18 10 16 79 70 76 24 35 55 43 28 50 25 52 61 32 7 63 91 22 53 80 63 100 22 58 100 89 88 99 5 62 95 40 18 70 32 60 61 6 62 40 28 90 82 4 74 25 34 25 20 98 3 59 41 61 67 6 10 47 74 96 5 80 81 63 93 38 78 75 96 26 66 92 74 83 98 49 95 64 77 72 4 4 79 19 56 16 29 67 66 35 76 61 18 17 45 49 38 86 13 13 23 86 55 91 80 19 54 60 12 11 8 10 23 29 77 44 68 74 19 92 31 19 20 28 2 56 97 59 63 67 24 38 35 17 74 81
81 58 10 30 37 99 4 87 73 34 18 71 43 12 15 91 53 51 82 34 98 38 48 92 20 2 61 75 76 64 70 18 69 67 45 63 34 51 19 85 11 11 87 16 56 8 53 40 8 39 54 23 70 33 97 52 71 42 86 30 83 56 11 20 76 28 51 4 38 21 75 23 13 89 58 90 91 30 92 86 40 85 37 31 80 29 38 1 89 51 23 87 82 23 98 18 33 20 35 31 77 54 39 23 21 34 43 87 77 44 46 44 39 66 97 61 13 21 91 57 13 60 100 7 77 67 88 77 9 11 52 85 6 3 19 78 39 43 34 79 81 38 83 88
54 7 58 81 23 1 43 50 69 8 15 47 0 73 54 2 71 77 17 22 40 49 30 69 15 0 100 91 3 87 75 81 7 100 91 30 24 57 71 51 88 69 64 86 64 80 31 88 80 26 29 0 29 25 99 8 21 61 26 55 32 49 24 32 91 68 5 57 74 78 36 10 33 72 58 11 11 49 52 60 51 64 1 85 88 88 17 98 33 29 61 12 22 46 77 76 29 62 92 72 51 62 12 49 38 61 84 98 1 22 79 3 81 27 70 75 40 57 84 28 8 1 11 69 2 44 82 44 24 78 49 74 55 15 62 75 51 60 42 92 91 38 98 28
45 58 58 52 74 81 85 37 46 92 45 9 92 4 25 91 87 51 14 32 16 96 51 65 52 16 63 83 68 34 58 89 66 53 15 29 28 86 100 82 21 61 34 17 67 86 62 85 58 31 66 37 54 18 69 28 50 34 8 96 77 75 32 83 48 86 60 48 76 30 5 28 70 77 31 61 38 11 53 40 81 76 36 57 46 58 73 32 36 33 31 92 20 50 76 51 46 44 46 88 43 0 44 72 59 96 40 79 67 45 64 52 52 94 52 75 37 29 63 80 0 3 88 0 100 39 59 46 1 43 42 81 79 8 84 8 43 11 99 74 39 92 96 18
26 17 8 45 47 80 93 61 25 38 15 72 57 59 42 29 95 94 42 94 22 91 13 32 48 42 31 69 62 71 71 42 61 13 75 18 12 24 56 2 63 98 93 56 22 33 16 88 2 9 78 25 1 85 69 39 88 49 20 70 10 97 53 54 65 56 84 89 9 73 40 32 32 29 25 8 18 6 71 5 40 57 99 50 15 61 94 84 66 89 53 10 20 41 63 28 44 99 73 9 13 11 9 99 4 15 59 34 38 96 20 85 57 15 90 100 46 53 96 38 8 99 65 40 66 79 7 54 79 81 28 10 71 46 43 65 96 65 9 81 97 10 92 97
61 10 71 87 53 14 94 64 36 35 38 23 46 21 26 0 25 2 82 80 47 23 45 88 85 21 59 91 65 50 21 86 33 34 89 38 99 70 19 54 98 64 93 6 82 44 38 14 83 91 12 90 99 49 81 79 11 31 32 99 32 100 17 48 85 78 83 56 69 23 23 76 75 89 96 69 68 71 39 98 14 100 49 29 93 41 79 77 41 43 28 2 51 48 62 98 68 48 17 70 63 35 75 90 53 61 9 2 96 42 83 15 84 1 84 48 34 36 31 16 66 68 94 38 34 72 31 45 49 44 94 67 71 95 5 36 77 71 93 96 6 32 81 94
14 23 3 17 81 83 16 51 1 11 70 33 25 14 15 69 34 85 28 48 17 19 57 41 22 99 16 47 30 94 88 83 63 89 25 24 87 7 59 67 75 91 24 96 27 91 16 81 58 0 77 26 3 67 46 84 44 63 10 43 27 52 36 36 47 37 28 87 72 55 65 11 80 46 11 63 3 77 48 88 2 13 90 48 27 36 19 8 0 86 47 58 100 34 71 24 56 79 61 23 40 48 56 48 6 61 11 6 63 22 21 33 59 49 8 99 41 78 35 23 90 4 42 83 31 37 76 95 76 13 92 41 37 37 19 82 100 75 67 86 93 56 43 78
61 90 16 83 15 66 42 34 9 28 5 77 11 17 6 42 2 69 86 70 74 76 17 31 52 25 63 64 36 51 51 5 49 85 50 11 19 82 62 62 71 31 53 29 58 41 13 35 88 90 15 52 74 86 93 63 54 51 75 80 76 66 57 40 44 55 30 43 12 72 14 23 67 18 39 10 94 5 29 39 7 44 62 62 83 96 80 15 84 21 33 44 46 25 47 10 62 18 7 87 61 8 71 100 47 46 74 59 97 80 57 41 40 63 32 3 35 84 93 99 71 94 21 99 11 5 13 61 46 83 38 64 65 97 51 5 33 99 62 50 15 95 11 18
32 22 74 56 32 33 41 50 22 17 9 95 91 66 98 2 80 73 70 60 20 91 92 66 22 42 68 20 94 86 85 90 6 48 100 78 10 8 94 23 39 66 84 18 61 5 39 88 23 43 73 7 91 71 30 98 19 91 95 35 80 79 40 27 24 28 52 95 74 38 10 23 100 25 2 60 4 43 76 8 69 97 36 84 27 55 24 92 64 29 37 5 37 68 35 19 100 66 4 4 66 72 6 53 82 51 23 43 22 55 97 34 40 42 3 64 21 15 3 90 23 30 12 11 2 55 66 30 46 77 63 76 23 40 93 66 27 60 15 66 60 17 55 82
10 47 67 38 89 45 6 37 98 8 34 0 16 50 39 64 70 62 35 98 94 11 23 98 31 52 67 30 74 47 10 64 1 4 6 8 22 60 26 38 61 12 53 64 8 89 41 43 94 84 0 83 57 49 25 13 1 56 67 63 16 38 0 20 16 59 7 90 94 27 46 89 47 40 15 31 22 84 84 68 8 25 27 15 30 1 76 62 98 73 0 11 35 91 11 50 47 97 76 10 90 25 9 47 25 84 67 20 64 34 47 38 48 4 17 18 84 6 6 2 86 43 14 21 10 96 73 79 49 94 16 55 19 78 68 87 42 92 93 97 22 66 32 9
37 85 14 48 28 24 62 20 85 98 47 89 4 37 37 15 20 48 94 59 45 80 65 33 78 2 28 60 47 67 72 58 47 83 3 3 36 94 34 76 5 100 93 29 22 65 76 81 3 89 31 16 90 12 43 23 94 68 30 81 38 28 82 95 20 54 62 50 15 8 83 35 69 12 90 63 95 73 76 94 34 38 57 16 85 8 69 71 94 82 38 54 41 47 46 75 13 45 65 98 35 60 49 5 74 21 38 24 46 44 60 10 33 29 90 43 60 64 15 83 88 78 22 80 52 31 57 10 95 9 41 49 7 62 94 16 15 75 63 98 52 96 84 82
0 29 12 33 50 62 31 52 15 38 64 62 77 42 73 1 47 83 33 75 81 3 11 28 82 90 6 21 38 2 3 91 83 90 21 16 86 65 52 18 38 30 92 19 50 39 79 72 70 38 1 70 16 22 36 9 47 67 42 9 65 52 7 72 2 98 25 71 51 35 24 93 79 37 0 87 65 24 41 26 22 39 86 85 67 21 19 77 48 32 80 27 14 88 83 20 40 80 87 78 75 86 97 61 14 73 88 5 19 41 50 26 22 93 96 10 0 80 6 67 8 86 37 50 65 58 16 16 67 45 31 69 8 64 32 49 20 13 5 100 57 46 60 65
44 86 2 13 93 33 12 76 79 55 19 10 28 25 2 27 92 80 93 16 58 18 47 1 84 67 87 82 55 16 80 99 69 13 85 43 11 34 70 30 88 19 75 84 48 47 56 62 84 39 46 75 17 65 72 99 92 17 81 37 75 63 41 97 7 5 45 31 62 67 28 25 1 0 28 57 58 54 83 39 69 13 34 45 86 45 32 70 91 76 60 28 71 89 89 54 11 33 79 95 82 38 11 75 20 78 15 51 77 83 4 17 48 86 23 30 23 95 59 6 41 32 14 50 7 53 65 54 15 76 78 48 70 2 31 95 48 68 70 32 31 24 3 20
73 15 64 94 68 44 45 97 2 25 90 76 58 17 54 3 66 49 79 46 41 11 77 9 63 11 30 7 98 67 88 92 55 90 38 61 71 43 95 44 100 77 80 41 33 60 54 25 54 85 95 11 60 47 36 42 81 70 29 68 82 56 96 80 10 94 98 38 46 65 20 49 100 9 40 99 91 100 44 84 45 51 39 79 74 23 49 42 32 29 38 40 53 95 93 73 48 60 66 47 54 98 97 11 68 56 29 83 55 13 86 14 36 76 37 73 84 86 90 26 89 94 82 57 50 84 50 82 55 93 64 35 33 86 75 16 40 99 82 99 32 78 25 93
23 14 96 34 87 90 6 43 17 35 60 39 13 45 51 12 100 75 68 13 60 97 11 90 24 75 17 58 0 18 23 71 78 33 30 59 39 18 49 89 80 8 23 57 72 61 27 66 96 17 58 92 93 41 49 40 39 48 64 39 42 45 93 55 28 35 99 53 72 60 20 90 91 83 16 19 14 61 21 56 41 94 76 53 96 87 92 17 15 5 92 10 11 81 76 86 93 54 97 18 81 31 9 89 42 67 91 47 29 83 86 70 43 6 15 9 19 84 74 60 23 9 69 85 74 2 30 18 4 30 87 16 88 33 13 12 27 97 5 69 36 77 33 39
77 41 26 14 83 41 79 78 12 25 21 39 97 84 72 54 92 25 12 53 65 97 6 97 88 83 94 62 9 4 70 85 95 87 77 10 84 46 40 12 83 2 65 14 90 84 2 36 36 30 15 97 95 73 91 4 76 90 96 86 4 42 10 73 52 24 75 87 91 4 4 43 20 0 9 6 8 17 28 34 21 14 86 47 75 97 8 28 93 43 98 0 83 71 32 98 19 6 96 23 48 88 19 30 85 14 52 12 41 94 50 72 35 81 45 40 35 86 39 4 33 65 54 39 91 10 86 80 78 89 49 14 94 20 14 15 5 77 33 95 1 48 66 9
6 71 47 88 93 45 8 74 60 97 28 71 51 55 30 50 62 81 69 51 71 98 55 12 100 57 10 55 54 23 1 54 57 46 83 97 92 27 86 15 83 25 50 76 93 93 100 45 54 38 68 21 43 38 80 44 83 17 23 9 87 25 63 34 60 37 24 49 87 88 77 30 90 33 76 16 97 71 62 31 56 100 23 36 33 44 73 21 1 27 65 33 97 71 23 73 82 26 62 3 62 7 92 43 99 67 92 17 1 40 38 95 18 51 93 22 26 25 77 94 7 3 80 63 52 23 6 92 69 99 24 54 40 33 36 89 80 99 81 22 28 85 74 1
67 2 48 26 51 64 44 5 83 26 17 74 25 68 11 0 92 10 50 51 75 96 10 1 16 0 69 84 5 17 13 71 38 70 100 4 88 70 91 21 91 36 48 67 65 46 63 5 77 16 5 46 23 75 55 92 23 77 22 34 3 62 19 98 27 31 70 51 40 33 30 35 35 9 32 98 86 72 70 14 97 24 66 16 39 82 43 100 23 14 70 22 20 64 85 28 16 9 92 62 70 51 31 84 37 38 54 92 46 71 45 83 23 43 43 62 26 52 60 44 73 81 73 11 0 45 31 11 52 7 36 38 64 0 39 77 95 29 48 15 61 45 31 47
63 1 63 20 96 64 46 74 23 95 84 64 37 57 91 91 91 41 82 81 10 5 0 23 23 26 95 48 58 20 86 77 96 76 31 78 27 92 13 38 69 91 6 96 71 18 40 80 28 40 65 82 57 3 80 72 21 92 23 10 81 82 83 87 21 16 60 19 19 75 19 9 75 74 46 70 86 77 5 39 50 27 99 66 44 5 62 13 40 4 21 48 57 40 87 50 3 47 92 12 35 57 30 92 86 16 14 88 19 67 38 22 11 41 49 33 78 53 97 47 79 83 81 23 22 39 11 76 75 67 83 53 72 25 26 77 21 93 96 1 23 67 58 28
83 67 59 58 11 74 5 46 77 18 78 47 52 65 20 22 69 2 6 29 31 11 95 13 22 65 42 86 50 72 70 45 54 12 8 19 33 93 93 74 59 19 6 47 99 67 20 4 8 20 24 25 38 20 54 57 72 36 67 80 46 22 85 5 44 82 15 28 71 22 37 73 54 56 10 19 12 71 99 55 74 88 84 91 65 53 19 26 36 58 74 62 42 99 79 65 30 94 18 35 68 61 31 4 72 65 14 78 7 34 64 99 58 10 49 62 80 59 35 76 74 37 3 14 63 100 3 28 70 34 82 66 76 7 26 29 74 21 58 32 41 43 36 11
68 12 61 31 36 8 21 65 7 89 32 20 85 0 46 5 1 66 69 40 77 49 10 76 19 96 18 27 28 5 32 42 50 28 16 75 95 50 31 65 47 62 20 1 77 40 18 85 52 65 11 44 45 13 89 13 76 51 61 62 84 4 0 44 87 18 33 29 28 5 32 44 73 99 40 83 83 3 87 41 50 94 78 36 81 73 45 53 93 58 74 8 21 93 31 13 41 63 89 54 79 57 42 60 83 87 6 62 23 0 77 37 56 85 93 69 44 100 27 77 83 87 69 43 16 74 78 33 54 4 47 57 92 97 15 76 90 24 58 100 68 2 13 49
56 71 24 13 0 39 61 77 31 51 99 22 41 37 66 98 44 39 32 98 45 55 65 11 50 10 74 63 83 51 9 23 39 37 70 76 50 92 27 41 35 47 96 51 96 85 11 81 0 53 86 28 33 96 51 20 41 27 44 79 10 78 96 80 42 86 55 58 70 49 15 96 17 60 37 63 77 18 78 50 11 91 26 79 23 16 10 11 37 77 64 69 45 95 79 73 94 81 76 96 85 85 5 66 85 29 24 28 63 34 87 7 78 60 24 71 59 69 60 34 14 52 94 20 65 78 85 3 62 89 38 24 64 21 42 60 35 67 2 70 55 85 27 17
81 65 47 28 23 62 93 41 89 41 0 24 72 43 47 75 37 82 29 8 87 36 64 29 78 49 18 63 46 20 41 38 8 82 43 39 56 97 3 50 55 12 96 43 3 83 97 13 22 77 37 57 84 12 69 7 89 94 67 47 80 40 64 16 23 38 31 95 35 53 86 3 41 72 29 16 37 73 56 48 77 56 1 54 42 90 44 60 87 51 10 35 1 53 97 35 1 16 59 10 62 19 94 98 66 89 82 61 99 56 97 10 58 14 4 71 84 69 94 71 99 18 63 25 98 26 58 35 56 18 27 37 17 20 75 88 20 69 95 16 70 10 25 45
75 99 10 75 54 83 44 6 47 66 36 84 87 23 60 48 18 58 73 53 23 37 32 98 35 27 35 8 11 97 41 16 12 90 61 91 9 25 2 82 5 64 35 24 91 3 95 24 86 43 81 66 9 36 40 76 84 2 30 72 5 69 84 3 68 8 86 18 79 37 68 9 18 9 26 66 73 5 23 3 99 37 21 24 28 32 62 25 20 65 74 82 81 68 62 3 33 85 77 47 21 81 59 80 47 75 73 77 60 47 49 66 77 22 29 63 8 27 87 46 56 74 33 66 76 84 33 32 70 40 32 4 37 24 45 99 43 90 35 0 93 85 36 64
55 74 43 34 11 13 12 39 47 71 61 56 93 72 63 40 44 80 88 12 0 56 98 29 57 55 28 95 69 82 82 67 76 93 43 27 7 44 30 24 48 78 36 93 20 44 89 74 5 73 12 4 58 4 59 26 46 9 24 11 24 35 47 11 17 91 40 59 73 28 70 34 86 93 88 63 11 71 90 37 62 57 49 36 34 70 17 3 58 9 12 22 6 5 19 63 49 20 54 1 67 35 89 66 94 41 24 57 99 33 87 94 85 24 18 38 77 58 96 9 12 24 51 94 23 64 57 52 56 99 7 59 69 81 86 93 30 36 4 73 10 15 9 36
66 2 91 4 58 78 37 18 63 15 39 1 43 16 64 91 55 45 6 20 7 94 33 58 31 71 92 47 78 54 30 9 56 64 75 58 34 25 61 69 53 56 70 68 97 64 41 24 79 7 87 83 78 71 46 67 82 97 17 56 95 84 100 98 88 89 82 23 12 3 29 76 95 35 98 21 88 17 98 81 77 35 27 84 59 29 37 68 25 35 65 17 16 39 80 4 95 39 55 56 83 45 79 27 72 54 90 23 12 42 47 27 70 18 51 36 97 71 35 68 18 30 93 96 75 22 46 51 31 36 86 44 2 11 60 63 90 39 78 83 3 71 16 79
51 100 52 19 10 19 30 49 81 90 89 61 30 63 9 48 86 50 87 98 47 67 39 98 64 73 85 47 87 55 63 19 20 30 45 69 34 54 27 93 17 76 56 80 65 52 53 54 43 71 25 50 39 27 86 63 32 18 3 8 74 92 4 78 19 64 35 94 25 54 87 2 60 3 29 80 29 77 75 5 77 72 51 80 6 26 44 88 48 38 71 8 52 37 89 30 15 92 85 69 54 90 44 87 91 56 52 38 48 85 94 51 62 23 71 3 92 89 92 76 81 80 81 19 57 83 75 49 47 75 44 74 47 71 1 15 14 83 60 26 6 85 58 14
17 39 62 5 14 24 79 33 9 58 16 58 51 29 16 23 25 26 58 50 81 99 27 14 69 67 56 56 83 1 94 70 56 31 52 50 50 25 3 37 44 31 80 91 46 11 93 88 30 77 52 46 29 18 45 51 44 20 84 54 44 30 5 38 82 68 13 83 64 52 3 64 51 87 51 69 12 99 86 34 61 97 50 62 34 70 65 33 22 0 57 48 72 33 11 87 11 64 82 96 87 82 31 16 11 13 76 40 7 68 8 44 71 35 68 19 43 15 34 63 24 7 32 26 37 45 28 11 2 0 10 4 39 96 77 42 77 22 61 24 39 75 36 4
11 77 67 44 29 64 54 26 84 67 86 47 54 35 19 47 11 2 59 54 10 73 5 24 97 19 92 3 8 74 14 37 90 61 21 83 28 33 53 8 71 20 3 94 6 42 56 18 74 76 40 85 17 45 75 53 68 96 4 3 9 90 56 16 72 29 60 70 80 74 8 49 66 56 35 67 96 10 66 31 8 8 49 96 74 46 91 26 39 68 7 86 76 74 10 78 16 62 30 65 49 50 13 52 52 95 2 54 70 97 0 24 91 84 8 79 84 68 94 38 56 98 53 93 49 11 56 61 26 43 28 1 29 98 76 67 19 67 81 2 41 14 22 15
43 25 9 82 15 88 29 90 78 51 29 90 99 51 59 87 70 55 35 76 6 63 31 3 62 7 96 33 38 72 88 29 70 1 88 51 19 19 2 37 87 60 83 19 93 82 7 13 23 6 3 26 100 33 91 58 84 56 98 74 60 92 88 1 58 87 28 63 39 82 99 31 95 100 9 42 22 53 68 37 76 26 24 45 59 14 48 27 61 60 42 50 0 4 41 75 10 59 7 2 6 0 53 31 84 26 97 61 86 40 96 59 72 10 49 7 18 36 24 92 56 57 3 42 32 17 38 75 18 6 36 58 7 87 47 58 61 23 13 87 27 52 76 88
62 86 81 72 42 55 30 75 56 35 76 68 55 42 89 68 67 48 83 30 31 28 49 27 25 38 44 26 35 14 9 82 65 8 0 60 10 26 11 51 91 35 23 45 57 90 10 57 9 47 84 82 14 23 36 88 36 60 4 93 5 14 80 98 61 53 87 7 22 99 89 74 29 17 11 45 12 60 85 75 0 25 48 71 84 65 55 66 66 19 69 24 37 73 80 41 63 34 16 69 50 19 27 83 25 31 80 75 77 23 75 21 23 7 30 85 54 23 24 60 4 16 89 68 26 49 86 32 39 4 62 72 45 99 83 2 44 28 19 89 58 80 51 51
9 36 12 64 70 53 34 7 23 33 29 78 71 47 83 36 50 65 81 90 68 4 11 13 54 47 23 98 1 83 99 25 57 33 26 8 94 92 90 40 72 52 47 97 54 97 90 98 48 67 42 11 43 74 60 31 36 93 93 23 83 41 78 93 83 98 28 45 54 49 79 24 39 73 11 99 45 72 51 41 34 57 98 79 100 76 94 51 37 77 7 50 90 71 47 82 31 100 61 15 39 50 46 5 77 19 37 81 10 17 24 8 3 71 55 42 47 67 75 35 42 65 66 89 72 78 1 26 29 82 98 15 16 86 67 90 1 54 16 51 4 64 71 61
67 79 0 12 43 12 31 14 32 47 19 68 45 99 83 85 56 96 32 79 86 84 61 37 42 81 16 28 48 41 47 67 25 60 89 37 48 13 66 64 98 13 99 2 16 100 22 6 52 54 1 13 98 6 86 57 39 69 66 80 88 1 40 20 45 12 80 10 100 92 11 71 69 48 32 44 3 55 68 65 7 9 55 17 77 46 20 24 59 60 60 81 90 46 60 78 57 74 52 43 18 26 61 71 78 35 65 81 54 29 77 62 61 14 54 54 17 43 65 37 88 59 97 22 9 36 54 4 9 2 27 12 3 40 77 16 15 80 27 83 2 8 66 37
60 88 94 30 84 40 85 39 15 91 64 39 75 55 100 73 50 47 31 56 28 3 41 58 12 84 1 68 54 39 0 22 19 89 35 96 48 44 69 50 70 9 10 38 52 24 42 77 38 100 96 37 36 55 31 85 21 44 72 18 74 84 25 74 10 95 58 46 93 93 78 68 49 88 40 44 99 45 99 46 66 38 84 68 8 18 19 45 88 81 65 83 12 0 28 56 90 21 69 12 68 43 51 91 9 54 43 34 60 15 3 71 31 2 73 80 27 9 66 88 94 38 75 71 31 22 56 62 90 8 87 38 70 49 36 92 79 42 25 27 71 51 60 79
20 22 77 44 99 100 68 95 22 77 89 12 65 97 24 5 80 95 73 57 41 60 68 41 51 7 61 43 52 6 55 9 58 80 72 68 46 14 11 56 49 57 82 22 88 19 14 5 79 84 38 67 97 37 100 14 33 55 31 28 48 66 92 43 34 22 91 96 59 66 88 44 55 90 20 74 71 33 37 64 78 61 43 43 51 20 6 53 57 42 24 43 57 30 18 19 89 29 26 16 51 44 16 13 5 75 82 24 45 26 17 89 88 42 97 6 34 21 60 19 99 100 79 81 40 5 11 56 81 43 57 58 11 30 32 83 81 41 20 13 18 30 31 3
87 83 44 75 84 28 24 15 67 62 89 33 17 24 61 18 66 12 10 75 39 68 31 53 79 26 34 14 57 47 30 86 95 68 4 52 8 34 34 23 74 66 76 46 1 33 0 31 47 52 51 88 68 14 28 4 10 76 53 48 20 16 77 80 43 28 90 51 65 14 10 60 2 75 15 98 55 75 3 39 12 41 91 66 50 30 55 90 64 39 92 76 34 61 70 64 96 58 38 38 85 86 44 68 90 45 17 49 35 14 88 40 23 45 72 89 32 42 12 23 3 87 74 0 75 39 41 98 16 74 7 37 23 60 43 75 94 12 46 57 15 52 75 44
91 32 0 35 50 51 9 18 96 63 81 55 90 48 92 95 96 25 68 92 4 86 30 93 19 67 2 4 96 59 46 94 40 99 18 78 54 32 70 6 80 41 46 62 77 25 7 91 77 52 29 99 91 28 69 4 41 28 48 10 34 49 23 92 17 47 37 64 91 17 44 81 25 27 23 59 7 49 27 91 97 8 63 34 94 58 63 3 53 91 81 37 53 83 0 2 67 36 65 30 23 74 21 74 78 18 54 6 59 9 10 29 98 20 54 14 9 20 93 55 97 53 71 6 86 81 35 35 0 89 52 26 34 65 3 22 0 96 26 32 69 42 18 47
28 53 78 74 73 2 68 55 50 31 81 9 56 16 18 79 26 52 14 95 14 64 48 71 71 52 34 30 49 12 54 39 95 57 69 10 71 93 28 74 43 71 67 51 46 5 48 37 52 13 53 65 20 10 34 39 0 88 54 32 36 77 51 79 72 45 94 28 27 88 73 60 6 31 83 52 15 100 49 0 92 19 56 38 24 35 42 42 35 100 18 23 16 44 62 29 87 72 61 61 64 96 26 39 1 49 66 68 55 49 58 60 16 89 100 54 20 6 3 98 55 85 68 40 1 10 49 32 62 74 3 59 79 90 81 70 72 100 94 22 44 39 42 90
30 54 55 57 6 63 13 5 10 36 5 92 85 17 8 99 32 99 3 100 13 58 95 2 89 58 35 95 77 5 70 92 13 26 43 28 14 76 49 73 2 23 98 88 30 71 28 14 70 48 77 3 36 62 50 16 83 43 33 45 60 55 90 54 86 54 35 64 48 80 25 87 88 74 66 29 16 59 33 73 57 16 7 99 58 88 3 26 74 76 16 40 10 67 76 52 80 33 96 17 44 76 90 18 58 94 54 64 57 36 66 80 39 25 98 77 56 87 91 9 51 51 41 12 13 94 3 48 64 80 47 53 89 34 74 96 5 49 28 58 86 72 60 70
28 60 21 74 26 16 7 54 85 63 61 53 12 57 96 53 1 59 12 53 92 98 100 49 72 75 1 98 9 19 63 26 96 98 43 57 82 70 93 61 71 35 11 7 40 48 7 97 35 69 63 91 41 48 82 21 37 49 98 40 32 99 92 51 73 51 62 26 56 28 48 68 8 96 40 51 64 0 32 13 2 36 5 80 41 17 2 43 78 29 56 95 91 43 70 65 79 77 17 41 80 53 1 78 29 65 56 17 96 53 45 29 69 13 53 30 90 76 14 6 61 60 25 100 6 95 31 21 32 15 2 73 100 2 38 91 71 6 29 18 76 56 49 66
18 5 83 90 71 93 37 44 27 29 12 35 24 92 73 97 38 5 11 8 87 44 82 39 77 34 22 56 16 70 13 2 72 21 89 55 62 18 83 19 38 76 9 62 20 18 58 11 11 28 51 20 2 44 55 46 40 5 39 51 27 70 44 6 84 69 21 8 1 50 46 20 43 81 10 56 97 79 48 57 0 96 16 81 32 32 69 35 80 61 94 27 22 3 64 81 61 18 93 50 80 73 99 9 23 74 86 98 24 46 89 35 35 79 29 80 41 68 70 32 62 77 86 95 63 8 81 98 81 25 97 38 49 29 65 45 39 58 37 86 53 80 33 51
42 36 29 95 37 77 91 17 20 23 92 76 29 44 40 47 34 98 71 28 87 25 100 45 25 57 2 47 9 41 41 5 59 2 49 71 10 6 73 33 15 30 98 88 17 32 83 4 20 54 18 47 7 23 61 45 78 67 35 33 77 71 83 80 42 85 80 64 78 64 87 58 86 13 46 43 63 52 23 34 2 86 0 16 33 51 71 90 68 33 88 89 8 84 53 24 43 21 28 42 23 79 15 82 6 15 41 25 27 17 13 65 29 54 66 78 73 64 92 48 3 6 66 97 84 92 54 83 19 90 39 81 93 42 68 68 88 21 32 58 63 63 31 30
80 39 97 73 75 27 10 56 4 1 28 39 68 79 28 87 69 59 73 88 60 93 5 42 1 27 47 69 91 26 46 15 93 2 92 37 18 41 18 43 30 71 75 71 29 62 24 89 94 82 91 65 74 32 92 53 69 82 95 66 69 58 65 71 96 52 35 100 14 50 76 51 0 34 81 93 90 67 94 12 85 2 62 24 92 18 53 64 88 50 91 96 23 39 66 38 65 52 99 75 94 34 39 44 8 11 94 2 10 20 54 77 100 13 100 73 83 47 62 65 73 75 76 34 61 9 1 86 65 91 95 74 55 8 4 76 76 84 87 28 33 8 30 26
83 17 88 27 34 97 52 7 53 81 87 19 62 21 19 31 45 25 58 7 4 50 44 24 34 51 11 86 39 39 98 16 79 82 6 53 70 13 60 63 14 54 42 81 38 98 77 84 37 35 83 82 19 17 41 100 31 94 53 87 45 9 47 99 93 1 22 85 82 92 22 57 68 89 32 41 4 43 48 49 71 24 5 93 34 96 12 49 4 66 7 25 2 18 18 88 40 54 38 86 75 12 78 85 97 15 73 46 80 47 7 4 19 56 11 87 57 11 34 47 53 10 62 77 85 84 39 28 17 54 81 46 13 53 83 60 71 95 70 56 24 63 82 16
48 86 28 26 59 90 68 20 74 99 60 13 55 41 68 18 17 74 59 27 35 54 20 79 59 32 77 47 69 47 62 22 35 89 92 24 80 54 53 77 44 82 44 38 71 42 32 36 54 83 89 81 42 26 95 19 22 96 26 17 72 7 16 1 5 5 91 69 63 95 63 73 44 75 0 70 51 84 53 16 83 64 9 12 70 57 50 37 34 49 2 60 32 18 54 65 59 18 15 3 52 7 23 98 1 87 92 63 30 44 57 48 83 86 92 62 18 66 75 25 77 19 52 5 2 33 21 76 55 56 17 17 88 99 82 44 74 77 65 9 32 1 65 98
62 61 27 72 8 9 37 89 92 74 19 10 55 79 31 70 18 91 32 66 26 4 25 100 16 78 80 35 74 2 10 22 30 25 43 53 29 73 51 77 53 36 97 19 80 70 30 1 23 43 74 63 32 62 48 17 62 74 50 1 39 46 93 32 33 78 21 98 60 39 17 49 40 9 21 97 62 61 26 64 74 99 32 75 17 49 23 3 30 99 40 12 31 90 56 77 21 3 11 69 6 42 0 51 100 12 43 74 87 82 2 6 30 80 92 53 30 32 46 74 3 61 91 45 24 26 52 6 32 73 27 35 51 24 90 0 4 7 53 20 9 69 14 49
8 27 82 12 71 68 43 31 13 44 81 51 48 81 29 24 17 97 38 70 11 44 55 63 82 3 87 6 43 35 22 53 41 94 21 41 31 97 38 16 74 91 16 75 63 45 78 100 43 53 14 74 8 24 46 34 55 71 90 46 97 33 72 41 94 92 58 9 11 100 38 20 67 64 15 63 76 9 98 44 50 13 69 2 78 20 98 46 71 8 62 11 53 21 81 90 60 15 84 68 52 7 96 30 30 73 49 88 28 88 69 51 32 59 78 3 4 87 49 11 21 34 48 29 77 27 74 69 25 84 63 100 8 74 27 13 31 92 25 5 14 46 34 42
67 40 13 93 45 19 92 57 52 26 70 7 13 21 98 37 86 71 69 75 62 73 74 12 37 68 65 70 65 66 41 64 61 57 40 12 47 75 4 97 33 55 96 46 57 64 63 35 84 74 44 22 51 8 38 59 59 31 13 62 89 22 21 36 32 48 74 99 63 49 32 73 76 11 70 32 7 53 96 18 98 78 85 99 49 94 88 18 73 90 23 19 87 47 30 36 82 51 85 44 9 18 28 93 51 60 91 55 25 100 19 9 75 75 29 97 28 47 95 96 75 62 55 18 9 22 19 41 71 52 88 52 87 47 87 96 57 66 33 19 75 78 54 10
14 32 1 33 33 95 26 99 79 25 51 38 36 46 91 30 32 13 11 75 17 1 31 61 84 49 54 92 18 65 47 49 45 28 89 94 45 79 40 6 17 100 16 46 48 68 91 17 37 91 47 38 28 62 79 79 82 100 23 76 52 32 68 42 40 24 60 79 42 67 33 4 24 80 38 43 41 57 43 94 38 74 57 16 100 96 83 62 15 95 55 22 64 88 34 79 83 3 21 62 15 72 52 5 83 80 95 80 44 9 6 2 2 94 26 71 66 79 72 0 69 1 17 29 43 20 18 0 61 18 7 95 83 8 71 38 0 4 92 15 46 75 45 61
18 54 4 94 69 47 72 88 1 100 56 51 23 69 49 75 93 26 42 85 18 81 2 74 41 55 54 65 88 14 74 1 98 66 80 23 79 28 50 12 19 88 69 29 93 67 98 93 30 5 86 16 93 55 93 49 50 43 39 99 88 85 0 90 3 90 49 97 0 47 18 70 14 32 81 91 48 32 63 85 69 49 30 0 50 34 48 71 60 37 77 42 46 46 86 21 87 78 17 18 64 70 94 29 52 98 46 74 5 65 54 42 33 66 50 91 4 92 50 83 84 90 38 85 15 48 18 36 25 91 7 91 50 27 28 55 36 36 74 56 100 0 32 34
23 84 4 0 73 64 89 0 15 3 21 73 35 88 61 28 13 48 72 1 82 13 91 87 82 13 99 39 29 45 51 35 40 9 76 64 26 1 51 5 92 0 0 92 95 45 1 55 88 26 43 24 22 9 42 69 40 23 59 3 78 20 30 43 29 7 55 19 71 51 88 5 7 37 92 23 74 53 85 84 87 50 39 70 56 74 50 93 56 54 78 38 84 70 55 14 6 24 56 67 96 44 94 97 61 49 39 9 98 58 77 60 11 24 53 91 46 4 81 89 49 15 100 4 6 15 80 77 57 68 44 39 28 97 29 46 80 6 4 67 89 24 74 99
17 57 25 37 32 33 64 79 12 79 23 81 18 14 15 48 42 45 0 4 96 74 78 66 95 67 55 15 97 97 39 4 87 4 4 21 3 74 84 12 98 76 46 83 77 71 0 93 98 25 87 70 34 81 21 67 83 91 68 89 61 42 24 44 21 60 80 93 14 12 93 81 24 20 4 30 8 58 56 81 77 82 34 99 37 54 86 20 17 57 80 30 5 95 14 63 69 79 2 63 12 46 66 57 87 51 62 14 56 94 88 22 55 50 71 4 28 58 71 69 59 35 40 41 66 87 2 16 82 66 30 54 97 42 6 14 97 84 46 100 17 25 59 29
17 30 100 38 72 63 96 59 8 70 3 85 98 81 67 62 37 80 54 23 0 36 52 2 73 7 99 54 24 8 63 5 8 6 35 17 98 34 75 72 44 91 85 17 41 1 87 64 97 4 92 4 69 37 79 56 38 54 81 79 55 34 72 19 73 12 100 49 5 4 40 50 4 67 93 68 24 25 21 69 31 76 74 67 64 14 19 33 88 20 20 60 50 82 53 85 55 99 37 64 1 69 93 13 28 77 27 5 6 0 56 3 57 2 24 90 73 83 42 71 22 1 36 75 47 76 78 1 5 70 51 39 70 45 5 84 20 77 77 77 74 68 34 55
100 36 56 70 6 64 27 87 56 8 11 3 28 61 32 60 73 92 31 3 3 97 69 83 23 49 29 31 60 35 56 38 54 32 27 26 65 62 42 85 85 56 49 15 5 85 46 51 71 61 90 44 49 88 22 20 89 1 2 16 70 67 26 41 61 28 28 71 51 49 43 21 49 5 45 5 53 51 38 50 55 91 28 20 38 4 75 63 90 64 92 90 1 7 57 43 46 58 9 53 82 16 24 20 21 95 27 38 25 85 98 36 27 27 21 83 39 0 81 33 9 8 97 80 75 23 56 46 86 97 17 37 34 73 25 7 8 58 11 95 7 95 66 56
13 60 84 17 86 99 1 43 11 83 70 55 90 56 72 38 60 14 30 26 12 92 71 12 11 86 32 65 84 91 6 65 8 64 67 50 56 82 17 10 84 51 57 59 76 70 43 91 91 76 49 96 72 28 66 76 23 11 9 70 79 41 99 42 3 27 90 74 95 36 82 21 54 34 64 94 0 10 21 64 64 42 91 5 56 73 8 62 25 19 68 14 54 10 86 63 70 94 74 75 61 76 70 80 29 87 19 77 17 72 1 43 20 55 96 5 89 76 8 24 65 54 77 58 25 44 10 27 97 28 75 94 23 58 46 8 69 80 94 21 93 90 81 75
35 85 9 10 17 44 64 72 9 61 48 30 28 43 96 50 57 9 74 90 63 88 7 72 50 47 85 23 28 73 46 19 60 16 8 66 67 95 32 99 71 32 50 42 43 11 18 79 51 81 24 71 6 70 34 55 85 30 62 29 43 3 19 78 32 27 57 40 77 34 11 49 60 4 22 44 15 23 46 94 85 68 6 20 20 57 70 100 41 77 15 21 20 37 49 73 11 68 5 20 84 80 88 17 86 39 21 36 0 1 25 60 19 34 53 4 52 96 93 77 53 76 5 55 91 17 93 54 11 14 24 28 40 67 66 21 25 35 84 22 89 77 9 78
96 73 5 1 82 70 81 96 50 76 36 53 75 47 94 50 32 12 0 12 15 63 48 31 13 44 94 54 0 87 40 12 1 85 64 64 91 54 46 32 64 43 85 42 76 51 7 43 91 6 22 16 31 87 33 5 16 39 89 58 79 26 97 65 84 92 35 67 76 10 29 45 89 42 76 16 71 59 90 90 67 54 32 23 7 74 17 52 17 2 100 18 40 43 5 23 48 85 9 14 96 57 18 0 3 21 14 20 0 80 51 85 69 35 52 34 9 66 63 56 37 29 49 96 52 51 77 26 74 15 97 56 80 15 53 4 64 13 58 63 13 64 51 83
22 0 32 46 4 11 45 84 7 7 54 85 57 89 16 26 87 80 15 43 0 63 82 36 20 63 94 62 50 25 43 50 37 11 38 71 80 38 42 93 85 4 94 15 26 19 34 21 31 37 67 62 46 12 89 7 60 48 6 68 26 67 32 93 55 50 28 7 36 9 97 95 47 20 22 73 15 49 11 27 68 31 58 89 11 70 65 39 64 55 75 18 95 26 96 84 7 86 47 9 38 78 99 34 78 81 49 82 28 77 39 40 78 19 84 85 68 53 69 59 58 79 88 35 78 1 48 80 3 54 27 41 64 72 73 13 13 21 0 1 1 99 90 46
92 70 34 19 94 73 27 64 58 43 93 49 17 43 59 78 83 27 24 86 76 80 34 14 51 5 21 65 33 78 98 43 10 65 46 10 52 29 39 71 59 96 2 27 14 78 23 5 100 16 70 56 61 85 96 92 64 69 82 18 7 53 22 6 11 44 10 68 87 89 86 100 47 45 64 80 39 47 53 44 92 82 90 62 57 94 40 85 84 42 42 92 64 42 56 54 35 15 23 42 83 85 85 33 75 44 66 43 32 19 38 86 23 54 62 89 82 17 49 9 94 23 20 69 58 62 84 85 53 10 18 5 82 28 61 71 5 11 0 57 98 85 72 12
0 21 31 24 12 87 33 26 98 74 51 79 90 89 84 57 12 36 87 1 6 63 19 16 68 26 46 43 79 29 65 56 43 8 5 13 48 93 36 29 82 55 39 17 82 86 93 4 6 81 18 73 35 26 10 1 40 7 48 34 27 16 30 5 57 55 78 84 22 25 84 91 51 84 60 67 58 90 34 80 38 45 70 72 96 22 67 48 11 89 29 55 63 39 65 90 88 17 63 16 88 68 15 25 17 53 86 24 76 54 95 7 52 80 63 89 17 23 39 91 55 63 14 16 37 88 40 41 70 20 62 74 67 88 68 69 49 93 29 5 6 53 75 73
19 17 92 91 58 68 16 19 63 3 23 62 80 14 15 100 27 69 89 26 94 49 38 76 98 30 81 16 36 79 48 78 68 15 48 29 85 16 14 8 70 98 89 34 33 38 55 94 84 85 97 10 90 81 7 37 17 34 20 88 66 40 55 83 52 70 21 67 76 36 90 97 34 43 84 12 69 83 50 12 29 96 49 18 44 86 8 93 6 25 0 60 81 74 75 4 82 51 18 33 44 10 57 18 74 67 64 20 19 83 69 17 62 84 83 87 2 65 91 56 41 11 52 62 18 11 13 69 94 52 46 78 16 20 72 66 60 65 36 74 41 13 61 91
35 41 6 14 3 44 49 78 98 87 42 37 55 19 84 65 5 92 7 70 85 51 25 80 60 47 10 85 67 91 19 93 5 23 77 72 32 91 31 48 64 40 50 66 32 14 74 44 59 19 74 58 79 0 32 1 68 32 27 76 98 53 61 26 60 5 4 3 50 63 45 59 60 37 76 22 7 72 68 3 44 49 84 22 67 4 79 63 24 95 39 9 9 26 89 45 40 25 18 83 37 100 34 78 63 28 29 96 77 25 70 22 99 81 39 85 73 26 55 68 95 79 34 60 74 78 44 6 68 57 18 9 4 94 48 55 54 80 89 90 17 64 81 90
10 37 19 26 37 86 33 4 87 66 60 48 61 20 67 91 5 56 75 72 13 65 87 86 16 24 39 97 84 73 42 76 53 56 52 74 54 25 74 50 80 73 98 63 26 33 35 68 98 99 0 88 32 53 47 40 32 91 47 5 86 82 25 25 16 4 80 1 62 45 12 93 98 48 8 93 8 15 22 54 6 45 36 76 94 13 69 12 74 98 31 10 19 82 89 45 56 27 10 11 65 88 32 58 7 74 84 35 71 61 5 32 50 37 66 19 77 33 23 78 88 27 7 66 61 72 82 97 40 50 35 2 14 75 53 15 67 43 8 57 96 69 24 93
36 63 84 10 51 58 5 70 18 35 19 48 1 60 14 59 11 75 12 95 16 62 31 16 96 38 30 93 55 94 94 79 20 41 87 25 46 6 33 4 70 59 55 51 73 32 56 19 34 34 10 89 62 35 37 100 41 86 49 17 97 25 46 26 23 44 79 27 14 81 58 46 46 64 85 4 7 73 38 94 78 84 78 48 19 66 78 40 88 54 54 42 73 63 96 39 71 31 8 50 87 9 49 83 70 54 69 27 53 82 14 66 37 28 40 33 28 13 14 76 96 77 65 72 0 45 36 44 98 61 27 27 16 9 49 22 94 8 24 64 78 21 30 88
57 69 77 47 36 41 52 56 94 57 78 73 56 60 74 15 67 21 48 78 29 88 35 36 40 46 67 2 64 94 95 94 3 19 97 68 29 0 27 58 3 86 30 27 37 81 48 45 63 44 75 94 97 32 44 63 62 51 44 60 94 4 39 50 58 22 26 71 70 63 73 42 24 16 13 90 47 45 89 45 32 72 6 71 12 66 59 77 99 35 66 12 70 76 51 66 5 36 15 67 9 73 61 84 57 0 51 53 33 94 90 78 31 66 28 66 28 74 100 11 14 25 1 58 0 62 50 96 78 99 19 74 37 95 0 38 46 73 29 83 40 51 30 18
36 2 17 25 14 59 36 70 37 12 33 23 97 14 1 18 30 7 31 32 26 71 92 14 54 37 63 34 32 25 23 56 25 5 69 97 33 79 88 98 63 88 50 98 44 6 34 62 34 52 27 5 67 92 28 53 12 91 61 62 93 7 38 97 71 9 14 79 2 67 43 9 71 10 80 21 10 88 73 86 51 25 42 67 41 66 32 63 53 94 54 63 25 97 33 98 95 63 26 30 45 11 5 83 71 55 46 24 12 0 45 49 71 68 11 42 8 57 98 23 50 56 82 22 82 86 39 2 51 43 17 69 87 22 11 53 81 9 52 51 47 38 22 48
54 92 44 71 67 37 0 32 57 14 76 42 57 89 20 16 85 10 63 98 24 98 56 44 83 49 67 14 59 69 100 59 30 40 98 57 26 7 26 82 99 94 80 27 45 81 77 44 36 9 74 89 46 88 76 72 31 55 1 92 59 34 57 50 56 8 37 82 16 19 54 92 74 17 64 3 50 93 14 32 43 26 50 68 21 6 73 47 62 32 27 3 34 60 35 70 5 43 32 41 20 93 60 84 33 52 67 10 12 53 95 49 81 46 61 84 83 9 24 8 61 2 52 58 69 22 80 18 83 34 71 0 6 92 26 53 62 33 62 95 18 47 44 51
25 97 37 59 54 51 44 80 87 52 20 100 11 78 64 43 96 55 21 21 27 2 5 17 7 24 26 24 82 15 2 15 89 59 30 6 39 27 24 96 31 73 17 91 63 28 84 58 12 45 7 25 98 99 95 85 25 1 94 93 95 50 0 35 43 90 44 99 26 42 2 11 51 55 73 29 37 88 14 70 36 38 23 42 99 99 16 63 50 51 87 26 41 50 92 43 37 74 14 3 86 8 64 43 21 44 85 80 11 80 43 17 24 55 66 54 25 28 47 33 88 56 55 11 83 98 49 89 78 36 83 94 48 38 3 31 23 25 64 14 98 75 37 69
69 97 45 52 82 3 54 26 81 13 61 78 37 38 35 32 70 5 54 64 57 90 17 8 42 93 94 20 39 1 96 77 39 90 29 67 69 67 7 81 40 37 21 81 8 57 98 67 79 35 10 16 67 37 40 25 28 81 70 55 100 74 81 11 46 57 47 62 18 17 43 2 51 43 41 56 32 24 69 45 85 59 36 100 71 49 31 85 25 39 51 42 22 11 51 47 90 89 95 66 15 63 42 63 25 14 71 74 63 77 43 39 8 89 40 3 75 64 10 10 46 3 94 98 59 6 70 47 45 0 31 85 11 83 72 30 70 42 96 66 70 30 74 46
77 69 59 2 13 48 9 23 53 69 49 30 33 74 66 35 42 79 87 99 73 31 70 82 56 62 71 40 99 59 54 72 96 70 31 20 6 6 70 51 5 98 73 89 92 24 9 73 17 8 33 58 57 59 38 63 67 55 85 89 34 91 74 52 99 76 30 39 97 15 83 59 63 10 40 19 67 75 29 37 67 19 84 59 72 45 36 29 83 5 31 93 14 79 10 68 30 82 24 63 54 23 76 73 63 81 48 7 64 90 46 68 2 85 42 4 25 7 9 11 76 21 61 21 94 57 54 67 59 96 82 91 48 90 59 23 97 84 45 32 46 80 44 90
11 39 36 0 27 0 51 25 3 67 75 14 15 28 12 86 52 98 67 68 9 93 73 97 17 42 84 10 8 100 36 86 28 61 27 69 76 90 31 24 44 92 49 84 89 39 87 40 43 59 58 16 25 88 11 7 90 76 18 21 14 54 62 65 82 68 86 89 85 87 72 76 12 22 42 44 33 92 86 81 92 80 57 11 15 76 97 62 71 19 59 43 54 82 57 25 43 16 95 23 70 8 57 65 83 60 81 79 25 86 2 2 96 77 23 47 51 28 52 55 81 93 10 77 9 57 19 24 97 55 93 51 42 23 50 85 40 77 28 1 64 86 100 14
29 31 34 98 61 3 24 70 23 8 7 57 21 2 45 58 91 26 91 81 20 7 76 67 80 100 42 28 75 60 13 74 46 83 79 39 24 99 53 2 40 95 22 4 49 59 68 41 26 41 44 38 18 97 59 43 9 5 46 37 15 73 70 8 99 50 62 12 70 97 70 29 6 64 10 27 75 77 52 12 75 11 33 2 68 73 78 71 35 78 67 78 88 56 45 95 71 7 26 16 47 69 71 86 32 73 100 4 80 92 52 60 11 41 98 77 97 5 1 90 24 89 54 13 67 63 80 64 17 37 100 62 63 88 64 16 88 79 77 44 55 40 94 23
46 66 34 94 1 41 43 55 92 34 57 91 34 58 53 51 31 88 83 11 40 76 44 43 49 87 43 97 8 76 14 32 15 43 11 45 10 32 72 73 47 43 71 46 86 48 12 50 78 21 13 18 50 16 84 42 30 11 25 23 32 15 51 68 12 41 26 69 39 89 98 90 72 47 96 30 30 27 66 37 83 83 58 82 10 4 100 90 97 45 100 40 99 92 80 51 41 82 62 72 12 46 55 5 73 53 21 72 55 64 97 31 88 45 16 45 31 67 3 79 49 11 54 50 59 9 53 1 26 49 65 95 33 72 52 6 14 54 61 47 42 56 48 0
38 5 50 14 24 49 57 3 69 96 45 98 40 66 24 27 26 68 41 55 28 44 80 42 29 56 58 74 97 50 30 2 24 36 81 27 4 57 52 63 37 75 41 91 19 91 16 91 6 57 44 12 88 90 16 42 43 26 14 90 33 35 1 36 38 48 49 76 15 10 83 30 7 83 92 60 75 59 65 49 67 77 67 93 97 24 8 60 48 93 11 93 10 37 60 9 35 98 13 92 47 55 51 66 87 6 4 70 15 69 25 82 14 40 82 68 94 58 16 2 32 98 48 59 64 61 90 17 78 27 42 89 72 27 43 97 7 9 68 39 59 26 95 72
0 14 77 97 58 47 28 78 56 84 91 62 93 92 7 68 64 91 23 46 71 12 58 22 16 75 37 68 78 74 17 1 15 69 62 55 81 46 3 50 56 53 41 2 4 70 83 60 19 6 86 32 53 64 44 45 15 15 46 79 35 88 50 100 25 38 23 7 25 38 98 99 63 88 85 27 38 69 4 91 77 24 39 61 43 94 31 75 44 74 70 13 15 57 74 94 20 100 12 64 40 62 67 47 43 15 69 93 78 36 40 51 4 100 89 24 59 57 79 65 34 24 10 92 70 90 18 96 25 53 23 51 72 1 0 2 53 5 39 14 61 18 20 62
9 31 40 52 32 21 14 14 27 47 25 54 53 72 78 99 28 88 41 8 86 63 88 20 50 74 29 19 49 95 70 15 93 12 64 40 11 63 100 53 55 42 89 80 95 47 34 91 33 98 68 32 79 0 31 97 40 14 7 17 75 76 40 33 79 22 18 26 6 86 51 24 81 71 11 16 80 12 42 26 63 74 85 67 48 56 51 86 34 88 67 46 86 31 11 66 53 56 42 83 86 61 37 51 39 14 30 52 51 9 8 40 35 54 43 80 69 88 21 33 30 14 30 59 99 67 57 70 6 41 80 34 70 47 36 9 17 65 50 51 8 68 58 99
6 96 26 6 3 49 98 83 86 60 79 18 49 79 66 89 40 57 40 90 4 73 66 75 8 36 64 6 3 65 63 6 41 19 58 30 98 44 0 28 62 53 4 44 76 7 8 15 27 51 56 57 34 32 48 69 7 69 97 3 1 17 99 99 61 41 41 19 52 1 20 70 98 59 97 10 93 55 62 46 44 19 95 52 65 90 15 37 48 63 77 80 32 28 22 55 70 38 13 42 56 99 13 30 49 5 13 20 46 38 71 97 16 15 45 3 10 71 15 78 51 73 3 32 15 79 68 61 33 60 74 92 32 53 47 57 0 50 16 89 40 8 73 16
35 18 1 83 73 62 74 23 86 40 88 4 95 76 98 26 35 84 80 61 62 0 75 38 59 30 48 95 68 72 29 32 57 49 93 10 66 31 56 18 10 63 54 94 74 60 95 4 43 34 77 28 89 78 27 49 60 9 61 72 44 26 49 32 56 57 85 29 23 44 64 79 94 10 90 52 31 74 12 100 61 80 36 26 90 21 71 25 57 70 87 44 46 59 45 22 6 4 29 71 94 15 27 93 25 88 48 98 3 42 1 57 3 38 26 18 67 48 63 37 71 62 56 16 7 11 51 28 35 91 34 13 18 57 46 33 72 39 46 70 66 30 30 53
45 8 77 38 15 63 99 12 43 37 9 35 83 57 1 7 46 37 36 23 55 65 61 38 1 44 62 50 51 60 6 44 86 31 48 5 59 61 22 14 79 3 25 96 56 27 5 67 47 15 93 96 60 83 43 72 66 53 78 24 68 14 97 36 15 86 37 1 6 62 35 54 25 30 64 13 67 13 53 65 82 9 21 39 19 68 9 5 39 96 47 39 98 83 30 99 80 80 59 36 43 3 46 86 37 47 33 89 80 86 54 89 26 31 51 18 9 39 63 14 33 91 25 47 66 8 68 87 31 57 40 75 41 10 21 17 29 61 78 0 19 92 32 64
24 10 62 78 63 66 87 7 81 23 79 23 19 58 42 18 60 76 7 12 98 59 14 29 93 27 82 22 43 80 67 3 20 73 47 34 25 97 80 9 80 47 51 23 31 88 97 39 42 41 65 76 12 10 3 23 7 49 71 12 42 69 91 97 62 96 10 30 65 64 65 47 7 98 84 49 19 87 72 24 14 18 52 29 23 18 64 100 3 19 16 67 25 85 29 95 58 20 85 78 21 42 86 29 83 21 59 2 54 72 44 63 85 30 2 77 12 82 93 79 81 18 95 31 56 20 58 20 84 33 62 59 76 76 46 100 87 47 55 44 70 31 79 16
68 63 32 91 60 58 95 45 65 57 74 58 67 72 21 92 36 60 6 82 99 58 87 15 57 35 63 44 86 5 49 5 24 76 1 54 56 35 4 88 99 54 59 94 70 27 0 1 22 62 51 88 6 90 13 63 18 17 36 82 97 82 86 34 66 43 99 58 71 85 58 34 57 8 65 88 25 16 44 14 42 87 0 47 94 88 75 38 40 59 82 54 35 41 82 65 5 62 60 69 84 59 36 50 12 22 67 78 37 73 68 12 68 11 77 80 88 22 86 8 33 0 65 98 79 72 65 8 44 44 60 52 62 17 34 46 66 55 29 86 2 38 83 58
69 16 0 34 20 85 90 51 90 37 94 39 30 15 54 39 76 34 83 33 93 15 89 100 35 60 81 51 85 44 53 54 21 42 24 8 83 80 64 3 1 98 24 57 20 52 44 70 89 78 42 30 24 13 13 45 81 99 7 52 31 81 37 27 9 15 5 41 58 59 31 62 64 36 24 43 85 6 28 8 87 95 6 7 41 62 100 72 58 40 29 16 45 60 5 10 61 73 85 69 10 48 24 94 24 36 2 47 10 45 6 54 97 68 1 15 90 9 92 22 49 9 16 61 94 64 76 65 78 18 25 58 75 3 93 39 93 91 26 86 64 59 23 7
99 88 36 85 19 1 37 87 45 50 62 37 86 40 38 30 48 21 72 74 27 21 69 21 37 5 39 98 82 29 40 9 43 72 86 27 59 35 85 19 83 89 97 99 59 71 59 91 66 72 93 98 11 33 45 79 61 49 61 71 20 25 35 54 60 16 17 89 32 55 64 5 66 51 41 92 59 94 85 49 91 51 65 4 75 38 54 85 93 99 21 5 73 42 86 61 84 8 84 37 52 46 21 34 61 29 65 25 11 32 95 90 79 68 71 61 9 84 57 74 52 6 25 39 94 71 78 25 66 44 81 81 67 57 7 2 71 61 55 100 58 29 3 19
4 100 99 32 41 89 3 98 49 63 50 4 79 1 30 3 77 66 70 98 41 15 6 63 43 66 69 2 65 0 70 31 86 2 70 16 44 40 88 77 38 64 46 86 99 30 83 37 23 87 62 37 19 79 26 77 25 84 0 94 3 82 60 24 50 34 31 68 2 3 13 50 13 73 81 96 42 19 61 72 24 66 57 16 88 100 2 82 88 15 56 62 83 33 12 21 62 69 52 96 81 82 82 100 60 7 28 10 50 16 0 66 71 34 1 15 12 85 8 31 17 16 74 25 93 90 75 4 100 4 37 52 67 94 91 17 88 55 75 97 59 65 17 91
59 2 79 94 38 1 3 96 51 86 8 0 48 63 82 12 33 11 76 81 67 22 51 77 70 10 37 3 27 5 77 8 17 29 2 6 66 91 21 45 20 75 67 22 11 9 26 97 74 56 14 6 74 75 64 9 7 61 98 47 23 63 68 55 58 65 32 85 44 84 59 23 94 97 89 49 52 38 56 23 34 72 95 77 73 63 99 30 17 69 5 16 56 86 84 60 72 60 36 39 75 41 69 8 89 57 99 81 18 53 67 42 37 61 27 54 99 30 60 46 48 59 22 53 6 82 23 73 34 0 36 29 12 89 5 49 22 92 50 36 57 62 84 47
67 58 1 99 12 46 51 32 47 81 44 21 92 62 53 32 8 46 95 60 36 51 16 81 89 7 92 37 71 2 45 8 98 99 0 52 99 62 30 18 19 70 30 38 26 3 36 71 19 48 60 40 3 31 51 57 61 27 16 96 1 58 69 17 66 40 12 96 59 46 34 80 60 12 34 15 95 27 18 85 82 95 7 96 7 43 21 55 41 46 50 12 85 46 47 67 99 91 20 47 74 87 88 77 72 54 34 36 17 54 3 80 67 68 69 14 42 26 7 7 63 3 36 0 7 15 21 91 31 35 57 44 96 5 5 26 67 54 24 51 2 13 56 61
57 57 85 70 63 19 3 19 58 66 87 83 9 42 54 1 95 93 83 83 32 48 23 52 9 89 98 61 66 23 97 55 23 50 51 41 97 40 2 40 90 95 80 36 15 80 62 82 0 24 46 97 34 70 92 46 25 97 7 2 24 83 37 68 39 12 83 92 62 4 99 65 77 22 87 15 75 78 84 14 29 40 58 22 95 56 22 64 17 42 26 23 85 35 92 62 46 86 85 98 40 73 14 5 49 61 57 95 98 80 65 28 91 60 67 96 78 14 54 46 79 35 39 98 88 15 11 34 2 39 49 45 55 31 8 3 26 43 19 56 0 90 97 13
4 9 77 57 79 92 31 74 67 63 78 1 32 69 74 13 41 73 71 41 49 87 25 77 65 44 55 79 36 21 57 40 24 55 22 52 26 76 36 64 62 42 14 5 67 69 9 45 55 6 46 94 57 39 1 28 11 50 11 9 31 4 39 16 40 44 36 99 81 43 2 88 17 32 4 99 27 32 29 27 82 80 26 65 61 48 67 72 31 19 100 57 52 5 76 24 11 60 58 51 3 30 36 41 77 11 75 57 82 63 67 68 46 2 53 83 11 61 71 45 30 19 35 49 19 34 95 68 42 33 28 55 65 9 76 97 25 44 96 14 53 97 73 79
20 48 84 79 7 32 69 98 1 5 62 64 37 91 16 74 30 64 5 63 39 37 96 81 81 41 46 2 30 80 13 59 11 10 31 94 58 63 28 25 82 65 63 44 29 57 0 79 62 20 41 63 59 39 29 2 57 4 100 13 31 45 28 96 88 73 42 51 56 93 66 62 96 63 27 33 41 60 49 49 36 92 95 85 18 86 41 100 51 35 69 69 6 26 55 85 79 22 61 6 99 28 78 60 18 84 24 5 37 96 12 14 85 89 23 39 73 99 95 87 67 62 17 4 74 76 56 89 76 1 70 5 71 49 29 62 38 7 82 75 6 22 60 64
90 61 35 27 19 41 96 98 36 37 17 67 40 65 17 71 77 1 55 24 53 95 54 13 80 7 22 68 47 13 18 36 68 37 56 73 22 88 100 55 95 72 66 52 36 99 56 83 55 47 73 27 90 71 49 60 9 46 99 34 77 86 66 26 54 66 88 45 5 42 61 72 29 20 4 80 86 63 62 31 75 36 84 34 59 46 14 78 94 8 90 3 53 64 88 83 79 71 28 92 57 58 94 6 52 55 79 4 10 19 94 1 3 1 91 49 36 92 26 83 73 13 93 14 30 39 92 58 15 31 10 64 72 27 84 27 31 72 74 67 11 53 83 32
41 70 70 72 95 27 21 20 76 47 55 45 29 93 58 34 54 56 33 2 32 43 94 62 52 85 96 20 67 27 93 35 100 81 90 87 79 79 99 91 6 94 74 75 85 5 86 52 79 87 45 41 3 21 77 0 27 84 43 93 68 48 91 90 63 3 94 31 49 1 33 1 33 55 81 93 46 31 36 72 33 83 27 26 32 86 97 68 90 56 8 4 99 41 73 68 19 86 86 25 32 31 39 22 54 19 61 13 9 72 90 45 42 57 0 64 14 14 0 85 36 68 5 47 35 49 4 79 13 89 45 20 82 51 68 29 65 33 95 59 12 61 33 33
81 10 45 16 73 33 20 64 69 98 46 60 17 44 74 32 32 2 54 45 45 68 6 12 51 70 48 84 63 52 19 30 68 96 47 97 28 20 15 35 91 80 18 85 58 3 64 52 11 66 5 51 72 88 71 95 45 12 4 6 90 84 83 72 33 40 40 86 30 29 70 37 58 34 24 51 48 9 24 28 86 73 93 24 100 87 30 68 100 85 90 33 1 90 13 88 22 23 32 93 48 50 33 3 62 0 10 72 88 52 75 96 17 33 17 58 30 72 31 12 22 35 1 24 74 79 32 75 20 82 15 99 24 5 11 33 23 55 5 16 8 7 83 40
22 11 13 67 21 63 93 1 84 63 70 64 37 76 96 62 91 43 74 44 49 26 52 75 71 61 54 92 84 93 0 29 93 7 78 99 38 26 54 46 61 50 85 6 78 40 35 51 88 56 84 39 44 55 59 22 91 45 11 6 64 36 19 41 5 95 41 42 45 13 13 76 35 72 92 74 48 26 65 13 87 36 81 29 41 28 78 94 51 33 44 49 38 3 4 39 17 85 36 60 14 91 9 72 95 76 88 3 72 17 35 22 28 30 77 7 47 20 72 94 70 22 0 29 36 25 84 87 10 59 38 67 68 96 13 67 74 67 8 65 17 46 86 56
0 59 69 68 40 88 35 46 79 10 10 54 52 61 88 39 20 78 31 21 75 37 60 11 80 87 65 60 99 67 17 37 80 59 74 56 17 55 73 47 57 62 4 89 11 58 90 85 14 47 60 55 34 58 89 52 34 70 22 0 20 20 100 71 96 35 35 53 82 24 75 41 93 37 37 56 35 26 15 25 26 23 75 98 44 21 63 77 91 39 19 94 69 85 36 47 20 78 14 46 11 74 37 34 65 53 49 25 66 36 5 42 1 46 54 45 12 16 1 13 45 23 77 29 25 30 91 71 23 75 46 68 80 42 53 22 8 9 79 6 52 62 85 14
98 10 55 22 32 93 42 27 66 16 82 75 65 32 74 64 82 44 2 23 51 10 91 35 55 26 23 39 46 49 50 89 47 47 38 96 71 53 42 15 78 84 43 31 49 7 27 96 37 95 70 50 80 56 76 80 44 77 33 42 9 100 82 60 41 20 59 83 5 24 36 71 34 20 71 51 34 7 44 52 80 47 66 40 67 82 16 10 79 38 28 100 10 82 68 80 92 50 41 31 85 87 19 47 20 48 35 88 26 82 97 0 23 4 20 15 92 5 95 42 31 63 18 18 49 73 59 58 4 81 58 32 69 56 62 39 73 65 25 83 56 57 76 72
58 86 87 88 81 25 46 98 11 89 37 62 58 98 51 33 95 7 92 62 7 62 64 5 20 72 60 92 47 48 8 30 79 27 53 20 3 46 58 83 68 58 2 27 80 89 23 61 31 63 67 16 63 69 15 49 18 18 18 76 81 10 12 39 66 100 81 24 9 82 27 88 76 64 53 34 7 77 76 33 87 85 81 42 49 97 61 75 89 86 58 46 34 65 41 6 23 19 44 3 10 30 72 7 51 72 44 8 56 29 72 45 49 9 35 61 89 88 6 79 93 87 36 59 47 41 5 80 56 84 57 76 22 98 48 53 4 57 13 73 45 69 11 33
98 71 100 61 0 20 69 69 50 12 68 64 68 23 39 6 19 53 26 49 7 48 80 36 46 10 76 72 61 72 13 12 20 64 1 82 80 25 83 82 85 74 85 17 92 62 64 43 19 43 30 25 60 88 24 83 86 3 73 56 84 34 80 4 77 4 77 69 50 50 100 90 44 59 83 52 55 3 51 77 59 48 44 6 19 16 91 49 85 4 93 68 94 85 98 16 38 95 96 55 83 83 69 70 55 84 58 64 58 58 89 65 82 77 4 94 100 87 84 6 48 92 12 79 78 78 59 77 56 52 27 28 37 1 96 99 18 13 86 45 45 32 54 78
76 32 17 15 10 60 71 67 74 75 73 97 11 92 80 31 64 94 66 77 5 14 40 75 6 74 68 51 89 48 65 18 20 73 97 86 15 48 34 22 92 8 49 0 21 89 1 100 47 45 98 59 50 61 35 95 98 9 32 6 77 82 64 35 48 52 40 5 13 35 25 32 46 44 59 26 85 52 98 25 92 18 15 33 43 60 25 96 1 34 93 53 30 37 22 76 41 14 59 0 22 62 49 34 59 34 22 36 62 6 81 53 29 75 50 19 92 73 49 85 97 44 43 5 68 68 64 8 13 94 80 54 95 65 4 8 79 12 78 8 17 60 90 93
91 7 47 91 44 21 27 14 45 47 66 27 62 35 20 12 2 51 64 60 40 45 54 77 43 75 67 45 73 20 53 22 65 53 96 68 96 47 91 62 37 27 87 84 76 81 69 30 90 29 16 50 53 55 66 38 28 27 31 21 62 95 93 52 42 28 98 25 79 74 75 7 87 76 15 61 67 83 60 39 82 64 26 97 73 37 65 84 87 74 5 77 49 82 14 14 34 14 78 79 95 64 49 26 62 58 45 0 10 68 35 62 77 74 37 78 91 66 73 19 90 47 93 68 3 23 94 89 48 91 6 69 68 55 33 51 62 23 47 75 60 80 100 63
69 58 39 77 68 8 71 8 19 32 19 100 46 2 19 99 31 87 56 3 53 81 67 17 22 53 74 52 29 64 48 62 27 36 2 19 4 83 29 7 97 9 88 2 93 8 54 48 12 43 86 35 42 23 6 46 68 99 60 34 53 82 6 68 44 38 9 28 38 49 94 37 15 20 3 70 43 88 84 28 6 78 12 85 83 94 6 59 31 40 31 71 32 69 38 18 32 97 88 75 87 16 67 55 48 41 85 29 88 59 61 2 12 94 44 83 94 57 18 32 5 100 22 59 68 32 14 68 100 3 87 38 22 98 73 80 83 89 10 45 10 91 83 59
14 56 0 26 22 93 37 23 68 25 67 54 63 40 59 17 25 74 4 22 91 82 97 12 100 67 88 29 77 39 7 95 16 19 82 74 99 58 98 34 6 28 37 92 20 67 17 50 51 94 31 25 49 76 72 68 3 85 68 11 17 60 70 67 42 63 44 36 24 57 14 40 83 2 48 11 62 14 23 88 67 32 40 11 21 73 59 40 5 35 57 75 77 35 50 43 40 69 57 73 70 60 65 59 31 91 6 91 40 50 41 12 10 27 87 65 70 54 45 67 6 30 5 92 50 8 57 28 82 75 46 74 4 78 21 93 18 51 28 24 30 83 89 96
22 35 61 48 8 68 89 29 72 46 29 48 71 93 94 39 18 31 6 60 7 50 33 86 47 33 100 19 18 2 0 23 12 55 73 89 44 60 89 12 44 46 90 50 71 68 35 6 94 63 98 64 12 96 67 38 47 92 69 92 41 99 58 12 75 33 67 40 13 82 77 55 17 96 80 16 64 23 95 32 45 74 76 18 14 60 98 69 2 47 30 34 32 67 61 75 39 70 22 2 18 3 4 57 48 47 57 93 33 72 22 67 16 58 31 57 49 51 13 53 76 62 56 93 21 6 20 95 30 56 55 1 30 8 1 49 23 82 62 42 11 75 51 23
55 55 19 54 72 24 27 43 34 34 80 81 61 38 44 37 16 26 49 51 18 99 84 52 78 51 17 15 80 38 64 58 40 80 35 41 72 44 78 70 66 85 44 96 27 12 10 21 82 48 40 23 82 32 65 95 99 44 58 91 18 79 67 6 68 91 43 69 5 63 64 97 87 15 15 7 63 100 18 85 34 7 57 52 35 88 31 31 83 65 59 61 93 70 77 85 50 68 30 79 33 4 16 65 65 21 65 96 80 14 51 17 18 16 9 41 18 53 93 23 90 62 6 66 51 11 55 93 36 38 79 52 81 92 40 93 70 85 49 97 13 6 18 62
52 66 94 94 51 53 91 43 66 17 69 90 9 66 40 71 95 92 2 29 57 58 34 60 13 42 64 49 91 74 44 78 91 67 99 11 83 61 2 6 0 53 74 80 63 64 43 6 71 34 66 78 56 57 26 86 17 88 68 80 95 92 28 86 52 85 46 12 21 63 53 30 20 85 27 93 41 42 97 92 1 39 16 36 43 76 16 47 63 65 17 86 32 54 98 79 33 7 11 28 63 44 82 99 21 0 51 87 58 33 92 45 93 86 54 77 10 95 37 93 46 36 32 95 45 28 13 86 70 94 15 78 62 33 46 44 40 86 78 92 12 41 84 9
99 20 86 100 50 53 13 12 62 5 39 80 80 7 78 42 30 4 5 40 51 40 66 46 21 56 19 4 84 29 66 27 17 94 92 96 76 98 15 18 71 24 79 70 40 71 34 5 19 67 17 14 23 24 30 22 98 1 41 42 98 90 78 30 27 87 14 65 61 38 50 91 75 23 85 1 95 36 47 66 22 57 12 90 54 68 74 12 41 96 99 98 51 40 74 38 66 99 8 10 70 82 51 20 94 79 24 49 88 24 60 40 53 26 88 3 93 70 27 51 88 19 34 43 38 33 34 61 44 28 63 63 19 81 83 47 95 18 67 72 9 74 68 70
44 36 55 96 76 16 88 72 0 17 96 40 31 43 54 16 48 18 6 67 52 41 78 4 21 48 55 24 86 38 29 37 18 100 16 74 38 44 94 21 74 15 51 74 68 55 28 68 26 83 34 11 13 47 24 47 27 14 81 20 15 12 40 6 45 45 71 48 78 52 15 5 32 44 48 19 8 84 26 12 47 65 49 11 78 34 28 11 60 0 67 22 86 21 91 33 20 10 39 24 62 46 93 15 5 8 49 52 7 91 26 30 60 12 54 65 40 94 48 93 25 25 69 13 31 30 15 11 90 76 36 45 60 36 95 47 58 53 10 49 29 60 55 17
73 43 60 66 6 75 23 28 53 65 11 55 96 87 16 15 24 90 98 2 21 91 52 52 8 20 24 93 22 28 1 98 89 33 60 9 69 53 74 87 47 34 45 29 81 96 74 20 83 95 45 45 30 20 51 60 89 72 11 67 76 71 66 25 55 35 81 50 55 92 28 55 89 0 29 27 53 77 63 95 49 93 43 88 25 3 76 95 60 54 52 86 94 39 27 64 60 89 23 23 73 97 27 53 83 34 41 20 49 97 26 70 39 13 100 41 31 51 81 77 97 59 42 20 76 19 0 39 82 6 55 27 54 84 54 87 4 51 55 85 17 97 92 59
74 55 83 4 21 72 39 29 73 96 4 16 81 23 47 55 7 0 62 57 82 86 72 83 71 53 93 21 2 39 4 96 31 92 14 78 64 66 93 48 43 10 11 93 17 53 42 90 57 65 18 14 45 16 26 11 63 47 42 38 24 67 92 24 93 80 84 23 52 50 55 49 15 24 4 80 40 72 17 78 22 26 33 91 98 3 73 29 90 38 23 59 80 48 7 79 94 58 97 60 58 41 94 69 30 40 95 97 61 59 71 13 57 61 55 47 78 72 45 90 58 65 80 89 40 32 86 31 4 63 95 73 85 49 79 51 1 21 75 32 68 77 2 0
66 58 87 16 88 52 16 78 81 15 31 98 94 28 37 49 0 11 24 95 26 33 78 72 4 50 5 25 4 0 32 77 97 14 71 88 53 96 93 16 95 7 45 89 13 40 83 23 19 28 33 12 81 83 50 90 47 31 68 55 16 7 11 35 28 56 34 56 24 56 71 85 7 70 7 18 66 35 87 41 93 78 33 48 1 18 38 44 75 3 78 43 78 61 84 7 52 97 96 13 30 7 6 29 91 68 13 35 61 20 54 63 76 74 3 51 81 85 68 30 4 9 85 35 61 32 31 16 89 31 27 53 3 2 97 72 60 79 63 14 1 92 16 40
61 46 92 12 96 90 68 68 25 41 58 57 10 3 75 48 78 62 4 84 8 16 0 27 59 79 96 66 16 71 68 11 62 25 36 93 93 11 11 7 87 63 85 81 81 90 40 15 44 66 73 65 51 69 43 51 98 19 35 41 66 21 5 28 55 95 7 31 45 10 8 75 90 0 24 67 15 47 59 0 68 22 31 15 93 30 92 79 44 80 11 14 41 19 8 13 36 92 4 40 80 48 37 9 9 54 95 80 95 65 3 100 46 12 25 0 35 62 23 84 28 42 20 24 65 52 69 23 36 71 25 36 32 88 13 73 15 93 11 3 12 16 65 20
99 3 56 51 6 84 44 63 19 54 27 20 71 4 5 86 80 21 20 85 9 48 16 26 46 94 49 6 67 30 47 58 9 3 71 16 40 40 4 19 29 73 86 58 31 99 91 83 87 63 17 44 80 46 20 66 52 6 87 37 20 59 31 86 58 79 89 8 40 45 10 11 48 57 81 99 49 74 82 39 64 40 39 10 43 60 44 53 86 100 53 41 80 21 81 60 60 36 83 63 65 94 18 48 90 43 19 79 84 34 59 88 1 86 30 84 88 39 17 87 78 8 31 93 82 41 32 48 46 64 39 80 62 63 94 20 30 27 27 14 99 84 90 65
22 87 76 1 78 100 88 18 62 54 64 35 52 18 38 83 34 74 50 60 73 93 15 94 42 79 82 7 100 49 52 10 40 72 11 92 92 31 68 10 59 4 76 38 9 49 45 99 71 97 24 28 69 22 73 68 17 83 28 47 50 79 52 9 77 19 77 65 82 90 67 34 18 90 96 85 42 67 50 87 10 78 57 6 60 89 0 30 96 8 70 47 67 51 17 21 61 91 47 39 39 73 63 38 42 0 43 7 79 51 50 62 33 77 79 81 38 77 16 35 19 26 93 58 37 80 89 30 3 98 14 18 35 49 54 78 80 21 79 21 83 40 70 5
68 74 81 90 5 5 60 81 19 99 41 90 26 46 32 82 22 62 22 100 7 27 39 74 15 38 38 14 79 96 44 54 62 1 87 98 61 75 98 86 41 21 18 69 20 88 37 7 27 18 84 28 73 80 70 10 42 90 65 26 83 24 83 24 9 96 2 72 84 65 11 94 73 29 1 96 73 72 2 95 52 70 58 68 52 18 23 83 3 47 98 13 83 41 92 63 94 8 91 31 7 86 15 51 4 13 21 13 59 37 76 43 82 12 35 26 7 72 30 59 2 16 57 95 54 68 41 44 52 47 29 83 23 55 36 53 84 34 73 12 36 55 89 10
34 44 91 50 95 15 43 32 34 22 22 94 20 80 79 60 65 15 55 11 30 2 44 7 12 53 41 75 22 56 49 88 66 33 35 100 96 63 57 77 2 75 47 42 43 34 97 63 74 100 65 55 91 75 38 79 64 53 98 88 85 33 63 92 76 21 87 38 28 79 61 81 96 85 38 15 64 41 36 60 96 59 60 41 90 22 9 88 84 30 72 87 65 10 36 45 53 90 83 1 50 100 39 99 72 29 95 94 45 52 5 25 24 62 20 58 87 16 1 10 70 48 51 36 55 60 11 91 4 49 83 48 10 17 12 96 60 84 81 70 14 28 14 25
45 62 82 80 84 55 8 58 24 0 9 8 22 44 72 89 76 94 18 10 20 0 47 94 22 70 90 41 34 17 69 13 97 30 76 88 42 99 16 34 38 57 4 56 43 38 53 10 8 23 83 32 13 9 69 49 65 73 96 62 3 56 88 44 98 52 88 90 44 9 28 22 21 63 72 41 72 70 81 66 25 41 14 33 24 46 19 87 34 56 43 7 44 96 11 38 23 97 29 71 43 74 31 44 62 5 52 86 17 98 97 73 81 60 55 4 50 90 61 55 1 65 85 30 86 19 20 75 23 57 41 73 96 21 26 46 20 35 44 22 46 84 84 28
91 83 22 52 4 54 60 31 84 84 27 54 81 89 28 8 21 65 88 4 53 5 6 18 32 19 12 8 89 32 74 24 50 92 57 71 76 80 45 48 47 2 84 14 87 55 7 2 24 56 26 94 12 72 87 16 97 43 96 63 30 62 58 12 56 50 31 18 59 59 36 99 1 65 33 77 25 37 58 23 28 79 64 47 38 57 58 7 95 30 1 14 18 85 61 64 20 46 72 0 82 43 95 51 87 44 85 88 41 76 48 15 69 4 8 5 38 63 87 79 77 4 18 40 83 68 10 26 1 78 26 8 27 30 61 79 50 70 33 1 1 37 100 12
23 95 55 17 58 74 44 95 72 84 80 24 37 35 38 61 100 16 80 94 92 34 99 76 51 60 73 28 19 12 55 20 60 5 3 92 30 12 95 53 89 58 84 43 99 62 71 23 35 17 77 11 5 13 75 51 27 16 27 65 62 50 24 57 38 33 16 21 40 82 5 83 16 24 100 95 3 24 91 93 63 2 58 73 68 71 76 33 14 82 27 50 30 37 39 95 19 19 20 54 84 83 18 100 90 75 43 84 67 85 98 4 88 4 31 14 35 65 36 56 24 55 99 89 46 30 6 64 41 34 57 48 61 10 92 27 31 33 44 90 23 98 64 89
96 58 15 89 36 99 97 95 98 64 88 82 20 45 88 10 47 16 19 40 34 96 90 16 9 100 62 27 99 83 93 38 26 94 3 19 82 67 33 71 16 22 15 29 85 72 12 43 8 87 78 68 51 11 59 26 69 18 13 50 15 0 18 90 51 65 54 71 42 68 90 1 6 51 55 98 30 92 52 10 17 9 62 81 93 96 51 90 93 89 97 87 71 22 50 91 66 48 80 39 79 91 1 56 37 6 13 69 70 61 16 10 22 34 46 15 86 9 73 3 12 50 24 28 87 10 24 19 91 67 99 39 47 35 24 28 23 91 91 17 72 25 12 43
7 11 77 51 49 14 5 94 37 12 50 79 46 20 52 7 57 13 92 9 93 12 19 60 75 60 72 5 14 30 43 32 64 55 20 98 66 87 54 55 59 49 87 76 28 4 65 59 90 55 21 98 76 71 75 99 30 63 38 66 43 33 6 58 59 12 41 33 1 80 51 96 63 54 48 19 4 89 51 50 75 30 53 18 59 26 84 53 58 78 87 94 43 75 89 5 51 63 78 80 75 98 41 40 65 46 60 31 83 38 56 16 82 69 84 38 1 18 35 27 87 86 4 48 34 4 94 37 63 31 4 77 71 84 70 61 10 34 58 0 96 83 70 56
18 82 99 99 66 5 38 100 22 79 59 3 5 2 31 58 81 43 23 85 52 55 78 92 9 1 75 67 55 88 81 78 27 58 98 71 81 63 13 83 82 16 78 62 53 65 27 51 76 6 73 44 14 0 12 82 23 93 90 72 13 53 37 73 80 67 58 81 59 27 9 49 22 62 60 7 75 76 29 56 21 57 76 98 48 78 60 51 25 16 90 88 68 62 90 54 76 63 74 95 16 45 51 87 100 45 27 58 10 97 79 88 50 77 56 7 37 44 70 76 19 57 55 19 58 47 36 21 40 27 24 52 33 70 21 78 68 39 11 13 99 79 44 83
52 8 55 60 100 85 92 5 30 38 24 18 87 60 66 62 39 0 55 94 65 38 5 30 79 9 96 89 95 61 47 38 34 45 89 91 62 10 9 12 50 42 46 39 92 22 94 17 76 68 27 82 72 75 87 97 0 0 81 67 94 21 43 97 4 73 92 33 58 38 75 4 11 68 94 87 29 30 69 13 85 29 26 22 63 84 4 71 38 79 47 61 60 77 36 23 59 96 49 54 25 68 55 64 67 11 50 18 79 91 39 19 11 40 36 12 71 73 39 5 47 32 85 14 33 26 2 73 89 32 55 9 27 48 83 8 10 58 74 4 57 95 82 47
37 84 8 90 85 85 96 51 77 56 75 76 38 81 95 47 61 78 70 47 36 52 29 23 30 62 84 17 60 69 86 45 54 77 10 57 27 28 86 37 75 65 9 37 42 23 43 52 31 21 53 71 55 56 91 69 85 60 52 64 41 55 69 58 98 26 100 15 68 52 65 3 95 69 76 46 96 100 17 63 82 65 77 83 50 89 76 22 18 95 82 39 70 12 25 62 67 43 80 62 25 35 90 79 85 50 40 57 92 10 19 62 51 78 41 57 12 5 85 40 97 92 30 57 80 36 89 16 70 91 90 14 63 17 13 49 96 87 17 95 90 75 25 68
97 21 50 32 47 29 0 98 59 35 71 31 19 29 35 75 66 78 11 92 20 78 68 32 9 51 1 100 69 32 10 54 50 48 17 49 5 68 5 24 92 52 56 21 41 54 75 23 85 47 99 1 57 27 66 18 44 19 77 39 33 91 57 11 56 85 43 84 74 19 11 4 68 58 59 12 80 59 41 82 62 94 33 40 40 68 75 64 31 70 92 43 5 67 98 62 7 96 64 81 54 10 54 39 19 57 25 9 81 78 42 16 14 47 99 26 1 99 37 26 68 37 8 38 62 4 39 83 32 79 16 48 96 63 68 74 40 86 44 75 21 28 57 53
95 70 93 81 8 52 77 88 6 46 19 53 8 19 99 45 88 25 27 75 63 51 28 47 78 54 54 26 48 82 78 41 76 56 67 54 16 80 66 14 48 30 93 13 95 2 10 21 30 22 4 4 95 11 59 82 6 34 2 94 71 30 65 67 21 99 87 81 92 68 9 3 40 17 52 88 8 98 8 0 23 85 28 30 30 76 20 65 21 27 64 97 60 7 22 84 79 92 85 41 80 42 60 93 75 86 58 4 71 87 55 97 78 92 29 65 10 21 12 46 12 99 22 51 6 8 20 56 42 73 61 5 37 76 36 84 43 49 1 0 50 8 76 55
85 30 6 20 38 99 42 38 71 87 70 60 49 53 4 52 81 6 46 78 67 80 57 100 29 55 22 94 78 22 51 22 2 89 70 36 75 68 14 80 79 56 24 93 84 43 31 66 58 84 67 90 62 41 22 30 32 51 91 100 55 23 44 63 52 27 7 19 60 24 41 45 18 63 36 65 6 31 20 75 62 37 66 74 89 12 0 53 20 52 48 26 77 85 66 40 39 2 90 46 33 27 42 22 79 86 57 2 85 10 12 63 11 34 31 21 15 72 22 100 31 12 82 11 25 19 69 15 20 38 52 17 9 36 84 71 11 79 90 81 73 78 72 60
81 56 87 78 8 75 19 3 73 89 64 86 87 15 2 75 75 28 32 60 47 0 13 31 100 85 32 52 36 63 64 49 16 29 23 100 94 32 38 95 7 76 9 42 14 45 62 86 13 24 76 82 19 35 61 74 20 31 5 67 60 94 38 82 33 46 71 74 46 43 34 36 21 90 2 15 63 16 1 18 98 20 71 19 21 92 16 87 34 91 0 83 30 14 69 84 50 17 39 37 83 49 0 22 6 80 0 13 84 21 8 87 65 31 35 7 92 61 35 71 29 55 97 65 38 67 35 41 28 76 17 1 9 38 66 38 97 42 87 32 0 53 65 88
51 44 24 70 8 11 66 19 45 41 87 36 71 86 1 84 90 54 83 31 48 23 78 69 89 35 60 11 60 3 91 65 93 99 19 19 48 85 8 52 43 22 23 60 87 8 74 2 35 18 51 34 28 85 87 17 12 85 33 56 68 74 69 40 87 20 81 42 75 55 90 23 84 34 53 61 80 2 99 41 79 81 19 48 8 11 54 46 17 7 47 32 0 20 71 30 45 48 36 42 40 43 86 19 38 24 35 82 26 51 66 63 69 22 3 39 65 99 99 96 74 50 55 21 21 37 4 27 68 84 88 87 79 26 52 87 80 85 7 81 68 7 18 80
53 25 47 98 37 30 78 30 88 76 39 40 93 16 100 85 18 11 72 96 20 57 32 7 5 81 100 78 27 73 57 36 85 7 80 55 16 43 69 75 24 5 10 82 92 43 37 96 26 66 49 29 98 67 16 31 6 74 52 47 16 81 6 14 62 94 7 43 71 28 42 56 7 72 80 17 25 45 59 68 69 35 28 15 61 6 91 44 99 90 52 48 81 22 11 17 5 79 97 64 14 82 72 68 5 92 42 15 11 39 63 50 64 0 28 5 9 97 21 51 0 80 63 25 45 15 32 26 17 28 53 19 78 58 56 100 13 12 89 75 73 74 60 53
27 96 60 36 56 45 81 80 2 66 74 8 68 86 43 54 21 43 75 20 39 28 1 42 48 4 24 29 41 8 94 96 21 29 88 3 17 25 93 75 49 54 18 21 23 43 1 58 85 24 37 20 79 70 12 84 65 8 93 7 46 35 72 14 81 68 68 35 67 73 24 81 34 35 81 51 8 96 89 91 38 33 50 92 23 31 79 55 21 82 19 38 43 65 95 64 76 42 67 35 0 72 31 5 6 37 29 40 27 47 16 28 85 63 66 10 44 29 86 20 7 8 26 84 9 81 85 45 35 29 70 27 0 75 18 87 23 46 3 69 19 57 34 22
15 86 44 46 32 20 95 59 79 59 40 77 32 2 60 49 86 1 75 9 32 85 29 4 84 92 68 26 36 30 52 53 7 50 0 25 50 99 45 77 28 80 22 33 91 13 81 18 100 56 95 25 20 78 89 59 39 37 95 37 27 48 17 39 49 63 64 70 43 83 76 74 41 96 100 48 16 40 70 0 51 47 10 91 16 21 87 65 61 54 2 40 45 87 26 27 21 27 78 10 55 1 47 81 34 72 63 80 18 0 25 51 81 9 86 25 48 18 80 48 72 88 50 14 79 55 42 55 0 70 51 42 55 98 51 3 36 70 1 43 30 75 29 10
58 65 36 33 67 41 1 89 0 32 2 17 86 78 69 59 72 76 78 58 4 44 66 26 71 56 72 99 57 4 5 47 49 31 19 14 58 53 82 11 0 50 10 57 71 68 96 69 20 61 18 84 92 35 37 100 67 32 29 61 100 24 81 91 32 79 23 50 58 6 42 53 46 0 48 50 52 85 27 66 46 93 78 53 39 11 32 78 69 68 35 29 1 16 59 94 62 17 58 36 99 50 33 34 57 92 91 21 32 78 4 8 9 33 10 67 79 13 40 0 53 12 71 64 55 97 96 97 13 47 84 92 60 81 62 16 19 62 46 64 23 5 73 93
38 40 63 11 100 0 44 100 25 86 1 17 0 83 1 76 97 63 14 40 61 45 90 66 43 35 6 56 96 29 33 73 85 32 69 36 53 1 85 44 23 44 51 100 46 66 16 91 32 71 94 84 80 23 39 28 91 46 4 29 91 1 90 55 5 94 89 5 74 61 82 20 75 61 88 71 74 54 97 54 43 98 11 8 40 10 38 29 90 53 39 26 90 29 60 90 90 54 86 0 1 84 78 74 25 24 23 21 45 34 55 15 23 55 77 45 15 75 23 86 38 32 100 75 69 95 57 23 15 78 48 7 76 17 73 16 2 93 81 63 25 60 67 99
19 22 63 9 68 71 64 61 33 67 32 70 91 72 65 96 57 97 99 28 12 40 21 4 56 18 49 8 8 55 18 45 74 41 27 83 95 92 46 22 41 8 9 22 12 29 18 96 4 57 25 5 60 59 4 21 83 90 100 100 40 35 9 21 9 27 95 71 16 82 91 92 37 57 6 7 37 80 21 2 3 99 97 94 87 22 85 93 84 57 70 63 70 4 53 75 23 60 90 56 90 41 90 67 94 38 49 5 7 53 47 56 90 74 17 45 96 99 85 63 40 85 46 85 92 33 19 18 64 2 60 97 21 42 95 68 29 68 68 34 59 94 83 26
71 21 79 44 3 10 22 87 59 85 49 16 52 58 98 1 71 77 22 76 19 95 24 88 76 67 12 12 19 48 83 41 20 96 72 44 87 5 31 10 13 99 29 58 21 87 46 68 37 84 20 76 98 76 68 76 11 87 0 1 14 19 28 55 96 97 33 54 55 9 51 21 29 28 45 98 14 4 48 5 21 84 80 87 39 1 56 59 60 57 18 77 94 7 55 58 53 44 54 75 70 45 22 65 16 6 91 99 39 49 98 39 46 79 28 25 2 51 86 86 11 76 7 11 98 80 100 24 72 0 0 89 14 81 96 34 91 47 16 100 26 12 11 54
59 85 49 21 90 53 65 6 85 72 2 33 33 26 65 13 44 19 10 3 78 86 99 45 27 54 25 62 82 100 8 90 33 82 91 22 37 35 72 25 46 94 9 74 68 31 22 63 63 7 17 26 100 14 88 2 63 93 97 55 4 57 58 74 83 42 86 11 61 83 57 39 78 82 85 44 72 45 70 62 18 29 3 81 0 22 87 33 79 0 3 99 23 59 31 68 3 96 33 82 62 92 52 72 95 36 48 7 52 76 80 96 54 2 13 8 40 67 33 36 97 69 47 83 15 74 96 77 16 3 24 36 91 97 77 56 96 53 68 14 71 2 4 13
22 96 1 100 12 98 38 5 18 62 71 83 23 49 99 86 76 70 1 43 30 53 77 65 61 100 12 68 12 54 71 69 1 29 90 48 10 18 60 43 20 60 20 72 68 83 64 5 75 62 72 74 16 83 1 68 55 11 4 14 58 22 1 80 85 81 58 41 59 52 69 93 75 51 47 79 37 10 65 99 56 99 60 3 66 48 36 86 28 86 54 26 90 24 38 80 73 42 36 35 81 14 75 10 97 59 69 46 44 45 10 73 28 39 18 71 78 2 95 27 81 77 12 40 87 5 36 58 21 51 56 7 78 37 97 56 44 82 40 86 32 67 65 20
13 11 96 100 42 74 12 72 57 86 73 100 67 86 49 58 21 36 66 84 53 97 61 44 56 68 29 67 19 53 43 4 89 2 56 27 74 53 68 32 25 90 64 38 79 54 72 67 23 52 19 39 18 18 4 14 90 65 32 13 38 18 98 75 45 98 37 44 41 34 37 23 7 54 33 87 92 32 93 88 2 73 40 4 50 41 74 49 79 68 55 90 85 80 79 11 63 57 49 0 32 49 1 19 99 15 76 54 49 33 69 71 16 7 91 30 4 51 97 56 69 5 95 88 97 3 62 50 95 78 94 3 27 100 57 22 16 63 26 37 4 52 78 64
71 18 59 57 69 55 84 76 59 18 12 88 79 40 21 36 35 22 66 2 80 82 12 51 22 68 21 91 95 9 76 84 49 68 32 65 22 75 55 12 4 86 64 84 37 79 5 87 0 55 44 25 58 97 67 19 53 53 62 29 80 51 85 83 82 40 43 28 26 25 94 16 46 43 61 62 8 43 92 38 22 2 41 57 70 9 31 23 25 87 13 3 85 10 23 11 22 80 11 53 91 91 63 31 61 64 33 25 45 19 93 93 17 16 18 100 7 12 8 63 28 95 4 57 41 16 62 13 10 44 2 37 45 48 42 92 51 53 26 51 81 42 56 61
11 6 45 95 0 66 35 14 74 60 99 16 42 63 17 80 37 36 88 26 29 18 92 13 45 2 1 77 62 94 81 83 46 5 58 9 72 13 18 10 35 22 27 12 7 25 14 7 52 48 8 4 49 11 53 43 47 44 46 65 89 46 76 27 78 14 73 20 43 16 76 43 83 71 18 82 38 71 24 0 50 43 36 30 73 85 34 90 10 64 92 61 52 97 95 25 68 23 96 85 36 94 62 66 8 90 79 86 17 92 34 29 26 29 2 95 1 48 12 86 90 92 79 8 86 36 64 45 98 66 90 90 58 48 12 49 10 20 39 1 29 81 66 81
89 9 77 69 72 52 41 77 51 84 75 45 30 7 17 31 82 54 17 62 17 0 73 40 40 51 59 12 46 13 19 85 61 25 28 96 3 15 6 83 34 15 66 90 57 50 44 19 0 98 73 37 2 9 2 82 27 14 33 29 69 97 14 15 19 74 46 64 64 92 27 73 91 62 76 39 49 98 47 16 40 52 95 33 76 17 79 48 78 79 68 80 71 27 19 89 83 58 25 10 76 61 61 19 10 82 61 33 9 1 82 17 62 78 30 7 55 24 59 63 44 24 21 86 2 78 69 41 100 47 74 47 96 21 68 60 26 99 80 58 21 86 86 47
93 72 40 23 1 89 63 86 48 16 90 82 9 26 53 85 52 45 41 59 77 23 18 25 45 33 0 23 50 100 43 98 76 88 52 16 11 70 59 26 44 6 97 98 31 57 70 70 51 48 63 7 12 31 71 40 61 10 66 28 34 61 41 19 4 33 82 44 37 90 86 53 63 99 75 88 30 38 61 64 50 68 6 93 6 46 75 64 24 89 12 100 19 40 67 42 26 61 22 11 90 83 8 39 80 60 86 55 21 61 8 40 16 34 34 50 33 26 35 93 66 17 43 46 91 99 15 40 16 51 60 66 87 57 59 1 1 6 28 34 30 27 83 43
92 13 70 73 51 48 66 97 39 33 9 91 6 24 33 32 87 62 74 80 60 23 75 68 80 80 67 11 18 23 46 92 16 84 27 66 33 31 77 64 6 52 15 33 31 8 45 5 51 0 10 3 76 81 18 23 82 17 25 89 13 85 93 34 52 48 8 3 62 24 15 30 50 79 47 53 88 57 78 18 23 48 24 38 54 86 1 39 51 98 52 48 38 99 36 87 24 72 10 89 10 13 55 38 88 29 77 71 1 96 5 95 25 33 35 63 21 42 17 89 59 27 14 29 98 13 86 20 79 65 89 68 95 63 52 51 12 29 31 62 71 17 18 47
73 79 37 36 44 79 51 89 12 2 45 28 34 98 23 50 3 97 41 38 79 69 59 25 54 40 98 11 9 4 60 15 87 6 1 29 1 11 39 26 82 8 48 96 20 84 41 75 27 47 81 12 24 62 77 62 42 85 58 71 23 37 89 29 85 14 97 13 82 58 73 17 54 2 9 31 92 11 75 86 10 88 45 59 60 67 72 39 27 96 93 8 50 15 0 2 37 52 84 28 80 11 43 71 62 3 70 14 76 50 76 97 99 38 0 99 39 94 93 73 43 87 54 45 27 57 82 24 73 71 28 82 24 72 100 91 10 79 21 82 47 80 54 51
