30 82 80 83 96 6 98 9 59 100 78 6 73 93 11 89 41 34 24 84 38 59 61 23 69 63 75 100 50 59 76 18 75 48 90 32 25 20 91 41 47 58 70 25 76 65 59 21 81 12 15 93 98 55 24 58 14 29 40 75 63 58 52 38 22 78 88 93 4 89 96 6 80 40 58 96 23 63 79 10 40 79 48 62 25 6 99 20 55 59 20 8 97 28 93 26 80 12 38 35 63 46 21 76 42 25 75 35 61 59 74 0 43 10 32 38 74 27 71 99 41 50 68 14 90 59 24 48 60 91 78 87 34 27 39 98 83 24 7 46 24 75 61 66 24
43 68 58 18 52 65 60 91 72 86 3 63 36 62 91 25 84 59 26 53 31 1 27 16 32 79 53 85 48 37 78 72 81 41 56 60 64 57 89 79 59 41 24 11 39 6 60 37 26 14 61 30 76 59 4 21 99 25 95 71 38 80 11 0 5 37 66 66 52 78 23 19 96 55 0 74 52 0 39 95 77 85 46 20 98 87 90 38 30 70 40 89 25 54 36 61 77 74 59 89 23 86 69 26 44 85 51 7 32 24 24 63 68 63 51 77 98 60 62 9 35 35 70 65 60 14 1 75 16 86 86 4 62 88 56 95 71 32 39 12 63 30 80 14 82
80 23 88 78 67 18 41 35 5 80 13 76 28 54 15 31 28 17 36 4 100 31 22 23 92 49 46 2 19 100 89 22 72 72 58 75 94 82 49 67 13 71 99 84 9 92 29 90 54 69 58 52 79 53 98 60 37 71 14 65 75 90 40 77 46 51 79 37 98 86 93 45 95 55 8 28 35 15 76 72 30 1 0 42 84 19 6 1 2 39 21 98 95 25 91 30 40 30 11 86 8 29 86 82 96 96 4 80 61 75 18 83 11 63 38 43 1 4 24 76 89 45 13 41 80 83 62 37 82 58 23 10 50 86 71 45 96 30 9 52 0 48 22 79 81
91 48 48 36 10 81 73 78 31 48 95 47 34 34 71 44 24 57 59 73 40 52 95 91 39 91 94 75 85 51 87 5 76 21 92 69 16 25 73 3 88 82 11 93 22 9 55 83 12 5 48 92 15 6 51 7 73 70 94 99 62 18 19 3 29 62 49 46 26 31 92 23 53 46 35 4 28 90 28 67 45 40 23 63 83 0 49 76 46 91 32 18 2 34 45 30 51 14 44 79 86 51 68 21 34 14 50 53 56 1 82 12 25 69 34 72 28 12 40 74 56 84 77 6 17 68 58 9 27 12 39 43 39 88 66 33 99 85 54 29 89 28 8 51 16
91 60 98 23 18 100 74 87 73 47 32 15 86 63 1 99 16 16 61 18 26 2 24 4 11 51 4 4 15 27 86 43 21 69 24 2 48 32 90 47 85 50 86 24 75 40 45 47 36 30 94 60 69 99 75 76 38 81 86 82 7 94 99 93 12 73 49 88 28 27 14 38 99 35 85 14 33 58 4 4 29 21 86 1 18 7 73 80 18 26 77 27 96 51 85 52 80 70 63 96 49 24 15 86 99 8 20 76 10 60 33 27 49 46 63 73 90 44 87 99 43 76 67 82 30 37 51 66 53 88 36 87 73 20 51 31 63 94 83 53 17 5 18 23 38
43 41 46 18 43 100 13 10 59 26 34 73 31 37 100 15 92 22 73 40 57 75 92 70 100 59 16 67 82 29 52 43 42 33 57 21 86 10 60 3 46 16 17 71 8 18 41 36 72 17 21 67 29 11 23 43 44 10 86 59 13 72 75 55 8 15 58 72 69 92 35 84 84 73 61 17 27 71 90 41 93 72 48 79 53 19 73 24 5 68 91 90 9 73 3 36 89 22 23 64 34 17 21 1 2 55 81 90 92 10 21 58 68 67 16 78 29 94 21 81 21 74 66 60 26 97 91 52 54 58 99 89 99 46 98 99 41 42 40 60 8 48 16 27 57
50 100 50 8 59 11 87 46 25 41 32 17 79 68 10 47 40 64 75 67 96 82 61 79 65 62 19 69 57 14 7 67 100 82 74 100 66 37 19 5 27 41 98 93 42 54 81 15 95 1 32 25 93 63 67 55 96 49 45 44 98 44 92 7 12 16 49 7 25 17 51 21 72 6 3 44 22 90 47 78 12 4 40 53 59 55 24 85 21 39 47 81 7 54 39 25 86 91 99 99 69 49 75 84 88 39 38 20 3 44 43 5 35 0 72 58 98 2 42 94 67 64 90 30 41 97 21 38 96 40 5 80 7 27 21 46 8 50 73 99 45 99 73 2 100
98 37 5 0 65 83 25 12 15 44 76 98 99 54 48 69 75 59 51 58 55 63 6 7 30 36 26 39 80 61 30 99 15 18 60 39 53 1 51 6 72 22 94 89 55 5 47 34 35 82 9 71 21 26 14 45 75 32 58 19 11 70 14 35 82 86 8 85 79 34 77 7 28 94 19 6 23 74 89 57 45 64 33 47 67 65 41 67 85 2 12 8 13 66 81 43 10 73 63 10 54 82 90 63 28 54 51 55 98 9 13 95 21 23 8 13 73 60 7 56 28 53 54 57 74 59 96 22 79 72 39 33 5 79 50 44 32 12 98 92 85 31 74 25 95
48 83 55 55 27 67 89 54 74 51 26 26 64 32 26 8 35 55 100 85 48 58 74 38 67 9 27 42 14 16 23 76 36 20 25 24 18 21 0 96 24 75 95 59 37 5 55 8 8 85 78 71 37 77 90 88 50 11 41 98 49 21 2 64 61 75 51 70 6 28 18 32 65 91 54 94 26 58 41 9 13 40 53 48 15 53 12 58 62 37 21 31 80 78 19 15 52 29 51 38 84 95 47 88 69 83 83 22 82 37 58 73 16 41 17 84 22 7 6 35 20 9 78 48 11 58 81 20 20 86 86 97 75 13 43 69 76 12 45 24 44 74 25 48 26
72 1 86 77 83 2 11 0 98 74 27 69 72 84 35 82 50 3 40 98 98 25 21 20 4 4 70 29 46 37 45 87 76 31 14 32 75 66 39 23 5 59 76 22 95 15 29 77 57 68 3 25 15 89 73 70 15 15 38 1 26 85 31 99 22 15 88 88 82 67 78 72 82 96 59 100 61 97 24 22 85 63 87 37 61 6 89 93 89 20 15 47 4 80 46 54 0 85 98 98 43 66 43 26 49 67 29 16 34 32 43 5 32 13 3 26 80 9 17 50 88 55 26 32 54 34 37 21 68 44 41 64 73 64 55 20 50 39 35 37 34 47 61 43 8
96 97 49 38 54 62 60 3 100 56 72 2 45 19 25 14 38 57 54 66 52 7 79 21 17 59 20 80 83 79 86 39 55 78 47 48 11 38 17 45 85 6 65 7 58 51 9 35 4 41 64 71 29 82 47 3 15 44 6 0 11 6 94 19 71 59 8 4 92 67 17 51 27 60 56 14 80 46 42 94 42 60 97 97 75 75 11 11 62 5 82 7 27 50 69 67 7 32 28 11 26 49 30 61 32 0 38 11 78 8 60 46 6 53 16 61 35 35 35 22 98 26 2 24 55 79 18 78 13 6 48 93 42 18 10 78 45 36 92 43 61 86 85 89 56
89 84 77 77 4 2 91 72 10 34 66 48 7 56 87 48 24 62 97 25 13 55 36 77 29 82 33 38 15 75 64 63 41 52 7 17 9 79 37 68 51 11 55 76 57 93 65 98 32 24 35 28 19 75 34 85 60 19 16 49 52 84 77 13 36 98 94 23 13 77 93 0 100 3 30 61 95 78 61 85 45 19 87 45 88 41 58 100 18 21 94 21 63 41 92 41 80 65 15 96 55 96 58 20 37 70 50 4 65 0 97 4 100 87 90 4 63 70 14 17 18 22 89 82 1 52 25 35 93 24 51 62 23 7 0 3 20 37 19 94 65 44 81 47 95
50 11 26 83 84 57 31 39 7 70 77 72 17 72 3 39 60 48 39 73 68 91 7 28 69 67 89 8 26 27 63 28 79 45 92 30 48 43 59 69 2 1 67 98 31 56 77 22 24 71 1 37 63 55 27 33 49 98 44 78 5 18 27 66 23 18 88 62 36 94 44 55 13 47 15 9 83 24 92 17 61 81 88 17 60 40 98 16 73 77 48 83 56 49 82 84 59 75 15 34 34 44 12 83 33 12 29 88 23 23 81 47 27 99 16 39 30 75 32 44 43 8 18 72 19 86 38 10 88 18 56 32 48 12 5 81 41 84 94 37 43 62 22 23 74
92 94 9 27 47 19 18 40 81 34 0 40 97 61 61 74 99 4 52 40 45 32 55 1 12 93 48 41 4 64 94 60 1 86 74 30 70 97 52 58 45 98 43 76 96 34 61 15 82 93 96 25 99 6 79 71 80 47 22 66 91 43 17 38 85 98 99 95 67 85 99 11 83 10 54 32 77 33 49 61 42 70 72 44 70 18 11 0 21 61 19 62 0 29 26 70 65 44 61 86 3 14 51 53 32 86 56 7 78 42 63 88 94 91 56 72 51 49 5 18 49 70 27 100 78 42 84 36 31 26 44 33 71 12 26 97 16 41 35 22 58 17 48 18 38
71 52 75 15 48 49 48 62 80 15 6 5 71 21 86 53 62 76 100 94 64 39 32 44 66 92 64 2 20 52 69 52 91 80 26 55 58 15 95 0 54 2 41 58 28 98 90 44 52 84 1 66 25 8 7 29 7 88 95 13 70 87 36 26 2 9 13 13 99 10 30 48 85 35 90 58 6 67 14 79 19 96 37 69 71 8 56 13 38 60 26 58 81 11 24 33 44 81 30 49 60 79 76 17 9 40 91 24 29 93 76 13 87 59 2 46 71 94 71 6 26 69 38 9 95 60 55 14 20 6 73 10 36 78 2 82 60 0 37 81 53 11 30 86 55
55 56 71 99 55 1 58 82 69 13 25 18 76 11 66 88 12 43 18 61 0 66 86 3 42 23 2 83 23 55 97 94 3 54 36 18 60 99 50 88 8 65 49 80 0 45 19 66 45 59 71 89 85 45 27 16 53 82 50 81 39 9 72 37 10 51 54 77 55 47 18 100 39 75 22 22 39 86 12 4 61 54 2 6 87 47 22 89 15 52 61 88 88 38 64 4 35 89 78 89 0 34 72 56 7 89 6 65 50 24 100 21 10 53 67 45 39 83 10 73 57 24 71 21 58 98 83 27 58 81 36 93 12 54 37 68 49 1 96 46 16 54 37 43 22
55 7 46 57 31 23 49 98 38 91 76 100 74 86 11 24 27 70 76 19 34 28 74 25 83 33 80 17 68 85 57 81 67 74 22 14 74 48 84 8 97 72 40 7 74 74 60 92 62 52 0 80 51 96 31 0 4 40 61 68 35 30 17 36 14 49 50 10 83 25 2 44 87 44 36 83 2 93 67 59 84 88 91 57 48 28 55 48 97 86 92 72 9 57 22 95 35 88 65 71 7 45 1 39 29 57 97 95 4 13 76 71 84 78 100 15 20 67 59 73 7 89 47 25 79 78 3 71 59 51 36 13 11 62 100 26 79 39 46 82 83 55 11 19 84
83 6 33 21 63 72 44 83 46 96 12 32 52 18 53 43 58 46 17 32 32 34 16 78 25 88 78 94 5 91 82 83 12 80 90 49 68 38 71 57 25 77 41 58 37 45 35 44 3 52 75 26 11 97 21 52 44 10 80 80 56 46 71 47 76 37 52 71 85 15 28 8 43 61 2 9 68 81 95 100 49 51 63 26 35 82 29 41 82 29 24 2 39 58 53 94 61 29 87 69 34 1 41 12 68 42 19 59 34 98 29 12 4 17 18 8 1 40 40 72 20 35 82 63 1 53 92 45 45 40 95 92 82 6 11 68 15 7 81 64 93 71 59 17 10
51 56 78 53 74 98 31 23 19 99 66 44 59 69 42 49 95 57 11 92 80 12 72 100 1 82 77 7 84 86 72 0 79 55 75 41 12 94 56 40 32 86 21 72 17 52 58 62 40 19 38 31 43 36 26 6 31 91 24 28 58 61 59 49 3 86 0 59 89 45 86 26 93 29 25 70 20 8 78 3 4 21 15 95 32 28 51 59 23 45 99 88 92 54 53 61 15 73 14 81 35 10 12 61 5 34 0 90 32 66 13 37 69 52 43 90 76 16 65 83 6 28 51 74 40 67 71 11 0 59 32 82 51 95 77 13 39 33 86 94 33 36 79 86 71
84 45 51 81 50 25 31 34 41 93 56 85 96 41 49 26 46 78 85 89 90 11 53 53 31 5 77 46 85 93 100 67 77 8 92 41 3 23 83 28 50 74 81 12 72 73 58 4 47 51 89 11 14 3 32 54 95 10 15 10 74 64 98 76 18 1 90 92 13 75 71 76 81 1 6 27 36 73 60 82 65 31 32 57 16 40 31 98 14 28 93 7 8 87 27 92 31 45 12 98 41 56 39 48 24 93 62 39 56 100 68 72 34 34 92 69 21 86 65 62 66 79 70 41 91 64 14 89 32 45 68 12 25 25 90 80 27 78 59 56 21 8 83 36 72
38 7 53 76 29 100 19 89 55 68 54 95 23 72 16 54 94 3 31 96 77 48 17 18 80 96 39 40 63 76 97 31 98 23 27 95 72 95 42 39 16 89 19 22 56 58 1 3 13 84 45 41 17 32 44 51 60 98 69 100 98 2 61 99 80 49 10 4 14 5 83 92 73 1 80 10 70 68 19 54 50 39 99 68 54 68 18 10 4 4 28 9 97 100 100 36 36 57 72 31 94 7 17 23 7 44 97 16 98 82 36 44 36 98 57 16 10 5 95 91 21 90 87 67 73 17 51 85 75 45 31 1 70 54 33 80 14 99 93 66 83 14 16 18 34
77 75 97 36 17 17 14 2 66 99 52 13 12 79 73 93 8 39 4 65 63 27 76 13 2 49 95 15 100 84 51 73 5 87 23 65 47 78 86 66 55 79 29 58 73 9 46 14 83 82 20 17 28 28 75 53 4 83 67 31 21 27 88 92 36 93 56 44 9 65 87 90 40 3 36 16 41 71 54 36 3 23 5 89 54 2 58 42 39 60 87 60 31 0 30 60 44 4 23 44 23 20 3 71 96 6 49 18 72 100 70 86 82 17 89 13 51 8 46 67 42 33 41 48 50 69 36 17 61 99 74 95 97 29 96 29 28 83 73 68 63 64 41 96 18
75 100 56 44 36 29 22 56 31 79 29 49 52 14 79 27 99 57 98 57 8 61 32 25 83 48 2 17 30 15 69 6 20 75 84 44 65 90 36 1 62 15 16 68 27 20 48 85 98 0 11 15 82 15 20 85 80 7 23 35 5 35 62 21 95 71 46 15 74 4 15 98 35 86 32 24 35 73 43 11 11 53 42 16 90 5 88 84 7 92 21 45 49 39 19 3 31 85 85 39 96 61 39 13 87 19 63 1 28 21 42 73 82 19 67 12 4 16 92 18 66 81 47 99 39 82 4 91 87 39 56 46 77 42 39 82 81 47 55 24 100 43 7 11 2
71 72 18 79 58 72 95 31 59 16 77 27 25 12 5 55 76 58 48 1 84 33 35 14 91 21 36 52 83 10 60 44 85 86 56 69 70 62 56 76 45 95 69 86 42 4 53 37 34 24 69 27 16 78 40 17 12 79 18 27 79 67 54 76 99 96 71 56 5 23 3 4 7 21 87 53 29 79 56 80 65 63 73 65 33 77 85 41 72 79 37 17 12 39 41 90 97 60 11 74 62 77 21 7 31 43 42 39 79 100 56 97 29 61 64 70 29 0 17 14 90 7 73 49 91 76 49 7 88 81 23 76 37 28 7 28 99 82 80 56 78 54 41 58 71
4 10 32 89 84 59 47 55 46 14 63 48 55 52 91 37 97 27 93 41 12 23 54 98 1 90 95 65 44 25 45 62 73 7 47 70 52 20 30 40 11 82 90 53 16 14 85 22 78 14 58 61 14 49 85 71 91 91 4 85 35 34 51 41 27 53 3 11 95 30 70 54 43 67 60 67 13 36 34 47 37 90 23 41 11 54 51 51 74 0 20 58 17 94 50 45 59 90 19 52 2 64 80 96 25 58 44 0 92 96 35 85 70 24 42 53 12 84 42 40 93 94 91 39 75 31 67 78 59 87 93 25 1 66 20 42 69 95 42 56 18 28 90 63 94
79 63 20 56 3 61 69 77 4 66 86 64 63 5 55 42 37 95 45 17 53 36 67 66 57 85 41 73 14 23 13 85 91 7 45 84 14 89 38 2 85 29 83 47 60 88 30 3 73 99 36 61 5 44 2 58 59 66 34 92 76 7 96 37 19 51 80 45 18 83 29 70 34 25 48 90 55 62 8 79 79 24 70 17 53 66 84 48 60 40 34 48 92 97 28 87 13 44 68 13 2 69 98 59 29 49 23 38 94 17 60 55 40 9 97 63 57 74 15 95 91 42 81 12 71 44 42 26 5 70 56 84 96 50 57 13 54 46 6 0 75 69 47 18 67
23 20 28 27 71 18 4 88 28 24 66 35 92 19 51 95 80 43 42 79 60 35 91 98 30 64 86 21 38 38 88 58 5 30 77 42 87 55 98 21 56 1 68 98 100 9 2 45 53 90 66 35 22 87 69 53 20 1 28 89 15 98 86 97 43 72 69 84 75 51 20 16 84 87 37 10 5 44 9 41 10 33 10 96 12 14 15 95 53 29 40 30 57 70 36 16 60 80 93 60 29 95 85 38 41 27 58 5 49 36 41 71 39 64 17 34 82 69 99 64 62 90 32 0 13 45 65 9 23 32 78 58 40 10 94 94 66 98 57 25 36 19 15 32 53
32 76 35 47 21 40 0 63 18 56 76 11 30 44 12 38 97 15 15 64 97 31 62 81 29 15 31 41 52 15 7 25 5 53 91 25 22 2 73 11 47 11 95 93 70 87 17 78 81 90 92 77 59 87 87 66 5 78 12 91 77 35 66 95 63 32 51 1 96 14 73 92 45 15 84 70 78 11 65 24 76 90 31 77 100 40 62 57 79 75 95 80 94 58 47 28 3 86 24 18 96 91 21 59 35 27 62 25 71 88 22 10 5 61 82 75 11 55 82 36 20 74 18 59 91 89 55 32 34 30 78 8 18 44 47 66 79 49 29 82 22 1 90 26 27
2 38 43 7 0 73 40 64 41 12 26 54 78 84 36 17 79 37 5 2 73 86 78 13 53 91 45 24 23 6 99 96 75 19 45 75 37 36 91 87 44 70 7 83 22 53 53 54 77 65 7 6 34 11 66 8 22 56 6 30 53 53 81 38 55 95 60 58 51 48 98 88 83 67 30 55 96 92 93 13 89 87 2 8 43 4 13 57 8 2 16 87 24 78 12 27 96 86 11 35 66 18 23 38 39 14 11 72 83 29 46 70 92 33 76 0 58 81 30 31 71 76 14 75 100 8 27 82 27 52 52 84 100 62 45 93 50 84 95 2 28 3 23 18 2
37 79 38 48 8 6 94 61 77 98 21 6 13 96 14 60 71 53 98 17 58 75 78 33 28 31 5 50 9 69 64 6 66 51 20 10 30 52 33 23 9 50 63 3 51 81 20 94 87 9 23 75 6 3 64 6 35 85 90 8 32 41 38 94 98 84 3 25 92 54 66 78 70 13 82 38 87 100 43 41 42 6 11 100 91 39 4 30 90 63 62 86 3 87 1 73 48 46 82 3 12 88 52 60 82 87 26 59 45 94 65 87 88 83 7 29 79 12 72 69 84 58 95 77 23 47 35 58 57 83 33 95 93 60 28 21 71 5 90 44 78 28 89 66 64
97 63 21 5 27 89 95 15 51 75 34 35 56 89 30 21 89 18 46 50 26 69 23 91 65 70 33 31 35 51 68 59 92 31 42 40 80 19 88 60 87 25 3 23 13 74 88 98 89 97 17 6 30 73 55 44 49 89 43 34 72 75 42 78 30 41 17 50 88 92 86 82 81 93 42 13 2 88 61 96 100 60 57 100 45 93 8 59 77 74 56 47 50 19 24 58 60 56 43 53 11 100 62 92 64 44 59 39 72 31 86 17 46 44 56 26 95 40 5 86 60 42 81 24 64 35 47 92 89 90 53 18 96 36 2 59 31 43 10 54 16 78 12 76 49
0 91 92 43 85 62 79 26 65 38 14 85 41 75 25 66 33 58 92 72 38 12 28 71 24 13 88 26 63 35 20 28 48 53 24 94 80 56 27 16 3 46 98 80 32 62 49 88 38 87 93 50 39 23 49 67 79 56 92 91 93 14 6 74 61 28 31 9 8 6 41 97 32 75 99 38 80 18 62 15 30 82 59 95 19 39 24 37 30 3 46 54 34 50 46 19 46 6 80 26 55 84 55 82 88 42 8 71 80 50 64 80 89 31 97 61 25 93 64 76 41 93 41 75 12 83 21 57 47 65 24 64 33 46 67 78 97 80 57 6 92 79 60 65 54
50 77 88 7 19 39 37 62 13 4 40 97 53 83 31 13 72 5 59 93 74 68 56 48 59 35 73 26 31 88 45 9 46 33 77 91 57 44 50 20 67 43 13 81 16 76 46 5 41 36 27 65 10 78 4 38 91 13 87 99 7 49 32 57 29 94 43 93 37 43 5 60 90 97 82 18 18 11 1 22 11 11 85 0 15 66 39 92 43 38 9 2 28 78 98 12 5 4 73 69 72 38 54 58 90 93 30 97 31 28 10 8 72 92 25 39 65 30 26 42 39 63 74 82 99 3 22 40 55 17 30 30 26 28 6 37 55 15 51 54 29 11 19 80 57
48 76 82 48 21 88 93 18 11 99 19 52 92 59 95 94 29 20 42 72 60 86 41 93 7 67 30 23 98 63 29 28 84 68 37 83 7 67 79 29 24 17 39 39 29 35 34 78 67 30 44 96 64 61 31 76 74 8 16 97 72 16 15 26 5 86 93 20 25 62 10 63 21 1 14 56 37 42 46 59 52 67 31 68 55 100 78 20 58 83 48 96 82 15 39 5 14 50 18 50 89 1 35 10 38 2 100 95 60 92 24 12 51 9 66 88 36 34 37 11 85 85 20 90 71 27 92 12 19 30 16 22 17 22 22 66 32 100 44 71 3 46 100 59 77
91 39 18 40 13 0 18 14 86 55 28 19 2 10 62 79 100 63 53 60 91 74 30 5 30 51 63 59 37 46 16 45 30 56 88 21 65 38 64 1 87 92 85 26 18 11 51 76 60 31 27 89 100 95 27 29 18 7 94 70 6 76 36 50 33 93 14 5 48 26 33 99 14 14 4 42 83 60 25 90 98 26 8 54 66 2 80 84 7 81 83 28 38 42 32 14 25 54 36 65 89 16 78 77 86 94 7 11 10 1 75 18 48 88 98 51 71 23 59 11 43 91 18 100 36 80 22 38 25 10 62 14 60 34 64 25 78 7 86 12 89 35 47 64 15
14 85 40 73 16 51 51 71 17 68 78 91 55 42 72 7 91 98 18 67 73 35 37 17 34 78 13 67 73 79 39 80 92 77 79 42 87 98 54 61 72 19 88 37 65 87 96 56 59 81 46 76 35 98 89 65 39 13 2 5 64 88 70 54 80 63 0 39 30 68 6 86 6 45 49 10 30 9 36 26 99 13 31 18 64 12 22 17 26 98 19 84 62 52 93 15 94 82 48 26 8 87 90 66 15 43 59 85 39 65 65 95 99 43 91 40 75 99 97 75 32 37 5 55 7 39 14 71 66 14 11 17 6 11 25 64 28 54 92 35 39 59 98 10 95
59 52 4 49 0 12 67 14 28 79 1 28 58 33 30 55 42 90 87 91 71 19 64 24 53 74 19 41 39 89 66 22 67 54 49 64 47 23 49 2 45 68 77 56 49 71 81 16 1 50 78 20 21 3 71 64 4 12 72 60 40 0 43 29 4 99 36 11 50 30 50 29 19 72 27 13 15 53 96 52 84 41 13 9 47 67 57 46 29 30 16 74 50 98 9 94 63 14 39 59 72 66 36 37 35 80 49 99 98 5 40 88 29 27 20 2 73 84 98 19 100 82 18 64 55 53 32 71 50 73 19 6 72 57 42 80 80 79 29 47 86 66 7 63 13
9 3 29 58 8 13 30 10 98 8 34 6 77 49 6 3 51 4 57 68 75 72 34 92 94 83 14 15 35 21 40 82 73 15 12 16 81 19 27 76 98 64 44 95 32 5 100 6 94 4 74 21 97 35 32 96 71 28 7 53 11 48 55 43 31 30 77 6 4 18 83 2 5 84 17 40 86 73 73 57 39 8 3 20 94 81 51 85 31 69 7 60 20 86 78 66 26 20 81 26 18 80 92 44 41 95 59 50 42 49 95 86 22 82 82 68 93 32 98 18 69 68 17 42 82 44 43 78 56 47 9 56 8 60 94 88 65 3 99 88 21 11 41 36 13
80 86 41 9 35 88 0 66 18 6 52 33 24 1 66 47 1 48 88 28 8 57 47 25 32 90 49 65 47 6 95 54 21 40 26 50 79 10 11 71 28 75 3 63 88 48 39 87 41 12 14 78 15 88 99 75 51 97 75 93 42 9 28 51 40 0 35 35 49 68 31 57 74 56 80 43 35 81 31 66 81 20 52 16 53 22 22 19 25 57 90 15 40 86 84 83 88 74 78 87 32 89 67 69 1 43 26 25 17 51 70 99 53 92 55 8 97 26 84 2 78 59 34 62 3 9 88 25 93 77 18 2 3 91 1 0 64 49 80 56 46 93 97 15 53
57 28 24 5 64 34 80 57 96 80 48 32 80 4 33 8 10 73 80 67 31 93 72 91 98 6 25 55 65 44 7 90 40 2 1 74 28 74 36 17 89 33 47 50 5 70 50 94 83 18 66 49 92 92 44 9 21 54 85 66 16 73 63 89 43 37 72 32 84 97 40 52 98 8 57 3 16 88 32 21 47 95 20 93 92 12 70 86 89 35 97 10 41 26 74 80 79 82 59 6 83 73 27 19 14 81 72 76 67 0 13 54 44 21 34 71 95 80 1 78 1 84 80 58 9 34 98 94 72 3 68 68 25 26 58 20 47 74 55 54 16 47 6 39 28
3 24 13 23 1 22 96 7 45 62 86 60 63 56 2 1 5 66 95 62 36 25 20 94 23 25 20 96 68 91 81 68 78 94 45 97 70 61 51 51 28 53 73 36 53 13 55 64 65 68 73 92 25 11 37 67 14 59 9 93 95 59 9 0 38 74 86 63 63 39 48 1 81 17 17 27 81 55 14 80 49 10 84 96 46 91 39 6 91 94 61 24 25 1 28 89 44 63 19 100 91 9 68 61 86 42 35 2 95 24 9 84 83 99 5 93 95 80 71 75 26 19 90 91 20 20 31 40 67 26 9 30 46 37 40 47 81 24 83 39 92 87 80 71 67
69 88 18 22 90 8 45 8 83 77 10 60 20 75 79 56 49 44 71 82 29 80 84 28 58 39 83 71 19 47 71 29 99 23 76 44 38 100 42 1 6 48 57 42 31 90 85 0 84 68 89 43 74 44 34 28 53 9 93 39 20 80 58 78 74 89 17 52 44 85 74 96 82 32 45 18 80 60 92 32 88 19 43 28 64 65 12 57 20 48 23 29 23 78 22 63 93 8 11 8 84 19 5 43 71 4 43 86 55 19 24 7 50 79 13 55 66 87 71 26 23 100 4 37 80 72 11 38 50 6 98 47 2 13 19 85 29 19 3 70 76 32 77 60 64
88 92 48 4 35 54 0 24 63 22 73 96 75 90 99 14 13 42 73 81 37 11 19 24 19 44 61 60 44 41 37 17 46 24 20 59 2 8 41 83 96 26 27 48 8 26 37 19 88 15 23 65 75 30 44 3 51 10 70 15 53 0 79 67 83 8 66 51 74 87 32 65 18 49 76 12 32 48 93 59 61 64 37 69 65 50 56 89 99 11 36 79 4 51 68 6 11 53 86 3 56 61 31 86 85 68 45 63 94 47 76 68 67 61 22 16 62 35 87 88 95 96 29 11 13 80 26 15 46 62 18 15 67 3 94 2 74 20 79 27 75 9 94 12 38
100 49 24 40 36 52 72 43 23 48 86 0 39 40 14 47 23 43 17 23 52 42 27 24 87 58 80 20 60 72 69 2 30 66 66 32 54 81 1 66 56 92 66 69 55 32 78 84 43 89 51 78 91 21 28 18 5 84 90 8 14 72 48 1 10 18 62 2 33 71 5 5 54 55 90 19 83 20 35 89 38 43 18 61 85 98 86 84 14 63 37 56 96 20 64 100 35 34 84 13 77 52 85 52 56 73 47 21 48 71 46 9 71 89 66 58 22 45 34 50 95 80 96 66 48 67 42 62 1 57 94 66 18 87 1 16 64 97 42 88 86 79 28 73 86
70 87 18 31 2 40 42 99 79 32 51 6 76 18 20 66 18 96 73 87 3 36 19 20 35 23 50 17 51 8 17 71 80 92 4 83 73 49 72 33 42 78 59 80 96 2 34 24 48 58 77 76 96 97 53 13 83 64 20 93 31 98 9 100 6 88 70 40 43 40 40 14 85 33 9 79 81 67 72 7 96 59 14 88 77 82 54 79 69 7 77 58 32 100 26 20 39 67 48 38 0 33 11 65 13 81 70 97 28 97 39 78 1 16 33 52 78 97 10 83 91 29 99 9 66 15 88 60 84 34 27 26 40 11 29 42 11 28 70 46 56 8 76 83 53
72 41 50 15 49 91 49 0 34 77 41 59 33 37 35 50 0 50 100 30 11 10 45 41 37 90 30 19 71 61 31 7 86 42 34 4 18 4 36 82 98 35 56 81 16 54 47 16 42 15 50 46 56 86 80 33 49 49 95 80 97 14 9 36 59 85 80 54 79 81 90 81 56 56 100 19 80 86 74 33 77 16 14 19 46 28 39 55 54 81 88 82 40 53 88 87 69 14 94 6 63 79 35 69 88 56 84 27 96 97 28 76 76 78 79 27 38 68 78 98 78 86 95 92 56 76 10 87 1 86 49 39 37 4 83 37 10 5 5 100 59 19 82 92 62
19 35 13 36 13 56 23 32 100 88 65 55 69 65 33 72 11 12 17 89 26 33 50 9 80 93 58 66 64 89 46 92 66 17 41 68 2 37 96 89 6 49 60 79 97 50 0 83 32 10 13 39 57 22 12 99 70 23 98 17 93 49 95 92 85 87 93 73 21 2 6 85 58 28 13 92 73 59 5 0 85 45 19 72 14 11 44 76 78 88 16 2 4 40 9 63 32 80 48 72 23 50 32 48 18 70 74 38 49 98 100 19 68 57 19 13 71 83 68 46 86 97 12 83 65 57 25 49 29 35 10 42 13 15 64 66 54 89 100 68 74 79 98 76 39
71 20 54 71 26 88 54 16 63 84 80 13 51 90 70 89 8 95 7 61 43 82 84 93 1 92 73 82 29 99 100 28 1 31 71 91 73 94 93 86 51 20 32 46 15 90 93 7 44 76 98 89 95 52 25 47 46 8 76 91 46 13 57 33 21 0 34 53 11 73 5 58 8 4 89 88 66 52 87 14 19 46 57 75 8 62 83 85 47 81 68 39 13 48 57 27 3 75 76 87 28 40 90 3 24 58 20 74 3 83 11 40 89 67 5 91 58 70 82 63 19 82 16 98 8 90 6 34 25 66 84 70 87 34 26 36 3 50 56 13 91 92 39 77 13
36 74 15 86 57 68 16 2 67 100 52 34 35 25 97 96 3 29 32 10 12 99 59 49 96 51 61 45 63 8 78 45 30 99 57 28 53 74 91 4 80 81 71 39 4 30 2 93 73 55 29 29 26 62 28 10 19 70 80 20 13 96 54 41 43 77 34 19 43 50 85 100 37 79 67 5 84 38 74 55 61 93 4 4 71 77 11 27 62 3 53 31 94 97 17 25 35 3 80 65 52 18 36 16 78 39 10 76 47 34 58 98 25 42 59 8 87 73 37 30 48 76 79 27 61 100 4 93 30 42 68 72 20 82 18 100 20 73 19 51 13 89 29 44 0
93 97 14 56 29 3 52 52 35 37 19 23 10 66 33 28 37 20 24 73 90 81 99 53 80 77 42 4 49 83 83 62 91 15 80 35 33 59 58 2 100 67 48 40 74 86 28 98 13 74 34 6 79 35 87 81 34 84 62 25 38 83 37 100 53 54 37 22 23 23 60 61 76 58 8 66 56 45 93 87 53 38 79 29 47 86 10 73 47 54 54 60 21 59 15 3 44 71 75 83 49 9 63 33 41 11 37 93 31 99 89 62 7 51 26 37 10 89 30 41 66 85 88 17 23 13 81 83 99 45 80 17 44 25 69 32 6 21 74 42 74 23 95 5 15
14 33 98 35 29 61 76 89 86 93 99 15 14 27 57 19 69 84 16 65 35 54 75 94 81 45 97 48 56 65 72 61 40 57 62 22 45 4 42 17 51 97 74 9 37 90 9 68 28 60 78 80 88 98 26 88 42 83 32 8 71 31 23 79 50 45 20 44 44 52 98 92 12 75 84 98 85 27 58 67 95 68 70 83 74 46 59 15 70 49 78 13 7 6 15 15 7 87 37 37 50 39 89 81 33 51 17 63 5 64 92 88 63 21 97 51 75 54 8 21 24 85 40 50 26 2 13 13 19 89 97 63 60 98 39 68 65 89 17 64 24 21 74 97 52
16 95 100 12 32 16 7 34 65 4 60 13 44 99 95 14 24 43 45 66 66 37 31 34 3 91 15 40 59 75 79 38 28 74 64 98 91 70 94 71 3 13 26 8 2 70 24 52 29 87 59 49 58 48 68 96 42 13 96 80 75 12 85 19 85 58 71 35 54 62 64 96 18 76 86 63 33 97 0 17 24 97 87 69 99 59 18 20 22 6 78 9 84 87 84 77 58 30 42 47 12 53 63 43 74 52 12 86 96 26 7 98 88 35 97 94 11 25 21 13 53 8 29 98 46 3 43 7 51 24 62 84 78 69 64 20 92 47 78 93 81 87 62 58 64
15 40 92 23 3 82 42 22 78 60 38 97 76 4 60 33 59 59 67 64 38 89 8 43 13 93 83 47 6 75 98 15 58 18 44 91 34 74 87 21 100 72 59 71 28 80 58 98 28 89 69 25 29 71 59 33 59 23 14 76 3 64 35 0 65 69 81 17 21 0 29 18 57 88 45 82 94 46 92 83 76 43 100 28 69 18 41 56 76 90 5 34 79 17 61 54 41 28 2 55 34 97 84 4 56 40 63 71 42 67 78 50 76 90 75 55 79 59 90 12 11 56 63 70 24 67 47 37 0 78 90 66 29 62 9 62 3 14 93 52 58 97 58 3 63
19 92 97 39 23 84 38 19 13 59 62 3 26 27 82 56 85 96 3 56 77 39 75 88 52 16 31 40 45 25 63 46 65 54 49 10 86 47 60 74 88 91 45 64 2 48 31 99 37 43 67 36 68 4 77 72 26 87 0 21 4 80 28 35 15 75 51 67 10 4 77 25 43 3 19 85 98 55 24 44 24 69 46 8 100 5 58 4 37 13 34 28 16 74 88 88 82 59 34 19 16 15 24 41 28 7 32 40 12 79 92 23 51 6 12 3 84 23 42 73 23 87 37 64 62 30 62 63 21 75 47 45 30 25 47 6 45 46 87 20 44 42 22 40 90
21 30 37 26 94 60 46 58 5 92 95 35 30 71 41 48 68 37 14 53 54 27 62 34 17 52 5 4 34 18 38 84 45 66 95 82 18 65 65 97 11 25 39 36 10 43 23 51 46 30 100 83 34 39 88 100 60 94 70 54 49 5 17 94 20 2 65 24 45 15 52 64 4 69 39 47 30 24 83 66 40 98 15 95 6 18 74 79 56 67 37 34 16 69 91 78 54 69 1 96 82 49 63 82 7 39 53 16 33 61 72 6 74 1 35 57 15 21 18 79 32 12 96 50 63 12 40 14 53 7 76 68 11 1 69 45 48 19 59 9 90 45 20 91 50
54 79 39 3 38 1 37 60 62 47 100 19 31 19 39 10 59 75 3 64 29 67 77 54 84 97 68 55 80 69 33 56 28 17 92 36 4 23 53 90 45 82 13 49 47 2 93 95 8 23 100 52 38 45 79 85 91 93 14 53 38 18 27 16 34 77 62 9 21 89 87 14 47 18 48 83 19 62 6 19 25 16 40 0 88 2 11 65 7 70 43 99 77 18 27 20 7 15 33 74 34 73 44 80 90 73 63 71 86 50 64 64 70 23 43 80 38 57 65 80 54 6 53 71 76 60 52 59 55 62 11 86 80 33 10 1 44 97 21 21 96 41 52 46 27
60 98 66 82 4 66 55 69 42 0 20 82 38 26 84 60 42 27 83 47 88 48 92 88 57 56 65 79 49 92 9 35 14 13 35 10 36 48 84 13 29 16 65 54 37 29 10 30 100 15 28 45 23 50 9 87 68 55 50 52 12 3 57 18 81 42 85 22 54 35 20 89 28 80 13 63 22 79 96 35 28 82 47 82 91 99 20 5 77 2 76 2 89 27 11 1 35 61 34 100 42 10 29 30 54 77 99 83 30 24 88 18 41 22 67 10 63 56 36 1 62 99 40 98 78 56 79 98 39 25 72 22 15 6 53 43 75 92 43 71 95 100 67 88 48
89 60 58 44 40 3 42 54 18 15 39 53 87 7 4 39 87 91 72 68 30 90 47 24 84 90 75 5 52 56 0 43 19 48 84 40 0 97 27 50 53 43 18 44 84 89 28 40 86 17 21 81 35 60 56 92 48 53 9 42 46 10 48 66 79 33 33 24 16 30 66 17 5 71 32 37 98 45 6 62 40 5 8 47 99 62 35 72 79 100 15 92 41 66 61 17 82 50 23 55 47 42 80 53 56 81 34 87 94 9 87 24 84 6 6 32 3 90 47 73 85 32 61 39 59 21 9 87 5 22 58 94 15 78 45 93 78 40 5 13 56 88 52 69 20
5 95 46 97 80 17 30 45 71 71 69 71 90 9 15 10 100 74 64 57 93 75 59 22 35 55 32 53 66 51 59 73 45 76 98 27 49 17 48 69 98 84 15 52 70 16 67 19 79 45 65 67 71 24 5 86 77 17 49 82 50 14 84 41 71 52 55 19 43 12 0 89 73 53 82 59 13 1 46 20 56 28 47 50 29 48 77 86 38 99 70 7 94 32 53 45 46 89 53 36 21 65 17 63 89 63 36 59 70 63 40 22 7 42 14 42 30 82 56 67 8 46 88 76 63 61 53 27 87 26 100 57 50 52 38 99 46 85 57 84 60 19 51 10 54
87 94 78 96 99 47 42 54 53 51 73 6 64 70 71 17 70 68 13 62 84 36 11 56 29 76 27 96 78 12 96 13 51 42 17 13 21 43 38 100 28 56 1 88 8 43 76 31 97 29 35 98 82 95 88 79 50 83 48 80 96 96 48 43 48 28 34 36 89 76 77 2 75 66 2 99 79 89 79 97 4 18 33 33 33 35 58 32 77 94 17 75 79 84 58 85 48 55 77 70 21 42 71 77 44 50 93 97 2 13 96 67 41 90 23 71 95 59 17 52 31 53 87 50 77 26 36 4 18 22 29 61 13 94 66 85 95 79 74 96 34 1 85 72 23
9 65 37 53 70 25 79 33 34 27 78 87 60 48 21 52 19 40 80 36 79 46 58 17 15 72 3 88 86 75 9 43 76 70 29 91 19 44 72 39 42 4 100 13 37 24 78 51 46 35 76 33 20 54 45 13 29 81 20 60 23 73 53 31 28 2 78 5 42 85 87 44 9 21 25 21 31 26 26 91 9 100 19 80 63 96 67 53 74 15 41 91 18 51 57 91 24 32 47 63 45 27 77 60 33 5 39 93 20 89 26 12 80 58 51 66 97 80 20 11 29 13 90 59 25 77 58 48 23 35 17 5 42 18 32 91 50 92 83 37 54 96 4 17 28
99 21 72 14 62 6 18 43 99 5 50 16 66 39 65 17 89 85 42 99 76 69 68 100 20 9 44 27 79 81 33 71 3 71 91 41 33 71 83 2 67 26 85 31 10 89 65 21 77 81 42 35 26 3 82 16 82 98 41 94 25 89 67 88 7 0 69 39 95 92 30 65 24 41 76 26 29 63 55 88 49 96 16 98 70 81 33 45 98 30 31 44 53 68 71 98 15 7 66 60 60 83 83 57 23 49 7 26 51 13 88 37 22 56 80 8 3 0 95 87 63 0 89 54 44 9 2 14 7 76 13 80 97 19 3 47 2 88 18 47 95 47 99 80 44
29 29 65 13 16 48 43 94 48 10 65 74 67 16 56 1 71 48 91 7 66 95 11 81 23 94 37 8 41 90 4 17 69 69 29 100 99 21 96 16 7 93 9 2 68 66 78 66 23 32 79 100 90 88 50 68 13 54 74 75 69 16 70 92 62 84 99 67 20 42 4 77 44 1 84 6 82 3 91 20 35 74 88 95 53 62 8 60 41 30 45 98 57 95 75 55 26 44 75 86 91 86 13 80 21 70 51 84 59 14 48 63 58 76 84 59 47 24 93 57 91 17 30 15 50 63 36 18 5 24 22 56 39 62 84 88 51 41 17 52 29 39 25 16 13
100 31 46 6 63 99 84 99 51 76 70 83 82 81 16 38 87 94 45 29 91 89 26 68 43 35 3 47 27 80 33 45 76 100 28 46 7 77 55 94 47 83 57 68 34 66 73 84 98 11 94 44 94 11 32 18 75 46 46 58 74 96 69 41 15 95 46 100 91 9 0 26 99 64 40 18 22 86 90 94 14 17 46 38 35 82 22 58 12 3 97 54 73 46 16 59 49 31 61 96 60 19 31 5 50 95 54 48 17 45 74 79 51 19 63 39 83 41 70 55 43 69 21 57 93 55 74 17 10 78 35 54 66 56 42 31 54 91 20 65 11 47 14 92 34
64 87 54 7 50 73 64 37 99 37 84 16 38 72 60 15 10 70 48 92 74 0 46 55 49 98 8 26 18 76 72 23 67 47 90 14 80 5 54 59 86 47 92 23 97 47 35 22 81 1 41 34 22 60 38 54 95 2 94 20 92 85 38 74 41 57 69 87 39 13 13 79 17 52 67 60 11 73 68 70 31 54 7 62 39 91 74 26 95 80 64 66 65 62 52 92 93 88 71 78 84 10 69 12 54 17 11 44 25 82 10 6 1 32 15 36 18 58 56 35 55 84 34 51 75 58 58 77 5 77 51 77 34 31 73 36 38 66 1 67 53 78 15 55 67
30 31 24 40 27 15 90 64 58 58 74 92 25 84 45 33 53 85 54 42 53 32 62 11 17 8 100 48 60 12 89 12 83 18 30 49 95 51 11 46 69 0 9 18 39 25 68 17 74 78 17 48 93 56 20 90 18 11 93 5 12 13 13 100 75 56 19 66 88 77 18 19 4 10 44 41 70 96 27 56 78 67 21 24 20 53 56 79 62 53 12 95 52 68 98 49 51 70 66 100 36 2 19 96 87 5 81 18 77 35 7 95 9 77 40 21 44 64 3 92 78 44 60 54 10 86 87 52 45 8 93 28 15 88 29 49 40 66 13 22 97 36 60 11 64
24 88 51 20 45 59 65 71 53 44 80 50 5 38 65 50 31 23 56 21 61 74 57 14 75 84 47 44 86 52 51 23 46 53 6 86 0 10 70 91 1 22 34 46 35 47 83 90 59 33 78 71 97 38 37 54 24 62 47 46 68 76 77 0 29 72 88 73 17 24 58 60 42 50 31 70 91 21 46 3 26 46 65 95 79 86 62 95 42 57 75 42 50 93 78 89 8 72 57 83 10 47 11 70 38 91 1 88 65 100 37 91 82 75 93 38 77 29 96 74 95 87 51 25 59 43 42 41 16 71 13 65 26 75 78 49 70 74 41 38 23 52 23 63 34
62 23 28 95 33 25 85 45 41 100 76 63 85 51 73 60 25 57 50 100 11 3 11 10 42 8 52 59 45 34 99 79 11 29 38 65 58 43 89 95 89 49 86 78 94 63 88 95 98 79 74 6 67 15 69 80 30 15 42 87 77 84 28 100 23 33 1 65 56 97 26 47 83 12 27 46 30 22 90 38 78 35 75 53 96 48 38 100 23 30 87 45 18 19 50 19 64 57 78 10 2 55 83 2 64 30 78 89 38 80 42 72 45 84 42 11 68 38 45 75 38 30 17 87 78 96 61 26 30 36 76 47 86 80 85 77 67 14 60 10 17 61 15 30 22
62 55 68 10 50 31 85 86 38 40 79 98 10 59 98 38 92 57 14 16 94 27 12 22 69 65 25 68 25 83 30 78 42 84 2 43 65 74 45 81 57 40 56 52 18 17 16 38 71 98 4 82 88 69 22 51 9 27 17 47 42 12 30 31 36 27 98 8 59 53 56 70 67 14 65 22 51 92 20 30 56 73 83 4 18 48 96 21 76 42 46 39 82 64 22 58 4 73 64 25 74 30 71 87 75 31 97 34 4 82 14 30 38 99 79 31 90 11 21 71 97 13 89 92 46 94 9 54 36 75 45 10 86 4 4 92 21 86 52 58 28 1 94 82 8
39 74 63 63 8 32 68 84 37 72 92 45 17 94 20 32 8 50 97 62 100 33 58 26 37 45 12 51 98 30 53 62 92 16 97 88 49 40 49 99 72 36 85 42 86 92 50 6 52 58 44 13 13 61 63 23 85 9 74 100 15 17 96 100 87 44 4 72 60 55 60 0 97 71 43 11 12 98 40 7 91 68 78 71 15 34 36 75 59 5 40 82 53 56 61 8 27 53 70 16 50 6 75 74 99 6 99 42 82 1 53 19 93 73 23 74 25 11 29 80 96 26 67 6 28 8 88 66 65 73 53 100 28 64 92 61 62 16 14 81 8 92 68 0 59
15 93 76 85 42 91 80 63 27 52 88 77 70 24 96 80 24 22 94 64 27 17 58 2 52 4 7 71 99 22 75 80 7 98 72 33 34 10 20 66 63 64 24 71 100 20 66 96 47 46 91 33 31 15 29 63 94 57 40 69 86 37 84 100 59 0 29 7 78 95 44 100 77 23 22 25 14 84 32 81 11 77 52 48 23 39 44 45 59 46 2 50 21 92 94 75 60 4 44 38 13 71 78 18 0 3 96 56 24 98 14 26 84 42 57 26 75 1 78 28 89 39 73 14 85 5 27 50 85 63 6 94 46 69 97 56 33 68 62 44 1 30 51 76 92
49 8 27 85 26 62 96 96 75 18 48 56 100 16 93 49 83 77 39 9 15 70 26 69 90 51 62 18 16 3 85 6 79 71 85 11 45 72 35 25 41 12 0 12 97 77 47 65 64 57 0 54 15 76 95 4 39 31 51 98 85 37 95 48 77 16 63 33 73 57 97 46 17 8 89 10 68 61 85 11 58 59 71 62 48 5 66 92 8 56 72 51 43 74 4 26 18 40 27 85 71 82 15 53 80 29 60 93 87 81 57 62 2 44 32 33 66 1 24 73 96 75 37 64 80 76 87 5 84 28 93 58 35 2 90 29 2 85 46 18 66 26 41 1 14
29 47 74 43 8 62 80 10 56 17 16 32 66 92 27 71 47 86 42 28 60 92 95 59 0 27 90 94 35 24 19 91 51 54 93 28 10 96 22 18 40 89 57 81 80 44 86 3 32 66 48 42 52 43 47 98 10 92 49 40 83 48 91 23 22 10 4 59 15 11 81 94 43 81 75 0 37 0 69 82 37 23 52 85 17 28 29 2 95 61 73 38 89 44 82 54 89 23 73 44 16 42 79 9 66 93 37 67 51 17 32 67 31 77 96 76 43 97 12 41 91 40 85 98 70 89 4 19 17 78 91 40 18 93 29 53 14 3 41 91 41 65 57 73 18
78 11 35 53 13 43 4 94 76 10 43 48 65 47 67 29 33 94 2 20 32 12 27 30 3 26 38 29 22 30 89 4 46 62 25 64 9 10 45 46 43 63 86 58 33 86 79 66 78 90 34 51 9 33 11 70 13 86 72 70 36 16 52 81 3 65 1 53 46 12 100 82 92 76 73 18 45 41 68 95 56 40 39 14 35 8 14 50 71 87 52 92 33 36 27 100 43 39 40 95 5 81 80 68 4 92 1 28 50 31 43 59 32 40 43 75 94 90 72 16 96 1 69 97 46 25 59 58 86 41 96 27 14 37 55 58 98 95 92 25 33 76 22 74 63
87 88 95 14 29 34 88 18 63 85 35 58 88 96 50 48 81 82 34 41 17 66 90 5 82 77 28 27 92 50 45 36 23 5 17 23 36 87 81 7 59 32 35 27 18 69 88 52 67 89 2 4 4 4 50 36 75 3 40 71 56 18 54 70 88 31 92 89 61 3 15 19 51 77 46 8 12 0 88 90 22 17 64 9 89 86 87 53 32 73 57 33 36 78 64 8 23 85 39 84 67 7 8 31 18 25 3 67 30 48 97 54 100 3 6 12 80 35 27 80 86 16 17 91 26 20 50 21 10 67 96 39 59 92 49 39 2 8 92 49 99 44 2 33 73
6 66 78 99 46 83 95 0 4 62 79 2 20 50 95 54 60 25 94 45 80 67 28 99 90 68 90 87 59 80 87 47 2 70 51 22 69 73 84 33 61 36 85 83 35 72 8 74 3 12 12 97 59 34 80 63 65 8 16 0 22 79 12 34 15 71 67 65 57 43 78 94 74 8 34 6 58 75 87 97 83 92 5 24 81 64 17 20 64 0 16 31 6 68 51 58 15 57 14 77 36 43 51 56 18 74 45 16 25 80 8 57 47 29 41 51 19 93 60 42 98 74 81 94 93 37 43 57 73 77 27 38 63 20 86 46 81 86 35 60 57 15 58 68 87
38 92 27 29 17 88 78 96 74 72 99 46 100 0 32 40 26 7 59 47 39 55 94 28 23 13 24 61 6 51 97 24 22 37 41 51 65 42 36 81 9 42 42 79 8 56 36 42 66 31 16 83 23 91 50 17 84 69 63 75 33 70 36 0 75 71 60 60 54 84 68 52 92 38 11 0 25 62 60 19 72 21 16 27 45 70 68 24 35 35 100 87 64 82 83 60 1 99 11 61 60 51 86 91 21 77 60 78 88 25 91 78 65 85 93 93 68 97 42 7 13 14 12 38 43 92 0 20 41 14 89 36 78 95 13 41 49 47 29 55 97 18 29 22 41
4 58 100 11 44 15 17 87 7 63 29 85 95 83 15 60 36 62 76 4 26 59 64 61 57 25 64 27 4 83 34 89 24 0 0 23 57 99 14 92 77 84 86 95 41 13 33 45 57 87 95 89 32 12 23 96 85 16 38 23 16 16 41 66 10 60 87 59 79 99 51 80 25 14 66 92 55 9 82 1 76 94 47 71 73 93 76 8 84 11 12 99 28 31 10 37 62 97 90 62 26 66 75 87 88 51 51 59 59 85 83 35 100 22 53 5 26 28 37 72 19 51 24 83 29 30 31 20 65 62 21 31 47 49 97 46 34 0 45 95 31 21 59 22 12
97 78 82 59 64 1 1 72 47 22 47 35 94 62 17 49 27 57 42 53 43 17 50 73 84 91 20 21 63 73 61 34 26 36 15 61 38 31 35 75 51 25 21 61 70 9 73 97 80 84 85 51 34 53 57 59 6 50 70 77 26 59 80 99 54 59 25 11 65 71 43 17 19 8 79 61 65 31 30 69 87 7 3 27 56 14 0 40 72 34 79 95 42 15 10 91 64 61 5 8 66 45 62 39 69 96 13 59 19 57 70 70 40 66 44 47 98 48 23 29 82 20 9 38 60 88 1 52 35 49 44 31 33 8 85 9 71 45 10 60 68 69 5 18 41
11 9 100 23 68 3 93 42 45 27 78 18 3 49 68 85 58 17 71 34 8 75 13 98 88 25 15 33 33 55 71 38 85 61 58 80 92 83 86 49 23 13 56 45 5 47 60 59 100 50 3 68 90 55 57 55 55 41 93 2 65 87 32 33 56 97 94 91 60 9 37 71 7 11 36 3 5 99 87 79 6 6 21 13 54 8 13 82 53 70 14 32 29 17 17 90 39 40 50 28 63 45 92 27 96 92 7 92 10 86 70 51 23 17 12 86 52 38 83 4 26 64 65 49 25 40 47 32 58 23 24 37 61 20 37 7 25 60 78 88 89 79 84 95 20
69 32 11 74 36 4 24 76 17 8 46 27 46 94 49 94 19 92 16 80 25 70 81 30 61 69 20 98 20 24 26 10 73 65 47 6 27 99 24 78 83 89 85 76 10 84 95 6 3 82 55 98 42 75 97 53 29 10 67 75 62 35 55 81 44 57 2 75 74 71 23 6 100 98 57 74 70 15 90 48 74 25 75 49 88 60 41 84 97 46 27 62 87 23 82 75 45 70 15 44 67 54 61 1 89 64 63 0 66 43 74 30 44 92 84 16 34 46 57 89 96 73 53 15 13 17 62 93 8 85 100 33 99 38 45 83 80 44 32 96 100 65 38 16 6
39 6 41 14 75 3 87 78 39 53 80 16 21 40 2 40 22 5 9 10 48 85 13 0 35 59 86 41 74 76 91 60 58 31 71 74 44 63 44 82 60 47 67 33 32 41 87 18 41 59 5 35 25 24 58 31 99 74 60 70 67 56 13 47 77 27 26 12 99 92 39 55 100 29 99 91 52 48 47 37 28 77 11 11 73 21 21 89 89 25 86 90 94 39 59 65 94 50 97 0 77 37 24 70 46 7 7 5 70 66 18 66 0 62 5 28 58 1 20 23 40 83 40 81 47 9 68 32 48 61 83 12 32 25 22 87 86 21 18 86 100 35 49 26 41
6 71 49 3 33 19 93 23 18 8 81 65 45 5 32 57 86 98 35 31 42 72 90 80 60 39 100 30 26 38 1 94 85 92 73 64 90 46 77 2 3 13 63 27 28 96 90 35 67 42 12 14 39 16 5 55 38 3 25 67 23 81 98 36 100 73 88 2 27 19 46 8 57 29 54 59 55 69 83 71 62 84 40 14 58 11 25 30 16 81 60 36 86 84 57 32 89 88 31 66 8 62 76 86 13 58 1 27 6 32 36 0 21 82 16 6 50 69 7 0 7 16 7 31 56 27 59 2 41 23 2 68 89 21 14 67 91 86 2 38 61 32 9 3 18
73 31 89 40 71 66 28 60 47 65 69 4 47 95 47 69 66 63 71 93 60 6 92 70 18 15 96 12 68 55 64 7 68 58 99 28 76 46 61 22 32 50 8 96 93 24 54 88 53 31 7 45 100 36 19 9 34 8 61 4 9 82 92 51 94 50 86 91 38 10 98 42 12 45 4 71 24 34 44 38 69 5 49 1 55 63 26 43 34 71 38 76 10 82 48 48 17 99 66 34 21 79 18 25 38 36 20 52 46 47 69 64 70 68 50 85 43 34 15 3 37 34 65 52 67 19 62 0 17 29 12 55 100 97 94 53 21 8 32 10 2 86 13 34 41
54 19 22 55 65 78 89 48 14 31 48 19 70 54 91 44 95 38 62 46 0 13 81 93 45 26 56 8 37 30 40 39 59 53 90 11 20 79 67 22 54 25 58 30 37 45 25 6 53 99 81 82 80 14 21 59 80 45 99 67 10 34 11 51 34 83 3 65 99 15 80 43 60 39 50 36 25 26 1 22 44 3 59 11 64 86 36 65 86 78 76 49 77 67 56 60 90 47 40 64 98 76 54 8 98 24 97 60 37 76 38 20 56 69 85 37 80 99 3 51 6 47 5 54 85 94 38 43 76 81 91 5 99 35 63 45 88 52 64 83 44 42 69 57 95
30 21 52 83 40 15 79 41 76 27 76 82 59 8 3 75 97 22 10 82 73 0 48 98 71 31 7 49 99 45 30 94 94 28 64 49 41 47 79 3 88 37 10 48 26 64 7 22 66 3 80 33 89 64 18 60 48 99 98 59 4 16 90 97 12 76 15 25 87 55 21 19 67 43 66 90 94 99 35 48 18 67 97 89 47 26 2 19 75 42 52 18 62 41 99 29 55 32 90 45 53 54 70 53 58 90 67 55 58 65 95 34 85 26 9 6 29 51 16 64 36 73 4 36 51 19 39 71 2 88 21 52 81 75 29 59 31 13 80 7 7 15 48 60 43
53 24 73 59 43 75 3 84 41 13 4 82 76 99 77 92 75 22 38 32 15 42 63 56 100 92 7 58 60 54 24 72 60 14 48 98 14 49 40 32 30 44 37 74 93 11 80 71 95 31 57 31 70 0 19 60 21 80 38 69 16 27 23 37 28 62 32 7 100 58 2 84 86 74 31 2 42 17 64 9 4 11 87 81 14 84 87 62 67 95 3 89 7 94 26 55 66 90 97 89 16 72 21 58 5 67 60 46 4 80 50 4 69 47 47 70 52 16 77 22 40 72 13 67 30 26 95 61 84 74 96 77 91 77 32 100 61 47 78 100 63 28 74 56 61
33 22 8 64 30 82 42 41 6 48 24 93 97 92 93 20 56 94 86 31 43 73 11 29 2 19 39 77 93 4 53 19 53 76 13 49 61 47 80 90 1 77 37 66 50 35 29 68 5 6 96 44 11 86 9 70 23 55 68 8 35 72 26 30 84 43 94 13 99 39 51 42 43 80 72 43 83 19 25 75 78 11 56 68 65 29 83 93 31 95 57 38 76 96 3 97 93 11 70 41 0 14 11 70 93 83 78 8 47 7 15 42 31 20 73 69 10 78 98 26 94 20 44 30 64 74 21 76 67 15 97 5 90 31 86 56 39 28 16 21 54 46 56 10 66
9 82 44 96 58 75 97 56 64 83 70 20 59 72 28 87 1 93 100 66 61 67 10 90 27 40 37 13 69 77 15 69 11 49 70 1 87 99 91 11 37 68 15 33 98 53 2 68 39 14 98 76 25 43 64 58 41 94 76 50 83 78 87 14 37 50 100 19 73 92 79 61 56 95 60 16 21 73 54 83 80 57 82 71 13 31 44 12 18 43 80 41 35 59 38 60 84 63 7 46 48 67 9 6 87 32 60 36 13 30 47 80 7 26 28 96 51 52 33 71 33 77 46 99 62 20 93 92 26 49 57 72 85 39 47 98 41 16 35 99 91 2 66 95 3
42 58 40 94 61 47 51 88 26 46 1 68 51 94 56 25 79 1 35 6 3 42 85 62 27 68 1 80 36 68 77 14 6 53 24 49 56 78 77 23 3 99 59 80 9 65 48 31 63 7 57 2 54 28 73 78 1 2 61 52 4 51 82 76 88 85 29 22 27 52 13 12 32 89 18 17 37 66 32 54 81 66 94 4 100 88 35 88 52 32 85 12 34 47 61 9 83 33 7 21 96 12 78 38 53 26 58 13 96 81 7 1 81 56 7 59 73 57 83 32 35 96 64 24 81 29 26 59 100 80 41 11 28 30 70 94 42 91 79 5 77 3 62 6 92
22 69 85 82 49 59 29 59 13 93 29 77 1 58 100 98 4 50 46 91 17 17 50 40 1 8 61 71 56 78 63 50 95 59 1 51 85 1 20 25 46 42 100 41 61 25 83 52 8 35 21 68 17 58 85 89 38 23 72 65 25 69 96 9 54 16 4 87 6 6 93 100 8 62 81 9 4 49 15 17 23 18 28 99 32 36 19 80 15 13 29 77 22 23 59 73 90 14 78 29 16 1 63 34 82 83 10 95 7 21 22 67 60 19 47 19 81 47 83 61 74 36 19 84 43 4 63 88 39 27 7 79 21 94 4 3 90 36 45 20 72 96 51 15 19
95 21 83 32 6 33 60 48 26 20 89 88 75 24 56 49 40 52 97 72 81 56 17 25 42 97 85 95 12 80 25 73 12 64 85 14 91 36 61 83 51 53 12 7 63 19 30 7 98 7 84 19 84 43 74 80 34 17 82 47 46 26 6 36 97 42 13 14 34 96 34 92 67 49 92 41 82 39 82 23 73 93 80 56 25 87 70 7 42 90 66 94 15 48 11 32 74 94 100 17 65 8 12 35 2 47 36 49 1 46 90 4 32 66 42 87 19 95 83 75 32 19 67 86 5 2 19 25 87 42 89 83 51 45 61 71 37 28 92 1 26 88 67 50 67
41 61 47 88 34 45 28 90 6 14 14 66 82 49 37 28 91 42 43 2 83 4 29 15 88 25 10 78 33 63 40 31 3 18 0 67 43 70 92 54 76 91 67 86 67 37 88 48 71 76 29 43 40 49 81 17 20 86 97 94 66 23 87 27 7 73 89 93 18 10 41 82 74 19 34 84 42 15 5 48 40 53 84 6 18 78 62 17 17 29 99 100 6 45 71 89 57 47 57 58 31 50 47 32 41 78 85 35 63 89 35 19 6 60 90 27 11 58 81 43 38 81 8 59 86 21 15 19 19 49 3 27 25 100 75 15 70 37 38 98 19 55 43 68 63
100 64 67 21 41 23 61 33 23 49 4 43 82 44 21 5 5 4 52 98 4 30 47 94 63 49 5 79 75 94 28 89 86 95 98 8 48 57 76 62 93 19 82 57 98 41 57 27 27 12 22 56 53 79 28 21 37 85 42 66 71 9 6 21 52 55 67 76 98 67 18 22 10 97 95 97 31 36 38 75 69 9 58 74 56 79 68 85 29 23 81 69 54 25 18 11 53 90 8 79 2 87 69 18 50 98 35 66 16 100 55 74 58 68 28 97 36 72 94 14 89 93 64 42 42 95 1 52 49 32 81 16 31 43 21 63 56 24 34 6 33 34 54 87 31
65 2 8 37 20 1 42 18 30 16 64 57 58 99 16 94 84 66 4 86 60 15 99 98 58 41 55 21 41 51 15 58 21 88 18 88 64 28 45 38 75 42 62 50 28 22 34 23 23 74 26 30 41 1 25 55 30 20 13 23 15 15 44 51 21 28 9 76 74 99 21 98 18 67 37 68 31 63 28 19 95 0 75 81 71 0 5 89 15 50 35 32 22 68 84 51 7 23 85 69 33 93 31 11 45 53 28 19 71 56 94 57 32 79 7 78 73 9 42 16 73 62 74 39 76 97 4 68 45 33 0 45 28 60 46 85 51 42 62 90 63 31 85 81 86
77 93 29 72 39 89 67 62 17 66 29 99 71 89 88 27 87 68 55 62 30 53 31 55 100 98 100 32 18 7 96 14 1 43 4 85 98 39 26 45 75 75 74 92 17 5 10 85 9 98 31 56 83 81 27 94 11 77 95 99 62 11 23 22 71 30 62 47 100 14 18 90 89 76 62 30 6 33 7 5 2 82 37 45 44 74 81 39 29 92 7 75 15 72 84 21 46 50 6 27 34 61 51 21 89 72 71 32 89 88 94 24 87 91 97 56 79 7 29 86 51 77 1 75 99 91 3 85 91 97 24 57 7 32 63 59 70 66 88 17 98 30 10 23 71
39 61 24 22 47 69 92 4 40 4 75 44 26 75 76 73 53 72 97 1 76 61 63 20 50 61 14 5 95 19 75 48 15 19 71 54 62 2 98 13 93 5 79 52 53 7 98 64 46 50 13 19 20 96 43 86 11 59 10 5 51 4 72 52 70 87 99 97 65 34 1 53 7 69 52 34 2 75 36 73 8 13 51 3 66 99 91 2 88 4 30 76 42 69 83 77 3 97 61 5 18 16 75 18 57 47 89 5 78 69 92 7 48 86 20 46 44 40 84 4 63 31 3 51 33 82 89 11 79 6 64 7 28 75 57 9 77 25 52 74 24 3 28 59 81
81 52 99 32 57 91 40 98 1 43 21 57 37 48 47 45 99 100 19 98 84 71 42 99 51 37 51 24 2 8 88 83 89 36 46 100 12 26 84 10 87 98 19 25 62 51 18 57 97 90 96 44 70 89 17 55 47 65 51 78 61 94 19 55 86 7 7 67 57 51 68 12 83 66 64 29 28 92 88 59 98 39 57 50 78 55 84 71 25 97 12 94 40 45 50 13 62 46 46 36 70 70 44 31 29 18 27 45 81 83 93 70 31 72 62 1 50 8 28 5 84 55 34 73 24 64 81 79 54 25 100 38 42 41 62 36 64 84 88 34 86 67 55 75 11
34 89 84 48 35 43 68 38 77 64 7 67 7 57 95 19 76 30 84 0 82 45 24 78 55 66 15 46 50 1 78 57 76 23 91 4 1 35 79 71 9 49 100 47 24 25 14 60 32 11 42 85 44 55 43 48 13 61 21 11 56 12 24 97 1 85 46 27 40 77 71 81 9 22 30 9 9 2 17 1 11 87 23 43 73 35 94 91 82 33 29 41 12 0 30 4 79 33 69 28 75 25 96 73 48 89 67 32 56 28 53 49 76 39 0 45 55 13 80 51 86 1 57 43 0 11 26 41 43 100 16 44 31 25 45 100 8 74 13 16 93 81 14 95 100
80 53 28 33 87 98 38 41 45 74 76 68 12 78 16 6 28 63 67 60 87 68 61 81 16 76 82 78 55 28 77 53 45 6 15 72 34 78 1 70 78 99 76 26 97 78 29 27 83 44 58 59 39 28 72 2 96 23 99 17 48 15 47 42 57 85 75 60 11 98 14 58 22 59 81 82 4 26 67 12 62 93 69 86 14 76 93 35 18 2 55 73 34 5 83 34 39 79 58 62 20 98 99 75 37 55 77 72 19 33 24 26 40 90 33 31 82 19 56 12 72 96 70 54 42 100 19 3 49 27 59 21 52 25 3 25 78 100 31 6 23 80 62 43 96
67 24 74 7 55 21 42 12 34 88 34 77 4 62 76 31 22 86 5 19 89 54 26 59 6 70 34 58 21 69 56 26 21 96 98 11 57 76 12 76 99 7 40 2 100 31 55 77 72 50 56 95 12 59 12 3 26 16 52 34 89 63 24 51 53 13 100 62 6 91 36 36 12 76 24 30 30 74 95 92 27 53 54 89 76 57 70 58 31 92 73 94 28 31 45 1 53 59 27 9 7 36 97 44 40 80 72 53 2 54 4 36 38 33 47 68 18 28 52 94 99 73 41 11 70 12 45 31 40 27 65 39 19 67 24 85 15 39 87 78 16 12 46 30 67
52 68 55 97 83 7 3 56 35 57 43 36 73 91 56 80 99 61 63 75 43 96 55 73 95 27 85 95 33 46 34 32 90 74 35 45 36 52 0 31 55 5 85 34 99 41 66 84 22 87 72 81 71 22 11 67 89 57 84 98 32 6 78 5 85 11 40 71 2 5 25 12 95 13 45 89 11 40 73 36 57 4 46 56 64 24 91 48 42 22 79 93 56 95 29 98 26 95 10 71 35 60 1 94 65 55 74 97 86 47 92 9 17 72 92 29 76 21 24 25 89 2 93 86 27 72 9 17 100 77 50 30 25 85 33 18 66 88 45 86 0 94 12 49 9
37 23 72 63 28 92 71 57 62 47 99 5 9 88 41 65 46 13 92 99 98 32 87 92 27 3 45 89 32 13 43 43 99 82 40 28 58 41 74 56 86 45 12 38 49 64 100 19 46 34 61 76 43 34 70 75 79 89 89 94 48 12 51 39 49 15 41 36 71 15 1 35 93 43 48 89 74 79 27 62 92 40 64 54 63 91 92 43 73 68 8 74 0 79 29 71 1 85 5 5 46 98 4 93 42 19 7 8 47 46 1 29 45 6 36 17 23 11 63 28 75 48 78 56 18 40 77 38 72 23 70 6 50 15 80 91 8 50 4 66 79 50 18 55 23
34 81 96 60 2 46 89 87 5 35 98 5 74 18 86 42 64 80 7 71 4 84 71 82 52 13 52 36 68 24 79 89 47 2 53 36 43 43 34 70 100 25 69 23 7 96 17 24 74 6 95 86 91 15 8 4 66 48 45 41 71 14 8 18 6 40 28 21 82 59 14 83 71 41 37 17 69 2 70 7 100 68 93 58 68 17 48 59 82 34 24 63 60 28 74 63 83 35 70 75 79 67 36 97 92 96 25 36 26 12 94 9 12 41 41 74 73 62 16 80 12 88 36 51 8 96 20 17 4 48 99 71 82 49 9 72 15 34 45 51 50 41 79 15 23
89 82 10 85 92 3 13 20 35 44 66 62 27 5 80 28 91 36 100 55 43 48 6 8 53 71 55 64 31 49 88 76 49 99 85 12 23 47 99 40 63 14 71 68 46 22 53 36 66 51 51 33 88 8 12 65 99 45 66 27 100 85 67 57 16 63 38 48 90 46 10 74 59 6 86 14 94 33 65 26 59 61 45 66 97 45 42 51 6 24 10 25 68 75 87 93 88 38 52 33 20 5 49 24 67 38 96 12 50 75 89 71 77 94 62 71 83 77 26 8 83 11 70 15 49 39 25 80 1 31 41 33 42 29 48 5 84 16 44 22 32 66 40 51 16
49 3 42 83 39 62 53 55 65 54 64 81 51 98 27 91 71 47 64 69 8 90 86 58 20 65 51 36 61 67 62 65 17 15 82 28 4 87 92 31 47 33 24 61 45 61 96 13 69 75 14 90 90 7 75 13 50 21 77 37 93 82 10 95 90 97 53 89 99 100 40 10 3 35 69 83 63 60 67 71 56 93 65 7 77 50 73 68 54 84 32 37 24 68 95 50 86 41 8 11 39 77 22 25 76 81 9 78 83 95 52 39 28 3 15 41 31 65 67 61 69 76 72 86 33 72 39 44 20 72 68 98 30 82 73 85 16 97 75 62 57 83 93 22 7
92 57 14 28 65 98 20 100 56 27 41 40 93 53 11 18 2 59 51 32 50 29 90 14 60 47 66 16 78 16 14 8 48 90 6 18 26 75 33 55 3 36 28 19 83 50 74 32 73 59 49 35 53 37 58 67 15 95 43 71 100 7 79 42 9 71 84 85 4 34 85 55 48 3 100 28 33 48 93 1 79 92 45 91 32 43 91 60 31 22 18 9 56 1 58 94 27 64 52 92 35 100 82 49 42 47 76 91 8 91 5 83 61 57 74 83 89 48 32 20 62 99 47 47 99 95 74 91 77 44 1 2 37 66 37 60 93 6 53 35 96 11 13 48 15
64 17 22 5 76 49 85 62 70 5 43 85 76 16 96 47 76 82 58 70 30 42 4 48 61 82 75 8 6 81 36 5 61 93 25 33 49 1 27 23 50 45 1 61 95 45 84 66 72 62 93 99 63 9 5 62 50 64 34 67 42 29 18 5 92 6 5 5 93 58 95 21 60 27 15 79 93 8 33 19 36 83 30 32 17 24 22 90 97 34 100 50 79 25 13 69 50 24 82 38 91 53 93 51 55 88 80 58 25 57 65 10 57 45 12 61 78 0 11 40 44 65 30 70 97 70 1 60 10 21 37 43 34 93 85 90 60 94 89 11 24 15 4 38 57
81 51 44 74 20 2 19 58 69 37 80 63 22 90 40 96 36 84 2 98 12 42 63 62 96 7 40 69 21 19 13 0 100 41 22 99 63 0 21 72 22 85 63 56 91 43 76 87 69 6 26 53 4 4 59 95 9 38 8 39 95 15 87 77 51 79 38 41 61 2 95 43 30 77 40 30 1 2 81 57 75 10 21 66 75 7 67 90 77 43 67 61 60 54 25 29 67 28 45 39 6 0 35 21 84 78 46 15 26 26 45 95 68 47 89 95 96 25 9 2 59 67 39 71 54 94 25 20 87 84 37 92 42 8 16 16 70 4 61 7 24 59 70 61 17
67 30 84 52 7 97 28 60 84 15 36 14 68 14 87 89 19 81 3 63 23 97 8 30 54 7 36 67 62 25 97 84 39 90 52 26 89 96 27 12 97 43 2 26 12 57 78 52 48 55 74 81 26 72 42 30 11 84 15 82 89 1 93 100 66 25 77 74 90 37 12 28 48 4 68 57 13 24 13 44 5 31 4 86 13 56 96 93 49 100 75 69 47 88 88 92 22 60 8 31 93 6 16 29 89 89 38 75 57 16 28 60 31 62 39 23 29 93 59 26 44 10 34 72 14 10 17 94 45 30 21 37 99 21 39 16 34 34 10 5 29 71 11 25 30
41 42 12 43 94 61 54 81 9 56 13 23 62 87 91 81 68 57 43 42 38 90 23 51 24 60 78 0 50 75 92 93 52 22 26 46 72 0 72 16 85 20 44 6 7 39 99 21 37 59 61 59 75 23 36 33 63 8 56 25 38 19 22 34 40 67 84 99 90 90 50 54 59 18 70 33 64 34 89 56 45 28 34 57 91 19 45 16 87 74 61 1 67 94 98 71 46 99 98 83 55 1 41 89 30 10 25 27 67 44 73 15 24 90 31 31 21 23 30 25 65 20 25 59 8 90 81 21 43 100 41 80 10 45 83 25 23 34 18 17 13 74 13 13 14
98 28 12 84 81 0 36 42 52 67 93 49 71 40 98 38 50 36 69 49 20 46 47 61 59 58 99 46 36 21 45 82 98 4 55 34 81 88 50 54 2 90 62 16 10 22 72 2 31 32 33 37 2 50 82 21 52 90 93 17 6 17 75 89 55 0 45 100 23 62 64 66 74 50 78 48 76 8 20 88 42 8 72 30 33 25 99 14 28 50 43 3 88 81 71 29 0 65 26 51 50 62 40 29 98 71 85 9 36 11 10 100 89 81 72 93 51 10 88 47 28 48 72 97 26 10 47 51 70 28 38 97 62 34 66 34 28 16 82 6 25 83 53 67 9
37 0 53 60 86 100 80 14 89 34 45 46 17 40 1 8 59 51 81 34 96 34 61 16 50 79 54 69 0 95 85 37 69 88 72 95 2 52 53 7 8 58 63 39 62 70 29 28 2 4 96 49 94 2 65 86 28 1 80 83 51 42 58 25 81 91 86 100 97 3 52 0 27 19 69 32 46 67 39 100 41 0 56 79 47 69 41 91 98 22 17 35 96 15 49 43 47 0 51 83 96 38 80 94 41 0 18 3 15 43 88 95 84 91 3 49 29 3 51 83 97 36 40 50 64 22 1 69 3 84 36 52 12 8 57 53 86 44 85 89 57 2 26 50 70
40 83 38 79 67 4 63 59 90 83 55 76 57 59 25 58 34 43 15 21 9 27 51 26 51 87 96 99 50 84 0 57 22 18 49 32 40 38 70 96 6 30 56 96 61 58 26 5 41 49 52 87 44 59 74 7 45 59 71 28 57 87 10 42 26 31 63 18 97 42 80 75 93 28 18 89 91 28 7 6 3 75 33 59 50 98 29 90 78 7 47 8 66 67 72 66 99 85 14 27 61 31 84 55 46 99 19 70 72 27 99 27 91 28 64 43 96 51 72 61 34 99 9 48 4 55 90 89 7 45 72 27 95 28 53 40 89 95 46 23 11 45 73 46 31
49 7 18 59 26 67 69 24 21 63 25 15 61 68 12 38 44 73 2 18 94 13 49 54 75 61 56 83 24 9 63 98 62 66 39 88 42 18 9 21 72 47 85 34 36 39 91 41 41 59 40 7 72 99 85 97 61 3 40 79 34 80 92 78 5 14 46 5 28 42 31 55 88 7 3 42 66 87 31 24 35 22 54 94 41 47 30 48 38 90 63 40 40 20 19 25 44 45 3 43 26 81 100 31 59 70 88 45 99 37 61 27 91 22 43 49 92 72 69 99 4 32 94 25 6 10 12 71 41 2 79 80 47 76 100 88 96 92 33 98 9 100 16 12 7
89 1 15 43 94 24 67 59 39 81 91 9 37 83 52 53 35 27 88 76 23 27 95 15 64 87 46 2 76 17 15 31 88 0 90 69 82 63 30 88 58 99 55 19 70 38 63 90 91 96 57 24 77 50 35 52 26 51 67 21 5 75 8 56 68 27 55 89 89 13 1 33 67 27 35 72 34 13 57 83 96 86 83 4 80 77 87 53 96 63 41 19 30 62 10 20 63 19 79 39 48 98 62 93 52 8 26 83 17 58 18 44 69 19 93 27 33 16 34 55 22 73 31 31 93 99 30 10 95 90 22 12 5 47 68 92 33 75 34 1 69 38 56 90 4
48 76 18 59 1 73 83 29 58 83 83 2 3 12 76 79 14 74 47 34 71 49 55 6 1 99 46 86 44 4 81 60 96 47 97 80 88 14 82 74 98 82 49 23 93 49 94 39 95 60 17 34 86 78 73 47 64 6 27 15 8 70 81 87 34 14 87 81 7 3 42 28 32 46 62 82 67 92 43 37 41 80 39 43 86 6 25 21 87 77 76 38 81 42 75 54 21 23 30 100 17 53 9 78 42 83 58 81 19 69 99 1 85 25 45 4 40 43 11 99 17 1 33 69 82 32 23 58 92 32 57 34 36 16 19 33 38 10 51 11 68 33 69 91 81
95 71 5 12 28 25 77 15 83 51 95 23 65 37 17 14 33 88 88 34 8 10 79 80 24 38 36 4 59 37 12 50 84 37 83 23 61 85 27 31 32 88 82 33 74 94 64 42 64 33 14 44 13 98 30 31 37 5 3 62 84 45 98 23 52 89 77 28 89 74 5 46 6 92 68 0 91 42 90 31 4 53 54 27 16 22 47 41 31 44 88 3 64 22 42 74 20 84 57 7 2 50 46 44 84 92 15 81 29 0 0 94 63 94 54 52 93 92 19 98 16 39 28 51 18 69 40 76 85 79 38 57 22 64 5 89 0 52 86 55 19 96 90 23 7
71 49 34 0 97 90 42 17 91 52 79 77 86 52 22 10 20 21 17 80 95 59 54 4 54 30 14 72 34 11 55 2 37 94 44 23 51 97 68 61 53 45 65 93 92 17 46 16 20 92 85 91 2 50 83 74 70 100 71 35 21 99 27 64 53 87 92 54 80 6 99 5 22 11 85 11 77 68 70 100 12 45 95 67 44 44 4 79 7 96 6 23 67 80 78 59 54 100 2 70 29 22 35 35 6 5 87 42 27 61 61 15 98 95 6 32 47 18 40 17 17 12 97 70 3 88 20 55 76 70 17 18 28 47 97 84 4 14 14 78 11 68 69 20 21
49 50 70 43 20 11 95 66 6 24 61 33 60 11 21 13 62 93 80 92 4 72 84 90 67 82 55 55 75 36 56 44 33 0 72 17 92 83 19 95 15 40 91 77 89 23 43 68 21 91 93 30 9 42 84 77 7 38 35 5 30 90 97 15 76 73 7 6 54 79 97 62 57 15 80 67 72 15 42 71 76 79 46 38 16 100 82 51 94 76 97 44 10 31 85 7 78 70 13 30 99 4 66 62 76 31 74 17 100 55 89 98 74 54 92 8 95 31 51 4 29 96 16 8 82 6 44 41 75 61 80 46 49 3 89 59 81 73 82 57 69 14 65 17 99
55 86 95 96 7 98 37 71 25 24 87 6 35 98 82 55 54 38 42 82 93 64 14 70 29 63 56 19 6 99 67 15 20 20 73 27 45 70 19 89 35 61 99 17 68 17 72 90 37 97 10 100 36 75 19 44 49 42 6 13 36 34 66 6 41 68 90 100 85 35 78 68 27 62 84 68 18 33 52 65 77 86 76 100 93 29 51 28 85 95 5 31 98 8 9 40 63 80 95 79 97 39 99 8 47 86 5 95 2 26 26 74 54 13 70 22 27 2 2 87 38 96 60 41 89 46 65 3 22 66 28 0 100 83 31 34 81 87 65 75 37 0 76 10 46
97 3 7 88 24 42 83 13 73 3 29 2 55 32 10 59 37 88 30 87 19 12 52 23 60 19 37 94 74 25 3 22 73 17 73 24 36 45 0 11 33 47 3 28 27 10 95 48 95 10 4 43 3 7 30 46 82 8 49 31 70 78 74 22 89 84 6 35 16 66 15 37 23 58 55 9 63 53 63 61 1 92 60 37 30 16 70 68 78 27 89 58 39 68 10 46 26 58 77 30 80 11 44 2 75 66 36 44 14 8 26 56 14 17 41 82 30 86 93 56 86 41 76 78 36 78 7 72 43 81 35 0 96 57 25 2 58 96 13 82 69 66 32 42 87
98 56 72 11 54 90 68 99 44 62 84 83 70 0 81 91 51 60 6 56 22 79 43 66 77 51 8 16 7 30 39 56 35 14 48 47 0 90 28 63 91 94 95 22 80 77 21 17 33 60 79 25 47 90 22 39 44 36 20 46 36 78 8 4 93 20 23 61 19 76 72 31 32 62 73 56 26 24 67 28 20 10 52 41 42 100 92 59 12 5 57 44 78 81 25 62 30 7 77 19 100 25 68 12 96 74 88 62 43 58 36 70 58 67 33 68 75 85 15 86 70 52 98 53 26 57 99 27 35 15 27 79 38 62 90 13 31 82 67 53 5 74 25 70 32
70 45 85 60 47 92 98 29 31 36 39 77 67 21 74 95 2 39 45 20 87 63 75 71 89 80 23 38 38 49 97 65 59 72 22 48 55 40 67 23 41 22 91 35 97 48 15 53 32 38 89 31 84 89 82 75 52 16 87 6 31 61 68 91 56 39 2 42 34 10 24 66 12 18 38 93 33 23 16 44 63 54 11 63 55 88 93 45 61 91 75 21 91 10 32 24 94 64 86 25 35 42 26 8 80 53 42 46 29 74 4 92 83 40 73 2 6 96 68 54 88 47 66 19 68 0 28 65 58 14 66 32 33 66 33 21 48 54 63 79 4 61 28 18 48
26 17 97 37 36 99 90 64 44 21 73 42 22 99 62 12 56 50 74 74 72 60 75 96 25 97 29 95 24 60 97 51 83 53 40 23 26 18 59 100 27 60 38 30 84 56 70 27 86 78 46 57 54 43 70 21 49 10 100 85 67 83 92 30 0 72 57 67 36 21 35 46 13 2 16 57 29 88 22 2 55 29 43 85 16 77 97 22 72 78 92 88 86 24 98 6 0 6 87 7 71 71 86 53 40 56 10 45 15 54 58 55 2 36 39 99 75 67 84 22 85 75 27 53 20 87 3 45 60 22 13 76 33 25 100 86 35 2 57 19 45 56 80 5 25
3 91 8 10 75 65 18 72 28 13 77 32 30 56 65 25 52 37 42 96 35 27 13 87 88 5 21 52 37 59 61 96 95 76 69 22 31 46 24 59 95 6 15 81 17 56 74 98 2 63 15 56 17 21 14 98 45 52 0 28 52 71 34 33 64 87 74 22 80 87 59 76 7 87 76 52 93 24 62 60 13 34 50 31 4 66 63 40 50 6 92 16 45 88 59 70 18 72 7 77 40 73 53 19 90 61 17 49 27 48 89 22 13 61 29 23 34 57 2 55 5 4 7 10 37 26 61 12 21 59 4 7 33 57 69 31 64 41 43 29 24 24 57 96 67
37 8 31 34 20 65 29 95 73 72 95 87 35 23 89 64 51 78 1 71 1 53 39 89 63 59 21 64 1 47 13 92 86 40 8 74 64 22 4 28 45 50 69 77 3 5 7 81 79 73 24 29 18 86 95 89 70 33 57 0 81 50 39 79 63 84 2 43 89 89 89 61 6 4 16 4 46 51 20 52 64 97 14 92 94 7 90 43 92 72 32 97 12 12 21 22 63 87 5 64 40 23 83 15 84 98 97 68 87 77 84 97 7 42 92 22 20 21 69 92 14 56 91 49 8 0 68 15 81 13 59 96 47 68 41 83 65 89 97 57 45 58 71 63 14
98 97 53 79 42 5 91 17 78 78 88 12 84 2 64 79 72 96 37 59 37 56 58 86 16 43 63 92 66 20 34 36 60 19 69 46 26 36 33 69 8 92 27 1 18 87 29 80 43 22 16 74 2 40 20 25 18 63 29 35 87 22 80 72 47 62 56 17 62 32 62 12 89 42 28 92 12 83 22 50 83 94 82 70 76 81 37 61 4 5 24 17 7 30 47 89 60 81 43 45 39 23 17 47 82 50 3 77 13 91 57 5 41 90 74 45 36 21 95 32 62 9 16 53 76 11 77 14 51 12 5 37 37 46 85 68 61 76 34 18 53 53 6 85 54
9 78 99 53 50 52 29 21 42 66 88 24 36 23 51 8 92 2 17 81 81 57 72 87 10 65 82 2 0 59 70 60 10 54 7 26 18 37 9 25 54 0 17 3 12 7 96 10 46 40 23 42 51 98 83 90 37 25 95 87 27 20 15 25 72 82 5 25 3 60 56 38 95 60 62 0 48 20 49 21 10 88 77 70 55 69 33 22 64 80 98 31 27 47 13 51 75 32 80 76 36 43 38 21 90 26 62 96 52 26 99 29 53 39 53 80 31 5 9 48 58 79 99 62 54 10 88 7 64 52 95 58 6 33 36 24 83 96 15 6 99 94 74 42 44
76 6 58 46 12 76 78 28 26 16 14 34 85 52 13 17 79 23 41 66 47 38 15 67 6 62 28 81 11 49 15 39 86 72 19 67 100 9 64 28 32 39 24 19 37 93 38 22 0 94 78 28 25 57 37 18 12 59 86 72 40 10 30 56 59 81 71 1 15 8 93 63 70 86 49 55 89 62 16 30 64 76 82 92 36 11 62 20 100 60 28 100 21 69 74 97 64 59 64 34 84 8 55 65 35 98 15 66 31 64 97 92 58 32 36 42 17 52 62 35 37 87 30 58 97 1 95 98 20 73 67 54 1 46 27 96 79 93 72 48 34 66 60 91 39
30 68 1 50 14 90 19 76 20 65 35 2 71 93 88 13 64 40 15 51 45 53 4 68 89 19 85 66 9 81 47 65 67 99 52 28 42 40 94 51 84 41 40 12 64 66 95 6 66 4 54 74 77 89 23 7 11 26 48 69 1 3 96 55 80 2 33 89 81 84 78 35 80 51 49 80 44 26 87 68 48 34 32 69 46 43 35 35 99 19 99 6 55 14 20 42 92 23 56 46 61 28 7 7 13 87 81 65 95 38 87 37 45 55 74 12 5 11 49 74 7 69 55 84 33 10 85 58 38 37 26 52 12 6 97 61 29 18 1 44 24 15 39 26 18
17 39 15 20 13 64 62 93 20 96 94 28 92 99 80 14 13 88 25 6 58 71 31 21 19 36 63 86 98 10 28 87 76 5 62 48 16 25 7 27 69 77 58 78 21 68 11 46 43 11 0 5 44 76 16 34 1 98 85 96 74 64 97 48 51 16 97 0 62 2 69 39 69 70 95 40 16 15 45 50 87 60 17 28 49 13 19 55 16 94 78 92 94 66 91 73 71 57 28 0 34 87 27 57 99 89 68 29 100 63 97 50 79 72 13 58 33 66 83 78 18 47 89 1 5 46 26 42 76 79 68 47 36 27 56 78 97 31 23 96 73 12 0 51 66
26 19 87 57 2 76 44 90 17 23 88 74 22 20 71 37 71 97 26 40 11 7 57 96 77 13 74 86 23 9 11 17 14 98 4 64 41 32 0 13 23 11 94 88 70 29 49 100 16 10 25 91 61 18 71 41 54 88 30 49 41 87 10 38 84 49 26 60 17 26 34 74 10 27 55 4 98 94 20 51 85 41 96 40 26 99 53 22 68 24 52 99 93 37 94 56 82 17 12 19 96 50 44 95 67 64 80 17 13 78 25 79 9 95 88 87 52 9 87 40 83 12 86 75 33 55 10 46 90 68 86 12 81 55 11 58 43 67 16 98 14 44 91 58 96
5 26 21 62 86 16 23 0 28 6 95 96 31 31 1 100 17 94 56 29 41 63 12 75 13 89 30 77 48 66 43 88 20 1 8 16 73 24 6 78 9 35 4 42 30 63 28 99 73 62 27 38 17 95 33 59 18 13 81 30 77 29 7 88 99 76 49 0 14 25 31 46 81 43 100 63 36 48 24 2 23 38 70 96 26 6 55 95 24 26 28 81 76 57 33 60 13 87 6 11 85 1 7 45 87 14 27 33 86 89 54 62 2 52 31 51 12 92 64 74 66 1 5 30 32 24 43 67 87 68 92 61 79 1 25 93 6 40 56 41 72 91 28 90 5
56 2 92 51 36 55 90 9 15 55 72 91 24 21 75 21 88 98 74 25 85 96 15 39 37 42 75 37 56 70 2 31 35 37 92 35 53 82 83 37 53 8 40 40 3 0 33 84 58 23 57 69 52 31 56 19 64 19 33 13 37 24 86 98 70 79 45 88 55 83 53 53 6 20 58 100 93 63 65 35 14 0 66 49 13 57 4 11 66 52 68 95 86 60 28 89 60 62 61 10 40 2 39 46 38 93 24 67 98 37 69 9 63 14 53 21 85 72 26 30 25 93 68 28 53 41 50 26 54 45 17 38 15 73 5 17 83 92 85 40 63 35 38 82 47
98 76 40 91 44 44 46 44 94 38 63 48 7 16 87 11 78 90 9 1 73 63 98 12 61 54 14 46 66 46 98 32 84 56 77 89 77 79 34 9 52 9 6 86 31 21 97 52 44 27 76 53 12 81 44 56 68 8 23 21 72 44 36 48 73 40 56 9 100 92 96 81 37 4 0 44 21 70 37 45 0 95 56 88 97 48 43 88 68 93 59 48 73 2 58 37 76 32 57 68 46 51 33 24 59 46 54 48 4 74 40 61 26 26 27 26 33 49 17 67 61 5 18 36 39 58 72 13 11 46 89 38 12 72 37 51 16 8 73 63 86 5 53 87 75
32 7 49 62 55 22 98 48 39 53 39 60 40 91 59 58 85 92 29 78 83 19 15 67 54 50 73 83 16 59 1 47 45 38 38 14 21 59 52 24 13 2 71 22 4 27 26 94 89 56 65 87 50 26 68 39 2 15 7 5 73 46 87 88 5 87 9 15 100 89 10 0 90 25 62 50 11 1 79 42 71 23 89 88 69 28 1 44 17 27 74 29 42 37 66 90 1 10 20 36 51 82 7 48 78 91 75 63 37 17 99 26 70 21 4 62 44 100 4 5 71 14 15 100 100 87 86 89 87 54 98 98 54 22 46 4 100 56 91 46 12 1 24 55 67
81 8 86 73 62 0 45 62 76 43 13 54 4 54 67 54 98 14 23 46 98 93 62 8 74 7 25 52 42 5 47 94 57 5 10 37 74 89 32 14 74 41 82 10 59 25 4 80 39 15 38 58 16 22 27 52 27 30 62 24 64 31 15 50 39 48 99 46 65 2 36 71 20 96 18 50 14 40 49 3 20 56 41 64 77 90 83 92 68 43 23 14 41 70 11 51 28 80 82 94 54 67 15 22 26 88 49 92 14 28 84 15 96 53 81 91 19 88 13 90 50 82 8 2 20 33 91 82 12 96 5 24 81 40 40 21 84 22 76 63 61 47 84 72 95
57 30 54 8 7 17 83 75 27 86 6 11 74 14 31 60 33 53 38 80 59 29 86 39 47 76 18 42 17 60 80 48 94 36 62 39 39 98 36 8 86 2 41 89 49 27 74 30 54 62 90 24 63 31 48 66 67 96 60 39 58 74 14 71 48 51 81 60 48 34 97 80 78 28 28 29 35 47 88 68 85 61 1 90 25 75 67 31 37 94 61 99 30 22 51 60 20 59 5 30 60 38 58 24 16 91 9 13 8 91 41 19 84 72 88 90 1 78 9 16 19 24 10 57 91 42 10 36 41 58 39 27 17 62 53 16 1 70 59 6 28 9 16 31 61
43 80 3 83 97 17 46 87 19 30 96 58 24 43 21 1 65 35 62 74 0 59 52 79 62 94 10 82 35 29 78 21 19 69 79 69 17 45 22 89 90 21 51 90 12 7 89 93 52 56 51 6 61 48 50 32 64 25 86 18 17 21 2 59 97 89 51 31 23 5 71 50 90 22 26 12 55 48 75 37 40 6 31 24 79 38 50 7 48 26 72 47 13 84 79 54 71 4 11 53 27 54 94 2 92 97 82 46 25 54 83 85 0 43 63 79 52 29 46 55 30 67 84 82 28 16 11 23 30 67 82 2 88 42 32 41 43 54 60 85 80 43 21 41 11
65 32 33 40 10 66 10 11 41 39 22 4 7 89 55 69 2 46 34 61 14 4 10 39 92 35 41 70 14 84 92 62 53 9 15 83 53 17 65 30 100 14 96 11 25 49 87 86 87 38 25 48 63 11 34 57 48 87 92 43 1 46 71 39 52 10 71 38 73 61 6 47 4 73 65 78 50 66 35 33 47 96 94 9 94 57 16 78 41 66 59 40 92 75 74 38 11 85 98 56 85 25 95 17 73 61 27 97 27 38 11 29 87 5 82 17 85 40 58 7 13 58 56 97 38 49 40 37 2 61 21 82 38 28 17 55 11 50 97 71 37 67 13 62 52
32 9 38 96 62 77 95 45 10 34 15 13 72 30 22 71 9 99 64 8 88 75 49 56 90 7 88 53 15 72 99 79 25 20 44 50 36 49 6 42 60 36 6 7 54 35 50 2 55 29 63 77 92 77 46 47 79 20 14 97 15 68 70 81 36 16 80 12 27 9 64 42 79 100 42 14 55 39 10 5 94 53 62 28 53 12 44 13 55 66 78 19 20 96 68 54 59 10 28 66 21 28 58 12 69 44 64 46 43 60 47 89 1 97 55 28 42 84 49 72 29 6 52 62 73 92 41 51 66 55 53 25 41 31 49 57 65 5 49 47 32 12 52 16 36
79 45 68 45 91 100 82 90 93 93 39 60 58 84 72 48 41 13 65 39 69 15 97 32 56 4 35 54 60 43 19 49 75 71 27 64 0 40 62 26 97 93 40 2 48 69 64 46 62 69 80 99 23 12 83 53 17 77 55 74 48 17 42 41 19 86 52 16 54 89 78 70 23 16 90 8 27 41 66 44 1 42 47 10 38 7 25 0 78 41 50 74 93 32 51 58 71 85 69 75 86 81 38 95 85 1 31 23 100 53 54 58 44 10 52 42 81 84 56 13 69 80 54 0 18 59 58 5 44 78 62 65 22 71 21 3 17 9 31 31 27 30 58 47 14
62 91 47 75 20 23 72 59 80 35 66 35 70 4 79 1 0 33 95 68 85 24 32 75 25 45 93 57 11 88 34 93 23 48 66 16 100 46 11 15 91 63 32 56 36 93 42 85 62 50 2 44 55 78 42 61 74 17 48 88 32 2 43 86 51 46 30 47 93 74 21 9 95 43 47 63 83 29 39 74 10 68 20 94 3 63 29 24 31 13 37 56 6 7 57 58 74 0 65 34 47 21 26 55 66 65 53 53 50 57 38 100 58 77 98 59 69 14 41 89 63 74 45 25 59 56 30 51 52 5 14 29 100 55 62 94 3 19 98 39 70 83 5 11 36
0 93 91 65 56 83 75 31 3 66 47 76 26 21 43 52 8 55 98 100 92 66 30 73 61 58 86 80 33 74 97 2 84 38 70 49 9 98 68 69 93 44 62 47 48 47 44 60 98 51 58 6 29 44 30 89 94 70 7 43 41 13 18 33 56 86 80 55 82 65 19 25 22 48 82 59 51 77 8 50 13 87 48 95 72 41 81 55 16 81 93 36 54 78 63 21 20 90 40 84 84 85 19 72 28 55 35 91 34 52 12 95 53 15 62 7 26 29 69 10 71 60 44 9 26 42 99 100 19 46 27 91 85 52 94 26 89 16 6 57 73 53 10 2 79
