36 24 59 55 89 88 45 46 56 95 8 32 9 17 98 82 83 89 52 17 92 40 15 1 25 11 2 7 29 71 93 85 38 0 7 14 85 34 66 23 33 9 78 98 66 28 83 4 30 97 61 18 63 94 49 54 3 85 62 8 72 36 74 27 15 39 83 44 10 71 100 43 48 31 38 67 3 35 11 42 57 63 24 16 6 3 63 33 90 94 26 23 48 36 16 31 99 6 3 62 82 77 90 7 81 67 68 16 63 68 58 6 60 72 23 84 80 3 80 44 60 44 95 46 62 16 27 70 76 7 77 9 56 14 44 30 47 30 82 78 12 52 12 87 92 59 60 65
66 4 18 69 13 51 15 16 77 3 72 58 6 82 53 55 69 94 71 23 93 59 18 48 63 61 77 2 26 42 77 89 0 33 4 25 67 63 79 50 47 17 67 83 46 6 42 0 34 67 29 10 66 53 39 96 90 0 8 74 43 6 82 34 72 58 20 73 83 65 20 3 45 45 24 74 100 42 99 51 57 51 69 92 80 23 45 68 66 10 80 46 92 82 54 56 57 33 12 72 0 20 74 73 53 45 52 90 16 54 91 3 2 78 33 6 27 40 45 3 45 76 46 84 58 53 8 0 22 52 3 3 85 38 30 86 22 55 74 46 12 20 52 49 12 45 13 59
93 59 25 82 51 3 26 100 49 60 69 36 7 23 11 2 98 39 52 53 72 99 97 2 23 37 62 59 57 81 20 60 100 63 88 59 32 49 43 34 49 43 34 79 30 81 72 59 11 97 8 64 10 30 62 53 26 49 44 16 71 72 43 83 31 57 49 29 59 27 74 48 5 83 6 23 7 32 94 97 74 12 30 81 86 90 37 2 99 40 81 72 2 57 91 64 55 57 74 48 97 40 39 91 33 0 28 98 76 28 87 68 94 4 87 44 58 100 48 5 58 19 20 89 83 98 14 76 62 92 85 21 60 26 62 82 24 26 44 80 37 89 29 66 91 26 83 71
12 55 77 82 45 61 33 96 1 81 65 27 29 94 33 66 10 8 100 48 39 53 37 64 63 83 18 25 39 90 30 25 36 13 40 32 64 78 56 50 61 11 16 64 85 79 25 89 80 75 63 43 20 55 53 72 77 55 1 97 0 83 21 76 15 2 73 92 54 3 87 88 94 11 81 53 63 6 36 82 98 43 93 26 62 88 93 24 58 32 62 91 57 39 48 56 46 8 52 51 1 35 86 41 47 33 88 1 65 79 38 34 96 41 71 38 33 77 50 83 94 49 81 81 11 14 21 52 24 89 81 36 4 3 34 32 34 71 33 32 18 17 69 18 36 32 73 27
26 56 58 76 73 56 43 51 16 81 43 60 6 39 39 48 67 33 15 75 69 12 69 91 25 41 29 69 15 78 58 94 18 25 25 40 71 71 11 87 74 32 17 79 66 68 45 78 5 55 38 46 88 32 36 89 53 11 90 37 48 100 62 63 94 29 16 96 25 85 56 78 8 32 99 82 3 38 40 83 83 45 60 52 58 20 21 70 67 24 14 42 65 61 86 39 19 26 48 17 65 51 48 77 42 71 92 94 30 40 31 77 60 37 11 55 2 70 62 36 67 80 60 33 38 98 84 31 52 73 8 0 85 5 91 56 9 52 49 16 85 50 93 67 99 83 22 1
11 63 49 54 21 65 12 45 40 77 65 84 2 84 73 29 8 67 44 33 40 46 28 99 42 76 52 9 41 45 38 87 57 10 95 0 64 18 75 41 67 97 41 40 61 73 91 31 31 79 76 82 50 15 36 17 82 76 70 76 42 43 50 3 4 3 40 91 33 20 86 5 24 77 17 66 75 86 51 82 28 53 64 45 75 57 29 17 66 36 16 62 38 87 8 29 91 36 75 27 37 34 1 74 35 58 81 20 24 56 11 85 20 43 78 3 39 47 66 94 19 17 90 1 51 35 43 51 86 58 8 10 86 1 38 6 75 16 96 13 64 28 87 14 93 19 56 11
36 65 23 34 98 32 51 11 36 86 59 100 39 27 44 2 7 46 96 41 78 45 38 93 46 77 94 94 93 64 3 72 94 96 59 85 73 58 63 11 25 96 98 0 100 14 89 20 54 40 96 44 64 46 81 97 44 53 42 84 84 74 83 19 45 31 17 68 60 27 96 41 99 92 55 21 30 67 0 3 54 27 34 9 23 59 36 80 94 20 87 20 66 85 9 36 76 56 47 10 91 0 74 52 81 39 37 45 0 25 61 16 83 5 48 48 94 100 50 88 38 99 3 27 83 12 72 96 20 71 83 72 83 33 85 55 91 83 100 38 43 32 19 42 90 9 82 55
98 100 32 70 75 44 37 69 71 0 4 98 74 77 87 72 1 58 69 32 74 79 41 36 24 76 80 28 20 96 99 72 43 100 51 38 99 95 95 16 95 87 62 5 100 54 21 63 19 23 11 38 27 15 12 20 11 18 57 21 40 37 77 38 95 52 26 71 77 3 83 31 82 25 36 43 39 47 96 17 2 7 1 45 69 62 92 69 21 14 77 60 89 11 93 79 56 13 22 28 27 16 82 60 75 3 37 64 10 6 87 9 81 95 15 93 17 43 2 0 50 47 7 18 22 88 29 82 61 84 87 7 84 30 81 76 62 91 60 66 57 3 63 9 8 22 40 47
85 75 51 31 69 77 58 99 1 74 54 29 86 85 97 96 34 96 94 9 83 99 59 23 100 49 27 1 76 67 74 58 0 58 47 94 57 51 68 14 12 75 15 32 73 100 19 10 50 69 45 95 51 78 88 55 51 58 90 73 70 25 34 50 71 22 13 25 13 90 40 92 96 71 68 2 93 86 100 38 22 2 25 59 64 2 100 99 35 75 98 35 25 89 63 90 86 66 7 96 66 55 35 58 15 20 79 46 9 15 5 73 46 34 42 86 87 33 26 11 53 67 65 19 41 79 48 95 82 28 3 28 53 79 81 61 93 26 84 60 87 83 48 94 91 47 49 31
50 51 31 83 84 66 83 78 38 18 62 47 2 12 32 57 72 73 83 57 5 3 11 87 76 18 15 16 34 39 35 64 76 80 61 31 50 49 93 47 43 88 92 72 95 40 44 64 15 56 1 0 3 25 64 29 99 37 24 40 19 19 32 30 7 75 31 89 11 38 58 42 6 46 27 50 62 99 5 22 64 91 13 54 40 55 11 75 28 31 99 3 32 14 1 100 52 58 45 85 64 79 17 78 0 77 56 61 35 20 29 69 69 17 82 43 72 2 39 41 92 0 15 45 44 0 20 100 48 77 58 50 97 16 8 65 64 38 9 74 68 99 4 81 29 65 82 13
80 24 90 55 60 98 67 44 22 26 77 100 2 12 34 0 77 76 42 30 90 100 70 86 77 96 52 84 92 5 57 26 39 31 26 4 18 76 62 41 15 22 81 4 78 14 48 68 78 22 39 40 14 9 44 2 37 50 81 15 100 87 4 16 33 66 29 34 76 41 33 23 56 42 13 59 48 86 63 30 47 84 28 7 95 57 99 90 62 73 17 78 41 35 79 15 61 26 25 1 7 5 89 34 89 7 98 19 0 6 36 97 16 87 85 34 73 2 96 82 53 78 87 80 53 43 58 7 75 60 65 69 30 35 77 19 8 60 46 24 9 41 93 34 2 99 65 31
75 83 100 79 26 52 2 97 13 17 36 15 27 0 48 19 60 96 64 73 53 9 28 34 56 66 55 19 0 68 60 40 80 43 20 40 18 32 96 33 67 44 83 60 69 13 12 91 79 54 31 86 24 98 77 27 60 77 89 18 56 4 55 20 68 99 33 87 53 9 50 82 55 19 75 25 18 57 15 76 66 24 35 45 33 56 5 50 51 78 52 48 88 92 96 4 64 30 43 14 7 61 55 65 5 1 84 12 94 37 95 11 83 31 12 65 49 78 38 30 3 44 55 45 82 62 36 78 77 57 38 41 8 4 70 80 40 89 85 49 30 30 82 54 59 89 9 92
81 61 18 48 21 68 37 98 68 79 7 51 71 61 22 22 2 4 81 82 77 53 84 42 9 58 19 65 86 22 25 48 1 7 70 23 31 75 73 32 76 81 97 46 0 61 95 60 28 77 78 49 19 7 44 57 60 85 84 87 72 70 70 60 97 56 72 96 46 4 83 61 53 10 83 73 67 60 95 66 69 69 34 25 5 92 58 4 4 78 64 94 53 98 26 24 25 59 92 89 41 91 72 62 99 35 76 14 40 39 44 66 99 89 74 12 73 6 23 12 18 8 8 48 82 99 8 57 76 8 52 13 23 85 90 13 9 23 11 15 12 37 63 62 43 65 93 32
85 78 81 51 84 55 50 26 38 28 15 95 65 86 63 91 85 68 51 68 52 69 23 23 99 81 51 59 44 32 29 62 25 85 3 80 62 94 17 92 89 98 14 45 42 28 41 62 93 31 40 22 71 78 88 95 13 42 42 6 0 55 29 24 2 43 58 15 86 84 59 64 43 74 32 25 10 59 41 11 74 12 60 52 37 18 0 49 25 7 76 65 59 43 61 68 5 71 20 21 69 36 48 12 83 81 84 47 43 6 52 45 48 0 35 10 23 87 58 52 18 5 91 41 71 50 92 85 77 22 77 27 43 91 17 9 47 49 8 99 7 33 15 21 91 9 44 55
43 8 64 53 88 45 56 82 12 16 88 96 24 34 55 39 56 26 24 77 42 67 71 20 32 6 30 66 7 83 60 54 9 28 81 33 48 32 66 7 0 95 52 70 86 65 73 66 1 32 2 32 70 27 33 32 73 4 61 46 56 52 28 74 78 22 96 38 92 31 34 78 39 16 67 30 27 41 64 29 96 89 23 25 54 58 92 93 44 26 48 45 14 69 37 63 82 45 45 67 12 82 20 23 28 59 85 37 3 46 50 65 18 93 24 99 22 64 8 35 46 87 14 88 100 32 82 56 93 23 23 99 51 65 83 90 95 4 41 36 1 1 30 21 79 14 20 28
74 68 26 43 92 3 97 54 37 91 9 51 4 96 56 47 64 80 90 82 64 67 61 47 81 95 21 72 16 28 18 7 76 50 69 76 95 24 22 24 3 99 0 64 64 42 14 62 4 63 13 23 14 54 5 94 98 66 29 10 7 18 46 49 75 60 89 34 83 88 87 50 23 19 93 32 4 46 22 26 39 66 62 31 47 53 19 20 45 6 68 69 37 34 40 18 79 33 82 40 43 47 58 61 96 94 46 29 33 0 60 38 23 60 46 59 52 80 36 19 61 59 86 65 46 91 42 44 17 48 0 55 43 12 87 60 98 37 15 65 17 81 96 35 68 51 62 81
46 81 75 87 7 89 57 77 83 23 11 10 55 36 51 28 58 28 91 77 92 61 22 79 32 81 28 10 44 2 26 37 43 18 97 46 20 31 98 58 80 92 26 38 99 38 45 41 66 56 46 3 49 92 74 9 98 20 53 33 85 52 17 21 97 61 11 57 45 77 87 39 72 71 66 16 65 83 34 33 73 13 27 78 9 32 37 55 35 78 99 99 29 46 1 87 13 93 82 83 57 12 39 64 70 14 89 37 82 75 50 4 64 63 66 92 11 40 38 3 76 6 22 68 86 85 57 77 34 92 51 2 86 69 53 2 59 61 1 78 52 55 92 5 70 79 48 76
14 68 53 54 60 51 99 100 96 56 95 35 7 38 49 13 36 42 5 47 22 49 90 43 34 88 90 16 93 51 16 94 41 28 19 40 22 61 77 55 16 71 16 46 16 20 62 50 53 26 68 84 65 90 36 53 35 60 1 31 33 8 33 61 3 57 38 77 61 5 98 1 68 43 27 88 61 23 11 93 1 49 10 77 21 5 61 7 32 77 53 27 14 19 51 16 82 95 47 73 74 10 91 83 53 81 74 48 78 51 17 10 74 5 65 26 24 93 51 77 79 74 72 73 18 95 25 49 57 72 37 19 57 33 79 80 4 28 44 38 77 21 19 12 26 73 92 78
52 60 41 23 85 22 18 85 51 70 74 74 56 58 77 2 18 74 79 49 60 13 61 69 90 31 59 10 97 17 87 86 98 36 73 42 22 79 1 73 34 40 52 93 53 48 1 46 44 24 43 73 36 25 1 51 61 63 89 92 83 17 76 91 45 47 21 96 35 77 42 84 20 14 66 91 96 13 35 57 8 24 76 79 50 7 0 38 21 53 80 9 39 20 43 30 85 18 43 21 91 68 56 9 0 17 40 87 58 18 53 73 6 46 17 41 72 97 4 100 17 65 96 40 17 53 25 36 18 26 15 88 8 26 70 85 51 26 73 2 46 17 89 64 35 33 22 3
22 48 38 31 81 100 47 36 57 70 16 34 41 31 40 100 56 88 77 56 67 35 60 74 45 71 75 64 74 31 91 51 5 59 27 59 30 56 98 83 74 58 96 86 33 8 89 25 6 84 39 42 72 67 36 75 91 73 17 26 34 20 85 99 48 79 1 63 64 21 71 89 63 50 82 36 67 36 96 11 14 81 9 7 5 62 56 6 59 89 53 73 86 65 65 46 24 55 9 77 40 77 56 8 29 55 34 15 1 9 60 31 70 96 9 72 10 46 29 19 67 32 39 63 68 70 3 48 19 41 74 38 55 50 77 80 59 77 74 16 16 62 63 3 91 84 28 92
78 69 79 13 89 2 27 88 38 60 100 43 36 48 14 7 41 94 30 18 60 39 39 31 33 72 9 33 17 93 50 63 50 43 26 78 4 60 60 74 6 18 29 4 2 72 59 65 20 28 79 60 22 73 1 97 56 14 57 85 41 92 8 38 69 69 59 69 12 11 87 36 95 86 78 72 24 0 60 82 34 75 77 57 43 24 53 76 100 54 78 99 1 15 41 54 92 93 91 60 83 15 16 85 43 84 69 60 61 25 97 17 60 55 55 55 81 56 24 11 78 11 1 89 69 28 30 56 20 24 58 17 66 75 80 31 10 30 35 35 83 9 52 0 36 37 76 42
63 33 80 9 18 84 48 97 22 87 12 83 84 50 5 50 48 89 22 42 80 69 92 74 61 23 41 96 8 87 86 87 4 16 95 23 9 51 72 9 25 51 60 24 54 76 16 56 60 49 12 19 51 22 52 92 5 38 15 28 7 98 34 96 54 92 100 3 44 16 6 68 52 30 76 85 44 6 83 83 87 77 24 62 34 71 82 12 72 31 75 94 71 72 86 40 44 28 93 15 55 86 69 57 46 89 100 78 74 37 81 90 97 93 27 47 64 38 15 71 16 69 78 83 7 38 91 87 45 99 72 57 59 27 55 91 93 47 92 80 78 22 75 15 19 61 95 27
28 12 80 61 40 8 46 74 54 54 16 90 76 46 32 3 35 26 76 65 47 91 33 0 59 99 5 41 31 65 10 44 84 13 99 9 60 33 59 8 20 28 29 1 25 1 48 67 81 5 95 79 80 84 37 89 61 69 90 63 61 100 33 95 63 71 63 97 78 31 10 91 79 36 59 32 77 26 35 85 16 97 27 44 89 28 100 60 5 35 54 12 63 41 0 33 63 58 37 72 47 30 27 53 21 98 14 68 99 29 29 10 51 99 93 56 79 30 75 81 20 44 72 33 32 99 37 47 68 86 50 38 48 29 18 56 29 66 14 76 88 100 52 57 94 96 67 22
79 87 40 73 43 31 43 97 55 7 17 49 20 78 72 22 1 63 20 56 59 16 21 89 95 74 42 84 2 44 9 36 94 64 63 78 16 62 8 74 5 32 78 82 61 41 95 84 63 83 0 38 38 78 17 55 23 69 18 21 80 3 74 73 76 28 20 56 12 78 68 52 92 45 54 74 29 91 47 29 22 67 2 53 73 39 18 100 3 9 7 75 23 94 53 73 54 29 82 98 92 10 74 36 55 57 57 4 83 85 97 55 14 6 62 13 33 8 50 24 74 74 17 76 0 70 34 87 97 60 6 67 6 38 33 72 36 98 39 56 40 71 1 50 88 66 48 74
30 71 95 23 30 54 46 39 19 51 90 50 52 85 21 14 38 16 80 60 10 66 86 13 91 2 87 35 87 56 24 82 61 53 5 40 52 54 36 46 58 54 43 60 16 33 58 33 45 90 94 93 40 54 69 20 65 97 36 76 7 78 69 2 53 27 11 72 1 46 87 79 63 74 76 54 56 23 5 72 58 1 64 57 59 68 62 47 9 88 34 20 56 96 100 22 41 12 39 62 82 97 15 0 94 93 37 87 84 45 98 70 87 14 81 16 1 64 42 25 75 12 62 43 67 37 71 31 65 4 40 43 72 31 86 46 24 45 45 19 26 19 39 79 69 53 50 64
30 59 32 36 20 27 89 86 52 5 17 2 78 1 23 98 48 87 97 2 59 46 82 57 35 62 51 48 25 42 42 55 14 87 96 53 82 46 22 61 71 14 39 21 31 20 60 31 95 97 2 50 94 2 82 2 34 94 39 26 62 15 67 69 78 62 63 6 29 72 57 11 18 55 52 60 3 22 96 75 37 20 89 40 0 47 31 54 72 0 78 66 37 29 9 14 50 14 82 60 63 38 5 72 29 82 15 85 92 73 37 16 52 19 67 51 84 96 24 78 37 82 75 75 25 39 6 28 88 63 90 31 14 35 95 33 15 31 67 33 45 51 93 67 53 68 32 62
11 35 68 75 83 44 16 26 58 13 74 56 22 53 93 6 88 36 30 100 88 30 100 85 41 57 79 36 53 71 95 85 81 53 3 62 98 21 17 50 25 76 7 40 55 17 67 41 38 65 23 13 94 96 0 1 72 3 11 26 17 44 95 7 51 23 9 66 75 59 51 89 14 81 63 2 17 57 22 45 88 78 7 72 93 53 43 31 74 19 56 3 37 69 38 97 94 67 46 76 85 16 52 37 30 28 96 53 88 2 35 81 63 35 0 34 76 49 57 14 74 59 75 83 10 39 28 36 39 50 40 83 56 33 71 26 26 50 55 61 8 98 89 21 20 71 71 36
60 32 15 82 5 94 67 74 74 8 100 2 29 97 51 20 97 34 66 51 41 31 83 3 39 91 9 93 96 12 91 13 66 46 55 95 45 61 6 67 28 25 57 31 66 3 84 17 87 59 13 29 11 3 88 22 22 56 39 40 51 22 88 16 45 52 49 63 15 22 90 22 80 58 93 1 44 75 9 21 36 98 17 100 16 40 57 90 19 21 63 31 88 56 99 18 87 55 88 20 54 68 61 36 2 17 100 37 55 5 38 79 51 59 43 74 40 35 69 81 1 21 92 13 27 1 49 80 38 57 73 87 89 94 70 74 17 61 32 59 79 48 97 94 71 11 31 2
8 27 6 94 86 38 75 0 34 66 59 57 9 4 73 54 83 82 97 6 95 80 99 43 44 72 79 28 79 70 13 53 38 8 69 68 42 38 30 41 16 69 4 54 16 72 47 24 78 91 83 42 84 20 80 10 82 19 18 11 92 75 38 96 65 63 40 30 9 61 86 58 43 52 66 56 31 11 0 52 13 75 32 78 59 74 14 98 60 46 84 59 30 100 14 44 84 17 31 94 11 13 78 44 61 28 89 88 96 33 16 54 75 51 78 34 71 84 0 13 36 95 58 39 60 53 53 15 20 15 76 83 17 63 48 43 38 30 4 19 26 11 41 92 18 19 30 96
2 90 66 100 28 32 55 59 16 72 31 4 54 86 16 31 28 45 100 14 47 96 90 35 48 35 61 76 10 32 19 88 29 34 19 53 94 17 63 6 22 83 57 53 97 89 98 61 25 58 28 47 32 89 79 10 7 44 28 80 88 57 10 46 94 29 75 78 54 93 23 87 76 80 24 77 9 12 61 40 48 47 57 43 68 23 24 10 94 94 0 84 32 41 51 81 64 73 75 71 55 36 56 1 67 85 26 8 3 13 17 12 56 89 20 96 22 49 19 61 36 47 29 18 75 88 34 53 75 28 65 41 74 96 33 69 72 75 31 97 87 18 13 6 35 45 83 72
69 36 46 35 41 90 34 95 23 28 96 55 60 26 21 16 18 92 21 71 29 15 72 38 62 47 57 7 100 12 7 38 67 73 31 60 34 44 55 78 20 45 8 34 94 26 25 21 71 47 89 56 99 18 23 0 81 87 36 79 80 74 53 60 49 64 17 68 61 4 34 95 57 23 85 29 75 57 70 41 76 23 8 62 76 82 25 21 91 87 35 76 38 16 75 73 56 48 31 1 53 41 18 100 4 42 38 55 5 38 13 66 56 71 73 50 36 74 65 42 72 3 12 7 98 94 68 6 40 73 4 15 59 2 41 68 63 95 97 31 40 2 11 12 14 2 43 26
44 80 17 12 92 27 62 15 84 74 65 4 22 94 72 76 4 83 97 39 58 76 69 34 26 46 72 91 18 67 67 61 95 94 24 32 19 60 16 81 43 57 62 62 35 40 5 28 66 52 99 81 84 93 27 87 84 87 19 39 35 25 19 87 98 25 29 78 34 18 71 67 64 23 32 65 84 80 64 92 26 96 95 50 86 28 51 34 43 46 55 81 43 12 89 77 0 82 99 65 62 25 31 51 88 34 94 6 3 53 23 92 42 51 2 6 57 48 9 31 97 56 43 4 29 57 57 99 92 20 68 9 96 5 49 8 38 52 70 91 43 30 20 49 56 84 23 60
38 52 57 31 81 71 20 31 42 66 74 55 72 40 91 80 51 38 86 54 3 57 70 29 58 81 8 96 24 11 75 51 99 70 91 2 94 85 86 0 63 52 24 23 63 7 24 49 8 47 98 0 50 11 42 67 88 65 0 93 0 79 33 81 71 13 6 62 61 92 0 57 30 24 99 28 31 77 77 44 58 62 70 92 92 8 44 90 76 51 12 57 14 29 65 73 82 20 89 76 45 31 77 39 53 3 79 43 92 32 45 84 39 70 42 89 99 48 8 13 0 48 32 47 83 25 92 66 80 72 21 77 89 3 9 42 61 56 7 79 56 79 27 1 14 22 96 59
81 97 43 93 1 64 100 79 68 17 31 38 51 75 63 41 21 91 72 37 30 27 11 94 92 43 53 61 37 66 96 38 99 85 94 16 34 10 80 61 16 91 99 72 70 87 87 63 37 77 91 97 67 39 90 36 82 15 65 62 61 35 45 20 49 1 99 44 65 12 63 85 68 66 84 81 74 78 99 30 0 82 58 36 91 16 1 86 21 3 9 67 12 5 51 26 33 63 55 83 99 18 86 26 94 64 81 47 38 68 100 97 3 10 5 27 99 1 73 35 9 85 3 34 72 56 69 49 77 1 38 25 15 72 63 30 59 98 8 32 17 12 83 61 30 30 38 49
9 28 79 54 14 43 7 67 12 44 43 50 79 18 6 37 88 53 62 87 81 11 69 93 58 38 63 11 9 83 56 72 42 65 64 39 59 63 23 98 50 27 63 33 54 52 25 87 3 75 18 31 5 77 88 6 62 34 43 12 99 76 89 84 10 52 73 2 44 86 0 80 0 6 46 62 16 59 76 73 80 26 74 99 7 3 78 37 50 59 98 11 86 57 22 85 100 40 34 7 76 39 72 57 80 16 2 41 37 95 40 36 22 18 75 89 0 61 61 99 87 92 1 75 22 60 83 87 37 52 12 62 97 25 47 97 88 32 3 62 61 53 41 73 5 23 61 16
62 98 58 49 18 25 92 99 47 7 41 34 98 84 22 12 47 93 42 100 83 87 75 19 4 11 58 65 81 2 3 81 48 24 45 84 58 65 19 60 55 72 24 63 98 80 21 39 99 55 92 30 5 39 53 23 51 24 26 100 24 16 47 53 70 0 86 59 54 51 37 89 47 22 41 29 52 45 3 7 94 40 32 97 2 72 49 68 48 34 86 57 38 72 19 54 73 67 76 39 58 94 3 68 42 7 56 47 20 70 87 64 64 69 0 77 69 76 71 0 71 16 59 87 20 22 47 99 82 72 89 19 69 59 54 5 5 26 48 66 39 58 70 58 84 69 42 22
81 100 83 43 13 13 13 65 49 7 4 18 45 19 51 94 10 68 76 76 66 82 5 35 47 61 88 69 99 24 0 47 35 89 4 6 22 70 51 23 72 81 27 82 2 24 39 70 63 4 3 29 79 51 43 79 31 51 30 53 3 79 78 95 14 7 31 84 6 5 48 25 91 26 19 5 15 13 75 43 91 6 94 30 45 8 35 16 89 12 7 98 82 50 82 23 60 58 82 87 52 77 91 56 19 84 47 22 100 75 75 28 41 17 77 18 72 44 92 23 60 88 67 19 67 59 91 33 23 82 25 45 70 84 8 14 53 9 80 44 76 66 73 83 22 21 66 1
78 43 54 47 33 39 45 87 30 53 58 82 49 14 27 100 37 59 92 6 54 7 19 36 17 48 27 57 5 29 68 11 91 96 59 2 58 52 84 57 21 64 12 36 74 51 7 95 87 25 59 46 96 20 71 86 41 83 42 74 49 46 47 19 59 33 42 46 41 39 38 85 60 61 16 66 23 56 17 75 26 24 8 93 83 71 29 51 99 95 75 40 75 37 23 15 78 43 11 89 58 35 16 38 9 90 2 26 27 83 8 33 28 80 56 39 10 63 80 13 93 98 90 88 72 48 23 35 70 43 31 83 96 43 100 46 98 41 41 54 66 69 3 99 58 86 78 34
4 70 20 8 28 19 79 14 37 24 43 17 51 0 67 65 51 19 46 36 22 28 12 97 70 46 76 53 92 9 25 27 91 37 15 67 99 14 46 51 80 51 91 33 75 61 100 40 39 67 75 40 14 3 68 49 100 3 22 8 83 28 14 87 98 33 48 53 14 65 0 28 58 26 9 79 6 14 44 44 75 23 54 29 74 38 39 28 31 2 59 99 1 58 57 51 56 66 51 60 89 50 84 44 47 11 38 18 40 2 7 62 83 47 78 2 75 97 90 58 41 58 13 95 24 24 16 70 99 73 31 21 80 30 59 60 21 20 42 28 16 25 69 100 35 97 2 17
63 71 80 81 64 69 44 54 62 45 50 11 22 49 82 57 75 29 19 54 37 70 19 100 45 98 89 84 61 53 47 56 29 86 75 26 52 76 19 95 55 100 71 56 59 34 27 49 78 71 16 24 42 79 80 99 78 63 86 65 31 99 68 92 85 70 72 39 61 38 95 30 77 70 30 64 57 79 86 36 59 36 69 96 94 87 42 58 89 5 10 22 41 4 57 2 89 75 26 93 23 16 34 55 99 84 75 76 35 10 26 6 97 19 89 99 42 58 76 64 8 65 16 29 56 85 8 58 97 54 44 5 80 0 29 64 41 80 82 16 30 60 44 96 77 82 49 25
70 94 31 82 57 80 90 60 46 93 67 45 60 14 37 10 97 28 9 85 91 36 17 85 48 98 13 88 2 23 59 36 55 81 19 41 81 0 70 68 76 60 39 38 38 85 25 92 45 7 76 41 67 14 91 83 67 4 22 21 96 17 36 53 56 12 68 79 56 3 8 91 89 39 63 16 21 1 85 47 100 6 59 57 26 29 29 25 95 84 46 17 89 8 35 0 77 61 8 26 11 45 70 20 55 75 73 1 36 34 74 11 78 37 37 34 29 64 2 99 56 27 55 86 69 27 19 82 96 67 79 24 63 29 11 18 33 72 21 35 62 68 23 26 1 79 25 63
60 48 24 57 6 65 46 81 93 1 61 68 46 1 76 96 87 47 70 2 9 20 86 13 78 52 79 28 54 4 28 68 14 14 31 42 49 71 40 83 93 3 51 62 55 11 87 87 87 66 85 84 41 28 52 74 57 89 89 61 46 89 22 90 47 34 31 18 2 4 45 97 25 84 46 92 69 68 26 8 47 81 66 16 62 73 70 59 10 73 29 42 73 85 72 94 5 70 57 36 90 6 45 0 31 0 40 57 87 61 36 2 47 10 87 8 58 78 55 93 26 18 55 38 27 62 61 88 65 46 13 40 64 57 33 91 32 79 38 33 57 45 87 67 35 11 98 99
46 22 89 47 27 90 15 64 7 96 3 76 89 72 32 48 16 58 63 31 34 53 20 62 4 87 43 94 66 74 5 86 76 52 93 78 33 52 97 84 35 9 15 62 40 32 97 35 77 51 84 17 83 69 99 50 19 100 8 100 0 0 29 70 54 4 91 60 11 94 0 94 82 42 88 50 46 6 45 12 73 45 92 75 64 54 62 65 80 70 96 41 16 73 14 60 39 25 32 87 58 83 59 91 36 59 40 54 54 13 98 60 47 94 10 17 13 32 95 56 71 62 63 83 49 98 65 48 98 50 72 10 22 13 61 20 0 0 48 44 48 74 2 6 91 91 90 95
81 72 32 25 91 59 9 80 53 31 24 45 90 2 63 24 22 13 11 37 93 4 87 85 28 81 20 27 34 91 8 83 39 26 70 37 99 2 68 78 64 61 73 62 48 24 79 94 89 60 10 5 19 82 98 34 34 26 48 90 47 56 93 24 74 95 7 11 81 82 100 6 86 86 55 84 15 77 79 44 90 82 17 100 33 100 12 4 40 66 77 40 5 86 42 28 9 24 29 23 58 43 76 28 49 3 27 38 65 55 63 98 85 0 41 31 40 79 58 6 2 75 44 77 61 54 45 5 53 18 68 34 25 82 91 2 13 27 33 64 85 68 92 11 49 58 8 67
36 99 96 87 4 25 66 74 75 86 91 10 47 98 94 4 62 77 87 98 99 8 87 0 26 13 22 29 98 11 41 58 32 49 10 4 25 2 77 31 93 97 79 44 86 90 19 26 84 67 97 51 93 29 77 83 7 67 32 76 69 74 83 45 85 75 4 61 75 83 28 29 96 59 92 46 95 70 22 0 46 35 76 64 77 61 82 33 93 59 78 12 43 15 73 49 89 6 25 59 83 72 38 30 98 1 10 6 91 53 32 29 5 89 2 24 26 19 73 51 0 75 62 47 33 41 30 99 90 62 56 97 51 23 73 7 80 69 70 31 95 36 22 88 89 25 7 70
35 59 0 69 74 93 99 55 73 20 2 85 54 100 16 76 50 32 84 74 24 14 16 40 82 35 71 41 62 14 21 60 73 31 52 69 66 32 35 79 69 85 55 74 49 66 29 76 83 87 5 22 24 67 87 51 22 77 40 48 90 24 96 22 99 0 82 67 20 69 63 42 90 21 80 15 25 79 89 28 95 6 4 18 27 1 5 38 11 19 46 42 45 95 59 88 76 29 87 3 41 32 79 30 53 64 18 9 5 57 50 50 25 68 12 33 62 64 83 12 31 99 82 1 65 89 21 99 90 9 11 6 89 19 62 13 17 91 22 24 5 56 85 100 95 1 21 60
97 62 39 19 6 53 64 23 26 31 91 67 75 3 98 46 65 42 94 27 88 74 87 48 90 20 56 82 73 2 31 83 81 67 57 50 5 30 34 6 11 84 99 81 61 59 73 3 40 48 83 1 26 13 64 89 16 16 49 19 55 49 66 85 33 43 26 37 16 3 29 15 28 96 11 6 39 28 54 18 2 26 19 83 71 63 70 97 75 85 54 87 27 73 45 9 91 31 17 59 82 50 30 60 60 64 54 90 8 30 67 79 27 4 60 34 8 69 40 7 23 18 95 14 95 84 3 86 14 0 77 39 11 58 44 59 54 69 82 39 67 83 71 95 70 91 25 73
73 67 97 36 43 99 49 100 28 35 96 3 4 8 17 89 41 48 39 73 100 83 31 86 71 17 64 23 65 51 80 7 90 58 92 25 74 79 73 80 78 17 57 40 14 23 60 63 88 97 97 100 56 45 84 20 5 1 76 0 26 30 97 77 68 13 68 28 59 59 1 29 91 91 53 12 47 0 4 90 92 32 35 82 15 90 13 61 76 23 100 11 88 17 48 92 12 54 20 81 59 72 92 7 4 45 4 83 80 16 96 57 24 0 5 34 11 31 24 78 99 96 96 24 4 51 94 52 40 47 50 79 82 63 72 58 32 44 97 77 60 72 46 70 89 52 27 85
33 4 86 92 9 97 99 1 69 69 40 42 73 53 61 18 61 61 74 1 19 16 83 52 49 12 55 16 65 70 73 63 22 22 57 17 91 94 97 77 65 98 9 79 49 15 9 37 99 91 36 25 67 93 30 21 15 93 19 33 74 7 30 98 23 14 100 79 21 77 12 60 68 60 22 98 60 38 73 79 15 4 49 57 52 78 28 46 85 86 8 55 47 33 6 70 38 17 44 58 8 76 64 20 53 14 67 75 75 96 72 94 68 43 81 56 36 22 100 66 55 22 67 82 59 91 81 61 21 94 82 68 3 50 59 58 32 86 81 28 34 7 38 95 76 45 57 78
10 12 76 93 37 36 76 27 62 80 94 28 76 24 57 65 2 60 80 55 96 33 41 27 53 2 61 48 89 36 67 67 37 63 33 29 85 31 73 4 0 44 99 23 37 70 68 42 81 39 80 67 3 81 90 1 97 15 53 7 73 45 56 65 69 58 2 68 79 21 100 48 74 80 53 93 17 9 20 33 74 33 23 89 7 88 9 40 100 90 71 54 60 84 66 39 34 79 73 53 22 33 0 90 36 24 88 61 100 71 82 88 80 6 47 14 70 24 70 82 7 37 64 31 41 96 65 97 17 98 20 47 86 51 74 20 22 89 88 27 32 59 33 15 45 33 67 87
33 14 1 99 53 24 50 28 1 75 30 22 47 36 15 15 100 33 69 73 22 1 25 25 90 60 70 40 22 81 9 30 51 16 12 79 73 99 18 29 82 48 72 15 22 58 3 30 36 0 84 75 9 82 89 14 85 16 11 76 79 60 63 58 39 48 40 42 52 90 7 28 3 60 29 34 89 58 2 51 72 63 11 2 25 18 18 67 27 14 81 53 50 57 61 47 81 25 1 45 47 29 50 4 23 76 87 33 57 12 18 4 0 66 10 83 17 60 77 84 44 73 34 48 40 28 44 81 49 100 13 40 16 71 90 22 13 100 93 26 85 55 83 53 16 86 79 46
46 10 34 37 19 18 100 72 23 76 68 9 96 63 3 61 8 41 54 2 100 76 27 20 0 62 13 95 27 49 85 58 14 24 81 74 19 79 13 46 16 8 99 83 85 40 56 95 82 26 4 59 92 14 23 19 10 45 30 38 29 93 63 48 76 6 23 29 87 54 24 47 2 74 45 91 92 69 68 31 75 81 10 18 97 74 27 87 54 90 38 68 11 55 37 87 55 82 77 44 68 86 27 87 97 74 73 73 23 92 74 7 100 35 20 8 66 96 72 85 4 71 20 40 88 39 64 50 66 5 58 89 46 53 59 85 57 84 23 58 56 78 92 29 16 98 82 92
73 78 15 38 63 77 69 66 73 18 90 55 22 19 22 26 9 46 79 69 35 62 45 67 88 92 15 32 85 64 99 39 82 81 25 74 82 32 25 43 72 29 0 8 55 67 14 67 18 91 24 8 45 95 70 4 72 72 14 79 64 35 25 11 79 35 5 42 43 21 68 84 62 79 6 21 72 14 98 77 61 29 74 0 12 34 72 51 8 1 73 7 14 25 3 3 68 61 88 26 46 85 94 88 47 60 65 56 40 8 6 50 15 25 10 67 20 48 6 21 70 65 33 76 52 73 0 56 80 30 4 28 80 38 14 22 47 14 5 40 13 25 2 42 67 97 83 1
50 82 7 25 48 96 77 4 8 85 33 100 80 35 87 97 65 25 86 39 18 21 92 3 71 53 54 57 13 81 36 52 53 73 48 43 9 49 54 6 78 100 20 80 96 28 85 42 77 74 57 4 60 67 18 39 11 95 83 57 48 79 75 9 69 54 67 88 22 52 96 2 52 55 46 36 89 60 28 14 87 81 49 96 27 73 39 97 42 2 89 60 13 65 65 94 82 45 98 1 69 77 57 56 17 79 18 40 11 16 73 33 20 31 29 41 98 23 39 6 38 32 72 47 69 46 82 3 73 69 85 46 28 62 100 24 92 83 33 68 73 36 43 8 47 67 49 98
44 41 47 67 27 36 54 51 25 11 76 0 96 71 75 7 86 7 83 18 7 11 15 42 83 55 28 80 25 79 40 58 49 11 16 66 30 49 51 61 22 44 86 69 37 70 22 97 77 0 95 40 23 100 61 75 81 99 0 61 23 2 56 83 93 8 1 89 76 53 91 90 14 16 19 28 74 75 33 88 78 25 71 22 57 71 10 36 62 56 58 23 39 52 38 5 17 52 12 4 35 29 33 9 14 6 42 80 89 12 52 70 66 63 99 34 38 62 57 7 58 73 27 64 50 99 9 43 71 57 15 95 95 100 80 62 40 39 17 91 24 89 25 76 33 70 74 35
63 36 17 40 88 87 68 55 19 42 83 10 51 30 83 27 22 93 29 38 96 25 52 24 63 44 46 72 43 38 17 47 31 59 29 49 77 8 46 83 18 18 76 7 14 92 35 14 46 83 35 60 73 50 47 45 74 38 43 45 50 36 67 30 81 27 10 62 52 100 56 80 22 96 61 46 96 42 35 71 25 18 6 79 4 73 78 99 4 76 64 87 86 33 39 88 43 48 90 3 34 32 55 28 38 59 34 23 6 36 70 7 16 2 29 96 65 63 22 26 0 94 47 53 48 57 28 77 20 95 92 45 61 62 90 91 78 43 84 79 68 91 9 26 26 21 5 67
48 86 97 3 98 10 48 6 95 40 4 33 51 41 25 32 57 83 96 56 82 33 53 37 60 96 81 24 37 7 90 16 53 49 72 93 12 38 58 55 55 52 77 53 35 52 23 81 89 55 92 62 22 58 81 27 79 18 56 83 23 49 33 21 79 36 70 90 87 37 4 43 17 22 67 72 98 13 58 50 64 77 36 80 60 61 6 17 43 69 14 39 84 6 93 80 71 48 29 32 59 49 44 3 32 32 75 29 4 91 47 21 34 24 1 19 84 70 73 46 32 18 47 93 86 96 24 51 48 98 93 36 92 98 16 98 67 95 64 92 5 57 83 65 73 18 62 97
13 74 15 6 42 79 41 85 23 46 33 28 10 91 97 6 54 11 0 48 76 16 81 71 58 49 49 45 90 40 26 100 44 46 94 32 63 42 100 72 94 27 63 70 86 70 77 51 49 70 51 96 71 37 22 53 40 50 68 63 85 74 10 75 80 76 57 21 83 82 20 27 61 56 19 55 11 27 67 99 59 86 78 63 18 68 16 87 19 85 5 1 0 79 7 21 0 58 22 42 29 81 72 44 46 72 90 92 39 74 14 7 24 92 68 86 97 28 19 26 36 29 49 89 1 86 46 46 93 89 80 92 77 32 92 57 0 10 79 12 63 3 97 13 99 65 65 14
76 11 94 11 8 46 91 42 55 27 86 29 42 92 10 88 12 6 41 35 78 43 99 3 92 76 18 26 10 0 64 12 69 61 96 14 91 4 43 35 8 80 99 57 13 65 74 55 52 12 70 75 63 8 27 0 95 5 24 43 99 27 99 56 99 49 73 14 26 31 39 66 30 96 0 89 60 6 6 12 45 29 15 89 64 52 94 100 92 0 20 47 85 96 94 17 96 65 10 89 57 78 22 57 37 25 45 28 10 31 11 16 91 87 43 99 23 76 34 5 43 9 53 36 31 27 97 14 89 47 31 11 35 28 1 25 62 38 11 78 82 44 0 50 83 28 9 23
99 69 48 63 63 80 28 38 59 61 8 19 88 41 46 82 52 23 98 4 10 70 0 98 8 71 86 38 52 75 86 38 48 49 24 1 92 34 13 86 17 98 85 52 82 56 7 16 92 24 70 50 44 54 24 40 62 4 63 3 94 100 83 45 12 16 20 72 15 76 59 41 14 72 79 12 47 50 58 8 19 8 9 73 11 55 69 12 49 88 26 20 80 47 30 14 69 46 10 56 70 66 21 28 67 26 26 29 15 54 79 72 71 78 16 58 93 53 97 72 65 73 56 54 61 27 81 68 20 72 100 43 57 59 76 59 85 51 63 12 67 75 69 99 76 79 16 10
13 63 3 86 98 59 3 74 20 11 4 94 75 8 85 58 28 75 16 29 33 2 55 16 89 85 0 83 75 87 7 48 4 70 13 85 24 33 0 34 25 5 84 82 12 27 11 50 87 48 97 0 50 89 62 39 61 19 87 14 35 85 37 29 82 88 5 69 100 13 66 87 47 22 12 68 63 27 16 2 52 54 47 92 83 100 39 2 42 22 4 90 50 95 95 85 77 90 46 44 71 10 66 32 23 93 8 66 0 22 64 63 68 35 87 31 8 13 3 73 9 89 62 29 9 16 66 94 84 78 69 88 13 76 59 69 62 31 37 45 10 90 38 49 25 51 58 37
20 54 59 12 50 65 75 87 50 27 8 83 11 76 35 29 57 43 76 52 37 11 24 43 85 15 47 39 35 7 49 14 41 85 96 72 11 97 0 7 90 52 88 43 42 6 20 59 28 63 87 10 17 19 58 61 10 30 6 17 100 90 31 44 28 44 24 90 37 37 41 60 22 87 46 44 86 13 6 94 44 86 33 9 89 5 83 18 84 61 55 33 99 23 13 28 76 43 52 21 87 43 30 72 34 14 36 43 47 22 5 96 63 88 87 68 38 58 21 56 7 88 93 72 68 12 94 11 46 42 52 53 22 32 52 65 95 70 34 71 58 87 6 47 32 16 17 45
14 6 27 73 5 56 41 46 30 61 92 82 97 47 42 92 26 18 89 43 50 16 25 49 58 37 47 55 62 80 67 24 9 13 95 27 92 88 89 26 83 2 23 93 77 40 70 23 90 97 19 57 77 1 4 85 71 87 90 54 76 49 97 39 35 73 100 72 51 92 87 95 53 54 64 82 78 27 87 87 81 11 20 14 100 53 58 96 69 88 61 68 32 96 86 89 8 5 24 93 85 38 50 60 69 70 28 22 32 84 97 41 71 33 75 49 59 54 53 5 97 75 28 0 21 58 0 56 39 57 78 83 73 34 64 65 61 20 61 88 11 6 9 5 24 4 100 33
75 100 4 58 18 59 3 10 81 78 12 20 31 54 63 88 57 22 93 65 65 80 21 10 45 16 26 34 15 84 90 97 92 61 4 15 55 86 30 84 78 22 95 48 3 64 16 96 16 85 59 29 64 87 94 41 90 81 5 85 58 7 96 35 71 96 59 6 89 89 3 3 43 30 39 67 85 79 63 8 79 62 38 10 27 30 97 93 86 2 29 12 59 92 18 32 26 31 61 2 68 64 78 16 97 14 94 23 47 14 7 90 59 4 36 35 65 41 46 56 73 47 5 90 81 35 37 63 65 47 24 65 25 70 77 25 12 39 68 98 33 67 38 80 94 19 80 87
53 74 30 85 51 29 97 82 24 70 21 78 48 14 55 13 71 15 26 64 51 83 8 48 6 97 15 43 100 41 47 69 17 29 81 52 71 44 53 50 85 81 72 52 100 100 97 28 3 25 7 11 83 92 35 36 91 80 24 66 64 26 77 40 58 20 79 0 59 80 81 60 91 86 34 98 32 98 82 99 85 68 45 99 23 57 60 26 61 34 43 53 22 94 99 84 9 27 15 29 81 45 87 41 42 64 94 48 56 47 76 97 30 48 27 49 64 8 83 96 96 39 80 65 80 39 7 13 50 72 99 85 69 99 47 63 45 97 26 71 9 46 89 29 12 73 59 7
99 10 94 40 90 10 24 8 58 20 25 78 56 82 96 29 58 9 8 69 34 6 86 43 55 89 13 38 55 24 15 80 76 2 43 30 39 56 2 10 86 44 15 55 34 60 43 13 76 13 96 41 65 31 37 92 38 21 91 92 45 36 48 19 80 30 87 62 85 30 63 27 99 20 77 98 9 98 86 10 74 45 16 96 46 31 77 40 53 17 86 3 40 14 68 27 18 24 42 39 4 18 0 37 66 26 58 78 65 53 85 6 8 52 71 34 11 79 98 89 26 66 57 51 25 47 98 71 80 32 88 52 59 41 10 70 33 5 27 63 82 36 69 65 14 75 87 36
31 90 87 17 7 13 64 89 77 3 43 69 94 53 37 91 85 41 38 71 83 76 12 17 87 65 16 3 32 95 24 87 33 14 42 4 53 51 16 53 5 57 44 36 87 14 5 100 69 57 75 56 41 50 57 96 1 25 80 56 28 6 29 2 60 90 23 28 51 82 4 98 59 52 90 36 67 75 46 52 20 45 66 28 57 73 26 86 15 79 92 27 46 16 37 36 80 76 21 4 73 60 60 72 86 32 55 56 97 86 89 8 85 50 13 88 69 63 55 99 70 76 66 36 35 23 50 68 64 38 39 39 89 25 36 89 31 53 14 94 32 90 94 10 52 58 55 16
12 92 0 41 59 37 28 68 40 33 60 40 61 54 73 92 7 19 81 38 94 86 14 0 70 47 10 65 5 69 28 100 19 63 50 84 62 31 56 81 64 99 62 79 3 84 86 14 84 65 7 69 19 13 63 46 59 85 94 3 7 9 80 9 1 57 44 38 3 53 12 30 6 31 62 65 38 47 86 92 25 29 68 85 27 29 60 31 7 23 81 79 17 39 90 63 86 16 72 92 16 17 34 3 51 9 59 96 30 84 63 35 33 1 82 41 66 47 96 98 25 79 88 55 41 19 86 92 51 50 72 51 21 70 80 7 99 83 51 36 60 8 47 85 10 96 61 22
91 31 61 69 85 18 7 68 34 9 6 46 38 91 82 61 80 57 88 65 1 42 44 53 26 35 73 99 85 19 22 64 9 16 41 67 98 80 32 73 20 60 32 33 29 33 81 0 12 29 90 20 82 94 0 12 5 62 42 71 24 34 32 4 73 54 24 80 82 75 1 46 40 87 100 51 65 38 48 47 97 93 36 67 58 22 62 89 27 59 87 62 63 2 88 62 32 40 3 34 26 24 13 2 5 92 67 13 36 86 80 74 14 37 38 34 100 39 24 62 37 12 24 20 43 41 69 9 22 14 84 43 18 49 41 21 8 61 25 21 2 79 47 26 49 72 61 13
86 35 60 24 47 97 15 7 60 56 10 44 48 7 21 88 25 92 85 48 19 95 47 58 32 24 42 60 77 78 39 44 75 36 2 72 57 14 84 88 63 1 32 17 94 65 85 95 74 17 24 55 12 40 62 6 97 10 86 48 46 87 0 48 97 80 34 84 26 96 63 14 26 13 62 3 88 15 92 42 77 18 9 72 36 19 32 12 50 71 63 64 65 10 19 84 93 59 40 26 10 42 90 48 50 60 66 36 82 50 9 8 24 16 8 3 98 31 98 44 74 84 76 86 7 51 14 46 29 81 55 13 50 12 89 15 60 28 90 40 71 0 83 52 92 3 58 57
63 11 78 54 64 15 16 89 97 17 60 81 26 49 33 69 8 58 97 51 67 44 24 1 68 0 86 42 61 35 61 66 76 37 25 36 89 40 32 21 55 100 24 79 31 78 97 70 12 89 45 5 86 48 50 23 34 35 85 44 77 6 21 15 83 14 21 53 18 43 89 42 80 75 55 4 79 39 92 49 39 37 65 84 29 80 96 39 86 54 50 49 5 76 64 22 94 77 21 20 99 4 18 45 61 23 35 93 40 55 36 96 53 89 68 44 26 45 56 33 36 80 18 15 73 75 47 32 46 26 41 17 70 81 59 44 99 74 75 50 41 9 53 87 19 53 60 20
97 55 37 70 98 55 73 84 82 9 84 40 1 15 46 13 60 20 86 63 79 80 72 64 58 79 98 27 18 57 21 87 59 50 61 0 3 43 34 50 42 79 88 84 92 100 43 98 41 68 59 15 57 29 28 79 76 70 73 71 10 42 59 87 55 71 19 19 77 1 28 42 62 6 20 0 3 8 6 94 83 75 58 19 22 32 82 26 58 7 30 0 89 82 87 79 50 82 55 2 17 44 70 51 40 79 34 35 83 86 42 2 60 12 55 71 52 25 25 36 50 38 65 53 34 11 4 93 34 98 87 46 32 19 43 1 53 70 16 1 14 18 54 6 41 98 46 74
4 94 31 78 7 80 77 12 9 62 87 92 47 68 77 72 95 18 11 44 49 60 4 45 34 90 55 91 27 58 27 9 20 80 69 16 41 100 99 60 8 65 94 56 64 27 44 68 82 50 96 92 93 45 72 8 17 36 36 77 87 63 58 41 93 72 80 78 31 80 88 5 34 24 43 76 30 24 10 37 29 79 52 63 59 12 92 91 81 49 6 63 85 92 34 86 85 37 39 5 59 39 71 17 15 13 65 62 89 65 82 2 76 27 7 39 68 40 54 41 86 54 46 22 96 30 18 78 55 2 89 81 42 42 67 40 32 11 90 26 7 78 57 70 7 15 16 65
24 22 13 49 31 74 78 52 66 50 51 24 7 52 12 79 83 74 6 76 44 47 5 38 69 26 63 8 39 83 50 80 24 61 47 25 45 92 76 42 98 7 33 67 32 37 99 36 34 69 44 0 31 67 45 24 77 69 60 59 7 24 10 30 19 45 95 15 93 10 46 95 40 47 85 8 78 62 46 51 2 62 93 2 85 93 32 82 22 48 23 78 20 74 18 80 27 51 74 41 77 69 89 41 29 86 87 4 88 58 9 10 61 22 38 96 92 15 66 90 25 50 50 43 18 5 97 14 0 91 66 57 49 50 9 100 24 77 26 50 33 89 68 8 32 92 32 82
56 94 63 12 21 38 27 42 40 42 64 88 66 33 11 71 2 33 19 91 1 68 26 3 55 22 20 49 29 76 25 2 34 9 15 52 22 20 36 9 33 59 1 94 28 68 80 27 96 87 20 8 93 89 57 7 54 1 0 88 38 28 99 69 13 15 81 25 41 57 35 87 46 70 5 74 75 30 41 58 87 14 24 54 79 95 1 72 83 96 3 76 32 72 59 0 48 49 38 99 15 89 84 1 8 30 4 8 0 93 91 100 17 43 60 35 58 11 0 30 53 72 46 52 13 68 7 64 55 71 78 17 25 19 93 32 53 47 1 79 2 69 45 91 60 52 47 68
64 44 70 97 66 43 49 67 79 90 52 60 28 39 41 4 8 9 80 93 21 98 66 99 65 67 85 19 80 64 77 66 8 37 76 76 33 41 25 77 14 63 98 91 81 54 82 36 84 0 25 53 18 89 76 95 68 39 8 64 34 13 20 48 3 95 23 22 20 19 10 73 13 10 58 2 59 38 65 92 52 80 67 81 70 10 17 74 66 78 41 26 58 34 61 33 11 70 29 0 64 61 100 5 35 3 99 85 96 51 4 28 90 9 43 19 98 40 30 80 95 65 85 80 12 50 34 83 41 49 43 33 86 67 72 39 61 7 8 45 25 85 16 80 95 67 63 65
84 94 81 56 78 3 5 11 86 38 18 98 25 41 64 6 54 34 98 81 34 63 61 33 74 37 43 36 63 25 11 64 20 87 13 15 14 35 98 75 8 51 4 54 55 30 65 36 62 67 32 13 20 70 96 31 49 80 80 52 62 11 96 91 8 14 57 56 90 61 76 21 93 92 43 54 28 36 19 63 22 56 36 41 38 57 14 100 48 28 54 35 53 100 20 33 97 16 30 9 97 21 89 0 55 70 79 11 98 27 74 33 83 97 59 6 37 4 17 87 18 42 94 99 61 26 11 23 37 37 56 38 84 61 37 80 99 12 81 59 58 50 55 9 5 73 75 92
62 52 79 29 76 88 10 89 52 54 60 53 69 8 99 6 50 31 5 91 57 5 39 98 1 22 86 41 11 45 23 41 1 17 38 49 79 6 79 20 39 29 54 84 93 12 0 74 34 70 69 45 86 0 80 10 74 52 37 42 15 97 51 43 85 58 74 74 30 86 17 87 23 19 72 54 82 99 46 3 61 31 52 18 53 0 95 0 47 19 68 77 100 63 95 76 5 4 0 61 66 90 59 60 37 50 42 11 97 19 50 43 45 32 93 44 4 10 59 94 28 17 98 81 2 34 24 95 56 98 58 39 32 26 88 44 91 46 27 66 0 45 53 64 89 46 57 78
56 22 28 62 85 34 36 53 12 13 61 15 3 47 85 1 87 59 3 68 3 6 89 67 12 78 87 54 17 74 72 17 56 44 25 92 48 100 14 49 90 1 54 91 59 10 82 21 48 23 42 57 94 23 71 38 51 33 13 60 1 72 29 28 84 24 11 8 48 66 35 82 15 45 0 69 88 55 6 3 35 1 89 48 5 8 52 83 99 29 0 50 59 9 69 97 24 79 29 73 56 4 2 20 79 27 15 46 63 6 58 9 8 37 81 20 88 24 18 3 65 92 86 23 39 92 1 9 43 42 17 13 17 12 43 2 44 83 63 91 99 99 35 13 5 97 84 25
47 3 95 84 43 18 37 23 94 31 35 10 54 16 9 95 32 19 49 15 72 77 43 3 44 56 3 74 10 77 38 76 57 22 27 51 16 34 70 98 89 66 48 50 38 66 36 85 40 64 57 19 11 18 3 69 61 84 81 6 50 8 29 31 83 77 84 22 25 7 84 52 68 7 38 7 27 4 99 29 20 61 56 84 81 25 98 64 83 29 70 6 62 62 20 78 68 25 70 88 60 39 70 77 40 5 56 100 75 27 91 52 98 69 34 7 59 78 84 59 34 8 37 6 61 99 16 83 46 15 76 1 96 56 18 93 45 97 33 81 66 59 100 16 83 78 45 13
78 80 58 80 55 47 10 1 25 31 16 47 3 78 30 75 72 72 53 78 19 41 61 84 50 89 56 8 85 87 6 55 88 79 95 64 83 46 98 59 51 72 9 10 81 96 8 59 61 55 58 50 46 86 62 93 64 0 85 70 91 99 23 69 22 31 6 34 5 51 60 91 94 91 5 16 42 65 49 16 13 40 56 21 46 89 14 79 4 56 23 99 87 72 47 17 55 76 40 92 86 16 20 61 63 17 18 65 18 95 30 29 67 55 32 47 22 66 87 17 2 99 35 59 68 80 86 6 82 52 11 95 24 90 87 8 80 83 34 41 60 91 27 22 15 16 92 28
53 83 34 73 46 78 63 21 54 48 34 99 81 75 33 20 51 30 7 65 84 49 43 58 13 79 1 21 4 7 25 73 88 63 16 47 93 88 3 52 35 89 66 99 23 26 14 56 22 66 66 28 14 86 27 78 67 4 60 9 55 63 21 1 85 77 35 74 39 4 35 33 46 3 23 82 52 48 30 82 38 80 68 10 81 34 28 80 74 72 41 15 67 28 35 82 1 47 90 58 99 9 1 26 64 49 93 89 56 60 73 13 74 38 95 9 97 26 88 93 17 64 21 73 85 27 16 18 53 57 14 23 15 51 50 41 62 20 19 98 76 88 37 19 75 60 5 99
5 95 35 78 67 2 74 7 83 75 42 3 18 87 8 42 50 30 48 56 77 65 74 50 56 16 40 74 52 100 4 68 5 0 55 29 77 67 93 12 45 76 21 79 46 93 44 98 85 93 78 62 68 19 50 55 71 19 22 21 2 68 76 33 30 76 3 98 89 66 44 17 21 20 78 16 33 32 93 7 17 75 0 48 80 78 20 2 64 34 14 4 12 56 48 10 31 2 82 79 37 14 71 32 35 10 38 39 64 99 82 12 91 36 5 4 7 96 21 77 54 71 98 32 30 96 18 80 25 1 25 4 19 88 81 56 71 52 28 98 30 98 45 42 15 46 2 63
24 26 93 84 90 79 42 57 39 24 59 5 72 26 69 77 76 24 99 27 98 11 59 36 39 14 85 87 36 2 53 96 37 32 31 91 83 71 50 9 14 79 40 34 51 87 94 74 43 91 92 21 55 17 49 90 51 26 71 68 38 51 26 5 89 95 97 72 5 33 99 39 21 47 37 48 52 77 16 45 1 2 39 63 82 54 47 27 19 83 17 12 79 39 65 96 60 78 70 79 65 9 25 47 99 43 42 25 8 94 15 59 2 70 8 40 87 95 85 42 96 98 98 60 75 42 64 82 1 95 61 7 79 32 15 61 61 61 93 16 64 73 93 39 4 7 75 57
30 63 38 95 78 83 100 25 36 92 27 23 99 1 0 89 74 44 47 95 49 68 84 66 9 60 29 6 0 43 10 17 95 73 68 30 10 58 69 37 78 15 12 29 65 24 10 88 44 3 24 32 100 51 34 46 76 38 28 32 30 47 18 46 85 17 67 83 69 40 0 77 1 19 28 0 15 93 81 46 13 25 10 91 79 84 25 71 12 14 12 19 43 47 62 79 91 74 80 24 82 61 42 70 37 30 39 23 82 88 90 90 1 76 80 0 82 84 0 62 72 19 52 44 43 74 45 93 60 72 100 79 28 88 30 35 34 5 97 26 27 9 29 14 89 48 80 29
22 47 78 98 21 86 22 63 49 66 85 2 19 2 49 29 49 100 3 77 61 55 58 8 41 4 90 94 15 20 43 25 34 7 32 69 27 84 28 4 1 8 24 35 78 57 70 98 70 31 73 17 79 71 5 71 96 53 72 81 82 98 24 98 24 84 89 78 26 94 97 40 20 38 51 57 90 75 96 72 35 18 21 58 62 76 48 78 68 54 71 7 22 37 90 16 14 30 73 44 54 77 67 34 63 60 50 53 30 17 48 89 24 62 61 77 93 23 62 86 81 97 26 58 79 63 23 60 83 59 4 36 34 13 4 0 61 21 17 56 57 54 26 52 12 21 96 28
4 73 94 99 51 29 98 55 35 52 78 84 88 91 79 17 30 67 54 65 39 20 40 8 49 83 7 28 100 19 64 33 9 92 92 93 7 43 97 84 31 25 49 85 58 25 33 66 74 63 13 70 90 90 10 100 88 97 5 86 10 3 58 33 60 86 36 70 11 56 6 75 84 87 61 76 31 66 96 77 47 5 57 85 92 64 63 46 65 8 0 79 3 83 4 21 18 87 31 37 81 71 92 27 15 83 27 78 49 59 44 80 74 76 86 99 49 56 66 25 31 22 69 73 26 62 10 85 65 56 37 80 83 88 58 69 8 31 12 68 54 32 78 10 37 90 58 57
94 65 53 43 37 96 60 31 8 77 15 22 54 60 78 28 26 84 26 44 97 48 97 65 77 63 54 66 89 40 98 9 0 95 26 29 64 92 31 1 62 17 34 47 12 54 31 38 6 31 88 77 14 3 45 50 48 53 73 70 25 3 8 30 79 45 44 76 27 82 4 24 61 62 4 25 68 22 37 76 85 78 67 45 13 49 36 35 86 70 31 89 76 18 10 57 100 4 55 78 18 0 93 79 99 59 81 25 86 8 86 55 56 78 41 50 44 86 76 62 52 58 7 5 94 82 32 100 99 56 30 22 11 64 45 19 6 97 94 34 64 88 35 92 28 38 14 65
69 43 9 68 42 82 63 58 32 9 100 99 49 92 15 62 33 26 63 6 10 86 38 11 47 38 90 95 92 77 71 26 26 88 12 59 49 81 22 31 98 67 86 14 12 36 7 10 30 47 56 34 24 93 17 94 45 95 8 91 46 59 99 50 2 86 70 99 49 44 34 47 93 98 53 100 58 72 44 46 41 15 28 39 80 12 57 29 42 37 54 90 67 14 18 87 66 8 49 89 69 15 42 3 49 6 57 11 98 56 0 82 39 44 50 94 98 52 15 88 41 39 66 36 11 51 59 73 13 46 87 69 39 74 80 23 25 4 72 41 35 94 61 65 9 87 48 38
92 84 77 86 10 17 33 70 91 33 24 78 11 46 26 74 91 100 36 12 29 46 78 59 7 1 84 41 75 73 82 71 87 61 24 23 73 83 29 86 84 4 37 38 44 87 9 82 76 13 97 23 62 50 71 35 22 61 24 24 49 97 64 64 17 50 89 65 79 31 5 69 22 95 49 74 9 2 29 21 100 89 61 92 42 50 99 4 67 82 40 48 29 83 31 49 38 88 28 13 89 72 100 24 72 73 56 0 93 30 17 14 32 20 88 22 34 61 78 77 9 13 11 14 36 86 25 34 63 93 53 10 35 40 71 66 11 52 0 70 75 52 73 20 1 94 43 6
99 90 90 58 54 80 26 50 47 56 70 32 65 11 90 72 81 46 31 60 81 1 84 44 5 86 14 14 35 99 32 34 65 28 19 13 32 77 10 100 5 75 59 13 55 57 6 84 37 25 39 66 78 18 51 87 17 69 22 65 49 5 33 55 22 20 89 39 85 18 38 36 39 29 55 26 3 60 37 14 15 66 74 40 46 100 98 20 62 32 15 99 56 47 2 45 100 27 20 38 1 5 9 68 8 55 74 37 42 68 39 100 48 22 64 2 83 52 39 75 21 30 15 97 73 71 71 56 65 91 89 9 46 31 76 90 19 85 4 54 88 86 2 59 97 81 79 9
47 39 33 94 39 54 66 63 95 33 22 54 23 54 43 61 46 54 30 48 9 60 62 32 48 19 97 98 73 79 83 11 93 61 52 72 45 94 98 76 86 71 57 42 2 39 98 68 88 7 18 40 98 23 96 82 24 43 59 56 67 87 64 18 28 30 18 100 8 3 63 22 85 94 74 15 54 31 20 49 28 24 49 86 68 24 98 29 67 56 56 15 45 11 41 73 0 66 79 20 79 62 66 19 12 37 79 93 10 64 100 86 100 33 15 13 22 16 27 89 73 20 67 18 98 71 2 94 42 86 16 69 29 39 21 89 8 50 81 59 25 54 82 86 65 16 87 72
40 49 20 95 100 41 6 22 93 64 97 90 53 51 23 2 37 81 77 73 34 97 19 62 14 72 48 4 14 82 93 84 60 92 57 78 40 96 43 71 84 65 78 51 38 63 70 14 9 71 61 56 4 39 39 10 48 98 13 26 15 73 85 52 86 81 83 71 31 70 72 54 100 18 72 67 56 13 10 98 87 96 10 29 98 65 15 13 98 27 2 26 68 86 33 98 97 97 65 78 70 17 81 87 16 5 75 10 45 21 2 92 71 39 21 81 20 31 53 2 67 18 35 31 25 45 28 96 87 86 27 40 5 38 95 83 87 84 48 71 89 68 99 1 58 23 56 42
41 99 42 50 37 41 75 36 89 88 30 30 54 62 32 76 20 53 32 28 33 47 86 91 97 8 5 83 41 69 68 59 98 100 63 75 18 86 46 91 8 95 45 27 71 93 51 15 7 32 35 66 91 11 18 22 17 42 89 67 35 23 100 90 63 90 96 10 12 30 74 60 11 58 86 71 3 82 24 70 14 43 33 3 12 45 50 45 24 82 60 53 44 31 40 26 72 88 20 46 35 68 74 98 71 4 35 48 43 44 91 38 59 75 16 1 8 61 15 55 5 82 95 96 20 30 89 27 40 48 20 88 33 35 1 92 30 98 85 85 57 43 55 67 88 27 11 94
67 89 19 72 17 15 95 29 74 41 86 68 46 15 6 64 89 58 70 7 56 95 45 98 8 52 95 54 83 78 5 5 28 33 93 71 82 87 90 32 79 47 64 29 89 45 90 4 0 52 83 41 28 35 58 21 3 82 28 96 37 53 11 18 22 21 95 46 20 44 26 18 61 8 40 83 88 84 91 0 79 71 48 93 99 0 100 90 97 16 84 13 28 68 16 60 36 100 17 60 32 71 90 35 31 76 55 62 69 0 15 9 13 61 39 13 23 10 82 65 92 29 24 53 44 51 83 88 94 44 79 8 47 38 14 57 77 0 45 1 30 59 67 54 78 72 29 41
38 13 26 91 59 88 66 4 6 33 17 65 71 6 10 57 78 2 11 98 91 71 54 39 31 94 9 8 31 16 15 43 67 4 73 82 9 91 77 54 85 82 13 81 56 78 25 52 65 93 40 81 98 57 53 80 8 7 66 41 79 46 7 95 76 87 86 75 86 39 65 56 15 59 77 88 0 9 53 3 80 7 78 10 70 70 64 91 20 80 6 9 43 58 11 11 41 37 39 24 13 88 33 84 40 89 44 92 80 71 60 27 59 74 84 68 78 28 32 48 24 17 32 13 66 12 8 78 85 83 93 56 65 66 47 78 56 73 46 29 61 22 30 91 43 46 94 60
44 80 28 96 29 90 9 73 11 60 16 18 1 27 40 67 35 27 94 86 41 7 75 76 24 34 67 14 81 13 13 49 26 87 42 19 99 71 95 19 79 84 98 85 56 99 6 100 19 44 47 17 45 36 25 71 55 59 3 15 2 72 6 29 20 69 36 50 30 91 51 44 11 20 48 45 94 39 59 26 91 17 15 2 24 36 4 62 62 38 82 96 54 28 4 37 78 87 44 9 13 46 9 3 97 1 17 46 54 12 85 20 58 23 87 0 15 43 63 72 81 9 67 56 62 45 92 6 51 45 43 39 99 85 72 67 38 54 63 51 69 5 40 69 84 81 42 52
17 46 96 100 29 73 26 40 60 17 72 39 6 46 1 41 84 47 3 5 50 55 49 50 64 35 91 41 95 29 7 61 69 23 35 32 97 18 13 8 59 91 5 62 84 62 40 11 87 19 37 19 54 43 56 24 67 17 40 0 65 8 90 15 85 17 91 22 7 51 37 73 62 32 0 93 82 86 28 7 68 89 8 87 69 86 48 78 83 82 31 48 50 74 94 4 30 93 32 97 19 39 66 38 36 85 41 8 80 99 18 15 23 43 40 50 40 57 75 98 55 89 19 74 12 35 87 12 78 2 10 75 14 61 51 62 82 50 75 42 13 43 81 83 23 100 62 26
53 54 66 59 100 32 57 88 37 82 92 59 73 77 80 59 22 3 92 62 27 33 14 4 31 21 73 66 75 72 9 62 27 54 78 58 10 27 85 72 15 63 65 34 92 80 79 6 44 88 98 7 81 21 77 29 81 80 20 10 8 45 19 0 67 60 55 85 18 87 58 20 65 45 79 88 25 45 42 7 70 48 50 47 58 95 83 64 10 3 31 16 43 28 87 50 28 98 14 17 68 82 80 19 55 12 37 0 15 69 43 51 31 43 78 44 49 26 24 39 35 92 91 25 77 82 9 32 87 22 6 67 85 68 64 39 61 43 27 60 99 69 2 32 94 10 97 36
92 50 33 71 90 20 38 52 45 45 40 3 36 34 5 15 48 98 66 26 74 100 50 76 8 60 17 60 13 14 96 15 82 19 30 72 13 43 73 51 15 10 9 16 10 69 26 45 85 89 72 58 69 54 8 92 2 2 21 18 63 67 56 99 19 30 8 99 10 56 52 32 77 77 30 35 50 91 81 34 91 23 84 45 27 31 24 57 47 19 27 53 16 47 39 27 52 63 61 84 34 68 99 17 5 58 63 55 85 3 0 53 48 71 97 77 12 88 73 29 74 19 99 22 36 46 97 2 93 14 68 89 90 45 13 26 99 66 36 98 5 73 74 27 48 16 16 62
89 3 17 79 91 80 47 73 9 75 7 88 61 44 55 32 12 23 99 18 67 27 77 24 35 49 61 25 13 95 73 94 79 80 50 8 15 13 49 37 16 7 84 50 49 53 62 91 67 56 42 29 56 13 41 34 36 74 38 87 83 29 7 37 100 91 78 9 5 83 18 93 19 29 18 18 76 98 54 84 81 29 84 90 67 99 68 83 25 94 53 86 85 49 14 83 50 61 14 9 42 63 14 70 5 30 6 55 22 75 68 37 14 7 55 18 1 13 18 66 94 64 60 59 7 34 92 36 29 52 97 7 52 36 46 19 35 68 25 24 3 24 16 64 28 30 30 39
82 59 92 77 8 91 45 65 81 7 97 37 61 43 40 90 61 33 8 86 93 60 28 43 46 82 58 75 3 44 2 50 45 53 37 8 34 44 69 89 46 86 54 91 97 95 84 86 88 2 71 92 84 17 1 64 68 49 97 58 45 94 49 2 80 8 17 9 3 14 95 72 71 18 19 32 70 27 21 92 0 54 69 91 92 30 67 46 88 100 20 22 89 30 39 34 69 93 100 79 44 75 97 20 71 95 45 99 63 18 54 93 9 35 77 90 96 1 54 99 70 10 8 54 82 69 28 11 24 90 18 62 29 14 43 2 1 31 27 86 67 10 2 16 87 11 69 56
54 71 91 68 54 38 8 77 21 65 78 6 61 38 66 73 0 73 8 0 59 96 67 7 87 8 54 19 59 88 72 32 80 37 84 45 36 84 80 30 95 39 68 14 40 49 75 29 7 16 6 81 100 56 47 81 82 84 17 12 52 51 97 39 47 89 87 20 40 24 81 35 62 3 71 89 42 51 49 77 46 26 25 51 53 14 69 94 1 71 100 19 20 18 58 52 18 69 45 67 53 2 20 20 43 47 0 54 41 25 94 3 25 25 99 46 62 64 5 98 63 55 37 50 53 30 15 74 96 11 66 31 31 77 100 14 70 82 77 4 92 41 89 96 99 14 87 31
10 14 100 75 14 34 68 73 34 24 78 17 28 78 35 24 73 66 46 47 74 88 69 64 70 28 32 48 8 21 42 10 32 70 10 97 3 99 11 14 37 62 44 68 0 31 1 19 66 84 29 89 63 39 66 54 73 15 23 50 81 38 68 12 21 23 72 43 15 67 48 75 4 5 17 97 43 34 35 65 43 14 13 86 7 14 28 79 82 28 52 71 96 28 50 3 11 53 50 100 89 10 75 33 31 41 21 82 35 23 62 88 21 34 63 15 69 71 19 62 34 83 74 34 63 27 41 72 39 39 8 71 63 75 92 45 4 80 47 76 4 59 32 23 53 78 20 18
94 74 48 4 18 92 34 100 94 81 23 8 55 1 69 36 87 67 47 10 74 19 47 13 28 74 76 74 39 98 22 79 58 55 98 55 75 43 50 70 18 28 32 97 98 99 58 79 73 26 86 69 19 48 19 72 24 87 35 83 36 48 49 13 49 92 42 40 26 38 79 56 7 27 26 88 66 24 72 25 60 24 68 33 82 79 68 57 64 93 18 20 33 18 65 85 72 43 89 10 61 64 61 51 17 36 98 58 67 13 43 27 35 100 34 9 88 68 14 25 94 47 41 82 10 78 0 67 46 84 98 12 51 14 16 92 8 46 60 27 2 15 24 91 75 77 96 67
74 11 4 39 78 86 46 43 0 16 89 81 94 92 93 4 58 30 46 23 90 78 53 18 100 22 12 97 81 45 77 12 25 42 0 9 36 26 45 58 98 55 47 80 69 64 47 1 49 6 53 42 90 92 73 90 31 25 20 92 27 29 37 36 89 63 13 32 57 47 87 72 37 90 53 75 63 100 14 44 48 1 42 40 55 78 95 56 79 4 4 94 18 65 55 38 86 65 84 8 48 89 42 60 41 15 80 27 95 90 25 28 98 47 40 55 97 36 92 83 93 40 0 50 84 21 47 79 39 77 75 4 34 56 21 79 83 12 22 89 21 45 68 67 62 88 48 66
5 65 41 14 77 18 38 94 32 76 81 74 47 89 20 73 62 25 40 31 37 49 58 55 26 69 31 24 84 44 35 75 2 93 23 16 71 45 77 13 2 76 98 4 72 30 8 68 71 75 31 23 83 93 85 3 55 70 1 97 50 75 79 78 69 17 64 13 30 38 57 58 29 95 43 25 99 50 56 97 95 85 76 95 83 14 23 98 17 44 64 93 5 99 28 74 31 69 45 23 54 3 48 79 27 35 4 93 22 16 17 76 51 5 15 5 19 71 41 89 17 29 61 43 87 3 41 43 16 98 44 89 81 30 51 36 40 58 28 19 48 0 88 87 61 51 49 27
34 60 3 17 28 86 61 42 22 43 1 63 37 13 14 48 59 74 62 10 49 44 63 78 30 57 51 80 90 44 93 56 88 5 31 30 97 70 32 18 16 39 41 19 41 16 26 1 14 21 71 77 5 85 72 36 16 55 98 73 64 53 96 72 22 39 23 51 36 1 65 35 90 52 63 56 36 51 6 53 79 23 50 95 2 100 50 74 22 17 99 85 56 94 14 55 62 83 100 73 24 59 7 35 29 77 54 36 21 60 84 60 70 94 42 79 54 45 7 13 90 100 26 74 28 38 73 31 21 51 67 70 67 92 78 62 69 45 90 37 78 56 88 14 7 24 28 25
31 49 56 71 95 5 59 20 8 50 54 91 39 2 90 78 43 98 77 93 33 5 84 56 3 53 17 18 47 28 66 73 33 7 40 18 46 81 95 63 35 20 52 21 10 64 45 4 84 56 41 72 44 12 21 92 25 48 98 56 65 29 91 76 58 10 33 25 84 53 28 82 0 44 95 85 100 12 53 56 48 16 52 64 70 41 34 73 40 29 70 25 57 58 61 32 8 100 14 83 50 42 57 20 66 23 45 14 56 34 14 5 97 83 16 37 91 62 82 28 32 55 51 9 9 78 83 39 22 96 40 37 17 83 13 59 5 100 39 8 94 77 71 95 13 57 71 98
60 5 10 7 20 90 40 88 33 59 53 38 64 0 54 73 1 38 70 97 97 66 16 12 88 34 60 27 43 15 18 99 6 38 87 27 8 68 75 56 72 62 22 6 58 7 42 85 20 45 30 6 23 57 22 52 89 29 76 64 81 37 39 6 38 4 67 59 13 90 34 77 60 35 87 75 61 94 43 27 83 12 2 37 100 29 69 35 82 66 55 56 76 52 17 23 54 32 72 7 9 90 59 67 68 69 37 41 3 71 92 53 50 6 21 55 15 51 48 11 61 11 64 22 62 93 17 11 83 51 6 42 83 12 52 83 92 79 71 100 66 5 39 41 56 14 17 16
21 64 54 39 94 73 47 77 94 31 68 77 45 10 62 48 48 44 58 94 12 29 16 56 42 14 26 92 50 86 13 2 42 95 10 17 51 52 49 96 82 22 98 19 35 32 30 41 89 5 65 96 55 3 31 11 25 89 3 96 68 30 62 86 81 18 41 9 31 50 81 83 78 18 58 41 73 33 25 60 88 39 1 35 66 100 31 9 50 88 69 5 90 76 42 21 19 57 21 44 10 27 30 74 19 9 38 47 10 42 87 31 53 49 55 61 75 45 90 22 48 8 53 4 54 59 74 50 69 16 11 97 48 86 13 40 6 58 96 0 100 39 100 21 61 44 91 32
25 48 85 24 27 100 61 27 27 47 46 76 30 34 35 52 53 55 46 55 22 39 57 43 23 81 14 47 1 31 51 5 52 1 33 26 25 78 55 65 82 90 40 90 73 55 69 21 59 56 75 91 56 73 86 75 94 61 78 0 74 31 99 44 17 22 92 88 44 42 15 3 48 41 63 18 53 69 17 46 6 49 34 55 37 50 89 12 24 32 52 72 65 77 48 30 28 42 80 45 2 39 19 49 87 40 22 16 19 1 44 89 44 95 46 41 91 7 50 45 96 38 21 63 77 24 0 69 14 40 22 76 87 82 44 12 28 21 47 31 90 35 84 30 62 68 13 42
55 59 13 31 51 86 6 54 49 19 68 69 65 7 42 78 41 37 89 11 59 76 67 25 45 12 40 59 16 68 65 4 89 29 56 49 65 74 79 92 99 36 37 37 63 73 72 1 82 54 72 12 54 37 76 75 54 53 9 48 81 21 61 93 13 86 15 73 52 5 80 67 50 76 32 40 77 0 1 78 72 100 38 0 71 5 59 74 94 8 29 92 2 45 80 57 65 76 28 69 85 97 3 61 77 14 52 75 37 31 86 2 40 43 91 97 32 98 48 24 14 63 87 24 56 75 1 22 38 33 28 59 77 82 91 75 12 24 31 55 33 64 70 100 70 21 1 48
98 69 14 35 31 19 91 87 31 88 73 84 10 24 49 23 85 4 71 78 21 82 42 78 77 3 70 3 3 69 58 93 34 56 77 34 73 74 89 38 93 82 88 80 83 99 16 10 4 24 0 8 51 20 11 81 7 82 70 100 45 59 2 66 13 16 45 90 78 78 65 24 91 34 97 49 32 63 40 67 17 30 97 42 80 24 65 9 58 73 14 72 14 18 10 83 4 13 32 35 19 96 47 36 22 99 54 30 10 32 44 88 92 40 77 75 18 58 3 26 96 12 17 69 89 81 78 8 82 63 54 79 90 9 32 18 39 55 1 95 24 29 30 77 46 94 84 70
25 27 33 3 84 93 23 44 84 41 11 47 51 53 97 49 75 51 85 75 90 10 71 86 71 8 35 83 77 93 94 58 69 86 57 49 56 24 94 35 48 44 89 13 53 25 93 67 60 80 27 71 82 99 76 60 70 0 93 58 93 45 35 54 9 82 14 25 28 99 41 53 76 36 3 3 55 63 12 13 92 56 60 60 63 53 79 91 96 3 87 43 76 74 2 61 11 27 28 40 41 26 53 68 67 12 44 87 62 18 46 82 82 27 7 86 50 36 30 9 28 73 47 30 0 81 80 50 47 12 81 24 77 38 18 29 36 23 74 10 100 61 65 34 91 84 79 46
81 95 17 1 45 15 17 50 30 32 74 88 56 25 18 41 58 33 37 70 100 29 53 36 95 26 64 28 49 34 28 36 30 72 19 1 49 75 93 25 8 68 37 52 18 54 54 15 78 81 10 6 98 80 68 97 8 46 76 21 51 20 78 46 63 72 43 100 64 49 49 97 3 2 45 80 86 18 18 85 24 38 92 60 40 67 27 90 81 43 37 17 6 14 84 54 94 41 16 85 59 83 46 15 97 37 9 5 2 35 59 30 69 31 13 88 97 66 36 100 9 60 49 97 0 14 45 29 57 95 2 29 2 89 5 80 19 65 1 46 1 44 23 47 99 76 38 59
38 33 14 47 74 62 92 30 69 68 44 48 58 1 8 92 28 96 0 82 49 16 48 44 71 28 25 23 30 12 21 45 51 28 9 62 98 64 44 76 43 33 4 74 2 8 8 58 3 58 29 8 94 93 50 2 87 49 90 67 83 91 56 72 63 38 46 60 45 80 10 64 89 23 42 84 49 59 48 38 78 29 47 14 53 27 86 88 93 0 74 44 78 34 80 50 23 58 33 76 55 100 27 61 31 31 54 71 45 45 78 91 6 70 13 98 86 67 83 80 30 30 48 33 37 95 27 4 12 63 29 17 93 33 98 5 98 58 24 60 75 46 22 6 90 4 13 76
41 87 80 67 79 82 61 36 56 83 39 89 85 32 2 6 57 29 36 21 32 39 17 72 26 82 64 82 75 86 79 72 14 66 51 26 89 89 7 62 19 69 57 47 64 66 49 91 18 6 61 45 15 61 73 62 43 2 20 98 40 7 3 89 42 74 6 35 29 20 63 35 19 64 37 10 91 18 10 56 13 42 91 95 22 73 29 32 51 65 61 97 49 97 72 96 32 100 26 57 26 89 82 27 48 55 34 60 18 16 51 43 35 59 6 8 3 38 44 96 62 26 75 69 74 63 74 94 61 66 19 48 47 45 0 40 96 33 86 93 14 92 52 92 37 80 35 14
47 68 0 27 40 12 9 49 39 66 66 15 15 95 94 26 96 91 56 82 84 26 92 26 41 98 35 5 42 46 65 57 31 56 22 74 81 25 10 71 36 55 75 74 92 53 71 100 17 17 27 30 35 52 82 95 17 4 0 34 82 87 93 8 53 28 21 45 59 9 49 67 0 43 78 4 79 32 90 20 70 32 91 85 99 73 41 91 8 5 100 33 100 80 33 60 54 54 10 28 24 83 2 57 24 58 41 81 68 82 58 83 63 67 30 32 66 64 6 84 68 80 81 34 95 82 26 42 32 7 33 66 8 26 56 90 92 33 94 32 51 0 52 19 39 72 41 14
20 39 14 0 93 59 20 29 100 69 71 71 42 98 3 5 11 73 95 12 43 67 2 79 41 7 94 63 34 45 42 82 40 1 59 40 0 54 18 46 82 28 85 90 33 6 7 47 48 32 92 51 6 88 54 54 65 27 27 30 44 12 1 66 100 27 27 40 52 20 52 93 26 17 47 90 5 4 75 92 58 1 85 51 79 95 89 70 100 51 88 73 80 30 46 34 72 6 42 32 36 88 17 52 24 9 88 41 24 73 83 69 1 56 63 62 5 81 70 70 72 11 17 9 77 39 56 9 72 12 52 1 69 69 86 44 78 1 0 29 63 90 35 53 51 38 91 45
92 4 96 67 90 61 11 23 25 50 69 13 44 17 57 3 14 66 8 78 86 84 31 53 67 38 75 0 5 19 26 18 0 44 46 69 10 65 31 43 90 81 57 95 12 98 21 9 68 50 61 48 53 58 72 59 63 67 19 54 74 46 36 63 87 73 82 30 76 100 44 86 38 24 70 8 92 67 89 0 26 26 42 67 56 63 65 68 74 56 18 41 37 78 40 46 1 58 61 60 29 51 52 70 38 61 30 35 65 3 9 20 13 91 2 71 44 19 50 53 88 45 23 40 80 68 65 99 22 12 93 32 65 45 43 14 90 2 98 31 83 52 23 33 62 34 3 69
30 21 19 78 54 10 90 31 50 87 62 11 39 57 99 88 16 61 97 11 59 36 9 41 48 3 18 50 7 11 11 70 100 75 41 12 0 52 96 77 14 29 72 23 58 85 46 49 57 46 79 96 83 52 49 93 96 26 67 12 94 5 33 91 76 31 16 4 33 19 17 67 92 10 71 95 83 51 82 3 19 43 26 29 73 35 63 97 50 93 63 41 75 75 94 62 100 38 4 42 80 27 31 86 7 29 64 65 11 9 33 39 36 41 0 44 38 100 77 22 87 76 53 74 32 80 38 46 17 29 98 68 93 1 73 8 15 78 45 58 78 14 78 64 60 77 62 63
48 76 47 80 87 57 0 9 85 87 5 73 34 25 46 90 41 21 86 75 86 78 84 35 26 76 75 19 44 84 87 62 16 10 46 37 18 11 10 96 85 42 31 37 96 61 80 24 11 89 16 91 3 23 36 50 76 72 12 79 12 22 88 60 96 76 100 92 33 66 33 13 77 36 13 76 2 84 20 3 96 19 90 92 74 96 47 30 30 26 28 3 91 87 13 15 95 47 99 54 35 28 72 41 95 47 91 41 81 74 45 72 19 92 18 80 65 82 23 47 26 90 59 17 72 58 56 92 58 70 53 95 20 87 31 58 43 61 51 13 70 78 97 60 94 39 47 5
24 18 26 46 97 4 88 71 33 80 50 54 26 11 4 5 91 30 5 41 79 56 80 33 10 66 27 38 68 81 63 47 89 28 51 37 71 20 18 100 55 9 12 37 1 12 86 7 35 98 55 81 62 45 80 17 73 16 25 89 45 94 66 12 45 71 56 49 71 43 11 41 1 100 66 50 35 81 50 53 10 74 1 19 58 16 66 67 1 18 93 54 50 23 14 48 51 12 89 60 47 15 81 37 84 43 92 88 59 27 27 82 38 90 53 15 30 10 76 54 90 77 30 30 5 26 94 7 34 27 9 15 91 38 29 70 17 37 40 54 32 9 73 12 50 2 56 26
22 98 7 50 32 97 3 89 85 88 36 47 47 86 49 55 38 84 89 33 9 18 42 25 72 9 69 38 5 96 81 5 49 87 97 12 38 81 54 94 23 7 0 56 5 19 3 21 75 6 68 6 29 97 51 88 32 71 54 26 29 14 76 13 69 56 26 87 67 42 69 64 1 24 11 72 50 51 0 46 70 27 75 13 6 52 66 80 34 52 14 16 50 24 17 49 57 69 13 83 37 83 85 44 35 60 70 16 92 34 50 18 7 0 62 31 63 60 98 4 6 68 84 65 64 64 43 27 0 60 86 26 87 83 15 51 21 72 15 46 56 97 71 2 12 4 98 49
25 14 62 4 9 93 17 42 8 92 15 11 78 98 93 11 48 33 50 50 91 80 95 87 49 34 6 29 84 72 35 32 77 38 6 76 83 4 12 79 89 47 28 66 21 100 13 55 68 73 2 36 99 0 12 30 40 62 34 12 6 28 20 32 49 37 38 69 31 87 9 68 20 60 70 86 73 100 69 71 41 56 96 91 47 64 5 44 35 88 27 80 67 100 13 87 24 100 5 29 56 7 80 14 51 59 11 63 84 69 7 84 78 47 88 44 41 1 0 52 54 93 20 97 4 89 18 63 94 69 70 32 45 67 18 65 1 6 40 88 84 55 1 35 78 95 0 1
69 71 78 47 41 35 74 7 36 95 29 70 20 81 25 61 31 42 63 33 9 5 18 72 33 50 19 76 3 99 4 25 47 15 69 98 94 70 96 83 70 91 74 73 86 17 91 79 2 39 30 98 57 25 7 68 81 56 87 99 28 94 17 65 85 49 26 0 57 45 47 97 70 45 62 74 67 88 61 80 97 16 60 74 38 7 45 1 2 56 96 33 31 15 64 20 76 20 43 6 62 54 2 56 33 79 11 76 75 35 38 75 55 7 82 76 92 61 95 48 61 15 60 60 27 40 59 83 46 28 17 98 13 58 73 99 59 52 77 64 36 66 46 93 30 97 57 52
33 27 86 76 97 17 11 27 0 0 55 20 67 40 63 2 99 8 69 1 77 86 97 100 20 87 42 45 69 34 12 98 25 32 76 22 48 20 48 96 9 88 15 22 93 20 1 6 95 51 76 0 4 12 70 90 97 53 92 42 88 43 38 25 27 94 19 94 65 59 60 79 67 25 46 42 62 63 14 51 99 55 5 7 49 70 94 69 83 47 68 64 99 83 74 49 98 22 98 55 46 88 88 95 45 38 13 95 49 71 46 40 54 18 68 83 36 28 2 49 49 59 8 85 99 35 7 73 88 39 22 9 59 51 41 5 56 61 42 0 29 66 45 23 12 58 78 49
47 65 63 35 61 20 41 94 72 20 38 27 28 66 72 6 59 12 90 92 97 52 92 3 17 14 49 96 23 37 57 58 52 60 98 17 80 88 74 27 49 62 31 87 43 30 39 72 95 89 72 99 8 6 87 58 18 34 65 54 51 22 4 89 18 62 94 66 43 7 4 15 99 53 12 58 67 14 56 25 52 83 18 82 67 90 11 59 75 82 22 64 96 70 25 14 54 51 62 26 56 100 46 46 51 48 95 29 76 28 91 89 17 96 33 95 6 26 18 92 82 51 16 95 0 41 75 40 70 99 34 73 46 35 72 73 37 86 55 92 66 51 58 100 82 58 30 1
45 2 22 94 50 45 67 6 74 76 50 100 99 79 9 24 10 44 35 27 50 36 91 37 73 72 10 95 62 92 16 65 92 35 84 17 67 21 16 67 95 94 90 7 5 38 46 98 27 53 48 89 90 76 91 56 6 70 26 59 88 27 45 84 53 81 8 24 24 69 30 55 30 22 18 91 19 16 23 55 41 89 52 60 17 10 9 87 100 84 90 12 82 62 63 52 8 4 3 93 23 33 38 54 51 23 41 13 94 68 48 58 86 57 35 47 20 87 6 11 91 3 66 99 27 57 37 90 1 68 52 67 67 89 52 75 53 53 94 14 94 12 67 47 34 79 69 62
23 88 72 72 41 17 19 50 80 89 48 60 88 27 91 84 43 4 8 53 44 3 59 93 47 16 62 25 73 9 45 45 39 46 28 70 24 93 58 31 11 96 16 27 16 24 10 61 27 80 18 77 20 60 93 52 30 20 11 62 32 4 66 19 35 23 43 14 29 87 69 0 66 6 19 74 88 25 23 40 91 99 4 77 32 0 92 43 2 29 1 8 17 41 18 26 4 71 93 93 73 19 20 12 84 35 42 68 99 16 80 19 72 38 52 40 71 65 75 70 72 36 89 41 53 65 98 57 48 18 40 73 30 47 39 98 93 51 15 7 89 78 42 34 20 34 51 99
82 25 25 93 9 62 85 58 2 45 59 48 56 38 10 70 96 54 56 37 5 80 34 93 9 80 10 84 75 92 94 31 6 65 94 46 79 54 90 44 96 78 65 56 23 32 75 41 29 40 43 70 71 81 33 14 69 47 44 68 33 85 95 83 87 96 26 5 43 11 38 37 41 51 40 53 41 58 66 52 97 41 29 51 36 75 46 48 21 71 59 57 73 27 21 30 36 49 55 53 76 36 96 38 9 20 45 67 32 92 14 58 2 41 35 84 33 85 13 60 82 53 56 76 95 35 30 35 5 49 98 100 78 71 96 17 85 11 17 24 56 55 60 18 22 20 86 79
62 88 91 12 30 39 70 49 29 30 36 69 21 34 30 17 88 44 27 66 53 19 21 27 61 26 4 11 89 32 13 86 67 2 77 53 55 72 18 51 12 40 49 4 0 8 24 14 76 14 77 35 46 74 89 56 82 21 11 63 49 91 76 27 59 57 89 16 18 12 2 34 17 20 86 73 8 87 76 8 47 70 12 2 93 91 3 91 43 25 34 41 48 31 85 41 89 11 64 50 7 59 20 91 50 54 25 15 94 48 70 81 4 72 81 63 20 90 57 64 86 55 53 33 7 75 53 72 79 37 27 23 64 56 21 2 61 62 32 33 56 0 88 7 75 87 57 85
80 33 67 26 66 47 59 76 51 22 81 68 20 76 74 17 86 83 9 34 100 69 92 20 25 27 37 35 57 77 75 76 15 77 63 53 23 99 73 84 31 82 35 34 100 9 47 34 38 38 13 4 23 76 5 83 12 74 78 43 34 50 63 65 74 14 76 66 5 29 52 68 55 29 87 79 65 46 1 51 52 14 66 52 81 2 95 83 25 27 5 59 78 87 18 85 73 99 64 86 56 55 57 52 9 69 48 47 13 2 12 98 99 59 93 35 89 41 5 4 23 6 6 97 53 5 72 88 33 18 32 17 88 15 81 59 96 76 17 17 65 2 66 46 58 66 64 21
55 24 99 84 27 93 16 17 53 66 55 78 42 23 5 28 54 19 47 54 46 30 88 73 20 91 65 30 79 70 6 32 65 83 8 72 11 60 6 40 11 50 57 16 59 70 91 45 36 44 71 83 17 6 33 17 5 70 17 60 85 91 11 9 49 2 25 78 59 58 14 56 20 26 75 76 92 8 77 5 85 33 60 30 71 20 76 20 4 33 90 16 90 68 3 85 27 2 37 78 87 33 3 73 78 35 61 81 84 4 37 72 15 58 42 35 42 70 9 62 94 46 80 30 86 30 32 100 73 5 50 23 6 69 60 91 34 41 26 91 39 21 18 42 75 7 60 30
73 98 84 72 88 20 0 8 20 100 57 97 36 48 96 55 6 52 31 26 20 98 10 53 39 92 13 1 12 100 77 85 46 71 37 57 67 97 86 95 5 10 62 11 63 50 67 12 76 3 48 99 93 86 56 16 18 69 50 32 84 12 20 79 15 77 96 72 12 44 80 89 48 87 42 69 87 92 61 75 37 12 1 7 54 31 93 90 45 38 93 52 55 44 6 92 100 2 81 41 34 83 45 64 29 59 26 1 51 100 33 70 62 76 30 85 67 2 27 66 72 73 59 13 25 94 33 67 87 54 56 5 42 96 55 1 10 16 20 41 64 79 48 91 9 100 19 21
70 57 51 97 78 69 58 56 94 75 56 67 54 66 73 46 66 28 38 66 97 4 4 98 56 76 73 3 95 60 42 15 18 75 87 81 20 18 15 10 28 72 32 18 51 13 51 55 19 40 34 70 30 6 81 9 20 26 54 49 66 28 100 7 36 91 46 49 9 95 17 41 82 63 18 26 93 84 35 9 23 93 38 97 12 96 26 92 27 11 21 7 32 24 2 57 24 48 40 4 32 67 31 52 46 94 28 69 3 39 8 80 70 34 81 94 91 99 3 81 31 48 23 17 24 47 11 14 18 81 22 36 54 5 10 65 76 38 95 65 61 46 58 84 44 60 39 89
61 84 73 57 68 40 41 47 4 16 98 85 59 28 90 12 62 41 1 15 27 37 68 2 50 35 100 89 45 34 32 58 91 16 40 0 93 36 1 94 7 82 54 0 99 63 60 55 99 28 6 95 93 64 87 85 80 6 55 46 4 83 93 0 69 1 73 19 13 8 56 78 10 26 66 73 29 59 58 90 15 80 74 57 84 36 80 43 82 49 46 95 85 69 100 13 81 25 0 50 51 11 43 45 77 46 19 18 32 83 1 25 66 96 61 38 37 24 18 92 64 51 8 73 97 33 61 7 25 89 17 76 89 81 35 1 76 33 75 10 21 70 52 75 3 32 62 24
36 28 92 26 83 41 1 60 21 65 90 31 82 1 48 3 52 42 76 61 82 39 70 51 68 22 74 38 62 50 93 82 76 97 29 4 27 94 52 90 13 60 34 35 11 78 89 63 15 96 86 57 50 17 77 31 92 97 98 85 11 9 81 28 13 45 4 22 28 39 56 23 38 88 74 61 58 91 89 6 54 52 94 74 74 19 19 31 35 86 73 59 84 37 94 32 66 94 61 61 94 28 51 75 68 78 93 6 50 64 59 81 13 7 21 88 60 68 13 60 37 16 35 64 24 47 58 45 0 53 54 56 15 24 53 52 14 75 38 48 13 42 83 99 84 18 67 7
0 92 97 0 39 4 83 70 82 35 43 27 14 77 18 9 76 59 96 32 8 91 48 88 53 23 44 10 76 99 86 34 69 23 18 55 36 73 87 62 26 40 99 42 10 70 95 93 39 79 11 97 56 93 10 54 72 97 82 79 33 52 87 28 42 94 38 90 96 22 10 99 35 7 9 68 95 17 76 41 26 84 85 87 18 61 62 51 58 52 74 50 99 38 51 47 73 5 19 63 12 62 47 63 100 55 91 67 56 91 5 77 66 58 50 74 61 79 96 89 55 57 72 38 31 83 50 33 32 60 14 8 29 26 2 61 77 9 2 56 69 18 90 48 95 44 50 17
44 24 25 90 34 70 25 95 99 84 1 76 14 76 93 5 40 51 28 6 86 48 83 29 97 58 86 81 35 1 66 20 80 26 32 3 88 61 15 78 34 10 35 2 58 77 37 34 20 12 35 85 17 73 97 26 40 53 46 41 51 97 76 88 64 85 19 96 7 59 55 7 33 13 11 85 88 40 4 78 90 23 14 84 32 13 77 87 88 93 9 32 70 67 65 100 97 64 68 70 2 80 39 5 95 0 88 15 10 44 76 89 76 61 82 12 58 86 44 33 85 2 43 71 34 62 13 84 66 34 86 68 44 87 9 21 87 11 8 47 64 7 95 73 69 76 56 12
98 0 27 59 98 12 31 49 27 49 43 41 70 18 46 78 96 34 99 69 85 20 48 15 12 9 57 97 77 11 29 62 28 9 21 51 74 29 32 8 56 59 23 76 13 48 8 18 86 49 18 87 9 28 95 8 82 55 24 72 81 94 98 82 85 24 42 91 6 30 18 15 49 25 73 51 31 43 35 0 56 15 79 84 65 58 46 64 24 86 32 72 51 69 67 45 12 0 12 11 70 24 35 18 80 13 8 88 47 69 1 50 71 38 84 79 2 98 99 27 22 69 47 81 54 44 73 28 14 85 91 20 34 4 58 83 67 18 89 23 32 82 58 45 72 52 53 0
16 29 75 21 12 46 75 27 75 26 32 79 19 74 97 71 33 46 22 89 20 90 31 79 16 82 32 30 35 33 97 86 32 40 98 97 12 97 83 99 27 29 69 6 33 61 54 69 19 10 19 86 60 32 9 80 83 21 72 73 18 22 73 17 22 13 57 36 89 99 50 66 7 58 76 76 97 82 61 18 33 66 18 63 60 76 40 84 69 42 36 56 31 90 72 25 61 50 59 54 34 4 66 34 20 83 99 18 80 58 25 80 26 98 59 12 55 47 36 74 29 68 27 39 34 68 35 48 91 81 42 53 69 64 49 53 72 69 31 97 94 29 16 61 72 95 21 25
19 93 6 71 67 97 88 55 95 29 62 30 52 7 95 64 22 46 15 43 81 38 31 72 5 92 47 20 28 51 28 63 49 42 60 12 60 11 66 20 81 28 57 66 94 26 50 59 59 58 35 80 52 6 51 83 47 46 50 67 97 54 68 64 83 73 65 87 97 90 40 16 44 58 2 40 48 53 53 1 25 43 36 9 44 94 46 48 45 5 54 88 67 16 32 72 96 39 79 20 3 10 64 18 25 92 85 99 10 99 84 79 27 60 78 5 85 50 65 68 39 56 15 67 63 64 38 30 29 55 58 18 23 45 75 28 7 36 90 25 16 29 26 88 8 36 8 77
9 93 95 73 3 66 72 57 85 35 23 98 41 22 10 23 30 57 15 48 0 18 51 81 26 93 14 60 79 28 45 86 28 79 20 8 24 41 78 47 35 46 67 89 99 90 33 45 0 70 11 73 100 52 68 40 23 56 64 74 7 10 87 50 79 65 31 25 52 73 36 28 31 39 19 77 41 33 45 1 51 74 12 0 19 96 55 16 46 55 40 78 63 86 47 82 53 59 6 12 29 61 29 67 66 68 37 17 83 14 73 20 73 83 24 12 1 80 58 91 20 28 76 23 2 35 16 74 99 73 18 95 38 67 65 32 21 15 34 96 53 29 31 64 29 17 1 77
1 32 16 7 62 53 90 48 38 49 53 66 100 22 74 0 81 93 25 10 3 50 23 80 85 74 7 25 56 97 19 100 2 73 81 75 77 51 19 23 82 93 30 95 18 99 51 55 3 89 95 28 89 41 15 5 40 42 55 50 36 46 37 39 98 62 8 14 3 51 74 64 67 50 78 35 42 28 35 14 26 99 14 46 86 21 14 81 83 62 82 61 38 53 22 89 12 97 24 48 66 73 8 54 22 52 18 54 5 91 83 30 53 28 30 14 6 17 54 75 53 53 58 100 68 30 7 75 31 76 70 78 24 68 3 97 28 60 87 36 44 68 43 74 49 73 25 22
87 92 32 85 50 52 71 41 67 36 72 38 71 22 43 63 66 60 26 77 33 24 44 41 17 57 57 7 48 30 52 1 90 55 47 54 59 58 30 86 39 23 33 2 26 85 36 52 75 19 90 9 33 88 78 25 59 72 1 23 0 0 28 72 49 17 81 23 83 100 54 53 39 68 51 28 47 89 74 89 49 48 28 22 65 30 27 14 37 35 40 37 67 35 85 81 64 4 31 67 9 77 19 48 70 80 66 82 24 20 53 52 3 86 82 8 26 71 30 61 59 56 61 29 0 21 78 14 72 83 27 35 9 6 84 27 65 58 82 34 59 98 54 81 7 32 92 56
88 89 11 81 55 89 35 36 49 11 30 13 66 63 4 11 41 56 3 20 18 73 38 19 42 79 28 54 16 85 90 69 35 7 62 9 30 63 34 23 27 32 96 14 0 70 84 31 48 63 7 24 56 53 91 22 38 100 6 63 96 20 95 18 17 51 71 43 57 6 53 86 39 65 52 44 66 72 74 80 85 37 95 96 46 13 35 97 7 77 98 34 14 62 100 83 31 39 35 94 46 38 30 17 98 56 68 18 18 23 58 4 0 21 41 60 18 18 82 50 97 58 77 65 55 2 19 50 67 92 14 47 11 50 54 77 82 80 25 48 94 91 69 65 74 49 81 34
