43 90 71 31 8 61 95 9 12 94 95 35 6 37 73 79 55 1 11 59 85 14 25 100 17 6 42 90 26 29 34 35 28 74 19 60 20 32 69 90 34 48 11 18 94 80 51 50 59 44 84 12 49 27 11 28 99 52 62 3 64 6 1 29 14 0 4 40 33 1 19 18 64 51 96 59 5 96 90 15 50 58 45 42 93 26 22 92 89 8 80 90 20 35 89 34 80 34 16 92 94 6 0 55 9 97 28 92 75 68 14 14 51 86 67 45 90 44 52 49 5 18 63 3 27 13 17 18 53 43 27 61 6 35 12 55 48 25 2 0 49 8 60 80 16 13 6 88 99
75 10 9 89 17 78 64 71 35 13 30 79 62 50 38 39 38 83 95 20 8 62 55 33 0 95 65 9 1 36 56 16 85 100 65 94 78 97 86 23 32 10 8 99 38 40 36 26 73 74 29 12 39 14 6 38 5 45 29 96 0 33 93 85 100 80 73 63 21 17 13 58 60 27 86 79 85 84 55 35 75 64 80 54 84 10 0 22 30 32 85 89 11 54 85 48 7 28 31 16 14 97 50 22 49 37 30 77 64 100 20 43 49 62 43 3 32 2 39 20 3 48 1 30 74 26 94 67 68 64 65 98 55 54 64 99 52 11 9 95 96 47 90 9 96 69 66 37 4
2 37 90 88 63 52 52 32 88 33 77 88 55 94 72 16 49 97 52 57 53 60 82 75 74 97 26 1 44 54 72 36 83 24 98 4 30 7 62 87 13 14 44 85 0 91 49 53 21 55 94 36 89 54 33 100 23 99 28 89 11 23 72 17 73 72 52 80 62 100 41 16 19 39 40 11 58 0 51 97 28 50 32 56 61 33 15 27 90 35 17 15 30 98 22 68 36 29 48 19 29 10 4 59 73 72 50 83 67 38 6 24 95 9 90 54 2 85 81 44 59 79 62 48 55 53 20 61 96 36 89 65 75 55 35 52 81 30 76 25 82 24 91 0 61 38 82 95 35
75 24 73 65 59 44 55 8 98 7 95 9 19 72 13 1 45 59 65 82 31 4 37 95 0 52 84 9 41 15 43 92 13 56 82 41 65 7 2 66 66 23 72 81 79 11 65 61 21 75 60 18 0 20 11 58 31 18 16 86 26 8 42 8 47 92 7 81 42 97 45 50 95 2 62 81 67 33 46 53 30 65 71 86 99 98 79 15 36 21 49 48 19 5 6 85 17 63 28 9 83 54 20 46 66 95 74 23 55 69 42 49 62 37 92 44 87 96 14 57 54 52 75 90 51 35 54 80 58 40 15 79 24 15 12 31 80 57 59 9 34 3 10 52 15 30 42 74 6
21 35 92 60 32 7 31 69 86 8 68 16 76 45 59 94 48 4 27 10 49 46 22 72 78 72 44 31 74 95 23 84 52 51 74 41 55 41 54 91 84 11 86 65 80 2 84 33 96 76 27 74 9 46 21 89 64 41 83 32 56 51 81 77 66 25 66 9 22 98 48 29 82 48 100 32 63 67 59 56 23 32 86 64 35 11 68 95 3 29 66 24 9 17 100 93 91 28 45 75 86 4 87 83 41 52 60 38 72 49 39 20 57 86 12 26 57 16 66 88 91 100 6 100 55 2 0 92 54 13 70 28 4 22 18 49 26 34 64 83 22 77 80 39 28 99 46 2 71
45 80 88 99 6 46 38 79 93 44 19 13 67 39 16 76 30 71 2 84 92 8 24 26 45 24 70 9 30 96 38 95 48 79 95 84 89 97 95 74 27 12 69 76 69 93 71 34 18 60 29 38 80 0 26 61 52 0 50 95 93 17 65 91 100 93 47 26 88 49 37 48 75 0 95 68 49 78 7 92 22 32 49 3 90 25 18 77 8 90 63 75 93 8 100 54 20 25 81 12 25 5 8 69 39 98 16 100 20 100 61 68 94 76 77 19 90 81 13 50 83 41 64 98 14 66 72 3 4 43 53 95 59 58 96 7 66 61 26 40 91 36 9 73 2 58 25 82 26
87 13 51 7 58 2 31 38 65 99 26 91 60 81 70 52 34 56 26 6 42 65 29 80 73 95 86 11 1 5 14 66 11 90 82 71 98 94 36 22 72 38 14 91 0 39 54 94 87 5 44 29 42 10 74 98 70 55 39 71 50 52 64 86 77 79 18 64 52 86 50 75 26 87 78 20 1 23 35 12 91 75 73 16 30 43 81 39 12 3 57 75 29 69 2 46 6 97 22 27 36 17 8 38 70 44 84 43 48 61 77 35 18 53 13 7 19 53 91 52 19 3 78 9 32 59 67 94 72 60 54 5 85 88 65 28 77 52 35 55 98 88 61 23 85 33 99 24 68
65 96 69 70 54 62 14 24 42 39 64 81 25 12 100 9 33 64 88 7 67 12 58 64 57 94 34 13 85 60 12 58 81 51 48 71 3 94 9 100 42 33 52 23 79 85 15 6 58 46 89 80 59 89 68 78 41 41 65 11 100 52 38 57 100 10 87 92 79 66 23 85 14 47 71 65 94 1 77 92 89 68 99 73 96 32 25 0 93 95 43 67 92 7 16 93 85 18 56 79 2 68 72 2 39 54 47 42 44 94 13 68 53 74 99 15 83 27 97 71 13 32 13 91 75 18 51 2 1 79 92 38 46 1 60 64 87 0 72 68 81 33 24 35 100 22 78 73 10
73 62 83 77 27 95 81 18 9 5 63 13 78 51 4 4 82 2 55 88 76 77 1 21 62 56 76 84 87 21 64 57 35 19 24 17 96 28 50 62 12 16 59 98 55 22 69 81 19 29 7 8 94 23 22 30 48 87 23 81 24 94 83 79 37 66 96 31 84 47 1 7 96 89 63 18 28 85 26 88 23 90 55 4 6 58 51 76 0 29 62 89 54 41 18 82 47 86 79 85 5 70 24 77 70 95 100 7 3 31 90 49 46 33 24 56 64 22 37 90 30 46 12 70 49 27 90 3 16 68 92 26 87 52 33 49 17 76 8 34 36 37 73 89 46 3 50 68 100
85 44 55 64 99 48 45 3 96 47 66 34 46 9 87 42 28 47 54 15 77 10 76 69 15 70 93 84 22 89 11 16 99 35 62 77 60 96 5 93 95 0 5 72 99 99 82 57 87 25 44 6 17 17 51 66 11 73 87 68 38 85 43 38 0 68 52 57 19 73 69 50 77 37 33 73 89 40 92 53 66 5 19 100 9 52 36 79 9 46 54 65 53 83 80 60 35 87 19 43 94 64 65 86 83 23 12 78 82 80 13 55 53 9 74 90 81 79 89 26 29 52 6 28 60 15 53 95 88 5 92 10 13 90 33 62 49 43 83 14 75 60 33 17 81 57 11 19 46
5 5 28 23 44 73 77 26 4 63 70 43 81 38 48 45 3 27 93 39 15 56 67 0 22 15 18 15 55 98 27 10 21 8 45 48 80 22 41 60 34 37 24 98 24 49 46 43 4 14 57 88 65 99 60 36 40 74 69 54 22 81 82 36 76 83 89 68 14 66 1 53 63 44 54 60 54 59 22 60 62 6 57 67 98 71 89 6 80 23 50 48 18 13 29 1 56 79 30 71 8 0 15 99 50 32 69 92 35 58 95 76 66 24 3 7 92 15 59 28 44 83 18 56 40 85 18 10 6 10 86 0 42 28 95 28 17 14 3 27 37 36 7 100 37 77 6 43 90
94 32 88 47 95 94 55 5 43 43 76 58 71 31 62 80 2 88 9 41 77 19 60 57 92 73 97 91 60 95 79 69 24 59 55 51 38 75 19 66 61 77 49 52 28 3 60 45 64 61 17 91 27 50 15 50 83 6 62 23 5 7 80 87 31 83 56 24 56 28 97 11 91 73 12 55 33 92 87 39 39 83 29 79 91 88 56 83 22 4 61 49 56 86 66 60 32 37 68 82 36 18 44 91 82 14 0 62 43 85 28 29 4 75 27 49 14 87 46 89 43 81 3 82 43 23 39 52 33 44 85 38 29 59 5 33 32 97 72 38 68 90 9 71 24 54 23 75 88
35 59 59 96 46 70 2 47 17 97 98 64 67 13 35 71 10 73 6 62 46 63 65 10 91 76 84 86 63 77 77 3 13 81 7 44 30 70 14 17 29 65 54 58 1 28 44 31 12 96 65 64 1 35 95 37 86 38 40 96 11 31 59 78 42 87 41 37 54 46 33 48 8 28 44 26 69 47 73 26 10 66 23 18 65 27 77 10 32 24 54 63 3 62 36 60 83 61 34 67 16 19 77 81 43 15 16 49 30 72 55 15 36 5 75 91 49 44 58 33 63 89 3 49 23 18 41 31 4 41 10 68 69 33 26 51 0 25 13 38 68 23 9 11 31 48 75 65 75
73 82 9 17 91 5 18 68 3 67 17 27 75 74 3 19 7 5 54 66 59 35 24 69 75 36 57 21 41 46 38 63 30 64 89 20 31 18 47 44 67 13 4 100 72 6 49 53 45 96 27 73 23 25 53 98 65 65 42 22 67 62 85 84 86 14 47 38 34 18 15 93 24 29 100 10 13 31 82 52 60 78 12 27 97 4 72 39 31 88 12 100 80 9 57 49 28 20 65 80 0 3 53 49 28 64 0 91 41 94 33 18 39 0 31 79 36 3 37 29 8 8 18 35 100 38 85 39 21 26 4 88 98 90 12 0 76 92 27 64 47 6 38 84 70 11 67 75 68
96 43 32 94 46 14 83 36 14 99 13 36 45 8 59 57 97 16 62 32 54 14 71 1 73 10 92 17 29 78 96 22 57 55 10 58 29 89 23 58 84 45 82 73 35 7 28 60 51 45 56 28 60 76 74 89 26 3 1 24 48 98 0 41 8 94 15 15 80 27 29 43 25 27 0 61 77 37 86 50 78 52 85 89 88 90 91 86 87 14 38 15 31 76 18 59 63 20 58 63 18 24 57 16 73 80 14 2 13 47 12 68 35 47 26 33 16 33 45 100 66 97 96 26 10 90 84 18 12 38 94 53 8 52 87 34 4 43 40 58 76 2 14 51 33 33 57 39 95
77 87 7 61 68 90 20 84 17 78 99 43 5 54 2 29 89 0 77 63 6 1 38 32 91 27 15 100 29 82 1 96 54 83 49 9 2 29 21 88 14 39 99 72 36 49 66 62 27 77 48 53 4 60 24 83 50 17 53 72 93 81 72 5 91 1 8 71 48 34 9 82 18 33 54 45 95 91 20 39 7 13 16 36 17 13 65 33 1 90 35 21 51 79 97 63 76 96 98 88 8 34 19 56 70 35 99 22 18 7 90 43 72 17 27 13 88 39 65 44 22 48 65 6 71 78 2 39 48 56 80 38 85 95 86 46 95 40 98 49 63 93 17 84 39 63 13 31 57
13 17 53 14 42 84 63 99 8 85 93 70 48 52 30 18 94 83 94 61 84 72 15 14 73 47 70 23 100 37 63 47 62 50 48 45 63 48 100 92 90 36 14 69 58 67 83 58 96 53 29 67 96 74 14 7 26 10 3 28 88 93 30 48 12 78 98 21 84 51 41 57 6 41 59 69 81 32 39 22 97 13 84 46 22 39 16 97 28 27 34 28 98 60 75 76 16 54 15 72 81 6 19 13 13 43 60 80 52 29 88 78 78 70 11 51 47 0 58 16 23 61 26 19 1 34 85 60 13 67 83 2 30 61 33 50 7 27 11 35 76 18 73 99 67 42 0 34 95
84 93 7 69 17 93 35 54 64 79 76 7 0 41 38 58 3 82 44 4 52 54 35 10 67 19 87 78 2 33 2 25 59 10 71 72 73 77 49 96 15 62 77 71 9 84 0 0 65 60 94 32 18 6 97 43 94 68 16 81 50 24 48 27 56 42 27 74 44 26 28 14 46 42 1 56 83 34 5 84 42 53 69 51 98 20 76 61 87 45 19 55 38 74 56 33 44 96 34 65 97 66 1 55 9 80 73 89 66 84 58 36 37 1 2 1 32 58 77 68 15 76 79 61 42 60 98 81 29 29 68 30 72 71 57 91 19 65 25 57 26 45 49 63 17 70 92 75 78
75 20 35 16 24 44 49 48 50 11 41 59 73 10 98 87 89 73 67 94 22 97 95 78 69 66 70 88 88 53 42 55 85 82 40 21 67 53 61 43 15 59 74 89 100 89 99 1 33 97 46 26 40 51 21 4 30 7 31 70 43 90 48 93 75 27 68 74 29 11 21 96 14 57 34 96 94 2 7 18 37 86 47 68 3 63 33 13 88 57 42 87 37 21 78 34 43 61 94 67 3 82 79 59 56 13 84 11 81 30 72 28 53 44 93 12 34 56 22 92 13 7 48 20 49 94 84 87 3 70 84 99 21 41 21 64 68 85 100 84 32 33 2 12 74 50 37 2 8
67 25 56 10 75 5 69 18 2 86 86 81 24 20 67 65 0 61 45 90 8 5 41 81 45 89 46 4 31 16 40 34 76 44 15 37 25 66 49 51 98 60 2 24 35 100 13 80 4 76 53 0 45 34 79 69 77 71 13 32 67 83 18 67 64 44 20 69 8 37 38 40 74 44 6 94 44 9 21 75 88 42 2 64 13 8 29 7 18 22 69 81 54 39 39 57 15 84 4 79 16 46 80 19 63 49 95 74 96 77 70 73 59 68 2 64 56 55 83 67 23 49 56 54 91 6 37 17 32 55 89 34 15 62 91 5 73 68 43 39 71 93 32 37 54 1 20 20 65
17 34 12 79 22 68 8 2 93 92 56 46 40 7 55 29 95 49 14 77 22 91 65 95 47 12 64 19 43 31 11 19 98 47 41 76 75 18 59 6 90 30 1 88 43 9 28 86 73 46 89 41 66 13 12 53 1 43 3 35 99 85 89 7 51 35 16 28 5 13 75 18 100 49 5 69 18 34 55 86 83 56 97 88 74 65 47 65 14 24 81 10 99 30 70 22 81 86 68 84 48 87 95 53 25 51 46 97 34 29 50 55 20 6 66 92 78 90 46 13 28 23 1 14 70 46 67 60 89 67 81 88 0 34 39 28 30 13 88 88 66 87 9 16 17 62 25 57 87
57 26 35 16 53 73 36 63 50 55 31 71 20 93 48 0 75 25 59 48 32 96 14 61 60 25 10 54 64 83 69 39 51 98 14 13 9 45 66 2 13 77 10 43 2 47 87 10 6 46 69 55 63 10 88 57 78 79 22 50 26 58 92 32 58 27 56 0 54 78 20 100 18 30 48 67 46 60 0 44 78 0 88 12 26 61 66 10 26 4 78 58 89 31 35 51 53 96 22 23 89 97 81 86 81 38 31 16 87 15 24 91 48 14 68 39 30 98 38 55 100 52 30 47 71 35 85 53 55 43 37 85 88 90 91 67 7 30 50 69 81 16 34 54 14 31 77 68 13
94 83 19 88 52 35 87 6 93 51 0 18 55 59 62 15 30 46 21 70 0 16 2 54 39 5 64 29 37 79 91 17 48 94 59 62 95 66 81 5 27 90 89 69 48 90 3 16 29 39 62 61 41 70 6 7 58 85 90 71 72 28 78 79 10 94 33 63 39 9 75 87 9 51 77 88 36 79 57 100 82 37 78 1 2 46 55 89 40 63 90 91 98 18 75 50 33 12 16 38 70 19 55 51 16 36 34 48 18 94 35 98 47 89 8 60 65 89 76 36 15 26 96 42 4 90 41 56 76 67 47 68 62 84 93 90 0 90 61 56 73 64 50 36 84 41 89 36 100
37 25 1 33 93 84 41 27 3 27 43 15 88 89 73 52 50 82 82 94 98 55 1 60 85 89 68 27 71 67 88 88 5 16 1 29 67 97 72 91 10 57 9 83 35 14 5 13 89 82 10 43 87 52 81 70 93 63 99 95 34 10 73 1 29 30 100 26 14 45 44 59 54 26 40 26 66 15 89 47 27 93 47 62 94 34 57 16 0 71 1 52 11 70 100 15 22 70 46 64 92 78 88 39 24 52 3 32 24 55 42 93 77 38 72 26 42 10 73 41 22 55 12 98 97 30 76 10 99 33 60 93 68 46 23 65 31 8 41 66 41 25 83 42 42 41 91 30 78
30 89 7 97 95 83 93 22 44 21 31 37 94 19 64 100 89 22 40 4 36 57 19 59 93 79 9 84 96 17 90 94 7 22 51 8 43 83 70 63 0 0 85 52 87 4 93 16 96 100 35 25 85 46 0 81 51 100 60 23 24 71 2 74 39 42 45 78 48 60 42 85 99 13 63 34 92 9 84 23 10 81 21 96 9 81 40 29 62 79 2 74 62 80 8 49 68 17 40 18 55 100 24 57 11 12 28 67 12 87 71 34 39 100 82 33 86 59 85 78 7 1 5 43 48 84 45 20 97 20 62 45 80 67 4 32 15 67 67 70 49 38 15 29 44 37 39 4 97
36 77 44 74 46 47 23 74 69 2 87 81 73 96 68 71 39 63 85 63 75 3 4 9 62 53 47 2 41 38 93 91 83 24 78 51 40 15 86 41 18 85 62 81 70 67 63 33 8 69 13 78 21 68 15 71 28 43 56 11 50 50 94 7 54 75 4 58 54 13 3 80 20 95 31 24 20 97 14 58 9 95 43 37 84 7 92 36 35 93 53 22 98 8 23 94 25 49 87 95 30 25 15 68 88 80 21 70 63 74 18 84 68 79 63 16 29 67 35 90 23 26 64 73 83 85 100 3 97 76 3 68 33 46 36 9 60 66 91 40 86 89 52 38 82 22 79 1 73
23 13 37 6 46 46 74 12 90 17 99 35 26 14 13 90 63 85 27 62 30 90 79 87 66 71 14 19 13 18 56 94 42 55 64 71 38 51 45 36 17 96 63 52 59 81 40 74 49 75 17 64 59 89 35 57 89 93 32 41 0 94 89 9 68 18 41 34 54 29 65 18 91 0 76 31 45 27 68 35 36 41 16 22 18 94 35 66 51 89 81 89 92 80 1 10 20 55 87 94 40 59 17 33 35 31 59 79 66 64 10 8 2 33 21 23 52 7 48 37 45 80 84 60 56 14 32 31 81 28 86 85 80 22 33 3 59 39 60 99 62 68 69 57 27 48 3 75 63
86 3 69 60 87 71 81 52 88 56 38 16 87 45 27 50 88 25 93 18 30 78 40 21 99 51 98 94 61 57 57 14 18 67 31 37 82 54 20 88 66 95 8 44 88 67 29 52 65 98 90 97 25 90 45 14 96 66 71 49 53 67 68 94 60 3 64 16 53 94 99 9 38 33 44 14 3 27 28 12 11 74 32 98 15 96 8 15 30 72 24 54 17 34 47 42 38 40 21 63 4 12 12 97 49 50 77 91 63 22 31 79 15 87 13 30 71 66 86 47 52 43 93 7 60 98 1 72 32 79 89 6 3 24 89 81 51 53 85 32 1 15 23 18 35 63 47 9 42
66 66 16 99 58 61 0 20 86 63 9 80 4 39 73 5 41 38 91 10 52 43 26 40 44 59 93 100 68 44 86 5 82 1 67 77 64 87 18 85 61 83 52 45 34 98 80 82 95 37 49 0 24 93 88 60 46 36 73 11 38 67 98 68 42 79 41 70 32 3 9 12 23 84 57 42 62 4 4 32 13 15 40 31 61 20 43 5 8 83 62 42 54 83 38 16 41 44 63 12 83 13 68 25 5 57 59 5 28 24 40 92 59 90 28 56 50 21 26 52 29 26 23 28 45 28 25 13 81 27 100 0 39 73 63 61 74 69 76 43 74 98 48 88 33 33 40 94 62
48 40 77 22 8 97 55 97 54 37 36 11 59 12 19 31 46 38 72 44 87 39 29 41 95 77 22 52 79 28 44 70 56 97 42 31 58 8 95 88 56 52 14 40 0 44 75 34 91 51 80 100 32 54 43 13 6 44 42 48 92 58 67 1 4 52 37 23 63 97 63 44 57 92 92 86 2 16 45 87 5 80 27 42 41 45 90 99 90 1 71 75 30 22 93 73 63 10 61 42 46 31 55 93 29 13 52 78 89 62 44 44 77 64 5 33 53 91 86 83 28 82 79 47 5 50 88 37 18 83 21 53 85 25 68 12 67 17 49 9 64 26 44 96 99 54 57 86 100
44 30 44 27 22 57 15 24 98 98 81 86 58 47 61 26 33 78 97 60 12 42 7 4 13 12 88 47 96 16 32 6 67 76 77 69 1 2 79 58 12 59 50 92 82 78 61 29 94 18 47 18 16 38 20 9 97 85 100 16 2 18 86 51 31 35 85 33 76 49 72 8 5 28 83 87 73 1 50 74 31 100 94 78 13 99 65 42 74 20 74 85 17 67 93 17 95 31 45 85 34 74 91 68 19 75 63 19 59 10 60 29 55 16 22 27 97 96 29 83 85 64 91 17 100 90 47 45 61 32 43 88 69 100 38 88 40 68 41 72 9 96 46 27 98 8 85 43 23
54 36 57 24 23 77 96 40 3 74 87 66 85 82 24 2 46 57 77 52 64 28 1 74 51 10 7 25 72 48 24 77 30 56 51 85 18 4 18 55 34 49 24 79 69 68 87 5 29 69 27 66 66 41 44 28 73 30 55 66 89 38 16 75 46 15 73 2 21 59 54 12 33 87 24 73 43 81 79 39 65 50 47 0 55 98 21 6 39 29 21 4 65 31 94 73 81 40 78 63 35 53 86 26 5 31 16 1 42 15 63 17 33 37 97 12 20 44 40 69 23 60 14 43 78 37 99 29 57 52 77 18 64 94 24 92 75 45 31 45 81 47 56 15 64 24 24 89 68
42 6 55 87 99 72 62 6 71 95 93 63 80 10 31 6 64 82 92 26 51 60 32 55 87 25 72 41 15 20 53 63 26 15 71 49 21 46 12 99 25 8 8 99 92 94 81 55 34 81 60 3 94 77 57 100 83 76 12 22 93 22 39 4 95 98 90 48 30 28 2 0 19 39 61 0 24 16 30 56 99 30 65 90 62 74 15 61 6 40 79 58 83 41 0 79 24 28 5 88 39 34 0 43 69 70 39 97 49 37 43 54 16 88 62 73 54 92 49 97 9 95 39 56 73 54 88 57 46 69 60 28 47 86 95 58 67 64 10 43 0 61 81 2 8 66 10 82 26
80 0 13 87 66 11 80 53 86 28 85 56 24 21 32 69 37 67 72 48 59 2 3 16 94 43 96 25 12 84 55 34 30 27 99 71 60 48 38 63 68 89 58 65 10 30 58 58 22 80 11 65 89 78 92 37 63 23 79 90 29 31 93 41 4 64 34 90 66 25 88 11 60 87 30 25 42 49 17 10 89 43 13 89 15 51 37 72 30 62 1 40 76 68 82 25 48 36 35 16 52 21 29 26 100 42 94 3 64 34 7 34 61 1 83 23 26 81 60 64 53 59 79 58 69 70 40 68 47 25 6 56 29 54 47 19 34 21 89 16 96 45 58 19 62 85 82 70 42
1 17 67 43 90 25 25 20 37 76 42 57 42 86 47 66 46 82 57 38 14 86 85 28 45 11 96 96 4 35 10 48 68 26 96 42 8 43 2 5 92 28 33 79 49 5 28 88 57 95 14 51 89 67 71 25 55 31 4 28 51 61 62 12 31 56 22 95 27 66 80 95 92 59 9 47 31 13 90 70 30 93 59 92 40 43 41 84 62 25 50 78 2 88 10 25 68 77 60 9 79 17 62 12 16 38 80 53 60 46 62 90 42 67 72 89 64 47 73 21 51 53 80 34 24 85 86 55 90 64 0 90 99 93 44 38 7 20 39 22 38 58 27 67 78 72 13 37 57
17 66 17 39 14 4 34 89 92 6 76 77 16 48 27 87 57 48 55 7 42 49 6 11 13 84 50 37 25 18 20 13 7 32 88 70 85 90 86 35 23 51 5 62 70 30 72 17 3 55 87 46 27 11 96 100 14 7 48 5 15 32 87 47 37 68 5 48 58 1 1 99 25 3 67 64 56 89 30 49 66 66 62 18 87 63 94 38 9 62 96 55 68 5 71 60 87 12 81 94 13 80 3 84 53 2 16 37 88 3 27 98 82 98 78 22 47 55 9 56 84 80 63 72 68 57 7 46 98 99 76 51 5 3 19 58 84 34 9 24 43 7 80 79 65 33 14 94 43
57 84 90 11 43 72 46 0 86 31 88 18 91 55 68 89 36 36 13 34 0 86 97 79 81 0 9 71 45 22 42 11 10 64 86 44 53 64 1 65 45 2 61 74 52 35 21 21 100 20 95 45 100 66 99 38 53 39 70 47 8 43 40 85 69 69 62 20 32 32 37 61 72 97 82 96 38 80 53 61 44 43 89 95 2 13 0 59 35 62 18 47 79 5 69 57 88 37 36 84 10 93 62 43 16 66 17 55 71 2 79 37 21 65 53 8 28 75 93 44 95 66 50 37 62 36 38 32 60 88 9 91 13 71 1 24 36 67 16 55 34 50 95 29 51 68 33 23 13
37 90 14 100 50 75 21 72 65 63 33 75 55 96 85 6 51 20 37 72 2 14 37 80 67 78 28 69 93 61 23 99 79 81 45 83 10 7 8 36 68 84 50 99 48 15 9 5 98 32 37 59 3 75 43 24 1 67 58 93 54 33 88 34 75 79 63 38 20 4 21 28 46 2 62 57 9 24 11 3 89 81 50 86 58 93 47 48 73 25 48 36 63 38 91 15 99 81 67 24 33 60 44 19 43 51 58 85 5 37 70 24 64 42 37 12 21 35 78 83 30 25 9 56 33 90 41 5 56 41 41 9 7 20 50 72 48 10 98 75 54 11 25 0 5 6 89 50 39
30 90 22 77 43 16 50 49 38 69 65 38 90 39 29 67 31 89 79 85 27 10 5 14 50 68 10 34 53 91 22 65 21 88 24 100 43 28 75 41 91 95 49 43 39 16 99 95 59 29 2 84 37 52 87 68 52 60 5 82 16 61 66 63 2 64 13 34 59 18 46 0 15 1 67 93 93 18 35 72 54 42 18 31 90 24 99 64 14 59 60 51 41 11 44 97 72 19 45 8 80 67 0 33 24 39 99 71 0 31 69 18 16 36 0 91 36 49 41 7 100 40 6 3 33 67 5 88 76 41 61 43 18 20 5 84 94 94 61 46 32 45 8 69 94 64 81 36 8
60 8 33 71 90 36 65 42 66 30 75 38 94 90 3 69 5 83 70 63 54 5 2 30 7 59 65 63 91 41 11 32 13 14 70 49 25 64 45 29 84 81 7 16 45 72 14 70 18 35 34 15 45 82 13 15 25 24 100 25 3 82 33 86 79 57 89 58 29 44 28 21 25 84 27 64 0 67 35 74 47 26 56 5 45 56 39 74 37 81 78 16 2 7 4 14 13 39 18 20 32 73 16 50 81 83 24 99 35 56 71 74 51 35 96 78 10 15 62 52 49 84 3 19 59 54 26 77 16 68 5 75 93 2 57 0 54 65 79 57 100 68 15 18 65 87 61 27 18
56 63 54 73 63 27 84 64 100 97 25 47 40 84 53 78 86 99 35 95 20 93 11 8 38 68 77 45 74 69 44 13 47 13 25 31 35 48 34 20 82 4 85 77 92 72 28 53 89 5 4 33 22 47 49 43 10 66 38 39 53 68 42 58 62 1 56 76 51 97 34 98 89 100 100 93 96 77 98 75 16 46 51 99 55 47 14 5 24 1 0 40 98 13 77 98 49 84 21 94 73 91 97 99 88 99 53 8 86 55 46 44 32 29 78 14 36 98 69 87 27 3 82 48 93 18 33 70 46 83 38 43 88 58 61 87 30 80 88 37 72 40 14 91 2 85 11 32 62
82 47 43 22 47 82 52 20 72 30 2 5 5 5 91 97 8 11 22 27 74 94 12 79 74 37 4 55 73 43 80 22 28 58 27 55 41 49 45 89 94 3 49 78 67 2 42 20 59 65 73 22 93 57 5 11 55 66 63 98 4 99 99 90 78 66 35 23 97 76 11 27 32 78 47 20 97 67 46 32 0 89 47 30 99 89 94 49 44 47 80 64 20 17 65 91 5 38 41 66 26 44 78 35 71 98 4 92 9 90 86 28 11 5 41 81 86 63 42 75 94 58 2 5 93 72 79 36 68 9 78 7 10 8 33 87 58 73 94 78 69 9 8 29 73 77 67 94 71
99 40 49 16 49 95 18 65 77 26 63 61 74 55 70 94 99 76 67 52 28 11 54 56 58 18 0 37 42 34 40 66 54 37 62 25 75 73 4 70 89 69 59 11 51 71 52 87 71 72 49 72 17 1 54 60 99 38 34 19 72 74 38 12 27 89 29 57 10 32 8 3 26 70 41 42 67 13 61 80 51 85 78 32 18 43 33 93 45 4 74 4 90 84 68 6 38 98 10 31 94 45 30 55 83 56 65 2 6 13 67 9 38 77 5 1 68 2 9 38 2 99 11 55 77 70 42 84 1 57 78 16 52 5 57 46 64 95 65 28 82 35 14 23 81 27 39 14 50
100 22 49 82 51 56 84 6 97 79 7 56 12 78 51 17 27 59 69 17 57 77 10 37 79 38 76 21 37 86 44 75 26 21 60 92 26 78 48 46 11 90 64 33 1 98 22 41 5 34 22 76 41 0 1 35 39 33 7 7 80 3 100 25 32 16 15 59 49 33 34 26 45 70 18 81 21 52 52 25 98 34 0 22 8 29 27 82 55 89 56 39 59 67 76 66 28 52 33 59 11 48 86 8 41 17 52 17 28 77 14 80 57 70 72 27 70 0 72 92 27 97 10 73 99 85 38 87 64 48 95 91 6 67 62 99 93 29 24 44 20 63 28 87 3 77 72 39 55
79 26 23 86 88 29 56 68 31 32 44 45 68 64 54 86 39 94 97 60 82 24 72 49 86 65 10 1 24 67 97 29 39 66 82 52 12 34 16 51 38 79 36 48 46 85 83 90 79 41 31 48 6 35 44 33 92 45 70 10 33 14 45 71 94 40 51 91 20 58 24 34 4 76 1 73 29 87 29 60 58 62 80 54 79 91 29 22 41 37 35 4 19 12 75 3 19 67 5 20 70 80 60 29 79 98 66 28 1 39 13 40 35 87 55 50 98 73 65 52 3 26 52 79 58 87 100 51 21 85 86 61 34 19 19 8 86 3 32 33 96 5 18 88 60 42 93 62 84
54 5 44 3 54 28 47 46 49 8 22 24 43 7 1 48 60 45 68 27 77 8 37 42 44 75 15 3 99 10 31 35 25 2 40 97 17 85 100 5 16 14 61 10 5 29 51 63 56 65 51 81 89 90 56 76 91 29 26 76 89 37 26 17 6 31 53 93 48 79 87 89 37 92 62 42 82 88 80 9 43 12 27 69 41 4 82 53 90 56 97 49 87 97 16 92 18 73 6 21 26 83 80 10 48 71 100 50 67 3 39 14 5 15 79 98 19 2 66 28 74 77 87 64 24 92 17 42 77 98 54 29 83 7 68 60 11 90 34 89 7 38 20 74 63 51 16 28 59
91 53 50 66 52 21 62 51 36 98 40 1 80 5 35 77 22 66 87 57 5 80 84 51 16 25 11 40 64 14 23 97 51 33 55 17 69 78 64 59 8 36 19 15 53 36 11 18 38 9 47 47 57 61 58 46 41 67 44 88 88 24 37 53 49 89 94 80 2 3 90 0 97 81 99 100 64 36 78 34 95 72 7 97 40 7 53 46 24 56 16 22 63 67 50 47 98 82 42 16 61 77 68 63 66 25 9 45 45 13 74 75 8 57 15 73 74 12 36 12 91 13 28 43 95 18 26 66 94 7 26 70 63 74 77 72 72 53 98 10 79 68 67 65 12 32 93 17 55
90 14 98 63 65 47 24 67 28 28 1 83 4 26 49 63 14 89 0 68 18 87 12 58 43 6 4 45 30 7 81 30 85 13 55 44 63 16 12 17 26 58 11 26 82 60 13 33 46 72 87 4 13 46 92 22 6 98 92 76 44 70 83 31 60 64 0 73 85 40 15 80 26 26 3 100 60 64 74 2 75 44 84 10 70 65 60 24 4 15 54 79 29 41 29 29 72 29 62 31 69 12 83 11 47 48 98 56 27 50 92 79 37 87 36 8 25 30 0 30 58 62 92 36 70 25 27 41 80 90 29 70 63 45 36 35 5 22 38 58 93 69 46 15 49 53 27 48 97
62 43 32 11 42 64 7 70 78 2 80 42 45 19 8 49 20 93 98 93 99 62 19 86 71 64 66 44 79 37 93 89 81 30 41 94 44 100 43 6 89 91 87 80 82 39 72 38 15 23 4 55 85 2 42 45 60 44 12 19 19 84 53 48 98 71 98 80 22 24 91 59 19 77 28 21 7 54 77 91 51 46 35 30 28 31 11 18 48 23 43 29 27 79 72 93 20 84 7 72 71 60 22 47 58 29 94 24 45 96 71 60 84 98 18 45 95 24 33 2 88 71 73 83 25 100 37 36 47 85 78 32 86 17 66 97 15 62 39 41 13 5 56 76 70 97 78 45 38
28 80 21 30 51 86 46 46 91 100 52 89 72 54 15 43 14 12 59 30 83 10 78 91 49 2 100 18 71 74 90 66 64 30 5 9 87 61 29 25 79 82 49 23 44 60 34 55 89 29 42 12 44 62 35 25 45 38 21 69 54 42 81 72 13 22 68 66 77 1 46 14 82 88 21 89 94 27 84 60 21 58 14 80 65 93 37 1 41 90 41 52 82 97 30 50 11 95 25 22 95 18 58 29 89 39 89 53 28 39 34 35 76 69 65 51 85 23 57 35 14 79 55 59 38 68 90 41 89 12 43 63 49 68 76 62 61 11 31 35 72 78 10 81 93 62 2 48 58
59 68 67 55 59 99 29 12 14 55 76 82 10 27 58 75 41 33 81 67 63 36 85 98 4 39 11 72 58 43 88 29 54 73 48 39 37 70 25 61 17 38 99 81 48 61 28 25 71 29 46 59 60 76 15 0 52 40 39 48 46 69 30 79 34 6 84 83 25 6 8 55 22 30 28 49 67 61 95 61 60 28 61 8 68 13 17 58 2 3 14 77 54 78 57 53 15 78 72 98 91 41 89 23 99 69 27 21 51 6 65 36 54 41 20 21 13 42 39 7 1 38 3 66 34 16 97 82 45 86 57 57 90 26 90 5 69 91 11 99 43 100 65 35 13 44 79 12 56
8 73 99 95 6 87 62 47 36 90 35 50 85 8 86 11 40 82 20 76 41 37 89 28 64 35 75 33 7 83 90 60 11 98 30 28 97 54 33 56 83 5 92 80 61 66 6 34 68 54 86 40 6 92 87 9 4 4 80 81 51 46 77 89 7 17 57 91 77 34 85 19 71 75 97 18 83 94 54 49 16 10 92 4 94 96 94 68 77 61 95 31 36 39 18 21 91 62 97 79 2 63 11 7 94 30 95 16 75 63 74 61 49 39 58 32 25 21 85 51 74 92 8 85 51 57 45 96 48 69 44 20 80 37 21 15 55 45 36 14 81 14 87 25 20 1 27 63 13
70 1 89 14 59 91 9 82 8 9 96 3 4 62 55 7 4 27 57 91 62 45 19 29 21 93 21 80 63 35 5 56 25 85 86 43 58 27 42 71 76 93 8 25 70 42 92 75 0 0 13 50 21 65 38 55 49 78 91 97 74 63 75 94 61 41 94 87 87 51 56 72 16 75 67 30 0 58 9 58 6 37 91 10 13 81 73 67 43 91 38 73 67 61 88 75 54 8 35 19 72 39 46 57 54 71 32 2 94 45 73 60 11 61 73 4 37 50 14 32 96 82 54 28 80 98 8 67 55 89 97 39 95 38 7 1 92 90 49 91 92 25 92 52 82 40 19 8 87
95 79 79 7 27 85 56 50 14 5 68 19 47 91 61 92 12 36 25 21 34 41 90 51 31 29 70 30 41 84 53 74 37 98 8 24 32 59 50 57 63 59 65 35 73 12 12 60 96 1 95 19 44 28 78 59 62 47 54 66 30 32 31 72 48 100 71 17 90 23 36 95 63 33 85 32 7 40 50 97 26 87 89 26 9 9 50 94 59 57 70 69 77 30 7 43 12 51 87 93 78 20 65 98 1 8 92 22 68 70 80 4 77 61 17 93 74 27 87 0 90 4 3 9 26 4 38 19 42 50 91 0 4 66 55 64 19 3 38 52 82 11 39 81 2 65 27 30 32
37 40 91 33 10 93 18 32 16 61 68 44 23 78 98 14 81 21 57 30 83 70 68 86 96 29 27 55 93 22 80 28 87 17 3 55 16 15 84 35 79 3 73 78 61 10 69 45 89 58 29 25 72 87 31 61 36 70 98 82 54 13 54 57 38 82 78 43 86 47 55 52 20 72 13 29 40 3 43 60 54 67 100 40 96 37 2 79 76 48 22 14 22 3 51 81 98 95 63 50 51 74 98 13 37 8 44 51 12 4 6 83 91 32 25 57 91 39 18 74 85 42 40 32 80 68 31 52 16 97 10 87 76 93 31 56 30 28 78 81 25 83 61 92 26 29 82 69 21
14 82 30 37 72 81 79 44 59 58 28 60 76 90 91 1 93 87 2 10 71 66 33 17 83 73 79 69 69 44 48 17 44 75 59 99 76 75 96 41 81 91 40 7 33 18 47 21 44 16 32 53 15 9 18 82 37 56 83 5 22 8 74 65 63 75 39 99 45 19 28 35 61 61 100 36 79 14 29 47 8 46 60 5 76 53 92 83 4 51 4 21 1 10 57 49 15 73 60 28 77 27 45 19 35 24 71 70 4 21 57 74 31 28 95 45 77 60 76 16 25 23 67 11 85 35 80 8 73 17 21 79 13 81 38 2 100 25 26 94 42 75 92 2 78 93 57 50 42
99 22 81 88 39 1 97 47 72 90 26 58 88 14 94 56 76 96 33 61 2 7 100 32 64 65 68 89 71 93 76 46 32 21 81 21 0 90 69 40 91 87 42 5 2 28 8 30 12 77 69 20 39 38 23 31 75 27 60 66 6 1 53 54 30 63 62 71 34 93 26 96 84 67 89 87 45 89 42 13 41 7 5 87 18 16 77 5 87 50 16 24 59 38 32 18 84 29 84 80 79 63 91 48 42 10 90 100 29 46 14 20 77 94 8 69 73 51 30 84 97 80 6 30 18 89 5 5 9 93 94 84 1 43 62 81 7 76 95 60 2 38 38 12 75 72 54 12 58
20 81 100 44 52 3 7 5 5 54 56 11 50 34 45 51 19 38 90 7 82 17 98 30 54 85 79 34 63 51 30 36 45 61 97 45 65 93 81 57 49 69 90 11 22 34 79 62 31 31 92 23 85 95 98 19 89 8 27 32 18 27 43 94 84 65 6 39 0 42 26 31 59 82 80 42 0 46 39 40 88 93 54 29 34 73 27 26 67 8 27 64 54 60 33 16 81 96 8 25 90 20 50 69 68 89 87 33 17 47 33 66 25 98 43 54 2 74 24 88 40 14 95 26 24 67 90 4 86 81 3 4 0 22 90 60 89 7 88 31 18 33 26 19 37 9 2 36 72
25 37 85 42 89 68 45 86 23 64 88 6 9 40 53 91 7 82 61 25 17 24 89 32 45 74 85 86 43 47 61 63 29 54 58 35 74 27 92 87 26 27 92 94 33 70 69 90 9 96 94 97 86 1 54 65 23 80 28 62 87 1 51 0 87 57 92 13 21 15 100 32 18 44 79 82 54 14 47 88 0 90 38 16 63 54 67 80 33 77 33 15 90 0 31 60 56 67 77 10 80 81 2 80 17 24 14 5 82 55 13 96 33 24 74 81 17 27 37 9 19 25 77 10 91 54 71 52 89 53 7 23 41 84 11 96 28 78 68 60 28 82 94 72 69 33 2 69 45
76 41 93 62 75 42 2 31 14 1 84 15 23 75 7 79 92 97 19 59 8 17 38 81 92 54 64 38 52 87 98 37 21 23 48 79 81 80 16 63 55 29 16 49 4 89 93 14 100 33 21 74 77 26 69 11 6 55 81 20 51 92 10 47 28 61 68 59 85 39 12 20 12 70 16 48 71 95 3 31 26 43 71 97 62 17 50 33 56 80 68 84 66 34 65 74 4 65 84 40 47 88 22 59 40 84 83 18 9 5 67 76 11 22 60 83 89 95 43 7 42 35 99 58 46 84 87 24 21 99 61 76 41 46 20 48 63 19 45 68 1 10 10 81 44 89 16 81 90
58 86 32 12 84 84 78 28 58 41 79 23 40 67 41 24 71 39 67 44 44 75 90 53 8 36 42 14 66 1 2 65 31 75 81 45 96 4 10 36 19 78 75 10 41 41 88 68 49 42 8 83 11 93 15 15 13 75 20 73 2 76 20 93 45 100 35 93 4 90 47 81 94 2 4 64 87 21 20 86 96 56 95 50 67 60 62 61 29 65 69 9 47 33 36 4 7 24 18 97 53 9 1 92 78 61 52 93 30 19 71 93 57 16 95 17 53 60 59 51 78 62 12 54 73 46 50 76 25 23 7 43 24 3 84 21 44 36 17 26 96 93 19 55 5 5 35 84 2
95 91 78 9 21 41 13 30 25 83 31 2 97 67 20 69 33 41 65 96 71 47 89 57 16 77 6 97 95 20 85 25 35 13 78 44 21 28 39 41 1 48 55 68 59 21 93 15 82 23 16 39 53 97 46 54 94 51 90 16 69 51 84 26 84 77 91 38 76 90 35 72 35 85 39 75 0 12 88 4 78 8 65 27 55 76 68 54 14 10 25 0 14 66 49 92 68 25 64 85 56 36 98 23 97 31 87 4 37 41 14 28 66 80 75 86 62 67 0 24 29 91 54 83 80 65 90 35 4 17 91 73 77 49 72 45 56 7 7 16 9 8 42 97 83 23 93 57 55
37 22 70 47 72 94 65 4 25 64 39 25 88 61 98 40 16 89 39 90 62 11 38 30 15 65 66 51 99 33 54 47 89 35 61 30 87 39 96 3 84 71 48 13 59 79 54 47 56 82 65 51 93 86 61 49 20 32 37 85 58 16 46 83 72 61 39 37 2 68 44 22 3 22 33 74 1 31 98 31 78 28 10 37 19 92 31 56 91 63 38 1 55 73 13 54 79 80 11 73 2 20 0 71 48 41 30 56 41 54 26 67 1 16 60 98 62 33 43 99 75 53 55 69 5 98 2 82 37 90 73 12 11 2 45 90 52 59 86 83 57 35 42 26 4 87 67 8 31
52 22 44 61 19 1 93 65 75 1 8 21 45 20 2 89 0 51 46 57 92 37 41 10 68 82 39 52 35 58 56 10 5 95 87 91 61 35 8 54 73 57 81 16 21 15 15 89 28 72 83 5 17 55 26 21 86 83 76 94 28 100 18 12 23 72 18 41 92 87 30 18 27 28 50 79 96 77 87 27 17 99 23 40 55 48 76 17 20 2 48 51 18 68 27 80 1 70 20 16 64 21 95 72 68 10 77 12 72 41 86 70 39 17 15 98 3 48 80 12 76 6 55 93 45 6 31 25 85 36 75 18 63 49 41 20 72 14 92 55 2 96 93 92 98 75 38 53 79
7 6 79 21 31 46 69 39 57 53 66 39 70 41 50 34 93 36 30 31 87 98 68 69 84 58 31 66 86 78 57 66 78 62 41 88 90 24 88 71 54 81 60 44 76 59 46 74 95 100 50 13 19 99 93 70 11 78 31 86 82 73 35 1 32 1 26 85 73 53 46 95 73 28 93 8 70 70 90 67 0 86 90 79 56 96 14 68 32 12 6 97 68 17 83 91 7 31 94 1 88 99 94 82 75 49 38 35 28 42 14 9 31 80 99 92 5 35 85 66 78 57 63 42 23 8 83 51 56 46 24 33 40 52 37 69 18 22 43 17 94 87 86 3 25 1 19 98 0
10 34 64 63 68 94 97 57 56 77 41 93 78 38 24 52 14 31 77 31 76 10 85 91 16 38 59 22 47 58 95 1 75 49 4 88 67 39 24 17 69 7 94 41 88 65 83 71 87 69 71 63 16 23 63 86 86 22 93 55 63 87 14 9 46 60 74 27 99 95 92 74 8 46 73 12 41 30 96 31 83 16 57 68 43 77 32 79 28 14 40 21 2 12 74 70 2 73 19 24 88 97 7 83 63 9 30 20 19 80 54 8 46 1 97 31 78 72 66 46 31 92 73 13 25 35 68 40 10 96 72 72 29 36 69 72 68 91 70 60 87 23 42 18 10 28 37 19 43
34 34 41 22 46 19 97 7 39 85 29 63 75 25 76 76 48 44 93 28 66 98 31 75 70 6 79 10 33 30 86 88 89 22 91 20 67 56 89 19 0 57 69 32 11 95 61 84 23 55 95 14 14 15 54 64 89 3 25 30 58 93 46 4 90 93 82 25 0 34 34 5 95 56 20 0 92 20 90 49 71 62 1 40 35 29 61 51 90 74 34 34 85 67 87 34 78 27 86 3 8 51 48 83 47 63 39 77 97 28 19 91 24 83 76 45 55 62 37 54 52 70 21 93 1 57 13 95 15 2 34 89 6 6 1 37 8 38 0 74 11 86 31 20 21 56 92 89 58
83 0 80 7 84 5 38 19 65 11 78 5 33 72 34 54 83 5 98 97 72 71 96 30 77 59 96 84 76 42 54 58 83 2 59 62 97 44 2 47 26 26 76 79 12 53 67 21 74 50 14 24 95 19 69 40 64 20 64 42 61 67 60 78 8 96 88 40 28 47 35 17 44 82 58 41 25 75 60 63 28 4 44 41 79 49 43 83 14 19 74 83 14 11 12 29 42 11 3 43 46 10 46 37 74 92 66 16 48 86 24 85 1 15 61 27 13 41 66 73 40 95 12 60 20 28 35 29 1 34 77 55 29 60 7 90 76 35 87 51 80 54 70 33 27 29 93 66 23
50 45 6 30 40 36 62 95 8 17 22 92 54 69 57 75 29 82 61 73 91 15 20 97 0 37 4 41 86 43 14 12 98 39 68 33 84 92 52 20 54 56 25 38 22 68 100 14 99 28 4 97 56 58 95 63 31 22 70 59 26 38 41 21 84 92 47 14 69 65 86 4 64 29 5 81 59 59 93 14 87 54 96 11 1 41 10 5 44 91 61 45 59 18 41 56 23 96 94 63 69 76 95 28 84 62 78 1 64 78 20 39 76 25 80 56 50 20 31 56 87 20 81 68 36 25 85 19 46 71 59 48 74 45 68 17 6 44 1 67 92 33 87 6 9 63 60 68 34
75 99 55 67 56 90 66 19 51 16 93 74 47 96 69 33 86 71 52 28 20 43 20 95 1 52 80 24 35 3 42 83 58 66 74 49 75 82 68 64 98 100 21 2 34 16 41 3 10 23 15 75 29 37 26 9 11 76 99 27 62 2 48 93 64 93 38 0 92 46 53 64 53 57 97 3 71 52 24 90 44 41 30 7 40 68 15 48 32 83 9 27 3 58 48 4 93 31 96 36 27 19 16 57 76 48 47 100 69 7 11 91 17 69 27 83 57 66 70 2 42 56 97 96 86 27 62 14 17 12 93 69 3 8 29 5 23 34 2 81 23 86 34 37 3 98 30 18 85
10 34 27 51 83 3 53 81 56 85 4 47 44 48 4 41 22 16 23 76 5 55 22 33 77 50 34 0 24 4 21 72 58 30 61 64 7 4 19 3 21 8 27 95 66 1 41 66 9 35 71 26 14 19 59 55 80 92 41 92 97 27 55 35 69 94 67 26 65 40 65 45 20 51 97 89 13 58 89 8 1 6 91 13 83 99 32 76 90 36 92 33 69 18 6 74 20 6 73 76 9 11 93 10 38 89 6 62 94 83 88 13 50 27 88 23 40 33 2 26 46 90 14 67 53 26 65 33 14 97 47 2 94 15 52 96 25 100 70 87 38 29 88 49 92 77 20 78 57
86 8 68 11 86 45 67 38 77 30 76 23 75 99 69 66 75 76 8 22 100 62 49 2 89 62 55 31 19 39 24 52 55 45 96 34 63 1 81 99 6 17 17 18 10 72 79 67 71 84 89 4 23 78 98 69 57 50 23 46 78 73 26 8 25 81 25 15 92 48 49 15 89 17 89 31 50 27 25 10 61 73 41 30 15 23 10 17 30 21 69 23 51 50 90 67 13 28 57 71 92 48 57 24 62 17 0 70 59 25 29 97 87 58 14 37 89 28 20 43 85 81 99 32 89 90 30 56 49 50 59 63 35 56 88 73 42 42 8 87 77 25 4 9 1 65 92 74 82
20 9 59 39 17 45 47 79 7 73 43 59 56 34 93 30 51 40 79 58 26 40 25 65 20 25 13 56 71 44 77 48 59 24 2 45 92 26 77 73 86 48 46 93 91 94 68 17 78 46 73 36 85 21 9 34 23 83 51 6 6 20 54 89 36 10 53 92 50 29 25 86 20 30 63 82 81 74 10 76 19 93 63 12 83 2 4 1 4 22 31 84 84 12 11 72 28 29 79 6 50 24 61 78 69 43 50 46 36 10 39 89 11 42 8 39 88 23 60 38 34 97 77 53 88 35 36 45 94 71 44 57 31 84 27 58 59 50 20 70 77 73 65 22 39 11 21 86 93
35 3 85 94 82 29 92 6 65 85 78 8 49 41 56 35 39 21 18 7 36 95 14 63 92 100 85 95 63 9 16 69 79 30 31 92 35 25 7 60 51 99 55 74 14 50 39 100 57 55 26 52 99 21 13 82 42 13 85 62 95 77 35 62 78 85 29 100 56 12 20 33 10 22 54 7 92 64 5 51 37 53 70 2 70 46 11 62 94 79 74 68 83 17 1 33 22 61 10 15 25 86 91 87 32 9 24 21 21 54 38 93 19 33 8 76 20 97 11 73 32 84 71 37 89 85 24 68 55 72 78 9 33 20 18 39 74 73 70 69 80 57 58 40 15 26 85 44 22
22 61 22 49 59 36 84 42 5 93 85 58 58 82 77 33 59 30 91 89 1 51 31 29 27 75 80 81 74 29 61 18 77 56 95 71 45 46 47 50 74 54 80 74 50 94 94 55 28 76 46 88 14 84 93 0 80 83 32 76 42 93 13 86 19 41 93 89 56 72 67 90 14 53 35 15 47 27 18 68 79 40 45 4 55 47 41 15 36 8 77 84 79 66 29 65 13 47 20 40 60 33 71 37 13 27 70 69 93 94 11 31 20 55 44 70 51 0 15 16 42 79 26 59 99 48 18 44 71 56 65 54 96 52 29 14 85 48 49 89 28 34 32 85 2 72 12 43 12
12 75 37 19 56 56 24 53 46 4 5 5 19 87 38 43 18 75 100 23 14 15 37 36 0 79 24 16 42 77 97 45 35 57 85 71 29 83 70 26 47 76 62 93 8 12 41 48 44 56 71 78 31 93 54 38 62 86 71 82 9 2 79 94 46 92 94 99 58 64 14 83 36 74 83 53 60 88 36 8 3 87 55 27 26 6 37 31 67 12 20 38 89 46 74 45 18 12 4 69 86 54 44 33 79 15 41 69 76 35 37 58 13 41 59 7 48 23 47 98 87 75 76 17 55 6 84 77 86 78 45 44 38 13 19 61 89 7 3 60 5 3 88 53 18 91 85 75 33
64 95 48 49 6 86 25 97 37 6 31 13 49 21 88 89 95 47 56 64 61 87 87 100 62 46 22 39 45 71 20 24 90 72 79 9 88 78 30 26 41 14 34 17 49 57 21 74 57 99 20 68 7 6 56 80 49 67 91 22 100 39 33 5 49 2 7 44 8 34 69 29 86 56 86 86 50 38 49 91 38 87 37 54 49 69 87 82 39 56 46 16 96 42 75 79 92 10 84 85 86 23 87 4 34 18 21 72 87 31 60 58 30 38 45 48 69 45 95 10 88 15 66 91 34 23 52 59 1 86 21 76 89 30 74 82 27 81 59 5 83 50 22 38 75 81 46 57 94
49 74 68 17 29 76 10 7 87 21 56 1 28 49 81 29 63 63 40 17 54 42 21 62 33 32 31 47 89 39 83 54 1 16 36 32 58 25 7 79 13 75 11 91 68 17 19 13 87 15 88 71 96 87 15 26 81 28 98 43 100 15 31 95 60 21 9 90 87 29 64 99 79 42 6 50 13 67 79 11 60 62 45 93 50 85 97 9 70 52 59 83 5 39 50 81 72 13 70 18 28 68 80 51 48 15 49 72 89 100 93 85 67 4 30 53 77 30 47 96 7 60 43 99 24 35 28 23 69 36 5 86 15 5 98 64 4 89 41 72 67 40 44 68 45 89 53 56 66
1 99 51 26 42 79 39 53 57 86 34 44 73 96 43 57 58 26 12 45 84 51 21 79 0 100 99 87 54 31 16 99 24 7 35 95 7 17 65 79 24 98 36 25 69 50 73 8 85 2 64 55 40 86 9 56 56 31 61 78 96 0 81 26 38 5 21 48 43 25 24 55 6 30 38 0 49 92 54 18 35 30 72 95 33 20 39 89 18 46 20 94 71 87 6 1 1 42 56 38 42 50 70 22 77 55 93 95 19 30 18 53 60 32 68 90 42 66 21 20 78 67 69 0 10 34 58 71 72 81 82 82 90 47 97 24 94 42 86 36 5 81 29 57 59 88 82 47 41
65 10 87 50 75 62 0 80 93 2 97 35 26 38 60 86 54 30 4 19 13 42 80 92 96 5 61 89 99 54 25 87 37 80 67 15 27 24 72 46 11 80 59 50 78 25 29 11 81 73 98 19 91 60 57 81 45 67 20 36 18 69 70 43 5 58 16 19 32 19 71 70 0 86 39 37 78 59 42 50 52 12 97 41 49 41 34 11 78 78 40 86 68 27 67 64 16 88 18 96 64 91 52 17 57 44 62 30 11 28 59 93 23 30 65 51 44 55 76 55 94 70 49 68 98 77 82 25 40 81 45 5 0 50 73 73 23 41 73 93 91 67 20 67 47 70 75 14 36
48 87 14 60 32 87 19 49 86 6 40 33 36 52 32 29 98 35 90 39 1 24 20 93 12 2 16 83 47 53 10 82 80 18 75 84 39 63 25 79 91 70 52 9 81 70 7 2 47 49 29 63 42 91 82 98 98 98 7 29 12 63 89 60 14 80 14 88 93 41 67 14 62 35 58 59 60 99 58 60 26 36 61 11 58 30 5 93 94 10 47 76 93 73 7 85 96 46 4 46 21 71 47 16 27 68 20 57 79 52 15 92 49 61 27 77 63 70 14 21 63 20 37 8 51 67 27 75 37 79 61 87 100 20 81 68 22 91 85 7 31 48 4 37 60 2 1 87 95
91 37 50 71 94 70 91 32 14 1 63 59 81 51 100 73 80 18 69 69 16 33 17 18 72 55 93 44 26 80 67 92 72 4 74 91 85 55 51 37 77 73 91 90 0 9 81 71 3 93 0 35 7 79 77 46 38 39 88 68 60 90 31 17 82 2 65 34 55 38 0 21 82 55 22 74 83 1 3 96 76 82 79 61 26 34 2 4 46 99 95 24 16 25 2 90 77 60 78 21 80 9 22 50 84 13 20 20 31 2 44 78 80 23 56 63 18 29 40 9 21 2 66 77 66 11 1 25 98 5 22 76 5 74 38 48 100 87 40 85 71 48 94 20 80 72 52 91 2
3 70 20 27 56 51 78 34 82 38 49 41 23 6 49 19 100 78 43 72 35 88 73 18 62 37 96 68 36 77 0 28 92 24 42 43 66 48 92 35 49 75 74 24 22 71 59 27 52 100 45 38 8 12 79 92 30 29 59 75 33 69 65 62 38 35 23 61 73 77 81 12 15 60 20 49 72 60 91 58 100 56 62 45 77 4 54 26 44 100 37 87 21 2 23 74 9 81 29 91 31 29 13 66 94 99 60 78 12 49 78 99 99 93 3 48 94 90 44 24 50 44 36 27 12 3 33 70 30 89 9 5 92 86 69 93 70 93 91 43 93 64 30 91 86 84 85 67 84
35 61 95 6 84 5 65 72 99 12 78 36 27 71 22 10 40 64 83 50 10 43 68 34 40 8 49 34 97 89 37 16 62 74 2 16 75 37 84 61 85 58 64 77 68 57 51 26 34 82 5 2 61 53 55 49 69 22 40 43 91 61 4 41 89 95 67 74 100 4 68 17 48 92 55 34 75 31 67 76 83 2 65 40 81 15 12 99 48 8 18 12 23 7 18 0 99 17 7 14 74 14 12 16 17 55 77 93 78 8 28 3 15 77 52 31 67 100 5 35 88 50 14 54 97 50 79 7 54 71 39 9 59 41 19 53 42 24 43 88 5 15 37 76 99 37 56 75 13
57 67 27 76 45 91 48 53 93 17 36 33 96 78 97 75 92 38 58 26 8 30 16 16 90 47 34 39 18 68 88 69 32 19 3 14 92 93 66 60 21 66 97 19 13 28 33 43 39 66 29 20 18 92 89 98 51 73 45 43 86 31 19 59 67 66 25 10 31 7 9 60 77 1 1 77 35 78 93 83 50 84 53 63 5 96 28 54 7 43 88 31 27 0 70 55 71 81 97 84 98 52 72 96 7 43 33 54 51 57 40 35 51 93 15 26 12 75 77 76 2 10 38 45 13 95 48 66 77 77 22 0 10 92 12 33 66 79 6 22 94 88 51 41 92 48 71 95 100
62 71 84 5 6 4 35 49 10 33 46 41 83 9 47 50 47 20 25 1 82 52 40 6 99 14 65 11 78 55 15 57 50 62 48 1 71 23 37 63 40 72 67 51 12 13 96 62 83 98 26 70 12 67 67 91 34 23 36 46 50 7 30 79 26 55 87 28 7 28 12 60 2 78 77 8 66 48 4 39 67 81 88 56 82 51 13 70 82 92 75 43 24 54 54 91 2 48 69 73 39 16 17 25 65 65 5 39 23 66 21 28 14 11 66 36 65 34 45 69 55 77 61 59 55 75 19 16 44 58 19 88 57 5 11 42 52 90 11 87 49 0 81 62 22 48 89 52 48
49 14 2 35 33 59 60 63 10 1 27 12 61 32 33 5 9 5 77 39 95 24 87 44 39 58 9 65 87 13 6 99 33 20 4 24 87 77 9 57 97 5 95 19 57 84 44 72 32 62 20 61 63 71 40 36 32 58 2 50 9 79 65 37 23 60 74 67 47 34 37 90 42 1 78 51 25 67 10 44 65 9 92 53 57 52 52 39 28 79 33 17 42 77 58 44 46 47 26 56 94 30 8 85 39 49 60 36 77 99 28 50 65 57 20 44 62 5 1 7 73 53 72 1 66 36 89 50 67 17 79 15 4 68 15 81 64 10 43 83 9 81 50 66 85 54 39 7 40
75 78 5 40 80 42 15 85 17 10 39 82 76 23 33 77 30 71 89 8 3 45 51 46 49 58 74 88 70 19 80 34 52 78 53 75 52 98 59 52 32 53 83 43 45 5 59 82 83 95 54 60 91 95 13 60 21 19 87 86 68 82 9 54 20 34 61 71 7 42 96 9 93 49 29 89 99 2 82 76 23 24 71 90 95 81 50 63 85 71 61 87 15 64 20 89 20 19 43 60 79 49 74 8 58 23 31 75 26 45 47 21 12 48 84 71 65 100 17 58 42 55 28 45 52 56 73 47 49 86 85 53 9 76 78 79 77 23 54 70 12 99 21 20 19 49 73 73 29
71 20 82 39 36 50 74 96 45 14 84 60 58 34 83 47 5 29 70 75 49 3 36 40 47 78 34 44 75 98 96 20 14 73 63 43 31 85 75 31 96 2 36 41 91 99 62 29 2 21 98 97 19 72 5 12 13 34 89 66 76 21 98 85 99 98 12 40 83 77 71 71 23 27 9 67 39 33 3 38 10 87 17 8 60 52 64 74 46 6 19 51 37 56 71 53 55 43 28 25 18 56 75 38 47 89 94 84 39 19 55 66 74 22 0 63 18 69 50 99 70 7 73 74 60 0 29 46 23 80 58 99 2 99 64 80 25 53 88 37 33 57 71 88 45 7 46 2 3
8 1 30 85 89 73 16 28 23 91 55 1 100 88 73 10 40 63 55 1 95 63 46 1 23 78 69 74 17 71 75 48 88 19 4 56 57 90 21 40 20 88 98 33 75 81 19 94 78 91 45 71 43 100 35 12 83 28 73 29 24 43 87 30 30 15 6 95 70 57 14 58 75 6 82 15 75 99 43 47 3 7 87 88 41 75 46 42 43 23 83 22 34 94 37 48 10 70 70 2 92 74 34 71 45 87 30 15 63 9 35 13 50 81 97 54 44 97 27 2 100 27 39 95 37 29 59 92 90 69 76 93 68 79 4 56 44 26 49 61 97 70 5 52 11 96 68 18 5
65 78 30 27 83 3 5 7 97 40 65 37 70 17 17 50 16 67 100 57 35 10 17 79 68 65 67 99 22 81 31 57 40 37 69 0 56 72 54 45 69 67 29 71 31 94 69 90 86 65 50 28 11 41 94 21 20 47 25 17 67 93 58 79 9 35 3 70 46 43 51 47 37 74 2 52 23 64 65 18 87 24 67 42 3 83 54 100 80 3 10 37 70 1 12 8 22 0 39 35 29 88 10 99 30 31 84 93 35 51 37 1 42 36 40 90 10 62 14 97 43 60 1 81 32 55 43 97 53 86 78 14 99 51 52 13 81 99 97 70 28 58 62 81 20 72 100 35 65
10 94 72 97 62 13 71 46 43 54 71 99 68 3 17 46 86 67 45 57 63 24 65 52 30 18 23 61 50 46 16 8 52 36 10 66 19 28 77 86 24 12 22 81 62 89 40 31 13 60 60 31 8 1 74 63 69 6 1 95 93 18 53 17 90 16 21 14 27 37 67 21 47 0 9 81 4 90 80 85 56 32 65 37 82 96 53 94 88 70 18 100 32 21 8 21 24 96 16 91 55 38 16 2 16 67 23 72 40 37 65 54 61 82 56 64 6 74 7 80 80 71 62 50 84 31 71 32 91 16 4 67 36 63 13 94 90 91 58 18 45 100 92 79 56 38 74 37 63
11 93 3 89 48 99 74 21 80 48 30 56 55 87 56 51 40 33 59 52 67 90 58 18 24 44 43 13 33 22 26 12 59 51 73 66 7 23 63 39 48 96 70 24 46 24 55 53 46 89 34 90 6 20 27 96 3 8 80 93 84 93 72 44 67 94 5 97 46 42 45 28 39 39 15 3 68 99 31 63 23 71 99 26 51 17 71 17 13 62 53 15 44 39 74 8 72 45 94 92 27 65 25 91 14 31 61 5 9 76 7 58 58 93 9 84 9 71 40 57 89 48 18 53 44 62 68 8 62 56 65 92 68 73 24 65 0 25 8 8 84 44 29 25 57 30 77 3 54
3 66 85 7 14 68 20 95 52 12 64 43 31 80 66 69 1 12 76 59 6 80 78 41 24 64 11 25 56 55 45 28 52 51 40 46 16 43 10 4 76 40 54 95 50 14 64 14 32 74 31 79 85 62 69 64 47 11 54 32 84 60 64 56 77 31 98 78 70 75 5 40 26 0 26 18 93 22 12 85 85 67 8 45 65 40 100 53 55 12 85 54 63 99 36 39 29 56 43 13 82 33 40 100 57 91 86 37 97 78 87 27 7 11 10 9 5 77 3 79 77 73 34 79 1 18 12 16 22 52 55 79 20 66 92 75 33 61 3 94 24 65 64 35 66 83 79 92 21
14 73 98 31 30 72 50 25 42 67 33 52 84 48 78 91 64 68 59 59 2 38 92 26 62 97 98 22 94 13 31 49 64 56 95 23 32 74 67 87 56 62 46 54 88 82 57 22 14 58 57 38 87 21 89 81 47 24 32 35 69 14 20 10 50 97 26 52 34 85 89 19 24 65 38 71 16 45 34 69 4 34 38 22 39 15 23 63 21 91 80 6 78 95 11 2 61 92 7 12 31 42 43 98 74 76 30 65 42 44 63 68 88 30 65 67 56 58 55 20 30 40 53 63 89 70 79 55 32 74 54 25 61 50 87 25 55 6 9 9 73 42 32 69 20 47 67 21 13
14 52 89 97 62 50 20 97 91 62 12 9 96 82 47 75 70 42 37 30 31 65 24 62 24 96 14 97 30 50 44 91 24 41 26 29 56 18 54 27 63 92 11 54 24 83 58 54 61 13 3 54 21 96 30 45 87 60 100 75 34 59 3 88 48 3 83 96 45 80 63 87 90 91 29 25 54 67 54 47 19 98 46 85 89 87 82 55 1 32 70 69 88 22 70 14 64 91 70 97 5 69 4 1 91 0 26 75 94 45 80 85 18 51 38 75 37 34 41 28 19 56 22 51 64 74 98 93 11 74 43 0 7 47 58 36 54 65 42 40 52 0 58 82 73 90 18 26 83
99 10 51 63 83 90 93 86 2 18 27 99 4 89 73 33 14 1 65 28 65 92 9 57 21 17 40 69 13 52 67 28 2 89 47 7 93 49 17 92 44 88 63 77 42 6 88 31 100 73 54 40 70 98 51 10 77 87 2 87 83 78 62 99 23 28 82 58 41 33 86 88 80 69 81 62 42 38 3 51 96 87 78 76 66 1 75 82 13 42 96 73 31 61 5 82 96 22 57 29 49 26 3 35 51 74 26 48 42 41 21 75 50 62 91 43 11 79 62 86 24 54 81 94 98 95 58 100 6 78 100 63 99 20 100 45 5 9 15 49 35 19 6 2 26 83 80 56 26
25 38 62 5 6 15 7 27 60 84 77 47 69 15 18 32 56 4 31 26 93 65 57 97 23 39 50 95 80 2 55 15 14 55 56 98 69 91 9 99 52 76 36 48 78 91 96 82 30 52 91 48 23 43 55 72 4 36 69 17 41 82 0 66 33 86 97 8 11 95 12 50 76 14 63 87 89 85 17 55 96 49 13 83 29 68 2 7 49 22 36 74 75 59 92 26 75 38 34 55 75 23 90 79 7 1 40 99 50 81 26 40 4 95 57 98 80 24 88 53 92 5 3 38 60 33 22 77 59 28 65 6 45 25 98 59 68 33 27 33 81 23 35 75 12 46 12 48 80
76 62 76 23 57 37 82 42 60 69 18 60 97 53 64 14 47 84 29 73 2 82 94 1 92 47 81 7 94 95 18 86 97 2 87 41 66 67 97 74 92 43 41 0 35 56 38 100 97 51 66 72 0 0 19 27 94 98 47 92 90 41 19 62 30 65 33 20 93 95 87 22 70 65 9 75 95 42 21 57 51 58 67 80 21 29 85 33 23 46 66 79 80 68 20 88 28 60 33 95 5 96 17 64 37 71 82 69 43 22 77 85 53 97 89 6 40 3 68 56 100 28 86 41 54 69 89 58 71 89 2 14 22 18 0 93 70 67 89 22 70 46 33 35 74 62 58 14 64
19 96 20 57 56 18 2 86 75 75 73 83 39 7 62 33 60 36 34 63 86 91 54 15 87 29 100 26 16 73 0 56 71 77 25 56 17 90 37 39 89 66 80 22 29 42 58 60 31 3 93 37 71 70 10 96 91 35 21 80 34 93 92 56 24 14 4 3 82 13 94 76 86 24 35 28 43 95 40 94 26 80 1 68 50 14 4 7 65 34 6 97 34 66 95 82 73 13 76 29 69 46 69 73 16 50 31 40 24 68 55 51 50 91 19 98 99 27 8 87 13 1 95 38 22 77 31 28 21 11 4 33 96 6 26 81 31 57 31 37 76 21 93 66 34 47 82 96 95
48 34 82 49 10 97 40 36 39 18 99 50 26 60 12 87 81 0 24 3 32 61 46 87 89 72 24 89 89 63 100 18 46 72 51 77 70 52 71 100 67 38 14 56 55 66 56 11 33 18 55 79 17 97 17 75 72 6 8 52 93 47 42 80 53 53 62 66 91 14 78 7 26 31 51 84 28 30 40 96 61 50 34 42 26 34 29 3 72 44 29 73 13 32 61 37 43 62 84 6 62 76 95 51 30 46 65 9 98 72 56 86 78 49 82 97 9 24 32 8 96 80 4 21 64 45 71 13 78 95 18 45 81 7 58 73 77 21 97 55 43 11 52 91 40 47 56 72 46
18 45 56 22 6 43 30 46 98 24 31 27 50 28 50 94 89 34 79 61 60 3 10 0 25 81 76 30 97 32 45 54 24 64 4 9 11 86 87 21 97 82 83 46 26 23 46 74 53 97 24 37 6 100 81 72 27 98 62 58 34 32 18 27 29 40 94 53 24 61 6 49 75 85 90 83 48 36 72 79 0 66 37 60 1 78 48 67 100 21 25 96 11 62 85 40 56 23 1 46 23 28 60 11 92 11 31 14 75 32 16 15 7 3 94 84 3 88 78 35 37 5 5 96 60 9 10 7 24 21 25 59 30 10 50 12 11 94 73 82 19 0 94 91 16 88 61 89 9
27 8 8 22 65 69 2 77 2 53 56 41 18 51 94 21 77 34 92 25 10 24 88 41 66 81 58 40 67 76 24 66 12 59 58 36 95 51 35 100 75 62 79 54 84 44 7 54 56 79 2 5 58 49 41 88 8 56 64 49 26 20 16 52 96 62 22 48 27 98 4 69 99 59 63 66 99 24 81 30 24 31 24 14 79 66 10 24 21 46 68 95 56 25 69 0 55 49 68 77 93 71 88 5 9 43 64 56 80 66 48 43 75 74 88 33 96 65 14 25 5 8 27 60 22 43 14 93 29 60 26 86 60 29 8 82 16 40 83 8 10 38 2 23 13 88 41 46 84
37 31 99 35 44 54 28 37 81 97 50 6 87 28 100 67 55 37 42 62 89 62 80 45 69 92 69 80 31 86 57 38 52 78 12 9 70 19 66 26 36 98 35 10 39 60 65 69 51 48 29 92 71 4 2 11 89 41 16 92 79 43 4 40 54 55 68 96 69 45 29 18 76 31 21 86 50 41 72 56 99 32 66 6 60 20 95 80 29 71 66 54 19 19 73 94 36 24 23 60 47 53 72 69 95 50 81 73 54 28 14 0 29 9 95 57 11 96 76 71 76 85 18 83 88 88 97 45 0 83 2 31 15 0 40 44 65 55 68 61 49 34 10 55 60 41 62 69 100
5 71 37 34 77 85 33 88 6 48 31 66 4 75 68 24 46 35 83 88 69 23 62 6 52 5 63 0 48 69 59 97 52 78 47 38 26 95 69 4 73 33 55 48 71 72 60 69 64 68 22 2 68 73 37 81 29 30 27 37 73 82 14 84 7 75 84 84 91 40 60 80 54 84 31 3 64 5 25 14 68 83 46 45 29 68 31 83 3 96 88 81 36 84 0 0 67 46 96 36 97 19 4 65 6 39 40 27 69 44 86 24 38 100 92 95 99 53 56 79 2 46 39 61 89 98 70 69 46 70 43 27 20 59 64 36 62 70 15 33 16 24 15 52 26 98 86 90 22
3 73 6 24 58 16 80 26 35 4 15 96 40 69 78 44 58 22 52 88 82 89 48 74 44 46 58 18 78 59 8 27 64 26 39 21 97 60 48 48 11 94 83 93 72 20 83 77 70 8 4 87 64 7 90 82 44 65 44 9 62 0 49 71 56 78 51 7 32 91 11 37 49 95 66 81 47 8 62 6 23 14 81 22 99 2 94 59 61 88 69 25 16 84 33 83 84 74 18 57 62 45 64 83 44 40 33 19 92 17 16 12 81 0 17 77 91 18 82 54 85 95 8 66 55 7 12 18 100 66 10 45 92 6 98 38 34 45 46 23 98 79 67 90 78 26 92 62 24
31 30 54 67 25 68 55 40 13 1 86 19 68 72 21 3 16 27 40 11 11 50 2 88 14 14 56 84 22 65 97 93 53 54 77 39 65 89 45 27 65 95 21 84 19 34 6 95 24 54 58 58 51 15 18 29 83 79 77 67 31 25 65 95 3 93 25 40 42 5 23 89 25 65 30 30 91 30 61 87 28 8 76 71 94 89 15 86 25 41 58 63 9 76 30 99 40 48 93 74 37 74 79 22 41 21 63 79 94 64 69 6 18 47 46 51 5 3 5 14 68 34 8 55 42 24 97 76 89 91 82 28 95 1 21 54 37 51 74 4 97 84 13 30 36 6 89 44 79
72 9 27 70 93 0 89 20 76 11 49 45 0 42 45 76 62 66 61 53 86 25 67 56 17 86 47 83 4 89 32 14 4 22 93 61 32 50 97 76 63 44 52 43 92 81 6 44 51 93 89 15 84 72 87 48 79 28 43 66 75 3 43 75 66 92 45 55 79 11 41 54 59 48 94 72 36 93 64 17 62 14 57 22 36 92 100 60 21 44 26 3 35 29 54 61 85 50 96 75 42 82 62 49 40 61 91 82 26 91 54 62 34 4 74 84 8 35 29 49 4 99 87 99 58 66 30 31 39 66 38 4 78 26 39 98 33 9 37 12 27 77 27 70 1 66 8 36 48
56 85 74 55 43 83 49 66 11 96 14 32 19 75 4 94 14 6 93 52 96 85 92 48 79 43 6 14 100 61 85 86 6 93 62 1 46 17 15 53 81 55 54 68 22 0 58 83 60 56 14 70 28 11 7 85 90 96 57 5 91 15 100 78 15 10 12 74 40 96 63 3 21 32 62 16 99 32 1 98 12 15 85 20 7 35 72 1 67 51 94 28 35 80 70 48 14 23 87 45 89 76 88 72 73 91 12 87 14 47 34 20 83 2 88 90 84 35 49 97 16 60 78 20 88 29 54 31 97 83 61 32 81 57 32 71 42 27 27 0 9 69 0 22 44 60 14 12 50
47 32 60 44 59 4 61 56 16 93 100 64 72 20 90 73 85 28 26 72 100 10 47 45 56 77 30 31 93 5 6 71 32 69 25 75 4 62 77 61 6 77 2 91 67 22 9 95 26 28 34 63 98 46 25 14 69 30 26 36 25 83 41 85 77 26 69 21 70 61 20 8 98 87 40 56 44 86 26 37 57 30 23 40 93 38 87 98 9 78 49 4 19 40 15 86 54 24 32 12 40 79 12 13 65 59 58 89 66 43 82 92 36 55 36 98 21 6 30 97 31 98 47 87 99 95 58 52 30 87 12 79 55 87 86 31 36 49 41 88 70 69 9 28 20 12 17 73 99
70 41 12 8 72 24 22 51 6 73 28 25 13 54 73 9 11 64 44 63 33 38 29 68 82 55 32 65 42 35 91 98 51 45 96 28 47 100 58 43 4 81 38 44 44 19 91 3 4 19 86 8 51 71 42 66 99 98 75 91 31 74 80 56 93 41 81 95 18 93 37 23 80 4 91 91 48 21 95 36 55 16 0 38 86 26 13 90 84 84 41 62 59 88 40 1 78 47 67 96 79 90 38 10 77 2 30 22 97 45 46 20 45 43 1 13 82 89 37 96 18 65 50 15 55 19 69 92 58 10 22 37 81 35 12 3 23 46 73 55 68 43 40 83 91 5 93 28 68
47 51 80 71 20 34 63 23 57 3 73 15 21 92 79 3 27 32 71 62 77 60 63 50 57 81 21 50 68 84 7 24 53 81 1 69 77 8 91 50 2 62 89 28 10 21 83 11 86 3 75 76 35 64 27 30 49 77 87 74 51 26 4 28 13 12 68 2 26 78 2 92 56 17 86 5 4 49 39 70 68 14 4 85 15 79 16 31 27 39 72 12 79 75 98 61 26 2 56 63 84 43 5 77 35 90 12 27 92 69 19 66 3 18 34 75 26 18 42 58 14 76 16 49 87 52 66 34 83 91 41 20 53 14 99 19 57 76 50 48 48 4 6 85 7 78 33 15 15
41 56 92 74 54 36 28 95 46 17 78 44 80 63 71 39 9 68 82 77 5 86 93 9 15 12 86 10 31 83 10 81 90 7 45 63 71 38 18 66 71 88 81 35 54 27 38 8 18 73 13 22 27 29 70 100 52 8 1 74 39 38 80 83 38 80 75 37 11 86 100 54 84 28 100 3 85 56 21 99 12 6 92 45 99 8 24 80 99 15 21 5 98 90 28 76 19 96 61 26 69 62 7 52 85 88 32 59 25 76 57 81 3 70 57 14 26 72 70 69 76 34 46 78 85 58 4 70 36 34 48 98 0 50 92 5 60 50 92 69 77 31 87 59 64 2 5 50 94
70 82 52 77 84 13 89 16 56 30 20 71 75 83 48 7 43 25 57 65 22 93 48 98 37 99 38 69 5 71 5 42 82 49 64 90 36 98 80 13 5 92 9 7 91 72 39 40 97 40 98 62 31 9 71 29 69 6 86 88 2 23 11 86 26 97 88 91 11 28 75 94 81 98 64 0 68 49 20 91 50 34 52 73 15 46 11 23 88 5 80 33 71 84 27 7 31 66 82 2 71 2 0 21 55 46 33 9 97 51 54 55 70 36 38 2 91 4 81 66 97 49 10 90 43 81 93 13 8 10 79 32 4 45 40 2 82 42 4 90 59 14 96 95 46 94 80 82 4
8 67 78 21 81 89 100 46 66 34 50 56 1 92 90 61 18 90 52 50 54 17 54 99 66 26 0 18 67 94 47 99 39 18 65 12 30 76 21 50 16 97 86 9 12 76 39 16 22 34 96 26 37 90 36 56 36 80 71 75 25 41 47 97 67 83 69 69 60 23 32 85 57 98 20 100 80 68 79 88 24 98 29 38 9 53 8 0 49 86 4 44 11 40 15 48 94 8 34 57 40 14 45 75 35 23 65 43 36 96 91 36 40 63 23 79 68 48 27 38 29 76 12 76 2 59 75 78 36 99 16 85 57 70 90 5 22 35 60 96 13 19 71 22 93 47 5 43 40
36 95 86 48 19 77 90 90 73 81 72 19 48 30 15 41 68 69 60 29 14 63 20 35 32 47 73 26 89 30 40 9 57 50 84 96 35 18 53 99 25 66 37 23 11 86 19 74 39 61 94 27 45 97 61 39 24 36 78 26 45 54 38 83 21 43 70 40 48 5 55 56 16 6 50 84 56 79 77 86 37 77 24 15 37 24 54 97 24 21 39 81 91 25 32 28 94 58 75 86 85 15 32 86 25 9 34 51 60 56 22 13 50 26 78 83 88 64 49 64 55 28 73 58 99 69 46 80 68 24 10 83 30 58 90 19 0 43 32 51 20 94 72 12 36 15 53 81 75
52 52 16 12 89 50 92 42 54 40 74 23 11 60 83 70 54 67 63 24 44 7 29 91 79 85 80 47 13 100 63 36 69 22 89 28 90 34 36 85 75 11 79 94 34 21 93 16 37 97 59 27 53 53 78 69 90 0 96 61 11 87 30 92 82 9 60 0 97 79 85 72 28 47 54 0 15 40 63 23 93 12 54 21 49 45 49 65 24 72 0 64 45 89 82 76 55 95 74 34 27 98 41 88 71 22 89 81 10 63 87 33 81 24 5 35 59 66 19 41 84 54 18 91 2 42 65 97 46 61 40 43 14 54 74 39 54 59 47 17 9 65 46 1 49 97 87 25 50
42 76 24 21 54 2 41 95 81 87 22 83 22 27 79 87 65 91 47 79 20 93 26 72 82 52 4 20 43 3 33 90 85 95 82 85 72 66 83 56 74 92 82 30 1 36 68 97 95 22 92 57 50 79 5 70 95 32 88 2 30 84 41 94 40 36 43 92 17 59 68 12 11 51 65 0 19 69 24 72 99 41 46 69 98 78 14 94 11 13 8 35 73 50 93 73 46 87 61 25 92 74 60 9 6 59 26 85 55 56 60 92 2 23 9 86 47 64 85 29 88 68 17 79 24 26 11 88 75 1 69 30 50 70 95 81 85 48 57 81 74 38 13 11 37 45 41 24 93
41 62 51 52 67 68 17 87 28 29 31 77 78 59 7 42 18 34 15 38 84 0 9 69 58 73 39 98 79 66 29 31 28 4 28 67 78 50 46 62 41 83 62 43 24 13 81 64 93 63 99 25 10 10 96 98 67 33 87 80 85 29 63 21 97 1 96 94 41 25 15 79 18 77 49 73 1 9 50 2 16 40 97 2 65 88 4 24 52 35 77 91 86 83 87 59 47 31 50 37 0 54 44 60 4 83 11 46 74 99 26 48 35 0 24 44 26 93 44 14 64 48 47 26 77 77 78 58 36 4 64 59 38 62 78 88 0 91 60 98 1 68 80 29 7 23 63 91 28
92 39 15 32 30 97 27 50 64 54 54 60 69 70 5 23 42 74 34 73 41 32 88 67 77 91 63 79 27 71 9 62 93 85 80 53 79 51 14 31 86 5 18 14 61 96 53 88 24 55 91 64 25 47 79 100 47 70 32 95 75 98 96 94 17 91 16 14 11 84 27 94 58 89 18 21 91 52 78 72 75 10 12 28 41 13 31 15 99 92 31 44 43 62 87 82 82 5 33 15 88 56 17 0 37 64 29 75 24 85 53 70 32 54 78 2 48 32 34 65 62 6 26 46 13 88 96 63 5 95 41 95 6 83 63 92 31 5 81 64 2 100 95 12 45 87 29 19 67
49 56 14 6 84 71 41 27 8 89 31 18 83 34 72 98 64 76 3 41 54 11 98 49 50 37 20 27 19 2 31 16 17 32 98 89 20 100 1 41 86 55 42 78 88 73 28 75 65 65 69 44 73 13 32 28 33 94 1 19 55 89 90 8 13 62 32 43 99 10 87 32 43 100 36 23 42 82 42 52 26 6 24 83 28 37 92 2 100 5 0 49 22 21 60 58 83 21 31 5 16 5 10 80 52 27 12 72 91 95 54 1 100 66 7 36 40 52 67 92 74 17 74 48 47 18 65 67 93 70 9 3 36 57 46 15 68 69 19 76 14 33 30 69 98 67 100 80 84
87 55 81 70 72 22 72 51 52 60 24 1 92 61 92 3 29 23 30 76 72 67 54 91 43 42 81 1 23 46 89 4 95 84 98 19 38 85 100 35 75 11 45 14 60 22 42 77 37 11 80 37 47 8 4 98 25 58 33 69 68 79 83 43 13 97 6 16 72 49 83 61 32 99 19 70 55 97 98 4 96 20 46 55 10 95 52 26 4 80 35 8 9 49 18 12 76 89 65 83 4 3 1 20 46 69 42 66 96 94 26 12 95 31 34 53 70 86 18 2 55 84 14 65 35 49 32 34 36 22 9 22 80 89 18 43 82 31 57 43 73 3 9 27 51 25 3 36 49
94 81 51 57 98 68 68 5 89 37 4 16 53 78 50 26 59 37 93 44 13 24 7 53 22 76 71 64 98 39 26 25 52 82 25 89 48 74 99 86 44 65 96 75 49 3 81 0 68 13 5 93 55 0 49 50 48 16 50 38 46 93 37 69 6 83 12 64 0 66 89 9 72 18 22 93 12 24 80 35 13 75 37 63 9 29 28 78 12 6 78 33 85 89 81 46 78 8 83 57 91 72 96 84 48 71 58 28 70 1 15 82 43 79 90 42 15 93 62 83 13 73 95 70 67 36 38 22 48 25 20 59 89 27 69 79 14 29 31 84 0 81 79 90 86 58 7 34 26
15 23 5 62 73 64 3 70 21 38 54 31 81 64 47 68 92 50 65 24 12 31 62 73 71 20 13 83 30 84 37 68 91 62 43 31 99 32 34 12 6 57 10 34 60 4 16 19 59 76 52 67 100 60 89 88 56 99 79 89 72 16 16 43 32 23 5 74 39 98 59 95 7 19 25 56 73 31 23 32 21 26 47 31 95 56 6 28 89 99 14 58 7 65 78 68 8 99 77 28 50 36 58 73 50 70 90 45 56 69 90 21 13 65 77 97 25 25 22 34 37 1 23 96 0 85 12 51 31 76 37 8 37 44 16 51 67 97 42 35 87 49 61 32 37 22 76 8 69
16 55 36 72 32 32 81 98 37 90 25 91 98 34 59 49 35 59 98 24 44 25 19 21 60 96 24 71 31 56 91 5 5 100 15 36 5 99 31 30 62 57 45 69 61 3 37 65 46 75 23 37 5 68 53 38 31 70 76 48 12 70 42 49 0 13 46 25 42 81 5 10 55 13 46 9 34 70 25 90 31 13 55 21 82 88 53 2 70 40 24 31 27 95 12 67 26 64 50 78 18 40 7 27 80 13 38 41 94 2 13 58 17 31 15 17 4 14 10 34 87 33 99 54 76 42 68 23 0 39 53 8 20 66 66 57 30 27 100 15 93 51 86 90 60 15 36 6 68
76 8 44 80 54 1 95 24 96 44 34 67 74 39 83 62 32 8 19 94 54 89 34 46 78 66 80 15 66 52 88 48 12 24 12 52 60 66 56 29 24 78 19 66 53 36 51 3 8 60 45 9 99 66 13 49 0 47 61 0 13 30 11 12 99 65 66 8 76 83 90 2 97 94 91 95 56 16 10 60 84 16 22 8 52 31 56 94 30 55 87 29 16 62 51 98 42 52 91 79 41 83 15 22 3 27 40 21 46 24 65 74 70 68 87 74 59 27 44 64 32 74 28 42 11 79 81 86 54 91 12 84 78 4 3 38 64 13 16 59 25 13 41 18 29 54 49 49 80
38 22 44 22 20 95 79 61 54 41 63 94 45 81 38 65 98 21 17 61 80 54 7 44 74 62 57 46 9 46 94 57 66 54 9 71 52 84 2 68 19 93 17 17 27 94 100 36 97 31 24 69 26 42 46 70 95 74 12 2 9 63 71 15 93 45 91 27 7 55 67 71 0 90 66 10 1 95 75 18 6 64 65 87 12 77 35 72 22 44 98 27 1 28 57 46 77 19 91 96 5 5 10 22 80 15 6 81 29 68 13 65 75 4 24 87 21 46 53 70 15 27 94 19 98 78 29 97 94 0 24 57 32 31 24 93 19 68 100 75 58 5 85 20 67 22 97 69 67
8 95 48 94 31 66 35 66 57 37 1 34 58 46 53 80 87 26 36 38 71 82 87 52 56 99 57 4 79 74 99 22 45 62 23 15 76 8 6 10 18 83 13 72 61 19 0 69 36 83 81 4 69 93 34 47 77 12 38 38 42 13 38 48 34 56 68 44 67 91 55 88 20 47 98 32 84 80 32 89 4 86 14 49 11 87 80 62 30 76 43 0 12 22 25 56 45 32 1 69 57 81 10 43 62 10 37 79 90 17 36 27 39 30 4 55 40 5 8 19 53 45 33 47 26 69 35 93 34 30 29 31 18 80 4 33 25 53 90 6 12 45 9 100 16 32 25 60 87
24 67 88 10 57 34 35 24 34 77 47 64 63 66 18 69 45 11 67 10 10 66 8 2 87 16 64 61 14 84 73 7 35 10 94 33 67 9 20 37 9 51 9 6 69 28 81 46 20 60 95 46 22 42 96 3 56 16 1 59 21 61 12 33 12 66 36 83 7 80 82 11 14 90 45 69 96 30 22 4 17 29 99 88 66 44 54 4 82 76 12 0 32 74 44 31 22 51 86 64 65 38 32 85 65 87 87 85 33 71 96 24 13 90 59 94 38 25 4 70 75 57 70 32 21 16 73 28 33 68 2 79 91 27 98 8 70 23 57 58 87 51 60 29 79 45 50 3 13
26 25 25 70 18 15 80 3 71 83 6 7 80 53 75 63 17 14 38 7 92 61 98 2 20 82 74 25 21 27 35 73 81 73 53 5 32 32 58 15 71 18 11 1 19 67 62 84 56 76 34 16 32 84 52 32 90 34 99 56 59 49 42 56 47 63 49 15 94 19 2 51 4 73 16 14 89 46 9 89 73 16 5 27 74 18 79 71 81 6 96 59 74 42 43 54 88 56 10 35 42 46 2 39 68 46 44 16 22 18 39 52 98 63 80 67 48 82 23 55 89 63 54 69 24 24 89 3 76 78 80 26 61 85 98 4 77 38 60 62 76 98 50 52 11 55 14 73 20
76 97 93 39 22 8 34 67 47 66 81 15 5 98 99 4 41 32 35 86 66 18 34 37 6 88 100 34 49 49 73 29 13 82 34 69 46 77 27 5 5 16 60 15 69 19 65 91 19 40 21 24 71 41 73 99 62 29 35 21 73 54 30 49 91 88 49 17 52 58 15 26 3 19 86 33 17 94 25 42 88 69 1 37 29 26 62 68 35 44 30 6 13 48 89 28 1 13 76 85 59 78 58 21 39 65 56 35 39 9 30 17 4 5 3 65 65 16 1 51 77 75 49 71 50 28 56 46 91 71 66 25 61 68 35 93 20 18 57 75 45 1 61 97 61 52 25 96 8
17 24 24 85 38 61 35 21 93 11 13 62 81 35 91 100 40 94 26 46 16 95 67 90 87 50 80 75 36 6 39 49 81 77 16 27 63 79 48 35 83 84 84 8 89 6 64 60 57 83 4 71 85 38 69 36 26 2 66 7 79 25 6 63 23 29 45 67 61 18 40 10 10 84 82 26 55 38 12 30 91 22 23 84 88 75 58 16 47 98 56 66 63 98 79 67 87 0 92 31 57 51 29 10 52 6 78 54 99 78 89 14 86 56 81 63 97 78 16 43 11 65 86 13 25 67 60 53 36 47 26 68 34 4 99 67 55 90 1 20 89 19 65 59 4 41 19 52 2
29 78 75 53 99 59 62 14 69 78 50 83 38 0 61 63 70 10 42 45 85 23 48 54 52 30 75 85 79 45 22 52 29 19 50 23 96 86 68 42 90 68 31 10 9 1 47 92 23 7 73 23 44 6 58 86 97 35 8 19 19 21 4 29 59 2 5 46 21 55 4 27 97 38 36 70 100 98 95 15 68 47 34 7 37 26 88 11 54 22 36 18 35 49 17 72 94 52 60 14 82 82 33 87 58 50 68 98 44 45 7 40 66 76 44 17 60 94 90 96 96 79 65 55 52 1 53 16 50 61 45 79 90 52 55 61 95 15 45 33 57 68 20 34 66 61 76 15 80
43 5 97 68 95 23 54 43 10 60 59 31 1 45 20 7 12 4 10 48 7 10 84 33 82 87 76 38 95 92 46 84 41 5 64 40 5 77 80 63 34 57 48 21 67 13 49 93 64 65 27 4 29 64 56 73 42 32 44 26 45 10 11 78 52 88 65 36 46 26 28 99 65 6 22 53 79 34 88 71 23 99 6 22 4 19 80 30 48 2 86 22 32 47 95 60 58 30 53 25 95 4 12 58 26 35 98 40 42 22 20 43 49 2 79 78 23 84 88 25 74 53 19 19 92 45 43 3 34 1 94 73 89 49 42 4 86 83 77 65 88 98 35 99 44 94 69 79 41
39 64 48 97 30 1 83 39 37 49 76 28 16 92 10 60 91 90 40 24 62 53 22 97 85 13 52 21 64 98 1 33 18 86 60 51 3 30 24 89 55 63 52 61 72 70 11 68 64 49 38 81 23 20 92 33 75 15 71 83 4 28 16 66 35 16 59 87 50 36 24 29 27 23 48 55 7 69 9 55 80 4 82 80 73 30 58 60 48 79 79 40 61 54 87 73 52 49 57 60 94 16 62 84 72 77 85 86 3 71 13 12 75 48 92 51 73 74 54 54 75 49 53 35 61 45 50 62 99 76 63 21 67 43 93 83 3 72 61 43 12 41 19 52 15 14 58 6 42
41 21 7 35 59 90 7 5 45 86 35 13 96 10 75 1 94 54 45 72 27 91 64 10 58 64 59 2 1 69 49 46 60 47 70 67 85 69 59 25 61 18 18 65 70 89 49 2 77 87 59 50 28 72 23 90 13 90 70 51 17 34 62 98 29 4 19 81 6 83 16 72 56 77 18 92 34 1 90 26 75 50 62 4 99 22 96 21 34 4 63 6 5 46 63 100 91 78 53 40 50 28 66 62 18 39 14 14 78 81 97 89 52 96 15 38 20 60 29 10 58 38 22 8 83 36 55 66 48 39 63 90 18 34 45 41 64 62 17 68 86 85 73 20 91 72 2 29 1
48 25 20 60 24 57 64 13 71 87 71 47 46 6 87 68 1 77 65 88 50 88 66 91 16 65 6 11 28 76 65 10 83 2 87 69 27 39 57 99 50 97 85 54 48 87 29 43 37 96 52 95 64 6 43 9 7 19 17 52 34 51 71 23 56 32 14 65 70 65 38 1 88 42 20 51 43 22 78 68 87 13 37 88 59 11 3 4 52 61 55 84 15 33 53 60 83 99 26 7 31 13 64 36 93 16 12 58 29 47 28 18 66 14 80 60 77 5 74 44 36 22 47 69 63 17 16 42 19 27 19 33 20 93 72 84 12 91 52 8 56 15 7 15 55 64 34 27 11
72 18 32 80 52 87 3 49 95 26 18 98 53 12 30 81 55 40 33 73 7 39 88 4 31 32 39 19 8 60 15 9 99 86 4 58 5 7 51 21 9 72 19 70 30 87 81 79 3 52 22 26 16 25 49 55 9 85 75 78 81 40 84 10 30 12 30 53 78 61 25 55 33 60 37 4 72 26 75 69 85 58 12 17 49 93 29 67 75 16 12 13 30 79 36 34 33 53 39 21 32 60 60 51 96 97 12 25 32 76 16 56 0 74 94 69 76 8 32 26 33 7 75 22 43 95 79 18 0 75 95 49 2 83 33 56 51 45 64 24 94 11 13 69 23 91 69 88 5
17 8 74 80 90 32 20 76 8 55 90 27 23 30 94 88 56 74 59 21 66 77 28 18 37 50 26 57 14 25 33 55 8 47 50 61 93 11 42 4 98 12 43 36 82 62 18 35 87 17 0 99 50 0 9 14 12 5 18 12 84 57 37 43 89 90 38 94 74 22 40 14 78 71 1 38 87 21 99 89 12 28 89 87 96 32 98 34 73 65 19 95 65 73 18 60 97 52 52 74 71 97 50 92 90 43 82 76 96 38 74 95 1 56 68 31 56 56 25 13 77 87 17 52 29 40 42 55 55 21 52 46 73 76 49 84 17 21 23 25 61 76 5 7 16 24 39 1 67
4 1 94 66 63 34 25 63 40 100 10 52 7 98 6 91 34 52 66 24 23 100 89 47 86 92 95 12 64 8 84 26 61 67 49 98 25 61 67 28 32 59 79 8 8 5 68 10 46 95 41 4 64 55 50 10 15 60 63 51 71 28 22 37 91 36 17 18 88 69 13 76 40 34 58 97 70 85 49 49 44 82 15 44 28 15 97 30 92 51 21 4 58 1 16 7 85 28 34 34 71 97 84 6 50 1 77 55 47 35 22 93 28 10 88 85 23 67 74 68 44 78 61 13 63 34 69 67 84 86 49 7 63 70 48 98 64 9 46 42 9 85 54 79 96 22 97 54 58
26 85 94 14 60 47 56 41 71 27 96 71 56 35 83 47 50 81 77 41 66 36 51 37 43 43 18 79 15 28 82 0 80 16 6 98 11 67 79 67 60 36 85 19 79 76 39 39 86 48 21 100 27 78 60 11 5 5 57 45 66 96 58 99 52 74 23 30 70 18 99 47 17 76 23 66 24 72 4 64 6 83 2 96 65 34 85 16 76 29 82 15 92 72 96 33 96 4 60 14 26 62 37 66 12 12 10 80 66 8 11 33 51 68 59 97 43 0 56 3 77 25 10 31 17 100 78 61 28 46 57 67 79 46 77 54 90 45 20 18 54 75 57 53 21 30 69 68 32
54 83 19 42 28 91 84 33 10 3 19 25 91 72 75 0 48 2 16 71 46 53 50 60 100 96 0 6 52 93 9 73 27 24 17 73 6 17 18 70 89 7 46 68 21 77 36 95 21 94 24 99 3 87 97 2 32 47 59 84 45 17 22 99 33 40 18 85 75 53 4 71 71 78 10 85 96 1 22 38 13 20 95 82 47 9 18 2 61 11 39 17 86 17 68 65 23 72 94 85 88 100 38 37 48 24 35 51 95 27 4 6 13 57 19 2 6 48 82 94 81 85 76 68 25 81 34 76 56 80 25 88 0 66 62 93 46 96 92 16 5 23 71 94 15 0 31 16 61
7 95 32 74 85 96 99 75 3 70 42 32 82 69 29 60 86 27 38 83 67 4 0 58 91 24 48 36 67 76 15 52 100 86 51 16 3 7 79 39 79 39 14 59 74 50 39 35 47 86 30 82 58 67 31 20 92 80 60 57 41 79 32 55 94 75 23 94 36 59 30 72 24 8 70 28 14 87 78 47 82 78 96 2 100 70 78 86 40 23 82 36 21 5 39 44 5 28 2 28 21 81 83 12 60 2 26 67 58 70 80 100 47 54 75 54 38 65 55 25 26 54 6 22 96 48 44 5 67 5 38 80 47 78 7 73 40 19 19 74 42 12 95 10 26 97 3 86 8
88 83 2 69 31 70 36 39 35 39 37 24 21 100 89 70 88 81 45 21 15 98 84 89 54 85 27 3 80 58 49 72 70 38 75 61 0 72 92 46 5 100 36 30 87 50 100 55 81 15 95 72 1 32 15 7 54 34 85 7 26 74 86 59 70 43 100 62 20 9 16 37 40 92 12 82 80 18 56 4 60 63 86 91 17 81 23 78 54 70 0 35 99 12 48 28 24 82 85 14 63 95 17 91 82 46 44 55 35 11 50 3 82 47 66 83 78 55 89 10 86 87 70 69 53 87 92 90 27 74 43 43 9 81 60 73 90 5 98 73 47 12 70 19 36 91 89 80 57
54 24 16 0 44 96 98 44 89 58 94 27 36 51 96 47 72 13 18 8 30 62 91 75 61 24 37 90 24 75 51 7 34 85 16 13 38 73 6 16 92 77 15 40 34 52 62 32 81 94 89 7 53 24 40 94 91 95 79 36 46 98 30 88 90 71 50 59 90 4 52 74 17 79 84 48 65 43 89 19 2 80 62 23 71 19 14 5 65 16 17 52 16 53 5 85 54 53 24 63 24 35 52 51 52 29 10 28 18 44 54 58 72 42 36 60 18 8 41 38 31 38 98 93 80 49 70 16 57 3 66 83 79 48 88 53 59 65 34 85 26 37 76 30 8 2 0 16 10
94 68 39 37 3 46 23 16 54 32 40 30 49 73 32 47 67 21 24 55 55 55 15 26 19 28 34 97 88 56 85 21 11 46 54 54 61 36 89 80 94 71 51 89 72 99 48 50 97 76 47 79 65 44 96 35 67 40 85 41 29 88 6 13 58 98 56 46 1 33 12 59 60 46 38 68 67 19 65 88 48 48 67 24 35 69 87 11 54 40 97 46 79 75 33 42 28 33 27 8 44 36 25 37 48 57 58 9 37 45 58 10 64 65 50 24 69 64 74 78 63 90 23 50 12 87 1 51 95 44 24 49 60 71 82 99 10 75 85 68 74 68 30 5 1 75 91 87 96
89 69 77 51 52 90 28 12 97 63 47 48 58 83 2 7 86 100 69 28 96 3 41 76 11 86 67 54 27 100 81 16 72 20 45 74 79 29 74 2 39 58 85 87 57 56 9 52 16 35 88 75 4 2 13 98 59 9 80 25 59 19 15 85 19 58 99 89 27 11 35 57 61 56 68 26 97 21 99 73 14 64 50 91 44 3 7 7 8 33 91 96 10 71 73 21 32 38 50 22 19 28 76 21 67 85 51 19 64 40 93 44 5 28 87 24 59 10 96 100 25 4 74 60 73 84 93 82 27 90 36 50 54 95 49 73 47 87 82 95 76 6 33 22 23 53 15 51 93
18 45 26 92 68 88 14 74 36 43 20 56 83 85 45 58 47 37 83 9 77 89 88 72 98 69 81 47 89 18 53 36 90 53 85 96 96 2 19 15 59 11 32 89 78 21 58 62 70 76 49 70 53 23 41 3 4 14 77 20 14 50 46 29 94 38 98 98 88 36 58 47 15 5 63 31 42 31 34 9 32 77 97 61 35 14 81 16 31 92 38 5 49 90 55 97 26 15 84 27 57 82 19 62 87 59 4 58 2 9 51 74 94 55 84 45 51 92 50 92 94 69 8 39 78 26 22 52 70 56 60 80 6 33 91 29 15 72 68 29 21 60 96 63 88 8 54 78 36
5 61 19 67 11 28 41 73 60 1 53 95 60 18 33 70 73 58 81 30 2 37 100 22 43 54 71 15 69 31 33 12 5 68 48 51 86 16 75 34 91 38 52 83 0 72 90 91 49 85 62 9 26 98 34 82 46 5 34 1 65 11 70 85 100 28 33 18 90 23 46 37 31 8 53 43 24 7 18 1 21 89 65 77 17 43 35 62 65 5 60 0 78 55 66 50 21 1 63 65 66 30 52 73 65 88 27 48 14 45 81 92 34 84 53 43 60 91 66 85 22 24 92 62 96 6 32 84 62 100 68 48 79 38 38 48 50 84 54 89 76 88 44 72 7 52 83 69 43
