98 42 20 83 74 93 98 71 21 77 97 34 4 74 27 74 51 35 38 19 97 43 68 42 73 44 85 43 65 5 22 10 19 73 46 99 24 28 78 64 95 23 5 97 35 37 69 11 57 14 35 33 23 87 85 56 18 68 84 82 25 22 16 69 41 22 1 64 99 90 6 50 82 58 56 1 47 68 71 49 48 87 97 4 91 71 17 61 4 86 88 97 5 44 59 65 80 1 10 58 34 15 40 82 93 24 40 85 29 89 63 80 92 29 96 65 3 63 69 30 98 53 1 75 21 81 1 18 73 40 89 80 96 90 69 28 81 5 21 38 0 17 88 20 67 27 76 19 90 8 45
65 4 50 96 91 54 57 41 64 30 82 9 19 34 20 82 89 79 29 91 93 61 14 71 24 10 38 76 81 71 82 17 9 42 38 98 65 74 58 25 63 72 91 28 75 69 84 28 74 3 82 99 85 6 72 63 10 60 1 1 70 10 0 71 54 98 35 13 15 53 93 11 43 83 79 70 68 90 78 91 80 48 29 21 10 6 41 28 58 32 96 51 35 35 36 38 21 88 82 35 67 72 95 82 36 19 3 0 75 48 86 97 48 83 29 18 21 89 25 95 41 78 62 66 24 44 49 86 46 74 52 20 67 27 51 90 57 7 38 64 41 54 76 77 20 28 71 7 9 99 48
37 52 65 8 10 85 96 2 64 86 95 64 85 72 51 38 47 12 83 89 58 5 100 72 92 96 29 13 4 3 42 61 79 13 45 95 22 54 20 73 3 41 65 69 72 56 14 82 46 13 3 90 2 98 65 83 99 97 65 16 96 28 20 92 51 13 63 24 48 92 56 67 63 82 68 96 93 51 51 46 79 59 3 17 15 56 92 36 78 32 19 48 60 15 60 89 78 34 69 89 17 40 99 74 50 48 63 77 20 29 100 87 26 72 49 13 62 35 95 88 93 53 49 100 49 13 22 49 39 36 46 87 15 40 97 43 53 77 13 77 28 13 94 30 44 15 23 30 9 17 31
10 54 83 78 26 59 23 11 59 84 78 27 38 76 87 67 32 80 94 86 44 100 92 48 71 69 29 42 82 95 66 46 6 54 11 43 9 65 80 54 22 100 31 89 29 31 82 89 58 0 19 14 9 40 93 72 15 62 76 13 93 13 37 57 49 96 60 20 75 81 43 70 49 76 66 54 78 89 98 79 91 1 4 8 67 88 6 6 76 10 26 80 75 73 81 4 59 83 25 66 50 48 76 92 97 80 41 17 83 89 51 98 8 27 15 29 22 85 62 76 95 26 2 13 91 90 60 23 4 18 13 91 84 93 7 28 99 51 29 9 24 80 69 1 7 61 97 90 79 71 27
36 12 83 18 11 54 52 30 65 44 98 29 58 20 86 25 32 80 27 24 96 19 33 16 13 66 11 2 92 1 2 19 93 17 11 13 15 16 57 18 55 94 53 98 23 5 60 38 77 5 10 59 57 24 88 38 79 10 96 26 50 43 16 67 57 31 72 7 56 95 94 40 24 77 38 63 30 56 52 38 39 97 93 3 13 57 42 100 89 49 53 47 3 70 66 31 32 32 22 90 18 51 53 80 44 92 50 31 95 94 71 69 90 77 70 100 56 28 94 77 55 2 57 78 81 55 65 23 33 68 15 52 71 70 25 93 91 64 82 52 34 44 86 43 82 35 77 11 23 36 19
47 91 75 88 55 49 76 76 72 70 6 90 43 33 66 84 12 94 96 21 53 36 48 44 86 61 46 93 65 4 97 52 32 14 16 44 48 35 13 47 2 98 36 100 91 59 72 96 53 21 31 0 64 59 64 24 100 91 29 89 73 54 19 19 17 12 94 86 35 38 92 79 28 22 50 51 73 10 47 52 5 47 18 69 89 18 4 68 22 65 68 89 58 44 34 82 39 39 37 39 94 0 81 52 67 18 30 1 60 58 71 88 94 50 30 69 63 53 59 4 0 64 78 75 85 63 92 64 67 51 36 27 96 76 12 31 30 49 25 97 66 51 9 41 94 13 67 95 93 71 20
9 52 17 51 95 42 46 75 74 81 59 71 16 30 56 100 27 23 98 64 58 25 10 21 86 64 2 68 3 10 92 100 59 83 0 64 31 86 8 64 34 20 48 48 88 13 0 90 100 24 95 87 96 49 7 79 49 4 57 89 35 11 64 44 83 44 69 51 53 43 57 57 7 78 89 13 53 63 80 96 13 16 5 42 85 79 87 3 54 42 19 66 57 92 38 3 6 22 46 93 1 2 14 68 85 6 53 24 65 42 10 95 38 16 52 38 36 72 68 45 61 48 99 9 2 17 4 85 57 25 25 4 16 56 95 3 73 81 13 20 35 51 90 50 94 31 11 16 36 83 6
43 16 50 30 73 98 56 90 15 48 46 7 31 49 15 89 57 8 85 24 59 78 96 90 12 88 20 49 10 78 65 31 91 28 52 25 63 41 52 73 27 61 90 54 52 29 9 27 43 13 17 50 22 15 68 44 77 41 66 2 30 73 82 52 71 17 29 14 38 84 62 59 88 20 71 16 39 12 100 83 50 60 44 97 85 39 5 77 90 65 93 72 17 85 24 86 56 47 94 71 10 89 65 10 17 89 85 45 88 9 51 76 64 59 48 16 62 64 40 50 92 91 96 71 25 35 96 33 63 14 35 60 12 69 43 69 49 21 3 47 62 67 49 8 6 60 67 94 84 29 78
73 22 32 13 65 52 90 66 2 55 43 18 12 64 43 78 34 90 37 90 14 38 67 59 69 100 19 27 68 87 80 76 68 72 25 39 83 76 0 23 30 93 36 13 19 91 78 12 5 20 44 62 84 20 94 42 0 54 92 7 5 39 37 51 71 11 6 86 46 97 66 65 89 60 96 47 83 79 68 60 22 81 94 90 6 81 76 14 82 43 35 39 43 60 23 88 81 96 99 99 65 72 86 72 64 1 63 66 51 6 91 64 35 50 56 29 93 97 36 29 34 64 53 34 1 31 35 31 42 41 13 65 36 69 10 65 74 19 37 1 82 74 50 64 82 75 95 82 33 64 63
28 98 75 89 27 29 13 36 49 37 92 80 23 79 78 65 25 1 62 38 44 69 40 56 45 33 75 52 4 98 0 37 33 6 72 94 85 35 26 76 73 36 82 47 64 66 34 53 9 29 55 4 100 96 45 81 43 38 48 8 41 43 32 44 47 39 54 7 92 83 6 50 55 76 60 61 36 92 81 2 18 95 100 14 46 53 18 20 18 78 31 70 26 70 98 18 46 23 64 91 3 38 57 71 4 65 91 38 54 43 80 33 44 91 64 91 84 59 11 17 26 35 51 21 52 97 80 35 20 4 53 41 64 82 47 11 34 73 32 79 3 13 41 80 73 16 27 70 75 88 43
76 12 72 63 89 70 73 9 79 82 32 7 56 15 53 49 44 87 20 25 59 50 77 93 3 2 88 96 12 63 60 52 33 86 91 60 96 96 81 75 11 64 46 88 58 68 1 26 94 90 29 94 22 91 25 1 98 81 46 47 30 33 25 94 30 36 68 7 94 46 50 62 23 88 98 98 18 20 21 86 20 19 79 43 48 90 10 52 9 17 61 69 31 88 23 99 20 41 57 12 90 98 43 72 100 2 87 55 0 78 13 32 15 93 53 9 92 34 11 24 29 95 18 38 18 3 79 67 19 31 86 59 38 98 66 88 25 45 62 49 95 61 88 99 59 58 48 94 20 82 9
72 62 45 56 33 50 74 20 63 30 74 89 1 4 83 68 96 21 65 40 24 75 66 34 13 31 4 47 64 78 82 86 46 16 9 37 2 14 11 32 47 49 52 90 68 85 44 64 25 98 59 39 87 22 94 89 43 12 82 95 98 1 79 9 54 53 31 98 71 54 14 90 54 18 84 49 83 92 43 78 88 10 27 71 1 60 26 66 40 55 55 56 20 66 68 67 88 92 4 49 84 74 41 93 13 32 31 61 94 82 58 26 67 76 4 38 43 34 39 17 45 45 82 86 54 79 71 80 16 20 44 59 46 37 46 85 52 48 76 61 0 47 2 67 15 41 41 61 90 76 96
54 37 72 65 69 10 85 33 74 9 82 30 11 100 30 22 1 16 32 32 98 44 83 51 9 68 92 67 38 65 78 26 39 38 62 19 94 37 9 47 81 80 74 62 49 53 87 91 12 9 69 45 78 30 49 24 76 90 41 15 7 22 0 94 82 42 85 41 74 55 25 29 30 93 97 19 53 51 2 49 58 29 14 42 33 99 94 87 0 2 91 42 30 3 2 92 49 4 79 65 9 67 36 40 40 68 16 3 81 51 48 5 21 96 68 1 22 19 12 35 4 94 85 89 82 79 87 34 97 75 70 65 84 48 46 81 24 37 100 70 91 99 15 62 52 70 1 18 80 62 37
83 55 63 60 69 37 39 48 34 46 30 74 1 68 58 50 6 64 45 95 18 60 66 76 26 92 16 2 54 99 20 16 60 51 26 57 68 32 34 77 85 46 80 53 2 26 90 35 42 26 100 31 62 16 49 68 67 16 13 86 99 99 85 83 17 60 92 37 14 80 41 31 9 77 85 0 93 34 55 43 77 58 11 60 67 73 8 99 22 60 12 36 88 76 52 96 88 47 23 22 75 30 9 74 98 72 52 53 41 99 96 56 36 44 68 2 30 78 51 15 30 20 0 28 29 86 2 57 93 34 82 63 61 56 19 28 96 75 51 6 25 37 78 50 72 19 62 80 37 77 24
10 100 49 0 15 51 64 79 93 22 18 67 87 69 49 22 31 17 35 95 54 46 76 55 94 35 95 70 45 30 92 11 38 60 25 93 26 56 30 21 28 5 75 56 32 5 31 20 65 93 60 11 86 43 55 18 13 45 100 10 49 60 82 71 25 32 88 48 60 83 73 11 90 85 22 51 66 24 3 12 29 21 96 92 13 81 87 85 8 18 11 80 12 31 35 52 25 39 55 82 10 73 50 73 14 50 89 81 80 42 71 22 46 84 55 86 96 10 57 39 4 59 72 80 86 85 44 76 37 61 98 25 50 59 43 95 50 45 61 59 33 74 62 3 69 61 63 37 64 72 31
3 55 22 13 35 55 79 98 16 45 46 77 46 34 41 62 46 64 77 99 6 25 58 45 67 95 67 21 3 33 26 10 12 24 80 48 27 2 39 54 87 87 17 36 37 33 41 51 91 74 63 14 84 47 95 60 83 7 4 89 99 24 77 96 22 4 14 70 50 97 25 49 60 45 41 27 74 5 10 27 89 84 81 0 63 67 54 77 96 21 5 17 16 36 40 31 11 61 22 17 73 47 51 48 98 74 44 82 55 84 90 6 95 76 65 53 19 29 23 21 3 11 30 63 14 77 69 89 18 20 70 56 19 16 17 92 54 64 25 4 51 83 0 5 43 48 86 82 63 75 83
27 100 37 42 24 6 91 69 35 58 60 44 14 58 2 7 3 99 54 61 69 80 91 52 57 62 73 57 51 80 85 23 44 23 51 49 10 34 89 51 64 67 76 61 29 11 22 38 19 45 73 24 59 20 70 2 49 70 2 27 58 33 60 50 88 50 30 18 96 33 61 13 31 39 45 47 66 61 23 17 89 56 4 31 53 80 69 12 55 27 87 13 32 14 76 44 63 0 69 69 31 18 75 36 16 25 77 91 34 31 100 93 36 8 97 55 62 28 5 66 33 1 52 29 77 0 70 87 45 72 25 18 36 50 8 16 27 16 65 36 99 5 84 99 80 11 3 77 45 11 6
78 3 87 93 98 48 30 10 99 49 91 69 59 94 5 60 34 35 11 92 30 91 5 14 81 29 71 100 99 51 45 76 83 10 40 65 59 84 0 18 75 5 79 67 13 73 49 48 77 20 89 46 83 6 25 77 73 1 78 33 29 50 23 17 99 85 83 75 9 83 73 93 89 56 13 53 75 87 5 23 50 9 2 79 52 77 100 94 28 69 63 59 38 74 41 44 62 6 40 33 24 9 42 25 60 56 19 3 33 69 38 51 65 8 29 78 93 63 46 79 22 37 4 16 33 49 85 50 44 8 75 64 51 33 5 66 94 32 42 67 87 93 17 34 79 49 76 17 64 61 14
41 91 98 75 87 66 49 17 25 87 88 4 5 89 73 21 72 50 78 81 63 54 77 81 43 25 100 70 21 19 13 15 9 8 29 77 28 77 60 19 30 75 4 0 86 33 66 81 77 96 73 63 73 85 13 67 64 46 19 1 69 52 22 89 41 2 100 28 73 22 61 57 63 8 6 22 39 66 68 86 52 98 97 86 30 85 94 5 74 9 100 68 71 25 46 6 60 37 6 13 87 19 94 58 26 28 57 63 83 30 46 12 85 39 57 10 69 17 5 17 30 39 99 47 71 79 50 85 3 52 48 79 70 50 72 28 12 76 6 86 55 89 35 28 84 24 44 42 87 4 49
35 94 53 5 76 2 95 86 34 26 72 94 79 59 84 51 94 41 70 35 76 3 77 5 16 70 39 56 39 69 43 37 22 6 40 72 18 49 18 100 25 62 89 6 96 71 45 83 57 43 6 89 60 61 40 87 81 73 83 63 31 92 35 29 56 80 29 93 45 74 19 56 67 90 32 44 99 54 92 16 44 23 89 26 52 12 54 64 76 7 87 79 42 80 7 67 28 85 78 76 65 31 41 9 93 44 4 11 44 5 85 56 3 48 88 56 94 58 81 65 64 46 8 12 55 45 68 60 86 62 74 86 66 28 1 4 69 57 0 26 100 38 85 16 64 34 9 63 95 78 5
57 93 78 74 74 62 59 30 59 25 66 1 24 54 44 4 3 84 36 18 45 38 82 47 69 26 11 56 41 1 6 9 77 41 61 78 28 96 77 94 85 96 86 67 63 48 25 74 91 73 80 99 15 31 77 56 29 19 51 93 36 60 75 92 45 77 98 82 71 64 70 72 44 8 83 14 77 81 23 62 20 50 33 59 94 56 94 48 69 8 5 27 81 62 38 19 59 30 45 76 49 46 51 83 39 13 40 51 100 91 6 84 14 13 93 30 90 62 37 45 44 71 6 61 64 45 16 29 78 46 46 47 88 60 16 66 9 58 52 48 16 80 100 59 46 49 81 5 12 15 98
25 45 48 47 51 62 11 55 3 64 69 3 94 90 24 79 94 91 11 32 73 67 12 50 53 1 33 52 77 68 70 24 81 52 56 63 92 22 24 70 92 59 10 93 100 62 7 92 84 96 20 69 73 22 65 19 79 69 77 55 97 66 76 88 56 50 100 49 10 6 98 77 44 60 43 87 89 67 39 42 47 45 72 32 49 56 24 95 29 10 55 26 82 51 96 92 9 28 92 25 93 31 13 60 33 89 50 12 20 66 2 89 17 44 17 47 51 73 19 95 70 100 75 79 30 43 100 40 31 45 91 85 68 89 1 41 19 67 78 48 57 71 99 91 10 42 9 19 19 47 45
23 32 64 65 74 30 7 36 51 77 10 40 86 42 87 19 12 76 38 87 73 19 31 54 96 51 4 61 97 17 92 46 67 60 45 45 39 24 36 21 64 30 80 96 21 11 39 69 8 100 10 64 72 68 32 61 49 33 32 64 55 56 57 92 30 74 62 58 77 74 63 2 35 46 64 30 40 51 68 24 23 70 52 14 98 94 94 40 45 80 49 94 12 57 9 82 98 62 55 93 0 24 91 21 6 79 84 19 16 98 31 78 40 96 39 35 74 9 61 95 82 84 20 28 71 40 44 19 98 37 99 66 85 58 39 93 100 55 21 95 51 61 12 62 57 17 34 6 59 97 9
58 40 67 9 34 83 47 77 78 37 25 86 35 17 27 75 85 99 98 64 15 51 25 36 42 8 82 25 94 51 69 3 97 95 14 39 86 14 65 34 89 76 97 35 24 7 63 72 93 90 67 9 90 46 96 15 79 20 27 31 85 92 30 55 28 10 23 100 88 47 23 48 73 56 12 64 1 34 11 79 13 56 89 7 81 54 0 51 49 81 7 66 90 54 61 10 43 45 68 22 95 62 30 62 38 89 64 84 100 68 92 26 75 2 85 17 94 17 59 60 43 56 98 100 24 15 51 68 19 8 15 46 26 10 95 96 45 29 80 100 95 70 65 65 29 84 29 79 49 87 24
48 18 25 10 59 92 19 81 90 27 1 97 4 11 26 2 66 49 86 56 83 52 45 0 25 94 81 38 47 10 19 35 37 32 84 79 25 66 52 4 26 73 77 29 31 13 91 97 30 13 63 25 57 65 14 4 99 91 18 12 30 36 87 32 93 63 64 12 51 66 69 12 20 14 94 8 56 67 71 46 40 98 5 21 68 14 57 84 56 10 4 91 71 11 32 10 48 31 52 22 66 54 61 78 24 55 97 6 68 9 36 7 49 47 97 83 66 46 59 26 97 76 86 65 70 35 97 83 31 16 69 4 25 44 97 87 79 15 61 41 54 99 94 60 17 59 8 36 63 76 23
71 45 65 8 18 88 48 46 16 38 95 82 31 31 1 88 6 21 52 36 69 38 42 22 4 63 86 79 28 53 94 78 29 13 64 20 79 31 95 38 76 62 16 17 70 27 40 27 23 50 46 33 29 85 61 38 59 41 52 3 100 32 19 36 55 79 15 23 18 72 13 42 71 55 79 64 76 35 80 97 39 0 23 38 11 84 34 41 45 40 97 66 34 74 81 97 26 93 91 37 32 31 9 93 29 59 75 65 99 64 10 18 1 63 0 41 72 48 86 72 27 50 3 76 18 9 4 64 74 4 69 23 76 67 57 2 27 18 28 19 35 71 75 12 4 48 71 21 97 56 10
4 49 46 48 75 53 12 96 53 27 34 56 5 6 35 8 69 45 6 99 25 35 78 21 74 17 92 29 82 96 46 37 43 20 53 79 40 40 11 97 98 24 75 93 29 66 83 59 13 57 69 77 58 7 79 96 87 65 19 43 63 93 95 15 56 1 49 10 48 79 55 29 31 66 94 47 71 94 81 92 61 94 16 13 85 86 28 72 14 49 92 44 75 26 69 30 21 45 2 0 25 36 47 90 65 68 84 88 84 74 96 4 12 77 11 38 11 94 2 25 36 75 65 45 24 85 70 40 94 19 35 89 43 55 32 65 84 86 57 51 52 43 29 99 53 78 78 16 86 80 35
37 29 55 56 40 80 86 45 72 48 43 22 84 57 33 100 17 51 60 48 84 95 30 11 40 23 48 11 10 87 27 5 58 83 35 26 31 57 37 82 49 31 59 98 55 79 38 46 91 4 38 37 95 53 57 10 62 90 66 64 26 54 63 40 29 45 18 23 13 95 45 42 87 10 68 70 95 55 18 4 8 82 32 89 4 29 45 6 4 9 45 8 10 68 14 51 73 72 95 56 65 1 34 30 11 43 52 32 26 68 65 99 64 59 57 63 28 94 45 46 76 79 68 57 20 69 46 0 70 43 58 53 19 83 44 81 3 63 23 65 68 79 53 26 70 55 27 12 41 45 46
77 35 35 63 30 76 13 24 29 73 29 66 76 50 9 77 97 21 6 52 32 73 52 46 35 55 20 63 86 84 84 98 82 68 43 51 14 30 10 5 8 99 84 45 28 30 2 78 76 93 51 84 23 50 57 81 44 25 91 41 23 64 58 84 1 64 41 90 36 86 41 57 40 5 8 12 72 91 57 25 29 31 35 20 28 43 26 99 6 75 17 11 27 97 40 41 63 20 89 17 28 3 36 13 68 90 89 84 44 66 41 41 86 4 55 91 48 74 94 16 28 90 75 59 58 31 28 84 74 84 32 36 35 52 67 44 12 13 10 25 85 76 21 2 27 67 10 30 89 42 58
100 2 63 99 67 56 45 9 45 73 11 54 56 52 87 29 46 9 100 52 80 4 49 50 92 71 3 37 81 64 95 43 86 70 52 4 40 18 83 32 1 92 89 27 48 29 76 17 67 87 11 33 36 92 3 28 72 1 53 65 50 5 99 35 94 72 58 2 30 67 94 19 31 40 56 32 98 92 90 65 87 76 24 39 48 52 9 19 60 64 1 31 84 70 91 46 30 83 61 83 96 68 62 86 88 1 0 58 70 88 9 88 72 21 5 45 5 7 2 40 54 89 84 45 62 91 56 3 39 90 59 60 96 91 97 9 38 7 14 69 49 2 9 22 33 46 63 85 56 32 42
88 92 78 0 58 67 75 43 35 45 32 84 18 20 60 68 61 38 68 75 35 98 62 92 29 2 42 38 74 98 25 52 74 40 72 55 30 84 10 38 50 98 60 10 79 90 48 7 16 49 25 48 17 68 53 72 52 56 13 27 47 93 44 21 89 46 40 72 26 62 1 7 80 92 35 4 18 66 65 83 26 0 97 10 50 67 45 64 72 29 5 28 57 91 34 30 42 48 34 24 10 96 64 49 36 43 77 82 43 47 35 29 71 10 0 64 78 29 78 11 14 52 0 41 41 1 16 59 25 99 74 20 39 91 64 2 65 100 97 98 95 97 96 66 22 34 67 4 2 19 61
30 85 87 51 78 71 44 54 93 70 44 64 29 71 89 66 4 65 43 81 40 82 65 31 51 99 44 47 51 87 74 10 71 77 36 60 92 9 48 63 39 40 93 62 82 91 42 46 4 0 82 57 51 48 35 57 83 39 36 67 17 77 17 43 18 58 25 64 49 56 66 61 97 89 2 96 17 73 85 90 41 55 83 69 88 69 59 66 57 88 80 99 20 99 63 89 8 34 52 6 52 25 90 78 80 55 90 53 60 55 92 83 86 74 89 40 20 0 4 9 20 71 68 32 80 48 78 8 55 37 59 17 74 20 62 47 54 30 69 31 88 33 81 28 54 66 35 35 59 95 24
2 89 47 14 25 30 52 61 81 37 12 12 100 87 73 69 33 87 1 41 56 100 0 93 25 6 22 58 61 100 80 15 7 59 74 58 67 35 37 3 46 85 2 49 34 85 17 93 63 86 100 69 66 55 28 21 100 0 59 82 53 24 35 81 6 69 71 25 48 91 44 15 38 66 73 28 76 25 100 70 20 97 12 76 29 80 57 61 98 95 28 51 68 39 84 49 31 95 78 91 11 70 33 68 69 54 100 5 90 36 55 30 92 24 1 83 69 1 6 15 22 13 72 97 56 98 89 38 6 30 55 14 17 46 45 9 93 87 79 24 41 20 15 100 21 25 7 59 4 13 63
57 79 89 63 1 30 73 32 15 23 24 44 58 77 42 36 2 46 42 62 11 65 84 67 70 40 97 25 7 53 2 58 37 14 35 38 10 61 1 85 25 69 25 62 35 39 76 63 60 66 24 74 5 50 0 24 52 13 47 1 2 8 49 2 72 16 100 70 2 100 69 52 8 41 98 0 85 37 100 69 60 25 84 66 79 47 12 67 19 77 9 85 70 100 45 86 57 1 58 9 29 27 92 77 52 81 5 3 92 0 23 84 32 61 31 87 13 16 0 34 7 49 23 91 54 78 70 91 83 51 45 7 10 72 62 60 87 73 12 22 90 98 77 81 22 52 52 35 86 12 25
42 59 83 7 20 74 46 81 60 71 28 19 58 49 28 80 39 51 46 100 26 72 87 33 14 9 96 71 92 44 12 36 7 34 57 56 47 20 27 27 17 82 64 12 33 73 39 98 51 95 99 40 41 1 73 97 81 56 52 80 96 22 22 68 74 81 12 56 62 54 49 89 39 17 40 69 35 31 42 3 95 32 40 3 80 93 43 36 61 99 32 86 35 57 34 54 47 85 51 100 12 56 86 87 52 24 85 19 38 98 71 14 8 88 7 5 0 52 45 59 78 78 54 15 13 36 74 59 87 63 43 40 61 81 27 40 82 57 43 23 89 96 97 80 26 73 99 92 39 88 12
74 22 20 100 35 0 39 80 22 93 75 59 60 1 3 24 43 99 90 77 91 34 60 21 91 18 65 48 46 90 14 27 56 20 24 5 23 68 71 25 2 51 100 33 70 59 89 85 3 66 82 86 55 74 29 18 55 67 72 95 73 99 37 56 49 41 67 26 63 80 16 12 26 53 24 60 43 64 39 89 62 21 8 47 62 58 29 64 69 45 42 13 64 89 18 69 66 75 71 71 60 51 100 10 80 87 11 8 89 89 97 61 84 70 44 21 45 54 15 1 14 7 17 23 80 90 26 93 23 87 25 14 43 87 72 70 84 70 2 5 8 89 17 30 23 87 15 68 37 83 85
75 58 79 91 43 44 0 84 43 67 24 9 19 75 37 51 20 78 62 32 14 13 37 71 30 80 33 2 41 52 70 37 98 50 66 85 48 49 79 22 61 64 12 95 0 90 90 9 8 0 85 82 4 1 28 14 84 46 94 95 79 3 94 76 36 83 69 24 94 72 73 14 5 35 73 42 20 93 40 75 3 26 9 79 21 59 44 60 10 39 74 41 55 38 0 36 69 17 83 59 30 94 23 58 61 16 75 0 44 14 22 72 28 60 54 86 7 4 61 66 11 76 42 45 69 12 15 25 19 42 3 99 78 6 86 72 69 67 6 70 75 44 14 38 35 90 34 9 48 71 12
43 19 93 49 57 70 93 44 45 58 38 68 17 3 63 35 89 79 70 57 34 55 63 14 83 40 61 84 56 31 60 3 16 70 1 86 9 89 75 59 46 95 2 91 8 65 25 24 78 88 49 50 55 29 67 100 44 64 19 8 49 66 77 39 6 49 45 30 72 63 19 13 13 30 100 80 90 68 32 74 56 91 0 74 63 33 82 4 10 64 15 49 56 1 97 18 60 64 12 69 36 92 19 17 46 62 63 75 23 37 97 44 66 28 56 17 60 52 85 2 32 10 64 65 42 7 99 97 36 80 69 59 5 32 39 81 92 91 49 65 82 36 74 93 94 96 86 65 67 57 67
84 16 40 28 90 27 8 9 99 5 9 2 24 47 11 12 28 50 44 10 48 18 71 26 37 2 92 9 74 57 73 63 90 94 76 45 67 3 98 93 6 22 72 76 57 16 54 50 7 71 17 58 44 65 31 79 36 1 84 24 72 50 97 68 33 20 21 57 18 79 59 46 13 44 28 78 28 58 79 57 64 54 51 97 76 55 56 30 25 82 83 5 12 17 51 67 53 25 46 7 78 56 79 40 83 36 65 75 13 37 1 43 58 12 22 88 32 68 10 93 18 69 0 85 40 92 69 73 9 97 33 74 79 42 84 34 51 57 64 37 39 48 66 31 55 9 11 13 58 20 6
57 37 16 86 92 43 83 24 94 35 56 46 21 100 100 15 83 74 23 64 58 76 5 54 55 41 6 71 62 41 16 33 1 90 13 0 55 85 45 59 76 56 26 4 85 49 39 5 75 16 85 38 73 92 54 23 44 96 17 1 28 35 4 24 71 91 42 21 35 31 36 72 70 9 42 2 46 53 91 59 89 43 100 91 19 14 94 6 39 75 96 96 52 70 62 42 99 32 74 71 45 39 85 80 59 94 95 87 96 92 62 9 91 50 79 53 56 69 82 45 15 94 78 85 5 23 53 55 66 78 37 85 83 63 83 36 30 68 57 20 68 83 50 0 45 33 59 51 56 50 45
96 52 51 40 65 8 73 18 91 10 26 25 85 51 96 59 7 68 56 83 76 25 83 89 25 28 86 29 10 71 57 54 22 30 67 83 45 19 24 99 71 87 81 12 23 65 53 14 71 67 47 91 16 49 23 99 9 13 60 49 40 1 48 21 68 45 19 18 55 23 17 18 55 11 71 31 30 67 31 59 10 79 58 74 76 48 66 74 58 92 97 77 74 11 28 77 59 81 14 77 7 41 92 97 20 67 10 47 67 21 43 98 15 82 80 73 43 87 30 4 85 9 31 73 11 84 38 20 17 64 8 67 67 50 49 75 34 95 4 57 80 64 7 42 57 75 70 36 23 14 13
16 54 21 26 5 57 38 18 23 99 69 36 85 30 88 75 32 7 22 48 86 92 87 65 80 7 71 4 28 17 77 80 42 40 71 66 39 34 3 51 35 27 39 47 78 41 23 29 29 6 34 64 10 81 7 28 20 23 28 0 45 77 69 63 82 49 10 61 82 80 81 61 94 8 50 71 58 48 89 3 93 87 74 3 83 11 41 91 92 79 77 56 48 15 22 74 3 54 100 67 91 51 31 95 50 98 74 30 96 22 40 45 31 67 4 54 89 98 19 32 14 11 18 69 74 56 59 91 6 56 80 59 22 38 61 11 91 73 41 74 94 10 91 30 50 52 63 35 3 6 43
0 90 12 77 77 7 45 43 43 52 67 6 72 16 63 99 95 75 25 99 61 49 96 95 58 45 7 55 12 96 10 56 24 77 1 74 70 86 31 91 9 5 3 23 95 17 100 85 92 79 49 64 80 37 8 42 27 61 27 54 50 32 89 70 5 52 27 36 17 84 41 46 65 43 57 28 67 32 49 22 29 81 57 55 35 95 67 83 87 17 84 97 67 59 24 99 59 27 7 20 58 97 53 29 74 76 46 16 4 95 16 10 59 57 100 18 85 11 68 57 15 27 4 8 9 56 50 27 3 9 33 18 60 26 70 5 71 8 14 17 75 31 81 57 15 77 1 38 85 42 70
43 100 52 5 4 98 90 94 49 41 99 88 63 43 63 58 24 64 64 33 5 64 87 11 67 25 6 84 79 12 81 14 17 69 30 62 6 0 78 64 52 21 96 60 4 83 96 29 31 41 57 56 70 82 45 99 79 45 67 38 81 10 35 15 65 48 92 63 74 2 68 50 77 64 42 5 63 89 17 82 49 75 36 68 6 30 11 61 24 73 27 62 49 91 51 4 58 85 7 50 10 18 49 97 10 86 89 67 25 77 1 38 10 35 18 4 73 76 12 1 56 2 85 77 34 80 16 70 75 19 24 92 30 4 64 43 35 75 30 11 28 39 67 84 72 73 19 22 53 41 17
18 58 28 20 56 46 76 33 77 83 83 6 37 11 54 51 22 19 85 46 92 44 80 78 52 5 61 63 16 79 30 0 80 8 7 80 17 13 81 4 32 57 21 87 65 69 87 28 57 14 20 43 31 77 42 48 86 53 49 37 90 83 25 36 84 93 24 0 14 60 0 84 48 96 42 78 36 1 21 60 18 59 84 31 3 12 65 64 45 45 30 28 34 79 21 54 91 95 49 61 17 11 28 76 32 76 54 67 51 77 57 64 66 3 44 57 84 87 3 70 65 97 83 8 60 25 74 15 60 15 37 69 48 61 11 45 70 2 87 38 1 61 32 56 12 43 35 81 40 93 92
30 62 28 60 24 35 52 37 92 86 71 43 34 17 71 3 62 1 74 91 43 50 68 87 38 61 33 79 97 76 3 76 98 92 2 46 59 42 82 62 5 76 35 8 98 98 54 24 95 67 86 67 47 52 14 47 30 18 66 3 58 62 31 78 67 97 46 48 94 33 21 9 94 63 51 60 7 85 16 61 51 7 84 29 84 6 93 58 13 23 4 71 72 84 96 95 71 47 2 29 22 41 14 47 65 53 33 49 80 80 41 92 64 62 63 53 5 45 41 21 96 34 65 90 54 94 1 29 22 50 6 100 83 96 48 55 91 43 57 50 95 22 100 91 2 37 37 88 33 21 40
92 72 62 72 97 96 76 53 5 58 30 88 78 60 99 14 9 41 4 58 10 86 53 82 2 91 63 64 90 32 80 75 45 81 90 71 98 61 6 35 59 75 65 28 38 42 86 32 75 78 28 70 41 52 22 6 6 83 95 68 27 48 94 56 22 60 33 35 86 46 40 74 34 15 96 0 79 32 11 43 16 85 95 16 53 39 43 94 22 81 45 82 88 62 2 70 66 10 96 88 31 4 61 39 38 51 42 88 60 29 34 79 55 89 100 95 89 90 15 74 31 85 1 82 42 55 26 64 87 53 22 95 1 49 18 97 31 33 4 62 93 31 84 63 47 43 14 39 11 60 4
37 19 0 70 89 93 6 14 49 70 36 66 56 3 67 12 70 15 93 33 92 28 41 30 31 85 21 37 32 25 69 56 34 0 58 39 7 61 92 89 66 28 82 29 63 0 93 30 26 87 4 45 49 38 18 30 76 86 44 53 96 81 8 58 96 71 49 56 73 100 51 58 15 15 61 86 66 56 4 84 28 33 80 13 92 22 10 74 96 59 55 20 1 44 2 98 20 8 100 41 60 24 27 27 25 91 88 97 18 73 68 63 20 100 45 71 80 77 78 56 41 30 19 39 35 70 28 90 89 38 20 77 80 89 36 64 96 25 20 65 100 89 93 99 10 55 2 33 94 5 62
33 36 70 38 22 21 60 26 63 29 86 94 54 19 68 43 88 0 82 36 8 66 38 73 20 57 52 27 96 15 62 61 82 79 11 77 43 56 13 100 52 43 45 54 10 59 29 62 67 59 65 86 78 91 93 25 37 9 25 25 17 39 37 0 53 44 77 5 26 93 31 20 75 75 82 94 31 67 96 43 24 76 90 41 4 35 22 37 54 51 0 96 2 39 34 71 17 26 98 51 79 26 61 35 38 77 9 46 95 58 19 28 89 48 71 0 9 58 26 85 72 21 90 30 53 18 30 27 27 13 70 89 76 67 76 73 39 100 20 30 35 71 19 83 24 25 50 33 35 87 58
19 78 80 74 15 66 17 37 68 51 60 93 79 41 11 33 40 83 76 26 78 39 6 54 12 67 10 18 53 36 39 86 23 93 100 77 19 71 51 66 62 22 84 70 95 69 14 82 40 1 57 32 80 5 34 30 50 37 15 73 58 30 9 35 84 71 42 12 42 71 42 79 24 89 70 51 9 74 29 18 25 14 7 75 15 7 55 59 37 48 63 19 35 54 52 2 10 28 45 100 66 41 60 87 47 82 55 84 8 91 46 97 20 40 18 22 49 62 74 45 57 68 4 19 71 72 80 21 71 23 73 1 29 97 33 72 11 48 52 27 22 19 7 49 74 39 40 85 28 79 80
84 8 30 40 82 47 37 73 91 29 32 8 53 55 78 14 96 82 58 56 34 77 86 83 97 10 40 57 97 58 74 39 51 83 84 81 37 45 74 23 7 43 55 82 82 2 44 64 81 40 3 4 2 85 53 39 61 24 87 77 2 82 18 95 97 4 45 22 62 93 27 75 66 31 58 95 64 53 41 20 100 53 12 99 84 91 88 46 74 99 43 1 60 69 59 19 4 59 82 56 18 45 31 46 91 7 64 40 31 63 28 61 78 55 16 86 23 35 78 15 48 71 56 92 69 83 36 68 3 8 35 35 68 45 82 90 73 49 88 99 90 64 95 1 44 3 65 71 55 76 47
89 10 54 66 75 2 67 60 98 92 20 20 47 58 95 8 45 59 26 74 30 20 67 88 100 87 88 96 81 43 44 82 96 44 39 62 77 55 61 50 94 77 54 94 68 89 9 81 82 60 38 23 58 39 73 78 63 17 89 20 94 93 76 47 45 32 84 41 76 37 6 69 99 85 57 99 15 27 96 15 32 84 80 32 36 12 48 6 96 8 43 30 10 49 43 90 69 16 71 36 94 46 78 43 37 72 5 90 61 73 36 89 9 40 90 13 100 59 27 73 63 11 80 51 69 67 66 26 49 99 3 81 47 93 76 85 55 62 51 36 32 63 39 25 32 35 29 19 55 29 31
37 65 20 10 71 80 9 65 34 19 38 26 81 20 35 14 20 54 36 4 20 74 62 0 9 18 25 63 58 46 4 6 91 87 68 62 27 15 26 9 50 89 97 78 33 6 3 75 18 20 62 21 95 29 57 30 68 31 66 8 61 73 23 64 35 95 80 65 39 7 13 8 5 17 59 95 73 13 24 84 48 80 57 79 64 39 15 34 37 58 91 60 7 76 25 26 44 5 54 33 21 26 61 12 60 20 2 37 35 87 95 98 62 3 27 31 43 99 16 30 22 18 40 10 82 37 95 68 71 63 19 75 71 15 8 7 75 33 99 25 94 68 20 37 9 69 7 66 77 99 76
51 39 61 28 28 13 13 87 30 54 96 43 92 44 17 99 71 21 81 49 14 45 67 47 71 46 61 87 73 34 96 85 48 17 31 54 6 6 83 76 77 50 82 49 28 2 44 0 80 55 33 64 95 94 16 57 1 40 42 40 50 7 98 45 89 77 66 33 88 94 32 81 21 80 48 77 49 85 70 32 35 27 55 29 50 75 85 60 80 26 31 33 13 97 13 66 58 81 88 51 4 13 11 47 87 46 13 69 77 7 70 41 68 31 62 1 70 91 100 18 63 25 6 49 97 90 81 15 36 88 51 26 99 51 29 85 30 47 30 56 57 90 28 70 21 90 23 100 13 90 36
41 67 86 72 61 2 44 41 96 71 41 18 43 65 31 90 71 38 10 1 87 90 59 10 21 9 54 27 50 78 76 78 33 79 39 7 27 66 35 32 24 51 11 38 26 76 89 24 63 40 82 19 93 54 32 5 62 30 55 12 60 25 96 42 33 91 60 52 97 43 11 33 16 20 2 79 98 8 24 71 70 16 60 2 93 11 28 97 12 65 33 32 59 40 89 76 15 38 53 70 85 21 9 72 10 77 77 55 57 78 22 77 10 65 45 62 38 49 61 28 25 29 72 95 1 66 72 77 29 12 16 42 78 33 39 3 42 70 18 97 60 90 15 19 42 68 87 80 24 27 28
61 32 98 46 97 57 1 53 4 12 92 25 69 49 62 12 23 11 48 18 83 78 75 48 62 7 59 56 71 83 6 73 76 10 55 16 64 23 7 100 94 14 55 44 74 59 30 2 90 13 99 86 45 12 36 98 86 25 94 66 5 68 56 97 36 97 6 63 4 50 88 36 27 90 40 69 85 68 60 51 58 99 87 61 55 88 73 34 18 26 34 33 31 48 89 59 33 88 18 54 14 87 81 88 76 49 61 87 95 74 48 28 40 59 27 19 42 50 51 56 44 2 39 66 18 32 55 78 59 70 50 38 37 0 98 47 26 47 42 17 37 56 92 85 100 84 53 73 51 56 26
74 77 31 6 32 79 14 13 52 2 99 41 43 60 95 69 76 17 59 0 58 3 46 54 13 52 54 95 74 80 3 71 93 91 27 31 72 50 40 44 46 66 72 96 29 3 37 26 28 77 95 17 50 36 79 19 68 88 70 20 0 20 90 76 45 52 28 28 33 35 16 24 7 54 15 48 45 31 86 89 22 16 80 56 55 46 39 71 71 46 17 77 70 52 63 58 6 50 39 70 34 47 93 29 87 27 74 34 45 52 27 41 62 44 17 18 92 33 69 20 64 90 45 7 97 37 97 0 60 14 6 93 100 51 57 39 22 38 71 38 46 91 67 1 79 6 51 6 39 51 31
77 54 27 76 69 2 25 35 54 6 31 51 43 5 45 44 45 85 96 94 40 93 9 93 78 23 30 93 73 32 50 37 62 71 72 42 69 10 66 20 43 52 59 58 4 66 59 54 90 12 53 20 28 74 64 17 14 51 15 85 58 58 86 26 47 23 89 60 42 28 74 93 31 83 65 64 46 84 58 4 39 23 72 86 59 19 5 63 62 94 8 56 93 49 45 68 68 49 96 75 31 12 35 10 90 20 34 45 69 36 36 86 45 84 6 89 95 50 89 26 83 12 23 38 1 38 98 33 40 44 24 21 58 96 27 91 51 62 85 1 15 98 100 27 59 45 88 59 41 65 2
53 75 65 78 8 48 94 73 35 16 67 19 69 57 96 75 60 7 35 58 22 10 26 87 94 98 1 37 68 12 63 57 52 40 38 99 28 89 69 77 36 77 39 13 15 97 88 46 47 33 96 43 89 19 35 59 36 29 44 90 19 6 94 8 21 19 86 100 91 91 32 26 49 43 34 46 98 29 38 87 91 75 93 41 54 81 14 9 60 32 88 6 67 89 26 57 35 89 13 20 43 72 35 30 76 75 25 32 23 38 72 93 79 48 32 60 2 41 52 97 92 82 76 53 43 90 88 98 2 36 97 91 99 50 22 90 16 89 42 35 3 78 13 32 68 35 96 31 42 51 43
29 20 59 28 82 69 90 71 8 23 5 50 45 0 17 51 83 90 1 38 20 14 6 59 87 33 99 32 54 98 7 30 25 58 27 72 83 45 70 86 15 69 88 37 47 56 27 74 55 44 96 36 79 78 4 79 39 24 20 97 27 51 10 80 33 81 46 62 55 90 25 10 81 8 92 80 82 17 97 43 24 10 42 71 100 92 8 6 5 43 64 81 97 14 46 33 38 89 13 38 71 6 20 57 98 7 36 32 0 56 41 40 90 21 52 13 21 73 40 17 96 3 63 41 5 73 65 93 71 69 85 93 84 67 41 64 60 15 46 54 44 31 76 51 96 83 67 14 65 51 59
19 98 50 23 33 6 70 59 65 57 53 86 96 11 27 60 4 0 87 73 74 30 11 93 44 1 96 7 70 84 83 50 88 2 20 68 0 65 83 11 44 79 67 1 14 17 62 93 99 47 82 95 61 85 24 65 49 64 88 12 17 41 41 67 79 54 81 14 98 7 59 99 28 73 12 73 77 16 74 43 90 23 82 88 6 7 50 6 35 61 13 76 82 57 33 91 20 50 78 71 15 93 44 60 83 2 68 13 21 2 57 56 92 81 95 81 39 6 9 32 10 68 83 75 69 77 22 47 37 56 18 9 96 55 78 4 92 31 78 89 77 81 77 56 96 100 11 11 38 10 85
88 77 77 67 85 25 16 19 63 89 30 49 50 47 28 15 60 86 64 45 75 14 7 85 11 78 26 61 51 61 99 12 85 88 61 83 53 20 32 91 96 42 26 83 87 8 93 88 92 44 44 32 16 13 99 70 13 42 93 54 29 31 16 66 81 68 13 99 1 6 91 97 7 17 29 100 79 43 77 63 78 25 44 57 8 68 3 95 18 81 67 90 42 21 16 50 30 27 35 54 52 81 59 21 92 76 64 32 57 10 7 27 49 74 93 28 60 82 76 21 78 63 13 73 67 91 0 40 86 57 25 71 62 4 3 34 52 45 26 99 96 0 84 27 94 71 67 41 91 11 71
92 57 73 60 66 10 34 63 48 37 33 75 75 30 6 92 59 71 4 37 44 39 23 7 69 14 95 22 13 86 29 40 73 61 96 6 12 28 29 86 68 44 81 49 32 31 5 0 13 82 49 33 57 61 40 47 93 42 91 22 93 90 14 59 12 20 46 20 60 12 37 50 48 84 77 30 80 23 94 46 78 66 66 2 19 79 61 5 19 1 76 43 82 78 89 67 19 58 37 72 82 18 1 89 70 26 41 13 14 73 67 35 70 58 39 89 20 100 67 93 54 38 95 7 73 19 90 96 1 82 26 33 16 45 60 78 30 69 34 87 69 12 42 58 43 66 22 75 73 34 27
5 2 61 25 74 46 18 17 40 44 52 64 83 46 19 6 94 3 66 97 74 32 44 51 19 92 84 98 54 4 80 25 32 38 25 14 78 1 90 77 9 4 82 29 97 74 65 25 28 100 66 93 45 75 13 66 34 32 98 14 96 71 7 84 91 24 11 51 51 72 54 58 56 8 55 67 57 45 40 100 97 66 5 18 53 74 74 10 91 57 34 61 87 5 33 53 32 53 43 13 41 92 76 24 97 35 15 68 48 75 15 78 10 94 83 55 15 94 88 85 47 81 60 86 5 51 62 24 95 3 63 32 64 62 96 76 4 86 91 74 31 84 44 7 48 52 85 52 99 93 57
63 24 19 17 67 59 4 81 28 30 16 63 70 49 61 7 3 45 59 26 42 13 8 59 51 43 3 30 35 31 28 55 4 7 61 91 57 9 32 58 49 26 88 92 97 53 49 87 45 40 96 96 43 25 3 30 18 7 57 50 76 25 0 41 16 26 8 76 37 79 17 8 63 53 46 89 62 20 41 73 85 43 30 31 62 16 90 31 13 54 94 72 68 80 58 67 97 87 50 47 77 41 100 26 40 30 18 98 13 14 94 52 84 75 60 36 28 65 69 79 62 83 5 7 1 82 50 71 37 42 14 72 56 63 44 33 40 82 58 85 51 17 63 51 1 21 4 46 42 0 92
26 74 79 57 17 55 32 2 61 44 15 96 7 39 90 86 28 12 14 19 3 96 52 58 68 35 63 90 8 44 100 82 49 57 24 80 38 14 81 86 58 9 4 84 9 27 0 16 8 30 99 60 0 84 13 23 79 83 26 14 95 62 29 78 40 40 33 62 93 45 91 19 46 78 3 87 38 84 43 76 69 41 47 51 69 90 94 14 57 73 9 71 69 22 57 16 58 78 75 95 93 98 28 99 73 13 10 45 63 6 30 62 44 57 41 87 60 79 7 31 71 45 66 73 31 1 44 29 19 86 76 84 83 90 35 71 75 50 17 94 17 81 85 67 86 43 47 4 43 51 67
54 73 31 74 50 69 25 6 20 41 19 43 14 93 35 86 2 72 46 16 84 43 76 5 72 24 69 85 82 96 83 35 39 60 5 50 49 31 82 18 5 26 15 66 88 83 0 14 64 22 51 98 97 34 18 92 34 48 38 45 72 93 67 20 81 53 71 79 55 78 54 26 84 57 99 66 8 14 73 79 62 86 25 56 68 45 41 76 9 24 6 26 41 18 25 92 95 61 85 62 55 99 81 70 74 38 31 31 40 83 43 91 7 23 85 80 47 43 73 29 49 55 50 66 91 12 70 25 28 1 93 78 0 73 17 52 92 33 26 71 59 96 8 87 43 78 27 11 82 92 75
37 97 9 95 92 31 44 66 23 82 57 15 45 5 10 18 82 13 77 79 3 81 53 43 95 78 35 46 13 89 99 39 92 73 70 33 10 25 52 77 65 71 14 53 25 90 96 42 39 43 59 94 56 54 100 96 68 66 33 22 83 33 70 81 88 76 33 48 98 13 9 98 82 87 6 0 56 47 60 77 10 92 26 33 2 12 6 47 81 43 24 91 65 91 86 25 16 19 84 1 18 4 22 98 58 36 56 80 5 94 95 55 68 47 23 28 26 34 87 65 82 61 45 38 92 93 3 69 9 77 8 92 57 42 45 93 62 20 54 67 73 66 58 2 42 38 13 49 75 3 84
23 88 2 60 49 0 24 25 26 67 90 77 12 29 87 6 50 0 18 9 48 37 77 68 82 37 26 14 43 55 21 66 27 58 69 29 80 66 95 58 39 89 50 37 85 27 78 99 28 92 21 3 60 81 59 91 77 73 61 51 46 39 37 93 79 32 51 70 100 27 73 38 4 41 64 95 87 70 72 67 34 90 52 95 14 68 42 58 82 83 28 3 41 22 44 38 25 50 4 13 48 81 35 19 5 38 96 57 39 56 62 67 28 41 57 12 55 51 15 37 30 86 48 64 61 58 59 94 48 65 85 44 49 22 42 78 15 59 25 81 75 95 23 95 36 21 46 48 21 21 5
46 13 44 45 8 100 11 46 79 9 27 72 14 73 66 1 42 46 66 65 95 7 65 43 26 45 1 66 73 43 34 55 13 38 0 29 78 91 9 36 51 76 65 58 32 77 97 36 12 38 46 53 16 25 74 96 19 0 87 73 34 46 57 98 32 18 14 26 26 89 45 83 51 43 20 69 10 44 64 65 31 92 13 72 10 65 37 71 6 87 79 89 1 21 37 21 1 60 87 60 38 72 55 57 53 78 96 44 3 5 7 30 24 17 71 92 62 68 10 50 80 5 28 82 76 2 77 46 59 33 18 35 68 89 56 98 84 37 4 6 53 26 72 78 93 24 39 32 61 32 41
38 68 46 21 100 83 79 57 92 47 55 48 70 57 42 16 76 46 23 99 90 93 60 59 92 10 60 72 26 20 63 76 83 97 27 8 67 100 65 23 87 100 4 64 61 86 36 17 65 32 19 15 43 61 97 9 40 53 83 43 45 9 70 39 85 0 14 83 52 88 24 19 38 5 59 38 87 34 57 94 92 32 45 21 72 89 54 42 7 98 43 13 54 26 0 84 82 23 98 99 19 12 63 10 18 67 29 96 7 54 21 6 92 70 75 80 79 26 28 82 98 54 14 71 10 12 35 16 61 100 72 21 34 11 51 0 70 3 93 65 83 30 24 60 99 30 10 21 51 40 22
11 0 87 55 52 90 10 69 75 68 60 0 92 36 79 3 34 26 92 79 22 30 48 71 81 35 99 33 67 33 33 1 92 92 46 42 24 100 92 9 17 17 33 82 44 91 2 11 14 35 22 85 6 37 94 67 89 75 57 92 85 63 16 59 57 21 97 14 27 45 30 63 77 89 78 28 46 55 94 3 85 90 96 64 36 58 87 21 71 59 17 45 1 26 81 64 93 92 98 39 98 32 45 42 88 45 58 37 14 95 32 24 7 97 44 62 22 26 1 18 81 5 71 59 64 85 37 76 2 37 92 28 54 4 97 87 14 25 0 71 55 73 94 42 35 35 55 26 93 89 9
27 31 24 3 79 99 97 44 14 3 98 56 62 31 93 55 91 36 9 81 59 37 33 94 30 5 32 95 23 7 86 60 22 25 26 52 79 97 22 21 49 35 32 97 3 22 71 66 85 25 33 1 67 20 52 91 35 23 73 75 73 5 20 56 30 2 45 82 29 65 31 34 72 57 0 57 46 11 31 18 52 12 55 33 6 76 85 69 45 19 1 50 89 38 36 58 10 18 9 64 64 65 61 45 51 60 45 4 47 28 67 73 84 73 84 30 1 42 6 18 19 74 75 48 91 61 43 87 8 61 68 56 20 90 2 58 72 39 57 16 42 24 85 74 33 50 46 64 92 21 89
51 92 63 9 74 46 36 58 70 17 45 13 6 54 33 3 65 86 41 6 45 14 67 53 31 98 98 51 66 98 8 52 73 20 81 87 86 80 85 70 5 93 4 14 24 10 19 38 1 23 95 53 69 76 72 75 31 61 26 53 68 64 86 23 32 53 39 41 57 79 51 34 86 73 5 36 54 26 63 41 54 100 29 67 14 73 32 25 47 10 47 23 37 60 30 38 59 61 16 48 40 69 48 19 9 50 90 45 80 66 8 34 51 43 41 83 18 12 91 16 25 9 2 28 91 96 87 100 80 6 97 42 77 40 100 25 8 16 27 68 3 99 13 31 88 11 85 8 35 27 87
88 98 87 13 42 94 54 76 12 68 17 29 30 27 13 88 48 89 52 26 82 45 49 70 98 71 66 98 97 21 52 90 58 62 2 7 99 53 4 4 60 25 48 8 8 12 32 83 38 40 100 8 39 50 19 27 45 50 77 58 9 28 6 93 5 15 75 26 20 26 70 41 60 75 83 83 43 76 27 50 22 26 57 43 25 76 17 11 38 44 7 87 17 25 31 78 49 48 78 33 48 56 6 54 41 65 40 35 78 57 0 20 98 19 18 26 72 88 79 61 41 44 93 84 42 29 52 55 34 94 86 36 86 26 81 96 0 24 66 48 50 11 98 63 19 32 75 76 3 32 61
55 65 97 61 39 87 92 24 71 5 48 38 33 13 30 33 85 36 73 90 54 82 3 44 34 30 10 67 84 87 20 7 0 83 77 71 30 29 86 100 49 51 46 25 22 96 44 81 31 79 50 60 1 98 26 55 2 66 15 34 80 83 77 14 33 49 94 69 92 17 15 59 77 70 82 9 65 10 10 39 87 96 55 27 26 19 88 66 9 67 8 26 18 60 66 0 70 50 66 31 49 32 7 60 65 70 28 2 91 21 0 50 15 18 87 8 27 71 71 31 82 57 12 9 4 75 33 83 63 14 17 60 42 63 26 60 34 17 23 49 43 28 15 88 69 73 40 25 14 82 34
48 54 17 4 15 84 45 2 41 96 72 70 31 57 41 29 5 91 47 32 70 7 27 77 12 7 40 55 40 81 61 2 33 72 78 74 38 54 75 9 62 16 93 43 78 68 48 71 5 40 93 8 44 69 40 95 48 69 88 63 90 14 4 85 59 55 95 80 2 60 60 90 96 83 65 35 47 6 27 95 59 79 67 20 98 98 7 79 1 6 69 74 2 98 23 8 24 81 96 94 48 45 82 15 96 72 12 67 27 34 11 22 83 91 0 68 90 51 40 73 37 42 59 83 86 65 24 18 33 72 22 48 72 26 66 98 36 11 73 1 86 37 55 16 50 75 6 27 99 53 27
62 6 83 86 6 2 20 93 28 99 64 62 52 6 0 18 62 71 1 61 26 42 37 61 21 57 0 85 49 88 89 40 52 80 47 28 76 66 81 51 68 46 54 90 65 46 41 4 58 65 77 91 83 80 24 73 69 0 4 47 9 23 50 67 18 94 65 14 34 52 78 78 20 39 90 94 100 52 26 92 19 45 97 79 7 91 63 30 78 94 16 11 69 88 33 74 52 83 37 99 65 94 13 86 80 98 67 76 56 91 83 37 85 4 65 8 10 13 28 64 34 12 45 45 9 33 29 92 4 35 0 64 79 67 64 68 6 88 61 55 95 21 32 71 51 30 90 64 91 82 35
71 76 99 100 31 68 71 61 35 37 23 43 82 55 39 66 88 85 31 24 59 100 35 20 65 52 35 2 26 58 2 58 85 28 34 48 77 40 36 20 91 58 46 25 44 1 29 81 59 85 28 33 76 48 53 27 26 100 80 32 89 84 44 82 90 62 45 61 62 2 10 9 20 47 55 15 55 56 55 78 28 18 34 55 65 86 82 4 18 88 36 96 84 81 70 34 44 54 98 38 85 20 64 49 90 95 1 6 44 77 83 26 47 22 44 68 48 66 54 65 83 16 3 82 18 86 85 12 64 95 83 63 34 77 19 44 82 22 41 51 90 23 74 46 81 5 3 18 21 70 35
19 48 100 94 31 17 45 72 91 21 7 27 4 4 12 63 88 49 64 17 68 61 55 59 26 46 53 86 79 1 11 58 40 23 79 96 69 29 8 91 93 44 31 85 16 25 17 81 57 15 35 7 59 24 46 67 3 16 95 46 38 86 83 58 9 100 91 85 35 87 78 33 60 43 70 26 1 8 4 34 4 21 13 64 56 53 97 47 63 4 98 8 97 2 78 80 2 54 16 64 48 92 43 28 85 25 90 73 86 28 22 78 20 52 34 42 84 80 37 21 87 72 37 95 51 69 19 13 30 18 25 90 31 44 84 70 13 6 70 41 35 53 47 14 32 25 55 29 60 28 23
2 96 62 6 32 4 10 44 62 55 24 77 7 79 78 16 67 36 75 16 29 93 73 83 93 10 50 57 25 1 38 67 12 13 100 45 92 66 1 42 38 97 41 82 79 1 3 65 85 5 16 15 96 7 27 89 44 29 37 22 12 59 22 94 78 66 9 41 67 98 83 47 58 8 43 39 52 98 38 70 46 35 79 82 73 34 91 30 91 86 41 50 67 73 24 72 26 89 23 87 97 99 44 17 61 2 68 57 30 77 97 52 91 16 96 29 84 84 13 28 1 7 16 46 38 90 46 15 49 38 91 5 19 88 11 91 60 23 70 25 11 81 43 99 52 46 44 59 60 63 46
49 94 33 61 20 51 20 62 49 62 62 43 99 33 59 100 71 50 89 59 72 16 18 95 58 36 47 98 75 14 97 41 28 3 52 14 53 45 32 14 92 76 32 46 30 89 10 35 19 52 84 33 70 13 92 33 62 86 39 24 78 86 29 59 9 89 16 49 40 70 99 84 65 15 70 64 70 97 19 5 27 74 19 1 54 79 24 70 71 72 73 6 93 33 25 87 15 29 85 93 10 73 17 52 72 79 68 4 70 0 8 44 64 63 74 24 69 49 32 3 88 48 99 14 38 89 92 2 12 53 7 23 100 4 29 59 70 69 70 91 26 36 65 49 89 12 78 69 27 27 84
42 33 15 72 30 43 4 45 9 53 64 29 35 39 52 59 92 37 3 20 46 14 36 85 48 32 71 12 5 19 59 73 62 68 13 64 85 57 39 41 98 51 63 33 21 22 76 62 83 71 71 71 25 57 10 38 83 83 92 73 41 21 61 49 84 71 92 10 36 57 21 85 92 58 75 68 17 33 8 93 95 37 27 99 91 13 78 97 74 74 50 4 28 85 44 79 13 21 4 97 41 72 0 15 82 17 61 30 73 95 14 26 29 78 56 10 89 37 87 28 8 27 17 80 14 53 75 96 59 45 90 2 84 16 53 97 13 95 94 76 77 28 66 12 24 87 98 9 59 51 22
14 43 83 14 36 69 51 97 57 51 41 79 61 19 58 54 90 15 76 43 5 27 70 33 24 4 89 93 56 37 15 99 48 73 59 35 89 78 66 13 65 67 87 7 67 26 49 53 28 53 5 23 81 16 37 69 97 11 41 59 87 71 44 89 26 54 7 45 21 11 34 89 97 86 91 63 30 43 53 22 30 18 95 67 85 35 82 17 9 28 81 53 100 17 42 84 12 72 84 18 88 90 65 20 83 67 6 9 36 96 77 3 99 3 63 57 58 0 10 38 16 9 52 96 67 38 16 41 97 30 57 42 19 99 34 15 94 36 66 20 45 89 38 18 68 14 71 44 34 95 23
91 93 68 91 48 42 78 24 54 78 76 3 90 2 32 2 30 96 41 23 77 25 3 86 28 99 70 24 4 96 31 100 45 72 68 65 76 8 16 46 45 65 6 67 84 28 73 50 2 0 21 6 86 59 24 25 45 62 36 70 46 82 21 41 47 60 96 44 17 66 87 85 94 65 95 75 8 5 66 15 9 78 22 33 68 36 31 27 75 33 41 94 59 19 9 70 75 95 46 6 17 45 32 37 35 4 49 56 51 48 9 47 57 32 89 83 54 23 23 35 96 92 91 14 56 75 65 61 59 26 59 39 79 97 54 8 76 44 80 95 61 28 98 91 97 76 86 12 45 23 48
12 39 5 78 61 75 72 89 13 81 48 22 32 47 76 39 17 81 2 44 49 60 20 17 62 82 65 69 32 68 73 90 22 48 12 7 91 53 0 0 3 49 86 38 42 63 56 30 74 83 56 66 44 39 44 83 0 85 39 92 22 45 72 84 92 35 26 6 94 35 90 73 66 3 87 98 51 61 55 46 31 80 41 64 65 13 63 50 60 6 98 5 1 15 58 67 75 42 24 64 4 74 37 83 39 8 96 6 71 74 71 98 100 33 46 66 27 6 17 95 27 44 55 62 69 14 17 55 5 72 97 60 95 32 78 18 93 51 94 90 98 5 40 35 10 43 91 88 6 33 70
24 90 32 40 13 72 55 75 40 42 90 39 97 80 43 86 28 55 76 70 62 1 53 63 8 22 98 51 59 62 64 98 77 1 11 32 18 2 97 49 14 21 84 67 75 68 98 52 19 19 76 68 53 82 38 9 59 32 85 60 74 7 75 69 74 4 85 98 45 32 53 37 8 65 17 98 50 30 96 1 80 73 84 51 39 40 86 77 95 12 9 83 15 89 52 80 54 3 75 53 18 21 50 47 84 38 44 66 57 76 29 80 74 68 24 99 48 63 89 68 21 22 0 54 63 54 61 73 24 53 2 96 91 14 20 42 15 59 35 89 46 79 50 6 78 11 0 49 84 64 28
86 85 19 77 21 78 68 59 48 10 72 14 54 24 36 95 81 22 44 48 1 64 55 67 18 41 39 33 55 33 89 33 53 71 73 1 63 6 41 41 48 63 94 2 5 100 37 82 16 61 99 18 70 88 68 35 80 80 76 66 63 2 12 29 71 54 29 62 97 0 34 78 52 48 32 55 50 88 10 1 7 69 38 3 35 7 7 29 37 30 7 13 73 97 78 71 64 57 83 88 65 65 74 32 57 7 12 8 94 45 7 61 92 78 52 50 27 71 16 81 5 35 12 0 100 59 97 10 100 9 88 49 37 11 66 50 83 72 65 39 34 94 4 64 57 96 39 13 65 56 66
80 32 93 60 91 7 58 56 37 73 15 100 50 35 19 68 30 90 80 64 77 14 31 62 77 34 62 94 32 49 17 54 54 8 28 75 3 14 66 45 93 68 39 68 89 91 21 0 17 56 40 67 55 30 65 34 84 40 28 22 23 18 88 22 14 4 26 67 79 59 30 36 5 32 17 15 61 9 18 6 66 68 32 4 76 66 15 56 51 26 35 18 97 80 42 99 97 100 37 37 33 62 22 35 90 12 90 45 40 9 84 3 45 19 61 28 9 98 95 6 12 36 41 83 50 24 69 85 26 33 19 91 69 93 38 46 42 63 21 93 87 56 94 26 59 61 70 86 58 63 18
74 24 100 51 27 5 38 62 2 1 83 45 71 33 20 90 30 22 76 21 86 48 26 50 18 13 51 18 67 17 16 62 46 17 84 35 49 40 26 31 88 5 100 63 76 83 20 91 92 10 84 7 13 9 78 17 50 59 20 14 5 4 91 88 85 52 10 3 45 78 17 89 3 32 56 79 86 12 34 10 49 88 52 83 76 32 89 56 83 71 39 54 36 15 96 24 88 23 84 96 54 38 11 35 48 67 74 36 52 25 57 76 22 32 44 48 62 86 13 14 72 30 34 66 86 51 91 58 65 74 43 36 49 15 0 74 78 8 87 14 13 27 66 57 14 74 5 84 45 16 64
26 65 91 74 87 76 21 63 49 66 3 10 63 32 70 35 97 66 76 27 71 7 46 70 66 11 60 40 32 25 67 42 34 82 49 87 20 13 79 89 71 35 58 8 38 39 80 82 95 68 63 47 23 5 10 58 23 83 71 13 79 7 52 72 15 44 38 86 97 63 61 4 35 70 20 61 75 72 18 70 7 61 85 24 77 39 36 62 0 72 10 97 2 45 2 90 78 100 13 10 0 68 27 41 68 78 73 41 92 65 30 76 36 53 76 37 54 32 90 96 5 84 21 31 94 28 94 0 55 87 10 27 19 50 27 99 72 7 10 48 83 74 37 59 35 52 68 91 12 68 56
45 92 86 30 58 91 27 79 53 95 15 11 64 23 35 72 52 77 22 3 36 55 100 14 25 27 61 66 15 19 91 36 65 96 20 5 90 32 20 32 46 57 3 50 77 36 69 49 95 85 71 29 10 85 36 9 14 35 76 61 87 24 97 18 80 60 14 42 21 14 31 15 89 33 38 22 42 63 41 8 28 46 87 44 49 14 15 46 82 83 53 53 99 16 79 7 74 98 74 52 15 67 96 15 69 32 37 55 58 83 21 57 8 46 30 67 1 37 94 97 99 22 61 59 74 39 7 12 89 75 69 100 72 24 81 26 8 3 6 24 22 32 53 28 88 52 21 75 22 48 91
58 66 99 23 37 3 79 18 100 4 39 6 97 48 73 59 17 13 51 78 42 96 84 43 4 77 32 28 83 70 82 30 61 14 74 78 87 96 42 4 39 50 26 35 30 40 73 76 76 95 68 76 93 71 92 30 81 4 32 78 69 5 81 98 26 31 50 9 25 71 92 12 46 94 8 8 81 52 77 2 3 89 64 71 84 62 5 34 7 73 88 87 83 0 85 29 6 29 30 3 65 6 63 95 84 5 11 51 28 43 46 60 13 13 26 3 70 86 89 57 16 49 59 65 69 30 99 19 85 43 75 38 87 29 99 70 14 7 74 93 41 7 41 9 63 38 62 2 70 35 20
41 66 17 63 7 39 70 57 18 86 61 5 23 96 25 95 8 54 93 70 23 36 49 56 96 48 36 11 64 41 96 9 24 65 70 37 77 82 23 54 15 50 5 32 30 23 17 10 11 54 48 75 34 53 74 78 65 13 88 64 9 19 54 20 12 73 7 61 87 3 0 10 47 97 79 92 82 76 14 81 57 27 70 85 28 20 29 30 90 38 12 18 4 20 48 19 67 33 23 57 32 44 94 24 30 51 9 88 88 13 76 40 39 59 19 67 34 14 74 75 74 67 28 39 54 82 42 46 7 49 34 19 4 33 51 98 63 25 72 80 91 40 5 97 45 46 48 53 97 96 3
70 92 54 69 91 83 68 15 70 46 51 19 31 72 44 91 83 50 39 21 74 86 59 49 41 84 100 99 25 13 91 42 7 51 28 24 2 54 25 23 56 42 2 82 44 84 55 71 81 95 81 34 27 40 51 49 64 18 64 84 17 59 82 62 87 4 54 93 30 40 9 76 90 93 0 17 86 75 16 37 4 6 64 44 93 87 22 11 50 22 94 45 54 60 53 33 38 63 13 63 40 86 32 78 9 51 86 15 25 69 15 72 96 55 72 48 0 25 37 86 84 96 16 16 84 26 72 25 5 34 46 28 53 35 82 20 10 26 92 31 27 34 9 55 28 67 97 90 92 0 68
90 81 41 0 65 18 87 98 24 59 87 15 47 76 14 60 80 59 39 51 11 11 23 12 52 87 25 73 48 25 72 95 16 49 43 96 47 1 88 62 61 35 71 37 88 74 98 50 51 69 95 16 25 22 10 52 19 53 75 57 5 24 67 4 38 26 27 59 15 61 40 46 83 68 79 38 62 38 72 51 95 44 8 91 12 89 33 84 34 1 19 65 69 15 8 12 39 82 53 72 24 19 12 69 1 92 96 67 62 59 9 56 27 39 92 96 72 83 99 79 42 19 49 27 82 41 42 2 25 58 1 40 24 35 5 45 58 41 79 14 66 78 81 48 90 31 20 88 2 84 11
51 66 42 65 91 13 87 41 58 22 19 56 27 84 47 45 54 80 72 18 78 53 30 46 95 5 37 64 49 59 100 97 26 94 87 34 55 90 74 99 64 69 53 20 5 64 44 61 45 13 47 34 75 50 4 63 32 29 59 84 28 28 65 22 71 100 51 39 95 57 54 50 43 11 92 32 42 88 60 52 22 30 94 32 49 84 23 58 71 43 13 3 73 37 29 22 17 53 70 73 27 74 94 49 94 51 32 86 60 23 70 47 90 12 92 58 88 54 77 87 49 17 59 1 43 29 81 34 25 57 51 24 97 40 98 93 14 88 12 13 22 13 38 96 100 21 81 4 35 73 18
76 75 87 30 15 95 59 30 35 15 87 3 15 80 65 58 98 46 21 32 50 79 85 69 3 97 35 48 25 95 59 15 62 6 63 11 84 24 5 73 76 95 70 4 100 73 84 94 49 100 61 29 12 34 2 84 17 97 13 15 85 83 41 83 100 86 5 72 56 35 49 46 50 51 65 77 21 83 18 8 98 67 36 79 46 31 65 24 51 47 52 6 91 18 44 16 58 36 47 13 17 81 2 22 13 55 58 96 58 58 81 76 48 10 67 61 82 31 30 48 5 47 65 91 25 58 83 24 71 74 54 20 66 10 76 31 63 6 85 9 0 79 1 56 26 49 1 50 23 73 87
11 1 28 93 10 61 16 53 1 25 24 98 90 75 22 29 40 96 2 50 89 6 100 10 38 87 16 12 38 16 44 72 29 73 6 62 45 53 78 73 33 61 24 25 16 96 16 16 56 5 95 4 93 58 22 38 55 2 42 37 14 17 46 49 99 5 8 25 60 30 89 10 59 0 99 17 90 6 50 13 46 65 1 42 15 35 31 92 92 93 66 6 55 87 28 26 73 91 94 17 70 88 24 74 38 14 88 74 63 85 39 6 25 35 2 56 4 9 42 85 40 15 85 9 7 9 28 65 0 10 46 68 96 56 54 11 98 71 89 11 84 80 28 4 91 12 74 9 28 98 19
33 51 62 1 22 53 49 90 56 5 26 89 72 82 36 2 29 81 18 98 15 2 39 3 70 76 25 1 65 98 16 49 70 36 24 29 100 32 98 14 56 52 79 85 81 43 51 93 5 30 69 71 34 11 76 60 42 66 12 46 38 34 5 14 93 3 85 31 95 89 77 55 74 2 46 54 2 77 4 28 5 38 18 13 46 35 81 49 91 90 52 38 25 71 65 49 35 31 49 28 26 46 8 42 25 7 7 34 29 87 14 81 96 0 17 34 76 80 32 86 7 46 79 35 85 54 33 38 91 11 64 54 63 70 76 99 54 50 32 82 92 51 2 49 85 12 90 58 64 4 79
13 64 85 20 1 52 75 27 18 17 15 70 46 52 68 27 69 41 23 9 46 94 59 91 5 54 82 90 90 63 48 74 67 35 87 4 75 27 90 70 67 39 4 64 90 40 52 24 28 91 1 40 81 87 4 93 19 45 45 81 78 100 61 89 69 16 70 6 44 15 73 63 9 81 11 59 82 12 23 51 19 45 34 38 65 41 7 52 88 81 4 82 44 100 66 8 27 26 31 9 14 17 69 6 72 16 14 55 64 5 34 96 57 80 8 61 9 95 8 99 55 91 68 30 49 86 36 71 12 17 72 93 65 63 51 75 65 85 66 22 24 30 81 60 0 95 57 6 73 20 45
11 96 46 93 56 75 99 25 71 30 73 99 80 80 78 58 80 47 15 25 94 30 4 31 79 38 2 50 5 5 56 12 43 89 98 58 11 36 100 23 14 91 87 70 41 22 96 24 5 2 62 78 19 42 55 72 27 63 72 26 61 56 52 1 21 2 40 63 17 8 90 60 58 81 76 35 17 90 94 29 95 15 39 8 4 60 12 10 63 65 35 92 13 80 95 17 84 93 74 87 43 55 11 21 93 100 85 51 29 29 16 100 56 59 52 49 89 59 61 67 100 93 80 92 63 54 58 85 68 57 16 49 100 81 62 39 7 10 91 71 95 47 15 2 96 30 76 92 100 72 81
100 29 62 47 21 15 97 15 53 95 46 92 78 60 84 76 36 80 22 64 28 89 58 35 14 77 63 19 83 58 31 16 70 43 17 4 76 43 38 59 53 70 44 54 16 58 53 68 5 11 89 42 26 70 42 70 48 32 5 47 40 76 23 1 6 60 35 39 2 57 77 2 90 84 0 69 12 92 100 55 23 54 0 48 9 21 88 47 35 26 93 37 73 48 23 89 100 66 11 37 90 56 40 45 57 69 25 73 58 70 29 10 40 34 32 43 64 3 74 33 17 88 45 36 72 98 5 9 85 13 73 0 42 13 34 44 16 36 24 29 19 96 16 95 45 21 96 83 21 18 5
51 95 9 22 8 45 84 79 67 60 44 43 48 89 83 99 99 83 44 71 31 65 29 25 90 56 28 95 59 80 66 64 86 6 44 57 21 14 86 45 32 13 54 98 10 71 94 60 10 2 32 1 32 29 20 80 62 11 2 60 63 10 19 98 25 2 56 21 28 19 29 60 49 38 87 11 11 34 45 38 88 34 33 33 24 73 32 1 15 34 26 7 23 54 0 21 40 92 84 28 63 55 72 35 24 10 38 13 43 34 29 5 1 31 71 89 60 7 51 33 75 31 1 92 30 91 21 42 86 99 18 33 88 67 100 54 1 10 74 77 43 10 61 31 5 54 42 51 78 57 71
77 15 18 19 77 66 52 75 12 47 71 55 69 36 30 3 37 100 10 44 86 93 89 72 41 67 9 12 19 36 47 27 33 38 52 0 15 53 17 56 87 40 53 85 86 61 53 99 12 28 60 0 16 10 32 99 3 38 6 78 83 26 9 53 5 57 61 11 48 44 3 45 75 80 42 30 14 69 39 98 82 28 85 98 86 14 29 75 16 48 91 15 12 30 74 42 6 90 76 42 99 72 96 22 17 24 20 12 45 73 67 44 44 56 66 69 50 6 9 46 54 68 55 81 50 85 15 24 26 80 69 38 34 42 2 93 17 33 63 28 46 25 29 33 47 11 89 5 45 99 88
2 90 23 40 58 68 15 77 70 29 26 26 9 2 63 3 27 24 40 82 32 0 89 71 39 33 58 55 16 43 9 37 4 11 4 35 0 5 85 58 56 25 59 57 65 88 73 76 11 50 25 52 52 64 79 100 9 63 86 60 66 69 96 81 67 14 46 41 64 54 19 77 100 71 42 90 4 42 62 59 73 47 15 14 90 88 13 9 81 49 28 20 58 89 96 8 60 59 86 22 64 83 29 26 100 46 51 73 14 62 34 27 24 90 66 39 68 25 4 99 48 16 48 88 30 71 11 100 15 4 46 90 80 35 47 24 19 67 96 81 71 51 39 71 55 95 20 38 4 52 11
55 68 28 92 78 98 57 25 41 86 56 4 43 40 18 4 80 4 5 91 40 65 72 18 53 94 23 34 79 45 84 49 100 95 47 47 83 54 51 60 2 11 15 63 60 70 61 100 11 94 42 68 17 80 27 34 46 24 69 41 68 35 0 32 84 38 52 9 13 88 35 27 81 10 86 33 75 24 73 28 96 15 91 48 97 24 97 60 47 42 38 82 76 28 83 63 50 46 73 26 93 76 43 1 18 41 87 42 70 74 65 48 90 97 7 14 49 72 17 94 38 25 74 99 13 90 82 32 71 51 89 91 37 63 85 17 66 79 76 84 12 92 84 89 68 75 87 87 32 76 61
10 81 73 8 29 74 11 98 65 56 53 8 81 83 92 20 41 33 83 30 55 20 41 84 76 83 36 97 19 89 28 36 56 7 71 89 68 77 28 98 17 40 31 47 69 32 42 28 42 4 16 63 19 2 6 67 90 63 68 89 28 40 15 88 22 53 9 82 29 64 52 2 54 47 14 58 0 78 29 99 63 0 72 34 55 59 17 20 77 43 85 61 6 83 33 46 67 37 42 97 87 63 59 91 42 9 88 52 35 31 92 97 42 87 55 33 5 66 23 29 6 49 10 90 55 76 53 47 75 78 75 53 85 24 75 15 97 35 87 94 73 66 35 85 6 22 86 29 62 33 64
47 33 29 40 3 15 30 66 22 42 67 79 41 81 44 56 98 54 63 45 24 89 61 47 85 6 83 37 55 28 71 99 58 63 91 48 54 2 41 79 52 78 36 94 53 95 19 1 3 81 63 53 87 22 56 1 87 42 29 29 27 91 68 42 19 1 98 51 51 8 22 92 21 74 66 87 62 11 48 54 45 28 6 77 82 29 56 1 56 7 15 64 22 16 87 25 64 74 48 99 63 24 95 56 88 23 98 17 78 41 52 80 41 22 41 86 97 61 66 11 28 30 4 72 70 76 19 10 59 48 88 12 13 53 18 58 32 6 20 50 92 93 33 25 41 87 87 100 50 93 76
10 63 74 80 79 13 2 54 37 95 9 99 84 15 30 0 9 83 98 30 42 58 70 4 61 15 90 75 78 3 72 61 43 60 41 28 61 48 54 62 65 40 33 83 65 11 86 19 37 75 39 31 49 29 95 96 5 83 74 16 25 77 75 76 53 36 43 20 19 96 83 98 14 9 76 11 77 3 53 71 47 12 63 27 100 28 87 78 97 26 34 56 92 64 88 98 44 71 96 59 42 12 45 53 57 92 36 57 35 95 22 42 24 48 30 72 37 47 19 52 55 89 21 65 68 52 41 17 4 53 77 99 19 82 51 5 57 25 96 65 2 93 62 83 79 15 35 7 50 73 13
17 22 99 4 69 22 96 31 72 22 19 96 65 21 10 43 17 45 82 80 78 57 65 74 83 21 62 70 67 61 94 34 61 84 49 99 13 48 59 13 73 61 27 79 12 93 20 49 71 59 81 30 57 25 88 99 1 8 84 16 32 15 49 76 92 36 63 54 25 10 37 21 45 57 21 4 66 78 6 97 39 31 40 0 13 76 69 26 49 41 46 28 32 74 94 5 61 36 7 14 12 86 14 91 30 86 21 50 35 48 77 51 85 25 53 27 57 26 70 83 3 95 60 70 92 97 45 59 42 72 17 42 13 57 61 92 8 47 36 4 74 91 44 94 81 86 49 68 23 88 42
7 42 13 97 63 14 15 88 100 36 51 99 9 16 54 73 36 17 77 15 0 41 59 75 25 58 14 62 99 84 77 2 56 71 31 7 55 55 71 9 51 95 92 63 82 54 3 91 97 38 73 5 88 72 22 30 30 16 48 45 30 42 25 14 90 47 56 26 29 96 83 80 64 64 71 63 15 98 73 46 23 13 62 40 18 81 68 53 75 89 78 67 5 76 29 93 75 52 1 68 50 75 61 70 24 51 10 59 75 17 47 84 98 44 59 19 76 0 36 35 91 74 70 76 96 30 2 10 90 5 95 3 83 53 49 44 90 25 90 76 59 18 71 86 80 19 84 76 70 54 43
92 31 78 89 76 23 19 58 0 97 94 37 91 78 42 52 58 9 54 100 6 67 89 41 11 98 11 100 91 67 17 87 19 43 95 23 35 12 17 25 100 5 53 89 34 70 15 81 62 45 50 39 41 70 29 64 24 32 72 59 34 28 44 99 79 22 94 32 92 23 43 80 14 43 92 6 81 34 53 42 96 6 60 20 65 98 58 26 80 37 47 48 44 76 75 9 30 68 6 76 47 43 30 44 88 55 85 65 32 18 81 22 1 64 76 17 71 18 91 6 16 5 93 41 57 31 17 72 68 91 68 57 96 67 10 49 60 17 3 12 52 64 94 8 95 42 82 26 44 87 86
76 24 82 59 69 14 4 80 28 2 69 90 79 60 39 36 13 40 91 37 66 44 22 36 27 5 99 90 4 47 62 13 77 16 23 45 28 53 62 55 14 6 79 47 71 74 69 6 14 72 77 44 90 72 22 32 1 80 48 77 82 53 34 34 58 47 27 17 45 62 68 47 98 22 80 61 6 24 73 62 61 70 92 9 70 69 27 49 91 60 85 82 59 92 7 67 11 85 100 77 10 65 3 90 34 73 100 5 95 79 43 85 31 57 31 5 24 40 93 5 9 49 66 0 40 53 24 10 6 68 23 49 10 70 16 37 62 38 87 47 62 88 90 48 68 32 89 4 70 43 39
21 58 50 85 67 16 83 19 52 17 9 24 66 69 22 35 13 42 5 12 1 23 89 100 3 20 50 69 85 95 90 89 18 9 90 16 67 51 83 15 67 24 19 6 31 16 83 0 67 8 77 34 85 34 50 22 2 41 8 60 86 58 47 53 97 93 20 83 52 51 93 44 71 34 79 81 51 65 2 91 76 42 20 53 79 33 2 15 45 93 42 79 9 67 62 69 94 65 73 13 75 38 8 63 13 17 63 33 64 44 7 41 49 21 50 12 0 28 6 15 50 77 94 68 89 76 39 16 24 87 68 65 44 69 19 65 68 34 61 69 8 81 100 37 54 57 100 4 10 52 10
94 66 9 84 64 78 2 99 15 2 47 6 13 25 46 63 16 19 10 57 67 76 75 77 21 60 77 37 74 87 30 73 83 45 2 84 16 9 23 81 94 51 13 54 6 87 24 94 53 49 61 96 45 8 83 42 34 76 16 42 66 69 79 94 21 39 51 65 7 28 10 88 59 97 9 5 58 88 19 24 93 78 67 85 55 53 83 60 76 10 79 23 46 12 24 6 56 40 6 21 28 45 43 58 16 45 87 79 97 90 20 19 77 3 10 48 69 60 19 29 25 17 13 63 50 80 38 35 26 90 5 8 89 17 20 38 11 14 89 14 91 96 13 92 44 9 28 75 95 45 41
30 36 94 8 68 78 90 2 91 81 53 14 60 32 21 4 79 2 35 65 46 47 20 76 18 92 97 100 69 37 28 44 27 66 77 20 9 27 3 67 45 18 28 15 22 25 2 95 60 7 72 19 53 76 35 93 55 96 0 81 7 86 93 21 30 33 76 96 35 3 38 55 66 22 45 13 46 29 66 55 85 66 47 70 46 65 60 65 97 37 68 72 59 28 0 27 61 19 92 37 40 85 61 85 26 33 50 17 22 30 46 60 88 17 14 17 24 75 66 77 63 22 28 81 21 86 69 75 90 95 50 78 65 8 69 43 100 53 90 49 70 38 18 2 66 67 52 51 64 80 2
4 17 82 74 100 4 88 24 27 74 91 63 3 59 58 83 13 55 88 62 17 97 33 66 30 59 23 49 18 85 26 70 12 22 55 89 92 62 53 15 23 33 45 87 66 0 95 42 49 69 98 80 53 82 10 79 77 3 80 61 87 12 19 89 88 81 17 65 13 50 54 69 52 67 39 70 37 4 37 79 2 100 24 55 31 35 26 85 98 93 13 53 17 13 19 65 95 7 96 54 22 67 37 17 48 23 63 90 17 23 74 61 96 24 2 92 56 77 7 37 100 47 80 91 21 4 87 55 9 20 98 44 81 84 80 89 48 70 67 45 53 49 30 33 26 17 43 56 77 15 36
100 18 14 21 96 85 39 88 12 8 90 95 67 42 66 89 29 52 74 16 97 42 12 4 20 60 92 47 57 66 87 59 23 25 85 94 92 6 92 85 46 26 61 8 78 30 33 72 44 58 73 35 38 29 40 92 28 50 83 99 49 96 94 17 0 11 51 73 37 56 65 83 67 22 100 71 44 94 31 57 13 1 96 74 86 25 92 44 73 3 66 75 79 20 80 9 75 20 1 59 10 13 20 96 64 14 21 35 39 48 65 88 59 47 33 76 81 52 58 11 57 3 95 73 2 43 51 84 64 78 60 27 100 59 20 90 90 42 27 62 62 59 73 30 63 71 65 50 15 16 50
85 58 76 81 52 93 83 69 31 84 26 26 53 55 93 29 20 37 21 1 47 83 26 30 41 23 53 43 16 46 78 55 22 82 66 20 48 64 36 9 68 60 55 52 40 0 51 78 36 90 66 3 36 4 82 24 16 96 66 72 4 27 88 42 86 61 84 61 76 26 73 24 41 78 52 59 0 2 44 36 49 47 1 67 55 77 22 47 22 37 70 27 63 21 84 76 69 31 15 51 17 36 55 87 93 59 76 19 81 51 25 17 98 64 79 77 67 69 85 39 37 52 5 26 45 73 33 93 77 92 75 33 16 39 86 89 68 14 83 13 58 52 12 81 64 10 41 70 22 36 45
25 79 98 7 31 31 52 19 9 59 43 22 28 81 10 43 21 37 35 15 42 7 52 1 95 87 42 85 10 94 11 37 25 50 43 2 38 36 24 74 89 25 36 15 31 68 16 5 88 71 35 93 99 21 93 18 25 75 0 83 4 67 60 49 1 66 17 26 15 83 49 95 38 5 3 77 10 99 5 96 22 24 63 74 71 19 60 53 33 50 61 72 38 78 25 86 41 23 69 9 36 66 20 55 27 71 92 11 2 20 11 6 36 24 78 21 70 32 48 99 72 75 68 24 3 8 52 77 6 67 86 95 73 76 82 84 45 64 73 7 25 23 21 68 66 87 88 29 49 22 85
5 38 98 57 76 24 22 1 61 17 32 82 15 60 42 0 90 45 52 4 48 40 74 25 76 87 37 55 45 17 66 29 92 44 0 51 71 7 1 2 87 54 20 7 73 49 91 13 98 63 8 76 92 72 28 22 75 35 87 77 100 19 28 40 52 94 88 57 11 25 91 46 59 61 30 9 89 16 10 91 64 89 72 90 1 40 79 21 63 18 79 72 46 42 19 6 23 88 9 66 59 100 53 33 8 6 13 93 37 7 40 34 66 59 59 6 61 60 13 47 30 13 52 86 14 1 41 4 24 84 90 85 98 82 44 42 49 37 90 81 90 62 32 25 44 79 2 74 99 92 94
100 58 75 75 79 82 16 59 88 2 41 43 47 85 66 34 15 48 87 66 85 55 61 91 47 14 5 0 39 28 81 95 34 64 100 61 38 50 46 69 42 68 82 11 94 28 47 69 19 81 56 19 43 66 41 38 38 31 13 13 50 38 11 23 69 20 6 8 27 85 25 57 34 94 97 24 94 61 44 41 63 72 68 26 51 7 77 94 3 63 82 71 23 68 59 8 27 92 5 23 82 45 86 87 17 51 15 60 6 57 18 44 95 91 76 56 13 22 8 97 31 8 24 66 46 10 15 79 38 11 47 9 74 99 58 80 72 82 65 62 37 65 62 7 79 90 85 24 94 86 59
0 28 16 50 100 65 59 88 30 75 10 8 10 91 57 80 64 38 72 33 96 87 50 25 88 28 15 54 76 94 74 88 1 21 16 36 75 75 7 99 38 75 30 35 64 16 39 24 8 80 81 27 75 68 84 9 36 18 76 35 90 44 40 48 81 46 77 27 46 28 95 31 88 72 24 52 16 18 66 74 89 9 48 0 85 62 10 88 54 55 8 5 89 37 71 49 83 26 37 52 1 31 90 18 23 55 69 18 65 81 53 73 44 25 80 90 34 11 18 12 93 85 74 31 23 57 13 60 95 18 53 21 26 91 27 83 98 7 46 80 90 73 3 67 100 66 54 1 90 39 57
24 36 59 25 78 49 32 70 15 20 22 90 35 25 6 54 34 57 53 56 88 79 28 33 39 76 66 38 66 57 60 69 69 30 29 92 97 30 99 8 65 33 87 7 57 14 83 30 13 68 44 57 52 16 73 80 20 43 64 28 77 55 52 37 64 24 43 24 85 24 57 70 90 29 10 54 66 80 74 12 92 90 14 21 40 21 50 97 45 48 97 8 57 20 73 25 13 36 46 17 62 44 4 37 70 39 76 52 94 94 10 2 27 58 23 37 19 97 44 85 34 46 0 17 98 37 13 99 26 43 13 49 1 66 42 36 31 12 67 83 71 17 42 74 40 71 7 70 54 90 86
55 70 11 41 3 80 15 90 52 31 65 39 20 90 47 60 51 100 37 60 0 69 81 91 29 44 22 14 2 92 27 66 97 56 42 47 57 17 13 53 89 2 10 87 12 56 18 54 39 0 56 55 49 47 99 24 45 36 41 94 20 29 62 57 14 4 100 95 21 5 100 50 39 70 61 55 91 11 27 15 71 45 8 97 13 9 49 23 70 89 96 86 31 77 43 4 73 99 99 71 91 70 82 14 61 76 23 58 67 97 28 100 76 73 50 20 17 53 50 55 30 33 27 53 5 37 18 51 54 95 76 90 26 1 50 15 4 42 9 19 48 94 64 50 2 89 6 23 17 86 1
31 23 17 72 27 81 47 53 48 28 17 57 70 10 93 31 23 73 83 28 71 27 55 83 74 73 32 8 42 30 35 3 57 55 90 59 35 84 47 95 59 54 14 91 35 21 25 75 60 13 19 31 50 80 4 15 13 68 53 3 19 9 42 67 56 67 57 16 41 92 24 1 56 24 14 41 74 49 57 76 21 6 13 77 79 10 80 24 73 53 0 72 3 44 8 62 94 11 87 89 85 24 96 48 67 14 47 40 98 46 64 91 99 60 10 86 71 73 82 18 2 0 71 19 65 58 25 77 17 74 35 33 2 97 12 9 35 56 9 44 5 10 89 40 96 37 86 80 33 27 68
32 69 43 7 99 56 15 25 22 51 24 84 87 80 100 27 23 17 98 39 75 50 68 0 57 60 17 91 86 16 81 28 63 3 84 69 19 62 61 70 83 72 83 44 12 21 18 76 22 42 24 57 71 27 67 21 75 34 51 21 26 35 8 32 38 47 37 56 48 58 38 92 13 19 77 55 22 19 75 77 72 73 40 85 11 46 88 54 11 66 5 18 41 12 61 55 74 1 92 48 34 11 9 66 19 41 10 66 85 44 60 76 84 56 54 26 82 92 30 6 95 19 78 61 6 48 70 93 9 42 35 46 0 66 81 99 42 25 86 51 59 33 41 68 38 13 26 64 66 43 36
47 46 17 77 33 89 29 4 94 41 13 18 5 57 29 90 14 3 77 36 7 61 15 97 61 3 21 86 22 35 93 11 6 18 31 5 53 34 51 15 97 39 19 34 17 31 37 41 21 14 60 28 7 43 77 39 77 31 62 63 56 82 38 54 63 16 69 57 68 5 38 61 8 88 0 97 61 83 84 95 29 69 68 53 61 15 77 53 20 68 80 5 49 6 5 63 54 38 35 64 7 49 70 87 19 36 56 90 32 53 58 66 1 55 6 7 92 30 55 35 27 88 33 28 94 37 62 14 75 35 51 92 76 0 87 56 67 24 96 7 15 40 23 72 29 67 12 22 12 30 65
58 17 13 96 12 7 19 3 96 38 52 88 69 13 81 9 73 37 43 68 4 20 17 9 67 67 99 90 76 24 62 98 16 49 15 78 33 52 1 40 81 95 26 34 65 73 55 3 30 11 19 73 65 78 51 58 60 17 12 88 77 68 64 91 66 54 13 44 44 47 34 73 76 91 72 72 26 46 21 29 27 14 0 15 86 42 84 78 40 15 37 5 39 51 44 40 95 0 98 17 43 15 6 73 44 47 55 35 27 78 58 20 32 35 29 78 72 27 44 32 64 71 85 52 25 73 62 21 54 79 69 56 9 94 1 45 2 73 21 25 61 49 57 8 19 61 50 30 77 83 47
2 36 0 79 17 1 51 25 68 14 99 2 65 51 26 28 27 59 0 8 98 23 81 93 21 32 48 0 60 71 55 54 75 44 30 84 84 12 87 97 17 3 7 2 67 69 65 48 55 53 96 80 59 71 64 8 82 29 77 41 35 27 59 52 86 18 14 18 11 8 58 42 100 8 41 2 13 90 14 99 23 87 74 57 66 99 24 96 98 71 32 1 97 54 12 53 4 49 76 59 92 20 39 61 82 89 24 73 34 4 79 25 46 2 77 14 58 2 97 67 52 72 31 45 89 3 2 61 71 33 86 15 95 94 70 78 19 50 89 70 45 74 81 35 81 55 84 79 80 86 55
5 32 39 63 27 37 12 46 74 42 3 67 32 98 29 61 89 51 96 16 37 80 49 72 61 79 83 67 60 96 2 51 0 48 91 58 26 16 73 88 1 31 90 93 75 69 25 37 43 14 36 20 66 36 64 56 82 71 75 40 59 100 42 76 86 42 98 36 48 17 54 28 70 45 5 38 2 99 39 83 15 76 63 49 31 74 16 96 94 14 44 92 83 10 28 44 100 74 31 34 29 73 38 41 3 43 86 50 84 87 11 81 61 57 40 25 66 93 30 27 95 50 68 27 33 75 25 19 79 25 28 11 93 58 37 15 73 90 27 34 57 10 7 57 14 77 26 80 13 63 22
61 34 54 92 54 5 70 0 75 58 67 82 85 30 73 99 35 44 13 40 81 96 74 29 78 92 97 36 92 67 38 29 34 52 85 28 71 75 60 43 50 22 42 79 66 17 53 74 53 12 83 7 96 91 52 15 4 20 48 78 74 43 66 31 42 17 44 44 18 35 73 43 92 42 92 33 13 93 76 22 19 88 45 71 99 5 86 85 83 100 94 58 96 86 87 98 14 75 84 25 65 55 76 49 87 29 77 92 99 27 47 41 59 10 72 5 85 56 20 91 35 51 72 57 72 31 96 72 82 51 95 46 77 80 98 15 25 44 17 69 23 72 77 93 43 85 22 80 1 85 51
22 41 53 33 1 9 88 74 47 100 63 13 69 25 44 86 39 4 2 4 24 28 4 45 19 36 29 81 13 22 83 0 99 47 73 30 53 92 63 27 33 74 22 60 0 85 41 72 44 99 80 14 15 59 41 60 64 89 83 60 21 24 47 20 67 78 58 99 61 11 16 2 24 31 21 56 80 86 77 61 74 72 27 68 81 94 0 59 80 70 54 2 1 28 83 60 14 8 8 87 81 76 68 69 68 97 24 34 91 77 37 5 93 76 52 83 26 16 41 42 20 5 82 77 5 87 12 71 21 50 8 55 13 70 83 74 52 44 93 31 3 6 22 98 3 16 52 12 39 9 67
40 29 99 32 22 9 11 21 3 46 69 60 7 89 53 33 66 62 55 23 97 65 66 25 49 28 84 18 62 33 27 78 20 91 16 96 96 87 89 93 96 12 30 72 38 10 74 22 10 58 10 80 2 83 10 1 71 17 47 13 81 74 27 74 74 22 90 74 78 9 79 88 41 30 18 71 95 43 16 97 45 43 22 41 52 8 2 61 76 19 89 2 44 29 35 21 39 2 30 52 30 75 20 92 9 8 35 21 43 21 20 71 92 49 62 25 50 27 35 70 82 52 19 90 25 15 67 46 96 0 15 68 7 12 63 30 86 46 99 96 82 18 36 76 18 33 44 67 78 50 50
61 54 95 52 65 1 9 78 82 69 40 25 24 81 36 74 12 7 55 25 31 65 93 36 5 26 97 77 12 20 76 76 41 7 11 100 49 42 5 45 55 37 23 37 68 86 8 90 45 79 50 81 77 31 25 36 26 96 32 34 0 21 7 55 31 75 28 71 22 16 37 82 62 71 28 34 77 100 18 28 43 31 31 25 3 26 23 24 71 39 88 6 68 65 22 76 48 7 19 23 55 89 91 82 99 33 17 71 51 33 38 69 52 90 81 27 58 52 99 56 26 63 37 62 17 76 88 91 59 71 80 49 94 62 51 50 89 58 11 80 44 44 23 45 38 35 43 75 92 93 0
9 42 6 54 13 93 32 44 15 79 64 31 86 50 42 17 48 97 88 78 48 26 51 29 1 82 68 20 17 83 98 72 2 80 79 13 0 90 86 55 95 45 60 90 72 45 39 87 70 61 72 80 76 94 30 76 81 59 37 21 87 9 80 22 34 19 97 59 0 72 6 5 91 81 63 17 87 49 83 44 96 52 47 54 66 55 30 38 40 20 28 26 1 14 97 39 71 37 40 19 9 12 3 8 100 86 72 91 33 8 23 1 86 24 54 37 53 99 84 85 79 16 21 78 90 99 38 52 81 100 74 53 66 29 92 11 12 57 47 22 86 98 23 23 89 24 81 73 88 24 30
100 2 5 100 8 21 58 21 78 34 91 30 15 76 71 1 0 61 12 67 77 46 35 57 96 6 5 20 92 23 3 17 42 12 15 4 70 31 80 79 11 47 59 32 2 45 71 71 6 77 36 65 59 88 91 16 64 20 36 60 62 24 97 2 74 69 55 1 32 68 40 60 19 78 2 79 62 26 18 63 4 43 1 28 26 12 19 70 16 25 0 35 8 24 58 59 43 74 49 67 90 64 86 87 64 99 22 76 32 8 68 38 80 32 30 50 6 61 47 100 21 98 13 38 74 39 18 52 29 87 53 100 81 71 80 82 86 4 96 90 59 59 38 93 44 57 67 36 47 95 80
83 35 2 50 52 32 55 55 4 28 70 61 55 48 86 59 88 8 86 42 59 13 81 65 62 53 37 96 34 36 62 50 63 96 34 72 56 37 61 96 41 12 96 59 62 59 57 15 72 59 95 69 27 92 37 55 41 92 14 41 67 79 3 59 39 2 53 89 15 72 82 38 20 6 9 58 36 95 86 79 60 20 27 100 61 81 40 1 7 98 40 33 85 13 32 40 84 74 65 89 64 6 27 12 24 53 44 96 45 12 35 54 95 24 25 70 100 18 71 26 97 3 30 8 60 100 34 57 23 77 38 16 97 63 34 9 98 41 35 97 59 73 64 35 17 20 3 47 96 79 26
42 53 69 59 18 83 11 34 65 36 99 87 0 36 43 34 95 62 33 17 14 71 74 98 62 87 50 24 9 43 92 49 94 83 86 91 49 89 98 33 37 96 87 58 12 12 65 29 67 44 38 35 13 18 78 39 68 58 51 66 9 76 86 0 28 94 93 63 97 77 80 37 26 63 90 19 27 76 88 85 37 49 41 92 90 9 27 23 83 43 73 38 53 91 67 67 38 19 57 76 40 53 98 13 24 84 84 61 73 31 46 20 23 39 51 42 79 56 93 86 41 80 5 55 54 99 21 2 90 50 56 46 83 1 97 48 2 30 65 98 97 28 7 77 85 72 8 39 9 29 50
72 62 80 30 63 30 16 82 67 85 42 52 48 68 58 48 96 31 37 52 99 37 1 72 69 96 36 79 13 68 97 43 57 63 94 85 38 9 30 59 20 3 92 9 67 6 20 27 93 48 25 38 97 26 89 92 91 33 36 59 48 63 43 23 0 40 39 50 55 87 29 47 43 52 2 42 23 80 93 47 37 6 13 23 41 67 93 76 6 5 0 94 60 16 39 5 80 80 51 10 64 61 26 27 79 90 86 21 82 12 27 95 31 55 33 86 95 9 48 17 67 10 45 52 10 50 83 97 77 30 89 27 97 80 80 61 96 17 78 44 89 38 92 76 73 84 17 87 29 91 91
27 3 63 59 78 40 17 84 32 19 64 43 57 72 29 34 44 24 44 14 15 11 24 58 66 77 27 28 99 52 84 23 15 35 51 41 37 10 76 1 7 16 77 24 58 78 31 77 78 27 94 10 68 54 95 72 85 15 80 71 53 97 57 23 98 49 42 31 14 89 97 26 21 54 4 41 54 62 94 33 2 68 58 83 29 36 4 48 81 91 37 1 50 63 59 92 63 35 62 92 33 13 7 38 66 51 12 61 74 86 45 9 88 83 47 82 70 60 22 17 62 19 76 31 75 12 46 36 13 25 71 65 12 4 17 39 66 43 8 21 40 69 49 54 33 80 17 85 7 10 36
60 36 79 52 61 73 38 40 90 1 75 30 4 0 64 69 9 35 14 91 78 11 11 16 74 21 36 34 58 74 74 98 9 28 23 68 99 33 29 73 38 20 88 90 86 25 78 42 26 59 60 10 76 28 62 34 10 30 72 27 22 59 49 76 75 61 41 82 62 36 10 2 39 2 22 43 60 83 29 65 17 56 31 10 84 15 76 21 94 23 94 46 79 6 46 93 4 14 10 61 37 38 31 71 99 29 12 42 100 70 36 45 12 51 73 90 19 15 66 56 57 9 70 16 31 13 1 68 37 15 46 11 29 18 10 7 52 1 10 62 66 67 6 97 72 34 94 93 7 74 61
20 43 19 55 95 18 95 87 16 79 54 76 53 92 25 98 12 86 78 44 86 53 100 97 40 63 84 29 43 91 53 0 31 68 40 37 33 35 100 45 93 10 78 66 26 38 65 59 26 93 1 87 10 96 73 10 92 43 89 57 76 73 86 25 85 39 6 16 8 40 22 80 23 70 34 63 95 19 62 2 2 73 79 23 90 91 61 5 31 72 34 56 2 17 79 81 63 55 53 17 55 100 79 16 84 26 70 87 95 62 34 6 44 61 12 40 100 74 95 70 32 46 78 77 54 36 95 13 33 44 69 41 13 11 100 96 40 40 6 69 25 52 32 84 17 89 73 35 32 5 76
40 26 13 57 84 65 47 13 42 69 80 29 26 3 27 83 38 74 74 31 62 98 79 66 20 88 12 41 17 79 62 55 0 70 36 81 35 66 11 52 92 9 95 34 10 57 46 11 70 34 49 34 49 16 42 15 56 26 48 13 88 49 64 72 39 51 13 57 92 55 24 86 5 46 26 7 20 25 41 22 6 61 43 45 5 33 35 99 3 82 44 17 9 3 3 80 3 6 15 71 40 75 71 39 76 21 65 72 68 21 72 89 18 14 39 46 28 68 95 76 77 96 100 85 44 98 82 56 59 61 69 89 0 75 2 82 31 9 51 74 95 68 32 17 60 17 84 97 60 15 62
83 80 27 90 18 92 50 23 56 29 44 52 21 84 32 86 45 93 13 19 99 91 24 62 77 8 91 31 21 14 61 51 10 5 57 58 6 30 54 84 84 37 91 20 79 60 22 21 93 95 68 10 22 32 23 35 5 32 54 59 97 94 80 79 87 22 32 19 26 24 61 43 6 26 96 66 36 60 71 13 72 100 58 73 28 26 59 1 54 73 12 55 13 72 98 82 52 68 11 99 25 50 58 79 66 88 81 11 14 64 16 9 33 17 87 100 98 95 12 54 37 12 42 48 72 88 54 43 47 96 10 99 51 13 70 89 98 78 94 4 0 10 88 43 25 54 75 4 77 85 55
26 84 37 17 39 85 87 93 35 37 99 70 97 57 43 32 28 85 28 56 74 81 80 86 36 3 28 49 92 97 6 40 94 42 16 99 25 45 56 85 51 25 85 8 7 20 64 62 89 8 54 13 67 50 94 50 23 6 26 70 42 83 17 64 92 4 85 6 14 4 64 31 90 31 14 27 43 83 20 89 97 42 29 14 52 79 86 80 43 18 76 75 15 53 38 97 88 47 36 14 23 97 41 49 57 20 86 99 66 88 96 82 35 43 97 74 6 35 97 89 86 71 94 66 94 53 89 86 73 68 4 33 42 1 31 56 100 99 24 76 98 31 92 32 19 61 4 67 67 15 59
63 9 99 16 98 74 95 34 61 99 2 19 22 88 27 49 23 16 71 73 96 100 84 76 15 76 61 34 53 9 72 66 88 15 65 59 41 51 72 43 98 8 72 39 11 84 38 20 79 97 4 65 35 92 34 89 41 9 41 61 74 78 51 23 100 12 24 44 17 99 44 60 65 2 10 56 77 66 26 80 46 27 39 83 96 100 93 38 41 80 41 62 23 66 84 15 50 93 8 34 63 100 64 84 31 89 47 34 39 44 60 67 85 53 91 15 51 3 48 45 16 90 31 28 56 49 18 43 30 85 4 87 52 25 30 79 97 41 41 77 96 64 66 55 54 2 93 89 9 47 97
68 86 79 5 50 8 100 81 51 9 99 94 7 71 48 28 100 62 68 91 19 69 52 23 31 71 99 25 78 16 23 55 80 22 56 8 75 7 64 89 98 39 98 63 82 58 34 21 12 87 24 98 26 48 27 72 24 1 37 5 20 6 95 63 61 8 96 13 60 43 60 60 1 27 51 26 67 64 8 36 99 26 86 84 21 97 4 62 90 21 29 7 98 37 92 33 24 14 32 9 16 57 74 87 100 77 45 60 66 35 17 11 49 94 87 71 53 84 37 29 93 6 86 90 6 30 10 46 42 6 75 39 37 40 2 65 3 37 86 0 39 33 61 87 72 75 10 38 64 17 93
21 16 99 24 9 60 9 75 12 90 51 30 61 37 73 0 59 38 82 38 82 0 76 34 22 15 16 43 48 87 55 49 79 61 75 57 77 16 94 84 63 78 64 14 49 51 85 2 43 26 83 79 20 7 95 67 87 44 75 7 100 73 94 11 89 14 86 43 13 97 36 74 66 54 32 15 50 75 22 52 40 72 89 65 50 35 9 34 57 65 14 42 3 45 85 22 88 17 50 11 10 10 92 39 80 67 33 56 27 36 77 75 31 20 42 10 38 89 53 41 15 62 29 22 11 34 73 37 70 95 79 94 69 93 2 60 9 3 13 56 52 34 35 43 90 44 70 99 50 48 42
23 80 60 61 61 64 31 73 77 32 42 14 30 5 50 19 35 41 76 46 24 88 59 58 12 47 7 87 30 30 71 27 97 14 72 98 0 76 66 43 82 48 13 70 11 33 44 8 52 45 18 64 55 63 68 95 18 44 10 46 3 42 5 80 99 51 65 24 99 43 50 17 57 88 75 89 57 100 20 0 57 58 65 77 55 45 23 36 42 26 87 32 76 78 95 30 50 46 26 44 95 65 26 73 36 3 51 39 100 57 50 25 6 12 24 51 27 36 2 87 47 8 75 76 12 90 41 75 55 86 55 38 100 67 68 85 75 78 90 88 41 96 5 59 54 67 23 89 46 8 94
