100 81 5 15 76 79 90 27 42 27 91 86 2 42 84 96 92 98 5 13 36 69 23 42 38 30 14 64 13 93 43 22 48 57 39 2 42 72 34 0 74 85 95 4 45 36 21 27 32 34 13 57 82 48 11 34 22 85 65 37 23 44 19 50 47 76 77 95 27 88 22 78 63 60 25 76 37 60 7 83 46 71 49 9 0 40 16 97 27 18 38 22 5 10 82 74 52 83 50 18 8 21 85 25 10 85 4 82 1 59 42 81 22 56 71 63 19 72 14 86 14 72 67 76 35 2 24 16 95 26 6 64 50 80 73 98 97 15 12 43 3 65 50 40 73 28 90 96 38 9 59
75 48 76 56 6 5 58 75 65 74 29 85 62 31 99 49 87 13 17 13 67 49 14 76 62 55 92 6 78 87 66 67 69 48 15 80 81 59 76 5 26 65 18 98 49 56 50 99 86 63 89 87 5 62 14 49 18 26 35 3 88 14 79 6 8 23 86 17 62 67 14 39 63 11 62 73 18 95 89 76 46 90 17 84 66 5 70 4 0 29 47 50 3 88 83 97 46 62 58 60 85 96 54 91 66 78 14 34 76 45 51 81 25 77 67 35 31 25 41 70 54 17 67 33 90 42 69 74 85 2 77 35 16 83 39 8 46 89 48 84 69 16 90 65 98 31 29 59 81 71 11
18 34 69 79 12 11 67 86 64 15 65 69 80 20 77 73 23 15 38 68 24 76 41 79 15 91 5 71 43 30 28 22 62 86 32 56 61 76 100 16 73 93 86 18 79 67 50 70 6 21 10 63 63 80 40 48 95 91 44 40 6 87 40 67 39 17 13 4 77 36 18 50 31 4 35 88 35 12 44 47 3 100 27 26 3 76 64 20 62 7 39 85 78 48 73 5 70 13 17 42 62 57 96 83 2 60 77 50 100 91 72 52 34 13 60 92 44 67 6 49 42 24 69 85 72 31 61 8 13 67 98 17 95 65 17 20 71 31 99 98 5 41 0 65 75 31 68 53 45 25 65
20 15 51 79 37 37 73 11 33 28 81 84 27 87 6 60 99 84 75 62 13 58 68 30 69 89 62 57 94 7 70 96 39 62 42 89 40 43 37 56 39 22 13 21 6 48 81 62 1 69 6 99 94 17 12 41 69 62 33 4 10 44 36 53 32 38 86 72 72 28 28 79 55 48 76 23 17 83 8 89 72 31 53 70 64 91 0 67 69 40 43 78 70 66 9 45 20 35 64 63 47 35 9 95 41 23 47 44 50 55 78 68 15 32 32 95 13 33 84 4 72 54 96 82 54 94 40 15 43 0 69 46 30 0 5 87 36 87 24 34 80 83 64 99 89 21 13 68 80 65 97
88 61 31 34 75 59 41 56 64 44 67 97 14 46 74 85 11 53 92 17 94 87 61 46 35 12 88 57 79 9 88 30 29 22 4 93 43 79 21 18 58 94 58 20 6 12 24 67 43 69 38 74 81 71 76 6 33 56 98 33 3 52 16 60 53 44 37 89 99 40 73 18 32 0 3 88 21 16 75 36 37 36 88 41 64 45 58 40 72 51 74 1 4 54 29 27 97 78 0 92 44 79 47 43 31 15 67 91 65 86 51 89 76 3 59 74 74 22 13 49 61 60 75 75 49 58 29 76 93 26 67 87 47 25 86 31 28 23 66 61 69 29 22 36 94 12 60 48 67 95 44
80 100 95 68 34 19 7 31 51 55 24 9 87 51 21 21 69 76 14 28 66 0 81 90 70 38 77 75 18 14 47 15 28 26 87 29 65 56 86 54 22 69 2 34 19 52 7 87 63 3 72 23 22 84 37 67 20 38 20 8 8 30 22 0 90 30 13 54 26 29 40 63 79 86 5 87 17 77 10 16 31 47 57 43 33 53 90 17 89 70 52 8 0 52 86 71 1 17 15 28 54 30 85 27 56 30 20 8 83 24 61 32 49 35 69 96 42 53 30 33 62 17 35 63 38 22 33 34 70 24 13 90 58 28 49 42 91 10 46 60 68 61 58 16 61 8 50 22 58 10 57
6 60 40 58 28 32 23 13 25 99 14 14 7 36 37 68 44 33 49 10 14 97 37 44 4 51 37 81 75 79 85 9 47 80 8 97 47 79 72 50 23 48 77 38 65 6 31 66 20 14 73 5 77 54 45 99 69 92 24 88 76 90 79 91 15 55 9 27 64 79 44 32 19 73 64 51 92 21 17 68 80 80 76 35 84 70 4 85 26 58 56 14 14 95 26 80 62 24 5 19 90 84 74 53 15 60 10 96 32 23 82 58 12 94 5 9 83 70 64 35 36 22 72 100 52 18 70 63 20 39 61 95 27 94 91 21 84 6 18 75 49 60 27 79 61 17 80 3 63 70 64
55 4 35 96 57 79 91 83 83 32 70 59 9 85 8 55 0 49 27 86 12 65 93 71 80 25 75 80 20 30 51 65 46 81 9 73 96 58 88 93 100 61 16 67 12 19 19 40 62 63 50 38 3 3 49 17 11 90 72 73 64 90 68 49 98 42 65 11 71 47 73 65 63 68 67 30 0 17 47 6 21 17 18 13 18 64 88 0 12 21 98 0 22 9 23 6 65 8 52 92 8 14 39 36 44 64 31 12 55 65 14 56 64 11 64 46 1 87 10 80 8 76 88 29 49 88 83 33 88 93 52 25 41 0 31 93 74 62 18 67 60 2 27 0 97 10 46 11 33 59 85
2 13 10 37 64 31 22 8 7 37 16 27 54 8 83 100 87 95 16 32 58 89 91 93 64 89 48 72 11 33 11 21 65 31 46 43 75 16 23 64 65 60 26 25 41 44 12 2 58 65 16 46 54 36 52 43 19 18 54 14 1 32 90 69 52 26 73 87 66 38 70 72 4 20 32 30 72 58 87 48 22 96 41 80 89 11 21 25 48 39 62 96 56 93 51 75 6 55 18 20 47 100 74 39 92 3 10 100 42 35 49 72 12 3 5 31 71 20 73 90 16 66 21 54 12 57 98 53 17 45 46 26 11 54 96 86 11 58 33 53 54 30 19 64 41 53 89 17 62 91 31
38 24 6 83 80 79 68 35 80 91 64 40 75 27 69 31 99 25 96 87 35 12 2 12 49 81 86 20 97 73 31 78 34 94 72 1 80 91 85 6 71 57 64 0 47 13 4 83 72 63 84 3 2 32 42 80 45 50 14 50 33 65 1 90 59 42 11 38 44 6 48 28 50 75 58 17 47 47 15 55 89 6 0 6 99 69 42 62 8 42 30 84 27 90 22 44 37 32 98 1 67 57 21 60 34 87 1 24 93 74 32 0 58 10 16 47 44 39 71 6 21 66 31 37 22 100 86 65 50 23 2 38 17 16 47 65 10 94 19 66 94 41 90 98 62 29 52 34 93 51 74
4 68 5 9 34 27 68 72 85 73 27 52 32 20 5 15 6 88 57 4 59 82 30 62 64 27 58 95 52 30 66 56 24 60 7 65 29 36 68 57 61 45 59 46 80 62 27 30 38 52 45 75 70 52 73 41 89 1 21 14 43 52 24 25 71 89 61 15 1 50 37 83 46 57 34 52 94 91 2 20 34 63 20 87 52 68 12 24 68 90 89 22 1 36 87 98 92 31 43 7 99 90 55 89 25 40 78 6 51 85 57 55 78 93 48 84 93 44 54 75 86 33 75 42 70 74 81 93 90 78 58 32 70 7 13 16 91 79 1 5 96 10 19 53 18 83 18 12 56 20 21
90 39 35 49 84 9 63 8 15 7 58 25 3 87 60 68 65 1 58 94 9 16 65 49 19 12 7 5 97 80 15 37 14 15 99 29 49 84 95 55 48 21 11 94 38 52 28 5 13 95 4 38 50 38 56 71 81 52 80 3 49 9 40 7 92 8 54 13 69 40 87 72 56 50 8 28 18 6 18 36 7 69 80 30 36 88 41 41 82 97 72 17 98 92 30 100 82 38 12 65 68 11 56 57 57 23 57 45 32 85 31 97 5 63 57 58 41 23 92 54 73 97 52 43 8 67 77 55 36 95 84 5 29 58 93 36 4 91 50 1 67 11 42 67 81 52 1 45 43 66 25
57 21 20 15 77 40 25 86 72 57 93 72 93 13 64 4 0 35 14 8 0 81 27 79 13 78 14 39 65 68 0 30 96 32 11 74 74 6 12 60 41 76 43 89 23 85 60 90 100 83 18 92 90 32 83 8 46 48 61 90 65 41 41 60 29 91 13 29 32 38 51 32 99 69 72 85 59 3 78 54 85 27 41 23 44 61 43 67 45 63 90 89 42 77 83 89 17 67 44 13 75 88 57 31 26 58 73 10 28 26 37 22 68 52 11 1 100 79 76 15 39 93 27 35 78 20 62 49 39 68 83 88 51 12 2 64 56 66 2 5 67 8 28 83 35 24 31 48 75 53 70
14 25 70 33 98 37 34 25 96 63 76 45 40 9 90 13 22 85 100 64 4 19 49 98 84 40 100 85 15 81 80 78 23 37 90 53 39 15 70 70 63 39 7 43 73 13 48 14 65 13 4 77 60 93 1 40 46 73 81 81 67 40 80 61 38 22 8 54 2 9 95 36 30 18 64 49 75 68 16 76 52 55 88 4 19 64 46 16 4 65 21 69 0 42 14 73 87 76 21 45 75 19 90 73 35 91 64 65 17 94 51 43 16 96 52 20 10 8 3 90 41 47 20 64 31 53 68 87 69 70 50 24 81 69 34 49 61 25 59 88 23 31 22 59 4 53 97 29 8 11 82
85 59 36 52 80 8 96 100 19 95 34 30 39 39 96 95 91 55 96 45 57 68 33 3 35 84 57 32 62 8 28 17 82 71 67 62 72 17 45 80 86 55 94 16 66 98 74 88 26 94 92 79 65 40 25 45 70 47 96 74 49 24 86 58 21 54 30 26 11 86 65 90 45 5 58 26 66 84 69 43 26 49 89 36 21 1 52 78 50 53 23 64 89 100 83 29 83 61 29 74 47 16 30 62 89 65 23 62 15 56 54 32 44 25 93 74 67 66 71 90 15 68 86 71 25 27 4 98 6 17 57 38 69 42 72 52 40 18 97 5 85 44 1 90 85 37 55 80 100 66 6
4 2 96 98 21 98 37 49 71 5 26 25 65 12 54 2 40 20 14 87 75 40 14 6 85 48 74 81 0 12 70 73 32 88 10 97 85 27 84 42 1 53 72 42 33 48 97 15 78 3 22 87 93 72 37 51 68 24 72 66 78 12 53 73 3 93 87 43 46 100 18 62 33 30 40 74 5 33 12 21 45 64 10 48 28 79 19 26 34 64 29 95 54 41 50 47 21 17 42 71 68 88 46 56 46 16 37 23 73 24 47 87 30 40 65 72 68 61 97 48 54 46 18 67 3 70 10 72 99 51 66 36 92 53 53 52 11 20 79 81 95 48 48 56 90 3 50 8 26 41 65
14 57 59 1 47 17 37 98 60 69 45 61 49 79 96 23 65 64 2 11 93 74 77 3 30 74 18 50 31 21 98 22 86 13 72 8 52 66 49 66 92 10 94 9 15 5 15 34 89 32 5 18 10 59 42 4 94 90 44 17 80 12 31 27 12 73 62 4 7 74 64 92 18 73 57 3 21 78 96 98 14 51 63 29 7 95 3 64 25 96 30 85 98 44 75 9 4 8 69 33 88 10 53 58 92 25 40 15 84 59 29 32 61 27 32 7 13 91 15 79 59 24 58 61 50 49 35 16 70 49 71 62 11 24 87 44 6 66 19 43 52 82 23 22 43 27 23 3 15 12 18
78 14 38 84 2 5 65 26 29 82 7 62 99 65 53 17 71 87 48 35 53 22 59 27 3 20 37 94 15 73 93 62 4 29 43 11 50 65 56 59 49 51 67 6 63 65 39 18 84 71 73 2 80 0 41 90 57 99 0 85 6 78 98 79 69 59 67 27 100 48 40 57 53 45 34 53 50 64 56 56 6 34 5 82 67 63 37 28 15 68 60 29 78 19 15 71 64 23 50 36 76 12 47 19 35 29 5 56 21 87 99 21 48 47 87 36 23 7 69 48 57 78 52 40 79 38 64 34 46 69 71 69 12 71 31 23 34 91 40 25 74 71 19 46 40 53 3 7 3 43 16
70 34 0 6 53 89 8 86 63 29 80 14 95 88 80 54 30 72 95 74 85 42 85 33 97 8 83 45 23 68 91 61 65 67 22 71 27 26 20 88 2 17 82 13 35 78 75 84 22 31 33 2 26 34 33 78 8 60 31 21 92 70 13 23 30 94 13 77 10 22 2 66 53 7 50 30 64 15 39 59 56 71 82 10 29 0 78 19 11 77 28 68 28 69 77 22 56 69 67 78 16 23 30 81 80 18 98 33 31 67 67 4 25 11 25 31 74 93 12 42 15 97 18 13 20 27 99 57 96 12 100 69 51 67 11 20 60 28 18 61 19 93 3 27 97 4 16 16 21 0 100
52 21 55 50 83 54 70 66 6 52 44 53 23 9 35 23 25 47 16 100 68 88 49 76 71 36 95 42 86 61 78 79 44 26 36 84 1 0 53 86 19 19 76 75 30 27 61 90 42 59 13 36 23 63 13 39 42 15 28 2 83 91 94 16 47 76 68 2 69 3 27 39 87 63 32 20 40 78 19 48 12 26 36 31 90 0 77 23 18 38 71 49 51 79 84 9 69 63 47 38 74 88 18 5 73 39 93 3 95 72 2 45 85 59 40 17 48 54 86 23 3 65 26 92 32 29 3 41 96 79 40 23 64 89 64 63 1 98 26 49 52 80 55 9 30 76 39 0 32 94 33
37 0 56 76 6 43 5 73 91 1 35 73 36 16 17 69 18 60 65 99 28 95 92 92 15 74 45 17 73 17 52 21 69 41 95 39 89 34 69 43 51 66 36 78 15 65 66 56 96 72 45 12 75 29 98 83 76 46 91 100 74 74 23 5 44 51 9 72 40 21 71 23 4 95 63 73 88 19 60 86 72 17 57 98 70 91 3 45 12 84 82 76 92 77 22 74 25 100 50 51 0 18 18 26 19 72 32 9 58 42 13 76 92 2 16 4 94 29 94 12 10 85 70 78 64 88 100 64 69 21 55 74 58 31 88 91 27 86 43 19 82 19 67 58 30 35 25 27 95 30 67
58 4 63 33 55 43 1 94 6 76 96 50 15 78 43 97 90 20 77 34 16 37 96 4 73 59 39 55 27 12 37 57 47 38 29 39 59 41 40 24 36 29 99 100 75 79 43 16 84 51 8 30 95 53 40 61 74 43 20 100 22 34 13 59 85 12 71 5 30 70 88 49 51 6 32 80 61 89 9 65 44 98 29 2 96 16 18 9 58 85 11 61 78 38 69 41 10 68 75 98 4 93 29 76 4 6 58 79 71 11 75 89 91 23 81 60 22 31 82 5 75 38 52 8 28 53 30 52 17 15 12 44 18 28 15 50 60 53 54 44 10 87 22 29 35 25 37 70 60 49 46
50 90 51 0 73 53 4 94 25 17 87 1 61 99 76 78 19 13 52 1 11 19 54 17 38 61 75 31 43 27 54 67 100 25 44 23 5 96 17 57 18 90 79 52 20 51 61 40 19 99 53 40 20 51 22 96 32 34 26 88 74 91 8 8 86 97 86 6 1 97 69 54 93 72 97 32 12 31 55 39 78 58 84 23 92 5 46 58 45 82 87 81 96 87 47 53 8 75 36 56 4 7 85 30 77 25 67 18 85 41 76 54 68 88 23 12 91 15 74 15 52 46 61 93 50 87 41 8 29 76 90 65 68 62 75 69 31 86 80 52 11 48 34 43 59 100 61 10 12 65 85
44 76 34 20 82 4 48 22 74 96 72 39 32 0 33 86 100 12 25 62 34 87 39 73 15 99 40 76 13 97 14 45 42 40 54 5 65 78 32 59 55 59 47 25 77 56 89 18 51 54 37 29 78 96 21 88 49 8 62 24 80 63 42 55 89 37 82 1 92 26 10 8 98 38 64 9 12 51 94 96 99 97 98 97 34 30 57 78 53 55 42 92 3 80 37 9 74 55 85 90 44 45 76 74 12 53 64 74 89 34 31 32 63 50 75 92 67 12 83 32 59 5 81 83 83 89 33 65 85 21 50 0 11 52 74 75 14 87 14 53 61 56 80 28 18 31 89 1 52 17 37
41 62 90 12 30 100 78 74 52 46 59 22 30 100 42 92 18 33 87 13 20 32 88 97 5 63 12 28 93 74 80 16 85 71 65 1 53 72 23 63 79 49 94 80 46 79 24 99 45 65 90 76 23 28 28 63 96 98 81 56 44 59 7 33 53 52 9 5 67 71 24 31 26 57 57 100 18 59 25 37 89 89 34 10 22 4 19 89 81 67 21 88 91 64 94 12 38 56 66 29 54 29 93 92 95 80 88 56 56 68 22 18 33 1 20 6 23 70 45 77 56 7 13 54 91 49 94 3 18 43 65 87 59 26 84 31 93 32 53 3 82 70 30 84 78 43 11 44 9 67 17
19 23 58 39 95 18 40 55 83 65 3 49 55 97 33 58 9 50 18 48 82 84 72 50 88 46 89 16 29 19 10 81 39 14 42 10 40 35 46 24 51 53 15 32 30 19 74 94 63 83 74 67 74 46 100 71 2 45 17 82 12 67 0 60 20 0 39 25 46 55 5 3 83 59 30 55 30 64 32 65 50 52 83 54 23 61 22 13 52 32 16 44 17 71 16 79 14 37 79 92 64 91 51 95 13 92 48 79 81 40 16 93 20 73 44 67 7 32 56 22 48 72 65 47 50 15 5 46 70 20 36 89 86 2 56 38 0 34 66 73 18 46 64 42 64 22 3 63 22 29 12
75 94 66 52 12 84 86 100 26 39 51 28 5 13 38 22 14 41 38 28 25 48 15 20 28 16 8 9 71 15 34 87 78 77 89 59 18 8 7 17 13 76 57 33 19 94 16 11 73 21 51 76 68 39 60 15 94 59 9 16 25 49 29 70 77 63 38 32 57 72 35 86 38 65 0 45 21 65 53 60 62 8 1 86 65 27 100 61 58 87 81 29 96 31 70 83 84 62 77 77 88 80 52 47 0 33 41 24 91 17 34 85 52 84 64 70 13 59 59 10 25 70 83 86 39 61 1 74 78 75 69 37 83 82 34 90 78 34 44 26 33 50 8 13 42 27 32 48 47 28 82
65 96 23 70 53 55 20 22 34 52 78 67 66 90 98 24 50 54 24 60 86 81 79 3 93 92 69 75 98 77 43 90 66 54 14 23 97 73 41 30 80 10 18 73 30 67 26 22 29 74 28 81 3 42 84 66 50 68 0 47 71 60 23 34 17 52 69 64 64 20 86 16 79 67 35 25 91 98 73 48 43 47 99 72 66 51 13 17 98 64 51 2 100 35 71 1 32 32 41 61 14 37 88 89 98 52 95 43 76 69 26 71 30 63 24 44 1 44 79 55 96 87 66 14 12 36 45 39 7 50 77 45 25 64 32 99 60 94 48 84 30 91 53 63 100 22 33 86 79 5 80
57 30 32 35 59 34 6 47 64 63 12 54 62 65 60 58 3 21 21 96 98 27 75 34 41 79 22 100 93 14 50 20 91 61 64 47 26 30 31 33 25 49 36 0 57 11 35 40 20 73 70 18 8 81 77 79 52 61 78 46 59 81 53 2 63 16 45 90 90 10 74 68 72 93 43 77 93 39 40 0 64 27 94 43 75 52 54 41 93 11 93 77 80 19 52 98 6 26 97 64 77 92 30 86 28 24 32 20 97 4 21 93 39 63 18 2 14 96 60 25 98 60 44 80 70 11 16 69 69 6 3 35 68 44 20 48 85 68 2 1 79 55 10 66 67 14 67 72 82 87 32
84 43 91 25 39 22 98 33 65 56 75 21 55 93 76 26 52 74 45 95 56 49 23 6 6 18 64 54 72 56 68 26 41 18 68 22 13 39 76 4 10 29 48 9 32 99 29 87 45 26 87 46 61 44 41 67 36 76 95 74 37 98 95 81 3 13 93 98 58 42 87 1 38 59 15 5 100 64 82 64 1 17 47 49 91 77 69 94 87 28 21 48 50 54 81 56 8 67 76 44 83 3 72 8 69 54 39 29 48 26 12 90 73 17 18 73 1 83 79 10 70 4 34 20 21 87 72 7 63 74 99 38 96 12 40 84 92 83 48 96 17 79 9 12 34 40 42 53 66 58 50
42 49 32 53 21 42 16 67 83 53 34 50 26 31 72 72 10 87 11 60 24 60 13 5 25 49 34 64 61 3 65 8 78 58 42 48 84 42 62 19 55 36 36 96 20 39 58 52 43 26 87 80 24 100 99 53 73 77 84 72 36 69 100 45 98 25 12 6 27 32 28 72 35 46 78 10 8 49 99 41 14 11 33 12 27 58 6 59 6 70 13 92 27 57 79 100 23 15 84 8 75 31 26 63 27 14 16 66 43 36 51 11 25 91 55 8 14 72 24 11 45 9 71 59 11 38 17 63 2 74 67 46 39 46 40 96 93 70 62 30 93 50 39 99 72 61 84 22 26 93 1
36 70 53 57 87 15 1 30 69 82 0 41 35 17 86 37 18 48 39 14 52 47 75 95 3 81 29 61 97 73 35 97 49 74 32 91 14 15 84 91 83 39 95 90 72 26 92 20 39 8 29 93 13 56 61 40 41 83 17 20 66 15 17 86 62 68 17 39 37 14 18 18 80 24 69 26 77 42 83 35 60 60 74 30 9 62 83 8 93 24 53 10 69 3 48 79 87 53 55 78 75 55 81 32 83 67 52 10 62 1 17 48 99 24 47 54 24 67 52 81 37 12 54 38 95 6 14 18 92 3 24 100 11 49 5 18 5 52 49 55 29 97 9 28 93 82 27 58 15 77 56
22 30 71 0 55 39 59 63 41 92 78 12 90 14 65 99 45 52 7 70 5 50 31 93 3 99 30 34 80 13 40 35 11 94 72 58 79 8 91 39 37 76 24 16 76 84 5 95 79 7 10 34 72 16 36 49 30 52 17 13 97 16 1 84 3 7 76 12 14 22 49 78 66 84 88 53 65 46 69 8 64 74 33 28 85 98 100 84 80 70 13 62 44 52 19 31 19 63 85 15 51 51 80 59 90 51 33 1 36 26 61 10 67 95 22 34 76 63 15 36 74 51 88 0 75 58 20 98 87 45 70 40 97 7 23 50 97 95 9 44 73 80 66 24 5 62 0 59 51 20 76
73 65 11 24 64 93 4 91 6 27 61 85 64 54 83 56 80 100 4 37 78 5 61 93 79 15 7 59 58 94 44 32 90 0 67 56 15 61 12 63 28 83 25 82 83 22 4 71 8 96 67 57 5 70 68 46 21 61 86 38 39 73 38 16 19 12 0 88 67 29 73 43 51 22 10 10 19 63 81 6 85 30 8 64 30 48 38 43 26 52 87 43 94 16 51 31 44 69 60 78 7 51 53 67 100 52 38 86 19 83 76 90 70 7 89 68 96 9 67 64 59 84 10 63 73 31 59 96 66 48 61 6 19 61 27 66 0 61 72 1 54 82 27 8 37 28 96 10 60 78 80
83 61 66 66 41 1 50 43 12 66 15 46 23 53 83 98 78 13 86 99 11 49 56 8 25 73 61 78 62 52 54 69 34 20 56 14 46 2 40 89 78 22 26 28 0 65 25 86 4 7 25 55 75 18 21 3 82 56 49 44 71 63 79 11 3 59 2 98 71 48 3 61 89 49 15 100 50 67 40 81 35 12 14 71 14 21 14 36 40 14 35 20 56 99 93 62 64 1 88 77 18 87 80 32 26 73 69 39 71 56 18 77 76 80 0 50 23 15 96 57 66 65 48 19 76 75 67 60 83 42 28 45 61 48 84 17 99 95 47 87 51 65 25 34 91 78 66 4 91 95 28
9 95 27 10 76 34 16 37 88 78 66 68 54 29 45 20 17 54 34 10 98 67 54 72 41 45 95 31 62 94 7 38 10 5 39 39 90 19 70 35 46 73 69 15 48 62 31 39 39 42 29 64 79 54 91 78 24 55 62 76 40 53 70 82 31 13 45 13 4 11 87 83 71 81 83 99 82 79 31 97 30 66 85 54 47 25 71 7 74 49 95 39 19 22 75 43 15 72 21 48 76 34 13 57 49 3 27 61 55 40 51 97 97 19 16 93 27 56 85 74 47 37 39 41 33 0 60 42 83 45 45 66 66 55 96 58 42 14 15 72 10 87 85 20 72 64 2 12 32 38 19
69 10 16 87 79 62 79 24 88 27 68 26 66 64 97 92 64 65 93 86 51 83 14 54 91 24 9 13 62 12 93 35 1 62 12 19 74 28 33 45 50 99 24 91 59 14 39 34 9 11 17 12 52 28 22 21 75 97 17 45 0 70 97 39 21 15 41 28 44 37 34 4 16 49 91 46 97 43 57 78 31 13 46 46 54 9 88 37 7 33 61 23 81 7 41 70 41 50 43 15 3 39 95 24 3 79 56 87 74 33 27 16 81 82 32 73 83 11 32 28 80 34 77 73 88 63 54 85 70 95 94 10 78 10 37 0 1 4 74 44 41 1 90 95 67 0 45 3 10 65 9
31 65 83 71 81 24 88 16 60 91 54 48 73 7 32 74 97 94 95 65 51 11 7 52 47 44 80 2 81 48 4 82 33 96 18 32 62 9 76 39 90 31 6 59 60 80 93 79 4 51 40 56 75 49 36 41 46 80 87 60 77 81 76 60 58 78 58 21 72 84 62 55 86 59 13 44 35 99 42 62 33 58 81 54 63 82 38 84 73 64 63 31 55 96 56 65 48 68 16 91 69 33 27 33 71 41 18 52 74 9 79 80 92 9 81 63 24 6 67 19 76 95 6 23 24 75 88 77 6 92 28 71 21 25 16 89 79 30 57 73 98 22 22 73 54 81 93 2 24 82 75
93 95 11 2 94 60 52 51 44 12 45 12 73 26 13 72 11 13 24 81 58 94 52 42 67 39 28 56 41 26 7 22 4 45 6 58 97 69 22 98 88 5 11 56 97 52 6 92 9 28 88 69 8 51 78 3 69 4 90 36 98 14 16 4 15 26 85 7 32 19 83 27 0 64 11 93 65 15 76 8 44 94 12 20 2 91 60 69 73 82 38 14 9 95 72 32 38 78 11 31 92 42 73 47 28 76 31 49 37 0 58 31 76 95 30 3 23 14 52 54 2 83 83 13 38 58 60 72 55 23 57 31 93 98 46 15 91 21 60 34 21 39 30 40 7 47 73 14 89 89 28
52 88 3 59 59 39 68 16 38 63 14 85 51 77 5 64 84 57 17 23 44 5 15 68 65 90 71 64 94 15 51 82 26 79 15 13 56 15 97 7 95 6 10 88 82 95 25 25 66 44 50 25 20 11 81 2 51 54 71 82 94 6 7 37 1 89 60 68 37 87 8 89 69 78 29 11 57 75 87 43 18 55 9 73 85 76 7 39 100 91 72 78 32 12 6 99 22 77 39 13 95 37 23 32 66 68 30 99 40 3 44 84 50 92 39 97 77 25 47 53 72 11 61 87 15 94 25 4 12 31 26 59 20 76 52 9 55 49 99 9 40 87 78 51 52 83 48 80 16 99 17
12 20 71 44 80 91 74 10 53 16 60 87 30 31 7 2 77 54 27 45 11 41 74 0 89 37 78 57 51 39 72 13 31 78 38 96 65 21 75 14 98 47 89 75 32 61 60 96 37 34 57 64 92 65 4 23 25 39 58 25 79 65 98 83 18 32 66 16 68 10 8 22 59 86 25 57 41 9 21 4 84 62 82 26 95 92 78 23 50 80 49 49 57 47 79 51 12 57 39 48 81 80 35 4 5 11 33 34 74 18 62 46 40 23 19 73 99 97 73 95 79 5 95 36 86 72 1 98 47 18 60 56 60 36 18 15 66 87 6 86 14 80 46 17 73 6 44 98 81 77 0
58 26 54 34 33 33 40 95 44 33 48 55 18 42 99 42 69 99 49 21 90 12 51 1 0 3 89 11 6 25 65 89 61 81 20 67 19 85 69 98 43 90 60 1 8 68 71 95 16 85 67 28 23 86 50 84 25 17 85 84 0 88 15 26 88 72 55 89 36 22 48 55 13 85 75 20 2 88 55 88 11 12 97 77 21 23 80 95 63 72 68 25 20 4 77 72 87 57 33 79 97 49 62 61 84 47 3 72 81 48 98 18 50 77 64 12 60 31 58 10 36 38 25 68 72 87 23 1 97 65 62 96 22 83 9 37 35 49 47 19 85 9 22 95 96 62 33 66 99 31 33
93 0 40 84 65 64 61 10 51 42 99 71 7 9 62 97 79 100 12 41 81 19 21 37 19 4 62 68 67 45 5 12 14 11 52 94 61 36 9 60 53 63 53 19 38 71 82 32 2 75 63 33 85 1 0 20 54 35 16 22 22 99 0 77 18 50 28 69 62 88 90 64 49 3 2 18 95 43 15 94 64 51 34 21 95 27 29 34 17 50 10 98 68 52 39 50 17 91 71 68 86 67 92 17 14 88 26 12 65 95 79 34 78 12 90 17 80 7 25 66 68 54 61 83 30 65 60 49 72 24 14 31 71 66 66 77 24 70 38 30 26 15 32 9 68 86 5 46 50 83 47
95 46 33 32 21 67 31 2 25 97 92 8 37 69 2 17 1 32 43 13 84 84 52 9 4 34 96 25 55 32 27 85 28 26 75 0 89 20 16 43 3 28 87 35 74 58 100 73 63 88 90 87 97 51 43 64 45 92 15 88 94 66 86 4 52 3 12 89 61 32 79 10 4 88 41 65 9 20 46 23 91 97 72 40 80 89 13 2 60 66 57 87 49 89 97 74 42 7 17 61 63 98 26 13 63 48 52 99 51 60 64 51 60 89 72 76 54 38 30 55 7 59 72 23 58 100 53 15 35 94 16 73 86 45 56 69 11 21 57 89 24 100 78 55 0 6 97 37 2 48 94
50 0 90 93 56 24 14 9 97 16 24 91 35 85 60 45 58 23 42 62 90 66 62 49 78 83 50 74 29 3 32 75 92 82 73 37 20 83 62 15 92 75 78 12 16 46 100 15 13 7 14 8 81 35 62 23 77 90 78 40 13 61 73 23 74 80 87 58 49 73 3 84 24 70 59 88 48 11 19 34 51 75 31 85 29 32 94 15 25 87 18 100 2 13 94 99 73 2 48 84 82 61 25 71 92 2 57 91 34 53 58 84 9 84 63 16 58 97 75 96 93 49 38 84 67 89 26 77 34 97 69 53 18 86 39 85 65 36 53 4 53 30 73 61 87 41 44 27 36 96 38
14 23 97 68 86 17 3 61 18 3 81 9 2 0 83 55 26 87 6 65 89 96 1 87 68 8 33 54 39 22 44 32 80 0 41 0 18 37 45 12 37 25 27 79 18 6 8 87 86 5 85 88 10 16 29 56 65 48 22 92 4 47 5 2 11 96 100 67 97 55 64 48 48 49 33 42 29 19 99 32 80 34 6 47 90 13 100 76 34 53 70 83 48 34 75 75 18 78 84 82 72 7 93 72 74 22 88 90 3 70 96 30 30 10 71 81 15 98 24 76 74 23 31 68 28 42 31 88 12 1 52 60 80 98 46 15 64 70 74 17 37 16 74 12 50 99 24 51 100 24 91
63 60 37 89 50 77 18 17 62 64 26 59 73 46 49 48 95 32 52 70 6 23 87 64 31 49 56 42 60 48 3 55 39 56 41 97 72 34 62 20 22 5 57 0 44 95 3 23 57 42 41 82 33 33 53 92 67 10 77 49 95 43 71 66 81 54 87 42 4 48 94 54 77 58 70 23 64 48 87 90 83 68 15 47 70 3 21 97 68 42 29 99 78 30 41 89 55 81 75 18 52 24 90 50 52 72 8 1 43 80 11 82 27 89 26 62 53 93 21 58 100 27 2 71 56 9 46 7 65 12 90 24 60 91 97 63 46 93 24 57 84 82 25 45 99 38 42 38 83 23 73
94 25 79 23 70 34 100 78 83 11 64 27 48 33 9 62 38 31 83 100 72 47 88 42 97 69 66 93 0 88 95 23 33 48 20 43 22 59 95 31 58 50 76 2 0 83 21 11 65 14 56 37 10 10 43 50 92 23 83 39 24 55 68 6 2 46 82 95 74 49 82 27 42 15 61 71 4 28 99 84 64 44 10 55 33 94 47 26 65 96 25 81 15 28 27 51 29 98 9 82 91 86 87 82 67 42 59 76 48 31 84 40 79 83 56 76 26 86 8 46 74 81 53 6 19 78 43 92 92 70 75 96 73 20 13 45 35 93 9 57 71 14 46 47 68 76 24 11 26 20 15
43 9 84 71 39 92 31 15 87 97 8 10 68 61 35 19 2 72 12 40 71 28 19 63 75 14 83 43 97 61 66 12 24 51 50 80 24 74 26 66 76 42 37 0 19 35 6 42 35 34 68 10 85 8 36 69 12 37 80 5 95 79 28 22 83 83 38 50 98 32 55 85 95 4 71 78 47 93 99 61 85 46 23 61 61 88 59 43 31 40 68 59 57 78 61 15 34 55 43 17 70 93 52 77 46 48 68 68 96 42 41 74 41 83 43 44 61 13 13 23 50 75 30 50 12 2 2 84 70 59 57 30 38 79 18 82 3 18 7 7 13 72 2 90 22 79 29 77 13 54 73
32 98 66 29 70 71 4 52 84 74 28 13 81 86 81 7 24 47 100 59 100 46 20 95 62 84 34 99 53 26 8 2 47 48 7 67 59 88 7 65 47 100 63 63 70 35 12 15 16 26 65 16 20 16 62 79 82 60 18 22 94 43 42 32 50 31 62 88 44 2 73 98 94 71 82 78 99 61 1 12 32 98 94 83 73 56 22 52 78 67 29 95 91 23 80 31 24 47 18 23 26 28 41 81 12 42 1 67 24 60 96 48 27 28 61 61 18 45 46 4 91 8 37 47 3 6 48 76 72 15 36 81 52 29 31 66 79 71 67 95 100 28 63 94 19 52 75 6 79 19 72
85 27 77 55 68 60 48 83 45 97 88 10 46 30 0 45 28 32 92 12 57 36 64 48 55 30 21 71 96 94 68 23 44 42 33 29 45 6 59 30 13 53 48 27 34 47 99 66 17 62 85 97 7 21 73 46 36 87 52 9 49 55 51 72 65 37 94 4 60 63 59 1 31 66 62 6 32 21 68 70 11 88 100 25 12 89 25 49 11 66 72 66 41 16 21 98 38 53 76 94 67 46 68 18 37 50 64 77 66 28 13 55 7 50 63 42 6 56 41 96 94 10 70 17 80 57 67 56 86 82 0 27 20 28 93 80 5 38 16 55 67 74 50 64 58 30 7 75 56 75 62
19 39 18 15 63 54 46 70 50 39 29 52 75 64 14 2 97 17 18 54 44 48 10 27 22 82 15 72 32 85 61 61 72 12 23 39 64 87 70 58 89 95 4 8 73 19 30 6 13 16 67 57 83 62 88 78 84 70 16 90 70 22 89 83 56 52 27 35 71 79 33 58 8 34 32 73 73 44 100 52 9 65 36 50 95 100 43 14 32 93 6 18 63 74 25 45 56 50 46 83 77 74 88 48 24 36 67 7 100 52 5 99 6 97 26 86 28 28 58 96 61 17 72 19 23 81 0 96 35 12 21 17 89 90 28 31 62 3 54 13 51 56 37 96 44 94 51 80 67 68 100
25 26 22 94 48 14 51 26 72 68 42 42 72 29 53 59 98 32 56 84 22 42 37 53 15 86 62 49 43 48 49 31 6 89 79 54 17 17 3 60 66 79 26 51 94 84 17 37 74 0 49 4 63 16 88 14 71 3 84 66 89 7 37 54 77 95 25 35 24 22 40 25 28 3 63 8 42 43 88 74 29 59 69 69 71 88 31 42 64 47 80 81 14 83 10 68 89 12 78 44 6 46 87 42 35 41 81 69 9 1 92 66 80 18 80 99 32 73 91 30 47 37 92 4 73 64 19 67 62 14 91 85 26 89 77 82 85 53 89 2 7 36 59 60 67 30 90 10 54 93 63
49 95 37 23 20 56 43 72 51 95 89 50 6 38 15 16 4 95 97 38 30 24 18 91 46 0 54 62 100 64 10 30 8 36 88 83 2 88 46 15 91 40 37 48 17 98 38 2 15 79 95 46 47 68 94 25 96 86 99 96 90 69 90 84 66 14 39 9 3 58 68 3 39 20 36 97 32 45 47 77 12 12 87 54 48 23 86 78 47 79 71 6 4 88 30 84 3 32 3 13 59 4 46 17 81 93 6 90 83 35 71 63 45 59 22 48 33 100 64 37 38 72 23 32 68 11 78 51 46 11 6 30 11 12 96 51 78 16 31 14 87 4 77 57 20 69 36 96 11 8 99
99 77 0 74 58 39 35 69 0 41 15 95 70 79 78 41 64 14 28 88 73 65 69 37 68 20 15 13 65 87 71 11 90 55 57 59 23 34 5 67 91 84 86 84 32 56 34 62 4 60 1 2 82 38 48 57 7 19 7 70 32 17 23 86 53 98 34 28 64 25 34 40 32 0 81 38 59 17 15 39 37 3 19 71 40 4 29 98 49 47 64 46 50 31 91 40 77 33 82 11 46 57 57 77 80 85 13 4 93 68 96 96 100 43 60 68 82 57 70 63 49 9 45 41 81 83 12 5 79 31 73 14 4 20 4 88 58 13 85 51 37 55 82 99 78 54 51 33 49 2 83
2 84 56 98 63 11 99 39 83 100 71 56 56 25 12 57 8 77 25 62 5 12 70 47 89 93 94 72 84 35 4 51 16 97 11 7 100 76 42 3 98 52 38 34 30 45 30 71 48 39 34 48 11 99 99 39 16 3 73 91 86 93 79 77 11 95 26 46 8 19 30 26 27 62 73 57 33 32 90 17 24 15 25 96 61 60 0 88 31 38 10 26 39 71 93 60 94 70 8 74 14 9 62 81 91 48 32 10 10 52 51 44 60 30 91 75 42 98 84 88 96 52 83 95 82 90 6 69 19 85 66 88 44 50 90 95 95 82 30 78 48 79 82 43 15 18 90 35 68 89 74
70 13 69 61 61 38 58 38 45 94 19 5 21 0 29 94 38 88 85 41 67 80 53 45 72 68 42 8 86 45 44 48 93 70 70 38 30 78 29 86 48 65 30 2 47 70 71 87 86 72 27 100 8 84 57 85 63 18 48 61 75 19 21 70 99 47 20 29 95 100 43 33 88 68 50 49 33 35 59 35 100 9 86 40 67 69 23 77 8 78 96 7 54 13 35 19 62 35 89 67 12 3 85 0 44 81 39 33 87 59 30 79 34 41 32 12 0 35 91 98 67 63 67 23 27 25 68 45 72 80 27 67 27 24 49 76 54 39 32 7 96 87 73 98 44 43 54 19 55 86 48
35 40 6 88 44 32 15 19 64 77 92 59 14 1 85 0 14 65 47 23 51 53 14 45 59 42 77 55 44 37 13 22 38 57 9 23 11 83 14 40 51 11 11 9 50 77 46 12 59 65 58 70 18 31 18 22 79 83 18 7 13 73 92 8 86 21 48 75 34 36 12 73 34 38 66 74 74 11 31 99 0 78 20 0 28 0 66 10 64 1 47 66 52 57 2 96 33 22 38 73 48 17 78 95 3 23 11 70 95 7 3 97 11 98 100 70 87 5 31 34 33 76 95 40 5 37 0 32 78 5 51 18 0 75 48 78 73 65 95 42 59 72 61 42 64 25 8 24 55 51 55
20 72 76 29 56 10 16 58 4 0 13 40 33 1 85 83 30 77 33 85 38 28 53 47 12 29 31 58 29 95 38 56 96 12 57 15 46 27 18 52 82 7 88 41 70 85 52 85 25 86 78 68 90 87 67 61 40 9 34 37 24 57 62 100 93 41 88 7 54 44 65 34 19 61 100 43 45 12 50 55 92 28 46 80 56 65 73 39 0 63 9 87 70 9 13 81 83 19 16 90 99 0 12 100 98 78 37 51 12 99 87 65 78 77 98 94 20 66 39 19 90 0 24 69 45 18 85 34 8 86 30 6 78 90 21 81 87 74 1 42 12 4 13 89 29 26 41 1 16 41 6
92 2 80 29 21 37 18 92 35 99 40 56 78 82 53 60 13 13 99 16 3 19 96 42 32 2 86 61 76 50 96 68 76 73 48 69 22 70 53 23 19 6 100 88 75 44 30 90 95 47 65 69 73 77 99 39 14 81 73 30 9 21 57 92 4 71 26 31 57 91 83 51 82 35 25 0 20 44 49 82 60 1 74 62 50 81 7 62 40 30 94 60 2 36 36 23 70 29 85 86 33 64 44 27 76 64 70 88 97 22 69 71 64 12 24 83 91 84 40 36 45 68 77 85 56 66 35 76 99 47 33 61 37 42 34 48 0 67 9 54 83 56 95 11 100 19 31 63 14 7 93
58 34 41 64 77 51 73 72 92 99 92 9 83 69 37 86 38 53 89 33 6 49 98 61 28 13 58 74 42 58 82 49 88 4 3 6 28 35 32 40 100 65 58 31 72 24 32 28 75 62 83 96 96 63 31 78 47 73 32 65 64 89 99 88 51 85 34 45 68 8 79 64 40 42 15 38 88 87 3 22 34 75 40 61 68 27 34 13 24 84 57 49 26 88 87 56 37 99 0 14 58 69 63 57 39 72 100 96 77 24 35 97 33 59 67 51 62 97 39 97 12 55 16 99 41 48 60 59 71 64 47 60 35 0 62 1 28 60 68 13 3 28 24 64 78 43 15 26 5 37 42
53 74 31 5 76 43 0 90 59 32 30 46 56 54 0 21 44 60 31 85 5 21 1 58 68 8 9 89 53 78 4 87 50 40 56 86 69 38 95 50 68 62 62 14 17 8 68 48 92 39 8 81 4 93 68 52 9 30 27 14 69 58 83 0 99 28 80 98 27 68 21 100 70 98 19 67 18 3 99 30 54 83 40 66 5 91 0 50 33 30 19 62 32 50 16 63 71 64 60 34 40 3 62 97 67 26 78 25 73 72 27 99 48 39 82 92 22 41 45 46 47 63 72 19 37 38 9 96 93 21 65 86 29 57 68 52 91 30 25 75 28 100 2 3 46 6 84 75 56 53 93
65 84 15 92 53 59 75 44 18 92 34 95 62 81 100 86 67 6 62 34 96 93 42 11 3 17 62 93 5 66 15 20 12 97 58 62 63 55 10 71 6 88 76 37 44 76 39 40 37 13 46 7 7 49 69 61 72 97 3 25 100 62 9 57 81 73 45 1 67 14 21 5 39 49 94 43 41 43 42 43 90 49 79 43 24 68 31 13 46 38 98 78 60 87 44 78 31 31 28 29 80 63 94 8 66 64 56 5 56 34 85 59 73 28 56 69 63 77 90 76 62 79 33 35 23 76 63 44 42 0 52 14 91 28 10 68 35 100 87 12 18 46 93 44 87 6 38 97 29 82 14
45 39 65 13 12 44 99 18 20 74 74 10 32 49 32 33 56 77 71 26 38 79 50 12 13 42 64 99 34 65 10 85 48 16 28 100 32 29 81 36 73 63 2 0 45 20 99 16 49 96 26 72 30 70 27 78 89 56 26 27 13 55 33 63 30 8 79 95 76 2 100 89 67 11 98 92 10 41 30 11 63 36 20 93 43 88 34 72 33 12 5 25 81 91 40 99 15 26 97 34 4 27 55 33 9 68 96 43 79 27 92 11 15 28 64 98 87 98 63 23 69 57 97 92 81 74 49 41 82 74 70 57 45 87 45 54 50 39 70 24 7 20 4 33 36 65 75 64 19 24 81
9 25 71 32 98 76 93 41 7 99 89 25 90 13 58 29 25 92 30 34 88 63 60 1 99 54 69 63 19 93 30 46 55 96 50 48 33 54 25 90 51 53 23 1 75 10 25 23 17 60 17 53 44 36 71 59 1 63 11 67 72 75 87 29 93 72 51 77 72 64 16 22 20 32 68 11 32 25 42 37 46 30 87 25 21 93 77 12 56 74 93 46 52 60 90 80 83 41 6 92 24 49 47 47 85 54 39 54 72 34 25 65 56 57 74 24 89 99 10 86 36 65 95 28 19 8 75 6 9 48 97 84 8 81 24 15 38 33 45 9 71 92 25 78 59 45 96 79 7 64 60
5 43 74 95 29 98 33 87 25 22 45 79 43 47 29 74 16 84 97 22 56 58 60 28 54 25 81 4 17 41 44 99 16 99 47 2 81 51 48 78 52 87 59 88 83 68 56 45 39 17 68 61 32 52 75 0 13 87 76 73 19 41 11 36 8 63 16 88 86 79 8 41 63 21 21 7 13 22 72 94 65 99 70 44 87 30 29 65 39 32 3 30 58 79 64 8 41 90 14 24 37 70 30 49 34 52 39 89 79 5 31 62 6 21 28 77 54 36 64 63 100 71 27 73 83 11 19 53 35 41 9 60 51 84 97 18 43 99 51 79 74 18 4 51 96 14 12 7 99 61 7
9 37 99 84 86 28 57 9 38 52 85 83 3 62 47 1 98 44 99 63 3 74 7 37 79 39 20 52 66 62 55 13 57 38 74 94 30 28 34 21 11 39 48 98 33 91 24 72 50 31 20 32 100 42 30 79 74 39 76 28 11 66 13 14 71 37 11 31 97 76 53 87 34 44 91 38 48 29 86 75 54 7 36 5 97 82 57 54 61 2 60 61 38 74 97 35 20 72 25 77 43 15 62 8 35 97 46 65 16 52 44 65 15 85 37 90 63 28 8 96 95 92 9 35 42 59 24 36 82 5 50 72 12 42 36 45 93 4 23 65 94 26 58 82 40 95 78 44 13 43 67
34 35 91 76 16 21 62 99 38 79 23 17 68 51 19 67 99 91 61 7 97 38 84 75 15 23 20 31 93 41 92 30 94 58 13 42 82 68 51 0 36 34 29 40 27 79 70 91 76 75 55 5 31 42 59 33 58 46 39 75 31 17 71 82 49 6 46 66 35 13 46 25 46 48 61 79 54 77 72 45 0 30 50 41 23 0 45 24 70 38 66 80 92 89 65 50 24 34 35 49 83 93 90 75 53 58 100 44 7 44 7 50 57 55 45 3 65 19 18 9 79 68 27 64 53 91 28 95 57 94 45 53 61 70 76 83 81 15 71 77 28 79 27 26 7 58 95 10 31 13 27
85 45 92 56 38 39 62 73 24 98 41 26 98 14 90 72 36 97 55 2 16 70 59 99 86 47 15 44 26 69 62 94 58 24 18 57 94 68 69 41 18 5 12 74 88 39 12 36 88 98 63 93 13 79 62 96 49 2 59 7 64 14 52 95 15 2 77 100 43 80 99 16 66 56 41 67 22 24 29 69 17 97 73 56 76 99 82 71 83 4 52 95 39 17 15 88 4 92 64 47 60 63 4 34 62 45 25 52 69 71 69 73 81 61 60 45 11 16 24 39 4 66 80 38 58 84 58 83 56 94 1 20 47 16 38 21 23 48 72 80 28 17 19 65 22 17 39 23 40 60 11
49 70 5 41 22 10 22 14 24 32 79 16 19 87 83 39 9 31 71 62 38 46 21 5 94 79 62 77 21 57 12 66 30 74 31 19 18 49 39 45 71 23 82 67 76 32 34 63 87 41 25 90 65 70 18 33 29 52 72 69 65 44 73 30 47 63 61 97 56 20 100 62 6 70 66 81 53 65 10 55 75 95 81 14 91 13 39 25 96 47 32 12 4 60 54 50 76 95 82 87 69 51 48 9 99 45 43 77 32 51 58 54 93 95 67 21 74 11 42 99 49 97 19 13 51 10 20 65 53 78 59 46 69 62 73 40 92 25 7 96 9 89 28 83 63 7 81 85 33 96 60
82 39 68 15 72 87 51 36 43 62 55 55 64 54 81 43 35 23 52 75 74 63 57 45 5 97 4 48 70 95 65 13 87 32 96 57 79 65 2 99 44 11 60 53 38 50 81 15 51 13 54 20 47 68 4 10 3 69 3 86 45 38 71 72 98 6 88 34 38 1 37 52 52 75 45 52 9 5 30 43 7 12 9 83 76 91 66 81 99 82 88 32 8 88 8 62 13 51 16 91 88 9 35 79 44 51 20 60 36 20 32 66 62 80 21 21 90 9 78 75 66 98 35 96 81 65 14 85 66 61 91 86 29 61 80 37 63 36 62 44 31 74 6 100 84 52 40 43 52 41 62
87 84 29 96 29 86 19 7 73 18 78 90 64 16 73 35 48 45 2 13 42 26 96 44 65 1 95 1 19 100 50 49 59 0 69 70 70 66 61 7 79 36 82 96 62 58 23 77 40 28 66 95 100 44 94 46 36 13 30 89 5 9 46 64 0 2 75 9 58 70 22 45 57 47 18 73 99 52 25 3 39 45 32 16 43 14 56 83 64 94 97 32 14 22 86 49 76 36 43 14 92 100 14 62 85 89 81 22 53 63 100 45 49 42 75 5 66 12 93 88 30 52 56 34 77 0 97 25 48 77 94 78 81 74 87 11 69 39 52 24 24 87 61 9 98 0 23 0 68 75 1
0 19 32 91 29 76 29 44 68 59 42 81 60 91 20 83 31 94 23 53 35 31 56 66 92 0 84 67 12 29 77 26 76 43 47 86 19 95 14 52 11 36 25 12 54 69 70 0 4 58 46 45 82 73 19 36 7 58 2 44 67 27 20 94 65 83 62 9 71 96 47 82 60 1 6 46 3 11 41 45 3 34 35 35 35 56 30 37 57 15 0 69 61 66 21 22 90 65 10 18 92 83 52 42 10 12 83 91 85 25 26 34 100 70 89 83 34 45 50 1 9 67 37 1 69 12 9 35 47 88 34 64 55 100 68 51 90 13 86 94 57 100 25 71 38 98 8 54 21 85 21
63 1 95 67 37 86 20 5 27 61 3 71 8 20 13 11 80 88 89 6 67 25 33 34 8 19 40 11 34 73 78 66 64 45 49 51 34 43 68 91 25 22 81 83 48 69 8 89 48 67 37 69 97 92 59 49 33 78 48 50 31 29 34 90 61 53 61 56 87 47 5 71 94 25 46 19 38 77 30 65 90 28 98 50 7 87 78 78 89 97 76 60 75 97 32 75 48 100 81 24 57 69 82 99 90 59 34 18 32 88 80 23 37 100 38 22 3 78 8 49 100 45 22 59 73 98 66 47 25 28 91 45 21 25 79 91 31 90 12 98 36 39 37 50 22 61 11 43 78 31 63
69 47 52 35 5 99 72 22 44 1 82 64 14 59 47 29 55 10 34 32 86 90 7 3 48 27 8 25 51 30 33 22 48 86 61 39 55 31 82 63 87 54 100 39 13 84 26 0 66 36 69 92 17 40 13 72 40 94 39 58 41 63 90 87 11 58 20 10 10 18 19 32 97 1 5 79 11 51 9 86 20 26 77 32 14 91 10 44 93 13 39 45 24 8 56 82 12 12 54 21 19 49 39 88 43 21 16 94 34 64 77 48 15 98 21 44 25 38 43 54 0 48 41 19 18 72 63 83 81 8 100 56 44 14 1 81 79 13 6 66 1 41 23 10 88 13 95 33 62 0 38
3 27 51 6 81 20 11 72 28 29 96 4 23 11 19 4 16 53 68 27 31 85 86 27 23 26 24 66 75 68 9 20 60 10 13 25 40 71 38 32 32 90 77 24 92 51 9 57 53 15 57 62 20 33 75 61 54 69 4 26 11 15 12 8 85 80 73 90 22 55 70 36 81 73 39 29 37 82 80 32 26 83 76 28 4 98 56 25 35 58 31 36 14 13 56 50 40 8 98 81 8 8 66 8 64 97 35 80 26 1 14 42 22 92 21 12 32 86 36 78 0 55 22 98 51 18 78 35 23 0 69 38 46 78 54 96 62 49 80 62 90 20 54 96 100 97 87 13 30 38 50
31 94 25 94 0 59 50 45 91 63 77 39 14 6 49 30 57 89 78 59 41 53 47 88 38 95 71 47 69 19 34 67 95 8 59 90 47 33 78 40 74 62 18 59 51 15 70 65 6 81 23 56 71 45 67 67 21 92 30 81 85 1 32 78 30 35 55 59 9 96 77 66 95 88 6 42 22 25 100 75 31 80 99 30 6 54 78 30 32 6 0 59 58 38 27 100 29 4 59 77 49 66 84 80 54 72 33 55 96 52 92 30 71 77 5 34 80 53 62 69 36 21 52 96 92 26 77 49 84 18 53 20 43 9 44 54 45 42 93 21 46 73 15 98 66 36 16 82 1 86 5
3 83 26 88 19 8 54 92 57 36 25 66 98 32 58 13 90 100 29 92 30 18 20 31 31 93 8 32 65 38 36 22 56 78 72 26 71 27 54 7 48 64 80 27 55 12 7 9 15 48 96 51 6 57 22 18 42 10 60 33 61 35 71 57 90 52 53 98 41 76 34 19 5 2 1 97 11 50 67 44 85 44 97 10 70 94 91 28 14 5 99 18 75 59 78 10 13 53 7 61 84 47 30 52 63 16 44 48 24 93 47 10 52 22 69 18 47 99 94 67 11 41 71 32 39 29 33 80 59 78 29 32 49 22 88 33 48 32 20 63 75 3 47 19 70 34 72 62 98 57 87
59 8 59 82 80 4 42 88 30 65 43 4 14 96 20 31 96 14 35 57 51 13 63 58 84 56 43 71 9 57 13 88 92 72 62 57 54 51 46 45 54 69 35 89 82 12 43 87 11 30 62 78 70 54 68 76 1 55 77 100 84 10 92 55 90 6 7 7 6 83 30 9 58 52 16 77 71 59 79 62 59 82 31 15 75 88 65 50 63 90 68 92 0 82 18 26 44 78 73 95 33 49 7 77 86 66 69 37 48 79 4 51 82 37 41 18 33 88 40 97 14 40 45 73 80 58 66 10 83 23 100 12 15 0 10 82 97 20 11 21 29 100 1 3 50 50 56 71 29 2 57
48 4 43 26 88 89 3 42 6 68 44 24 10 57 71 21 32 83 26 33 81 14 30 53 72 25 68 67 25 56 72 48 37 31 24 17 38 18 54 45 89 50 87 54 56 66 26 56 39 42 87 60 13 49 82 63 67 68 32 58 23 78 1 14 19 16 32 75 33 33 89 48 12 76 100 94 78 65 58 96 96 42 61 44 64 68 47 71 46 99 89 85 43 27 4 5 82 52 10 48 25 48 3 26 69 47 96 64 84 54 89 80 83 61 33 2 28 86 56 35 46 51 81 84 43 41 80 10 89 96 58 28 14 10 21 20 81 63 8 82 18 58 21 78 14 37 73 77 31 23 48
57 39 49 55 51 27 0 90 96 76 91 70 11 48 32 56 92 67 11 54 41 90 97 30 13 66 6 23 37 23 28 32 68 68 61 51 82 58 17 94 80 99 0 50 78 94 50 37 48 99 59 97 85 3 93 18 95 75 6 43 60 23 98 33 2 14 21 77 0 31 56 56 57 88 0 31 26 59 50 99 93 5 28 34 15 75 3 52 55 75 9 70 19 80 50 66 95 2 30 12 66 14 59 38 79 40 25 60 92 76 35 75 98 49 81 10 74 21 34 89 31 44 8 70 15 57 35 24 11 84 82 74 60 72 62 72 24 44 23 21 81 74 99 87 81 43 90 63 10 47 64
69 88 18 11 20 97 93 20 38 35 29 92 31 41 27 45 19 1 81 36 32 29 39 47 78 95 15 46 27 69 52 16 10 85 47 89 40 75 4 59 57 33 26 70 42 67 40 83 19 4 72 41 35 4 42 6 17 25 13 2 81 54 83 57 26 63 23 66 83 66 47 73 82 41 13 94 35 91 16 2 61 34 85 54 23 100 18 2 45 73 98 15 66 90 70 22 75 48 77 29 37 62 98 100 58 11 90 59 30 76 55 96 32 88 40 75 3 5 93 19 64 71 45 44 29 9 13 11 14 97 40 7 31 59 0 58 18 67 45 5 75 60 27 88 21 87 94 75 62 59 17
18 38 52 82 100 54 75 66 18 24 35 26 46 38 98 37 47 70 90 3 82 64 98 36 57 23 66 52 72 64 64 63 78 61 75 82 41 41 54 36 46 36 10 75 51 30 64 21 51 94 86 33 42 54 99 54 26 49 87 62 57 56 2 65 98 3 8 33 30 84 73 95 91 20 86 79 98 25 58 40 37 98 80 71 10 1 93 70 27 27 54 8 93 39 95 53 59 56 7 9 10 73 99 86 99 32 82 27 12 70 33 65 85 28 26 40 78 23 7 0 100 39 67 90 76 82 11 5 76 12 95 38 52 89 2 46 40 90 39 52 14 25 31 18 82 66 35 10 16 44 82
19 67 77 23 40 44 41 27 28 80 74 77 81 26 47 57 64 33 47 75 68 34 10 85 50 3 45 28 55 26 58 4 64 42 99 88 47 42 84 23 59 53 19 32 79 16 14 39 36 22 32 5 27 67 94 43 67 67 33 36 79 66 88 96 81 80 39 70 17 15 47 82 33 48 78 84 61 71 84 99 26 28 64 67 4 26 55 27 81 63 40 73 42 1 24 3 66 22 31 25 87 39 86 23 8 51 26 96 19 8 71 62 89 23 91 84 75 38 10 26 13 64 75 36 52 51 65 27 59 72 33 79 93 93 85 72 86 19 97 86 30 47 29 1 26 97 21 65 2 56 77
42 39 29 78 57 84 16 51 5 76 90 1 97 91 23 23 38 71 3 72 43 59 47 62 44 39 5 73 94 67 52 50 79 62 22 44 19 77 13 29 88 83 38 22 81 15 38 73 36 53 74 13 16 61 67 51 61 84 81 44 5 11 77 41 69 61 4 22 68 90 48 66 39 14 71 98 32 56 97 40 29 8 70 62 23 95 28 68 9 5 23 95 50 0 50 14 17 85 15 51 72 41 93 75 100 48 64 68 85 26 70 16 56 73 71 75 51 36 49 51 41 35 20 36 32 6 3 2 57 71 88 46 17 38 74 8 28 66 88 12 1 29 96 13 87 13 80 32 71 11 39
45 60 84 35 70 36 8 4 62 34 26 81 45 30 32 89 6 38 50 81 80 89 42 21 30 97 73 0 32 24 49 10 81 50 89 16 8 78 62 91 88 14 67 56 78 0 88 23 0 91 13 23 51 50 41 1 74 77 48 11 46 31 88 37 58 69 29 35 4 88 19 43 77 32 40 69 21 86 42 7 93 92 85 62 45 8 22 44 8 61 54 76 12 66 67 21 93 52 50 13 22 81 60 32 79 14 96 18 60 66 6 91 49 26 15 37 99 40 65 28 76 71 94 61 72 90 1 51 75 0 15 6 86 28 72 5 89 79 40 5 13 21 57 61 89 21 26 21 39 49 25
29 28 26 13 56 10 5 71 46 16 11 15 59 39 53 93 46 87 29 69 49 33 15 67 17 33 94 32 0 67 78 43 18 29 45 99 12 59 13 88 21 71 66 100 34 26 54 77 43 51 87 74 98 75 12 67 31 49 43 20 12 50 17 96 73 77 47 5 25 37 43 3 20 52 6 35 59 12 54 21 1 51 49 99 71 92 59 29 22 77 39 84 43 7 62 65 89 61 23 68 16 97 33 99 67 19 72 98 96 28 27 74 55 22 92 3 88 24 90 44 93 5 45 4 11 91 10 28 77 91 98 31 97 53 52 91 27 81 81 46 6 44 25 43 24 53 21 89 9 40 15
24 2 72 77 9 58 20 22 27 72 38 92 35 95 42 13 16 61 28 73 68 63 9 31 98 66 33 36 34 28 69 27 14 22 28 59 0 80 39 55 0 91 9 30 10 92 93 92 66 37 78 2 97 67 15 22 46 56 33 100 51 48 90 47 27 76 12 66 32 67 22 100 60 70 58 1 85 71 77 95 64 34 42 92 52 9 30 63 85 79 64 47 71 95 75 72 92 7 96 20 90 35 61 52 84 18 33 47 94 43 77 65 3 43 39 58 57 55 19 96 32 90 72 3 57 54 43 18 16 58 39 93 21 8 38 90 72 2 82 15 89 1 70 42 26 67 41 94 73 55 61
59 94 24 94 61 53 43 8 1 95 85 89 80 82 100 40 20 86 62 61 44 59 14 20 21 55 25 28 88 55 82 24 77 90 73 92 43 10 60 94 37 8 91 75 89 14 1 22 55 91 70 28 56 64 2 42 1 68 21 66 53 16 69 28 20 6 72 25 39 78 32 80 26 91 66 92 80 46 95 26 80 84 5 74 61 46 25 5 59 17 87 44 4 52 92 79 67 69 12 45 32 47 45 10 6 85 78 75 28 3 14 92 29 6 68 36 56 34 75 55 1 3 1 93 8 79 82 89 56 0 28 23 60 88 38 0 6 19 60 87 27 94 81 31 0 45 87 53 79 73 57
35 38 53 83 42 61 33 82 28 37 99 10 76 97 5 80 23 12 85 78 94 3 90 46 82 69 56 49 74 2 71 87 53 80 98 7 21 85 100 16 31 82 92 74 11 62 69 70 73 90 66 78 46 29 56 79 92 38 2 75 48 17 63 97 61 46 77 91 60 7 64 71 4 16 55 2 8 56 92 56 71 66 92 81 80 47 21 60 21 2 85 13 33 19 12 88 28 70 40 59 90 93 56 55 81 80 24 39 1 65 59 40 70 21 70 62 59 60 29 73 13 48 1 47 17 53 42 81 59 58 66 5 94 62 92 55 36 22 2 86 27 31 59 67 81 68 37 40 77 22 43
16 54 59 14 37 52 69 72 70 74 99 81 98 26 58 94 64 13 4 88 89 95 89 36 84 93 95 26 76 79 26 78 80 98 71 54 88 39 48 11 54 70 94 63 29 100 4 31 100 5 47 56 84 81 96 100 94 90 50 27 46 41 36 36 98 90 49 87 48 9 34 12 90 87 23 59 20 69 94 63 88 18 21 82 78 66 2 84 80 55 41 76 62 99 21 57 48 47 61 55 8 64 78 71 48 12 74 9 28 91 3 48 63 85 1 100 11 13 68 26 12 21 32 12 66 63 24 88 75 65 43 53 95 48 8 33 0 94 95 51 41 98 40 66 72 73 54 49 35 81 40
41 67 31 73 19 10 43 96 30 48 93 10 9 8 70 59 46 13 52 59 64 28 66 93 98 93 90 11 9 49 0 5 32 65 76 59 16 10 87 59 72 68 97 71 60 19 11 85 51 49 71 48 25 98 63 36 84 87 98 41 3 2 76 32 53 74 25 45 24 16 47 29 53 39 87 77 6 94 69 96 2 55 60 6 73 17 18 7 5 31 22 18 36 5 35 13 97 91 21 78 33 87 47 61 43 34 7 4 16 44 45 71 61 0 76 86 90 88 74 81 17 2 51 65 70 45 42 82 26 23 81 78 90 71 21 43 57 44 12 98 54 61 96 57 30 36 18 38 97 57 38
86 92 46 25 41 43 12 22 78 77 35 17 75 29 34 22 35 77 3 74 12 77 34 81 66 17 65 38 49 73 46 74 1 87 22 24 93 98 44 39 76 49 32 48 16 35 62 73 51 43 0 8 77 26 32 83 24 47 52 75 76 16 80 57 100 54 16 38 70 4 75 86 49 96 5 43 94 35 75 21 56 41 38 10 2 2 97 6 23 69 70 88 74 19 93 93 33 31 93 74 1 54 40 48 30 95 12 59 24 31 23 29 56 17 44 88 39 9 8 52 59 95 16 56 29 9 29 46 72 75 17 68 58 89 28 56 98 7 36 69 82 81 43 70 51 78 51 73 37 55 1
91 73 13 96 14 89 84 65 6 71 52 4 71 5 75 74 88 59 94 85 64 87 78 98 50 57 84 15 4 50 26 37 25 26 58 44 20 97 88 82 38 7 4 32 95 1 95 21 77 83 30 79 58 60 77 84 51 54 17 21 39 97 55 66 74 63 2 82 32 19 32 49 17 53 2 31 90 18 74 78 58 96 60 8 16 84 4 70 46 31 89 33 88 53 79 36 95 25 11 6 33 37 21 60 10 44 59 33 97 92 94 67 84 30 60 93 41 75 40 58 59 63 51 95 39 39 64 74 84 85 7 79 82 98 56 88 79 19 7 36 23 89 74 47 7 28 14 26 25 67 37
80 76 52 30 50 38 62 84 87 64 73 65 83 15 82 44 85 5 50 29 38 64 1 10 75 96 87 45 45 63 5 17 88 92 79 28 89 65 59 36 22 28 69 75 69 41 56 13 37 59 8 79 82 85 9 71 49 83 40 45 33 34 51 55 97 16 27 19 49 66 25 83 52 83 69 1 65 98 31 52 44 71 88 85 52 79 34 77 76 52 88 22 63 94 87 38 44 4 14 71 77 94 86 83 4 89 59 6 78 42 59 5 78 30 39 92 28 85 94 48 64 28 75 29 21 65 74 82 82 51 82 58 88 79 1 14 66 1 11 36 61 77 2 58 13 63 58 99 63 94 62
1 29 92 81 8 17 47 38 18 20 73 1 63 7 4 11 91 2 93 35 61 64 45 95 48 96 60 1 63 24 13 7 8 47 1 83 59 44 11 27 25 48 98 95 88 52 81 77 63 47 83 51 55 75 3 16 8 30 5 36 92 94 57 76 14 80 54 86 65 84 85 53 67 88 66 2 0 95 65 39 94 93 28 67 16 23 23 91 41 44 94 93 50 32 83 37 66 42 2 75 88 70 47 24 84 46 67 8 39 39 30 83 23 62 42 26 47 51 13 87 31 38 11 92 4 58 81 21 13 54 62 22 17 21 6 51 96 53 12 43 72 74 92 48 82 95 1 12 25 74 94
54 69 19 75 86 96 29 63 43 12 0 77 6 92 22 31 42 58 76 48 7 3 18 59 50 6 70 39 3 18 89 85 86 65 2 21 28 30 74 97 24 84 29 54 1 77 58 27 64 13 10 51 94 19 34 7 10 100 25 100 18 35 9 87 16 41 15 20 64 66 33 87 78 47 72 89 64 37 94 45 69 52 80 57 39 58 37 89 86 50 12 46 32 76 75 39 39 98 15 5 64 24 24 9 84 5 45 43 63 28 36 78 0 48 68 52 14 5 64 14 23 39 51 39 60 63 56 8 2 17 61 87 43 2 38 30 35 53 100 21 37 39 69 91 5 0 68 99 52 98 92
10 80 24 74 0 31 23 93 60 96 21 80 46 72 29 36 100 93 50 59 2 9 8 78 13 52 24 37 66 4 1 11 14 56 92 18 66 31 60 40 33 76 61 90 91 16 6 95 29 45 23 55 94 29 2 83 23 40 95 0 39 68 5 58 25 9 0 60 30 4 56 63 11 48 61 34 62 15 68 95 78 13 51 74 91 23 86 81 13 47 5 53 81 91 57 12 39 24 65 12 39 27 11 43 68 27 67 88 4 92 16 81 63 73 54 64 88 52 43 77 83 17 39 15 42 84 96 94 0 98 29 80 40 41 97 96 77 43 2 58 89 55 37 82 32 85 77 55 54 68 11
83 64 100 66 80 24 44 64 67 84 43 20 0 33 28 82 41 44 94 7 40 44 58 14 64 28 36 10 77 76 22 13 57 93 88 26 41 89 47 95 93 3 30 92 38 20 55 51 78 67 30 67 65 9 24 93 42 93 95 80 30 21 2 91 0 21 87 54 32 38 34 6 33 61 35 38 10 28 13 51 33 1 14 33 22 79 5 96 50 52 2 4 99 2 82 48 11 18 98 21 46 53 40 31 30 53 56 60 55 92 77 57 1 0 16 20 87 85 54 62 26 74 11 45 42 26 25 15 29 15 60 44 92 86 36 92 55 32 26 12 57 95 26 9 25 21 57 24 65 90 0
100 65 42 33 97 49 33 75 67 49 12 53 98 35 45 53 78 51 99 18 14 25 37 97 28 36 58 0 89 18 14 18 86 77 63 74 62 14 65 62 88 100 59 3 76 79 58 78 45 57 1 87 71 64 98 84 62 4 28 55 9 21 5 0 68 39 13 97 60 82 100 92 29 91 92 8 64 50 22 35 99 100 66 31 14 42 60 5 61 29 70 77 51 25 79 99 66 11 60 38 95 52 98 32 84 92 33 10 33 91 4 18 17 26 64 41 41 35 67 45 14 17 95 51 68 14 44 7 58 86 31 38 61 91 3 57 47 66 33 15 9 45 8 42 70 38 74 95 49 48 98
9 77 33 39 58 65 91 87 19 57 26 82 35 94 46 85 98 81 25 54 30 56 92 35 94 25 49 7 97 66 70 27 26 8 96 90 18 75 72 61 0 79 28 14 13 78 65 44 68 97 49 44 36 13 77 71 21 77 62 3 71 83 12 43 81 68 73 66 63 29 30 19 61 9 19 81 33 31 87 10 22 69 32 23 59 77 26 90 60 0 13 4 68 61 65 85 2 20 2 93 12 43 35 5 74 14 31 30 28 24 80 42 20 33 43 65 41 95 99 37 95 44 61 61 28 68 34 15 14 12 97 64 98 85 23 77 27 62 2 55 39 35 37 10 40 60 36 80 35 1 71
56 57 57 53 33 56 17 83 27 74 38 18 30 85 5 14 57 40 16 86 17 31 63 38 41 41 63 39 29 16 31 71 61 31 94 78 89 28 52 13 92 74 28 7 42 4 11 60 96 24 76 49 85 48 66 86 29 69 76 6 69 38 27 9 41 10 7 50 86 43 39 99 93 12 40 0 38 89 61 28 30 47 95 3 68 87 74 47 42 14 25 96 55 51 0 59 44 86 98 23 9 50 24 98 83 59 56 73 75 69 88 45 82 77 34 100 59 53 54 5 38 73 39 92 32 52 37 61 47 84 27 58 44 97 13 76 24 10 46 2 15 6 43 98 98 33 3 75 72 74 17
99 96 70 43 66 32 49 10 50 64 64 20 2 49 100 31 41 66 30 40 50 24 96 84 93 4 85 16 22 94 84 24 4 6 32 16 54 50 5 76 67 18 74 66 44 37 55 64 47 61 70 89 57 10 94 34 100 46 51 42 97 82 7 55 68 22 87 11 30 16 17 83 45 22 36 1 70 8 52 44 32 89 48 32 79 88 36 77 49 10 25 86 38 12 99 93 45 56 19 67 63 58 100 66 84 9 70 69 26 31 60 38 68 98 88 43 36 63 84 85 33 85 30 2 4 76 3 57 25 40 85 11 8 35 49 50 93 100 61 36 74 13 44 75 82 26 13 85 22 60 80
18 45 27 74 100 99 60 81 58 71 68 39 2 42 45 30 50 1 30 41 73 83 14 22 73 43 0 19 37 0 48 30 75 84 80 90 19 62 48 58 63 11 54 73 92 82 6 66 94 32 33 1 10 90 31 92 96 7 13 16 90 11 86 75 26 20 26 38 11 90 38 11 53 68 36 73 70 47 63 85 75 82 82 47 60 63 67 3 24 52 35 57 17 73 29 70 77 85 76 99 91 12 24 76 70 49 53 49 55 21 75 72 15 55 88 61 53 38 20 94 98 40 82 8 58 30 59 91 65 12 54 67 92 81 44 57 38 39 51 78 52 34 11 55 64 8 0 1 99 51 86
79 81 33 72 56 100 58 45 4 64 15 40 69 21 36 49 91 48 45 23 8 3 32 42 13 40 8 66 77 48 70 34 99 33 27 35 65 65 26 40 18 2 42 96 56 35 8 1 67 0 43 7 87 4 51 18 66 63 24 51 47 34 86 88 87 92 3 9 16 56 16 84 79 55 60 41 40 6 67 58 32 18 88 73 59 83 100 88 51 41 43 88 19 3 71 0 19 52 0 10 35 71 17 37 80 13 37 98 77 52 15 48 89 40 84 38 34 18 11 87 93 84 63 44 1 23 66 11 92 81 64 15 92 75 50 20 61 94 14 11 38 19 43 39 41 53 37 78 68 19 40
45 48 5 41 28 80 97 73 93 49 84 59 26 57 72 57 51 70 63 0 100 79 35 37 35 8 97 27 60 82 14 32 54 23 66 27 39 14 97 54 83 45 15 20 48 38 93 28 65 30 39 81 76 5 28 14 50 14 56 34 70 74 95 90 43 59 19 45 99 3 56 86 59 32 2 67 35 83 72 91 59 98 57 6 98 17 91 81 31 13 24 57 100 50 54 18 24 64 52 99 51 49 47 76 68 16 7 7 10 44 20 53 50 4 26 41 95 52 19 45 92 13 25 40 39 4 97 87 9 18 72 32 95 60 10 59 20 38 24 23 5 78 52 69 59 30 60 35 78 73 30
34 4 89 24 2 28 87 22 69 59 98 40 45 86 41 86 10 29 90 61 17 93 42 94 71 39 48 2 37 21 49 84 47 49 83 64 5 74 7 42 88 83 77 64 27 78 1 46 94 7 73 81 21 14 7 75 65 79 79 48 97 29 57 9 53 15 5 71 51 34 38 52 40 40 9 29 24 89 74 91 69 13 58 39 93 70 60 82 20 46 26 93 85 1 12 63 99 100 84 15 15 95 76 3 78 38 38 2 48 78 61 97 14 56 98 73 49 85 53 21 44 45 63 59 11 44 56 80 50 50 28 33 9 91 29 5 39 55 8 4 29 62 54 69 38 31 17 66 16 11 57
91 90 23 28 12 53 64 52 75 48 64 42 100 75 16 6 19 48 31 66 53 48 45 3 43 76 55 18 91 93 70 44 50 96 48 49 90 15 53 28 70 20 46 59 81 89 41 45 48 6 20 83 13 43 43 61 37 22 31 55 48 12 76 52 92 89 76 18 55 81 87 14 63 29 51 4 28 10 3 17 70 57 18 58 75 19 79 7 43 65 58 0 47 92 60 65 62 66 55 39 83 3 7 56 75 94 73 55 53 59 79 83 38 46 68 6 28 39 22 73 96 27 49 20 79 83 15 66 100 23 80 80 77 85 74 80 32 3 36 21 91 64 43 86 63 85 80 29 55 36 31
10 12 24 32 1 73 38 28 74 28 19 94 23 64 80 64 43 97 88 94 58 88 70 26 14 32 99 16 45 11 87 18 88 74 15 16 22 86 79 2 21 80 1 96 91 36 30 1 86 73 53 68 32 29 35 1 100 40 51 67 21 35 33 37 68 86 21 89 53 5 15 17 73 100 57 73 74 53 76 23 40 17 33 30 87 66 93 1 75 5 29 78 19 40 26 6 83 16 57 25 50 34 25 73 74 13 72 14 41 96 38 77 16 93 14 32 34 27 93 88 66 49 13 38 39 25 37 76 23 83 76 58 78 69 40 56 89 58 53 67 89 47 60 82 10 15 45 51 45 29 81
77 77 48 0 36 40 45 8 39 76 77 66 99 19 92 13 83 64 34 18 38 27 28 77 38 83 42 44 23 62 0 69 40 77 53 88 4 16 37 53 40 35 8 43 26 81 35 38 76 41 1 50 96 29 56 30 33 73 92 30 57 93 32 89 92 10 8 86 18 57 47 64 46 51 92 15 87 43 81 97 43 59 94 53 44 100 41 42 58 36 85 67 34 86 51 63 75 1 78 59 25 25 35 23 67 82 76 77 10 70 25 81 31 58 30 20 98 66 97 66 36 52 65 55 94 11 75 34 20 55 40 48 67 8 27 12 56 7 44 87 62 68 83 51 29 88 86 63 79 80 75
51 21 7 45 63 70 20 10 6 61 3 23 29 100 0 18 10 99 45 12 6 76 59 15 9 12 85 87 16 84 84 3 51 3 84 48 11 85 92 79 3 65 91 66 53 38 77 15 19 41 32 32 42 41 12 27 6 64 57 29 76 23 31 71 99 45 72 39 73 31 51 99 2 8 57 87 100 93 55 71 29 25 94 60 24 50 58 87 24 46 93 33 41 33 56 14 22 61 75 95 84 12 24 12 30 41 53 41 47 3 90 92 31 61 84 11 92 43 94 9 89 56 62 97 89 81 76 54 23 93 84 34 27 19 54 66 70 52 52 95 8 90 65 59 20 44 21 11 25 33 96
82 38 69 48 37 20 13 92 4 44 0 83 94 48 4 37 5 42 64 30 17 51 31 9 6 94 76 71 1 36 47 22 34 6 87 25 91 93 36 30 88 81 77 54 57 17 51 94 17 93 44 61 22 54 42 96 61 30 4 27 56 24 68 25 88 62 11 50 34 98 33 65 64 52 96 26 78 70 90 3 79 70 60 54 24 74 82 44 89 93 12 4 26 90 14 6 18 54 64 16 13 19 83 15 72 55 43 51 68 7 83 76 29 42 45 88 72 61 47 4 17 49 72 21 72 26 50 7 21 3 9 26 36 34 41 6 0 84 95 76 60 84 5 69 23 41 73 60 27 56 94
95 64 67 3 25 28 33 79 63 91 96 99 52 8 43 11 10 57 82 44 48 76 57 3 12 88 90 83 20 60 38 42 70 59 28 33 79 65 37 66 87 30 0 83 12 69 14 100 19 93 93 87 94 69 78 23 72 44 94 35 61 77 64 64 64 84 74 98 67 26 1 63 16 22 50 50 96 37 68 89 98 78 78 8 5 6 76 84 56 93 80 14 52 66 35 40 36 0 78 24 85 45 6 40 7 3 40 58 64 16 67 1 66 37 57 75 75 38 16 53 91 57 81 82 26 83 92 18 81 3 69 62 57 67 100 78 15 100 74 31 57 73 89 15 70 45 18 88 91 81 100
25 38 25 82 26 39 89 95 60 1 94 67 53 2 39 66 86 4 34 60 72 15 92 50 41 77 50 14 81 23 90 96 51 19 34 1 75 90 26 60 79 48 60 67 8 100 96 59 58 63 83 33 18 81 59 19 97 54 36 12 71 49 67 57 17 84 99 37 2 3 100 99 80 21 70 23 88 79 49 50 61 42 67 13 60 65 98 19 35 76 66 72 4 48 54 78 63 13 96 38 96 72 22 49 63 43 35 36 55 39 73 29 40 58 2 46 74 20 5 90 95 89 34 100 5 90 16 61 38 64 57 3 11 34 89 62 43 91 47 73 74 19 77 78 4 36 54 68 56 77 2
7 29 17 33 29 41 75 47 98 65 33 12 99 67 89 79 49 77 69 0 79 62 94 11 26 60 36 5 8 59 79 26 19 5 59 76 9 23 22 93 68 11 98 50 23 46 89 36 17 53 2 55 36 57 83 11 16 17 34 75 51 58 52 92 74 86 43 50 38 95 8 23 85 9 50 55 47 44 8 29 100 50 42 67 41 67 99 95 75 89 29 52 74 2 33 49 50 35 48 91 28 53 62 65 39 54 4 47 13 79 75 93 30 14 98 45 47 24 11 65 26 6 23 40 33 38 63 19 94 41 7 82 26 14 69 38 37 94 22 97 48 42 84 80 99 87 19 99 35 71 35
55 5 35 16 27 11 84 8 90 16 22 100 4 10 3 86 54 82 15 86 23 95 25 46 97 32 31 39 71 64 92 29 86 7 83 53 76 40 34 12 37 20 79 73 100 98 31 86 78 94 58 66 21 26 60 47 15 29 71 45 66 30 41 24 37 96 50 41 9 86 58 65 84 0 6 83 21 20 84 57 0 73 96 93 32 63 71 7 8 4 90 84 78 32 20 94 48 38 94 2 45 37 2 38 4 8 54 57 23 96 64 83 1 72 75 12 27 5 97 28 73 9 61 70 53 5 45 70 30 47 40 34 17 47 24 81 81 14 72 85 25 27 20 45 88 7 38 90 74 40 52
81 18 97 79 90 43 36 24 59 4 84 90 5 43 80 99 76 59 53 42 34 13 14 66 53 46 17 85 67 2 54 94 65 23 43 78 26 50 85 59 28 87 58 46 94 91 49 94 28 99 13 47 8 27 1 86 35 12 53 50 96 11 26 68 85 65 48 37 8 87 50 77 75 17 36 49 39 81 31 25 95 60 89 84 100 91 93 14 0 18 97 9 39 48 73 28 30 20 15 41 21 59 37 87 71 13 9 19 68 22 31 69 9 98 58 52 40 27 48 23 68 46 95 8 49 98 55 10 50 34 35 20 18 75 73 18 62 27 5 89 89 83 73 86 38 21 44 83 28 25 0
4 53 62 92 47 71 51 58 1 52 26 53 32 72 5 35 46 27 66 72 11 56 98 41 68 12 81 18 38 46 11 40 52 40 76 37 98 35 11 5 23 25 22 89 77 83 98 75 93 83 11 26 42 42 68 21 45 92 59 46 51 32 74 88 9 31 50 65 36 29 34 43 27 25 46 38 0 20 96 20 89 0 93 1 6 13 82 7 60 35 6 57 3 3 16 2 91 15 15 83 7 72 54 29 65 27 9 72 63 66 99 43 62 59 51 98 61 59 66 65 22 61 78 99 28 41 100 81 55 34 0 98 92 1 39 56 40 78 15 49 37 44 39 10 18 10 7 33 14 14 94
35 57 50 9 52 100 62 3 11 48 75 67 80 28 95 77 11 5 75 86 92 9 40 32 41 42 43 40 50 55 62 0 88 13 67 48 14 100 100 2 16 1 9 9 78 1 13 79 93 16 80 24 87 54 63 85 48 24 24 15 91 13 50 3 93 1 73 45 12 49 88 94 88 15 89 86 37 23 17 71 5 34 82 24 77 74 33 53 3 56 70 66 47 3 97 89 38 26 48 83 82 40 55 41 61 14 71 100 40 11 99 34 24 64 94 11 100 44 89 35 4 24 76 9 19 73 78 48 54 19 92 36 88 42 82 50 18 7 61 100 67 75 59 78 81 43 88 51 36 58 69
4 46 26 80 78 70 3 46 83 38 46 64 43 94 2 91 33 45 87 1 85 46 94 77 89 58 98 17 50 82 5 57 55 49 70 33 68 57 85 93 62 17 75 84 10 9 18 24 22 72 46 50 43 19 30 87 1 81 89 57 49 28 19 51 92 22 27 3 42 50 37 71 14 38 15 70 91 95 48 14 99 40 23 59 32 69 2 70 50 60 55 81 76 60 24 41 31 74 51 94 48 37 32 59 96 24 54 24 79 54 36 40 80 13 43 98 90 30 30 26 11 72 34 74 74 21 23 15 12 15 57 26 38 26 37 2 62 39 94 97 39 17 23 42 84 16 45 43 98 15 54
6 72 100 2 72 11 79 39 72 71 50 16 57 57 16 52 69 1 49 92 84 37 65 34 86 88 0 98 11 49 68 82 83 86 66 71 40 41 57 83 98 64 16 19 87 93 78 9 92 0 95 35 29 35 54 4 23 12 26 15 75 14 78 12 37 68 60 67 64 64 37 34 46 25 54 65 95 39 56 96 87 65 23 36 72 21 34 74 26 60 99 77 23 42 29 49 96 80 87 91 92 52 0 90 28 96 76 79 21 32 52 85 47 8 31 54 58 60 85 0 26 80 63 13 16 16 7 91 70 95 15 85 35 94 77 62 81 40 72 85 38 60 49 90 18 40 0 4 74 95 24
31 3 22 53 44 69 81 8 26 48 9 2 99 88 45 45 36 68 85 30 57 65 42 0 89 63 62 51 44 70 71 8 19 4 48 51 98 71 23 94 98 14 22 7 46 0 95 87 23 29 97 62 19 85 79 4 82 23 74 17 68 67 38 77 9 40 2 26 5 30 28 40 57 85 46 51 29 99 68 83 66 47 19 94 46 55 57 17 87 14 94 100 92 82 73 50 3 16 33 86 66 29 55 60 32 89 60 36 15 84 26 97 67 38 96 59 9 77 62 76 20 48 39 10 4 98 4 41 12 42 24 7 95 38 54 68 30 57 93 73 91 31 78 9 42 71 77 58 25 63 52
91 49 56 42 76 85 42 100 28 66 82 37 20 37 43 68 51 52 68 10 57 18 89 63 35 41 83 28 7 71 0 26 14 90 60 6 16 14 4 77 2 27 44 32 66 36 55 33 35 67 95 37 28 92 52 91 1 92 20 51 72 45 29 27 15 62 64 100 14 30 62 0 94 28 87 94 65 24 36 97 55 8 1 92 74 62 3 82 11 100 27 47 94 26 86 49 10 82 9 86 17 93 37 31 23 16 43 10 55 35 76 50 32 35 78 96 23 80 25 84 22 64 8 0 22 68 24 85 83 44 73 80 92 30 42 87 36 61 52 42 95 98 84 99 72 99 7 36 6 53 28
16 1 1 65 15 49 46 64 19 50 47 64 67 49 38 38 15 93 46 28 100 72 91 84 46 42 72 81 19 59 81 38 43 1 36 40 94 4 80 94 8 51 48 62 78 43 83 76 69 19 38 73 37 83 50 40 6 44 30 40 69 48 62 56 97 37 66 30 27 78 82 38 22 8 84 77 94 95 35 70 98 47 100 69 62 87 59 60 70 87 78 41 49 33 32 84 31 0 19 64 19 85 54 39 63 51 50 6 69 55 94 38 39 41 81 61 28 12 15 70 10 70 11 34 56 87 26 72 88 6 7 94 28 24 75 65 29 42 41 13 6 30 86 31 48 33 57 44 44 100 89
60 16 67 75 46 27 90 20 96 42 66 52 65 27 37 28 41 70 79 61 64 81 41 51 73 20 34 96 77 42 60 42 82 77 68 77 78 49 70 38 38 27 27 89 98 48 29 98 52 1 48 100 6 59 97 43 25 43 56 94 84 38 57 24 96 47 79 17 55 62 27 73 50 22 84 20 76 55 61 94 50 40 35 52 52 5 91 2 34 71 48 78 30 36 26 38 18 19 21 5 36 38 11 75 74 14 46 29 95 26 17 54 37 10 59 26 45 63 51 15 19 7 75 4 26 37 75 56 2 34 18 97 91 1 82 64 24 63 92 27 4 100 42 15 19 60 42 60 35 39 8
72 6 75 60 33 48 66 7 92 54 5 66 23 26 15 35 72 93 51 16 50 35 55 42 4 33 26 85 84 79 85 38 70 68 27 82 96 65 73 90 92 1 55 46 57 30 6 2 76 95 62 65 30 17 37 22 11 71 48 49 90 99 78 26 59 82 7 32 5 33 46 32 34 3 40 9 42 60 20 1 80 51 59 34 69 92 13 97 58 32 67 20 80 36 61 39 61 54 35 68 70 79 29 19 96 100 92 9 16 86 46 77 22 37 96 23 35 26 49 4 12 44 30 46 9 0 70 35 31 98 43 76 24 33 38 43 44 17 29 89 17 45 5 58 57 12 3 62 11 94 30
40 17 89 55 2 82 5 25 90 64 38 95 58 38 49 76 13 28 37 39 23 69 42 87 0 47 77 22 72 84 14 42 60 77 32 35 7 30 73 24 58 55 57 30 19 77 13 16 70 86 41 46 0 11 63 89 37 45 20 24 85 1 63 39 52 68 71 100 85 6 96 60 37 57 75 68 0 4 22 91 49 7 89 19 72 66 25 37 3 85 32 16 63 25 16 28 46 85 37 38 55 19 11 37 89 68 85 27 30 25 39 80 74 85 69 54 27 97 29 49 85 68 92 89 49 55 33 79 24 26 63 3 42 82 39 5 13 43 48 4 98 92 8 94 49 1 27 70 73 87 94
23 77 2 99 26 50 75 32 96 61 60 5 43 55 82 39 98 0 97 20 26 47 61 45 15 48 81 42 14 47 27 79 65 82 95 100 2 67 50 50 37 66 86 5 15 51 46 76 23 14 1 60 41 31 97 28 27 93 61 45 35 59 1 5 15 69 4 76 100 19 20 32 0 2 95 88 90 4 30 89 27 87 16 65 4 42 58 81 79 94 64 49 38 21 68 80 41 92 41 73 12 93 99 28 57 6 40 39 15 59 66 65 100 17 7 46 36 86 25 32 64 38 70 89 25 9 47 36 8 33 63 90 53 4 19 22 83 26 64 77 80 86 54 65 41 41 12 8 19 24 82
81 15 23 61 14 31 77 36 56 49 83 26 53 85 72 93 53 90 91 29 70 64 93 32 74 20 47 64 74 74 29 83 11 89 94 88 99 41 94 16 89 68 46 43 60 14 80 26 33 21 15 68 71 41 68 11 72 77 90 49 51 45 77 69 44 65 58 22 96 66 20 30 32 18 73 38 59 43 85 86 70 17 17 63 65 8 77 22 86 50 26 30 41 75 50 5 7 67 52 54 37 24 9 50 2 70 61 92 52 82 99 11 47 30 7 30 9 27 100 24 18 66 54 14 32 88 55 84 26 35 4 70 1 82 14 75 41 54 84 69 23 18 36 66 91 85 35 36 65 49 60
59 21 60 77 53 37 41 49 43 66 24 47 56 3 55 68 55 75 0 62 53 27 59 100 11 4 72 90 95 88 9 3 79 65 77 98 86 96 65 75 36 94 43 21 21 9 51 2 11 20 6 97 54 84 60 96 30 14 41 35 81 78 100 42 10 55 87 49 48 55 59 19 37 0 20 16 13 9 33 80 97 53 3 57 41 82 53 83 26 1 30 78 93 72 30 13 14 78 88 91 16 40 89 16 38 99 78 38 97 45 2 56 94 90 33 48 11 41 61 27 23 84 23 51 30 45 28 33 78 53 75 58 21 96 83 90 69 21 58 10 24 36 38 19 35 44 56 39 25 1 18
39 92 6 55 90 88 1 52 74 94 64 79 62 63 25 54 87 57 18 100 88 99 49 94 18 11 8 22 11 45 57 36 72 6 27 95 17 86 68 4 8 81 35 78 98 47 71 26 44 84 22 25 91 92 36 24 65 99 24 56 57 8 20 81 25 52 48 64 93 51 26 86 70 61 82 31 100 31 49 70 54 82 39 90 26 25 100 14 40 72 49 16 60 55 68 32 48 81 61 15 65 88 93 19 3 74 15 95 74 54 69 75 43 24 54 30 19 56 8 14 68 100 20 15 33 46 48 64 33 77 38 16 66 20 15 87 43 60 91 50 91 65 21 95 93 61 98 71 20 43 79
100 58 73 9 33 76 89 44 3 85 46 82 25 60 67 72 43 17 84 44 92 45 69 52 57 43 89 3 73 4 46 84 78 84 55 85 96 8 86 86 53 84 75 10 34 92 73 78 4 6 1 83 81 98 27 95 45 72 75 41 38 26 4 59 4 56 66 9 72 28 67 78 85 52 15 23 51 88 55 26 100 21 31 6 66 8 23 3 69 22 100 90 91 88 24 38 49 95 22 40 100 9 22 57 55 42 76 9 22 83 85 78 85 19 64 98 88 75 94 37 94 62 49 85 70 76 20 78 99 48 22 30 93 65 46 77 76 30 10 65 82 86 2 47 20 26 24 90 3 23 52
99 91 60 84 13 40 1 14 97 53 32 58 22 57 15 40 15 5 23 44 97 55 28 19 5 89 54 69 56 61 24 26 75 87 13 83 68 85 84 95 51 49 38 19 18 82 90 84 14 91 28 65 45 100 18 9 1 7 35 70 44 31 53 73 75 32 11 91 43 88 32 60 7 98 72 71 46 29 72 95 79 80 92 60 91 14 45 84 50 73 30 22 64 35 89 44 34 93 22 70 81 15 40 68 66 5 17 19 86 44 50 0 17 60 69 9 89 62 73 3 31 21 55 37 1 42 65 26 4 48 59 42 85 18 81 90 80 4 37 31 15 83 89 28 12 85 93 56 24 93 43
100 49 57 1 28 21 100 72 71 37 86 30 46 42 56 28 41 6 88 85 19 56 69 68 43 37 46 18 76 50 61 21 17 42 79 69 30 50 39 32 79 80 11 30 83 89 78 47 42 9 95 68 23 68 49 14 24 79 90 59 37 76 83 84 14 14 19 76 33 0 4 17 27 31 5 95 58 85 34 67 21 90 27 28 47 66 74 60 16 77 78 30 50 75 83 45 60 29 69 17 10 21 95 63 9 71 89 82 60 70 85 80 61 70 87 11 90 2 40 13 65 96 58 74 40 83 0 17 56 38 19 95 49 22 87 83 22 92 19 38 5 64 31 33 76 40 32 25 5 12 0
95 80 89 59 9 70 34 54 4 61 34 80 88 94 76 49 100 25 100 94 97 90 73 91 6 36 31 18 70 20 2 89 51 30 45 36 9 41 10 59 6 27 12 29 65 30 9 58 78 27 65 87 53 94 21 27 43 27 5 79 50 37 61 98 70 39 16 78 40 78 93 27 50 82 62 79 78 39 36 8 65 86 19 28 74 70 29 81 68 30 72 30 35 8 46 92 73 7 2 70 71 82 7 59 21 86 14 63 5 71 38 19 7 96 5 95 57 76 14 28 93 51 2 74 29 42 28 9 88 65 91 51 44 90 33 4 25 84 1 42 44 85 34 32 23 48 28 57 13 44 33
3 68 77 18 2 4 7 92 3 43 62 51 73 80 41 49 7 32 100 8 30 37 58 94 25 51 87 28 71 18 9 98 46 3 9 44 81 75 93 81 54 39 48 65 72 81 34 4 44 69 17 78 19 17 57 18 2 59 96 45 30 22 21 96 81 91 43 42 42 6 67 45 71 44 49 49 58 21 51 82 77 48 14 14 98 99 23 19 52 25 3 65 76 96 78 74 42 71 24 5 60 88 44 59 34 88 24 47 94 32 96 10 24 20 98 24 75 12 53 1 45 84 29 97 31 73 12 49 70 26 12 50 32 9 21 4 80 45 59 22 24 67 91 77 89 56 22 64 57 54 86
55 3 69 34 30 48 64 27 43 59 81 99 73 69 69 21 50 23 83 82 0 32 28 44 52 1 65 96 61 28 4 17 76 13 93 99 14 70 87 53 96 32 45 98 68 96 50 71 42 18 15 13 14 43 37 68 31 66 79 52 94 5 36 58 26 76 82 21 50 40 64 80 49 39 13 41 22 44 59 66 52 85 84 41 17 44 98 87 64 13 15 42 96 23 25 60 2 83 89 50 34 89 70 93 78 16 10 53 88 7 32 43 20 12 66 52 27 9 65 29 15 72 66 17 97 83 2 28 30 6 58 92 66 30 91 54 51 80 72 25 45 93 54 19 98 85 30 5 81 92 3
15 34 6 4 76 85 67 48 61 93 46 59 64 99 55 41 53 50 76 31 78 59 11 20 79 0 14 21 14 37 18 92 75 6 32 74 80 83 22 74 30 95 74 33 73 39 73 99 44 35 61 54 47 20 97 27 33 67 1 56 36 48 78 70 25 53 20 40 99 35 1 66 32 40 49 32 3 10 44 51 73 7 75 0 74 57 48 56 77 87 55 59 52 82 47 79 58 56 53 78 59 60 10 84 48 44 41 34 14 83 79 72 8 21 0 44 48 66 74 19 39 1 56 1 84 65 78 20 10 38 9 80 25 20 36 3 74 14 45 25 74 11 90 83 25 96 79 52 65 52 19
6 71 18 27 12 51 12 15 31 36 40 57 61 92 41 83 71 50 88 38 18 26 70 5 75 12 90 65 28 45 15 67 50 84 16 85 13 87 76 35 93 85 83 70 16 48 95 94 16 71 17 66 19 40 82 6 13 57 39 0 17 10 18 45 5 19 22 66 97 88 98 54 10 54 37 96 6 38 81 77 29 51 98 84 34 25 39 77 10 99 80 56 22 3 42 94 19 49 26 57 81 1 92 73 78 47 3 77 78 24 18 77 59 60 42 19 79 91 30 25 95 7 100 2 25 42 21 28 29 50 46 27 99 50 88 59 80 74 16 4 93 45 70 100 75 58 48 91 77 12 93
15 9 39 78 54 61 92 65 47 85 72 4 31 21 21 20 92 84 33 99 24 94 74 22 64 77 95 16 13 78 76 9 92 60 98 58 38 19 23 26 57 81 86 13 44 27 31 89 92 95 10 92 64 19 51 36 64 53 49 18 34 45 40 9 57 96 46 97 9 69 71 12 2 32 28 41 94 2 13 9 69 37 41 23 61 75 96 50 32 1 94 33 96 97 71 48 81 90 37 62 66 8 32 68 7 14 23 33 60 3 29 85 69 74 71 96 43 36 50 45 74 80 93 47 80 89 53 21 8 82 34 87 37 78 47 64 26 82 95 13 44 28 39 83 26 100 56 1 66 32 91
62 89 70 73 73 21 17 84 23 83 13 68 12 63 4 5 8 4 85 27 65 38 81 29 50 33 73 31 18 20 96 3 23 53 11 66 76 30 95 13 77 35 31 85 5 35 98 84 57 69 12 40 6 62 69 96 48 25 20 5 39 99 98 30 73 6 91 15 62 36 20 52 18 4 62 9 48 66 97 30 61 87 82 42 61 60 78 74 64 89 34 72 80 79 53 48 6 10 90 51 17 87 91 45 35 25 71 84 100 72 18 34 84 75 75 47 68 97 43 55 76 31 10 7 39 85 61 35 70 3 80 72 37 12 71 33 2 97 9 77 92 44 33 55 55 20 69 19 17 72 52
97 39 98 66 11 59 4 55 34 12 21 33 21 16 7 79 71 44 33 17 36 88 39 48 46 4 23 24 64 3 40 63 45 61 30 33 32 86 96 19 54 21 35 50 4 61 62 44 10 67 59 2 98 13 66 46 84 30 23 82 13 71 54 14 25 62 81 60 66 81 26 64 99 14 12 15 62 21 89 10 57 61 47 69 99 2 70 4 46 28 7 44 84 0 40 36 76 95 26 2 12 25 37 37 64 80 89 12 54 44 59 69 57 36 77 89 63 72 33 14 36 12 7 43 38 89 10 71 78 38 84 37 22 22 52 23 44 12 97 19 88 61 81 36 71 33 10 79 27 72 91
59 46 41 94 87 78 43 69 13 7 62 46 64 35 68 1 71 73 29 9 62 23 1 63 23 65 50 48 49 32 32 13 94 58 49 5 88 42 42 35 44 3 24 88 75 87 6 0 42 16 20 36 23 17 93 35 59 6 7 67 23 48 1 25 70 96 2 68 44 70 20 78 83 44 94 36 28 97 36 53 5 97 94 72 59 39 52 45 13 62 75 1 6 57 83 4 6 100 32 65 9 66 67 86 22 20 77 74 91 13 52 0 51 78 95 54 55 89 74 11 82 45 9 6 78 41 53 33 50 97 84 99 70 50 84 36 38 14 24 89 77 0 33 10 17 75 84 58 72 83 4
18 40 89 51 98 10 25 10 93 69 90 75 55 97 60 88 43 46 19 49 55 65 72 91 34 61 88 42 35 32 72 61 26 50 37 90 83 92 72 31 93 37 19 39 96 20 74 66 28 61 76 64 11 92 86 48 63 10 43 88 40 46 1 26 8 41 80 30 38 15 45 62 89 61 29 49 52 39 80 25 35 5 50 36 17 19 97 58 57 19 4 85 47 37 43 50 85 65 69 20 17 1 69 90 58 86 28 95 99 79 19 96 23 58 12 40 48 21 31 45 19 25 19 22 21 4 47 18 34 84 23 2 53 33 75 58 1 83 7 17 80 23 67 53 15 56 48 98 91 48 13
46 89 0 61 91 94 87 54 68 34 35 72 15 10 90 12 76 69 85 13 91 54 79 36 72 39 60 55 70 44 17 19 82 8 35 43 67 36 32 65 73 4 78 49 19 56 45 15 50 81 39 76 30 53 48 34 89 79 93 74 100 42 98 40 79 84 73 100 90 46 44 58 25 5 5 89 28 75 98 72 5 9 97 6 95 10 76 46 69 36 1 83 16 69 17 51 31 54 91 4 2 14 6 96 29 85 75 57 5 66 8 3 78 45 24 44 60 66 25 89 7 25 62 42 72 34 22 76 71 10 90 85 89 0 0 48 95 5 49 14 92 95 57 91 89 30 12 31 53 57 20
90 10 59 26 59 27 74 5 81 40 65 24 22 75 86 65 42 16 58 57 87 54 100 52 9 12 90 95 42 73 76 70 70 54 61 2 78 76 47 2 72 94 37 78 2 64 40 2 41 26 61 72 95 94 61 9 81 25 96 30 12 18 71 74 89 47 77 58 7 79 68 40 66 82 27 20 100 33 27 49 66 61 21 1 82 97 6 98 24 0 86 72 99 72 52 47 11 99 100 35 43 60 26 71 21 79 4 49 18 16 75 64 50 37 36 97 51 59 29 48 94 74 20 26 99 82 72 87 13 12 1 18 74 33 12 43 6 1 12 29 77 22 9 22 16 92 93 30 39 62 16
79 22 25 65 37 69 14 74 23 77 62 46 94 41 27 46 67 75 73 20 47 39 96 35 80 8 17 88 50 34 1 8 44 4 59 63 32 92 100 86 42 67 21 81 30 85 62 69 10 26 2 7 65 100 25 93 44 3 55 93 97 59 23 52 43 83 53 15 29 71 37 23 39 21 83 9 74 50 2 47 39 39 34 18 86 52 52 34 5 20 99 93 100 53 77 49 20 1 95 26 93 100 32 96 13 0 10 23 28 55 69 28 27 82 32 27 4 22 28 8 8 14 73 58 90 81 24 46 26 56 25 29 79 44 52 35 2 0 57 50 98 19 79 86 8 38 97 96 1 25 70
58 27 78 4 76 5 25 29 89 98 44 18 5 84 94 59 0 34 32 85 46 22 97 62 52 7 92 31 42 32 88 66 21 17 97 78 81 65 90 32 1 11 14 71 90 75 55 10 17 76 4 45 93 96 57 11 79 91 53 76 33 8 63 71 95 73 59 12 86 5 22 17 38 94 32 95 43 47 31 16 40 57 18 13 7 70 15 46 96 9 71 90 27 15 33 80 49 15 93 23 66 89 52 86 33 29 30 31 97 55 43 28 52 86 77 41 20 45 8 25 24 81 53 66 66 70 73 24 68 96 23 88 57 93 91 26 20 97 91 44 14 47 24 60 58 85 51 48 27 22 28
54 17 41 54 100 58 36 64 43 41 87 80 7 5 95 52 8 33 82 88 66 79 87 39 97 92 50 65 41 9 18 92 22 80 76 56 81 60 70 11 61 22 28 65 23 65 71 33 10 11 73 0 85 87 50 10 2 58 15 32 26 17 14 1 93 35 5 30 88 52 94 65 42 65 65 31 53 64 98 47 44 40 52 100 69 55 64 89 44 0 94 58 85 57 14 55 94 67 13 99 20 11 63 44 82 89 28 11 56 39 87 30 90 0 86 47 73 36 24 93 40 26 98 86 82 47 64 61 46 89 33 79 50 28 40 34 47 24 61 0 63 6 62 96 50 67 70 40 57 33 15
56 99 31 100 23 47 2 19 10 8 65 86 33 45 94 39 79 47 66 2 77 38 10 50 84 11 17 25 89 48 10 30 97 97 55 70 7 82 33 67 39 66 79 23 21 7 90 31 29 91 29 87 11 95 53 90 97 52 26 20 21 84 1 5 26 46 0 10 16 90 48 38 20 16 5 63 3 3 63 13 33 57 93 77 71 17 76 85 91 81 22 63 19 64 11 91 3 15 67 0 43 6 17 96 41 5 42 45 13 88 58 15 71 95 32 30 57 22 27 95 94 57 45 63 34 50 77 72 41 52 23 93 44 30 16 52 40 6 42 39 49 23 2 29 14 18 9 60 70 44 44
20 45 44 85 86 19 74 100 6 1 85 93 33 28 25 77 75 19 57 35 81 67 32 34 46 70 63 33 75 14 1 30 15 79 47 54 56 98 84 50 16 94 38 50 36 7 81 15 61 50 25 37 12 4 93 71 30 2 39 64 83 11 51 1 75 14 3 41 55 64 7 12 33 23 97 41 80 22 34 40 60 6 95 60 55 64 62 65 49 77 86 99 99 87 22 44 92 89 15 69 40 40 37 76 10 44 84 38 77 39 26 22 0 71 30 0 99 96 51 86 50 40 14 66 81 37 29 91 32 75 45 77 57 88 39 71 100 89 41 7 90 19 88 17 70 58 8 15 69 27 28
