0 0 60 88 27 7 24 85 38 19 32 44 85 7 22 74 38 52 79 73 49 50 52 36 20 3 95 11 57 4 98 41 42 87 48 52 6 51 96 75 78 44 58 8 78 34 10 85 23 14 4 67 75 11 86 72 38 85 29 78 41 32 40 15 83 28 99 54 76 97 67 20 35 28 24 80 38 40 62 82 56 9 66 76 17 64 71 7 68 67 35 46 54 64 1 19 45 22 20 75 57 20 9 64 8 69 23 81 38 16 29 30 100 89 37 45 94 94 87 44 70 68 44 57 53 79 36 43 88 71 78 29 12 40 11 29 29 80 88 59 5 29 12 82 31 16 48 5 78 91 96 5 0 33 58
34 42 57 91 6 10 47 68 8 0 98 44 90 73 97 55 7 4 100 39 67 51 18 99 93 87 50 60 31 36 62 31 72 29 3 46 20 79 96 73 30 15 39 30 8 89 50 8 52 28 25 75 41 95 56 61 69 19 1 20 22 82 45 88 86 23 89 75 39 93 33 92 9 69 94 23 76 76 93 2 66 91 88 59 62 92 53 88 65 44 58 6 3 75 46 33 33 50 12 65 13 24 44 60 36 67 12 32 93 63 46 84 65 45 25 51 11 76 9 26 48 54 64 99 35 41 14 21 77 23 33 54 97 3 33 72 0 49 5 41 56 91 53 49 7 8 87 91 70 37 49 25 0 18 78
41 14 58 94 39 42 48 18 10 55 84 77 60 93 19 21 36 15 100 42 3 37 44 88 19 71 85 50 86 16 30 27 26 73 98 9 83 95 54 34 42 18 60 56 83 2 75 94 84 61 11 77 46 97 6 13 94 9 19 66 61 88 4 20 99 27 41 20 16 10 47 73 74 62 66 46 92 50 13 16 40 39 16 100 41 60 65 73 64 5 7 42 15 50 31 97 40 67 56 23 3 2 87 21 13 90 13 35 81 40 76 17 91 50 56 20 38 43 67 65 30 77 92 5 2 45 4 15 46 85 87 74 37 58 69 18 77 43 1 40 32 65 95 88 5 83 85 8 29 48 97 17 50 31 95
97 85 7 13 95 38 52 69 77 21 41 6 74 12 9 26 2 89 11 20 48 55 9 85 53 55 100 90 87 80 53 52 35 14 6 65 77 14 40 10 13 99 27 81 68 13 95 46 37 100 95 69 31 47 61 100 70 45 21 85 54 5 59 61 8 48 34 60 12 99 87 21 93 49 81 40 85 77 61 63 58 28 20 70 14 25 74 2 78 61 43 90 70 2 70 13 27 91 89 71 13 35 86 96 0 89 85 89 80 55 10 35 97 12 40 85 97 16 60 79 93 78 68 31 35 49 55 81 28 57 40 68 57 31 59 43 27 54 35 62 52 96 62 84 20 34 58 83 31 50 76 30 46 25 58
68 64 74 4 51 27 100 30 43 78 45 91 40 72 29 66 10 67 57 33 36 37 92 32 38 91 73 37 33 89 37 70 91 71 79 48 86 100 19 93 13 40 21 24 48 79 56 95 44 78 79 5 47 36 56 73 91 89 92 77 53 78 54 80 79 87 48 82 70 85 38 67 95 35 46 90 47 68 44 6 65 2 67 44 48 22 64 28 98 9 9 82 49 87 47 5 99 1 47 46 3 31 49 94 10 66 90 13 100 93 7 46 97 89 42 88 16 98 12 34 62 31 85 4 70 64 44 50 52 74 82 81 45 1 12 56 97 28 38 43 59 0 26 23 72 69 61 16 2 6 24 26 5 53 31
60 41 100 49 99 46 88 86 55 10 94 90 38 45 76 91 42 2 98 68 37 13 95 57 16 8 43 79 15 53 25 60 27 93 59 18 30 96 32 65 14 39 2 46 70 42 13 63 71 19 30 71 1 72 17 37 29 89 33 15 53 16 18 21 57 98 15 65 12 37 11 40 42 30 20 45 83 66 90 10 7 78 5 96 37 80 34 68 74 91 31 92 15 48 72 80 15 91 47 39 70 71 37 40 9 36 96 21 66 52 53 76 34 69 31 82 84 6 86 24 90 55 76 33 21 10 86 6 70 15 60 69 60 44 5 35 83 36 3 9 81 32 29 37 59 99 0 59 63 27 92 64 33 56 97
3 31 75 95 42 87 27 65 20 39 41 55 7 14 14 27 97 23 59 72 64 29 26 0 28 98 98 52 12 69 11 23 41 48 15 51 69 37 64 34 47 11 86 4 46 83 18 48 95 3 47 70 40 39 12 27 7 49 83 6 9 31 11 62 46 4 65 77 54 24 93 98 2 86 41 85 34 71 83 72 1 91 14 66 9 29 77 16 20 77 39 51 76 38 12 31 72 46 23 55 13 78 91 81 90 50 41 30 85 85 22 35 88 39 86 72 62 98 8 9 88 62 53 89 72 26 7 63 26 99 78 65 78 69 37 27 20 3 1 28 61 50 27 60 31 85 90 80 43 75 11 15 68 94 32
35 8 27 81 56 5 46 53 14 18 90 70 59 71 46 93 50 3 23 45 31 27 22 91 78 41 39 58 81 1 87 30 80 21 28 29 45 89 65 7 43 24 19 79 82 0 17 12 43 27 87 52 7 84 89 58 100 92 4 33 19 63 74 88 19 15 36 85 65 41 85 33 80 74 76 49 18 54 11 93 48 83 24 13 75 87 14 49 0 91 71 92 13 57 63 8 87 30 94 47 15 4 10 86 47 90 51 55 81 84 59 26 51 80 67 20 22 43 28 2 69 52 54 95 55 98 94 84 60 80 96 44 59 86 58 20 43 38 38 68 67 72 71 79 58 59 39 71 89 100 4 11 30 59 15
35 91 84 20 22 12 53 49 72 87 63 38 27 96 4 93 82 36 69 57 67 78 100 46 28 25 57 33 7 49 47 99 0 30 75 85 78 90 11 95 58 98 5 56 94 7 17 65 6 51 90 76 90 87 57 40 2 56 62 45 33 5 28 57 96 14 82 98 12 15 52 15 75 6 48 80 60 94 86 5 39 77 57 67 95 73 37 89 31 32 23 67 31 100 97 57 10 63 52 92 20 10 75 60 62 36 22 79 41 36 40 0 68 67 82 47 10 29 90 48 26 36 97 92 42 91 62 48 15 60 76 60 0 30 61 67 32 70 12 59 23 34 92 69 31 48 68 50 78 36 0 47 75 82 23
4 31 64 32 73 80 23 92 47 77 11 30 13 17 3 16 16 69 85 71 54 90 13 61 86 65 68 78 13 99 49 71 71 3 0 92 67 49 67 98 81 90 0 21 87 1 85 34 30 13 74 49 69 76 33 73 30 68 72 74 74 31 79 40 4 95 9 21 19 100 68 23 2 8 48 63 74 95 19 3 28 10 57 26 39 84 14 19 97 6 5 96 14 65 25 1 56 3 5 84 37 52 34 83 34 81 66 87 79 74 34 100 84 32 76 18 12 85 46 42 48 78 66 94 28 4 9 70 19 61 4 21 15 39 84 37 86 92 41 88 61 50 18 96 48 73 96 67 72 80 53 35 48 2 80
42 22 48 96 71 37 77 96 70 44 58 1 57 2 31 9 28 93 8 61 11 42 89 0 8 85 36 31 86 63 57 7 28 41 77 79 99 23 83 4 73 65 84 17 67 28 17 52 60 58 87 93 56 26 22 92 53 84 86 46 61 86 74 0 76 12 33 71 64 12 55 95 70 4 90 33 53 49 28 4 62 49 52 34 70 53 91 22 88 7 70 29 18 30 65 99 9 92 61 16 63 64 30 94 24 74 18 20 1 44 60 67 7 47 18 32 18 47 19 18 97 79 81 24 10 32 88 44 25 77 62 13 24 72 60 0 58 34 97 20 94 45 33 81 9 22 71 48 78 40 53 34 14 86 21
8 48 1 84 44 52 64 87 7 2 57 49 9 63 99 80 7 22 65 92 82 75 37 6 25 98 31 91 33 28 8 42 16 95 94 60 59 59 10 48 27 60 72 1 6 78 16 16 26 70 13 71 23 78 81 99 27 66 86 46 70 46 72 6 19 33 45 92 71 90 94 83 99 50 30 39 87 77 50 1 74 86 8 38 33 25 39 18 68 86 35 8 67 96 29 34 23 48 16 67 59 39 91 61 70 84 4 27 68 77 61 14 24 51 78 1 8 82 94 39 2 73 50 69 11 29 68 70 75 6 19 68 87 8 71 56 28 67 32 68 83 46 53 15 37 14 12 69 19 46 49 10 17 59 11
32 50 72 86 65 69 58 7 17 80 18 16 93 93 64 57 74 93 86 19 49 14 26 85 93 41 81 9 75 93 82 38 45 95 88 3 16 87 3 55 60 5 76 97 24 24 54 26 7 94 3 62 11 63 5 1 92 55 72 2 67 38 47 96 43 26 45 89 89 15 46 42 36 88 81 14 87 23 1 92 74 67 40 100 24 29 35 12 56 89 33 57 21 58 25 76 25 74 27 61 67 76 39 76 24 58 45 32 75 27 86 65 44 65 16 55 9 98 39 39 17 61 51 41 3 60 0 0 21 30 9 78 61 64 40 55 25 66 56 54 1 96 5 10 74 62 96 28 25 19 25 28 37 70 58
24 78 39 29 79 38 94 16 71 5 49 61 44 56 55 47 49 32 88 75 90 31 38 10 29 18 54 35 66 41 33 55 28 37 3 95 18 84 89 10 90 80 58 57 41 34 77 21 14 42 95 43 88 11 27 20 96 71 0 61 84 8 94 4 49 76 84 78 3 35 74 12 92 98 54 60 27 60 53 6 31 47 58 26 80 99 67 26 83 87 23 38 93 45 11 31 31 61 46 18 20 46 0 3 83 12 50 48 43 60 25 67 75 4 34 46 12 64 93 73 49 15 51 88 28 96 77 66 60 11 58 28 50 58 20 37 14 50 59 12 12 79 89 13 2 79 93 16 66 31 10 37 52 22 90
80 23 92 84 89 46 51 70 27 45 47 1 55 77 70 96 94 86 35 67 24 59 31 73 8 89 52 46 27 38 94 0 99 47 84 68 27 42 16 69 20 89 59 62 37 9 50 14 15 57 87 23 44 53 82 99 54 88 42 46 58 63 93 75 46 28 56 55 72 24 47 16 27 14 6 26 28 84 17 48 2 55 65 72 63 34 51 42 87 91 97 5 49 84 80 79 68 63 3 69 35 23 93 5 97 87 79 93 39 44 7 0 60 36 79 57 24 27 92 5 18 56 47 42 53 34 16 61 56 29 47 48 48 27 24 73 40 97 50 22 66 28 13 13 17 95 83 46 96 55 45 69 14 39 54
72 67 1 15 29 48 5 0 10 7 75 74 64 4 68 94 93 38 20 28 2 23 74 90 47 92 19 46 32 65 2 35 60 51 74 44 68 59 92 90 44 2 53 91 23 83 76 59 54 46 78 84 63 30 79 86 61 45 47 10 52 75 42 72 0 67 30 62 21 41 84 62 17 69 5 70 97 55 44 46 94 9 35 45 91 26 17 25 71 2 20 3 80 42 8 52 35 91 8 66 74 96 39 2 98 44 40 76 24 24 63 26 24 63 67 34 84 55 74 4 5 47 37 87 87 12 26 65 70 69 53 4 53 49 18 51 9 76 97 62 87 8 85 49 8 81 50 17 67 79 57 54 35 81 32
91 42 97 75 95 97 91 55 58 66 61 7 67 97 29 6 26 24 98 43 6 40 82 89 71 10 93 45 81 28 81 79 75 89 93 30 98 53 36 35 75 62 45 0 42 61 20 73 70 59 49 91 30 53 95 96 36 51 73 98 5 12 79 15 52 74 47 78 25 55 37 85 27 53 94 76 67 49 52 71 69 28 0 67 51 17 17 78 24 99 35 40 59 17 87 47 87 99 48 81 26 46 28 20 35 12 44 77 74 7 0 85 83 10 27 14 0 26 81 37 14 87 17 84 54 43 69 2 8 7 11 94 37 79 72 22 74 30 25 36 46 41 20 86 52 10 37 8 90 77 2 31 81 28 68
85 22 19 5 77 84 59 63 25 39 29 26 47 81 97 62 46 80 90 36 85 84 77 100 59 68 80 75 26 23 66 84 86 10 34 100 91 90 16 23 61 43 32 16 89 18 69 47 70 14 0 10 71 77 17 44 58 78 40 81 28 1 45 15 20 4 25 36 99 41 36 57 51 94 22 62 86 27 54 11 2 51 39 58 19 35 73 79 100 27 70 64 12 21 84 94 53 35 12 40 89 1 82 12 12 62 65 6 20 55 84 17 22 25 76 47 79 27 47 4 84 48 56 89 32 70 51 73 62 52 55 25 0 85 12 11 16 87 41 74 56 23 51 22 29 81 26 44 87 77 31 90 25 1 22
53 8 28 5 26 19 72 88 26 19 38 96 23 100 32 13 89 34 67 70 54 94 88 6 95 6 14 32 57 91 51 32 27 39 29 65 63 13 32 57 22 14 50 89 85 25 33 87 68 35 69 71 91 57 87 65 12 24 87 86 36 91 49 76 22 53 98 76 97 59 17 43 41 41 98 33 19 2 41 62 35 88 77 21 71 50 54 39 19 85 7 99 13 80 30 58 12 76 90 65 71 17 29 7 69 50 34 10 56 72 14 90 92 81 27 77 7 93 26 57 68 48 73 18 49 55 23 60 86 27 78 3 73 30 53 78 29 48 79 13 72 62 89 21 19 67 43 61 58 8 87 42 22 47 69
15 55 37 34 94 87 27 67 99 88 67 96 48 53 99 39 87 2 86 60 37 87 42 99 18 88 17 7 18 1 74 31 33 26 52 73 46 52 23 60 99 84 54 67 29 66 24 6 2 8 53 84 95 31 11 55 53 86 4 20 42 91 83 57 52 41 62 95 29 10 3 16 63 52 51 99 35 65 22 49 61 80 26 20 64 5 44 5 0 21 33 56 53 28 40 49 84 76 90 54 8 72 57 100 29 17 49 39 61 82 34 10 66 54 50 13 25 99 77 99 34 89 43 5 24 93 26 62 15 78 14 10 19 58 91 52 49 79 69 20 56 66 79 94 51 97 39 22 25 98 71 55 19 58 61
47 4 20 79 37 57 16 86 95 55 53 57 45 63 50 72 50 11 81 95 84 60 95 51 73 62 72 31 54 25 70 13 10 17 76 27 55 92 5 28 21 28 80 92 35 98 87 15 29 49 73 91 19 22 73 15 44 30 7 97 56 18 64 77 8 21 23 18 58 44 31 55 26 21 83 48 47 19 13 22 67 7 8 20 4 7 57 15 32 88 80 17 82 1 90 89 47 68 1 68 55 83 41 52 18 13 20 58 49 20 3 50 6 100 10 55 16 55 99 76 73 17 40 88 76 95 84 82 46 40 29 100 20 40 65 42 86 15 98 55 19 15 7 26 64 100 35 57 56 44 76 54 28 14 45
77 97 36 58 95 18 56 27 55 45 96 50 30 98 75 31 26 96 70 6 67 59 6 72 65 38 69 100 43 90 2 75 92 90 61 61 33 52 98 22 36 3 66 88 67 82 44 60 54 45 18 6 60 47 26 36 58 62 69 49 94 11 99 70 53 47 67 24 95 54 30 10 72 46 14 60 65 35 2 43 87 84 86 35 7 79 98 61 51 50 55 51 20 93 53 74 12 94 55 72 34 61 51 7 89 67 22 64 77 30 61 93 12 8 95 44 3 4 8 9 45 91 41 63 75 68 18 14 85 17 30 92 44 56 19 40 57 33 37 36 94 68 63 61 36 0 32 83 14 29 13 93 58 47 10
31 28 73 77 12 58 45 55 82 8 61 49 71 48 38 21 88 44 38 24 60 0 55 38 72 8 7 28 61 17 55 65 26 99 52 99 20 89 33 26 23 81 61 25 57 85 21 40 77 98 34 32 53 48 98 49 65 73 86 34 54 31 15 37 42 85 48 94 89 3 87 23 7 75 97 78 58 32 80 83 67 74 35 94 83 3 92 47 82 5 55 52 36 96 83 51 14 78 43 52 90 55 22 53 32 98 31 74 63 80 37 23 58 34 18 64 87 34 62 41 20 57 76 31 28 89 64 90 5 21 78 81 28 92 58 8 78 33 8 38 97 11 53 81 24 29 89 36 25 91 41 29 7 7 71
25 3 62 48 3 67 85 13 26 27 82 9 7 3 33 37 82 18 81 33 94 13 58 5 70 80 96 49 91 74 71 25 57 89 55 27 36 7 46 20 27 51 90 13 28 47 88 95 32 72 46 2 97 19 82 51 17 61 4 58 16 41 16 89 72 78 5 94 28 95 76 68 69 66 91 28 21 77 7 82 13 45 72 26 71 46 74 39 86 49 72 83 26 65 35 40 72 68 56 0 5 22 100 93 13 74 77 23 84 62 40 24 39 21 23 30 54 41 32 72 96 74 76 32 91 64 33 60 68 41 41 28 11 65 62 2 50 14 40 77 78 75 4 99 31 68 60 2 30 86 41 17 86 2 42
60 69 23 90 100 29 44 88 33 27 9 50 21 31 19 99 91 58 29 7 64 24 80 55 68 22 93 32 37 23 76 11 64 99 71 11 24 72 43 58 73 68 65 37 89 45 48 47 93 67 22 31 49 44 7 26 24 79 74 0 83 53 6 58 78 95 92 93 50 3 23 75 49 60 84 47 26 21 34 87 15 99 16 63 30 32 4 31 66 63 19 21 6 55 59 31 20 77 2 65 28 61 49 32 62 8 60 33 52 42 69 57 72 46 94 23 30 52 80 49 87 52 92 51 36 30 94 28 87 29 33 80 64 79 92 12 43 21 0 68 66 67 58 78 84 29 34 59 51 54 80 17 17 97 75
71 49 72 67 93 18 53 10 0 56 99 24 13 12 45 13 71 24 75 30 3 94 46 79 88 72 38 85 7 15 35 22 87 27 15 1 40 36 99 17 87 18 13 29 15 52 85 96 60 13 69 59 100 77 50 26 21 66 53 40 28 58 9 59 89 2 9 81 68 0 96 97 45 38 29 38 17 34 14 50 48 72 33 71 55 92 21 49 28 39 98 99 78 47 28 37 64 32 72 87 4 46 18 34 73 38 83 71 24 14 1 0 88 70 93 52 48 1 80 7 10 31 69 42 40 12 9 3 44 77 69 38 58 99 80 13 18 78 46 20 43 15 75 23 53 51 16 45 39 23 28 0 71 28 97
76 25 99 7 21 49 53 71 91 49 53 23 6 91 25 70 51 23 15 75 82 90 15 57 37 53 36 89 16 26 43 57 84 34 23 2 47 55 46 69 67 46 1 9 79 56 33 67 7 44 19 44 86 87 86 30 21 80 92 18 13 54 37 16 10 82 58 98 29 60 79 20 86 46 83 42 87 16 73 3 83 8 14 26 80 18 48 80 84 61 17 41 98 27 3 70 3 12 53 56 72 28 47 64 20 97 49 4 66 42 89 64 27 34 13 58 55 52 84 3 7 69 77 94 57 42 83 20 37 85 25 91 96 38 83 87 14 93 90 16 11 21 64 89 58 87 31 77 41 90 55 4 32 74 13
92 46 70 41 92 81 63 85 98 1 39 67 99 51 48 77 14 75 36 58 7 60 17 35 31 93 66 73 14 2 56 3 71 40 55 31 62 19 92 35 31 85 82 48 80 29 10 37 84 41 19 43 69 77 94 81 99 71 87 45 46 69 88 81 35 15 100 85 94 16 52 42 14 59 61 28 15 69 91 5 2 13 78 18 64 33 37 25 80 63 35 30 18 34 14 14 25 0 22 47 27 52 10 38 16 39 63 69 19 1 82 55 39 39 70 66 25 85 16 46 68 37 17 60 29 50 7 84 4 79 85 36 17 76 38 10 73 98 55 5 18 29 91 36 10 47 37 1 26 0 100 47 90 29 73
99 16 18 45 41 36 64 2 9 70 90 40 45 74 74 90 37 98 100 97 45 32 22 93 53 36 51 69 9 85 86 13 98 75 8 32 62 95 22 96 73 52 34 26 84 28 13 60 15 61 35 37 38 65 49 64 88 17 3 13 2 5 35 5 64 83 83 32 57 17 76 23 67 17 63 22 92 58 48 74 22 8 98 65 74 25 65 67 41 5 12 55 1 21 3 27 84 76 3 80 79 62 87 40 46 43 41 28 14 18 82 37 91 68 24 100 54 76 69 61 45 20 25 23 47 13 60 12 89 58 55 29 39 9 88 72 44 18 59 81 35 26 79 10 30 43 93 21 45 79 50 31 94 45 64
79 40 76 100 68 82 50 88 55 9 89 19 16 32 59 94 48 26 46 95 81 32 70 31 44 88 87 67 9 18 69 49 32 27 75 37 26 13 80 54 100 48 45 90 74 28 67 23 84 14 96 81 74 10 51 29 55 95 41 80 2 28 40 90 47 80 75 49 85 92 34 11 89 67 72 18 2 86 6 4 64 78 80 62 99 44 16 69 1 11 21 88 8 64 77 18 69 69 61 81 49 50 86 95 87 48 81 27 53 89 40 19 87 73 78 86 31 73 93 56 40 59 24 70 46 57 34 72 19 45 47 57 37 74 61 25 34 23 36 75 94 76 9 21 70 71 28 32 66 12 39 69 1 45 54
21 81 10 53 88 5 45 18 100 93 65 41 74 77 21 54 40 35 40 23 83 82 46 0 56 0 5 27 81 68 20 91 63 16 12 64 38 29 52 11 18 46 15 75 69 53 25 61 27 37 30 1 68 57 57 23 1 57 52 45 4 57 0 14 8 66 99 91 30 49 7 39 7 87 30 93 25 27 47 61 12 50 98 98 3 35 3 51 33 62 40 76 11 2 95 100 73 24 47 58 24 49 58 3 15 16 78 76 73 42 88 38 68 54 67 77 60 90 61 81 34 72 96 18 49 60 95 75 51 21 16 84 30 13 98 20 93 77 55 48 94 41 19 82 85 38 1 27 38 94 94 46 43 94 62
19 39 9 68 99 65 23 89 67 90 9 75 2 98 48 66 90 90 63 59 92 74 77 1 43 35 71 46 20 82 12 73 25 32 11 9 99 15 68 100 44 58 12 25 39 69 47 75 65 20 93 7 28 51 68 18 56 89 41 85 68 29 75 25 87 76 78 79 87 83 61 100 30 12 66 46 35 79 71 72 45 13 11 64 64 74 19 20 66 27 50 67 26 80 41 75 94 81 34 83 33 87 97 31 22 11 60 50 36 53 50 73 26 46 58 91 89 80 69 25 62 1 35 13 14 36 73 17 3 43 90 100 28 5 7 19 77 52 25 45 59 47 16 58 0 84 37 9 88 14 99 81 44 91 54
11 21 29 88 70 86 79 90 36 89 46 28 84 82 34 42 89 20 55 87 10 100 55 28 89 4 80 91 31 56 17 5 65 29 7 67 31 14 61 16 11 36 90 12 90 85 66 59 30 28 66 13 99 20 13 0 1 95 92 39 42 67 10 8 23 92 6 55 53 97 89 38 85 77 36 25 46 94 49 1 4 79 98 75 25 21 82 87 60 31 2 55 48 68 3 46 45 78 41 58 78 77 98 67 64 49 79 36 1 95 52 59 28 15 76 48 83 20 56 52 10 65 74 18 73 7 35 99 23 1 38 6 71 35 4 17 36 10 15 69 80 2 54 40 28 67 27 62 51 100 45 93 62 5 40
37 86 98 2 56 56 86 58 33 66 4 29 78 44 76 99 39 2 79 100 23 2 28 65 79 85 59 81 89 4 85 33 36 75 25 34 41 8 41 23 14 6 81 52 62 90 69 17 7 14 76 8 11 91 54 61 39 88 12 100 3 86 86 77 57 64 41 3 45 93 92 19 38 76 15 81 27 42 35 36 94 55 43 83 9 34 60 84 70 99 28 84 53 29 10 80 28 71 24 56 49 38 79 28 37 72 53 68 34 11 51 86 100 83 84 39 93 88 39 80 25 3 50 37 37 41 32 9 3 4 93 7 60 81 23 86 70 21 30 49 8 0 0 93 16 30 5 32 31 45 31 67 23 34 73
0 65 32 60 33 6 47 73 24 2 81 18 64 73 15 88 92 31 6 43 28 43 68 17 95 42 61 81 67 61 68 43 36 87 100 85 77 80 84 37 45 6 61 46 5 85 2 75 76 73 53 26 33 66 30 83 72 59 82 20 2 77 70 89 77 61 5 55 29 87 39 49 30 75 10 18 8 9 21 85 0 65 17 17 99 62 14 10 52 87 37 96 64 28 72 97 39 96 91 9 50 82 91 50 70 66 56 87 73 11 99 32 57 47 72 76 26 10 19 86 52 67 84 25 80 82 31 11 59 28 8 49 20 72 5 36 6 6 32 79 77 9 5 82 94 35 0 6 7 85 57 37 94 13 33
23 5 87 84 91 94 42 70 70 57 12 97 81 17 93 35 19 13 46 41 96 75 24 37 20 4 60 32 2 68 15 95 40 92 69 73 30 59 46 3 90 98 91 66 89 15 0 89 7 9 2 54 64 66 54 7 95 43 0 34 48 85 80 47 100 55 75 76 45 54 11 97 74 48 51 49 2 73 42 30 25 32 73 5 63 26 78 99 35 84 64 41 56 30 82 19 27 8 19 36 38 19 82 60 97 38 63 30 61 60 52 37 74 0 55 25 93 70 6 60 52 95 39 62 83 63 95 32 94 2 63 51 7 64 36 58 47 66 91 10 15 36 71 72 0 20 87 65 61 2 99 83 96 64 23
29 82 17 73 54 86 83 26 89 100 28 48 26 26 58 8 72 65 48 52 72 9 59 50 57 10 66 69 54 0 96 69 74 99 44 30 21 40 63 81 91 29 53 56 69 19 36 47 97 60 92 51 39 0 64 2 65 29 3 31 42 100 90 54 19 87 48 42 19 56 34 7 37 48 92 37 62 17 95 11 10 42 42 90 47 87 21 74 78 85 45 83 90 43 65 62 38 88 64 70 59 44 24 13 5 22 58 61 92 53 80 95 18 67 97 5 46 61 96 23 53 42 34 98 47 41 48 4 68 43 18 40 73 64 58 73 35 37 38 94 79 44 91 46 8 26 2 65 7 72 56 91 54 73 48
86 33 79 97 41 43 78 31 51 98 58 94 9 28 26 55 15 100 52 81 21 55 9 6 35 77 28 94 14 51 88 91 11 86 51 8 47 87 32 6 68 67 67 81 60 61 0 30 58 0 19 90 39 98 60 85 22 87 42 16 48 2 30 52 60 5 18 58 8 6 89 67 77 49 63 17 44 9 64 45 51 96 83 99 49 23 64 22 75 31 42 66 12 16 67 77 10 38 21 74 88 69 60 71 79 61 83 10 53 88 30 74 78 95 77 63 75 76 26 26 82 30 42 28 25 90 33 13 27 58 44 48 15 8 20 92 39 27 85 9 79 68 55 79 34 41 50 100 3 61 46 20 80 5 79
84 41 9 13 8 12 21 14 33 47 65 64 24 56 2 11 6 31 17 58 14 4 96 30 11 75 17 32 6 97 91 66 13 5 23 9 87 52 1 86 51 64 63 71 66 58 99 95 95 47 62 37 49 22 53 50 28 11 74 1 71 0 70 12 0 13 86 36 4 54 46 99 40 12 69 96 11 81 0 15 37 23 88 31 57 13 80 37 80 60 49 82 9 60 29 93 52 3 32 68 16 57 30 61 68 16 93 8 76 90 52 62 74 10 100 7 44 84 65 30 12 19 97 21 2 79 19 33 52 88 21 9 31 26 74 71 87 36 77 93 92 64 76 89 99 66 23 22 68 63 36 93 37 14 49
90 15 88 89 100 33 27 22 22 66 73 33 27 9 58 57 23 89 18 12 16 1 36 91 6 62 66 25 41 43 46 30 46 88 69 72 35 88 99 30 31 94 43 56 8 21 82 39 91 66 46 67 20 74 18 83 93 66 11 93 57 79 30 100 57 85 79 55 44 24 83 44 75 40 99 42 81 11 62 14 8 44 7 29 94 78 13 85 91 21 77 72 1 28 97 24 23 25 82 39 23 25 32 42 63 54 14 61 87 73 70 97 84 7 28 89 54 71 56 77 5 64 55 38 94 40 18 10 82 58 57 59 80 20 78 94 49 39 46 88 45 34 3 71 10 68 35 46 32 66 96 84 46 2 66
55 8 21 94 88 0 69 45 80 78 32 14 74 68 91 84 3 50 48 2 59 99 2 80 27 79 28 93 28 17 70 89 51 78 62 21 6 28 44 26 46 22 16 5 67 42 10 12 98 69 84 28 25 57 7 51 29 10 70 31 1 81 65 97 85 60 5 87 69 29 33 29 73 14 82 18 67 14 67 43 19 2 78 24 45 81 4 20 69 94 99 85 26 81 22 19 91 56 17 15 24 97 26 69 60 65 70 33 25 2 69 41 10 3 86 22 12 46 20 7 53 20 97 79 41 15 53 3 60 94 24 13 11 12 7 16 73 75 50 94 80 1 27 50 51 1 24 23 60 71 98 61 75 1 37
70 33 85 59 42 44 54 35 94 51 91 80 35 84 58 21 56 23 13 25 58 14 99 16 66 92 6 43 36 73 6 37 9 95 67 73 96 38 98 70 37 69 92 12 77 28 23 0 22 88 60 65 14 80 91 15 78 63 56 21 77 52 58 28 59 41 78 90 77 88 73 7 99 51 91 33 41 41 12 70 69 25 67 73 43 53 98 77 13 72 42 64 86 52 53 27 13 77 66 9 73 97 54 62 96 68 96 35 69 13 2 50 72 42 42 71 5 52 26 54 89 54 20 45 96 36 54 1 6 72 61 94 80 14 70 58 80 7 98 36 32 69 30 28 78 11 76 21 1 81 87 41 75 2 50
1 2 22 67 8 72 7 75 92 69 2 100 89 28 7 97 86 45 41 15 28 22 97 25 37 91 91 64 63 56 59 57 44 61 63 69 38 38 82 90 4 15 79 35 0 22 0 17 41 10 80 0 99 74 43 53 57 55 62 39 7 64 1 91 71 16 95 27 87 78 100 11 7 54 8 44 20 64 82 30 69 41 29 38 30 35 42 75 61 56 16 83 89 15 63 10 71 55 35 73 57 63 76 40 99 61 55 58 70 99 12 77 96 87 35 83 38 31 83 4 74 87 4 8 64 39 51 96 55 51 27 67 3 7 10 95 41 92 89 60 6 67 61 79 2 77 42 57 40 18 48 14 90 66 92
42 39 70 38 44 5 96 82 81 52 72 15 95 55 26 80 70 30 97 34 10 26 87 74 26 23 0 60 70 15 71 83 30 81 43 47 59 98 20 58 84 1 83 98 22 18 64 11 10 27 100 22 22 51 95 15 76 36 5 76 42 15 98 54 58 55 30 6 8 62 84 81 79 85 62 77 70 38 82 96 69 25 91 45 47 58 2 56 79 19 4 69 31 14 53 28 68 75 72 42 8 0 86 57 30 13 34 57 21 69 41 7 55 72 16 89 93 100 44 98 65 66 96 59 86 0 81 2 53 82 66 24 17 50 20 12 54 91 78 47 15 22 96 74 10 0 1 90 96 18 23 51 45 0 66
14 95 58 73 68 27 80 31 47 57 19 50 5 24 78 61 66 36 85 53 16 11 14 50 96 49 74 91 64 59 86 96 36 98 34 60 57 32 57 71 47 100 85 44 57 59 23 2 11 8 18 56 58 76 57 79 73 27 100 47 25 6 61 59 78 94 55 97 62 14 69 28 24 85 99 26 8 40 49 38 98 5 89 45 61 63 39 88 70 6 31 1 63 51 34 18 60 92 75 72 13 8 77 25 33 87 10 86 13 75 26 3 66 99 29 51 0 61 32 16 12 82 38 35 33 64 55 70 95 62 99 17 4 59 77 95 6 82 11 40 88 96 23 72 58 52 1 82 37 86 37 91 73 4 59
69 80 56 38 96 87 7 21 51 61 86 11 98 98 68 7 64 22 87 84 99 75 59 88 32 35 63 56 38 27 55 2 91 53 98 77 68 55 24 81 39 24 98 3 14 35 100 1 14 66 45 27 70 63 60 21 98 31 81 100 73 5 38 85 86 62 5 11 4 25 71 88 90 99 61 73 48 80 2 52 19 75 63 11 78 16 89 68 18 21 2 53 96 40 21 68 99 31 56 74 89 31 65 47 63 8 91 93 32 81 2 50 63 6 88 61 48 26 87 17 39 67 61 42 44 53 20 51 94 96 2 45 81 57 64 49 37 99 8 54 57 94 44 42 77 66 38 72 27 16 94 51 72 62 32
94 69 74 58 19 26 33 56 67 89 61 9 8 22 74 91 78 40 53 53 35 36 29 8 36 97 62 0 50 96 92 15 62 100 1 70 49 92 13 64 31 26 17 29 5 30 93 85 89 3 84 17 65 46 22 78 15 70 53 80 81 80 89 42 97 52 60 93 36 46 79 76 91 55 73 83 23 45 24 12 97 58 57 22 43 3 75 64 53 72 4 19 14 30 76 46 27 54 39 98 42 65 63 26 99 46 23 37 57 11 59 4 82 54 90 59 74 20 92 9 19 60 2 46 60 18 79 8 66 40 67 56 7 83 75 41 82 47 60 100 87 79 59 89 95 11 75 4 56 14 66 97 47 93 26
56 42 87 49 58 39 64 72 45 69 54 63 38 82 10 4 58 38 6 5 83 91 42 40 49 69 5 46 9 94 94 46 96 100 74 74 97 47 92 59 23 38 92 58 69 4 16 48 47 56 34 97 100 44 14 32 23 36 96 12 82 50 6 96 97 35 50 37 19 34 34 60 83 96 34 83 20 2 60 58 88 22 34 53 73 57 39 52 65 30 48 68 88 43 62 16 5 85 91 60 34 50 96 19 8 76 74 32 73 51 42 53 42 46 28 34 89 72 54 20 84 19 36 46 59 38 65 36 58 57 55 7 21 42 53 49 55 83 95 91 43 13 6 100 40 5 47 70 45 17 17 40 52 38 45
85 39 25 9 7 24 100 69 0 22 70 6 30 14 11 76 12 64 78 55 17 19 95 53 32 28 43 35 87 10 23 24 39 86 8 18 16 96 53 81 38 13 87 35 13 16 20 11 56 52 71 78 36 93 64 21 60 59 24 79 28 56 50 99 91 50 17 99 90 99 98 85 57 14 54 50 25 78 96 35 95 32 59 15 41 3 40 4 25 21 74 20 62 3 1 2 74 3 13 5 90 27 19 95 78 5 93 91 16 30 70 10 62 45 9 46 16 39 96 17 69 30 49 7 72 17 81 25 44 81 32 91 11 12 10 90 58 64 45 22 12 7 12 27 34 99 61 74 15 32 48 39 63 0 70
24 24 76 65 37 75 96 49 42 64 72 18 83 52 99 20 64 81 67 8 9 3 23 10 92 58 43 71 99 72 28 55 89 67 69 46 11 37 27 15 95 28 36 45 71 91 64 39 74 35 64 70 10 47 28 28 65 8 5 43 34 17 4 16 7 37 48 19 6 10 71 64 6 23 77 8 29 56 10 92 32 59 55 10 96 74 60 64 81 95 7 57 20 53 47 31 74 73 74 4 17 16 74 57 4 83 13 99 44 10 84 96 20 46 59 56 7 88 39 20 94 9 15 35 47 95 45 14 85 71 74 51 17 75 57 92 54 10 9 19 59 95 62 40 28 99 69 71 7 92 43 29 20 17 100
56 19 24 73 33 46 65 89 18 91 67 66 35 91 99 80 86 82 3 62 39 89 49 8 22 88 87 64 67 48 75 7 47 45 24 83 8 22 38 7 94 90 3 2 15 11 85 0 16 61 7 95 68 2 37 7 75 98 92 55 56 49 23 16 36 83 69 38 15 49 39 6 84 79 66 48 33 39 67 55 68 33 89 91 57 52 38 39 33 63 29 45 55 96 96 16 55 40 54 98 81 62 83 34 96 70 3 13 17 60 40 46 31 19 43 70 56 46 92 95 45 28 42 21 4 77 25 23 39 55 55 71 74 13 4 3 39 62 22 79 42 75 1 3 91 76 22 99 71 17 72 38 100 82 26
56 73 49 5 69 91 93 17 84 6 95 87 34 57 35 0 79 13 79 93 94 61 42 81 88 28 31 8 47 11 94 85 28 38 44 39 57 72 68 44 40 57 94 40 42 29 56 25 36 16 73 9 65 47 24 21 14 29 92 66 66 60 41 69 60 96 76 73 1 58 9 42 6 21 2 51 19 43 86 8 26 8 59 68 66 18 90 39 20 88 6 0 77 70 44 81 93 76 82 61 4 3 72 36 68 63 38 62 80 31 97 87 94 58 4 33 67 57 8 5 36 7 50 61 17 63 1 44 96 44 30 49 36 53 75 97 3 75 75 9 68 24 22 55 24 24 97 6 8 38 88 48 72 81 58
48 58 89 78 94 11 99 10 30 72 8 16 93 5 35 22 15 42 84 89 46 90 48 89 86 89 54 43 34 30 40 69 11 51 26 71 6 62 92 90 44 61 20 6 92 72 64 8 58 5 51 59 26 78 52 25 47 48 98 84 51 59 38 38 76 28 17 39 34 68 17 62 48 60 64 39 39 9 8 12 73 24 33 43 3 10 65 53 77 17 15 92 52 25 0 32 14 91 97 47 47 78 37 93 78 36 47 46 72 100 43 63 62 17 93 35 27 19 46 18 38 2 90 33 31 13 4 21 76 36 44 92 64 43 21 84 98 62 16 83 86 91 70 8 24 93 7 11 59 52 24 83 85 24 49
55 10 7 96 21 51 58 94 62 24 49 43 18 68 8 74 16 59 7 10 85 17 64 6 19 81 84 46 94 23 14 12 24 51 50 87 13 60 37 46 83 3 89 94 58 23 99 4 10 28 91 36 82 22 8 2 47 21 8 80 74 70 85 66 69 42 34 58 40 41 51 64 20 55 7 6 82 13 82 56 92 89 93 8 16 9 10 38 98 56 97 69 52 50 32 77 6 41 37 3 3 90 70 35 14 17 9 9 49 72 38 10 73 49 19 99 9 94 97 22 68 3 81 88 92 51 75 9 58 37 52 78 27 98 12 36 53 0 98 20 77 56 36 39 13 10 24 92 41 83 47 62 13 53 84
42 68 24 72 28 16 69 20 24 70 79 11 83 33 43 53 82 45 82 30 56 17 44 43 63 15 62 45 15 89 64 34 3 52 85 23 22 35 70 96 79 48 0 4 27 64 21 37 27 57 62 11 58 36 30 76 59 45 20 47 54 47 14 12 11 91 39 35 14 76 21 46 61 37 84 24 91 9 72 94 49 83 26 48 60 95 0 52 47 35 26 76 44 85 52 58 33 29 72 10 92 56 14 49 100 99 54 81 15 83 43 40 78 58 50 64 31 73 40 66 23 19 30 41 30 33 81 49 83 44 56 87 42 65 26 30 65 83 15 48 71 45 44 12 88 41 97 16 5 21 33 21 14 67 8
73 79 7 20 12 74 78 39 20 58 3 8 12 21 28 64 44 78 77 31 45 80 50 8 21 0 32 98 65 37 58 49 21 11 63 14 19 54 30 99 38 62 42 27 43 96 7 15 22 22 77 91 95 28 38 83 71 29 4 88 26 26 81 50 5 68 53 70 59 81 0 3 84 93 79 5 81 5 88 21 12 14 63 81 32 64 72 66 96 48 12 20 72 19 4 43 28 62 71 66 52 14 77 78 39 10 10 12 50 18 94 18 52 34 62 10 81 98 100 100 32 22 41 3 60 97 59 16 92 83 80 71 78 79 81 98 89 58 42 47 34 20 79 23 21 62 75 93 4 55 22 12 13 84 32
27 46 99 26 16 18 83 15 68 66 77 93 12 35 81 58 0 78 5 84 81 18 82 14 51 23 74 49 57 76 27 71 100 57 37 79 96 34 6 76 8 97 53 86 64 49 78 95 90 30 83 4 24 82 52 47 22 100 45 37 50 86 88 84 53 11 21 78 17 13 89 5 78 64 54 93 67 65 88 80 5 8 66 48 33 64 44 20 42 22 50 56 40 44 4 11 12 82 77 41 19 53 41 39 80 48 56 70 36 16 64 70 77 12 70 96 97 55 46 47 11 64 56 26 22 78 99 78 44 55 24 14 23 5 88 39 21 62 62 38 88 71 48 81 100 22 8 72 68 99 92 74 92 97 20
0 44 42 83 83 89 87 88 72 52 12 97 7 32 32 24 94 57 6 1 53 3 91 55 20 13 5 65 17 10 22 93 61 32 51 83 22 73 11 51 46 66 96 11 91 63 82 77 38 60 98 15 19 54 1 72 64 46 17 81 25 49 51 44 97 58 44 86 35 26 73 50 43 20 12 63 38 92 54 58 64 5 68 85 63 89 62 1 8 35 65 68 42 78 34 23 11 6 79 23 36 75 82 85 64 52 64 70 70 29 13 13 23 69 33 88 76 19 38 42 4 95 77 15 76 34 93 65 14 50 54 3 47 37 65 4 32 95 77 25 93 93 50 22 3 61 72 10 5 6 66 84 98 10 75
36 100 24 80 48 39 41 69 35 60 38 43 97 67 36 32 44 62 58 65 31 86 1 16 0 73 25 3 60 3 33 86 72 29 4 76 37 53 9 91 77 82 39 79 51 57 73 28 47 64 96 20 66 89 20 11 45 56 92 45 5 60 34 96 14 90 90 16 9 33 88 65 25 49 77 77 46 35 27 68 27 0 57 32 72 7 65 54 87 92 68 21 46 85 53 64 24 88 97 19 39 67 95 38 10 92 40 15 90 10 44 35 98 16 37 40 78 86 3 47 61 95 94 76 87 19 64 2 26 48 93 72 71 64 72 21 6 20 78 12 57 89 5 42 11 47 63 50 67 83 33 91 13 45 62
90 62 77 42 77 87 17 19 49 46 68 1 2 7 39 90 3 53 62 57 32 3 62 5 19 59 94 21 12 57 92 1 5 83 87 6 14 71 90 22 52 81 45 27 42 0 19 32 20 66 27 48 70 7 2 4 18 37 48 99 80 56 86 35 58 59 58 89 92 13 0 63 88 51 9 89 66 57 46 85 8 40 23 64 43 37 37 36 16 20 83 19 7 11 94 90 79 51 27 18 60 89 50 27 10 68 93 100 61 54 45 12 51 21 99 64 70 24 94 22 68 14 43 25 65 73 84 38 68 91 72 27 33 55 57 80 93 2 67 4 71 64 17 51 19 72 86 68 32 57 30 34 53 16 43
37 99 86 95 8 32 32 41 22 30 79 89 57 35 18 48 15 20 92 88 78 27 3 5 29 70 9 75 79 93 54 62 39 44 52 9 5 97 20 82 56 93 90 0 54 29 95 54 18 67 44 100 67 98 64 30 62 50 37 81 97 23 43 60 79 45 56 26 82 96 56 39 79 18 40 45 4 39 58 91 53 93 24 35 33 89 69 50 38 52 30 44 48 87 21 42 94 48 23 96 89 17 75 43 31 42 2 49 85 21 48 8 59 28 79 52 58 54 84 34 58 95 39 86 20 31 30 79 35 59 7 44 97 98 56 73 21 45 62 3 3 64 95 66 20 40 19 18 52 60 79 73 69 26 48
45 69 46 22 12 74 7 20 22 63 3 93 23 31 86 75 47 54 61 100 32 14 14 69 65 18 46 98 90 26 21 52 13 33 19 59 35 7 16 43 47 65 37 26 93 63 84 15 45 100 61 29 61 84 35 78 24 89 17 39 57 24 96 45 65 100 53 12 87 5 100 89 31 36 28 20 41 1 42 30 6 91 13 20 76 12 11 65 14 92 9 15 62 20 2 5 30 82 6 85 31 93 16 31 0 75 64 61 14 61 5 31 15 24 81 30 17 84 40 24 82 96 30 33 56 87 33 97 15 53 73 20 7 63 24 33 8 69 35 5 21 4 27 94 3 16 67 81 100 64 51 67 56 24 92
13 51 74 10 27 5 37 81 35 54 17 2 45 24 68 66 29 79 39 29 36 12 47 39 79 61 1 42 76 48 68 66 57 38 10 21 0 50 27 74 20 18 40 15 65 4 45 69 3 7 68 80 8 17 31 65 1 87 49 26 65 76 10 89 51 54 14 78 1 86 84 9 78 89 99 84 8 69 29 29 96 71 50 76 87 46 24 65 26 6 62 16 90 38 95 47 81 13 6 55 7 50 93 82 4 62 55 75 24 26 53 20 80 34 34 56 49 8 94 41 82 73 37 65 77 82 53 39 88 100 30 47 58 54 91 25 32 82 17 98 81 44 42 92 69 67 94 41 78 88 73 19 24 45 72
37 58 44 72 56 42 74 25 96 65 10 84 21 58 38 14 17 57 35 1 12 45 86 62 60 79 98 75 22 67 50 87 64 27 12 93 60 25 13 59 85 40 8 57 2 65 44 21 34 27 61 60 40 84 69 45 54 39 81 88 81 40 20 22 87 37 21 20 11 71 65 62 8 12 59 56 70 61 3 37 45 74 78 64 36 35 59 37 60 37 88 65 64 21 44 21 52 50 16 50 65 92 15 69 74 25 46 23 9 97 40 92 59 89 79 9 7 8 99 1 51 48 14 45 45 45 0 4 42 21 27 1 34 8 11 52 53 14 93 82 45 86 49 80 69 40 89 50 46 58 88 100 59 90 1
86 48 91 79 82 62 28 62 45 84 84 60 93 65 95 18 24 55 19 14 69 30 16 26 90 0 90 79 33 24 5 88 24 20 82 57 96 77 59 1 64 53 5 82 85 36 85 73 82 97 62 67 72 36 44 32 2 12 70 42 56 98 36 2 94 24 55 42 20 49 87 18 67 1 5 99 38 96 84 17 31 43 95 36 32 58 76 98 82 79 6 18 44 92 54 91 14 59 21 21 91 29 29 49 27 33 50 68 74 85 7 80 65 60 35 85 4 35 73 5 34 8 71 35 51 69 19 16 99 77 48 70 71 26 94 75 15 0 0 27 72 67 87 69 95 94 39 68 98 87 56 89 92 45 96
83 46 73 84 78 15 83 45 30 43 98 71 67 26 13 86 42 64 53 14 29 41 47 50 12 12 19 82 44 64 19 46 70 56 73 15 35 87 98 66 6 78 10 36 6 45 96 27 19 8 25 43 97 28 24 0 56 24 2 51 33 33 42 17 23 3 93 5 28 42 37 87 63 93 0 93 78 71 47 80 67 69 36 72 99 10 27 47 60 66 38 22 41 65 81 55 13 35 45 67 41 13 87 50 27 89 89 98 40 30 14 74 65 26 6 57 75 38 38 5 36 24 64 96 45 46 2 73 62 83 45 11 82 28 35 48 47 53 91 43 41 42 70 69 74 14 14 73 0 12 63 21 37 59 33
77 100 19 91 55 95 5 10 45 17 93 32 19 19 66 8 16 51 64 51 71 70 57 44 76 35 36 42 33 20 84 75 33 25 99 99 59 72 51 19 54 84 80 54 58 30 72 91 5 66 1 47 68 23 28 10 27 83 33 28 44 93 41 72 87 79 29 95 65 53 99 93 44 33 59 85 88 9 75 29 69 35 50 20 82 95 58 74 47 58 59 28 61 23 21 100 10 42 2 99 60 85 12 49 78 36 38 47 76 26 72 6 98 78 68 12 25 5 56 64 62 94 17 94 11 86 15 92 71 100 11 96 50 4 16 67 61 93 4 98 76 81 85 35 47 39 28 58 59 10 81 97 79 91 45
1 35 21 44 7 85 50 47 88 81 30 61 23 96 47 42 73 67 84 24 43 61 2 87 77 87 49 24 86 3 71 31 93 44 54 33 40 3 84 76 84 73 14 39 46 8 13 3 89 43 13 71 91 17 99 25 92 82 4 64 69 73 0 87 29 20 60 98 41 10 79 64 34 6 46 45 58 89 80 19 99 77 15 48 82 68 81 9 37 45 90 16 85 81 0 4 7 74 46 67 7 8 59 56 98 36 27 29 79 21 62 15 44 48 50 82 100 33 56 92 56 96 28 15 87 68 4 47 60 1 53 20 31 59 30 77 42 78 99 77 96 93 0 79 0 57 96 16 78 63 32 77 73 55 3
75 69 5 16 34 93 33 67 42 52 73 99 23 56 100 40 66 46 38 55 37 51 67 65 21 89 63 32 22 95 55 47 86 74 65 3 48 12 96 65 88 67 14 3 71 97 75 28 68 82 80 84 4 75 25 45 100 83 35 77 42 18 44 71 67 29 85 95 74 94 75 43 98 6 48 13 45 2 33 59 25 88 2 31 78 59 94 26 32 75 57 44 35 9 36 59 21 51 45 21 82 51 19 15 4 24 88 94 79 60 80 3 74 13 74 13 66 45 5 12 12 5 47 26 8 17 22 37 74 46 63 7 62 30 20 56 57 2 98 90 64 39 3 47 63 78 46 15 79 4 57 23 18 43 76
21 66 12 65 80 1 82 11 60 0 9 61 61 26 22 25 13 69 89 39 57 22 71 100 97 96 71 42 72 63 7 10 94 60 5 9 48 39 24 95 35 22 11 5 63 86 21 81 27 40 95 50 14 69 26 79 62 85 55 74 47 65 20 74 67 55 61 14 54 99 81 76 66 7 8 46 54 1 41 61 25 60 23 42 54 37 85 2 36 46 9 37 69 39 30 46 10 85 73 85 67 19 79 73 92 70 58 13 71 60 90 0 93 91 24 13 96 65 78 51 19 80 67 34 80 40 64 66 31 70 11 20 40 85 36 25 83 10 49 57 0 75 82 41 83 100 80 2 15 61 85 90 35 47 54
2 30 97 62 21 31 13 69 19 30 9 26 0 31 44 20 32 51 39 90 1 75 27 15 58 90 91 14 87 97 33 44 76 12 92 72 74 7 80 76 1 97 20 11 10 25 81 86 36 21 80 52 8 87 57 70 100 57 39 10 96 88 57 32 88 97 57 57 11 18 69 52 64 4 25 68 61 41 12 86 95 92 33 82 19 16 21 31 13 97 76 82 73 51 77 90 72 78 90 22 23 75 18 34 26 12 10 44 24 97 17 93 97 69 33 15 27 6 0 82 20 28 65 77 46 49 44 19 75 27 67 71 46 68 6 46 65 24 32 66 9 7 85 16 54 99 98 26 0 69 21 32 49 2 15
79 9 62 14 73 77 93 0 87 21 18 32 33 58 18 14 95 88 44 17 86 52 63 85 17 90 48 100 47 26 98 31 77 92 67 5 55 11 16 39 48 2 59 62 61 86 79 83 41 83 22 23 83 5 93 34 95 95 69 59 43 14 30 57 59 21 35 20 44 30 63 17 2 95 41 83 46 2 82 98 29 82 35 23 30 16 21 69 82 33 83 61 27 69 80 5 23 20 5 43 36 60 10 37 0 15 58 54 78 79 1 4 51 73 25 78 36 0 93 47 1 45 10 87 11 20 68 53 54 96 7 56 27 75 60 98 13 88 44 23 84 86 82 100 1 86 26 5 12 39 5 97 27 62 94
38 27 41 25 40 91 28 58 69 76 55 59 50 56 91 53 25 86 26 3 72 90 85 90 63 93 89 48 74 5 85 24 41 3 62 48 2 20 29 56 93 14 68 43 49 53 14 62 79 29 42 32 26 18 58 18 89 69 41 77 37 95 45 80 36 25 59 91 75 17 55 32 0 59 35 60 56 49 2 71 74 56 63 78 65 79 58 61 44 89 62 29 20 65 92 33 47 37 77 76 52 100 57 18 53 33 57 66 73 31 75 1 1 70 45 98 21 96 3 11 50 10 32 28 64 90 85 92 24 12 19 19 25 23 73 8 93 60 39 3 8 7 97 48 22 76 61 79 26 24 14 59 27 99 55
32 72 33 41 42 69 19 52 44 41 8 86 47 21 32 29 29 59 81 60 100 39 91 27 64 74 53 59 62 65 56 27 52 39 39 39 10 87 66 47 35 74 24 0 19 62 25 23 2 29 27 1 27 83 25 95 33 51 43 91 86 81 91 36 78 41 48 83 52 24 48 99 98 88 35 71 61 77 64 20 15 0 58 61 80 24 96 19 65 7 89 32 6 31 75 81 88 28 41 75 33 33 25 63 47 67 73 76 47 99 38 18 68 85 93 46 67 32 75 18 68 7 10 63 82 58 98 26 46 42 100 52 77 72 43 81 58 42 69 39 13 74 79 61 61 79 42 28 27 3 11 84 85 39 53
34 56 16 28 93 71 81 60 17 15 79 1 59 92 99 67 90 36 52 35 89 5 6 73 59 95 20 42 84 12 44 75 46 51 9 9 81 13 92 87 64 79 62 75 37 75 97 97 100 5 10 6 38 17 66 14 57 71 83 16 34 33 9 13 93 8 72 43 47 89 78 70 8 27 81 63 65 84 59 14 6 91 18 78 0 95 42 69 100 44 98 33 41 42 98 75 40 24 96 90 50 39 76 13 20 40 16 17 25 49 32 96 4 39 67 5 77 41 37 66 44 76 96 50 60 76 56 33 23 15 37 91 97 87 1 25 44 11 83 20 10 52 89 0 62 23 8 23 69 16 43 48 88 42 62
15 48 76 94 63 76 37 73 13 90 78 46 36 47 63 25 37 33 98 100 46 84 95 55 87 37 73 41 67 31 82 73 22 16 79 21 82 91 9 95 6 15 31 88 21 53 47 65 71 43 61 28 90 60 47 5 41 43 91 67 55 32 54 98 95 62 93 62 43 27 75 64 7 62 64 61 78 28 66 64 90 67 92 68 67 88 3 100 7 46 50 20 38 2 26 27 86 61 86 96 70 6 13 28 69 77 79 53 91 12 59 5 67 18 8 83 72 45 50 13 17 74 22 9 16 39 0 80 44 38 27 7 46 69 16 45 29 74 83 84 92 48 67 22 24 60 75 60 42 77 32 43 42 0 85
19 24 22 64 94 49 21 36 50 33 44 32 29 12 58 75 59 39 43 94 96 69 11 93 14 67 66 15 76 88 71 63 7 86 69 62 21 5 41 97 47 13 6 24 85 79 81 45 0 78 85 64 51 0 25 75 45 99 94 22 20 52 55 100 71 75 22 63 66 67 85 58 52 18 19 91 9 69 10 60 44 30 100 49 54 49 76 78 87 31 99 76 78 51 28 5 37 76 46 13 8 69 98 92 39 88 83 37 2 58 92 65 96 95 30 57 61 9 29 31 75 19 60 61 20 27 97 17 36 20 18 84 83 49 86 7 86 8 65 94 75 12 46 47 35 64 86 75 50 39 6 34 23 26 59
54 59 22 61 16 93 63 15 95 28 62 8 7 41 7 14 10 46 3 13 45 96 33 83 57 71 27 45 90 90 63 84 17 54 68 88 83 39 15 53 89 59 38 18 95 27 17 39 6 85 58 38 15 32 98 96 55 2 96 86 27 54 1 94 86 88 99 5 85 69 94 9 90 18 39 79 23 69 65 51 95 60 62 32 80 12 34 10 82 79 7 25 89 28 27 70 81 1 58 47 68 37 31 22 38 79 75 64 54 86 35 60 88 18 67 77 37 54 18 59 66 38 17 19 21 88 35 3 28 99 9 26 45 21 86 90 31 40 4 48 42 79 24 43 86 28 93 36 22 24 4 27 5 5 71
84 53 81 2 69 35 37 29 46 77 67 99 54 41 73 35 63 13 69 7 43 72 87 6 2 21 16 57 56 81 12 56 4 39 65 100 28 18 6 6 34 36 55 54 27 3 74 51 83 81 87 51 23 25 9 14 67 74 90 67 86 8 41 51 18 67 47 9 99 30 20 92 89 16 12 60 67 67 84 66 54 7 26 99 73 41 90 22 76 94 55 87 30 31 80 22 43 82 22 60 99 37 69 31 83 29 24 26 100 71 30 80 44 36 67 62 39 57 76 41 44 90 59 6 9 0 86 20 36 7 54 29 51 25 3 13 99 77 55 4 79 87 36 58 13 85 89 58 68 22 47 69 89 15 72
74 55 23 4 27 36 65 93 57 100 10 3 19 25 44 51 18 75 100 25 96 33 19 78 2 93 42 24 67 81 92 43 19 76 64 80 6 34 74 13 44 85 28 30 54 77 9 61 27 38 3 75 85 58 57 33 53 2 17 72 92 98 50 3 1 86 97 84 90 37 27 66 74 21 73 92 44 87 39 99 38 12 75 9 41 32 32 25 26 8 71 8 46 11 0 35 28 86 84 77 78 29 44 97 78 81 91 16 66 58 49 99 22 24 75 45 91 89 12 4 30 90 84 1 82 24 26 10 80 57 76 83 61 86 57 47 31 64 22 56 76 13 49 20 69 12 27 0 24 62 44 47 100 57 4
32 8 46 86 92 69 32 86 2 12 96 32 35 100 20 87 23 70 91 100 17 82 88 86 69 15 95 75 43 62 69 21 13 24 29 88 87 32 78 35 28 43 41 17 44 84 40 100 21 60 92 22 7 31 40 97 47 85 63 57 45 61 90 38 14 52 9 24 5 53 2 35 90 48 22 66 38 29 69 15 47 22 72 28 67 96 98 40 43 80 57 44 64 83 38 29 8 98 30 33 75 77 5 65 87 17 34 90 0 46 7 2 56 26 80 70 21 70 57 10 9 69 97 89 92 9 10 60 22 93 100 40 30 4 27 68 23 24 35 29 31 33 81 94 15 86 81 5 1 77 0 25 4 39 40
40 4 0 35 76 86 6 67 92 69 37 23 32 95 5 0 66 28 95 0 52 9 57 100 92 0 12 42 36 73 31 26 57 87 30 22 23 65 42 32 77 1 91 53 29 50 30 35 53 95 74 1 6 64 41 44 100 63 4 14 66 76 52 65 100 39 87 19 10 13 58 23 21 56 83 37 35 86 35 73 61 18 63 69 74 90 40 7 99 19 50 57 44 55 60 65 72 61 79 84 5 34 13 19 77 92 88 45 19 10 2 36 40 48 21 50 98 0 17 63 88 88 92 92 67 57 57 74 10 10 49 1 78 38 48 41 68 84 26 46 82 96 50 68 52 76 10 7 99 14 13 1 45 20 53
44 62 16 97 48 16 9 7 89 50 81 91 23 24 21 82 5 68 22 76 44 94 25 58 65 7 20 42 72 5 50 66 26 20 72 95 42 13 21 92 80 60 12 92 75 40 93 3 57 42 54 46 65 44 4 45 45 3 91 40 87 43 25 77 22 17 91 100 41 21 41 85 87 47 44 38 92 86 47 62 31 38 58 82 35 47 10 18 82 75 4 41 43 32 77 5 34 42 61 19 81 40 62 55 18 79 41 90 94 95 48 22 2 37 86 57 75 22 25 33 20 2 36 71 16 100 16 8 41 84 53 76 84 84 98 8 83 42 98 5 81 25 69 39 64 31 4 88 62 64 24 6 9 21 35
55 95 38 19 11 59 33 6 57 15 71 62 43 45 92 67 75 37 85 42 77 35 96 25 13 37 37 27 21 89 56 92 28 3 25 95 43 36 83 89 44 7 36 29 7 28 69 2 19 57 37 72 4 44 23 97 51 72 44 14 69 25 90 3 8 55 6 6 63 9 50 39 42 57 97 17 71 63 59 88 89 64 29 55 46 75 68 81 35 89 56 88 42 23 40 72 58 86 68 63 0 61 42 68 89 46 44 4 67 26 36 57 15 58 65 8 14 62 77 38 81 43 87 98 57 15 56 85 88 18 91 53 85 64 62 70 58 25 47 10 9 22 95 19 79 29 82 58 88 74 12 98 5 40 95
38 22 27 0 24 14 33 79 45 67 93 8 60 21 20 8 95 24 35 0 9 6 90 69 95 55 90 33 14 31 10 32 46 37 79 37 4 89 81 70 50 10 28 7 80 7 26 34 54 82 94 20 69 32 23 12 21 4 51 18 67 11 29 68 50 77 9 15 89 38 62 37 63 31 50 9 91 57 51 7 59 38 17 99 72 37 98 91 28 33 66 35 10 77 58 85 100 17 90 7 84 72 63 36 92 59 40 80 4 3 45 16 70 64 67 94 42 26 73 4 76 57 96 73 72 26 17 92 6 59 48 47 32 72 46 0 47 73 41 61 1 25 86 63 42 28 16 39 76 56 82 7 22 48 26
55 2 65 0 98 61 16 73 14 89 5 25 93 98 63 57 60 46 76 62 41 31 67 51 8 98 24 90 62 8 67 56 54 26 15 41 55 28 24 36 70 14 8 87 99 9 62 2 45 21 39 97 5 47 5 62 55 5 56 92 48 94 45 18 87 40 47 51 61 65 89 86 48 26 81 8 49 71 43 14 45 77 8 69 41 52 94 75 40 41 16 64 74 52 18 32 7 26 84 0 35 53 25 74 68 61 67 60 96 42 6 41 77 2 12 37 34 54 34 11 8 35 20 45 35 80 72 94 83 7 10 25 31 60 4 69 53 78 0 92 80 86 49 15 0 7 41 28 96 51 73 35 81 0 83
100 27 66 26 1 87 68 87 1 16 60 91 74 7 84 32 17 83 69 76 84 94 65 42 81 59 47 42 68 89 49 78 43 17 51 64 13 26 63 21 70 55 77 12 19 23 98 42 11 33 82 61 90 18 92 44 35 74 87 55 91 82 62 96 65 80 34 10 38 4 8 99 74 95 64 73 85 38 5 83 87 75 88 94 13 73 30 98 63 52 68 32 17 92 17 70 50 97 9 60 59 52 48 90 44 46 22 11 27 11 5 41 64 47 35 27 72 38 27 61 34 42 34 51 41 80 3 52 7 46 56 55 12 68 0 31 44 56 58 19 48 51 32 79 94 73 92 37 49 46 44 39 66 69 8
48 20 93 65 41 8 30 7 86 56 43 41 49 40 100 95 78 89 86 4 86 27 20 91 23 73 31 76 46 40 53 60 60 14 15 54 78 85 79 13 94 44 25 22 24 26 92 36 30 55 51 45 66 14 4 76 56 60 99 50 80 84 90 77 95 64 12 44 30 47 70 100 32 68 84 46 42 24 90 97 39 32 56 97 68 96 100 23 32 91 50 91 74 21 92 81 55 57 32 38 97 83 21 22 88 15 94 69 84 84 74 56 50 4 93 100 93 45 61 71 55 98 32 89 42 39 100 83 74 92 90 10 45 18 83 14 72 59 73 55 49 50 94 39 26 89 50 80 93 56 99 31 18 47 28
41 59 62 68 38 60 80 40 36 97 35 81 66 19 84 98 79 47 90 6 82 37 57 2 38 21 57 96 46 44 56 53 82 70 12 32 97 80 46 91 29 61 17 0 68 48 34 0 98 48 35 48 29 45 99 87 46 96 8 86 25 38 28 37 16 1 40 30 20 61 90 68 76 10 10 60 73 44 50 98 93 73 13 97 23 4 87 95 61 14 0 55 8 70 16 27 41 73 18 73 9 50 92 46 73 3 69 22 69 8 64 16 17 1 55 65 86 82 79 72 0 91 88 60 50 16 99 4 87 84 50 61 66 81 44 72 72 98 13 92 29 63 90 3 16 73 87 66 34 46 51 80 49 30 55
51 56 57 34 40 33 82 14 100 24 23 86 23 3 62 2 49 83 84 7 84 3 98 9 73 92 62 10 52 76 82 18 54 1 98 27 56 37 36 75 76 64 5 69 99 2 74 10 39 76 69 36 49 33 99 41 30 0 48 21 6 18 69 28 2 33 26 42 7 13 76 38 29 85 13 90 65 39 54 16 66 76 69 17 98 2 81 41 75 1 34 12 1 50 3 87 76 7 53 18 24 21 35 18 73 42 49 27 45 12 29 29 93 46 16 25 1 15 32 100 69 49 36 10 92 65 55 6 82 6 32 56 15 49 18 52 97 81 88 10 54 46 82 18 36 52 84 84 89 100 19 47 5 21 29
89 91 7 27 96 97 61 46 86 11 35 78 34 9 6 58 71 3 25 75 10 57 7 70 50 63 53 35 23 40 34 80 58 45 45 18 7 80 67 93 4 98 13 29 48 34 46 31 67 99 86 96 58 11 15 0 15 38 43 69 55 93 24 26 21 4 59 24 40 77 61 89 78 98 64 18 79 71 75 4 1 80 36 2 44 94 83 87 37 70 0 88 0 55 17 57 7 10 30 19 35 4 88 42 0 60 86 38 39 100 76 45 63 26 42 3 43 53 84 72 76 35 1 49 22 71 36 10 94 61 87 77 63 6 25 47 81 65 31 82 87 54 24 68 13 37 50 6 73 19 68 13 88 4 30
86 7 1 82 63 76 76 65 81 54 1 100 57 40 27 10 23 70 90 8 93 51 74 18 38 74 82 80 19 25 67 65 47 45 61 29 48 90 7 70 30 100 51 85 47 99 70 10 32 84 62 62 4 10 99 59 83 23 60 73 15 64 64 42 12 46 79 39 98 67 75 58 61 85 55 4 14 98 50 45 99 21 62 53 52 83 94 76 22 66 7 15 21 47 9 76 89 79 29 41 54 4 77 70 68 79 98 82 17 36 14 90 62 98 80 11 33 86 8 86 78 74 83 89 13 10 88 100 0 6 37 78 15 43 43 43 50 15 17 65 73 1 63 35 20 90 22 86 25 64 3 85 36 16 65
47 37 35 54 72 50 30 46 88 98 15 3 55 65 45 11 91 3 96 71 44 56 22 35 90 53 26 64 17 66 40 21 71 9 41 29 12 87 11 84 64 6 54 30 72 10 66 70 56 5 83 88 97 63 74 29 59 39 10 0 97 13 28 49 32 91 46 59 44 39 89 79 5 8 95 95 83 17 90 81 20 70 64 99 16 51 93 13 7 86 82 79 38 8 33 30 79 54 50 31 63 24 28 6 17 93 65 74 41 78 87 72 23 34 51 60 47 10 81 58 48 48 70 4 25 62 10 99 70 33 86 44 76 69 62 48 58 42 20 81 6 5 6 67 81 96 41 25 23 20 60 85 97 36 70
55 1 81 41 4 79 61 50 49 71 64 38 19 17 51 23 68 51 67 74 57 61 7 68 45 51 15 35 55 3 12 62 57 53 29 72 8 58 40 74 13 35 73 6 96 55 23 48 12 53 96 47 73 46 50 3 25 25 18 7 72 86 57 4 85 33 78 92 5 37 17 24 39 95 94 54 59 92 61 99 7 47 39 35 3 86 74 29 0 42 73 32 4 60 12 50 15 92 58 54 43 51 47 46 86 45 76 95 45 52 31 51 69 22 33 75 88 93 0 59 41 33 71 41 68 66 100 73 40 36 91 40 68 57 27 59 33 17 85 60 5 18 20 94 37 68 78 78 67 92 24 42 68 22 9
17 88 66 94 12 89 1 47 98 52 84 66 61 29 10 97 11 4 99 74 1 75 71 38 58 83 13 46 7 56 44 18 13 29 21 86 75 21 91 47 67 4 59 87 70 92 97 41 69 12 96 5 72 19 40 53 45 21 8 1 56 51 76 87 55 12 74 38 8 17 37 3 75 12 87 4 92 88 13 69 74 79 51 39 94 54 59 2 18 15 64 89 17 32 50 59 88 45 10 32 35 82 43 96 52 89 86 100 81 35 15 90 44 83 59 100 8 85 64 1 14 93 24 80 30 20 20 69 8 67 25 32 74 18 49 28 19 45 36 16 27 57 22 29 97 85 45 90 37 34 16 17 27 18 64
66 65 25 1 100 16 26 33 18 36 98 84 99 21 60 74 69 98 97 78 60 100 18 81 24 86 55 67 52 55 25 49 83 95 93 13 9 83 56 94 13 71 82 32 23 83 57 14 19 5 30 98 36 47 87 28 38 73 25 25 49 40 31 66 42 33 20 13 21 29 36 96 56 94 71 74 26 90 13 24 24 31 34 93 33 74 7 42 13 55 21 96 19 94 97 69 41 43 9 45 16 25 68 39 4 100 49 48 60 42 6 88 85 8 11 58 82 79 83 68 92 32 87 10 73 64 66 2 76 85 43 5 0 6 30 59 47 13 35 27 25 33 36 90 14 92 17 45 73 42 86 33 7 42 96
53 3 32 81 3 24 28 92 87 26 85 4 30 88 9 64 2 28 96 29 35 94 9 25 82 79 87 70 83 8 83 62 6 82 29 29 38 92 44 59 41 59 97 19 78 24 55 84 87 69 10 36 16 95 60 54 92 100 92 78 78 64 91 39 33 59 33 46 82 24 94 30 81 76 3 33 95 44 91 64 90 21 31 79 32 88 80 37 50 95 6 30 60 70 83 40 93 100 65 93 76 50 81 57 62 4 85 0 67 89 44 75 20 91 0 98 44 75 47 9 33 15 90 47 39 28 56 81 49 10 27 54 68 4 78 48 92 11 99 63 0 61 9 56 13 3 26 74 36 88 73 87 80 80 0
90 96 80 53 23 86 68 30 11 67 84 44 14 63 14 81 14 11 91 36 92 54 81 81 92 95 70 20 8 76 51 91 26 48 97 67 74 11 59 7 5 36 22 73 46 5 15 38 95 63 59 71 28 95 33 22 2 36 85 89 78 86 80 85 96 12 91 20 87 77 64 29 64 6 15 46 37 40 17 54 66 59 23 35 69 99 7 42 87 85 39 70 55 49 18 8 38 65 11 27 35 1 62 33 76 75 82 44 74 86 92 68 94 70 99 30 94 48 2 22 63 19 72 41 62 25 73 34 79 79 11 50 22 69 46 48 100 1 43 77 58 71 46 28 31 9 4 6 43 48 18 7 14 68 96
9 75 68 48 12 68 69 3 57 66 9 56 61 35 68 31 66 80 55 96 37 22 30 22 53 67 28 69 69 39 5 68 93 61 96 64 68 7 67 9 18 69 81 52 90 25 97 95 46 14 13 22 64 30 56 70 55 61 8 46 56 83 17 10 82 56 48 95 87 47 50 67 67 52 46 65 5 5 56 10 51 51 75 37 95 57 1 44 8 25 99 81 37 45 85 83 35 37 68 12 82 11 91 21 30 22 98 72 68 62 7 99 27 10 89 25 13 77 1 39 66 40 9 86 69 66 74 42 31 54 58 10 80 6 79 90 77 14 91 21 3 34 59 31 40 81 18 15 22 61 7 19 84 79 94
13 17 95 24 97 8 17 87 93 87 71 48 91 27 62 74 79 64 50 58 66 34 27 59 33 78 54 21 84 12 11 52 22 42 12 59 16 69 6 19 6 37 60 22 29 64 50 97 34 71 97 12 77 0 50 76 21 13 47 64 13 34 70 47 80 43 7 45 13 70 76 8 71 38 36 75 72 25 78 100 42 4 19 3 35 99 51 50 78 62 98 62 98 59 53 5 84 91 18 2 22 7 61 71 79 36 31 31 36 96 35 93 38 39 22 26 60 38 93 14 24 86 22 25 50 11 9 68 36 50 79 0 94 46 46 10 34 91 83 38 4 51 65 81 7 36 30 15 94 66 90 18 28 3 60
47 20 29 9 73 82 48 22 46 46 50 61 89 13 11 63 2 57 21 51 56 32 38 43 53 9 100 19 2 94 94 46 94 71 0 38 71 47 18 85 66 18 99 54 70 86 60 30 34 33 1 40 22 18 81 42 79 79 98 73 12 33 77 97 96 20 58 4 68 86 12 14 0 35 30 36 34 14 16 49 86 46 25 2 26 56 75 66 34 36 27 90 55 47 99 71 14 81 49 57 58 25 3 90 22 94 1 91 73 37 51 17 19 84 71 16 78 74 68 61 58 38 95 69 46 96 93 4 6 41 72 24 89 31 55 49 86 91 84 35 32 45 80 85 8 7 62 78 29 62 9 41 32 70 38
84 16 28 61 75 92 60 72 66 50 63 93 33 18 47 34 9 53 67 19 38 27 15 89 19 80 83 72 46 85 53 71 36 46 38 74 50 33 77 74 29 26 83 80 22 6 32 6 51 10 11 98 93 12 76 23 12 63 69 87 4 69 61 20 25 33 68 85 97 97 49 84 0 68 90 78 12 0 21 96 10 11 9 9 92 29 86 99 93 20 89 22 74 63 22 95 96 27 40 73 7 84 52 30 91 10 81 69 1 86 78 97 90 64 29 56 99 3 89 43 13 6 80 73 22 57 29 11 14 68 78 79 52 59 42 67 16 87 25 64 11 86 80 1 27 16 99 1 88 100 0 54 16 3 29
93 65 79 51 79 9 91 61 27 33 32 85 50 13 85 15 90 83 12 6 27 86 41 24 23 49 35 17 16 35 18 24 84 42 10 82 69 77 92 100 60 70 40 47 21 94 62 29 78 94 43 71 84 96 33 91 30 61 28 31 86 47 17 69 74 23 33 35 29 63 28 48 89 56 54 3 73 4 60 91 11 16 71 86 83 36 60 34 38 36 44 20 52 53 38 28 76 13 41 29 25 88 77 37 2 44 5 46 73 89 51 50 9 86 42 57 53 86 64 10 54 5 25 89 18 5 14 47 63 37 0 71 75 16 50 51 33 24 40 7 26 39 74 97 86 19 33 11 45 11 20 36 86 91 78
32 84 36 28 63 61 84 55 97 18 81 13 52 46 63 37 16 87 65 12 100 12 51 30 47 6 84 1 98 5 48 12 72 6 37 78 33 26 33 73 15 100 64 75 98 24 21 76 6 64 78 54 3 16 85 54 75 38 47 10 24 74 25 96 92 100 17 14 55 46 19 73 35 97 37 84 53 54 95 27 4 69 47 55 36 17 65 44 61 8 78 83 5 22 4 10 66 49 36 55 4 33 81 38 0 22 86 71 36 50 61 60 68 87 24 11 99 38 60 24 81 82 61 84 84 54 32 61 94 23 34 60 11 45 53 10 55 30 93 33 72 94 33 20 76 42 52 100 1 94 74 69 59 59 11
48 96 99 4 62 100 0 16 93 17 96 78 93 28 19 23 95 50 89 68 7 54 78 31 40 71 72 62 75 13 85 87 79 53 23 66 38 97 48 73 75 70 88 78 39 27 13 38 95 59 94 63 16 5 95 78 38 63 71 26 90 66 29 87 80 64 88 85 3 29 38 62 5 74 25 3 23 86 74 11 73 1 76 32 53 60 39 24 6 69 6 20 96 40 78 16 18 17 54 75 81 92 37 53 62 60 73 66 57 29 68 38 69 76 78 39 46 35 6 10 11 16 91 10 91 40 81 70 3 23 16 50 67 5 67 48 81 25 48 63 24 75 80 27 5 1 78 91 22 59 67 37 27 41 43
18 45 13 55 93 54 72 44 35 66 67 69 2 73 38 57 30 69 90 14 89 43 47 51 35 65 37 82 21 82 8 31 35 15 99 2 75 92 20 15 45 42 2 28 41 5 69 61 97 8 14 77 30 74 66 89 27 43 39 60 12 72 46 60 39 51 34 74 7 68 79 84 70 26 34 85 59 85 85 47 9 30 51 32 51 92 42 98 47 31 57 19 25 54 90 88 89 70 54 98 39 14 45 98 7 67 6 6 77 78 1 11 34 53 32 41 71 18 80 42 48 81 47 65 38 64 5 82 60 81 99 90 15 84 67 99 39 67 16 43 14 90 81 46 77 72 17 39 30 19 15 64 87 24 60
52 67 88 95 37 92 35 97 94 86 25 35 85 65 45 25 30 8 67 73 65 45 41 51 54 15 37 52 44 73 74 12 59 19 16 79 3 83 82 30 20 51 80 48 84 99 70 11 37 8 54 74 12 13 80 57 29 65 5 12 16 8 51 10 26 52 22 30 78 98 69 63 19 88 28 48 17 46 2 96 50 5 32 49 11 58 29 69 29 79 37 78 24 23 13 39 26 95 18 44 6 57 63 69 72 80 89 95 65 54 26 52 14 8 96 48 49 26 4 72 43 93 27 63 100 88 84 78 69 84 71 51 0 58 66 1 32 37 72 93 76 14 64 68 12 25 80 55 24 52 36 55 51 69 26
19 93 85 16 0 96 83 52 77 7 54 36 3 39 97 81 36 28 77 94 39 58 82 96 27 12 54 53 34 5 14 38 15 23 63 24 98 26 97 90 29 83 6 95 72 21 50 64 84 85 64 13 10 96 79 22 82 66 11 2 62 41 75 60 70 16 37 38 90 40 96 54 46 40 94 77 65 98 8 73 6 30 50 46 16 53 58 54 52 24 69 81 44 95 72 0 65 32 60 83 88 50 33 62 48 85 12 46 100 76 76 80 33 73 76 18 74 32 79 67 73 77 79 17 32 83 35 3 26 32 94 52 15 63 9 3 54 47 5 89 42 74 2 30 53 91 23 15 56 62 39 13 18 36 32
79 76 78 46 72 6 6 66 36 91 39 88 97 9 17 56 78 33 46 16 60 58 68 89 72 55 55 84 48 83 67 51 1 22 52 20 39 36 79 44 74 10 45 46 56 99 24 43 46 91 48 14 31 0 61 3 56 64 64 20 92 94 69 24 79 30 71 21 36 80 49 74 63 26 40 98 15 5 39 37 98 33 45 38 8 23 28 79 75 80 10 70 71 83 75 3 71 76 48 4 5 20 89 2 8 36 48 27 55 89 31 77 89 93 10 5 74 68 56 21 95 68 34 74 63 29 63 50 80 66 14 47 0 7 22 69 36 43 26 87 15 45 56 76 17 33 68 72 83 94 75 37 30 52 18
34 34 88 40 71 4 22 89 59 16 80 22 83 64 28 19 81 52 11 72 39 4 46 86 61 80 26 32 21 6 20 34 81 93 86 75 53 63 17 37 8 82 25 85 33 4 19 10 6 51 42 27 62 81 49 53 29 12 25 86 4 90 11 48 20 81 49 20 85 75 82 55 69 63 33 27 61 88 28 57 48 9 16 7 25 15 20 59 65 56 86 14 73 6 53 10 48 70 99 89 67 26 78 40 70 0 74 34 52 93 80 47 51 3 8 35 72 52 96 0 11 24 35 59 74 55 60 88 23 76 78 96 0 39 61 76 50 98 92 2 96 29 71 72 16 95 98 28 78 88 58 79 47 60 71
94 75 89 20 69 54 18 20 81 79 64 42 9 84 76 44 91 6 98 33 70 24 11 49 86 39 90 16 61 28 15 31 48 32 15 25 2 33 69 30 24 29 88 5 21 91 21 39 28 20 17 5 91 38 71 9 99 88 67 70 32 10 69 33 79 8 85 11 57 9 80 24 75 72 83 36 85 62 94 29 27 74 7 86 74 1 87 15 18 26 3 2 21 16 34 71 74 86 69 46 51 48 31 34 29 64 93 84 45 46 80 4 30 7 93 58 22 63 13 33 7 9 32 27 68 75 56 66 80 14 6 85 5 13 53 96 36 27 43 67 37 37 40 4 79 33 27 94 33 16 100 26 44 82 44
84 72 24 71 90 60 29 65 7 85 9 0 47 56 69 22 58 49 19 8 53 15 52 50 53 82 21 30 10 98 41 11 11 11 73 10 46 69 80 68 30 61 35 5 68 23 55 73 18 85 4 98 89 28 35 73 41 38 35 100 95 91 94 6 95 15 4 25 49 87 25 55 39 59 51 67 26 38 65 67 8 43 70 44 84 48 3 83 59 99 12 11 48 5 97 78 54 15 45 77 60 21 83 8 41 1 38 63 12 9 76 16 29 50 84 82 97 86 22 91 47 4 46 41 55 32 52 54 82 75 87 94 64 56 83 38 47 98 71 77 53 95 7 99 71 9 72 15 29 47 12 23 26 25 72
8 49 36 67 46 31 70 36 63 19 21 38 57 48 92 48 74 30 74 76 79 49 42 93 96 72 16 13 50 45 6 71 18 70 77 47 58 63 43 93 31 54 89 48 38 14 22 95 87 83 95 54 86 25 25 18 90 71 12 15 35 92 81 68 69 18 41 83 60 51 14 22 89 62 42 45 97 67 79 72 55 55 39 100 79 37 10 15 64 12 16 89 64 34 62 93 36 3 32 74 50 50 60 44 46 1 32 85 80 80 33 24 6 7 36 17 84 33 64 79 51 99 79 29 85 22 60 71 22 83 74 31 17 28 95 3 26 63 10 6 89 8 4 16 24 19 22 94 35 66 4 70 63 100 23
72 93 65 52 49 18 41 57 63 16 15 95 69 5 94 30 42 47 73 66 52 92 13 81 90 43 93 73 71 44 0 42 60 31 23 58 30 20 32 79 73 4 87 15 37 46 90 25 61 56 38 23 59 88 10 20 50 2 21 37 2 47 77 75 98 63 50 67 37 60 5 45 13 91 84 51 89 80 21 29 12 90 26 25 86 89 2 96 11 8 84 83 86 0 35 48 47 73 61 3 35 45 10 25 43 18 54 3 66 97 32 59 71 90 91 87 56 84 40 67 49 66 88 31 1 31 87 39 85 65 3 37 2 33 83 27 94 53 94 59 7 66 60 48 88 88 65 92 0 63 17 32 28 92 90
33 43 58 0 78 4 85 10 40 96 46 7 23 37 52 89 8 71 32 51 47 100 16 79 17 48 96 20 62 28 92 27 7 84 17 53 13 30 27 48 43 77 84 19 99 58 70 74 20 52 33 67 59 12 60 93 75 14 30 99 86 82 28 98 34 53 1 86 58 79 11 62 24 16 42 82 2 20 1 13 80 60 44 92 57 52 2 54 57 90 52 6 58 22 95 64 54 53 41 64 47 82 52 75 15 13 7 43 63 0 70 80 16 62 25 49 44 73 83 69 16 55 20 37 96 31 78 2 59 18 55 81 84 15 67 54 47 14 50 69 84 73 58 81 35 99 99 70 51 27 94 33 39 13 52
71 15 36 51 92 28 69 79 69 84 69 27 65 28 56 84 11 31 5 17 94 61 44 97 22 90 57 49 73 64 81 63 24 74 39 75 73 92 6 39 58 60 22 30 70 15 59 20 26 45 63 96 0 1 21 96 98 25 49 65 56 36 34 33 23 59 52 50 59 1 55 60 90 7 0 19 30 33 75 36 100 89 12 54 89 68 28 10 0 33 8 99 93 59 52 47 60 8 60 25 62 61 15 53 34 4 43 60 95 42 36 61 39 93 57 85 14 65 11 22 68 75 9 84 2 93 39 25 17 91 47 37 8 88 21 5 2 12 24 12 88 38 86 39 1 8 14 17 42 62 47 48 59 7 53
98 15 98 39 7 60 9 80 40 43 56 25 53 75 68 4 54 35 61 98 29 83 100 33 60 48 40 58 5 72 88 46 31 18 38 62 60 51 36 27 74 38 8 66 79 25 8 10 42 4 90 41 51 71 36 65 97 59 58 18 20 19 47 18 82 6 51 94 78 2 43 99 71 76 45 7 54 67 0 4 24 38 65 100 23 85 76 34 4 69 54 15 60 23 6 38 90 25 20 98 41 8 27 88 38 91 16 40 66 87 23 25 31 69 31 58 57 13 32 42 100 71 89 82 77 68 1 66 14 20 40 45 58 77 94 56 94 69 100 83 13 8 81 98 67 100 4 41 23 0 40 62 10 45 83
4 76 20 98 23 4 77 92 88 83 71 72 22 83 46 59 33 6 88 82 50 8 34 64 15 71 22 86 45 21 77 93 33 72 80 9 57 77 97 74 55 30 16 22 50 100 74 49 19 14 72 73 11 97 69 86 40 83 23 100 23 0 18 26 43 78 70 33 3 33 47 82 97 47 50 25 31 100 97 1 55 23 54 3 69 18 29 21 94 86 25 79 83 1 60 95 100 39 48 93 15 40 41 46 90 82 92 83 79 92 93 2 51 91 73 86 45 84 7 62 77 90 97 10 53 42 2 14 12 10 36 11 25 77 3 53 68 58 89 97 51 18 13 37 4 12 68 93 96 27 19 69 27 60 66
20 20 91 45 73 48 76 37 0 91 12 11 39 77 12 90 99 38 51 87 97 76 96 16 38 53 11 56 99 71 37 91 64 94 52 32 51 90 76 94 35 33 40 1 6 39 84 28 33 13 65 12 42 64 98 15 74 20 16 45 25 71 14 74 43 50 80 34 90 63 52 21 94 44 89 87 78 82 5 76 68 12 12 69 5 44 50 65 53 61 7 56 43 61 30 1 50 0 39 98 83 11 61 82 35 54 20 82 86 38 34 75 50 35 70 79 22 89 2 66 44 12 14 75 18 2 48 29 59 40 25 18 80 33 93 33 23 71 88 10 23 81 1 39 46 24 55 84 56 7 72 23 93 42 55
49 86 86 39 54 85 79 29 46 54 85 63 49 93 46 53 46 22 16 19 14 29 61 28 42 14 100 53 40 0 38 13 90 95 20 25 4 78 14 14 75 15 68 63 78 100 56 37 75 10 84 37 51 64 10 92 43 97 32 50 70 51 31 51 27 73 87 34 9 0 4 52 9 17 51 31 66 6 55 91 99 44 81 11 19 16 18 60 97 4 44 85 80 47 0 89 44 32 29 35 80 68 50 37 8 21 90 33 2 45 79 94 20 6 61 70 86 94 90 47 20 75 25 14 25 5 24 30 9 8 84 73 80 81 51 22 2 62 70 16 21 5 56 59 60 89 40 11 14 6 24 51 48 31 70
31 91 17 100 24 85 46 41 57 91 52 68 81 78 81 13 79 56 36 93 66 70 77 54 76 79 72 73 90 83 23 11 11 100 31 85 84 18 49 79 79 96 21 43 0 36 19 43 19 95 37 16 71 19 45 83 52 78 59 10 97 79 8 0 56 44 59 18 22 98 98 46 56 3 49 63 13 32 63 48 75 92 58 34 100 15 22 29 87 80 7 84 47 80 6 42 11 44 12 81 79 95 41 22 17 2 93 28 18 36 81 17 43 72 37 70 15 86 88 2 74 12 37 13 61 84 85 28 27 88 37 72 95 7 42 15 6 26 89 83 86 82 83 99 99 56 24 51 5 31 98 56 71 57 8
85 33 27 69 95 38 6 93 60 59 86 53 93 49 43 97 3 80 35 47 29 37 36 49 5 98 66 62 78 60 1 31 62 15 99 17 18 97 23 91 91 82 98 11 46 61 73 93 77 66 9 58 69 73 82 97 67 53 39 40 67 66 52 56 51 29 75 60 90 55 78 78 6 44 80 65 26 66 97 80 55 77 76 90 18 40 8 34 15 48 76 66 91 87 6 43 68 88 35 15 20 95 3 11 49 27 39 71 94 32 87 1 12 91 40 75 46 63 9 65 20 50 28 96 19 91 74 90 84 73 32 92 15 38 58 57 47 4 16 65 35 95 88 88 54 39 23 78 98 58 80 17 61 28 26
6 30 53 32 36 31 80 79 54 43 86 48 29 63 59 42 100 71 20 46 20 8 11 81 17 55 45 26 49 15 65 28 71 96 61 73 34 9 52 56 82 80 12 39 68 48 91 54 72 94 71 94 43 18 94 18 84 56 10 13 18 44 77 25 62 32 86 47 8 80 69 42 20 77 88 35 77 64 88 46 50 46 94 29 66 10 79 47 94 42 66 65 45 59 33 78 0 56 72 92 28 58 82 98 59 31 49 79 83 81 5 61 64 98 16 56 42 38 99 8 74 10 23 15 43 5 8 82 56 16 13 6 12 10 73 61 93 96 49 19 13 72 89 68 52 37 41 68 38 43 23 61 9 1 3
41 79 84 0 63 16 25 15 68 67 10 84 57 46 4 34 26 16 26 43 88 34 74 55 34 68 9 20 91 34 79 81 50 12 13 6 0 40 44 56 90 82 4 49 44 74 58 53 80 13 10 69 7 26 69 85 33 20 72 55 86 65 69 7 1 22 7 76 79 4 73 64 34 94 33 0 14 42 83 43 18 68 56 31 76 66 53 79 91 18 44 55 10 26 8 85 37 82 46 90 14 62 6 45 78 62 86 97 59 9 84 5 85 0 24 66 100 30 5 78 25 95 81 12 38 11 60 43 81 86 11 20 33 92 63 57 57 81 96 36 81 90 74 11 36 27 20 52 10 94 58 9 46 50 73
45 24 54 72 28 24 92 82 29 27 17 8 2 68 99 73 79 62 67 43 78 42 59 55 72 46 53 83 62 16 74 49 10 21 63 84 92 41 5 39 22 0 23 69 85 26 99 24 72 78 10 74 18 0 16 62 75 60 27 99 73 40 35 65 57 87 34 3 80 36 55 74 68 80 26 96 77 59 57 87 70 59 6 72 45 11 90 88 39 91 72 65 60 22 88 35 19 79 35 9 59 53 64 91 54 18 84 22 36 56 75 5 75 2 58 61 3 11 0 42 36 16 16 34 11 89 66 35 82 1 73 99 87 1 1 14 67 0 40 100 63 79 12 12 27 96 43 75 70 3 28 54 100 65 67
19 58 41 82 23 25 31 72 60 12 62 12 88 69 2 71 9 5 42 95 41 74 23 85 22 52 15 35 91 5 94 27 40 83 23 71 66 26 90 76 92 46 6 22 47 13 92 62 66 12 85 10 95 34 0 8 71 74 51 40 31 99 91 77 53 2 18 6 13 56 83 20 96 57 54 94 52 1 25 84 18 22 47 60 63 48 13 46 43 62 47 93 20 62 52 87 78 41 1 39 93 91 78 89 25 89 100 37 20 6 65 87 14 88 32 27 71 18 5 14 67 63 25 7 45 85 24 4 90 24 79 89 46 9 4 77 36 28 76 83 63 61 48 4 66 91 78 93 84 52 79 80 53 30 98
79 70 36 49 92 19 88 26 93 27 97 40 16 30 3 24 67 31 15 0 54 28 31 34 59 0 55 32 86 75 86 42 15 32 36 77 67 25 54 27 69 35 86 36 83 63 19 29 28 87 86 56 55 11 67 32 67 40 66 44 75 21 22 19 52 19 97 71 70 48 30 5 48 46 34 52 11 72 86 93 48 35 30 91 85 48 44 53 79 81 43 98 54 42 72 9 12 10 69 77 0 2 28 2 40 57 41 22 98 95 26 10 45 10 93 20 50 73 34 79 90 60 97 34 20 92 49 9 48 61 35 64 48 7 24 18 26 59 2 91 52 64 16 97 29 20 98 8 19 55 49 16 98 11 7
38 19 97 83 24 18 0 85 12 54 99 71 81 91 96 81 92 61 96 41 83 24 30 18 48 72 35 0 8 100 78 0 28 43 11 94 94 76 17 100 59 6 76 82 85 5 97 52 22 43 85 60 67 52 36 7 31 17 40 82 40 98 61 51 20 52 24 29 6 59 69 27 93 98 61 16 31 59 95 70 7 90 99 92 39 86 84 61 55 88 25 41 27 95 11 10 40 21 68 49 43 57 52 26 41 18 23 7 48 14 35 31 99 91 38 90 3 21 12 76 46 93 72 62 39 11 79 88 59 35 1 93 44 53 14 31 37 58 54 34 25 30 7 29 69 30 39 38 28 13 66 61 45 79 58
3 12 15 68 27 18 63 24 48 42 35 45 73 24 77 51 39 19 3 12 23 15 14 54 52 45 66 27 69 31 42 25 23 100 56 29 62 47 46 80 59 27 55 42 38 35 45 2 15 21 48 61 84 8 1 56 31 14 74 79 3 48 7 49 56 75 1 20 47 19 97 26 46 48 80 84 76 84 2 67 68 35 40 98 81 13 61 70 64 84 17 96 95 4 70 42 22 68 6 91 4 34 94 88 48 31 43 22 35 59 36 83 69 19 8 95 3 11 67 38 95 32 1 9 70 18 15 9 83 77 71 65 59 37 5 42 98 23 82 16 47 87 41 19 70 72 37 33 63 4 0 21 2 58 98
21 5 90 0 4 22 83 44 5 31 86 46 89 71 4 85 69 23 13 64 28 78 79 77 23 74 82 44 39 48 100 58 76 97 39 51 40 0 38 52 4 97 20 53 34 24 82 0 63 58 99 69 5 84 31 95 46 85 47 18 59 35 73 39 6 32 27 17 31 61 15 17 100 56 29 28 19 53 67 95 16 45 16 12 49 58 10 57 11 89 37 56 58 19 28 99 64 22 72 20 11 40 51 93 51 12 70 73 84 91 20 44 96 65 5 91 49 90 63 36 48 73 74 45 25 92 71 12 59 78 52 34 40 62 3 53 52 47 20 48 33 90 46 14 5 90 19 76 26 39 59 55 63 90 1
97 14 12 69 77 92 65 81 70 12 11 70 15 23 65 38 21 24 40 11 71 53 70 70 76 92 8 92 49 70 56 53 31 58 37 9 73 95 2 91 19 21 31 93 90 76 51 53 95 7 14 87 3 41 22 40 94 98 80 56 61 6 98 81 7 83 40 50 49 85 74 31 38 46 62 32 66 96 29 68 87 47 70 33 30 49 20 41 77 5 65 49 78 44 44 28 65 22 75 16 85 22 66 45 19 60 93 48 38 77 88 75 50 79 54 92 54 84 26 100 94 64 0 20 52 48 33 28 6 97 51 17 13 85 5 8 6 49 57 31 62 59 22 15 95 79 23 86 61 72 47 35 18 5 82
96 77 88 3 97 7 28 7 86 80 88 0 75 37 64 2 57 26 11 5 33 0 17 96 74 99 82 29 8 34 44 93 2 21 35 77 49 56 40 18 89 32 42 3 90 63 28 46 53 95 59 12 92 28 12 70 66 54 52 86 71 73 54 100 35 80 52 58 11 70 0 42 81 37 92 81 88 19 53 100 34 55 72 48 90 19 29 63 68 2 52 1 57 56 66 54 25 54 82 57 89 25 2 1 84 54 13 55 79 85 61 41 82 50 66 3 25 93 20 20 75 9 39 96 68 77 64 7 73 81 49 15 58 3 27 88 29 62 50 61 38 50 13 0 88 31 70 38 7 56 11 30 58 16 71
8 88 70 48 39 38 78 91 66 73 100 66 65 14 49 88 61 15 88 2 33 73 79 90 33 72 18 81 70 25 33 22 10 53 24 100 32 36 74 11 66 48 65 9 71 69 70 73 41 85 100 39 99 45 18 79 37 90 25 73 86 22 84 51 74 86 15 99 11 28 65 49 21 70 33 81 86 74 45 86 36 53 90 94 57 41 53 57 76 93 5 23 96 68 95 75 60 84 26 27 87 14 36 31 83 28 97 4 55 75 36 73 92 71 37 4 76 17 42 32 75 41 100 85 48 98 46 19 71 21 9 2 33 91 76 21 6 57 60 94 39 41 33 2 63 29 66 6 7 34 71 60 9 81 23
75 70 62 25 97 32 68 64 61 29 60 18 73 12 73 32 76 65 93 51 57 9 97 88 51 65 4 45 34 68 37 36 0 4 51 51 7 79 79 86 63 11 29 93 17 75 75 9 49 54 1 36 52 84 98 89 37 26 93 69 62 57 83 61 97 62 81 52 94 45 64 51 64 21 77 36 14 83 91 19 4 9 14 57 16 96 79 49 43 59 71 24 73 7 63 97 58 48 42 87 33 58 68 22 52 31 63 92 16 70 53 12 28 55 33 37 91 56 75 9 18 38 23 61 70 20 21 89 35 96 37 72 80 55 65 40 16 18 10 40 100 27 59 34 60 69 63 45 27 60 58 80 46 16 22
24 70 28 27 85 71 62 59 72 24 82 76 22 83 95 42 93 100 100 98 26 96 60 74 95 39 24 7 90 24 13 70 14 27 83 98 70 96 6 31 80 57 31 53 35 76 58 81 91 80 64 64 7 56 91 47 10 14 30 32 20 65 37 34 50 94 65 30 27 86 10 100 25 28 66 49 48 78 47 10 51 58 32 49 48 50 98 40 19 66 36 14 53 58 100 100 46 15 85 40 7 61 91 59 45 76 13 1 8 18 5 97 92 14 80 10 7 33 5 13 66 79 66 87 34 9 97 81 97 32 18 0 15 5 94 56 66 19 70 81 72 98 99 11 11 49 32 52 6 93 3 34 12 76 27
46 35 100 7 8 21 26 28 10 5 46 45 90 34 30 79 46 71 19 92 47 30 7 46 88 2 33 15 82 36 26 79 82 95 94 78 99 34 16 20 90 58 22 93 93 100 53 46 62 71 6 46 2 2 52 9 92 54 92 43 33 39 90 25 74 7 49 85 49 27 80 99 65 73 55 63 91 45 36 26 62 76 63 85 52 60 96 12 64 6 4 65 38 83 24 12 42 49 71 70 80 57 99 53 30 47 67 42 68 41 32 39 59 85 83 17 68 97 84 12 57 11 75 16 6 44 49 91 85 42 1 88 90 64 87 12 55 7 33 28 92 39 91 15 64 48 97 81 75 45 10 93 67 53 90
84 55 59 47 39 67 20 25 7 15 14 47 61 83 40 67 21 32 75 97 16 15 27 93 75 36 60 8 56 11 80 92 87 21 24 25 98 74 47 75 93 40 74 68 0 21 29 86 86 58 96 20 21 31 68 93 56 71 43 98 15 25 80 4 38 27 17 54 74 97 15 21 51 4 75 64 69 12 100 87 89 73 44 37 8 32 89 8 46 3 42 70 64 6 21 13 89 65 79 100 63 55 50 19 60 26 79 6 88 63 83 97 77 52 31 20 66 76 67 80 88 42 26 7 81 65 18 86 41 2 9 51 79 29 57 99 36 86 20 79 71 41 56 18 60 20 98 79 7 68 96 48 37 1 86
43 81 65 58 14 82 22 39 16 36 13 55 95 58 4 19 82 100 1 56 22 43 19 12 7 92 40 64 87 53 13 84 56 46 77 61 21 30 57 100 35 84 86 65 75 95 78 71 81 15 15 75 31 50 23 30 6 81 38 25 57 84 16 84 37 55 70 19 35 48 7 35 76 88 10 52 92 41 15 45 70 3 16 68 31 51 17 71 21 5 12 77 77 19 92 93 67 26 40 38 82 1 24 49 82 83 66 5 2 84 89 5 11 45 27 49 79 84 72 17 54 30 64 4 94 77 47 33 52 9 37 19 46 81 81 68 42 21 57 3 89 71 60 24 68 38 66 40 78 82 8 40 27 61 96
49 61 46 30 55 34 48 54 29 71 7 51 77 12 55 31 44 90 55 79 95 11 61 85 43 35 96 2 22 73 66 4 13 42 30 11 89 68 34 63 44 86 82 0 28 49 75 74 67 78 94 85 1 97 14 91 44 89 29 19 17 31 41 40 95 91 13 93 25 83 39 98 89 52 33 20 39 74 46 42 58 48 5 68 51 54 54 79 89 81 21 78 54 75 41 13 33 98 68 98 60 91 30 52 20 34 8 38 90 36 99 8 37 86 62 50 36 100 63 12 80 5 20 100 83 69 89 79 17 84 34 40 60 62 69 96 24 84 49 23 21 48 53 95 85 75 2 52 60 32 56 34 68 60 15
72 81 81 80 60 94 33 66 75 25 75 62 83 27 8 100 66 82 72 42 12 40 48 15 74 37 10 20 79 26 96 94 95 89 65 92 27 66 3 29 88 24 97 63 12 40 61 23 56 63 48 26 87 59 63 94 57 71 75 50 94 76 60 77 28 28 96 32 19 95 37 48 38 90 18 39 88 16 27 68 51 32 50 7 43 67 32 29 53 35 50 4 43 5 33 39 81 78 53 35 84 92 91 84 26 56 5 37 94 49 33 55 88 97 46 66 65 98 0 63 63 71 55 58 45 78 51 22 69 52 75 32 29 51 17 65 50 67 96 88 21 7 31 59 19 50 97 96 10 20 3 8 7 77 72
83 46 36 43 19 3 33 63 65 52 84 81 85 52 6 44 54 27 91 53 35 39 42 54 92 85 0 30 14 92 52 79 78 33 31 97 60 92 2 68 10 68 44 19 29 12 15 85 82 40 84 16 85 61 83 23 99 75 39 27 59 1 22 12 87 29 55 26 46 55 1 64 90 12 46 29 55 33 54 22 46 57 0 75 11 84 7 36 86 21 71 30 25 15 90 54 28 8 59 31 68 71 43 93 80 35 41 28 60 39 58 22 60 84 94 32 90 58 76 20 60 19 64 8 36 2 49 86 83 65 93 88 91 96 45 90 16 23 97 31 95 47 60 1 65 15 74 36 62 18 67 12 75 71 2
45 15 46 57 45 88 67 68 24 70 6 20 52 0 62 100 26 82 19 37 48 73 55 66 86 32 15 82 16 11 8 16 84 29 29 65 64 1 15 4 100 52 50 8 24 0 61 57 23 65 47 95 51 44 50 74 24 44 45 50 10 99 59 23 69 93 66 3 89 61 41 60 40 0 56 83 62 92 23 29 94 88 40 99 95 96 30 20 67 67 1 17 83 66 86 3 84 33 93 48 73 86 83 15 44 60 24 6 0 89 37 68 12 62 96 12 86 18 75 5 83 100 47 57 75 75 8 45 39 79 32 79 8 24 69 24 76 46 26 34 12 14 98 4 1 70 53 44 8 68 88 64 36 21 70
49 74 95 34 35 73 89 26 18 27 11 93 20 5 55 55 82 62 7 84 73 62 69 81 71 18 45 70 32 38 22 16 76 76 53 98 68 26 55 0 38 43 99 66 65 15 54 99 85 100 76 11 10 8 34 59 45 89 95 25 24 46 97 20 94 7 44 39 33 88 93 10 47 4 91 84 74 34 91 56 60 18 61 82 54 36 35 59 70 30 90 3 29 6 44 89 49 32 69 65 5 84 38 64 70 10 77 22 39 98 65 59 3 32 90 40 85 53 98 65 44 43 75 85 47 98 25 59 80 35 64 25 53 25 44 81 68 81 23 6 13 30 15 66 89 99 89 16 88 6 78 17 8 67 71
95 61 84 61 3 35 32 43 70 33 14 74 70 53 22 79 95 78 30 68 9 75 36 17 30 13 48 5 94 20 96 39 1 60 94 81 97 55 53 2 85 81 38 84 62 77 56 98 8 84 14 83 29 67 60 93 22 18 79 23 72 63 51 1 92 75 98 24 44 66 88 9 79 86 23 45 91 98 13 35 75 93 99 3 96 82 7 55 0 85 63 75 4 15 59 39 51 52 47 75 26 5 53 12 72 24 18 86 49 37 1 29 17 48 89 21 43 48 77 83 27 34 98 2 7 86 25 3 96 83 8 81 92 65 9 8 84 62 4 97 57 40 92 49 21 48 100 74 64 23 40 87 57 13 27
55 73 27 60 81 98 13 89 47 53 36 49 3 96 73 67 34 63 15 97 99 74 36 16 1 13 52 24 61 92 58 53 85 67 78 63 49 40 62 42 63 48 80 95 72 29 58 26 89 27 23 45 1 14 98 88 42 75 38 43 22 31 62 66 52 76 70 62 4 84 66 94 63 73 75 3 72 72 61 57 27 14 39 39 50 85 11 90 74 39 60 83 3 62 9 97 29 19 15 7 11 25 75 30 98 23 8 63 95 26 70 65 39 43 64 74 79 12 68 9 50 77 12 79 6 42 16 35 30 40 23 42 1 21 40 37 10 74 93 71 67 48 85 56 97 1 60 47 99 12 23 90 35 64 0
59 55 57 98 55 36 50 49 72 68 67 37 50 60 44 18 98 16 6 1 55 3 45 98 14 79 7 19 57 94 47 12 78 70 10 19 19 57 88 43 94 52 37 25 9 22 95 65 60 29 46 57 90 21 20 86 63 86 68 19 18 84 44 31 85 53 83 64 78 26 4 12 94 83 46 93 46 56 36 35 76 20 82 65 12 8 66 11 52 37 72 86 60 65 60 10 98 57 36 33 50 7 60 42 6 97 56 83 38 12 30 94 57 35 69 0 92 45 99 23 74 63 71 9 80 62 8 80 71 45 1 63 37 57 95 74 87 26 25 99 83 34 22 32 71 91 22 36 81 8 73 26 38 80 28
40 61 38 78 86 47 86 37 47 64 38 24 85 33 94 12 45 31 62 79 78 15 75 6 73 4 30 11 42 9 0 58 31 90 51 19 93 40 47 0 51 65 54 87 58 32 17 57 5 82 91 96 47 56 80 53 26 89 6 51 80 20 87 92 78 33 96 5 71 86 48 33 40 67 22 38 7 33 16 76 26 49 79 45 63 17 46 59 4 10 21 74 45 93 26 81 60 73 28 76 76 49 45 7 85 17 30 79 32 92 72 9 23 82 96 62 44 89 8 19 58 72 1 99 81 86 86 69 6 47 19 0 69 3 40 60 38 55 10 30 62 84 29 83 11 82 89 88 12 14 96 5 61 76 82
42 27 79 55 96 5 7 35 28 53 25 73 60 22 82 37 86 20 69 55 94 44 63 42 97 41 97 40 3 70 49 76 93 43 14 40 13 60 72 64 91 82 99 13 47 57 76 54 65 40 18 34 68 6 2 98 61 82 56 47 59 27 50 22 81 42 57 2 25 68 45 41 98 3 66 25 23 35 54 36 88 95 26 44 52 55 30 78 50 49 60 50 83 94 89 58 81 14 53 13 0 0 90 81 30 70 85 1 63 49 30 65 95 70 30 3 73 15 12 9 3 0 59 41 95 12 41 53 55 41 0 90 76 22 17 27 72 99 49 30 26 13 2 97 31 4 39 56 96 96 92 11 65 0 45
40 77 6 29 10 48 16 92 32 49 1 89 44 33 22 96 98 82 0 68 2 78 82 32 28 38 73 22 51 18 35 60 72 94 18 67 11 6 74 58 85 90 33 44 36 9 52 42 2 75 41 86 33 76 18 93 67 32 7 1 44 34 17 51 24 36 16 43 73 30 68 55 81 75 27 44 87 96 76 1 76 32 99 47 32 68 76 65 10 91 76 8 84 1 6 83 31 91 1 67 17 25 28 59 52 47 26 41 100 39 98 62 43 85 4 12 56 40 37 93 71 40 48 23 43 71 80 18 4 54 15 86 93 93 10 2 48 38 45 14 36 49 47 52 96 53 81 31 54 33 34 85 53 94 94
47 80 79 87 57 84 37 55 11 100 61 85 33 51 59 19 2 65 2 95 53 37 90 98 26 75 9 6 3 53 92 69 88 6 37 86 30 0 97 35 33 1 70 50 45 96 5 20 85 3 65 47 78 83 14 61 7 20 84 5 33 95 71 65 44 63 24 1 94 33 56 2 0 39 40 10 83 18 0 29 87 21 48 53 1 94 50 51 88 13 97 57 69 4 55 97 77 50 92 38 94 73 35 41 19 6 4 51 10 76 15 20 13 91 56 20 68 4 78 67 69 92 11 13 37 37 90 36 82 27 51 81 84 9 50 14 66 41 15 43 36 30 63 16 5 60 23 34 100 96 93 50 60 33 22
1 22 51 65 65 99 85 68 49 50 35 7 58 59 48 34 7 15 12 32 73 95 35 27 80 85 20 24 94 68 14 78 39 44 11 27 71 81 49 51 29 38 3 50 62 17 19 25 89 5 62 74 73 18 78 5 68 80 78 7 21 16 82 14 83 55 15 7 32 49 55 89 47 12 75 99 42 71 86 79 5 86 55 17 60 52 0 7 99 44 52 7 93 2 56 85 12 33 13 88 27 43 12 57 17 89 28 47 40 67 6 64 32 0 80 41 17 14 0 26 58 76 89 92 14 5 29 91 91 15 72 84 52 31 83 78 29 20 30 69 31 84 100 46 43 18 39 94 96 47 58 59 28 95 67
68 63 55 41 67 94 32 93 36 4 41 89 70 19 65 18 78 57 88 99 61 9 5 48 43 84 21 52 61 27 40 100 90 95 65 40 11 58 89 44 57 4 83 93 48 86 8 83 53 14 74 52 29 83 67 67 54 100 37 2 80 35 80 53 71 21 52 6 90 45 44 84 20 12 7 84 67 58 88 60 54 69 92 85 62 86 58 11 43 80 44 78 88 22 94 15 53 48 57 56 27 94 84 2 17 46 86 24 42 99 96 26 41 22 83 17 70 5 53 93 31 70 21 41 18 44 98 43 72 8 97 93 59 69 80 66 29 88 97 6 71 97 65 28 69 66 47 59 88 3 82 54 66 86 72
1 66 99 29 64 1 93 30 40 33 11 26 78 49 55 35 82 0 95 65 2 66 84 54 3 39 73 73 96 33 49 78 18 68 36 19 10 40 1 94 23 83 47 100 93 56 37 98 50 66 82 91 7 84 41 13 96 46 22 99 25 37 2 34 38 55 89 58 62 54 31 7 71 87 76 55 45 81 100 41 56 7 97 9 13 98 28 74 69 79 11 59 28 15 44 43 91 93 33 39 23 25 59 84 36 25 25 63 7 58 30 20 73 87 41 100 52 49 88 23 80 46 56 5 70 20 29 49 7 77 27 14 73 10 61 43 63 37 1 77 82 72 12 41 31 78 97 15 44 49 15 70 93 96 15
73 56 50 4 83 52 93 11 65 3 66 95 45 94 77 16 5 46 34 80 5 9 92 39 38 61 14 39 55 32 11 22 6 22 83 53 77 4 85 30 0 4 53 75 55 59 11 40 50 42 59 4 88 89 4 49 97 16 34 32 54 46 56 56 29 47 8 59 80 82 30 4 82 33 20 33 6 61 83 67 78 70 38 99 23 15 52 18 83 36 75 99 89 63 94 85 92 77 6 47 76 85 42 12 47 90 4 15 25 41 29 57 54 18 42 25 82 59 21 99 46 47 80 61 27 17 82 20 60 68 46 82 40 56 86 52 66 77 26 21 39 100 83 91 80 97 45 10 73 21 1 20 60 41 44
88 80 54 46 46 55 51 90 21 29 31 76 43 51 23 97 59 32 14 24 8 42 41 29 74 31 76 27 56 28 97 77 72 52 37 63 42 66 23 50 8 55 69 57 89 91 19 3 74 92 45 35 85 85 55 42 25 14 22 6 30 63 48 10 54 89 29 74 78 49 81 29 72 61 24 28 69 95 42 84 89 31 41 49 8 85 59 25 13 91 1 33 89 80 98 21 87 16 53 66 14 13 99 75 4 50 38 44 20 34 93 4 61 45 19 67 35 52 14 82 82 96 83 20 46 20 43 23 79 66 15 6 31 62 66 7 63 55 41 55 36 96 65 3 13 83 85 26 76 95 3 100 80 15 19
