94 61 76 81 83 22 49 67 79 61 38 26 25 45 88 76 25 40 74 83 73 100 39 47 39 1 92 53 60 97 81 51 0 47 25 87 74 55 50 64 26 3 88 19 24 17 62 54 5 49 85 97 23 45 69 0 69 39 69 3 41 74 14 5 11 91 41 60 19 98 91 8 99 20 78 34 42 41 66 100 34 3 73 100 99 71 56 94 45 79 63 47 10 25 85 49 32 44 81 72 64 63 86 31 31 59 42 71 52 57 91 21 2 93 25 95 22 4 36 11 99 14 55 22 24 30 76 40 92 28 78 75 83 95 96 37 34 93 92 75 22 51 55 24 35 45 61 71 44 7 85 81 85 99 13 14 51
45 71 95 65 16 55 24 1 79 72 46 33 100 74 56 48 8 38 63 81 83 26 25 41 1 80 85 32 87 56 83 76 86 66 82 32 33 93 4 91 87 13 57 4 91 49 28 37 30 43 49 68 57 15 22 53 71 22 47 12 73 54 33 37 55 63 27 53 53 34 69 68 12 30 2 62 68 76 82 70 62 54 1 95 94 81 60 85 47 35 99 53 11 41 67 0 63 46 80 47 73 55 12 12 80 78 9 76 61 29 32 61 11 4 51 63 41 69 15 9 60 50 7 0 87 63 51 58 11 98 50 38 37 7 97 69 89 28 15 16 5 70 94 56 54 91 94 25 17 30 64 47 8 57 63 44 71
31 75 54 80 54 74 51 75 36 99 49 25 87 86 12 84 27 74 70 27 22 80 93 14 55 55 9 91 68 57 42 27 37 72 97 41 51 55 45 15 85 55 55 63 10 98 10 52 85 53 84 86 16 44 39 50 78 91 87 82 48 97 43 41 82 68 4 59 80 47 54 41 26 82 79 58 34 43 21 98 87 58 21 5 75 21 26 37 43 9 4 32 48 73 48 10 77 66 36 78 69 60 5 56 59 0 3 28 50 25 81 60 63 29 69 52 40 58 49 77 83 31 18 91 72 48 31 48 89 49 37 9 63 95 67 21 77 18 80 29 25 21 10 31 78 15 18 89 80 67 99 19 27 33 45 3 80
20 64 28 7 3 76 24 7 78 83 35 27 21 98 65 97 91 97 65 44 51 100 8 53 50 28 7 25 31 72 4 39 91 100 19 83 42 60 9 42 6 63 63 53 94 86 91 57 84 89 53 13 59 13 8 37 54 66 7 68 55 13 10 3 99 54 81 67 95 52 91 96 59 83 48 49 86 92 55 30 100 79 13 39 20 6 43 8 4 37 39 64 88 70 19 24 10 90 9 11 52 52 79 37 59 86 11 4 2 7 2 83 2 49 77 20 9 41 62 56 69 95 1 55 66 18 36 60 68 47 65 2 12 80 22 31 46 87 13 77 37 69 96 17 48 47 59 64 31 29 34 68 29 25 64 53 10
45 89 25 48 95 29 98 37 24 78 16 62 54 49 91 96 6 17 90 21 36 73 8 65 67 19 92 21 75 2 4 15 43 55 90 12 62 65 81 19 68 60 79 91 79 42 36 28 76 46 95 72 46 74 83 77 28 12 48 41 17 11 40 36 39 91 31 93 21 98 60 63 28 52 53 52 86 58 56 0 48 38 24 71 48 35 79 63 93 92 85 14 65 53 44 37 69 0 37 85 61 40 28 95 70 10 12 71 99 6 37 52 59 74 54 98 32 65 32 5 18 46 37 89 18 7 38 35 66 47 77 94 96 24 30 16 49 43 13 34 30 32 54 56 39 50 37 40 22 26 9 32 85 23 62 42 47
91 60 39 68 97 62 44 70 17 41 30 62 21 16 43 0 65 88 93 34 84 96 62 2 38 68 49 45 69 88 3 63 45 91 10 48 94 61 72 1 84 49 25 84 73 27 46 4 87 7 39 31 56 64 23 8 90 36 93 21 5 4 50 13 77 74 74 10 37 38 32 87 78 71 79 55 71 77 69 45 76 69 85 88 13 38 90 17 19 40 48 7 27 16 72 63 89 67 67 90 43 53 91 48 79 100 87 7 32 0 76 87 72 33 12 65 11 83 43 35 8 75 96 2 36 62 67 13 83 10 18 39 86 16 62 9 73 1 31 10 36 56 41 98 12 4 89 83 14 3 94 73 81 42 27 98 82
34 8 26 37 13 13 53 72 10 77 34 63 67 0 66 27 7 16 93 20 55 92 12 44 16 26 64 25 95 54 32 30 7 19 85 11 13 90 98 17 74 3 77 66 48 90 10 3 14 38 59 42 78 8 45 17 56 53 32 54 17 27 34 37 52 57 51 0 16 63 44 71 59 9 83 37 76 50 42 68 54 23 77 54 53 93 49 29 93 83 10 59 19 7 96 22 77 72 96 82 77 66 4 55 21 32 32 51 9 8 69 87 30 67 91 20 6 94 29 90 10 85 32 39 27 73 30 25 34 41 54 54 69 47 73 2 7 1 57 4 29 97 42 75 73 29 44 35 56 95 34 60 85 86 4 69 75
100 26 24 94 88 94 90 48 29 67 67 65 2 19 96 36 58 28 42 46 27 58 66 55 63 46 72 38 69 27 54 7 59 7 97 76 47 42 96 52 92 30 90 22 9 95 73 99 0 7 8 48 57 21 25 71 22 88 54 63 49 39 77 73 45 63 70 47 28 96 59 16 87 37 37 25 60 22 4 46 1 86 26 19 16 67 47 43 63 4 87 54 30 36 95 57 22 40 36 6 39 70 14 43 52 60 49 52 47 95 65 52 89 57 22 42 92 38 73 49 50 62 40 82 34 71 69 0 61 82 25 2 30 14 90 30 46 72 74 79 46 33 17 41 39 4 50 64 80 51 95 44 55 5 83 39 40
44 42 84 42 54 48 95 8 8 88 58 27 28 71 60 98 95 39 99 65 68 60 55 35 9 77 63 8 25 58 49 90 63 6 96 6 53 64 78 45 9 74 27 10 98 66 39 64 54 72 15 80 71 84 4 51 82 90 34 80 4 14 67 43 55 39 68 70 58 42 87 70 88 18 47 61 52 34 35 82 100 27 29 99 45 9 28 55 65 87 4 89 11 1 50 62 52 29 77 82 13 5 80 86 76 93 13 100 47 9 99 63 34 64 76 85 85 41 63 29 16 67 33 64 89 48 17 85 57 30 9 80 91 31 21 100 90 2 15 56 96 13 30 24 76 30 27 91 69 77 39 32 76 14 60 13 62
7 82 8 97 8 83 79 67 9 15 60 79 27 14 27 28 38 48 30 8 54 80 32 45 99 54 70 9 81 35 69 76 39 22 15 21 10 19 72 55 36 4 49 22 8 79 10 94 69 48 50 17 76 13 58 11 66 26 94 19 36 96 61 33 64 31 77 54 42 58 82 66 48 71 43 1 26 67 56 63 80 26 10 8 21 82 81 98 97 52 95 75 35 25 40 2 6 62 64 19 65 53 97 39 43 83 77 36 61 44 33 46 69 40 80 73 99 57 66 92 7 41 60 3 33 7 7 79 33 83 54 41 48 73 74 81 36 37 0 29 7 78 24 60 51 77 45 13 26 88 96 75 11 0 38 33 43
80 76 79 24 100 99 35 51 77 18 14 62 25 46 36 59 22 57 69 84 8 2 91 30 72 62 89 63 100 21 80 74 36 75 74 97 18 88 64 38 38 85 3 32 60 57 89 27 49 14 65 100 45 13 88 71 59 33 0 21 94 78 45 72 4 29 36 75 2 26 60 66 80 39 63 60 8 2 96 97 82 8 67 48 99 68 0 75 34 73 60 92 83 62 92 80 13 49 68 96 9 0 85 52 5 69 67 87 56 62 83 4 14 73 79 58 99 68 75 47 17 39 17 47 29 71 84 99 96 3 74 60 9 3 47 34 99 24 60 47 53 20 16 64 6 75 90 65 8 17 1 44 55 93 2 11 59
91 93 84 55 5 93 26 18 57 35 64 47 91 68 93 47 73 28 33 100 38 21 94 51 91 80 42 41 30 32 58 81 23 79 73 62 20 48 60 80 12 68 30 77 38 3 87 7 37 51 97 9 88 90 84 49 4 29 74 91 45 14 55 72 27 1 53 96 11 99 12 82 53 69 1 16 53 4 46 31 30 89 31 35 62 63 5 95 60 39 46 96 17 23 26 77 16 59 0 59 99 77 87 83 64 24 16 6 63 22 75 2 13 23 69 81 67 11 77 100 56 52 50 67 36 83 27 79 2 16 21 72 59 31 99 65 55 7 62 27 25 23 55 95 40 56 13 66 6 31 94 47 3 80 48 30 55
6 33 25 52 64 20 58 41 74 64 42 96 87 35 79 13 15 3 68 12 19 66 52 95 68 59 30 14 97 48 68 13 70 33 46 96 39 84 36 15 28 22 53 12 43 69 81 30 14 19 95 26 46 82 55 28 27 100 46 55 86 61 80 83 20 84 55 69 65 25 79 8 30 96 34 27 71 61 57 99 42 97 22 69 6 66 100 60 73 51 35 44 94 69 67 2 100 70 51 34 83 79 13 32 6 71 45 49 7 70 63 94 92 38 48 8 37 19 75 10 43 62 85 35 3 96 68 8 40 7 40 0 59 57 17 19 52 57 29 20 32 4 22 16 100 55 15 69 43 88 17 90 54 64 9 16 14
49 28 1 54 74 27 91 88 70 47 83 46 54 70 54 32 74 65 81 83 39 44 65 24 80 52 44 15 15 100 53 82 23 98 90 35 62 60 56 53 16 71 16 19 7 96 73 80 8 29 86 65 33 90 98 76 22 41 96 93 35 0 22 97 56 78 98 61 19 37 77 13 88 82 56 60 100 79 21 63 22 35 22 57 3 56 47 18 27 84 36 24 44 86 89 95 69 14 1 4 63 24 20 66 33 93 57 81 4 19 15 81 91 91 33 70 73 12 1 26 83 24 9 24 52 45 86 92 15 82 73 96 20 11 78 4 14 67 38 22 51 57 20 56 9 84 47 100 81 93 80 20 99 89 71 48 88
69 81 21 49 44 30 86 29 85 29 29 75 71 81 40 42 84 71 63 45 16 78 11 33 92 25 47 2 23 1 56 84 88 30 58 4 14 52 41 32 39 11 65 70 61 89 36 79 80 42 35 71 82 80 69 90 88 8 88 45 16 29 95 13 50 91 87 8 4 10 40 50 67 24 52 58 81 43 77 34 75 15 72 56 94 25 18 36 43 46 26 38 40 39 26 86 14 47 88 85 8 61 44 80 89 58 81 64 8 57 1 97 31 63 32 94 37 58 10 29 45 16 48 65 25 85 41 77 60 63 29 14 36 83 17 57 45 31 65 40 6 85 47 15 64 58 72 40 32 51 7 14 1 58 85 3 98
19 71 13 93 94 75 30 10 28 94 52 97 16 54 95 31 58 18 64 80 83 39 88 13 52 3 11 20 9 87 56 84 36 71 56 28 27 88 34 58 72 83 81 18 40 57 84 31 23 75 31 53 95 31 0 44 79 17 90 63 24 3 35 31 23 63 16 72 16 71 98 20 23 69 96 84 42 3 100 19 3 71 33 60 32 99 44 77 18 10 90 82 57 16 96 1 93 93 14 18 84 27 18 32 64 18 91 72 12 42 51 6 93 70 93 80 37 6 3 45 6 8 9 95 82 57 10 15 96 39 92 60 5 40 49 16 8 85 64 27 94 52 61 89 5 14 81 16 20 59 25 18 71 20 39 100 86
89 94 25 44 10 56 41 99 43 14 7 48 54 7 2 83 35 26 67 21 68 51 37 8 84 8 5 91 17 35 41 7 93 61 7 29 55 66 9 98 74 93 21 1 3 29 41 80 3 26 87 29 80 97 81 2 78 9 7 19 37 74 9 60 42 68 42 51 82 28 61 90 0 66 43 75 28 78 34 39 64 4 22 75 79 2 41 49 9 34 3 56 18 52 84 29 69 5 29 74 9 59 17 50 60 73 50 39 13 7 25 56 41 13 48 13 9 10 7 62 40 41 52 40 41 62 74 41 97 92 99 51 94 94 36 55 10 44 9 69 23 49 61 56 1 93 44 71 29 56 40 80 3 25 100 21 100
33 56 71 8 47 66 60 71 83 68 77 78 29 94 41 50 100 28 1 52 68 8 72 1 48 19 19 69 38 58 21 96 75 63 53 10 11 69 38 38 93 30 5 6 78 55 58 65 6 94 58 60 69 22 1 19 2 49 70 93 4 55 44 37 81 83 48 20 92 0 82 60 19 84 72 75 35 40 89 47 89 76 12 51 70 83 20 4 39 32 47 39 79 31 39 10 52 70 84 71 41 100 31 91 80 75 8 15 64 60 25 40 33 35 82 10 93 14 30 87 11 62 81 68 0 45 89 88 93 56 3 72 96 100 7 22 28 38 11 24 74 38 2 50 99 32 85 94 83 14 85 66 14 11 21 59 63
77 1 1 17 4 31 54 40 82 29 45 2 23 24 26 83 63 8 90 49 27 55 93 31 91 73 50 41 96 62 99 11 78 18 65 15 80 55 99 37 3 2 8 97 28 94 69 10 72 33 39 22 55 15 43 31 62 10 82 7 80 87 47 56 4 97 40 64 48 66 97 13 85 52 2 31 13 87 48 10 38 43 6 48 44 36 49 32 0 26 53 31 78 24 40 100 51 35 27 61 14 61 2 21 49 34 45 59 31 26 31 39 80 52 59 85 29 4 98 43 50 31 20 57 24 46 85 23 38 95 29 58 91 17 99 99 13 90 82 21 46 6 22 78 82 38 3 81 83 60 5 39 48 45 66 66 73
7 2 63 67 25 91 42 60 67 70 41 95 62 77 17 59 49 100 19 0 97 24 3 49 82 4 19 72 28 76 98 73 73 23 53 34 13 52 75 16 72 32 66 16 30 82 27 59 63 59 57 17 64 88 46 25 87 28 3 86 27 44 31 47 74 61 90 81 21 65 60 94 53 74 22 97 40 18 82 52 94 72 15 31 44 5 9 52 58 68 2 19 92 80 78 74 60 5 5 12 15 8 59 51 77 54 90 67 31 50 54 36 79 57 69 83 51 42 99 7 28 83 5 23 62 39 33 59 3 72 24 8 36 41 82 0 76 83 36 25 21 81 53 9 64 6 63 11 17 57 34 53 49 51 70 0 9
7 64 50 28 87 2 5 4 46 39 7 95 95 38 9 99 41 60 63 4 86 75 76 77 54 68 38 22 98 26 97 65 48 87 88 11 57 47 51 64 25 56 90 56 4 18 71 90 86 2 37 87 42 34 29 75 62 70 0 91 21 66 92 87 11 43 76 63 65 64 42 8 95 75 96 80 62 92 74 30 90 36 69 26 91 21 37 73 100 53 72 5 71 100 10 67 22 66 33 59 16 16 13 52 36 94 23 31 38 79 30 12 66 70 21 83 98 94 26 22 3 43 15 89 70 75 72 12 58 5 80 40 92 38 91 85 62 33 12 17 52 79 22 64 23 92 80 27 5 67 59 87 5 91 32 29 73
13 68 51 52 12 15 88 81 37 100 35 82 53 73 68 60 39 18 61 25 49 53 77 31 43 11 2 1 74 10 44 23 48 11 68 20 45 81 61 52 81 56 46 85 54 0 87 91 38 48 12 31 43 37 61 18 44 75 13 57 72 47 50 91 11 33 70 52 64 87 13 71 100 51 89 41 69 43 35 54 57 41 79 90 23 42 37 86 14 25 45 68 30 51 7 94 68 63 30 36 35 76 100 69 36 89 2 6 27 100 21 0 83 91 61 52 30 59 2 22 20 75 98 97 37 67 33 14 28 12 77 19 31 65 72 16 0 40 82 63 25 61 89 45 95 36 81 86 0 84 91 51 20 88 54 16 28
82 61 33 60 66 91 59 32 88 90 65 15 49 93 68 70 68 86 78 72 80 66 14 84 94 93 34 62 72 43 66 86 5 64 38 89 17 95 30 15 88 60 83 81 38 23 46 94 19 36 73 12 46 31 23 54 5 52 82 12 52 5 6 62 92 10 22 34 63 15 67 19 37 93 85 14 42 67 69 95 7 79 59 57 73 50 92 76 48 77 82 60 97 86 93 38 64 65 83 4 85 95 4 70 80 80 31 65 61 29 71 25 91 82 16 82 10 7 11 62 36 34 87 83 90 10 78 44 37 11 17 79 30 74 84 96 44 40 22 19 37 57 90 9 34 13 55 47 3 88 100 7 79 65 92 18 71
73 40 44 20 42 43 3 65 100 49 49 4 82 68 92 5 33 67 69 85 5 53 94 72 16 91 31 77 36 27 3 77 19 0 66 72 19 7 3 89 88 40 55 75 9 99 40 86 94 86 11 28 88 99 91 89 28 1 92 36 5 1 59 95 20 35 50 44 61 1 57 75 20 30 87 83 35 58 89 55 34 26 84 20 45 15 93 29 47 22 70 94 56 34 65 50 50 1 31 43 64 75 32 45 87 73 55 5 59 76 49 0 98 95 72 57 54 42 18 17 93 57 55 71 51 11 22 45 14 16 97 14 17 4 92 22 11 54 79 71 72 20 99 94 18 7 41 95 4 68 89 48 100 39 7 82 56
19 80 39 24 63 0 47 43 9 36 42 49 19 90 54 73 9 7 6 51 9 55 69 46 19 12 6 50 87 75 38 16 61 1 1 27 65 54 100 66 68 27 40 58 37 30 60 43 32 13 11 93 91 27 7 50 73 94 25 29 24 57 95 89 23 39 11 26 80 21 22 90 90 39 90 1 84 77 17 35 25 58 63 73 58 38 12 18 11 41 20 96 54 34 37 33 3 34 91 92 10 58 28 14 44 16 21 39 44 61 50 80 30 85 75 28 53 59 26 8 88 5 24 93 97 16 67 72 68 11 62 20 97 38 82 24 29 90 38 26 71 5 17 76 89 92 23 57 16 27 10 89 11 33 99 40 20
88 19 34 0 54 74 83 34 71 1 26 37 93 14 64 52 27 5 50 34 75 34 37 91 4 30 50 16 78 58 4 9 99 5 10 96 60 53 69 34 98 66 94 66 11 5 54 29 20 77 3 36 35 93 46 8 7 56 42 25 76 22 48 49 10 92 10 58 27 6 95 28 37 27 14 47 88 50 16 74 33 62 90 43 25 20 6 26 50 60 45 83 78 2 70 54 31 91 41 29 35 50 31 82 45 7 42 3 28 75 79 74 10 75 48 27 26 16 51 7 72 59 73 16 14 96 83 35 62 7 89 36 99 47 4 23 90 51 6 97 72 72 89 85 35 31 12 80 85 62 4 39 13 61 83 89 70
23 68 59 88 97 91 57 86 62 16 88 89 4 71 92 89 2 51 6 21 81 36 7 14 57 6 33 75 38 67 28 44 61 96 33 100 97 82 90 24 55 53 98 46 53 52 1 73 44 16 8 27 92 18 77 53 3 55 99 40 64 17 69 45 11 41 31 33 96 8 78 74 9 57 59 58 40 16 92 25 27 90 81 40 52 1 55 69 22 39 33 33 62 77 84 60 29 82 100 44 34 34 23 40 62 61 98 75 7 20 0 47 40 16 52 24 43 11 37 51 30 80 22 85 97 11 48 31 68 2 43 55 18 40 72 1 38 6 100 38 29 90 85 95 28 79 78 33 33 53 6 3 89 36 23 56 96
80 75 72 29 30 38 69 25 63 30 41 10 85 55 22 48 79 32 6 92 93 59 35 100 70 90 37 10 87 77 60 82 55 63 95 77 96 58 37 8 87 55 8 39 74 82 28 57 25 7 43 83 9 21 78 9 96 56 74 94 29 82 89 87 21 50 60 86 43 18 67 64 2 8 6 6 18 60 42 79 67 48 67 100 84 96 48 78 84 76 14 86 15 52 43 0 39 86 10 29 72 15 68 12 2 63 83 12 10 29 36 99 28 62 40 54 39 3 40 91 26 24 23 51 8 23 7 38 80 90 46 9 11 40 36 14 44 61 70 11 17 71 27 28 42 74 0 6 88 30 47 36 32 64 55 19 7
24 36 69 88 15 19 12 37 47 57 40 68 29 91 7 76 67 78 67 86 100 72 79 8 8 67 60 77 11 35 94 62 56 56 5 76 12 79 29 81 43 99 34 93 8 69 64 21 17 81 88 71 67 47 85 64 19 87 13 94 33 44 41 9 26 100 8 61 18 74 70 24 92 70 19 61 19 49 33 22 99 21 86 74 96 27 4 100 41 69 32 41 42 15 30 81 69 21 36 77 75 70 10 37 89 7 40 55 24 11 73 51 16 32 45 44 21 86 96 92 46 59 47 76 12 66 87 45 43 99 75 84 41 100 71 53 34 92 63 64 67 87 71 14 46 95 16 86 10 90 76 67 30 21 46 59 37
88 86 100 92 92 59 74 80 80 95 87 21 35 60 8 92 30 61 8 13 4 44 69 16 81 11 27 80 46 95 73 75 98 69 68 61 93 19 83 30 52 94 30 43 7 7 52 95 67 5 35 18 66 5 67 16 0 0 76 48 61 58 71 31 0 75 13 20 39 23 93 31 1 39 0 96 36 46 98 59 86 22 24 63 53 27 25 70 62 23 69 21 90 75 5 59 86 61 57 46 7 72 23 55 5 51 63 5 51 93 32 53 53 6 44 79 40 82 49 12 98 3 16 97 65 86 34 33 18 9 62 89 38 48 78 89 38 59 8 75 74 62 99 39 50 63 52 54 59 100 36 97 81 9 26 15 98
27 90 92 34 77 81 44 78 13 99 83 16 1 50 12 26 24 93 65 33 84 65 89 65 97 71 58 30 74 35 79 37 41 57 6 40 74 28 94 87 56 88 51 14 39 22 21 58 54 57 67 43 70 62 97 87 72 69 5 28 16 37 49 43 24 93 44 50 16 71 69 4 39 50 42 73 97 68 21 11 1 0 36 75 54 55 71 25 84 43 24 10 31 14 87 0 7 28 32 4 44 69 73 8 50 31 90 36 35 100 32 4 62 75 89 79 51 43 32 51 8 67 29 99 27 97 30 53 19 64 68 45 50 89 37 60 48 78 63 13 88 10 55 14 76 66 86 2 99 30 4 26 95 88 51 21 69
35 43 77 29 19 18 93 35 72 76 84 28 47 80 44 82 51 50 45 81 61 39 8 57 9 5 95 69 16 34 81 81 30 91 28 21 5 98 45 77 51 35 8 32 42 47 76 25 84 61 41 65 13 11 93 35 73 74 30 79 27 43 55 24 24 76 3 10 33 99 41 3 8 33 60 62 43 80 9 71 53 18 42 2 75 13 92 90 83 70 0 10 54 1 91 12 73 69 91 70 26 84 27 24 95 68 70 54 84 87 63 19 77 68 68 72 76 92 97 76 75 69 22 79 38 9 0 16 78 89 14 44 57 50 75 7 78 28 42 71 48 31 57 24 24 96 77 67 55 49 80 97 99 64 51 16 69
49 44 66 48 0 55 29 68 15 71 50 68 55 44 68 34 88 88 50 93 6 37 15 69 47 76 39 31 37 31 55 28 97 16 77 41 44 38 93 56 22 47 17 54 99 48 64 79 63 23 6 96 59 16 64 78 37 72 99 28 16 87 0 28 35 30 43 38 33 43 2 66 83 91 100 19 83 39 58 81 51 30 46 57 93 60 73 51 99 59 15 83 37 88 24 71 42 24 61 99 85 70 31 31 60 58 77 74 32 69 41 29 55 73 12 5 35 37 70 85 90 37 66 88 37 84 13 95 79 92 28 32 81 64 93 99 76 85 99 100 90 8 45 48 61 0 91 28 5 66 48 24 32 36 96 91 21
67 53 28 54 99 88 88 60 99 32 83 80 2 92 63 34 26 93 11 7 51 64 14 85 99 40 9 17 82 77 10 83 45 48 15 36 57 30 21 35 43 69 87 58 100 35 8 54 49 59 18 48 12 97 49 67 51 16 1 31 96 46 11 9 6 66 8 25 56 63 98 5 27 98 66 23 91 42 76 29 54 21 33 28 77 72 55 63 52 62 76 79 29 53 99 55 32 11 25 56 100 65 82 16 16 68 23 71 71 32 88 16 92 66 38 62 76 76 86 65 61 18 62 94 72 51 39 72 89 9 58 89 20 82 39 94 23 38 17 97 37 92 78 93 84 78 68 97 99 87 94 97 72 83 26 21 52
47 22 86 1 95 16 58 44 66 16 17 83 83 31 56 53 10 93 76 41 42 4 65 17 21 79 57 95 93 0 90 91 34 65 44 29 96 79 84 99 5 61 0 39 53 15 97 85 100 82 84 58 28 90 78 61 89 34 3 27 63 86 20 93 37 49 2 74 0 0 46 83 98 68 96 67 96 90 22 35 72 31 34 80 36 10 25 9 92 12 10 65 37 93 19 98 87 13 47 24 56 52 48 78 75 16 62 86 69 72 86 87 83 100 5 69 98 18 25 15 44 28 72 36 2 7 7 88 72 40 4 99 96 0 97 12 49 41 99 52 85 96 44 70 35 48 47 84 56 5 41 87 71 32 79 100 85
86 27 42 80 88 8 79 74 15 75 72 5 6 61 29 39 66 51 30 27 47 41 60 72 42 36 82 11 78 35 94 24 53 33 67 97 53 95 12 60 79 41 7 88 29 58 83 94 83 52 70 11 42 27 97 65 33 12 44 1 61 93 68 43 16 52 24 92 31 89 54 25 69 30 1 49 0 26 83 39 17 26 86 67 51 24 90 60 70 34 29 73 36 17 34 18 39 22 71 45 90 38 4 2 88 69 76 10 58 55 2 83 90 52 84 56 26 27 8 4 24 63 65 46 87 87 42 52 65 76 0 73 26 35 85 28 58 42 17 46 64 34 15 40 21 94 78 5 80 24 86 66 99 67 20 97 85
44 84 81 43 30 37 17 83 14 65 13 34 95 67 22 4 52 8 36 34 1 50 83 31 4 34 95 27 78 18 96 68 31 47 96 73 90 21 92 96 84 60 52 70 16 50 57 39 62 20 24 94 2 19 46 30 42 29 26 4 69 26 6 45 16 64 37 59 46 35 45 99 54 58 23 94 50 24 52 14 76 0 93 80 82 9 8 57 93 48 6 46 36 10 41 67 92 3 34 33 23 77 78 11 74 65 65 8 12 57 23 92 83 5 98 35 92 89 39 82 85 54 71 96 95 39 80 56 97 80 66 11 82 74 65 67 49 36 47 77 25 3 5 82 89 96 47 87 45 33 94 98 30 86 37 14 67
47 78 3 85 42 58 10 64 28 13 65 75 50 74 65 67 55 48 0 89 49 49 40 90 73 31 30 70 69 57 58 51 59 30 90 100 73 10 57 33 64 64 19 23 40 50 25 17 14 11 2 1 29 91 64 64 48 36 90 53 80 96 96 8 26 11 50 26 67 60 45 99 49 71 17 4 95 73 0 41 99 26 19 22 7 16 10 83 31 73 67 99 34 71 65 7 19 66 15 95 56 23 33 39 48 51 89 38 37 89 31 35 25 24 37 80 79 21 47 72 59 48 51 70 49 83 31 81 31 89 25 25 12 23 1 51 57 95 84 46 38 100 71 44 37 16 98 62 76 74 59 82 91 2 31 53 14
91 81 35 89 38 11 8 20 51 22 39 99 75 12 85 97 14 55 48 33 81 35 16 73 19 42 96 56 68 40 75 59 63 94 37 22 50 19 92 50 58 47 87 66 59 3 69 5 9 72 9 99 21 54 23 9 77 42 89 26 60 6 80 15 35 47 36 82 8 43 100 68 12 7 6 11 17 65 45 76 4 50 73 68 47 81 6 17 57 83 9 33 44 67 99 43 0 96 2 65 45 92 16 37 25 30 3 96 81 62 86 100 9 69 18 2 77 2 91 87 89 81 60 86 24 25 69 87 0 13 29 44 85 98 94 16 22 63 52 91 5 90 85 38 91 8 72 29 89 73 55 72 97 12 63 52 71
34 38 54 48 9 75 50 70 53 51 36 4 23 53 74 78 91 84 67 47 82 10 29 55 6 98 32 16 81 3 71 87 0 19 3 3 24 25 86 15 31 57 1 17 86 29 28 55 7 96 33 18 82 90 84 76 83 5 91 93 25 71 42 6 36 98 99 38 76 94 61 30 90 24 94 25 83 88 83 90 100 4 58 69 65 71 100 1 98 53 62 45 13 40 61 91 53 11 65 69 5 48 62 80 7 6 89 36 60 52 59 14 76 15 52 81 35 53 19 63 56 97 91 61 88 94 98 39 72 25 6 31 14 76 72 0 66 64 25 32 84 47 77 72 15 27 94 22 23 4 10 18 8 21 74 58 53
27 28 12 7 53 52 24 82 88 6 99 87 26 19 15 73 96 13 1 26 62 37 95 20 62 94 52 44 88 43 68 5 15 41 17 31 23 12 46 91 97 58 86 40 12 46 84 41 68 11 96 32 94 54 24 77 57 21 76 21 51 55 77 53 40 62 19 53 25 8 70 75 6 33 13 85 33 86 9 13 96 63 54 82 86 81 98 75 88 40 95 94 97 66 35 64 45 15 57 4 27 44 66 82 35 71 32 8 49 40 16 64 34 81 87 81 43 6 56 98 16 16 1 1 74 57 83 9 66 56 7 52 9 17 15 60 68 51 3 15 28 100 46 67 87 0 49 62 100 21 47 40 28 26 8 96 26
24 58 24 82 3 36 94 90 66 29 25 66 81 41 1 28 99 74 37 34 61 97 68 68 91 20 56 93 39 20 31 17 90 52 59 52 99 16 52 50 0 73 75 63 89 66 89 83 53 13 11 34 49 46 45 7 34 42 94 31 78 40 99 17 86 74 49 27 28 8 51 28 1 88 91 13 84 4 75 80 69 16 58 13 59 5 63 33 93 50 70 98 46 19 75 55 15 85 25 57 6 88 44 7 88 56 82 90 63 12 46 74 85 80 57 5 5 61 24 16 47 77 68 89 50 100 26 100 33 100 11 74 46 86 44 69 67 54 91 54 96 95 75 94 80 29 76 73 24 100 49 43 80 11 75 32 72
72 41 59 53 33 73 85 0 60 38 81 65 59 80 81 6 67 95 18 72 22 85 1 76 6 67 39 12 66 68 38 43 64 60 27 13 48 95 90 100 67 62 38 22 10 95 100 85 77 28 0 38 83 89 45 13 3 97 85 93 34 31 25 50 72 16 27 36 36 40 30 84 17 12 30 4 96 68 97 10 76 57 3 85 88 3 35 13 91 58 9 53 74 72 64 12 95 35 7 83 34 31 87 88 74 65 58 96 29 6 44 35 25 0 7 11 21 99 24 54 72 13 88 28 6 11 91 41 28 17 0 3 10 24 69 65 82 29 13 48 48 40 95 80 77 52 21 79 62 32 2 49 71 19 73 27 0
23 21 90 21 28 39 58 40 97 97 2 84 50 12 67 90 18 43 47 63 86 70 96 4 24 67 45 21 24 27 50 80 14 2 81 95 86 86 19 44 76 25 13 72 13 22 14 51 85 31 47 76 84 28 96 75 51 14 72 3 87 47 35 42 68 80 15 86 70 3 60 99 95 41 28 33 97 96 10 31 3 82 41 29 56 91 71 77 55 80 92 65 11 57 91 79 2 79 66 62 86 55 2 50 52 65 41 30 84 72 66 55 12 55 94 83 65 92 82 12 25 29 34 86 76 36 98 45 61 42 51 36 25 16 100 40 2 55 16 74 55 40 93 35 32 75 76 32 28 32 35 97 76 90 83 31 9
92 56 3 74 11 84 71 53 81 92 51 37 40 55 65 22 95 72 0 90 96 35 26 18 70 6 67 67 61 95 61 45 65 5 43 91 4 83 4 1 71 10 73 98 96 72 92 30 2 62 58 85 64 59 55 87 2 51 70 25 55 97 4 34 79 82 1 1 13 58 72 77 99 50 97 54 6 8 65 35 90 39 64 92 37 23 8 61 5 65 15 97 47 100 90 5 9 85 66 42 56 21 22 91 30 43 45 24 44 15 83 28 55 14 59 11 77 11 80 35 86 43 66 26 87 6 27 9 18 29 80 59 57 41 27 33 94 62 55 56 40 51 85 96 35 92 72 65 72 52 54 27 30 6 31 50 79
34 22 20 99 45 32 19 38 12 83 87 34 27 24 75 51 28 87 6 48 94 61 81 43 87 54 57 36 82 94 54 33 88 66 13 46 38 1 61 78 23 5 35 74 70 4 46 69 41 90 80 48 70 15 97 30 95 51 81 56 28 81 60 77 89 21 40 54 72 20 83 50 27 71 20 95 64 63 27 21 81 44 7 6 64 90 7 3 43 97 38 94 29 70 7 33 7 5 33 55 62 18 32 63 70 57 17 27 87 52 91 86 36 41 53 79 85 18 41 74 70 95 55 32 76 4 73 95 4 64 68 78 91 83 32 27 99 46 3 46 44 10 43 5 53 72 53 5 17 41 11 55 95 85 79 96 43
19 54 89 24 69 46 53 59 90 2 52 96 74 6 28 9 33 36 27 76 26 19 100 84 78 88 85 86 85 74 60 36 80 18 18 100 33 53 0 74 33 79 82 3 72 7 85 19 0 17 73 60 31 77 34 97 17 66 57 78 92 14 44 92 7 51 17 37 90 59 82 46 20 50 43 14 27 72 77 35 51 21 36 78 69 43 54 0 16 60 72 62 88 37 79 48 13 45 14 71 67 39 85 70 51 64 75 38 17 59 55 64 92 40 79 1 35 82 100 42 84 2 46 52 86 85 57 48 33 24 56 52 49 3 83 74 11 97 0 13 43 57 43 92 42 72 92 6 37 23 44 93 50 37 74 41 77
46 65 73 21 85 75 35 40 65 18 99 44 31 29 63 1 100 16 4 68 100 58 6 70 68 59 47 2 96 17 93 72 81 68 4 84 94 39 29 78 19 51 81 86 24 91 49 61 39 21 28 73 88 90 32 35 72 95 40 34 87 64 33 10 71 89 75 67 13 62 66 66 31 63 71 64 92 99 27 35 50 88 4 83 75 15 20 13 19 59 98 5 3 48 87 57 86 10 68 36 65 18 68 26 80 30 16 21 11 29 13 76 99 45 73 37 84 52 58 35 4 85 98 43 17 72 78 0 82 55 17 34 35 59 12 13 93 100 28 66 44 51 90 53 37 47 78 4 12 57 87 64 68 38 79 82 35
61 58 72 89 82 84 37 68 100 5 18 7 21 88 16 7 54 62 97 13 70 58 40 97 22 72 8 86 57 8 46 13 17 21 3 80 34 5 28 26 48 56 75 82 30 6 0 5 20 56 20 98 31 29 0 76 58 73 91 91 100 76 65 89 72 23 77 58 5 2 89 62 30 49 48 76 71 94 34 98 69 32 78 50 79 100 76 29 15 5 0 33 43 36 7 87 51 14 50 68 60 54 12 78 24 65 4 38 44 78 19 84 94 73 23 42 71 5 73 4 10 63 71 2 1 11 11 9 53 74 59 70 29 92 21 17 42 8 58 38 92 18 22 61 61 52 79 96 22 82 51 97 64 76 95 70 0
90 52 59 28 19 3 69 26 34 40 79 60 17 54 94 28 37 28 100 8 66 32 89 58 28 90 73 22 76 51 79 15 94 55 32 10 38 42 32 22 0 71 44 92 13 61 16 51 53 68 63 18 62 76 13 12 38 80 23 96 74 17 70 28 4 14 69 68 56 14 12 10 2 1 8 3 5 73 40 80 72 7 65 67 51 80 46 73 70 58 7 75 56 77 53 36 71 23 78 81 19 53 40 78 86 48 97 69 26 42 29 27 35 16 74 92 24 27 35 4 25 96 18 9 72 74 83 81 94 1 65 85 92 80 78 36 92 63 52 37 90 37 77 93 73 93 25 65 10 76 88 90 21 86 69 53 21
63 74 14 27 51 95 88 9 22 52 65 35 42 89 5 38 66 80 47 8 94 95 40 77 84 46 29 18 97 56 68 9 12 18 82 15 63 40 83 60 61 80 8 1 59 77 64 28 17 69 75 98 39 24 43 55 7 3 75 46 56 84 87 42 61 88 28 9 71 95 93 92 63 8 30 76 27 67 93 73 12 16 45 27 83 81 75 48 1 73 70 20 92 65 44 76 92 56 55 30 22 46 2 55 54 98 93 36 10 23 34 56 98 7 42 65 40 62 31 43 34 4 97 86 32 3 98 20 85 41 75 96 55 80 31 88 42 7 81 91 97 11 47 4 54 66 87 96 45 36 86 32 4 3 40 77 92
40 32 100 73 5 31 64 57 25 11 42 93 2 78 5 61 68 44 40 79 73 20 23 78 52 76 99 48 72 31 1 38 10 54 80 20 71 25 79 41 15 68 65 79 66 78 94 10 2 23 91 61 43 57 98 9 32 11 48 39 76 42 90 87 92 22 91 55 44 0 98 41 82 37 23 55 91 21 14 51 100 18 65 30 32 100 80 60 50 26 35 43 62 18 81 92 4 85 98 35 47 93 99 94 19 44 8 84 43 83 56 82 66 38 57 36 14 91 68 66 94 16 65 61 4 61 62 15 33 53 35 62 16 87 63 59 65 93 52 26 73 10 21 15 0 53 65 21 70 14 56 63 52 92 21 99 71
15 55 74 18 18 5 84 77 81 34 82 54 17 3 39 28 65 83 89 79 74 32 33 17 49 82 11 3 2 29 44 88 81 2 98 20 51 93 14 93 73 91 64 97 60 73 10 52 12 44 32 79 38 54 58 79 77 22 33 79 44 42 44 34 67 24 33 33 59 18 20 21 63 20 91 63 3 62 77 13 71 40 19 37 59 2 70 37 70 83 83 85 30 13 52 38 82 91 5 37 65 78 75 91 2 22 4 13 97 64 52 99 0 58 28 63 18 89 41 0 1 98 63 11 86 92 22 70 11 65 13 88 43 62 7 80 70 74 84 10 31 23 74 8 56 3 45 68 50 47 31 8 16 95 93 43 78
39 84 53 87 64 68 28 75 65 83 35 64 51 44 61 80 5 65 89 8 83 29 89 97 92 28 27 27 65 91 44 81 93 37 16 79 71 57 59 59 70 29 34 44 31 1 22 77 55 82 70 96 67 49 6 16 33 8 17 1 26 72 16 27 13 100 49 50 93 31 71 87 50 24 35 84 50 28 44 19 55 45 12 48 6 31 69 46 83 64 66 88 7 100 11 51 25 76 57 27 37 65 75 64 74 86 10 0 7 78 41 10 79 80 51 61 28 35 28 52 89 54 47 47 5 46 58 28 92 96 56 40 82 51 13 42 77 1 47 87 24 38 28 11 18 43 67 1 87 65 70 24 28 56 68 40 12
83 24 27 79 44 8 11 48 62 32 79 64 75 3 36 70 85 20 53 82 74 61 24 8 4 24 10 77 68 81 80 97 66 70 87 50 75 60 1 69 0 55 91 14 15 76 4 33 53 6 100 24 12 62 97 98 33 21 24 26 4 10 59 83 58 54 47 86 83 31 52 47 67 45 92 79 37 29 12 7 76 7 31 100 35 7 44 35 69 69 79 58 30 53 7 63 7 14 83 4 54 41 100 87 30 88 5 50 88 64 1 65 22 63 81 92 15 44 9 22 49 96 44 60 30 43 4 48 30 40 55 10 71 91 26 35 79 39 73 38 55 29 5 11 67 79 65 25 9 64 19 77 96 73 27 74 69
65 52 33 91 83 14 82 16 36 71 47 81 47 80 71 14 97 55 32 50 77 33 5 68 52 1 8 3 54 18 20 79 0 8 49 94 91 49 52 76 19 59 59 48 19 8 88 92 92 13 3 96 44 45 58 49 32 68 27 46 59 12 73 79 35 25 23 87 91 61 39 6 91 76 23 41 86 37 32 18 14 64 53 41 76 53 20 26 6 41 53 63 76 25 63 60 45 64 78 69 10 43 61 46 87 14 79 52 16 42 28 89 10 2 52 82 42 35 94 28 50 79 55 23 55 27 23 52 100 72 14 27 2 79 52 73 64 23 95 45 55 74 41 34 99 76 44 92 79 36 40 11 94 32 81 51 94
4 14 59 69 19 13 60 90 58 79 90 49 37 57 30 21 49 10 8 75 54 49 74 21 20 16 92 59 21 6 20 53 7 73 83 68 95 55 72 74 51 79 76 85 25 53 62 63 92 81 97 24 25 12 21 39 87 21 52 26 40 48 5 7 12 39 22 16 34 76 42 65 90 17 40 90 96 2 90 90 13 6 69 77 81 29 99 47 92 85 1 97 62 39 68 63 75 90 100 11 15 2 59 27 48 21 24 25 28 100 29 36 66 4 40 38 87 14 36 92 23 63 10 81 12 85 10 68 67 86 49 0 73 17 15 77 48 6 83 78 93 61 43 33 38 47 36 57 29 30 57 67 7 10 17 23 17
90 92 74 51 0 46 92 28 100 20 99 73 78 88 19 11 17 30 10 54 47 63 27 46 66 19 34 38 37 31 80 39 100 7 13 38 37 29 66 100 81 44 20 0 73 100 19 74 5 72 31 33 72 30 8 22 7 53 48 25 35 81 7 14 0 49 27 61 31 46 86 76 63 0 78 82 35 52 0 6 51 72 0 54 84 3 37 75 80 42 51 96 24 2 79 87 80 38 19 94 4 35 95 20 8 85 11 6 99 62 42 2 73 57 20 97 23 25 12 100 0 37 75 54 45 36 81 88 4 39 45 14 95 69 81 22 54 46 62 1 31 85 8 66 72 70 18 36 92 66 5 31 26 68 30 7 56
18 25 22 77 61 18 44 52 67 3 73 54 13 33 40 86 6 19 15 69 16 81 7 24 38 46 56 39 40 19 83 80 40 89 51 26 84 77 19 55 14 90 93 56 51 75 13 91 100 74 79 3 71 70 22 17 4 97 66 94 80 28 26 80 60 65 77 84 44 44 35 45 69 16 33 7 49 100 24 8 59 53 53 33 46 23 21 41 55 8 56 37 61 28 6 13 35 76 11 100 38 11 10 8 63 83 69 76 71 83 1 1 4 91 37 57 15 46 29 16 74 24 65 37 91 25 81 6 97 23 75 20 57 79 16 4 12 71 66 65 24 32 23 56 38 5 61 16 40 17 33 92 41 41 69 14 97
39 76 45 69 54 23 3 34 1 68 29 57 11 69 3 94 62 31 62 23 89 40 75 35 96 75 43 93 84 82 18 32 89 47 90 13 24 6 97 38 59 6 96 57 92 18 15 50 25 72 22 63 72 91 8 34 34 47 44 40 78 75 95 29 61 38 36 91 65 39 19 21 98 1 18 75 92 31 36 49 27 80 4 8 42 10 89 84 25 3 56 80 85 6 0 63 2 64 29 29 53 78 49 37 11 46 80 68 24 38 67 69 10 18 9 95 14 17 63 68 59 10 3 40 42 95 12 80 82 67 88 31 83 56 45 47 54 40 60 58 13 74 42 82 52 7 15 93 22 62 27 81 15 48 32 43 93
98 99 45 50 81 75 60 26 54 46 78 23 71 30 3 6 20 4 63 34 66 72 41 81 65 62 51 81 85 91 65 13 4 59 24 49 26 83 82 18 73 8 74 96 60 5 70 47 61 99 32 55 37 61 59 79 54 76 93 32 79 31 78 20 99 70 60 65 92 78 64 92 85 19 86 41 29 88 7 75 24 68 89 0 4 10 39 41 9 10 47 57 81 50 68 35 59 67 92 77 92 75 93 43 79 49 30 8 57 5 56 85 4 76 51 75 19 86 8 45 22 17 59 92 44 84 12 60 78 32 57 69 43 73 56 99 26 30 80 77 1 6 61 67 32 85 83 46 85 27 32 13 2 49 71 40 16
22 56 14 97 3 98 10 59 89 20 10 36 82 47 13 67 75 20 28 16 32 84 71 20 100 11 8 100 4 25 73 78 52 85 10 46 88 92 23 56 14 7 41 85 93 80 11 25 86 45 23 23 2 66 87 35 83 16 7 67 18 74 31 85 34 3 49 31 23 18 59 64 44 28 47 81 28 36 0 28 94 4 1 89 2 5 14 10 26 98 55 14 40 29 23 4 74 81 87 86 57 94 97 33 25 19 25 64 91 75 78 41 9 27 71 33 38 34 55 40 68 16 70 50 54 19 86 98 22 31 3 32 92 92 79 26 28 32 77 70 17 41 40 54 43 83 32 52 15 51 2 92 85 79 34 99 65
46 88 69 32 36 26 10 97 59 58 98 92 5 11 3 78 14 75 4 66 65 30 63 53 58 39 67 91 15 69 14 98 12 31 72 76 52 13 63 10 2 40 89 45 47 16 44 5 25 58 81 60 43 85 11 21 84 93 53 28 47 76 97 61 66 10 27 46 70 5 10 66 87 24 53 65 50 46 41 29 29 86 40 14 89 20 52 31 44 79 64 16 33 38 96 55 29 0 31 30 98 33 53 39 93 27 72 31 6 28 56 15 69 58 57 98 24 87 22 1 58 29 14 93 24 35 28 85 79 4 2 57 24 74 53 15 46 86 64 51 47 20 98 60 28 57 23 64 60 54 72 4 22 100 2 63 96
22 8 81 52 62 8 50 50 87 78 3 69 1 54 13 41 85 66 27 32 65 91 89 21 73 27 49 4 9 9 80 2 35 71 24 3 86 27 19 94 62 50 63 84 0 6 58 22 32 28 81 58 94 11 95 0 26 30 91 22 41 90 24 80 17 53 35 9 20 8 34 64 19 6 93 8 82 82 47 99 10 12 99 5 48 50 77 89 36 60 87 44 48 5 26 7 35 90 26 86 84 45 24 82 15 95 26 88 58 100 68 45 30 46 60 61 63 92 48 40 95 48 97 25 76 8 77 76 99 39 60 69 12 38 40 99 82 68 41 39 54 71 32 22 16 27 71 65 34 47 86 18 70 94 93 35 95
17 17 47 80 53 3 7 97 21 37 82 23 65 4 10 20 66 24 28 31 30 20 92 92 24 34 27 25 0 61 17 36 97 95 38 67 71 29 2 74 17 53 61 69 70 60 75 21 5 69 9 80 43 12 13 97 49 50 44 66 86 27 48 98 96 10 45 62 31 50 19 4 95 15 33 58 58 81 31 90 86 24 31 99 26 46 69 2 41 66 0 55 60 95 73 77 3 50 56 30 41 5 88 59 38 51 61 67 71 25 82 68 43 74 67 23 89 35 99 14 90 3 60 38 79 70 38 56 78 51 18 6 38 79 96 64 69 90 95 40 25 14 44 8 85 45 81 78 28 38 3 14 41 8 81 79 57
4 94 12 40 28 39 11 39 73 60 39 88 55 99 67 27 83 2 83 2 54 8 65 58 40 18 26 6 63 84 70 25 71 82 51 73 90 53 64 0 28 50 14 10 14 9 77 54 64 23 62 16 99 14 36 68 26 42 58 71 15 8 67 93 72 97 78 47 29 5 70 73 24 28 72 36 9 88 2 88 28 28 32 42 41 6 0 34 90 26 58 57 73 97 84 19 91 12 74 94 69 91 7 75 95 57 76 50 66 83 7 35 7 91 7 12 61 39 44 3 12 30 6 82 1 11 18 50 29 67 86 64 58 57 72 84 71 38 16 10 25 1 23 34 92 12 59 65 8 2 41 68 28 62 69 10 59
66 85 55 100 87 87 57 34 80 24 54 0 52 8 23 7 56 85 77 90 8 22 23 37 99 38 61 24 75 30 53 33 99 81 45 80 25 51 41 12 36 77 27 29 0 98 18 58 74 64 87 19 13 31 73 57 70 32 20 68 45 97 72 91 98 9 80 78 15 94 93 52 35 54 73 74 33 53 43 77 13 21 26 0 7 79 49 25 85 2 70 50 17 21 24 19 26 50 75 54 14 12 85 9 92 54 40 33 74 83 71 44 12 4 23 3 1 8 39 4 57 50 49 22 10 4 51 53 43 65 17 4 34 18 23 14 20 45 8 82 10 0 88 56 72 74 42 93 90 81 93 1 60 47 31 90 30
39 69 22 54 66 62 54 51 87 92 89 11 55 23 46 79 55 33 72 34 65 98 30 83 90 21 75 78 63 0 80 78 75 74 84 10 32 30 93 97 47 31 95 12 2 54 65 9 87 44 0 5 44 30 93 23 71 86 37 33 70 83 50 4 45 63 53 83 83 47 12 37 47 55 86 0 62 6 94 15 19 34 73 95 19 98 77 100 33 20 18 58 2 60 23 50 54 30 71 77 91 39 71 56 34 58 97 1 8 96 68 48 50 63 39 26 15 9 77 6 2 71 59 26 16 31 29 22 98 29 82 95 97 43 9 0 100 35 38 92 36 42 73 5 64 80 88 15 63 34 43 10 86 97 77 53 96
49 14 1 7 25 60 70 79 16 26 0 4 6 14 37 93 86 9 55 60 24 43 63 89 90 49 10 41 96 58 60 88 50 60 28 63 71 3 87 50 87 49 3 57 6 87 76 33 23 93 15 46 59 17 94 77 87 32 7 36 97 27 29 92 67 73 97 5 16 75 95 29 24 27 18 43 42 99 59 91 44 20 21 10 0 72 31 10 35 7 6 21 32 43 36 3 63 28 21 87 40 69 49 31 31 11 72 57 78 3 100 33 79 19 68 92 67 90 52 52 33 60 97 15 87 39 25 56 80 37 91 0 94 44 63 65 56 42 36 54 94 48 71 71 93 41 90 66 62 62 3 65 71 94 98 94 61
1 44 20 68 0 55 41 16 27 83 94 87 4 12 22 12 82 67 97 19 39 58 30 99 12 52 15 3 15 53 57 68 68 14 30 79 20 36 78 41 16 75 77 8 54 77 69 29 55 49 41 72 93 60 96 94 13 7 93 100 1 85 74 68 16 53 69 16 28 94 75 64 40 95 26 39 60 13 12 65 64 88 17 0 59 62 57 87 9 75 20 63 4 25 27 67 61 87 81 22 55 3 87 53 43 98 94 97 18 5 38 93 37 43 16 93 94 64 78 87 91 21 42 3 29 76 29 89 77 63 23 58 66 49 92 58 20 59 3 43 20 28 48 36 15 38 66 78 19 55 100 3 92 74 90 53 81
35 94 4 26 7 49 31 84 72 11 40 57 25 26 8 36 76 88 99 64 64 60 89 22 57 34 62 8 42 17 83 0 35 39 45 45 40 18 28 31 100 78 45 57 9 80 100 66 2 82 3 78 12 78 21 47 31 66 10 83 39 63 54 96 61 40 14 34 43 83 100 94 4 71 94 83 34 62 26 1 0 44 73 93 12 94 4 92 69 58 79 6 98 0 42 82 55 21 15 83 68 21 50 96 89 98 25 88 8 83 62 40 53 99 90 39 51 6 61 82 58 7 84 71 78 3 37 35 21 92 21 32 54 43 95 62 57 6 74 4 74 20 65 74 91 27 93 7 64 88 65 2 37 17 6 100 48
42 6 20 89 86 27 1 2 31 59 9 83 36 60 68 55 31 92 2 86 47 36 9 24 37 82 14 11 77 76 10 77 34 5 44 47 13 8 10 13 16 75 84 66 21 44 53 38 3 43 13 20 32 21 31 3 20 1 60 35 51 10 92 80 76 24 40 94 9 94 92 35 0 51 14 3 62 70 17 27 87 31 75 2 23 97 55 71 11 96 77 67 26 56 98 2 53 35 73 93 79 86 14 48 77 12 75 36 26 40 32 49 67 91 8 40 33 37 13 24 41 85 86 5 12 12 21 85 25 42 94 30 2 51 48 13 82 53 75 31 85 82 86 75 2 3 23 54 86 65 45 4 29 72 42 32 29
100 81 89 47 13 23 44 90 9 57 27 61 39 8 13 58 57 38 93 50 42 73 72 65 98 95 84 62 72 91 84 50 19 2 93 38 18 95 8 80 48 87 12 23 94 97 23 91 16 22 58 48 14 27 7 8 90 93 72 100 39 42 53 6 39 78 32 73 55 2 15 69 48 7 12 79 92 52 2 81 79 19 23 10 71 35 1 98 9 45 36 51 34 38 3 96 33 48 44 59 57 31 36 2 76 75 80 85 1 85 12 9 46 48 94 87 76 29 58 77 78 76 81 11 6 8 29 29 41 25 43 18 40 74 58 22 67 62 33 82 18 37 46 1 28 27 31 62 98 39 79 99 45 54 51 100 36
81 82 96 56 23 21 70 82 97 12 9 34 18 32 92 18 49 77 39 27 40 81 34 99 36 47 84 18 62 25 9 9 74 41 38 28 98 16 57 70 58 41 91 28 23 22 18 98 87 31 87 37 98 46 6 42 98 65 39 53 85 92 3 49 99 20 85 72 35 53 91 100 82 70 34 23 29 39 48 12 20 57 96 11 38 1 40 2 67 44 20 71 46 11 0 63 44 70 79 87 69 62 38 32 48 51 0 10 74 97 9 58 47 2 40 43 6 68 86 85 35 4 45 13 9 51 77 69 71 23 68 6 93 71 42 83 92 64 57 49 15 42 24 82 62 3 35 28 33 61 83 63 56 35 13 15 79
96 35 27 17 48 65 77 87 75 6 11 56 1 52 12 67 55 9 26 54 64 19 49 77 100 37 24 27 10 26 9 42 83 73 74 0 11 50 60 37 96 37 50 12 57 7 90 0 79 86 89 49 53 20 5 74 14 7 49 25 28 49 83 52 58 60 50 3 87 6 33 54 20 75 76 98 34 67 82 69 71 46 67 23 55 97 98 26 98 16 30 98 39 85 61 58 15 10 84 9 94 82 89 57 96 97 95 48 20 75 68 61 62 70 2 23 35 78 44 92 60 14 90 100 93 8 24 15 73 71 81 64 22 71 40 70 17 24 11 57 66 98 91 23 61 3 60 84 85 11 95 24 55 9 69 62 56
50 79 10 28 46 79 78 76 49 33 89 59 31 33 35 72 21 89 39 23 33 56 59 46 53 87 4 19 38 9 53 42 54 2 13 95 34 60 59 19 21 63 61 2 18 60 85 36 58 99 44 23 39 94 61 93 80 26 43 8 84 1 68 69 26 49 16 44 23 11 7 75 19 15 80 45 48 47 100 16 93 1 85 85 63 61 67 91 21 7 4 92 9 17 60 72 32 40 76 70 57 31 32 11 6 83 44 48 59 0 71 62 5 3 50 28 64 61 53 2 28 35 17 23 4 31 98 12 39 81 7 19 56 15 98 78 21 96 69 85 7 27 29 3 35 45 47 91 84 3 26 61 100 31 42 61 15
80 7 17 52 70 37 78 60 97 24 24 68 69 46 83 87 28 18 55 1 54 22 91 12 90 63 97 46 34 91 17 90 44 85 54 14 83 40 78 100 16 85 74 42 91 84 54 34 84 30 66 53 33 47 28 43 53 90 10 22 34 73 41 51 81 95 76 29 2 8 62 23 87 42 35 73 11 84 44 72 89 26 18 0 30 100 98 3 47 50 86 9 89 0 83 0 92 8 67 55 51 85 58 56 71 51 84 38 38 4 23 23 97 27 34 33 86 95 12 79 5 35 27 36 27 78 83 69 30 24 23 75 87 91 94 49 23 76 79 81 33 60 66 39 58 16 50 94 90 77 96 45 16 21 94 55 75
13 37 61 77 38 69 59 85 1 22 53 33 9 45 93 45 57 82 18 22 62 6 67 53 53 96 33 72 38 88 6 17 5 15 13 9 20 65 86 62 40 44 82 7 44 68 22 29 36 26 11 95 28 14 34 95 80 74 67 55 59 70 97 3 17 33 94 59 14 53 66 21 56 51 8 49 22 37 58 54 80 91 90 86 75 28 3 89 22 66 42 68 1 77 60 66 22 23 13 9 8 57 16 55 10 20 43 16 20 50 3 4 92 30 45 30 44 70 87 84 3 26 48 16 90 69 79 29 58 41 14 24 47 63 25 32 23 22 41 15 94 59 23 85 27 81 11 55 57 29 38 98 8 34 1 10 56
89 24 93 89 45 69 69 4 15 44 75 54 62 22 14 39 42 20 40 47 80 37 93 58 11 46 56 23 7 2 12 1 0 21 76 99 61 31 36 55 39 16 33 30 2 34 79 89 46 3 9 17 63 97 64 65 11 88 29 88 14 98 27 94 76 19 58 3 74 3 61 91 54 3 84 77 7 16 6 16 68 79 66 85 38 84 70 34 90 100 45 92 76 16 63 25 21 64 89 100 40 91 57 17 66 1 40 91 27 7 61 83 68 6 21 72 44 70 100 50 45 11 24 33 3 44 40 9 81 84 21 94 9 100 99 2 46 92 33 73 88 39 18 77 17 50 78 63 92 23 89 37 78 41 81 36 64
97 3 61 36 62 19 31 24 89 16 47 65 18 24 43 59 27 20 13 90 63 1 67 54 19 98 8 46 33 84 67 57 28 98 84 70 29 64 57 22 91 81 54 68 68 43 8 49 14 63 1 9 83 47 53 57 52 21 37 90 56 60 90 4 89 61 81 39 89 52 85 56 88 14 53 68 26 98 71 84 73 75 53 84 4 85 15 97 52 20 43 67 64 4 63 59 39 36 46 11 37 39 59 25 78 70 6 16 91 34 95 65 39 2 97 73 28 91 0 38 55 16 18 58 88 11 37 36 87 12 55 74 0 1 66 21 65 56 97 79 36 27 6 8 29 48 80 84 85 86 37 40 76 75 84 6 17
16 2 19 36 33 26 15 24 31 40 19 9 88 27 78 45 42 52 41 3 72 43 42 8 44 9 93 52 20 71 12 78 62 20 27 14 45 84 89 63 55 51 50 15 63 64 12 6 61 69 5 10 62 7 64 54 77 27 97 57 72 43 31 20 48 88 0 10 25 60 72 34 48 85 70 36 9 76 38 94 10 83 53 9 50 76 21 33 46 41 11 68 3 66 4 41 42 60 18 19 68 70 79 83 55 89 23 43 81 56 39 53 32 70 41 66 9 76 44 48 30 61 62 27 20 5 53 40 15 10 63 56 99 68 53 91 80 75 97 78 49 93 9 19 88 15 20 31 70 33 39 50 19 51 21 72 89
34 77 64 95 1 69 56 7 36 18 44 77 15 40 90 66 65 0 27 96 72 13 67 47 39 54 96 15 45 0 19 90 34 20 9 76 74 53 68 98 95 90 80 18 43 24 78 61 12 39 62 34 53 61 26 4 37 18 58 90 56 33 19 43 28 77 76 89 13 36 84 67 70 53 52 83 74 74 34 71 43 58 3 30 82 39 57 87 19 18 43 30 49 14 72 99 86 37 7 35 24 40 77 3 70 89 46 74 17 63 63 65 13 33 73 75 5 68 97 7 35 48 78 66 77 15 74 33 7 97 67 59 31 80 64 69 96 29 80 91 99 3 54 8 3 90 62 93 1 26 94 6 14 51 65 100 42
4 78 1 72 31 57 89 87 20 14 84 55 92 78 30 78 62 29 21 78 57 99 79 19 6 94 8 33 44 100 13 3 32 34 13 35 91 27 91 87 34 87 60 55 17 19 52 0 9 36 33 81 53 61 84 46 85 88 89 46 71 41 72 97 50 98 63 90 53 96 93 44 40 20 49 42 50 83 77 48 66 87 9 81 83 44 5 92 26 43 13 17 5 90 26 69 73 41 13 52 55 3 53 93 67 81 93 58 32 73 65 34 60 69 40 71 53 81 75 11 30 71 26 3 68 99 35 38 74 26 99 32 94 77 34 99 57 15 34 96 70 19 89 39 10 73 77 68 22 97 77 44 34 20 31 53 55
60 1 35 59 10 66 84 50 96 7 14 12 29 4 23 60 52 61 16 62 72 22 38 62 59 97 52 54 85 53 32 83 99 35 58 95 45 92 31 91 58 7 3 68 29 55 6 79 97 77 89 88 7 68 71 75 39 68 57 21 35 94 42 61 65 26 65 29 70 55 14 18 28 85 65 68 42 74 39 97 71 26 94 25 79 18 68 23 57 1 1 95 24 16 26 68 98 87 42 75 77 70 12 54 83 59 15 95 42 27 46 68 64 96 54 38 50 9 64 70 53 54 88 26 13 78 6 52 21 56 57 52 69 39 47 70 82 5 82 27 69 84 85 99 4 79 64 50 36 12 36 62 73 54 67 100 72
0 75 64 51 94 20 3 87 15 79 98 16 51 92 23 60 67 88 72 3 85 98 11 11 37 21 94 84 97 34 81 74 96 31 5 43 77 94 6 51 42 14 76 26 18 23 90 100 96 21 27 99 18 31 37 35 57 1 26 77 60 7 13 88 48 36 20 82 79 82 71 1 99 9 83 65 50 14 13 40 11 62 29 60 29 41 78 88 44 69 56 68 32 100 40 57 58 83 45 7 82 27 39 5 48 39 14 37 39 33 38 17 10 64 57 58 61 20 73 46 91 18 16 30 69 59 10 75 28 59 53 18 53 17 95 68 40 37 19 18 20 3 17 33 81 18 50 40 95 66 92 51 11 82 100 38 80
14 96 84 80 58 10 25 90 34 24 79 67 74 53 79 76 93 62 45 22 25 19 74 87 4 10 13 19 86 52 31 82 66 6 35 41 65 97 10 16 95 88 77 100 11 48 77 97 45 29 20 0 93 60 83 39 48 3 67 55 54 72 28 25 29 27 87 31 61 51 16 90 67 74 93 77 99 70 35 50 64 25 92 32 12 48 65 92 77 46 99 4 95 73 1 96 6 19 43 34 66 99 63 75 31 46 52 81 93 98 6 86 14 48 86 9 84 64 29 98 77 85 11 43 20 27 87 42 90 44 58 72 0 60 41 51 88 24 55 94 78 36 22 84 83 32 17 74 42 45 72 0 40 56 6 36 11
79 35 53 73 95 53 2 68 92 76 70 51 15 74 19 61 84 5 1 8 95 37 96 91 28 3 58 42 76 31 65 61 52 45 8 34 68 38 2 8 78 3 93 25 11 55 73 68 37 18 11 76 5 36 83 4 33 50 63 27 3 55 79 25 25 64 43 83 51 16 21 42 29 50 64 45 74 33 4 75 95 81 71 31 92 53 86 72 20 43 8 68 80 44 87 5 88 59 15 97 93 83 100 14 37 83 13 24 95 24 97 92 93 94 84 50 62 96 89 93 77 7 93 7 58 35 59 52 58 8 73 96 11 68 95 31 26 71 60 88 49 39 68 38 2 14 26 74 57 74 8 54 94 89 33 95 99
50 98 75 26 90 32 24 79 59 60 11 66 94 29 68 18 12 86 0 36 2 48 85 37 25 17 70 54 66 84 54 64 47 69 72 46 3 99 35 53 0 34 69 65 26 80 97 81 83 59 3 29 9 41 59 62 50 3 88 20 67 9 62 98 24 67 23 94 23 0 11 20 63 5 59 64 51 42 34 32 35 46 80 84 62 77 61 34 93 31 67 18 4 41 1 41 99 20 97 75 10 100 51 41 55 78 97 35 91 10 64 86 0 24 66 33 17 63 93 38 41 27 67 1 1 52 76 41 93 8 73 69 31 22 29 11 72 45 70 91 11 65 34 39 7 56 39 96 8 63 20 20 16 88 8 94 4
94 26 73 77 44 59 42 13 63 63 37 1 49 88 0 70 41 2 85 94 75 94 99 9 41 23 34 56 94 19 97 29 94 70 59 80 4 64 81 17 83 12 48 20 79 73 31 89 49 5 93 34 94 60 41 28 1 46 97 12 24 86 39 12 74 32 65 58 88 93 98 40 27 20 61 23 95 24 15 66 96 45 33 40 86 28 88 26 88 88 78 23 89 36 17 34 52 54 63 12 43 76 62 10 66 54 64 3 84 41 81 7 61 75 48 97 21 28 96 22 62 47 77 75 16 99 91 87 27 100 36 56 53 95 95 77 72 57 31 70 3 48 33 75 62 52 67 85 91 17 8 22 24 65 23 20 69
51 89 4 12 69 91 46 84 2 79 55 3 55 82 82 47 52 2 50 28 46 35 70 71 66 64 41 22 57 59 28 77 44 68 97 6 59 38 81 99 20 31 51 100 64 82 71 49 14 17 59 11 39 17 50 4 15 38 98 18 81 64 5 18 69 92 83 37 100 0 34 31 87 46 68 7 41 70 1 10 68 84 42 40 69 94 82 78 59 52 10 73 66 32 92 69 44 49 2 83 75 38 87 71 31 92 43 80 54 23 58 49 4 39 28 43 28 81 60 25 27 56 40 77 60 77 76 88 96 11 26 60 39 77 0 24 52 2 67 82 70 59 89 85 99 23 15 12 61 73 46 27 39 46 13 5 88
27 3 16 31 83 13 50 29 18 46 79 44 14 79 38 65 48 89 65 14 18 26 24 5 19 20 28 22 100 31 92 8 48 2 74 84 87 12 39 18 100 24 67 49 99 71 77 68 78 61 29 23 100 39 97 11 80 45 38 87 2 40 97 74 13 57 1 83 62 31 52 46 4 67 100 17 64 62 22 30 100 70 38 22 18 59 13 58 31 81 82 83 29 92 55 98 54 81 84 85 93 80 95 92 100 5 74 47 8 31 74 31 11 56 4 77 68 96 61 97 1 92 61 17 65 39 94 0 4 45 30 29 38 25 21 87 70 10 51 23 38 17 40 46 39 47 57 60 82 10 22 88 1 64 56 80 69
48 89 68 69 78 13 23 29 26 30 1 71 41 29 1 82 61 13 74 45 79 43 63 7 56 9 31 11 18 26 69 39 43 59 37 69 20 30 16 27 69 84 64 78 56 43 1 94 47 25 77 7 52 89 34 25 33 32 38 52 69 55 73 96 98 48 39 67 37 80 33 34 38 39 45 19 39 17 9 94 89 49 11 75 1 23 20 22 76 94 30 0 94 23 0 17 94 56 54 21 87 45 99 18 83 94 89 47 55 96 24 75 5 42 50 42 9 32 6 78 47 60 36 1 85 13 80 97 66 83 15 59 43 28 15 99 53 43 42 95 7 93 74 69 35 12 78 98 13 30 11 58 17 19 1 77 48
98 5 11 63 31 56 17 52 21 82 98 22 18 42 46 4 48 30 26 76 99 86 77 84 7 82 71 68 54 90 85 43 43 51 51 50 81 8 77 79 25 98 72 68 0 17 21 30 76 10 23 26 3 53 81 71 60 29 88 6 4 3 36 48 83 89 64 60 6 32 90 73 45 90 75 17 100 57 9 90 91 76 18 76 90 20 28 49 29 61 18 32 61 84 86 68 91 65 76 14 69 9 1 8 43 16 21 66 27 83 74 49 30 44 61 7 60 24 61 92 34 26 79 29 57 37 27 29 49 96 29 58 56 79 2 10 12 88 73 61 2 9 49 70 56 81 46 5 79 40 90 78 71 30 76 59 63
70 69 79 82 89 25 90 77 100 76 87 80 70 60 79 26 72 13 48 10 82 52 36 87 14 8 39 10 15 37 59 21 83 56 92 9 19 47 100 67 21 29 75 82 31 72 55 50 28 82 25 35 23 87 65 84 61 2 89 6 32 69 23 87 58 54 78 46 87 67 9 22 32 63 77 33 21 96 42 17 7 86 77 53 65 28 21 1 38 92 18 43 57 59 80 86 35 26 26 85 3 4 100 89 95 24 60 32 6 11 22 14 49 87 96 78 30 71 23 31 56 61 98 21 28 15 19 7 19 13 32 48 1 55 69 18 89 77 49 52 86 12 16 96 99 71 34 84 25 86 49 82 38 42 75 73 89
31 97 34 24 7 49 24 55 43 74 82 70 94 54 39 1 8 10 13 14 2 79 18 37 93 41 25 37 6 18 55 63 88 59 57 51 56 68 26 79 86 65 93 90 8 24 86 30 28 7 36 75 52 33 77 74 14 48 63 28 48 71 81 30 0 99 9 29 78 65 72 100 4 56 23 25 53 55 90 100 41 74 83 19 63 47 16 92 19 62 59 14 85 4 77 48 7 58 78 56 64 52 79 58 22 39 4 9 79 34 24 8 11 90 60 100 50 94 91 93 100 27 10 19 12 2 29 70 40 4 65 94 12 58 5 49 16 57 40 88 62 67 68 53 42 71 18 4 73 64 97 54 51 90 97 35 73
46 26 35 25 2 24 52 75 2 59 75 54 96 19 34 61 7 93 55 84 20 15 73 20 37 42 89 77 71 16 69 21 74 2 43 65 61 49 39 8 6 71 100 63 69 61 72 7 99 77 56 95 69 38 91 29 93 41 12 85 67 92 69 71 45 50 99 57 1 46 46 90 54 18 82 8 67 7 30 64 6 81 83 41 61 98 80 91 52 12 9 37 4 98 9 62 7 38 3 93 93 84 83 9 51 55 98 100 66 45 64 32 50 76 9 25 83 25 6 87 44 12 26 38 27 19 66 15 2 37 98 17 90 58 76 19 19 47 40 42 71 24 85 30 67 11 38 38 29 85 70 20 38 22 35 79 23
21 33 14 87 91 88 62 49 21 10 23 19 9 57 7 75 81 0 48 34 25 87 61 49 7 56 61 77 55 25 28 70 5 21 5 68 50 3 92 14 56 56 68 0 59 85 34 79 40 0 14 49 60 95 16 15 42 83 56 100 34 20 10 45 42 35 50 83 29 27 62 98 88 40 76 75 66 41 15 28 20 73 10 47 15 54 8 5 5 51 53 68 90 21 10 69 78 43 100 70 83 6 72 61 44 67 90 26 55 57 39 75 29 24 96 33 4 57 65 93 69 73 52 64 11 84 13 34 73 14 21 0 79 31 47 69 37 35 67 61 52 37 7 43 79 46 55 91 54 51 55 48 43 62 23 74 9
57 30 29 57 34 7 31 36 49 68 45 35 23 92 85 69 1 31 80 91 91 37 81 72 84 17 33 0 72 95 47 48 45 20 44 40 46 53 18 44 18 46 47 4 86 21 90 47 85 36 94 60 46 16 4 32 68 5 9 2 77 85 67 67 9 39 77 4 14 17 72 9 30 40 2 52 95 44 76 38 82 0 43 81 82 88 97 8 52 45 36 12 26 3 66 48 22 63 26 92 33 80 91 85 70 69 98 76 6 67 46 5 53 17 61 79 58 76 40 40 41 23 72 98 10 10 21 39 65 8 8 70 23 14 62 6 18 12 70 56 94 86 75 46 28 39 23 60 11 22 21 79 71 59 91 54 82
31 2 12 80 91 56 65 32 1 94 39 91 29 44 97 43 96 97 4 46 71 24 0 86 51 9 41 58 38 20 5 11 4 89 13 21 47 39 6 87 25 38 44 23 39 59 40 82 29 94 81 67 85 49 64 18 68 75 34 94 10 91 82 0 1 45 69 78 35 77 44 63 66 9 91 41 44 100 70 49 1 10 82 45 55 72 70 26 24 62 53 80 21 31 97 40 51 60 80 21 67 93 39 94 75 41 7 92 15 21 71 51 17 59 96 89 41 50 27 13 38 30 28 11 94 22 13 36 18 22 31 7 26 92 96 8 61 92 23 35 96 91 8 80 34 79 0 35 45 98 47 11 75 54 20 70 73
63 9 13 9 88 80 43 42 36 1 45 5 1 37 74 94 41 96 35 62 31 25 100 50 65 69 68 68 29 18 15 46 59 2 19 10 83 11 33 3 41 43 71 34 81 96 6 48 94 69 55 45 74 8 48 65 55 67 87 59 88 82 21 15 18 8 30 87 93 22 46 1 99 65 69 70 89 11 96 76 6 92 98 41 81 80 63 48 57 29 43 62 49 93 68 8 80 64 36 69 1 41 73 16 38 25 100 51 68 62 44 69 81 35 69 9 61 20 24 61 82 27 17 72 47 14 41 61 17 30 60 17 86 49 30 1 23 43 88 26 55 40 56 72 79 38 6 33 13 67 53 100 52 0 36 62 93
36 67 19 97 18 25 13 94 77 7 100 6 95 25 78 97 51 72 52 33 100 95 58 20 42 81 33 63 4 93 91 69 19 83 13 57 60 12 42 15 74 54 36 47 96 93 64 50 32 90 60 44 78 10 98 29 31 22 32 37 53 47 33 1 58 32 7 85 99 59 10 92 26 6 6 49 61 88 22 27 29 57 69 87 41 23 96 79 81 26 5 37 48 24 97 40 64 77 34 44 30 86 56 76 71 100 34 28 76 84 36 28 99 42 66 59 32 85 3 26 34 4 45 2 63 87 50 61 21 43 90 95 61 61 92 14 69 79 92 52 100 86 6 2 5 96 33 32 57 66 49 10 38 77 93 38 4
42 27 79 4 25 14 6 35 23 87 57 80 6 78 40 46 58 61 65 42 86 9 27 15 78 68 52 18 91 53 27 15 25 51 73 24 28 20 98 80 1 5 21 37 7 57 8 20 35 93 11 18 17 63 97 8 7 16 12 23 31 59 81 60 22 41 10 50 5 19 41 72 39 24 56 67 71 34 16 45 51 26 100 92 32 2 42 44 19 53 93 6 26 12 77 42 69 80 78 10 76 14 22 53 60 64 40 81 7 6 62 83 27 1 60 38 79 100 79 71 0 69 75 67 60 56 72 4 70 67 98 74 41 92 79 89 92 55 4 21 79 53 88 60 26 62 85 14 8 9 78 62 45 86 30 27 100
7 88 85 44 53 91 8 27 39 28 3 74 69 53 29 85 14 87 12 75 69 67 53 70 98 55 63 21 25 17 70 76 7 64 79 95 39 38 64 93 99 42 71 77 1 24 49 84 24 85 81 99 41 41 67 87 95 72 99 29 2 46 54 96 37 67 80 58 30 10 46 33 27 10 64 4 81 0 59 44 79 74 76 4 48 39 57 98 58 48 88 95 36 99 51 37 50 35 99 13 92 67 39 31 36 2 50 37 12 100 43 40 87 37 28 100 74 6 79 49 58 16 80 14 3 39 72 82 26 18 62 61 23 100 14 84 88 60 81 85 77 33 87 94 58 89 58 51 58 95 57 40 71 77 67 87 77
37 9 9 49 31 53 18 77 12 53 44 98 85 89 14 22 53 96 79 75 75 36 24 14 19 72 70 97 1 10 14 77 83 5 7 30 70 14 78 7 9 57 39 10 17 88 28 23 98 92 13 13 90 58 100 33 94 12 19 44 18 20 46 27 57 55 70 12 87 64 34 47 78 23 60 70 48 54 64 72 0 47 40 27 47 22 35 16 72 86 32 64 80 41 53 20 90 85 30 11 93 96 67 41 75 88 60 70 86 22 62 59 25 69 35 24 35 9 40 40 58 96 0 89 53 2 89 73 83 54 79 99 18 41 71 18 69 79 92 89 29 57 76 64 36 28 34 81 58 91 38 14 85 6 72 62 16
37 49 67 83 100 96 81 55 28 52 56 80 89 19 73 29 14 6 8 97 89 16 74 4 65 98 17 4 85 24 66 46 80 62 5 95 38 98 51 62 20 71 93 69 17 67 3 95 79 16 30 47 18 19 33 7 32 37 13 78 29 48 59 55 75 79 48 53 22 16 36 53 95 38 32 59 78 86 29 2 39 60 30 0 1 42 88 19 70 34 42 24 45 0 41 26 39 91 99 15 43 20 29 9 55 70 53 1 63 84 36 42 100 34 69 61 43 36 12 74 8 0 83 40 23 75 64 27 51 60 15 88 90 93 62 45 25 46 9 34 84 12 64 48 33 100 79 10 93 83 77 56 37 52 32 88 59
34 16 86 71 45 87 34 22 98 82 44 21 16 91 97 22 82 11 51 53 10 62 87 73 30 33 29 31 49 69 78 32 94 29 65 2 38 42 45 0 75 77 10 39 38 77 32 87 9 22 74 1 61 78 98 30 23 27 92 12 50 93 10 47 71 71 65 78 77 15 30 45 90 45 43 84 74 31 92 39 80 7 41 42 53 92 75 5 4 43 21 11 50 45 38 19 21 17 19 14 26 4 61 13 79 82 23 19 75 47 50 72 6 12 59 91 23 60 11 69 82 46 78 85 53 97 57 96 97 81 32 19 67 100 13 91 80 29 21 28 58 71 15 93 36 43 97 56 75 6 67 23 7 39 34 88 45
3 55 2 28 57 49 83 41 73 8 22 49 16 27 86 38 30 41 77 98 40 71 41 69 9 88 11 1 8 50 41 48 18 36 98 20 37 100 60 25 56 57 94 7 56 12 30 34 41 90 58 68 68 64 34 44 24 72 84 58 72 47 14 76 68 27 5 49 99 44 90 15 98 79 67 10 7 65 39 6 14 46 0 72 17 36 62 24 28 93 15 70 96 13 2 11 87 19 86 17 76 47 88 25 90 31 29 63 98 57 64 45 73 83 81 87 88 82 99 85 59 87 90 15 60 65 93 35 65 14 68 58 91 5 25 4 25 39 80 23 55 16 3 71 75 34 60 34 59 56 70 97 37 25 69 94 69
66 98 77 88 95 76 23 91 99 56 15 7 86 70 73 3 59 83 71 11 84 97 38 74 48 85 66 95 85 4 37 16 99 0 32 21 16 15 50 76 60 34 30 75 96 77 99 85 19 17 91 45 85 91 53 11 41 5 31 68 87 10 69 60 87 45 89 75 29 1 27 54 75 96 25 36 81 76 45 43 54 37 40 21 96 55 88 37 7 49 67 76 21 49 51 67 48 33 6 44 96 77 77 50 58 54 34 63 39 46 48 64 74 66 82 8 41 85 57 96 18 76 12 40 67 25 65 19 58 98 64 40 9 70 41 82 53 67 23 92 15 89 53 17 79 8 15 69 77 12 77 17 77 26 19 61 33
52 63 42 93 31 38 87 25 37 83 20 51 17 91 81 74 92 31 66 54 59 30 88 58 90 73 22 57 23 43 16 4 61 99 69 2 64 86 63 68 89 37 52 2 38 59 66 49 20 66 41 48 0 35 15 88 47 78 15 53 67 96 28 54 39 67 72 78 5 86 91 21 61 82 94 99 69 86 25 64 33 91 39 24 69 98 14 41 56 54 18 93 30 75 17 89 11 49 87 74 8 11 43 27 52 31 46 7 42 88 57 9 88 41 71 79 50 14 69 30 58 32 42 93 17 72 48 74 64 30 22 56 54 50 59 95 70 13 85 80 39 33 41 51 11 80 14 61 50 80 38 46 16 49 47 91 86
63 77 48 47 42 6 85 21 41 51 59 55 1 59 12 12 52 36 30 6 39 89 42 93 83 12 98 34 54 37 82 83 22 56 38 91 6 26 6 77 8 2 52 78 35 96 59 75 79 26 18 55 74 91 82 72 5 91 20 0 17 45 90 15 75 18 5 27 64 46 98 43 3 63 3 60 58 1 71 26 97 78 91 50 66 18 26 76 8 93 95 28 5 7 25 42 25 90 63 9 33 48 90 19 83 39 33 53 9 42 15 39 39 62 72 71 93 29 58 38 78 73 46 63 19 94 13 95 64 11 25 98 80 75 24 67 93 87 21 43 18 32 83 14 4 89 3 78 86 88 95 78 53 96 47 100 75
3 86 8 82 12 70 67 8 26 76 94 43 14 54 89 74 52 44 1 61 74 93 46 87 98 1 18 57 5 92 68 9 7 17 66 89 80 74 37 74 23 94 66 47 88 9 32 38 81 27 51 4 22 65 13 31 88 50 31 87 34 85 53 55 40 72 98 4 27 60 0 25 95 1 100 39 56 98 81 48 63 24 36 61 23 78 33 77 43 97 44 72 30 96 65 82 52 9 43 99 94 10 71 88 38 59 95 81 26 71 47 18 36 59 58 11 67 47 80 48 4 68 5 80 31 62 75 37 25 6 47 31 13 14 27 65 81 26 41 77 21 83 80 77 89 58 65 54 50 58 55 87 44 22 42 70 80
48 81 99 96 81 17 8 6 52 87 87 2 81 20 26 85 6 48 53 98 61 35 75 91 86 57 40 21 65 97 42 86 44 48 85 67 30 57 9 58 44 35 20 87 67 47 74 100 54 60 46 50 38 72 27 5 49 0 96 100 67 86 41 68 20 20 87 44 97 19 86 37 67 24 43 87 46 82 82 29 87 71 86 7 19 97 16 72 11 28 19 49 62 51 48 74 32 81 53 53 58 74 66 89 11 6 96 65 84 95 70 67 95 58 4 53 92 40 47 63 75 37 19 75 38 56 23 34 80 92 43 91 87 48 30 99 66 29 31 67 41 14 46 12 30 11 38 8 42 30 16 73 85 43 100 55 10
10 8 23 8 79 49 45 63 57 49 62 38 66 51 7 26 0 94 68 84 8 17 55 81 41 88 18 47 49 55 4 55 34 60 79 51 53 7 81 91 32 2 71 38 18 92 79 31 71 56 80 36 34 30 54 75 50 78 11 99 65 13 58 5 86 39 27 50 68 75 68 66 32 11 72 31 27 49 2 80 74 93 61 13 32 91 78 40 84 54 23 73 51 77 49 46 21 36 62 91 100 58 20 97 87 72 66 84 58 11 75 82 3 0 68 44 12 66 59 48 9 19 71 67 47 15 38 82 66 95 55 1 19 42 19 64 59 43 39 36 61 58 80 20 77 41 97 95 89 28 16 43 68 9 93 30 39
15 95 3 34 23 53 42 20 34 18 37 32 53 98 0 50 52 21 51 18 93 27 76 86 54 14 90 95 0 48 22 68 62 64 45 25 73 55 27 89 6 74 100 13 46 96 49 83 86 38 59 54 17 37 47 17 98 83 77 78 87 73 53 1 46 80 33 95 9 64 62 42 48 72 72 72 72 97 17 24 53 1 51 39 86 94 66 17 12 48 83 12 35 66 95 90 86 19 41 38 13 40 97 34 7 32 11 20 39 0 99 68 68 40 78 61 94 85 1 75 54 58 16 25 83 91 43 31 48 0 9 61 78 36 42 58 41 20 48 28 88 72 62 85 79 77 25 25 69 94 3 0 22 100 41 36 35
29 18 82 22 75 17 15 85 38 77 57 54 62 49 49 31 12 23 69 99 75 31 16 97 79 47 39 34 28 39 93 70 97 94 5 78 67 66 82 35 80 95 23 21 16 41 93 45 37 96 30 51 15 77 75 91 20 1 26 25 67 8 59 5 35 8 42 10 80 8 42 56 50 84 96 40 55 57 5 51 8 22 32 28 36 70 12 5 8 6 18 92 6 95 82 79 52 28 57 40 36 58 84 71 47 60 35 70 73 40 17 80 34 52 1 49 65 36 45 50 65 26 2 8 91 34 54 13 84 56 32 78 91 11 69 61 35 85 11 98 51 33 81 75 11 22 56 77 56 1 81 85 44 44 91 70 65
84 96 71 51 4 46 67 62 76 56 49 50 49 17 11 45 35 19 39 15 92 29 96 69 4 15 19 65 27 16 98 93 71 67 22 99 24 60 55 46 9 36 31 97 47 53 31 82 52 71 34 1 44 43 75 66 60 50 72 45 5 20 35 81 31 6 81 57 83 97 18 5 19 53 5 40 7 51 95 13 10 78 91 20 46 37 57 90 96 69 78 75 55 78 94 81 54 74 71 53 20 57 47 20 38 6 55 3 56 56 88 32 6 18 23 61 3 34 55 55 66 5 98 98 77 44 29 20 29 23 79 69 85 45 62 63 42 47 23 42 77 71 96 96 89 39 62 15 89 53 42 77 52 15 14 84 82
62 9 73 99 3 54 49 86 11 19 4 92 29 24 80 36 59 88 1 89 63 90 48 1 87 52 72 45 25 93 21 8 20 34 78 15 64 37 11 10 71 55 72 43 71 28 12 98 98 68 27 80 58 92 91 88 21 87 34 55 71 97 20 51 54 89 53 57 74 32 21 16 77 43 27 3 1 85 52 44 14 7 65 71 44 43 12 80 23 69 47 33 90 25 6 15 10 86 68 16 8 56 89 10 33 47 0 59 81 47 54 19 45 48 21 70 10 72 100 88 89 54 13 80 77 0 81 75 37 15 26 95 60 71 17 46 15 27 79 52 62 13 1 40 85 84 32 80 87 18 50 85 88 5 36 2 33
45 27 37 47 65 26 78 11 87 96 39 69 26 0 3 70 71 20 79 19 49 15 5 54 2 64 68 4 18 27 78 28 98 18 13 61 23 20 96 72 30 43 73 23 18 63 93 26 39 68 58 89 82 0 53 91 95 5 36 5 62 20 32 40 80 40 64 14 62 16 64 34 94 66 65 97 63 40 17 64 81 76 78 9 83 13 85 17 37 6 61 8 36 71 35 46 76 25 98 79 17 57 44 79 52 48 50 91 36 13 46 50 47 32 73 94 19 91 94 98 24 29 98 13 77 51 63 92 32 73 45 6 4 8 26 88 69 77 81 80 44 79 0 95 38 62 72 55 25 83 51 82 36 89 80 15 14
100 19 56 27 0 88 20 23 40 71 52 33 81 71 82 69 8 43 27 57 4 16 9 87 71 76 52 5 6 39 77 7 73 0 4 29 15 10 40 49 37 51 9 24 60 78 68 72 10 8 59 63 6 13 7 54 5 96 71 32 96 81 51 83 50 73 62 21 1 69 76 28 34 92 19 13 76 83 19 86 23 57 21 97 74 30 42 37 64 98 92 33 51 83 80 9 89 1 77 64 53 28 5 72 38 94 84 44 92 28 72 89 0 6 84 98 14 96 85 22 62 10 25 81 1 62 84 70 23 11 54 5 97 33 29 47 3 6 57 85 6 6 2 62 56 95 52 82 7 50 11 27 88 62 11 88 56
96 61 85 71 44 41 72 35 58 40 3 21 41 92 85 30 77 55 16 48 68 46 62 92 32 29 84 76 52 72 45 37 72 85 10 62 11 10 8 11 31 7 7 29 15 80 3 99 65 39 59 58 45 96 92 45 44 58 13 14 47 19 57 68 0 93 58 81 55 78 92 92 69 96 78 42 48 54 72 100 32 71 24 72 12 7 9 8 27 29 47 21 52 70 96 17 93 25 25 18 68 79 86 88 63 47 28 42 82 2 99 90 49 63 1 0 46 64 93 62 66 99 41 21 48 89 79 31 8 88 99 5 76 20 50 49 26 89 100 17 22 70 68 44 55 39 66 87 59 66 53 30 55 92 0 88 87
50 40 84 36 74 77 67 51 73 27 74 57 83 82 27 5 65 92 66 19 98 81 32 91 27 71 90 17 43 65 69 31 10 47 16 63 75 82 1 75 56 34 99 40 70 19 65 14 12 21 50 15 97 16 92 100 6 21 83 11 43 74 91 71 38 53 76 94 99 59 37 71 70 86 52 36 33 70 4 43 99 76 30 50 75 79 88 100 35 86 2 71 42 3 30 86 95 17 86 68 47 57 33 25 91 67 89 9 18 5 89 41 63 43 91 74 48 17 85 67 85 32 11 100 17 0 84 87 48 23 23 8 2 74 77 4 98 66 26 44 68 44 67 11 67 52 58 31 99 65 100 35 23 85 19 15 1
2 16 34 12 91 39 27 37 17 50 55 53 21 37 41 33 63 5 18 41 1 56 56 6 30 11 100 7 71 42 20 74 97 52 37 93 64 36 15 29 36 2 82 18 70 3 52 11 35 91 22 23 86 34 19 44 77 2 2 93 69 95 33 88 12 97 48 67 86 55 93 16 72 78 31 85 43 35 42 27 9 22 81 1 86 50 35 46 92 33 5 60 56 76 72 70 77 14 1 18 51 15 25 76 82 94 37 2 36 66 37 25 47 27 78 80 96 62 85 86 10 62 72 38 36 66 99 90 13 48 46 40 58 57 45 33 94 18 19 38 0 84 8 10 9 81 78 65 85 83 81 62 18 49 15 80 30
46 83 12 41 10 12 44 76 53 57 17 76 64 92 97 86 98 30 4 94 57 7 23 4 1 70 59 22 95 72 31 35 28 67 59 95 57 19 52 98 92 26 40 19 29 11 71 17 59 64 46 14 11 95 19 63 78 97 53 17 68 51 49 20 48 12 15 58 84 55 19 64 71 28 17 31 3 58 45 82 76 100 76 5 53 7 8 50 46 65 98 8 41 79 17 4 5 98 12 80 42 43 34 79 2 21 90 53 40 97 38 46 14 85 70 90 50 44 82 64 96 27 41 79 74 14 62 18 11 9 99 69 62 39 97 2 8 85 27 51 24 46 50 28 47 20 86 44 42 15 60 86 63 11 59 76 68
20 71 21 40 45 93 0 91 21 36 91 50 14 52 33 27 66 8 45 44 37 82 92 67 35 61 22 24 8 99 25 35 98 11 20 3 52 27 7 29 60 75 5 76 64 95 74 17 41 59 48 23 46 36 29 61 71 48 74 20 82 29 4 31 27 68 21 84 54 32 26 87 0 83 45 47 93 2 33 27 82 80 91 51 5 61 37 80 33 1 44 58 41 16 5 13 32 55 33 35 17 53 70 50 26 86 11 76 69 94 64 69 32 1 21 55 55 56 55 46 87 39 81 66 44 48 32 42 41 72 41 22 7 45 21 10 17 79 72 85 9 11 41 7 29 5 29 98 25 57 72 29 84 73 19 71 29
60 89 44 8 4 85 59 94 81 62 86 56 16 99 67 100 42 62 82 42 63 86 12 89 37 20 98 58 40 100 41 66 4 48 39 11 3 51 6 52 73 89 63 43 88 84 95 46 12 93 91 9 56 98 13 55 96 10 36 17 7 58 18 99 30 81 31 93 11 56 74 80 10 77 77 32 58 89 30 78 86 85 85 83 37 98 4 98 33 30 47 2 33 95 52 32 88 93 91 87 37 12 31 89 71 21 15 86 100 14 97 37 75 28 63 34 74 3 87 12 74 8 94 35 25 37 100 40 26 71 48 23 69 3 10 88 54 86 1 55 28 33 16 82 63 55 5 97 70 35 56 20 28 32 3 78 89
51 33 38 40 47 27 13 28 9 91 78 10 38 36 1 99 2 47 40 90 54 64 34 88 87 86 34 15 64 16 44 92 66 56 58 30 38 5 49 68 1 17 89 14 21 22 31 56 27 1 2 21 34 90 88 74 57 52 66 19 62 13 81 85 48 34 29 41 6 43 31 79 56 51 98 31 63 44 71 17 18 15 4 8 63 71 12 17 0 55 3 46 25 78 42 5 87 21 31 37 71 16 43 74 85 94 56 16 84 87 26 6 10 71 80 70 90 27 2 92 1 89 0 3 53 57 93 82 25 21 4 37 54 49 78 55 41 78 1 55 43 99 65 74 74 40 74 14 10 36 60 60 86 27 82 61 92
11 24 21 19 33 55 24 50 92 19 6 39 72 4 67 65 57 18 38 32 48 97 63 19 3 30 51 68 51 79 65 69 28 38 76 53 61 6 34 74 67 82 85 22 32 32 23 5 91 88 44 47 66 61 28 52 31 25 97 91 92 3 69 23 95 29 47 19 2 59 45 83 46 46 4 63 0 1 76 34 39 79 56 11 52 46 58 92 36 72 85 94 97 88 84 23 9 44 46 76 65 86 60 85 12 5 52 54 30 88 27 12 94 8 20 38 34 12 24 3 33 55 58 51 65 54 54 34 44 56 95 83 68 25 48 27 13 94 19 67 80 98 43 35 49 25 34 54 52 42 12 33 99 33 83 55 72
89 31 63 59 70 3 8 32 67 72 92 71 15 37 38 64 98 94 51 46 75 83 20 36 6 47 34 73 35 3 24 12 63 38 16 67 55 83 51 77 81 33 51 66 0 0 8 94 21 53 85 22 60 82 29 56 8 73 43 10 34 34 46 83 34 86 22 91 56 2 93 57 46 55 46 13 4 80 66 81 3 5 65 17 92 16 18 18 25 10 5 43 34 28 71 37 71 78 65 97 1 53 24 21 76 11 2 58 70 84 86 82 81 4 2 6 65 95 77 1 39 58 34 66 11 17 49 86 67 48 34 1 43 40 14 93 48 8 81 96 91 44 52 29 7 92 81 7 85 45 23 91 7 15 100 14 35
3 63 38 45 90 61 71 72 59 20 65 28 17 59 99 98 100 54 34 97 70 54 63 29 33 69 57 96 69 33 97 7 8 95 95 44 46 82 95 65 36 90 5 36 83 95 35 99 20 45 52 66 44 63 32 14 89 67 43 21 64 23 82 67 63 72 28 76 94 95 98 87 22 18 42 58 58 63 22 76 17 2 36 50 87 77 87 65 92 100 21 90 2 64 52 12 73 9 1 41 37 33 93 98 66 77 73 26 92 78 46 63 68 69 5 24 97 72 56 19 86 16 82 98 91 70 100 16 95 21 44 83 11 22 22 96 81 29 31 84 12 9 96 48 75 58 74 10 71 68 2 51 79 34 52 58 85
47 69 97 19 40 98 25 26 24 47 22 39 95 72 32 95 53 60 90 44 40 58 92 93 29 24 5 31 55 21 45 69 56 23 14 30 52 40 88 79 64 23 22 21 67 17 41 62 10 1 24 69 37 4 29 88 32 31 24 56 39 64 5 29 87 16 24 15 81 54 48 91 78 57 48 42 79 23 40 73 98 4 28 95 0 34 91 39 92 2 34 38 15 36 8 7 93 72 32 10 30 57 17 69 22 20 62 14 81 27 8 47 82 11 26 99 98 30 12 4 16 71 28 22 47 34 84 56 82 67 99 0 28 34 85 69 4 45 29 53 63 9 3 55 83 97 72 48 32 67 24 42 86 6 71 81 50
49 80 55 35 28 55 1 87 43 59 15 26 15 71 96 99 49 21 91 84 29 46 33 82 18 56 86 70 88 30 11 86 74 7 63 97 15 47 57 62 34 4 48 21 46 25 76 89 45 50 67 95 97 89 64 38 79 4 87 23 4 16 74 37 4 82 32 11 12 88 22 46 60 86 6 47 47 67 72 3 100 35 82 75 32 18 14 66 6 22 97 1 21 52 39 63 55 7 96 65 61 44 9 85 51 18 67 15 3 73 62 21 46 80 67 13 62 36 95 83 41 77 59 7 17 14 28 65 63 7 77 59 52 9 75 37 30 57 78 99 57 47 83 76 10 24 85 3 75 36 44 46 11 43 79 8 56
90 71 95 62 71 46 96 75 0 17 29 17 44 42 89 90 31 77 93 76 11 77 26 77 60 87 70 96 93 10 67 59 54 87 53 68 15 49 46 35 45 41 6 96 68 34 66 44 99 21 7 24 8 53 94 13 24 99 38 14 42 12 31 1 85 71 55 19 57 79 89 7 85 48 76 33 48 23 50 26 19 19 22 92 97 21 55 85 90 41 31 48 46 49 21 70 45 99 63 91 45 76 99 56 88 71 2 36 6 87 46 46 11 34 78 54 47 59 81 62 39 39 2 96 78 69 32 32 13 19 70 53 61 53 13 91 56 39 98 63 46 34 73 21 84 22 76 71 12 52 75 1 2 84 3 8 44
60 7 83 53 13 69 97 86 78 32 29 83 90 81 24 5 5 56 81 17 55 99 54 64 50 92 66 95 55 2 20 95 49 43 47 29 80 82 56 5 93 31 57 19 21 57 51 21 73 22 47 21 29 54 39 37 57 57 68 1 46 16 36 78 0 89 14 55 91 55 49 16 76 90 59 21 94 80 54 76 7 53 81 25 32 57 17 52 46 12 43 4 73 76 84 81 67 65 11 28 60 44 17 51 10 0 63 49 66 97 11 1 97 32 55 78 97 97 4 71 48 51 97 82 90 50 14 77 59 96 28 27 41 52 25 61 77 46 22 32 0 31 61 67 37 41 68 80 51 32 4 70 64 70 22 12 27
47 11 10 32 14 14 74 53 86 53 92 15 100 20 76 47 35 23 90 7 24 57 26 98 21 14 22 14 15 11 54 49 53 28 94 35 4 22 86 4 28 87 62 65 43 34 69 73 24 4 14 86 60 14 44 43 55 48 14 54 66 83 86 52 68 12 27 99 63 71 59 96 99 24 56 47 1 73 16 41 16 24 86 60 35 96 17 9 56 86 38 19 1 86 72 79 87 73 7 62 74 82 8 66 49 3 87 89 71 21 19 66 85 23 37 67 81 4 43 0 93 76 56 24 58 66 95 56 74 10 70 24 56 86 22 79 60 10 30 43 74 37 32 42 94 23 96 26 69 41 0 8 87 88 33 25 27
97 6 9 78 8 73 59 95 64 3 20 95 27 48 64 52 14 38 44 35 89 80 15 58 21 65 49 34 87 46 1 98 69 47 12 29 27 18 12 4 82 7 95 81 48 39 24 33 50 56 92 51 77 47 67 28 57 27 15 40 14 62 36 21 47 72 84 18 78 40 65 88 18 38 2 18 50 11 71 2 76 49 12 17 13 0 97 83 53 82 64 5 18 30 83 18 95 57 3 9 17 88 69 38 80 94 82 39 44 10 98 48 12 42 35 54 6 5 1 43 39 13 64 46 72 77 80 23 75 75 45 53 90 43 61 31 34 40 35 78 85 35 34 45 85 28 1 33 13 81 52 19 50 96 19 49 54
85 12 78 82 61 8 47 43 18 24 81 6 61 63 4 33 76 43 93 63 68 60 79 7 31 16 77 72 1 86 94 41 28 27 16 10 70 3 52 60 70 9 63 60 68 68 7 53 92 91 76 17 3 77 46 13 73 59 13 0 37 68 83 22 12 54 20 44 95 80 61 13 12 4 50 95 42 18 36 94 42 87 31 16 66 43 24 58 7 30 45 8 99 5 96 97 81 96 69 51 50 31 95 58 56 99 54 72 74 95 56 88 43 70 45 49 1 24 62 59 10 32 32 9 7 45 36 12 47 8 72 44 97 67 18 15 1 15 32 6 57 30 78 7 71 73 34 1 4 17 81 43 60 1 68 80 70
75 42 56 35 84 67 1 31 82 58 40 8 37 42 15 28 0 32 89 6 98 38 90 9 75 47 92 71 26 2 58 49 6 7 51 23 77 71 56 35 18 54 35 38 38 46 30 67 39 4 48 39 84 86 27 16 18 59 96 54 78 50 100 24 63 93 25 2 50 23 26 6 92 68 58 7 44 68 50 3 98 21 77 72 83 39 19 35 74 86 12 40 36 22 62 3 85 11 54 100 12 14 47 27 11 53 27 94 84 38 92 74 57 50 85 74 26 88 32 24 0 55 69 96 40 20 55 64 60 14 92 49 98 60 44 16 74 19 18 86 21 21 3 41 49 93 65 44 99 72 6 19 28 70 5 13 65
31 81 26 59 61 29 86 97 97 78 27 0 19 97 64 54 79 83 98 84 2 19 7 43 78 3 65 19 40 40 43 32 10 95 93 21 84 38 4 50 100 61 0 33 16 82 96 15 76 51 85 26 14 52 18 45 95 41 4 14 93 95 84 50 46 5 33 31 44 31 38 25 0 74 55 99 13 4 100 34 75 94 67 8 4 99 55 18 27 69 76 86 18 8 24 7 80 85 30 19 95 1 92 85 38 54 14 28 11 27 33 5 96 11 26 43 96 18 83 19 1 13 19 46 36 69 84 30 55 99 38 96 34 60 42 29 58 77 34 48 46 98 72 98 29 28 99 84 3 3 15 15 65 40 1 91 43
16 18 60 94 62 81 68 18 18 60 95 4 57 76 84 90 12 6 95 87 58 11 19 98 6 85 90 69 4 100 30 90 32 30 44 78 68 94 15 76 42 46 40 10 7 29 88 28 100 99 54 45 66 85 40 40 72 32 58 22 97 85 51 35 35 19 94 61 28 86 49 12 20 1 40 99 35 13 91 24 93 49 55 23 54 25 86 57 84 43 100 81 49 86 19 79 32 82 83 69 47 30 60 14 80 75 39 59 12 12 20 61 64 14 18 5 46 40 48 73 79 0 1 1 68 7 81 47 86 81 62 79 1 90 54 11 11 15 4 61 43 63 91 73 27 36 35 19 53 86 66 44 21 64 22 92 66
72 41 9 33 89 55 39 56 56 23 58 66 14 70 35 50 44 17 82 97 25 86 15 54 36 61 50 36 32 19 35 63 44 66 55 34 34 74 87 48 38 19 97 52 85 36 45 14 54 76 81 15 5 67 49 95 38 88 42 12 78 62 4 78 54 1 2 98 43 100 35 22 11 74 17 61 79 50 52 11 8 68 5 44 32 23 80 84 19 91 70 92 29 7 72 0 15 44 44 25 56 22 4 73 61 10 66 76 80 15 62 93 35 68 14 85 33 3 90 93 63 34 23 31 37 17 83 86 71 76 20 16 5 68 89 33 31 34 90 53 35 0 18 47 16 71 60 49 66 55 24 64 93 89 66 99 10
48 97 88 3 49 46 51 57 83 17 84 82 16 100 89 99 41 21 41 40 88 87 71 63 49 60 59 60 89 91 37 48 65 34 77 17 50 22 55 84 27 70 28 82 42 82 7 41 54 39 6 41 27 17 30 24 12 43 31 50 36 73 69 37 15 19 54 71 5 31 39 39 15 51 99 41 31 84 82 65 19 16 10 3 82 78 59 52 82 20 69 88 33 69 72 96 25 72 76 14 34 89 75 42 43 48 0 25 38 60 20 39 69 94 37 49 58 95 50 81 61 10 29 79 35 49 100 63 16 45 67 48 38 14 80 1 59 37 76 69 44 10 71 28 14 35 77 32 70 45 4 72 56 39 56 45 25
91 13 40 54 37 54 78 63 70 87 20 1 37 57 59 24 41 13 27 18 38 85 86 57 52 76 70 22 86 11 99 74 87 74 72 63 12 0 10 33 9 1 69 4 97 46 79 58 40 65 45 15 14 27 47 93 9 34 67 94 48 74 43 20 34 92 90 87 65 53 20 49 24 67 99 78 31 87 0 81 2 73 21 34 43 49 7 20 4 86 12 36 44 55 26 19 28 81 4 4 77 10 79 37 32 91 22 41 13 0 64 0 61 74 62 94 99 27 42 91 100 22 15 84 42 44 73 66 62 29 83 7 81 65 91 39 66 11 40 41 10 7 64 89 11 34 46 74 92 53 57 35 22 32 75 35 90
60 94 30 99 50 17 4 77 88 39 97 39 54 84 0 5 81 62 84 18 3 100 52 96 79 87 100 16 97 53 52 22 1 94 32 87 74 34 25 4 28 62 28 15 15 0 92 91 73 96 25 99 12 5 78 23 30 24 12 59 30 70 22 41 49 78 88 3 84 59 47 90 56 70 8 67 18 21 98 14 57 70 98 47 50 80 52 58 99 2 38 45 77 19 75 59 66 83 79 53 78 7 58 21 51 16 45 82 70 47 18 57 59 43 58 100 73 37 92 45 74 35 97 68 26 27 89 13 55 0 82 10 52 63 78 0 51 64 21 66 20 34 73 5 6 99 38 48 71 39 37 98 87 52 79 71 29
36 83 80 11 53 42 52 39 23 59 20 91 43 64 13 15 72 50 11 94 94 67 17 94 60 84 33 49 14 82 6 39 8 47 77 65 83 26 83 0 15 71 83 0 29 83 22 98 93 26 99 61 60 78 22 41 28 52 69 73 84 92 53 94 41 42 86 67 32 85 93 91 89 91 54 100 64 91 63 42 97 41 56 5 18 74 62 68 60 94 33 66 35 18 89 100 1 32 28 47 82 69 28 14 89 25 93 41 60 7 50 45 50 59 56 10 22 2 24 12 38 50 20 18 69 95 96 17 7 13 93 21 64 49 82 95 48 12 99 48 100 15 61 15 3 53 6 15 23 14 99 75 26 6 38 10 71
29 59 68 53 100 38 78 26 37 5 61 66 62 44 21 21 31 15 3 93 81 3 9 44 59 65 59 57 71 74 98 42 49 12 88 76 2 82 24 99 15 66 32 71 96 17 69 89 7 58 26 67 25 81 84 79 13 93 22 60 9 48 70 51 67 78 33 51 27 4 70 82 51 41 44 57 60 87 20 95 90 24 0 59 31 63 61 56 34 100 85 59 11 76 0 8 0 72 18 74 44 32 67 75 31 38 42 88 75 76 75 38 47 86 42 1 57 1 8 29 7 30 77 73 50 44 17 98 48 92 93 64 63 79 63 81 80 65 60 78 41 83 53 36 49 13 40 15 100 89 31 16 13 80 11 76 17
11 48 23 15 4 53 75 54 95 65 56 65 26 73 50 88 73 34 0 94 86 27 60 9 88 94 55 14 38 96 54 73 92 35 42 14 77 4 26 12 18 51 75 16 33 64 82 26 10 44 26 9 42 88 22 29 59 58 24 59 1 23 97 6 91 1 7 15 33 15 72 50 87 26 87 22 52 46 40 44 28 52 7 53 82 18 47 24 5 68 30 5 63 91 6 1 52 67 11 63 43 27 20 2 86 54 68 51 18 43 95 13 85 51 2 16 19 45 10 28 48 82 4 3 17 71 85 61 18 7 91 42 20 48 44 23 59 65 5 87 49 34 79 86 25 17 11 39 95 78 84 30 42 47 70 61 91
74 9 32 81 55 12 71 63 33 37 85 87 15 68 72 22 98 53 0 6 85 32 0 99 46 42 100 7 51 67 98 53 47 53 74 81 73 35 5 48 18 37 12 29 85 73 45 21 24 52 5 37 67 83 35 45 21 28 56 59 6 5 100 52 41 98 14 100 92 43 88 9 74 22 13 8 26 95 21 88 7 39 69 71 93 58 89 76 70 12 99 48 94 40 43 46 74 92 67 93 85 35 57 14 97 95 92 14 36 89 93 61 73 30 12 27 5 58 25 14 48 69 58 51 76 68 32 0 49 3 41 70 73 0 24 63 84 41 63 32 47 100 91 30 12 61 89 95 85 57 17 56 63 5 90 15 65
58 94 18 36 42 20 7 42 68 74 77 42 71 93 67 72 22 16 72 83 56 5 27 68 99 60 9 30 90 53 34 38 96 3 90 86 21 0 84 65 15 45 82 30 82 28 15 47 54 40 68 49 34 65 36 99 87 21 55 91 26 72 24 64 76 74 83 94 13 55 56 78 50 30 94 27 38 99 13 59 11 99 40 98 2 71 3 61 71 89 99 53 11 89 91 67 35 97 99 86 5 93 41 13 64 81 4 58 40 90 96 10 96 49 63 1 40 89 62 61 89 47 39 64 9 83 82 82 98 11 4 61 94 47 16 69 57 57 70 34 77 80 10 18 19 48 2 6 15 62 76 76 95 62 33 4 34
55 39 81 41 69 0 58 73 38 84 82 21 85 100 10 83 71 75 36 90 84 12 92 93 67 79 45 83 45 63 67 97 19 5 39 31 85 27 74 72 45 32 76 67 63 29 95 86 43 99 42 74 70 3 4 21 19 0 87 38 24 71 40 78 76 16 27 19 25 4 99 98 49 71 30 21 40 15 91 38 93 37 13 43 27 53 99 71 44 8 71 20 20 58 59 11 38 78 89 30 96 76 2 76 36 34 54 43 44 79 31 8 47 13 60 44 88 55 67 13 44 74 83 28 32 42 2 83 63 30 5 31 40 86 38 98 42 21 17 68 11 66 53 79 39 42 3 64 27 19 92 33 69 98 27 3 59
37 80 32 64 61 14 42 68 20 15 28 28 72 44 47 74 55 78 57 74 81 1 30 19 92 54 84 85 45 77 70 86 82 22 15 80 65 50 18 29 61 53 14 99 88 77 86 36 99 62 17 97 13 1 12 26 19 93 52 49 77 4 51 100 31 76 81 59 13 26 26 34 92 1 78 63 4 79 66 16 52 100 7 11 22 29 38 54 95 35 90 80 0 8 63 93 78 6 16 86 70 64 83 23 22 43 89 78 25 64 82 58 41 88 35 96 59 25 81 49 18 89 76 31 14 46 97 92 31 97 1 6 17 37 52 65 52 41 37 84 74 63 52 93 73 46 90 19 60 77 1 82 80 56 2 68 4
71 32 87 43 1 6 18 49 30 28 4 74 14 52 19 20 67 36 68 83 6 39 49 8 40 85 42 48 87 28 62 73 21 97 67 48 42 90 84 27 48 43 48 52 69 71 22 92 93 78 36 78 35 91 62 48 40 51 93 41 59 40 10 52 19 41 27 46 62 62 7 14 91 65 84 38 88 45 51 63 83 18 71 3 54 20 50 71 16 39 90 68 55 26 48 2 21 100 15 89 34 13 93 15 49 91 67 20 97 91 88 71 28 10 28 88 89 81 0 85 3 4 3 16 15 39 86 88 5 71 41 59 76 69 5 45 73 22 62 25 62 10 13 75 100 34 30 67 44 67 18 11 99 72 49 70 98
58 87 63 17 93 15 10 31 34 60 16 36 50 44 98 75 11 85 26 49 6 30 57 53 26 57 10 84 20 70 82 47 66 90 26 64 76 75 9 56 83 96 33 74 11 86 72 86 89 62 84 69 88 4 100 50 18 36 66 64 32 93 85 51 79 88 93 18 86 28 10 71 75 93 52 84 84 5 83 70 6 53 48 2 99 72 38 67 5 8 47 99 51 36 69 17 78 12 75 39 80 75 62 50 14 71 84 35 90 38 88 40 25 82 60 80 40 95 71 47 13 54 69 7 98 4 6 12 6 54 4 4 37 31 81 92 72 55 19 92 38 14 20 81 63 44 91 52 57 37 3 87 66 49 45 29 64
18 3 66 44 93 4 1 41 51 24 98 49 93 81 30 56 15 23 7 100 55 14 51 29 94 65 98 83 61 53 68 21 55 41 32 25 42 89 63 44 52 43 51 53 62 62 19 42 94 38 77 56 33 41 21 16 16 36 97 57 94 34 80 30 29 40 60 2 100 37 98 16 82 80 55 94 21 10 0 70 99 1 24 55 2 32 52 10 1 62 78 100 34 12 19 54 54 32 21 25 97 37 32 36 36 42 73 5 39 88 61 81 26 27 64 4 41 51 14 71 53 10 5 32 11 25 100 42 44 35 49 42 56 27 87 76 66 62 21 33 37 13 98 49 38 38 55 22 16 82 29 43 87 72 72 58 72
45 2 65 98 30 32 92 40 78 15 4 66 37 75 26 41 3 34 1 2 86 20 74 4 40 51 37 16 81 58 2 19 95 70 49 90 39 51 73 91 25 5 48 19 92 87 46 67 6 42 43 25 25 16 61 43 81 48 14 57 32 2 94 73 23 20 96 68 77 75 35 7 34 100 88 97 16 26 47 49 71 85 12 36 65 100 16 39 32 65 91 8 52 41 57 6 79 5 90 78 53 6 52 83 6 22 8 83 1 15 83 50 15 50 41 75 80 75 95 75 85 68 35 76 13 17 33 1 5 21 95 36 47 11 94 49 44 92 97 85 9 78 63 100 57 29 79 70 99 5 31 22 60 86 82 64 10
33 72 4 86 65 43 6 42 13 1 43 83 68 10 63 18 19 79 37 35 4 59 34 100 51 14 73 3 12 57 81 94 23 66 88 17 54 45 92 38 74 8 78 80 41 38 77 62 100 54 78 46 36 22 33 8 49 27 69 53 68 26 25 12 3 4 41 24 90 45 30 34 33 32 95 53 21 83 21 0 63 11 5 65 72 9 73 87 51 24 7 84 36 41 72 99 13 8 70 20 12 5 51 15 83 43 45 83 27 61 2 97 26 67 91 94 89 67 84 49 22 39 90 29 86 57 32 28 21 38 67 2 46 83 73 66 5 84 94 66 59 72 43 47 70 13 67 12 99 26 8 80 38 68 40 56 69
18 61 24 54 86 55 99 3 7 32 16 67 92 89 7 25 26 24 93 58 24 14 92 38 82 21 44 57 88 67 25 7 9 8 52 67 50 51 58 26 44 62 36 35 81 53 52 42 59 41 85 19 77 97 44 63 88 62 85 74 99 51 48 93 15 16 31 24 74 75 50 8 38 83 100 14 39 48 62 55 66 46 89 41 9 82 53 4 99 0 51 60 80 80 70 92 94 2 57 15 29 11 87 0 53 8 49 7 65 1 1 97 43 99 81 46 99 88 54 55 48 76 82 23 64 53 41 49 51 71 25 60 98 36 99 90 75 77 62 8 76 51 46 22 63 85 61 54 30 92 48 33 43 92 39 17 69
64 27 43 70 66 86 36 82 96 28 11 31 15 88 86 16 89 93 87 46 95 74 7 37 57 16 17 84 45 70 20 98 0 30 64 80 13 78 81 12 51 99 27 44 17 54 28 59 62 91 4 1 98 33 27 7 8 85 8 98 31 32 62 16 79 3 65 10 6 51 28 43 6 85 26 31 28 21 68 55 22 50 72 23 52 75 85 45 59 58 74 16 39 15 49 56 69 30 82 31 52 25 48 32 73 91 99 68 81 40 15 14 37 13 94 87 97 23 95 18 80 70 47 43 7 27 55 66 86 60 74 10 41 75 57 63 47 9 1 74 41 60 96 77 35 16 70 1 69 23 8 64 95 53 84 54 65
