14 9 76 60 80 14 46 97 31 31 57 87 72 22 63 1 26 97 2 96 69 3 37 20 56 82 9 87 8 54 50 17 84 41 18 13 23 85 31 78 54 99 41 22 79 39 34 66 10 43 95 69 97 8 60 51 1 46 55 54 9 47 47 11 92 13 76 65 73 13 97 24 84 15 48 33 95 7 47 53 97 77 33 24 55 48 35 53 48 77 96 73 83 91 6 90 95 16 71 31 44 17 91 94 6 28 62 6 95 43 99 0 40 94 73 36 20 10 70 28 24 31 56 5 9 26 46 1 98 91 70 3 44 74 77 0 6 33 77 25 72 91 14 44 92 23 17 82 57 59 36 16 74 69 68 51 1 19 90
1 77 85 91 76 27 13 63 51 96 24 73 88 56 100 21 76 69 12 33 73 64 85 17 67 0 11 7 77 17 54 12 83 23 32 84 22 34 2 57 80 61 62 71 64 44 53 50 96 15 94 41 36 90 16 95 35 83 60 43 27 22 77 25 91 22 95 53 99 71 78 93 90 24 6 18 38 42 5 11 74 73 100 67 58 98 53 53 70 20 0 51 40 69 63 82 89 22 44 39 78 35 10 47 71 27 61 85 75 82 16 95 23 31 25 31 49 98 84 90 17 100 18 53 90 30 34 45 51 64 61 90 23 98 58 64 98 13 38 53 99 37 92 77 37 57 28 43 26 59 79 13 32 83 95 28 77 63 26
81 19 0 84 92 84 29 23 23 33 29 57 85 8 68 73 22 13 69 3 63 10 92 71 70 95 50 59 58 96 56 67 62 94 19 72 17 42 98 71 33 71 17 42 53 80 77 68 3 7 20 16 23 10 38 98 95 55 73 80 51 25 66 25 88 15 38 58 64 25 86 99 100 37 34 46 3 48 26 35 16 83 54 68 65 45 8 99 11 47 70 7 76 64 83 19 57 5 36 37 83 76 37 39 7 0 30 2 49 26 28 43 90 80 45 79 56 100 54 67 40 42 78 79 44 53 79 70 25 74 31 32 74 68 42 70 25 46 56 23 17 89 83 21 69 38 84 33 87 85 57 60 12 90 50 80 85 12 70
58 94 2 7 98 61 41 52 51 1 96 97 69 10 75 54 85 20 29 78 52 55 66 35 40 34 24 54 91 95 23 89 44 92 13 87 11 7 14 52 25 26 18 14 86 84 63 93 63 100 54 55 1 49 57 15 1 71 16 85 42 53 88 8 25 93 21 19 62 15 55 3 22 17 91 63 87 14 22 45 45 98 70 79 1 84 20 17 39 47 5 75 99 54 23 95 61 60 100 4 27 46 5 0 2 89 98 45 71 88 35 72 59 100 38 88 48 56 9 36 68 46 68 9 18 38 78 10 99 95 90 54 66 99 61 60 89 88 25 71 17 65 31 39 87 78 20 12 81 69 81 8 35 27 17 39 92 51 25
95 29 46 66 19 25 82 76 25 18 53 29 13 9 71 23 67 27 2 99 63 10 86 56 37 96 84 56 79 43 11 49 26 42 47 99 61 90 17 61 51 31 99 3 88 93 38 68 47 31 72 73 96 10 3 94 60 14 4 70 60 54 96 22 61 11 57 11 86 18 10 77 32 0 48 76 61 32 52 86 98 3 74 26 88 97 50 68 60 41 46 95 95 33 11 43 99 83 3 24 29 6 64 30 39 90 49 27 69 100 60 57 31 95 78 37 84 79 14 97 11 65 9 32 24 100 78 71 81 41 48 50 93 33 69 41 2 36 15 3 84 20 43 33 86 63 1 70 44 53 64 56 1 29 9 47 64 14 51
88 61 23 6 41 57 93 91 89 82 45 10 2 5 81 2 80 67 5 6 36 56 70 58 49 11 87 79 25 45 66 72 53 69 73 62 72 7 95 41 31 66 70 61 65 83 38 1 80 74 48 29 91 24 16 44 68 32 17 98 88 93 72 27 26 71 70 76 68 84 65 80 12 65 78 58 4 22 17 59 70 6 57 94 24 67 93 25 14 68 71 56 93 1 78 55 74 62 42 50 18 42 14 58 14 86 10 50 35 92 12 35 85 48 26 33 6 26 76 50 2 67 76 4 1 98 19 99 91 51 20 41 16 41 59 68 24 0 4 83 87 27 3 56 45 6 34 34 52 71 54 41 51 70 10 82 1 38 4
98 21 64 27 61 58 70 51 16 25 15 51 45 54 78 28 11 45 5 7 77 28 23 9 54 1 72 42 91 53 27 46 46 10 85 47 76 86 36 1 92 65 27 51 36 52 81 24 14 92 30 55 20 54 36 96 53 2 1 25 31 3 10 72 1 80 18 97 18 42 15 17 8 71 19 62 99 21 0 35 93 88 70 4 62 17 31 18 62 28 92 46 67 21 71 62 65 89 28 65 7 15 11 62 48 21 46 45 47 87 1 38 6 67 77 49 53 100 4 90 26 94 14 10 47 1 91 11 20 1 86 62 98 81 37 54 84 77 98 10 100 67 14 12 95 7 12 84 94 87 68 83 55 35 47 38 75 69 95
53 3 32 22 75 40 83 42 12 3 77 99 19 16 56 46 23 3 36 22 22 20 36 8 38 89 24 33 67 32 85 82 53 43 41 16 40 30 24 13 33 99 39 91 15 75 90 87 6 4 23 38 10 54 70 29 36 47 57 33 35 59 73 56 1 16 54 98 35 49 38 9 92 16 7 49 21 15 66 1 100 97 20 91 12 94 44 92 63 36 27 53 29 84 90 44 97 74 10 43 46 22 34 41 72 90 47 73 80 18 39 3 61 45 1 54 70 89 54 38 53 10 86 0 14 4 88 38 48 17 35 78 35 45 39 100 5 72 100 85 75 42 76 39 56 69 14 75 80 53 96 25 16 32 80 92 8 55 79
0 8 47 49 21 58 29 91 88 34 24 63 57 28 86 13 78 93 64 38 4 66 1 96 49 7 92 79 26 91 60 15 3 26 99 16 81 91 24 0 28 19 47 88 76 10 52 2 4 82 39 62 90 55 24 93 61 45 61 36 46 78 36 1 33 95 5 73 49 60 85 90 40 20 92 3 32 47 55 6 9 61 50 12 34 1 90 20 1 64 8 76 88 65 34 68 19 77 61 52 55 27 39 91 76 87 81 20 32 51 62 17 84 98 40 39 88 21 59 42 21 48 72 20 47 31 50 69 4 93 57 29 23 29 11 61 54 54 77 17 8 0 22 52 73 10 89 4 86 94 47 2 98 29 86 53 20 3 49
22 53 97 67 61 86 9 99 27 53 46 60 84 60 11 98 69 36 50 25 81 32 94 45 71 6 69 18 55 60 29 6 69 51 49 25 49 33 76 48 43 48 8 32 51 16 43 26 70 28 59 36 8 90 55 85 21 9 90 90 67 71 68 76 20 83 18 17 30 81 73 51 81 87 92 6 94 35 37 22 55 69 32 41 8 39 6 0 62 76 61 82 4 51 69 1 18 90 15 35 69 80 61 1 54 73 45 30 92 58 76 22 76 89 69 71 32 35 12 92 97 20 90 23 22 21 90 76 62 16 25 65 64 34 54 90 79 98 35 45 16 25 38 73 27 51 71 43 25 13 47 22 75 19 83 59 14 72 54
39 54 69 28 29 69 99 63 7 93 8 24 39 0 4 73 85 37 31 51 67 2 95 49 24 44 36 6 30 44 47 80 1 7 21 30 15 57 3 48 14 65 75 81 84 33 15 89 23 1 66 17 87 35 81 77 49 29 8 83 84 91 6 32 73 12 36 84 2 89 31 64 22 73 68 60 70 5 81 74 0 28 96 31 94 33 47 7 10 59 77 62 28 19 88 7 82 1 91 92 12 32 11 84 33 2 25 9 11 28 16 97 48 79 95 10 69 1 24 68 83 47 77 43 5 84 63 75 17 21 19 9 37 80 49 55 99 87 97 53 11 9 98 54 79 23 72 93 30 42 4 69 12 64 24 37 52 89 28
85 62 41 72 7 27 79 41 40 57 21 92 38 47 18 96 23 63 90 89 45 10 26 43 15 91 97 8 67 58 23 19 32 75 68 94 12 7 30 95 96 26 77 94 21 72 19 57 27 62 91 88 41 13 79 40 25 21 82 42 91 85 38 5 76 70 29 5 15 26 99 22 47 16 86 40 54 57 54 52 73 43 70 74 95 86 37 100 64 85 9 85 48 15 76 21 89 4 1 80 38 48 97 11 5 2 69 10 70 54 69 16 92 48 23 26 21 84 24 52 51 6 81 0 88 9 23 47 54 95 75 99 62 11 71 7 6 50 79 21 6 32 35 73 50 16 44 60 65 16 24 61 41 87 51 73 98 12 91
3 30 95 80 87 91 25 93 31 77 45 3 73 56 36 83 25 55 35 1 38 74 82 13 20 19 33 50 32 41 36 36 40 82 41 40 17 32 89 75 99 14 35 13 94 8 94 83 14 10 39 74 16 93 89 59 4 57 36 24 50 78 100 45 95 34 71 60 100 41 69 97 51 64 86 31 8 38 76 9 76 10 36 32 95 3 77 9 81 77 17 42 38 13 90 42 96 7 62 23 96 29 95 71 99 36 23 15 2 76 91 1 17 72 72 92 17 97 22 95 54 93 63 100 33 77 97 90 66 96 2 70 46 44 93 22 96 37 13 31 1 93 4 98 66 82 59 76 98 91 71 42 58 94 22 7 44 77 33
100 9 66 88 19 78 5 18 89 66 7 2 84 30 89 78 21 40 100 69 72 69 61 89 41 27 13 84 94 96 96 40 59 22 31 62 22 56 95 79 72 5 58 6 62 29 43 92 14 51 48 43 92 23 7 58 100 35 89 71 91 82 23 64 42 0 86 65 42 97 30 76 68 21 84 1 77 9 46 39 88 80 100 7 15 15 64 32 19 42 37 46 30 75 45 32 85 71 17 42 9 46 39 97 66 55 69 74 13 45 44 88 79 90 58 97 72 43 59 74 15 58 43 37 82 14 0 1 37 24 50 39 42 72 36 2 11 13 50 57 98 56 63 15 83 48 69 42 33 71 3 11 98 99 53 100 25 64 24
20 24 58 64 50 31 61 59 32 44 15 91 90 15 63 65 47 10 62 20 39 49 69 36 59 13 1 54 74 46 73 29 97 52 85 98 12 21 94 57 73 19 49 68 87 91 24 23 61 22 18 51 23 59 67 75 91 71 85 6 71 98 95 5 7 20 22 29 91 12 65 75 76 43 25 7 45 45 0 6 28 62 5 56 10 82 25 20 99 34 69 85 33 94 16 32 14 95 81 81 65 4 53 42 93 3 79 69 35 22 11 77 25 24 65 89 77 90 74 65 16 26 60 38 14 87 6 14 27 57 57 12 97 77 16 10 9 4 16 14 92 59 26 81 90 85 44 27 72 99 16 9 2 94 81 97 59 74 76
26 59 1 18 44 8 10 77 6 99 8 75 77 9 58 83 62 31 32 52 9 17 67 48 6 83 3 79 48 58 85 87 27 9 12 68 80 14 62 47 74 31 95 51 3 53 39 100 6 61 54 74 79 55 63 33 72 36 50 83 23 91 90 14 31 67 12 88 88 3 81 53 9 0 16 2 66 99 69 65 82 86 36 2 73 47 34 54 14 39 98 57 81 88 74 77 35 19 9 92 40 53 12 99 67 23 96 87 20 57 91 75 74 0 96 47 73 7 5 99 13 37 92 77 11 55 60 8 84 97 0 67 58 7 54 78 90 10 50 54 60 98 1 22 24 35 75 99 48 57 15 3 85 11 87 54 73 52 30
65 73 10 22 34 35 8 57 92 30 19 57 29 28 47 69 72 76 86 79 91 78 100 1 84 22 100 98 53 62 59 63 28 29 98 54 51 18 93 90 89 27 12 2 69 72 64 11 10 25 5 84 3 87 4 38 87 52 3 58 33 48 89 68 59 59 79 42 54 50 50 4 35 22 33 25 71 19 62 29 97 82 62 4 0 15 56 26 71 67 91 77 14 77 25 99 59 59 17 32 64 4 10 64 87 44 29 9 33 29 79 2 69 30 22 65 53 38 99 68 69 76 55 47 17 67 3 66 70 44 23 28 4 11 60 43 81 34 75 93 10 80 29 73 17 91 84 28 46 79 4 37 16 59 31 49 86 91 62
80 11 25 69 41 40 38 93 94 26 86 41 18 56 38 47 91 33 52 51 68 90 8 28 5 36 24 57 65 64 95 96 2 88 81 88 20 80 38 50 38 55 27 56 87 26 72 78 34 84 68 62 7 1 49 17 33 84 25 76 98 68 100 75 91 62 34 8 95 39 75 51 91 12 30 56 29 76 81 45 88 13 13 16 2 9 0 65 30 94 68 55 69 77 43 34 33 13 71 88 54 97 59 91 13 9 80 69 67 0 96 90 16 45 68 54 71 46 71 62 17 6 38 96 84 75 49 14 83 88 49 42 58 94 1 79 44 39 24 97 69 59 11 80 45 20 88 7 77 31 78 95 23 86 13 83 80 95 45
94 32 9 82 6 3 55 99 7 74 30 1 63 68 91 7 21 6 13 13 54 0 53 14 67 17 70 35 78 22 59 87 63 67 62 49 75 5 52 94 91 88 40 86 46 25 30 38 3 98 71 41 97 88 80 59 97 99 29 92 84 30 38 56 16 29 85 36 95 97 96 57 62 24 53 81 99 10 92 1 75 47 25 66 68 52 11 74 93 95 80 47 81 71 30 55 64 31 73 83 15 98 80 7 86 9 68 95 53 46 61 30 36 11 82 77 84 100 57 23 28 37 24 68 26 7 27 26 57 87 95 100 23 91 73 78 90 48 87 1 56 72 2 10 99 37 46 79 46 68 24 6 16 21 17 55 22 77 81
80 72 87 28 91 4 91 98 27 24 46 56 36 42 42 32 67 20 12 30 42 50 84 34 26 42 4 74 47 31 37 12 27 83 2 86 59 54 87 82 45 5 89 43 6 44 5 31 34 52 61 14 7 92 46 37 39 16 71 67 3 75 12 91 19 55 92 76 6 20 46 99 99 14 50 14 70 0 2 46 20 50 5 37 86 36 83 52 11 28 59 12 13 76 48 37 55 17 31 10 94 98 2 38 58 2 32 8 72 0 75 3 77 24 65 1 46 29 9 33 67 95 58 19 26 95 2 54 52 24 57 37 16 86 87 8 93 86 12 47 28 94 26 95 67 66 53 68 3 88 28 13 6 73 23 21 51 60 41
77 93 60 13 94 29 75 62 30 0 77 7 96 5 36 35 90 11 69 39 95 94 53 73 77 98 22 35 64 18 77 27 2 28 29 36 78 47 80 15 59 16 88 5 54 30 66 31 33 29 6 62 57 89 100 86 86 50 92 22 86 92 32 26 3 14 79 79 89 94 52 44 83 63 77 59 93 44 83 95 67 94 55 89 96 49 7 48 49 13 23 70 91 43 5 29 56 40 40 96 30 70 83 54 50 3 57 11 71 92 48 69 94 51 32 20 83 88 26 24 32 46 17 78 48 27 43 17 100 29 38 51 64 67 60 72 49 47 7 3 62 93 44 99 37 74 38 19 46 38 42 48 64 32 14 94 72 64 97
94 57 22 67 2 43 59 81 43 29 63 5 38 10 98 23 89 41 72 11 37 7 10 71 97 3 49 83 85 77 76 100 53 47 81 19 24 22 90 3 50 86 74 46 11 12 41 41 32 60 40 81 34 38 86 15 40 18 39 91 33 14 61 11 57 1 61 47 73 94 83 75 85 59 36 65 13 64 40 55 95 57 90 18 31 87 79 29 75 83 63 67 29 86 25 58 35 94 62 22 66 25 51 98 99 59 83 0 5 20 11 26 34 34 62 95 96 5 4 77 46 22 45 19 76 3 8 22 0 14 97 18 73 92 59 25 68 71 68 20 81 26 70 27 35 51 68 58 87 78 26 45 64 42 45 2 76 15 94
44 89 98 29 92 96 77 48 21 34 95 22 21 26 67 73 34 10 25 29 76 47 62 48 14 70 5 49 25 22 76 0 27 64 8 72 83 58 47 84 70 42 96 84 51 60 26 2 41 20 58 86 99 10 14 20 89 20 63 15 76 80 80 77 12 80 17 44 33 10 93 29 10 21 37 82 82 73 39 77 57 5 47 7 74 19 81 38 14 81 48 42 77 37 52 23 86 71 10 0 32 26 55 43 35 26 22 55 97 67 43 20 11 33 21 56 56 62 67 39 95 82 27 79 81 23 86 12 49 43 10 32 68 45 32 82 26 33 51 24 9 53 0 84 63 54 58 80 76 40 78 31 71 83 85 55 24 33 95
59 58 1 75 13 95 74 23 18 78 54 15 93 63 53 77 50 38 40 93 35 52 65 45 2 97 60 42 42 54 99 35 7 84 54 96 59 47 88 48 31 98 91 37 80 57 92 23 75 6 49 70 89 50 28 46 38 29 83 30 8 27 100 10 42 35 16 27 21 11 7 2 18 30 4 36 31 95 75 61 73 47 52 29 84 92 5 78 38 25 10 22 28 36 69 34 42 38 89 59 9 31 86 35 47 42 86 86 43 89 54 9 38 5 24 30 89 15 31 52 23 45 57 27 43 49 25 88 59 13 49 92 20 28 20 79 18 27 29 51 18 4 40 13 68 44 48 24 10 31 43 5 52 11 88 51 6 62 40
0 57 83 55 2 1 83 43 78 26 74 83 58 35 90 76 20 0 65 32 62 32 73 29 55 10 6 15 83 48 59 34 38 9 63 86 59 76 61 94 78 13 88 66 85 61 12 47 47 68 45 7 66 96 17 82 23 15 48 98 13 28 2 3 22 6 17 6 64 24 84 62 47 79 88 48 95 58 83 96 39 92 9 10 46 91 96 32 88 50 25 25 26 2 69 68 100 0 5 40 14 72 73 2 12 2 18 17 44 46 12 83 54 95 62 45 11 20 55 82 47 20 11 91 2 66 20 29 27 66 8 94 27 15 6 53 8 2 18 90 52 75 47 100 8 18 43 95 35 66 75 89 88 82 98 52 88 63 64
27 73 70 16 37 37 4 23 44 89 1 40 99 73 19 53 100 58 87 84 62 40 69 28 53 21 65 4 60 83 92 96 72 100 6 26 100 0 11 38 41 54 54 67 69 42 36 40 87 6 64 48 5 54 43 33 52 85 19 11 20 7 39 31 58 72 54 59 68 46 30 40 50 95 43 81 26 57 89 13 91 57 34 51 82 31 15 65 67 63 86 81 22 94 16 8 43 90 27 39 69 62 98 64 89 92 99 93 96 6 93 38 98 34 20 88 36 63 56 56 9 100 80 20 62 94 36 88 84 98 24 82 62 85 76 69 9 27 55 80 93 21 99 96 16 55 69 84 23 74 30 96 82 71 42 18 2 37 5
15 4 47 67 15 96 17 88 59 94 80 6 54 33 94 75 67 73 83 64 69 17 0 37 25 34 93 43 9 19 37 13 79 73 33 73 14 25 6 94 88 46 3 67 27 8 12 69 97 2 36 57 74 41 13 67 19 60 93 32 48 59 92 74 73 46 45 98 65 1 17 52 32 9 99 70 78 2 72 47 39 99 26 81 74 100 39 64 32 51 37 71 8 24 82 23 95 81 100 92 100 43 29 69 3 100 79 32 65 4 82 27 92 34 98 22 25 42 42 78 9 56 80 78 1 41 58 20 66 81 3 22 19 87 96 32 61 88 47 92 81 47 19 97 11 72 31 3 75 17 6 3 24 32 98 54 21 80 15
6 82 33 2 28 100 58 74 39 81 0 72 4 24 18 10 33 100 91 77 54 61 55 91 52 8 72 84 24 50 61 33 69 39 91 99 9 5 40 92 93 9 55 18 44 35 88 26 42 21 36 28 13 77 88 4 27 32 37 49 53 67 72 99 53 43 40 90 31 22 20 27 76 33 45 65 14 47 71 73 97 42 3 56 62 89 45 75 37 81 96 92 4 66 47 7 16 33 16 79 2 55 17 27 95 96 37 42 4 49 29 83 26 21 73 0 9 43 77 16 90 97 57 37 62 76 97 12 99 6 5 88 89 22 70 61 23 18 45 35 18 20 11 24 17 71 32 34 54 98 26 66 68 38 12 28 85 1 4
33 73 4 33 11 25 13 16 42 5 96 3 15 81 44 24 73 76 76 96 55 100 90 21 11 95 50 53 65 34 5 47 33 62 16 69 61 23 41 81 35 70 41 14 21 16 83 43 95 16 78 98 87 79 22 50 65 87 44 97 63 61 54 29 28 52 12 79 80 48 20 79 52 40 8 53 78 98 79 22 50 13 82 94 49 12 91 62 13 15 45 96 77 51 0 1 93 53 87 50 0 40 69 23 94 84 100 46 90 10 47 85 72 43 41 86 10 59 8 83 99 18 47 28 99 25 49 7 96 86 68 32 13 84 63 69 12 76 54 58 3 49 55 34 83 96 31 89 42 12 73 92 50 13 13 96 80 100 38
84 58 46 25 29 20 38 14 11 19 4 27 93 30 90 52 13 64 54 72 22 71 16 12 19 67 28 71 80 79 58 74 50 60 68 44 6 51 25 15 52 93 82 70 18 17 82 48 1 48 81 33 95 65 49 16 35 34 34 12 50 58 92 85 62 15 2 49 61 64 68 33 53 70 19 73 11 81 61 99 55 8 9 84 36 32 9 12 71 26 68 2 80 36 91 77 50 17 71 84 78 70 70 92 72 66 44 7 34 82 23 56 95 22 60 36 49 38 73 69 16 27 1 6 67 24 65 86 98 12 72 74 43 41 92 24 40 62 81 63 5 34 77 0 5 36 100 49 43 18 83 35 55 38 37 65 14 15 13
90 32 52 82 65 85 96 74 23 30 52 15 77 27 21 13 91 98 8 60 32 46 6 14 56 50 16 2 74 17 32 5 63 96 2 54 70 62 80 74 85 66 23 53 49 23 86 91 49 60 63 76 59 79 94 44 6 15 52 41 43 19 69 13 64 24 62 58 95 72 79 71 59 0 6 3 40 12 36 23 81 79 18 14 78 7 78 68 29 84 98 8 55 3 64 86 87 45 40 36 65 33 76 13 70 20 91 57 40 3 62 99 27 23 80 37 85 19 22 74 86 64 87 19 93 19 40 39 38 99 62 26 79 27 22 77 44 49 20 48 27 88 3 57 14 96 74 39 85 90 41 98 29 73 18 20 33 15 39
55 3 71 6 68 90 96 7 46 5 48 4 30 57 2 96 77 44 77 76 4 81 27 32 64 44 83 55 86 9 45 32 86 60 94 91 70 94 81 45 19 14 71 21 55 3 59 95 29 13 24 90 36 33 88 89 49 28 65 68 33 34 43 68 57 100 95 22 8 76 42 99 77 81 92 4 24 21 95 0 41 96 92 49 34 49 26 19 78 20 65 73 75 16 84 12 38 66 73 42 40 61 76 40 45 30 29 41 16 73 96 66 1 64 17 16 98 80 72 8 75 75 19 6 8 16 67 44 10 11 33 73 80 95 88 9 54 29 47 10 53 59 88 81 34 46 62 76 57 26 14 68 1 20 77 56 21 13 12
78 6 83 63 89 91 76 74 100 15 18 52 4 18 40 40 1 45 79 39 10 47 78 12 22 25 100 67 30 80 14 48 55 39 27 87 24 90 78 25 6 71 67 39 0 11 12 58 93 22 71 54 13 69 4 99 40 4 47 5 50 52 27 10 36 59 17 60 72 7 77 32 10 11 33 35 83 19 14 69 61 68 48 81 53 46 100 1 35 40 79 56 0 72 41 94 18 88 19 58 93 55 10 15 65 57 84 65 25 87 0 85 60 10 36 21 70 26 16 21 11 78 20 62 86 93 58 75 22 51 96 72 19 46 43 71 1 93 94 7 43 43 89 40 56 61 10 39 15 31 0 0 15 95 31 73 62 52 99
74 28 64 56 100 51 42 37 57 1 53 85 72 52 84 74 12 73 89 82 14 87 27 79 46 48 97 45 20 91 71 80 46 81 72 13 62 32 53 60 1 93 93 8 62 22 9 89 61 16 99 85 7 22 81 17 90 32 29 17 39 66 8 30 8 85 24 34 63 69 58 48 81 57 13 83 74 40 54 30 78 8 46 64 54 69 48 39 38 92 1 33 58 55 83 55 9 37 94 80 68 20 91 45 92 34 39 94 64 49 43 18 49 32 36 58 59 28 16 97 38 26 42 34 80 9 3 35 40 61 71 82 43 29 59 97 95 24 17 72 12 43 78 74 34 22 60 80 1 32 27 19 67 12 16 85 9 3 19
4 49 33 47 64 75 55 90 17 24 91 67 83 83 95 36 19 42 5 74 75 24 53 39 4 37 55 96 92 2 15 85 96 71 67 71 4 52 38 20 72 18 4 91 79 95 64 44 82 5 82 29 81 18 57 78 62 44 44 99 87 78 33 90 2 68 46 12 54 37 25 71 56 71 61 85 68 58 0 68 3 1 16 4 63 4 26 74 57 0 16 12 63 47 57 15 18 57 37 24 9 70 27 14 32 14 34 38 36 16 13 61 31 78 84 98 3 56 57 29 38 40 24 94 43 94 69 48 100 46 68 57 0 38 13 39 35 12 67 79 77 38 92 28 81 71 6 72 93 52 22 67 13 46 47 61 29 81 25
18 28 37 15 71 96 15 14 61 2 49 84 87 79 24 6 0 3 81 91 74 52 54 94 4 72 42 52 16 84 62 14 98 70 50 16 55 93 95 27 61 28 3 31 86 85 29 90 15 38 64 89 70 25 30 10 9 81 94 65 28 32 5 68 68 75 44 28 33 12 42 44 65 17 43 93 94 81 100 35 5 40 30 83 26 25 7 41 46 91 32 34 33 94 61 85 46 66 20 83 88 88 94 50 5 46 5 94 68 87 24 88 99 6 14 79 18 84 38 2 77 34 88 90 33 27 51 93 89 12 16 48 52 4 15 76 17 46 32 92 55 93 5 46 15 51 13 48 77 3 75 25 67 57 10 71 68 37 45
14 18 69 18 87 76 65 81 32 63 39 61 74 26 65 11 78 56 64 62 0 99 1 28 0 75 88 29 50 39 20 71 33 60 74 38 10 92 71 60 29 70 88 30 20 6 20 87 96 42 26 3 24 43 91 85 30 75 12 19 10 18 69 73 93 69 30 15 42 8 29 51 12 61 55 66 84 33 17 45 55 33 61 14 51 98 88 13 60 94 34 43 38 84 56 18 49 16 87 40 85 39 0 20 49 1 26 83 58 15 62 62 7 8 53 23 84 30 81 100 46 42 67 1 21 35 47 29 97 16 60 97 59 68 82 25 57 16 59 88 26 90 68 13 92 55 6 83 33 4 5 22 9 9 98 42 18 8 39
2 52 70 32 57 77 97 92 46 19 66 87 4 88 48 78 35 67 93 72 31 68 57 87 83 3 64 3 96 59 3 41 73 1 31 26 73 73 91 100 67 98 93 3 37 44 86 58 4 85 30 3 5 14 72 91 22 46 100 24 42 43 45 45 22 41 48 3 60 0 81 85 54 32 75 72 57 52 74 75 20 22 16 73 70 17 98 30 45 61 21 72 4 57 19 45 33 13 6 72 98 56 9 67 40 67 79 9 51 10 54 26 7 67 93 87 42 9 24 11 52 40 64 19 30 79 47 29 23 63 54 53 31 71 44 90 82 99 87 14 22 18 89 5 100 28 86 30 8 13 33 49 41 53 74 39 23 0 25
43 40 93 41 77 18 91 40 2 44 85 60 16 27 65 21 88 71 93 83 49 21 88 74 9 6 52 22 19 67 61 95 60 81 6 92 34 17 54 49 73 36 11 3 4 6 47 97 10 24 97 74 71 72 5 90 38 74 19 45 94 61 0 59 59 19 25 12 86 27 32 100 87 76 55 84 77 57 23 77 93 28 23 82 74 46 58 21 28 42 74 76 59 15 25 35 70 11 32 8 95 21 17 21 9 23 45 59 28 7 61 26 92 31 68 85 72 11 42 43 15 73 90 53 3 98 10 40 96 13 66 95 60 27 83 99 65 33 50 4 86 58 31 83 49 65 79 71 86 84 74 19 45 82 48 68 54 26 49
79 23 37 27 26 61 42 6 65 42 90 92 40 66 86 68 40 58 34 88 73 62 68 34 23 40 32 91 47 28 21 73 26 11 67 64 62 79 47 99 57 67 75 37 23 93 69 87 93 88 52 76 26 69 86 81 68 46 25 40 80 90 37 67 100 88 72 21 8 40 5 77 78 65 37 49 93 95 78 45 82 9 23 3 3 53 92 82 99 2 87 33 76 23 36 55 79 22 49 91 7 74 74 74 57 70 51 54 4 28 70 14 45 2 77 90 15 96 83 6 47 98 55 91 72 74 72 79 71 99 36 46 25 85 87 47 73 35 97 78 0 2 22 94 96 77 13 57 16 64 44 12 82 81 71 32 8 68 39
41 62 96 36 75 33 30 2 76 70 94 22 88 57 0 100 44 17 20 47 81 10 11 13 69 84 9 62 75 25 0 74 10 86 43 48 55 71 50 93 13 78 74 90 99 70 32 74 88 21 29 66 97 9 46 96 75 82 80 3 18 56 83 81 100 18 88 89 43 40 93 69 32 19 0 16 62 92 33 99 5 80 69 36 56 52 5 17 18 1 35 92 74 12 85 18 98 13 16 70 60 79 5 65 70 91 54 6 69 55 85 55 12 38 44 2 45 36 46 97 92 80 31 92 52 32 56 14 92 39 69 90 50 15 71 40 25 50 31 74 8 75 57 10 95 91 13 45 74 22 98 79 46 44 59 69 16 54 33
14 90 75 82 88 6 4 8 80 27 34 51 33 47 21 97 93 3 6 14 22 35 41 68 64 7 58 98 34 26 57 24 23 76 14 69 92 4 0 26 20 26 61 8 67 0 14 15 84 76 40 27 100 28 93 59 73 75 23 86 17 11 79 4 79 52 86 79 10 87 90 37 13 19 48 80 28 95 19 72 10 72 97 7 18 18 29 68 49 62 36 90 53 10 45 98 81 77 55 71 9 68 68 58 21 10 3 70 67 89 39 31 96 88 81 32 54 97 45 99 10 25 88 73 88 41 99 76 34 44 7 19 69 78 22 30 23 15 66 72 41 99 79 69 3 5 61 48 8 34 43 56 22 64 95 89 91 18 77
93 38 100 7 3 98 8 40 89 88 57 55 81 85 87 54 6 60 64 16 8 10 100 64 88 84 71 89 94 39 42 21 31 25 85 91 28 4 72 45 33 22 61 32 94 24 88 10 72 3 98 89 47 39 52 72 66 43 8 2 27 90 7 74 11 54 62 15 5 51 44 57 31 79 15 73 76 19 33 81 80 38 8 18 7 98 46 82 86 71 59 64 78 13 54 19 58 42 65 52 63 66 92 48 11 0 95 87 77 97 90 92 50 100 58 44 93 88 49 3 5 71 63 26 24 60 98 2 62 1 59 89 65 58 66 78 35 51 64 88 47 27 1 75 17 23 77 32 55 91 69 94 94 31 40 97 41 41 88
74 52 19 60 32 78 100 29 38 38 12 45 87 7 99 23 32 72 27 30 96 40 32 3 8 60 74 45 66 94 43 50 64 87 24 68 67 3 43 67 45 46 19 24 62 43 13 71 72 71 52 15 19 77 20 59 84 69 15 86 25 35 3 72 12 38 87 66 5 65 66 29 62 62 60 78 68 25 54 69 69 10 54 31 6 100 43 0 40 83 0 33 11 69 14 45 23 73 59 94 57 3 83 14 56 6 75 4 47 39 48 64 37 66 22 8 64 41 66 52 51 79 93 46 3 32 74 57 54 23 80 32 11 6 16 51 56 79 5 43 98 70 92 4 1 22 84 83 31 12 79 3 15 3 7 55 59 45 35
36 84 91 58 69 83 4 92 67 11 30 60 44 88 97 9 7 33 70 5 93 11 85 4 37 53 85 54 9 82 57 93 60 98 82 42 47 22 79 11 3 4 92 83 61 15 76 35 60 89 28 29 89 37 12 14 96 33 71 93 22 15 11 7 20 46 18 40 60 51 62 49 62 3 61 42 37 28 56 28 60 87 82 34 94 0 87 14 36 43 83 31 0 50 0 76 76 81 70 21 18 52 85 29 100 1 94 43 21 71 6 85 57 37 50 90 14 16 14 77 68 52 98 87 33 26 2 55 43 32 4 40 58 1 92 19 24 12 36 21 87 16 27 7 21 88 26 76 80 25 10 35 81 33 10 19 50 71 27
84 88 53 94 4 40 27 21 92 32 30 58 26 14 87 3 9 23 99 84 55 55 23 15 58 22 7 93 5 51 99 76 58 32 100 92 99 86 99 95 94 69 79 48 96 86 95 73 70 31 79 86 14 15 75 75 45 65 19 12 18 61 49 45 79 35 24 87 27 26 48 20 30 0 10 68 52 70 80 28 75 52 67 55 52 53 28 11 81 32 54 11 84 1 10 53 74 90 10 25 89 94 42 24 76 51 68 86 90 86 5 3 46 88 4 47 42 5 82 28 95 7 27 30 56 18 74 67 38 21 35 65 6 22 0 43 96 33 84 45 89 61 85 29 74 20 94 69 89 35 89 98 39 42 59 25 49 50 40
50 74 94 51 18 30 22 11 42 60 38 13 52 42 77 1 14 39 21 5 0 33 64 97 95 93 61 12 7 12 28 4 79 32 74 14 58 93 38 4 63 2 57 17 84 46 77 68 89 73 48 92 34 72 73 60 55 90 83 55 21 33 66 28 81 29 26 64 60 25 61 88 72 43 98 30 94 0 60 56 19 58 46 28 12 84 70 75 50 1 88 80 24 56 64 84 89 67 82 38 37 100 86 19 74 24 65 82 66 89 82 60 81 90 66 84 87 25 54 98 40 17 62 40 97 73 39 95 51 69 10 31 45 74 20 88 75 65 17 69 100 79 78 3 89 30 18 78 36 71 45 55 80 58 53 17 51 77 16
58 35 91 70 17 96 16 21 26 29 4 22 93 56 1 95 49 12 24 26 44 60 9 53 27 37 79 64 29 67 88 26 16 2 33 16 47 58 82 8 71 50 98 87 8 55 100 0 29 29 77 2 32 50 58 49 24 3 57 23 52 77 64 5 35 89 20 59 78 4 67 93 2 7 74 11 29 57 1 88 51 20 64 4 15 93 99 74 11 62 32 40 98 14 14 81 7 98 9 5 46 27 13 59 48 79 92 83 39 8 87 24 90 2 21 98 0 71 82 22 98 12 64 71 77 52 25 10 44 79 46 57 6 11 2 20 62 82 74 69 18 36 3 84 34 54 42 29 64 5 62 46 70 5 3 80 15 54 31
26 13 86 46 52 65 70 71 16 5 87 75 40 79 8 55 87 40 64 70 25 13 56 32 75 42 72 67 52 70 53 100 3 4 92 66 64 10 31 75 93 10 46 100 88 41 51 98 13 98 61 76 48 10 47 12 60 63 54 47 53 90 5 25 7 27 95 62 46 90 89 65 93 82 66 72 33 10 100 94 66 83 8 75 96 99 70 68 84 59 99 3 97 2 26 54 81 63 56 4 100 35 75 34 22 88 53 59 58 22 44 37 69 95 26 11 96 20 14 81 61 85 8 0 77 28 39 26 50 19 15 17 91 99 83 28 39 38 35 48 98 77 5 92 18 32 35 61 8 58 12 25 50 81 93 50 68 66 38
66 82 73 60 90 11 60 38 1 83 98 45 38 11 15 19 38 76 86 34 71 78 96 15 9 4 15 74 87 17 64 36 15 48 97 51 75 57 55 20 63 87 31 72 35 78 97 97 13 40 37 45 64 19 18 80 27 58 46 12 88 46 3 34 55 63 81 52 51 9 49 34 89 57 43 22 23 26 25 88 8 67 51 51 0 84 33 45 17 85 48 1 10 9 26 32 25 60 38 32 6 34 25 16 0 39 5 64 56 23 69 32 72 83 49 52 70 86 15 65 30 64 18 54 32 66 47 78 92 16 44 82 57 63 3 84 81 46 87 81 6 58 5 85 29 68 60 88 18 8 19 8 19 36 13 11 5 3 74
19 68 10 21 61 87 23 88 21 27 22 39 55 22 48 64 89 56 72 96 56 93 94 31 77 55 90 80 54 37 78 71 71 85 15 78 83 39 12 2 35 77 21 19 8 11 1 4 92 94 94 67 30 76 75 7 28 84 46 44 31 38 72 73 93 25 62 65 37 42 15 73 71 0 45 60 21 60 41 15 38 65 5 79 42 15 12 44 89 46 49 95 2 49 35 89 21 71 10 77 52 98 48 76 86 13 79 55 96 0 6 6 37 72 24 26 47 85 5 72 51 37 53 53 34 38 84 70 58 0 21 19 31 7 98 94 68 37 100 9 74 63 31 32 90 7 65 0 60 48 81 80 59 55 85 85 0 95 93
10 11 28 81 9 58 29 76 0 54 85 29 42 3 26 30 99 31 36 50 29 80 43 63 63 28 73 63 90 38 84 74 97 28 99 60 2 37 20 80 96 40 26 95 6 8 51 64 47 20 55 30 38 43 94 2 3 56 50 73 92 35 98 3 3 35 83 78 91 12 61 34 51 44 51 59 18 56 97 99 51 82 91 89 96 38 87 80 31 71 86 20 9 15 20 90 28 26 87 13 4 31 87 85 64 37 76 0 84 39 93 99 6 30 5 65 47 51 86 1 9 18 62 58 4 51 93 15 1 81 32 4 87 4 55 40 27 76 53 92 92 24 82 25 32 80 93 13 57 22 56 50 58 71 59 13 27 19 28
19 100 98 77 74 86 97 53 0 44 28 40 37 96 12 32 62 17 63 13 51 55 91 90 39 22 10 41 33 20 72 68 62 94 18 70 6 83 87 53 70 28 56 81 56 79 99 85 72 2 42 18 99 92 69 59 88 57 25 43 93 39 34 22 10 98 81 31 47 44 24 83 90 49 7 79 13 89 69 15 91 89 43 26 35 28 91 54 49 74 96 73 78 24 73 48 2 56 80 3 54 1 45 49 95 20 84 53 0 90 71 12 15 44 30 22 19 62 1 18 14 39 11 34 31 88 6 52 77 36 20 0 80 42 32 61 33 99 5 2 88 42 61 6 79 11 77 20 49 75 42 25 81 59 75 80 34 94 15
64 87 84 26 49 53 96 20 86 31 6 48 0 17 9 30 15 67 1 50 72 52 8 57 43 68 31 80 76 80 35 24 65 84 85 28 81 21 95 95 93 72 48 28 51 93 13 34 33 97 80 29 96 52 14 15 38 17 90 16 61 72 11 76 10 57 45 22 39 64 27 98 13 10 26 52 27 48 88 38 87 38 57 83 14 83 6 88 46 49 66 97 37 43 66 61 53 90 53 92 18 28 15 61 43 38 72 47 49 40 89 7 98 95 31 66 66 94 80 86 65 3 97 1 83 74 75 13 18 55 22 61 64 1 11 34 87 76 77 9 63 26 15 61 48 41 86 36 62 7 95 22 43 41 4 56 68 16 51
82 22 86 100 58 13 74 90 33 5 62 15 80 1 54 45 93 39 57 94 86 43 46 53 61 99 30 3 67 36 92 55 91 33 30 99 42 96 66 10 75 9 32 86 61 62 87 88 11 32 20 52 27 34 63 58 41 98 47 12 1 27 75 32 6 77 78 73 4 70 58 2 12 45 38 20 72 98 22 28 81 18 3 0 4 72 9 46 22 58 80 100 4 27 49 1 12 28 65 83 97 41 42 21 64 0 45 12 28 3 65 91 18 25 75 17 32 44 81 79 53 57 22 91 12 42 34 26 39 35 92 9 7 21 23 53 98 24 75 8 86 73 24 8 43 94 24 41 9 64 97 67 3 6 73 57 82 100 88
57 1 32 1 57 64 59 7 11 12 16 70 80 63 19 89 72 65 62 42 56 93 91 32 29 60 13 37 90 68 100 56 78 41 70 59 27 64 20 78 44 26 71 40 2 17 96 91 37 73 51 84 79 29 49 57 5 28 81 46 29 60 77 70 74 49 2 63 92 47 41 5 33 76 78 62 97 53 89 46 48 22 4 97 22 21 57 64 28 85 26 1 7 23 65 44 71 98 89 70 0 34 91 30 47 58 57 62 96 95 0 16 61 8 65 93 86 30 37 38 97 35 18 76 52 23 11 75 79 19 100 56 34 99 13 65 32 34 48 44 23 66 17 19 65 76 31 87 1 60 67 19 17 12 48 66 3 70 98
49 65 20 15 50 1 6 66 46 64 27 74 53 37 11 50 8 31 28 10 23 6 41 79 77 40 66 64 50 82 26 29 93 50 64 32 64 64 63 39 87 17 42 68 71 61 10 83 62 51 29 44 45 37 1 27 55 62 36 46 19 81 36 80 53 3 49 4 93 5 36 37 90 75 74 33 69 31 55 65 37 23 34 22 25 38 62 72 62 19 17 44 41 62 59 60 72 14 81 28 28 20 60 88 10 44 84 68 61 64 6 1 32 89 65 67 14 2 53 1 85 40 89 67 39 15 65 62 7 41 81 96 27 65 75 81 74 9 74 91 4 100 56 24 51 29 82 56 21 39 74 24 48 11 66 22 94 33 54
82 29 22 94 36 84 12 71 95 95 29 39 51 53 70 82 37 22 3 7 45 38 1 1 93 43 42 88 80 56 75 30 21 81 17 44 91 95 91 87 25 69 46 88 32 54 24 46 56 43 7 57 67 53 35 12 58 87 28 45 38 53 80 9 87 25 70 78 25 28 95 56 23 9 6 89 91 58 87 45 64 52 73 1 19 68 74 44 16 76 11 71 23 0 2 33 63 0 8 98 39 61 75 82 98 28 48 10 81 13 37 61 54 6 58 4 26 45 50 86 74 24 80 87 52 36 1 50 40 88 82 58 70 29 0 9 87 26 13 85 75 96 12 31 54 58 37 97 89 90 100 12 18 5 35 47 74 61 99
76 27 90 14 81 1 47 40 2 20 36 14 47 30 60 74 17 89 88 80 64 5 76 63 70 24 48 73 18 2 45 67 67 15 32 52 49 14 85 16 87 36 47 56 37 94 96 66 27 60 14 99 11 17 67 59 50 92 11 22 38 88 11 44 54 46 71 77 54 22 74 41 61 64 99 3 51 10 100 45 57 4 84 43 72 69 76 84 90 38 99 76 38 3 14 29 38 83 15 3 1 83 98 42 59 43 28 55 26 50 95 16 69 71 81 12 35 50 13 72 80 79 95 50 54 29 64 83 18 13 51 24 19 81 7 77 52 26 3 0 47 20 74 68 60 6 21 51 47 28 66 30 68 8 29 37 53 98 93
57 97 7 1 94 30 85 67 82 62 70 6 18 25 81 93 66 20 100 51 61 39 86 12 76 29 22 30 6 68 12 7 79 1 56 75 1 60 44 17 40 65 7 22 66 91 14 96 59 55 35 76 37 38 59 31 60 83 43 79 68 58 50 67 12 87 66 65 11 10 45 20 40 71 11 29 20 77 63 2 89 7 24 99 44 32 48 23 43 100 82 9 38 96 66 70 49 20 50 62 55 81 62 67 62 19 7 40 67 41 51 19 33 18 47 48 2 30 1 50 45 22 57 88 97 3 54 54 39 57 34 15 41 46 21 67 54 3 66 90 16 4 43 79 70 28 94 83 51 52 74 72 29 63 69 89 71 72 10
60 79 32 84 85 32 57 38 30 93 65 24 48 89 77 42 89 88 43 85 14 54 95 59 30 40 77 59 90 29 25 97 53 95 14 23 81 65 25 50 44 28 11 54 14 27 89 53 29 84 88 83 58 95 64 1 37 62 77 42 6 19 30 63 18 73 73 70 3 19 0 97 79 79 16 22 53 41 95 71 76 27 14 80 71 7 90 30 42 29 31 56 65 42 98 74 26 93 7 45 6 77 93 63 93 81 71 29 25 25 37 25 86 44 9 85 44 76 89 39 74 86 33 66 46 52 4 100 47 37 33 56 20 47 65 36 3 79 35 24 11 4 54 15 55 30 11 12 53 23 48 95 63 35 19 46 61 91 50
39 6 32 46 59 78 73 62 22 38 4 37 15 29 20 10 75 43 24 18 19 14 29 25 40 10 53 63 24 80 66 97 66 47 13 61 52 66 24 39 89 65 73 59 53 2 29 0 44 10 51 10 74 7 34 28 94 83 26 22 64 67 91 48 56 39 57 48 62 55 48 38 73 100 66 78 47 76 38 94 13 10 92 26 11 33 5 49 21 89 15 56 38 35 56 46 52 33 84 45 53 62 54 80 95 38 96 41 56 37 61 49 23 68 21 53 26 84 78 24 72 63 31 83 86 2 15 17 39 10 48 100 41 39 73 99 38 5 29 29 12 97 68 89 42 44 41 31 99 12 37 46 10 83 40 76 70 87 83
27 89 9 73 57 74 11 79 99 61 55 48 61 18 17 21 70 58 69 29 16 93 99 82 94 61 81 90 78 2 83 14 20 87 6 0 3 34 32 12 88 73 96 31 41 77 0 18 48 20 37 10 97 85 95 7 44 23 37 71 64 21 45 21 30 29 41 98 26 88 15 100 39 27 66 10 53 33 64 18 6 76 3 61 45 78 38 27 74 80 98 14 56 40 98 58 18 0 8 10 3 86 21 25 14 22 18 39 57 88 35 13 58 70 98 64 96 61 20 10 59 30 22 23 0 42 3 11 65 46 17 31 90 17 65 100 39 75 92 47 47 28 48 99 89 65 26 90 63 88 26 83 18 98 11 79 85 58 66
77 39 1 91 15 12 76 31 93 51 59 80 97 78 54 94 56 10 67 0 2 56 81 15 69 98 62 28 35 75 88 81 61 11 82 74 16 49 59 2 39 7 66 34 16 68 31 91 54 61 5 66 23 41 66 90 6 38 46 66 24 43 78 83 0 76 58 57 40 21 36 9 53 91 48 18 52 46 58 77 2 18 51 20 61 35 69 63 33 86 73 10 43 94 4 5 57 10 32 23 14 100 91 60 73 62 36 84 18 93 28 59 57 61 71 22 72 45 9 87 96 42 52 42 31 90 3 24 0 4 17 18 4 40 10 99 34 59 75 15 53 74 25 93 57 50 77 72 65 40 16 8 88 51 79 31 4 69 56
80 40 2 80 50 83 23 63 14 27 57 77 80 9 69 65 88 44 66 1 84 66 7 46 89 0 80 92 42 56 50 11 13 56 54 34 73 96 70 46 89 74 9 43 96 26 41 66 11 65 76 44 31 51 41 11 73 4 3 38 63 59 12 81 49 22 90 20 26 3 75 55 42 40 32 38 73 12 53 90 39 92 45 98 24 100 15 19 4 39 47 46 99 31 97 91 100 31 21 3 88 56 46 48 8 44 31 84 31 43 21 24 70 93 53 70 27 30 50 21 37 94 30 92 25 51 57 3 43 54 2 98 77 82 91 92 42 66 23 24 18 0 97 28 31 2 77 75 18 86 75 61 74 50 68 32 93 14 67
68 36 47 69 68 51 16 16 16 12 48 12 62 40 84 83 85 52 53 81 25 3 86 54 99 38 65 95 35 50 3 73 83 68 43 11 14 89 32 23 58 69 37 42 55 3 17 52 81 56 32 21 22 74 86 29 6 65 29 61 20 99 49 71 37 71 41 93 49 57 19 15 45 71 62 42 61 72 100 30 14 56 34 22 24 0 57 70 27 3 18 98 95 4 51 25 50 54 63 43 4 66 17 5 55 86 68 13 30 25 5 22 76 36 26 6 84 68 55 99 86 27 60 84 3 73 62 49 78 53 59 10 62 50 25 63 56 72 74 11 27 38 12 55 26 69 53 8 14 12 17 51 78 68 79 32 44 86 28
53 21 57 12 66 39 31 56 7 57 35 53 33 82 83 92 45 93 52 67 7 99 1 33 93 52 27 77 7 23 31 85 82 64 0 45 31 19 34 86 18 5 64 31 44 72 73 83 20 46 30 97 36 14 98 6 17 57 31 4 3 34 42 2 11 48 15 87 90 81 26 91 92 28 6 82 27 66 71 45 87 68 57 75 25 61 55 81 22 5 2 25 41 87 69 73 55 0 62 36 45 94 31 49 17 5 17 56 29 2 18 84 44 62 65 32 85 85 25 34 29 87 30 80 11 34 75 93 32 29 61 89 65 9 31 13 63 31 54 56 80 10 26 61 62 33 42 80 78 55 43 82 0 6 78 86 39 36 13
82 31 54 1 9 65 60 85 17 64 11 2 95 60 47 99 63 26 28 80 24 21 33 49 14 35 90 18 89 1 58 76 17 64 63 52 13 14 61 80 27 64 87 62 98 12 16 25 25 59 61 57 16 15 54 57 23 24 70 30 20 53 47 63 89 61 22 73 44 89 89 12 74 24 1 30 18 50 68 80 83 46 15 99 73 98 26 4 34 91 35 39 5 76 37 59 34 49 43 59 63 65 83 21 25 79 46 10 48 25 64 86 69 1 22 81 7 38 50 89 46 0 40 72 54 82 47 8 0 57 15 43 3 62 66 87 2 80 14 16 46 97 70 14 11 69 44 26 100 56 94 25 70 51 88 59 33 0 49
83 95 25 32 96 31 47 23 54 53 47 18 27 31 86 37 18 12 32 33 77 78 62 86 22 90 2 13 1 97 88 51 66 47 93 88 24 88 32 37 34 28 76 53 9 100 37 51 77 11 3 14 96 68 78 84 1 27 58 25 55 15 70 21 17 39 8 4 8 89 42 4 94 98 72 81 25 6 7 3 71 46 77 85 25 97 93 71 87 62 7 85 76 67 85 48 8 54 26 16 29 5 0 56 47 73 90 98 48 88 31 3 29 83 74 9 9 62 26 23 37 20 40 62 8 75 74 27 29 51 12 77 69 43 66 20 46 99 68 8 77 34 65 5 89 30 67 3 47 3 93 7 17 44 26 1 1 11 33
36 51 92 60 84 37 0 21 53 99 26 13 47 28 8 52 23 60 94 31 53 83 17 44 69 85 9 2 39 76 90 1 86 27 71 76 58 50 34 26 57 73 79 57 62 98 78 54 86 97 7 83 83 33 67 9 11 80 25 25 25 17 52 92 57 32 98 39 11 30 31 90 79 38 61 67 26 60 84 77 87 61 52 91 85 21 77 8 53 6 79 86 80 61 58 50 18 37 69 85 97 29 85 18 76 31 49 72 27 20 92 90 32 53 62 5 8 0 88 24 43 15 36 30 35 79 95 88 58 8 33 52 67 31 90 0 19 0 54 55 54 7 17 91 41 13 44 35 98 93 48 36 52 88 10 35 85 86 47
38 16 77 12 53 89 35 48 47 72 35 38 30 41 34 95 51 67 67 10 1 36 24 16 33 97 91 92 59 73 89 28 54 24 41 75 37 1 63 51 42 45 41 11 87 94 34 50 79 93 75 47 85 39 79 97 21 95 59 96 38 28 41 23 30 93 21 7 79 6 40 20 74 90 70 47 94 25 9 42 25 52 6 59 78 21 26 30 98 2 61 75 10 79 86 80 1 3 95 12 50 99 92 95 78 35 67 95 29 42 90 4 33 0 24 65 100 33 88 94 92 1 61 68 97 50 72 84 66 67 98 89 10 14 97 20 68 45 53 77 81 8 60 82 18 61 51 1 34 80 98 80 99 82 38 81 89 25 58
87 79 61 2 45 40 55 56 47 56 72 73 84 9 6 14 59 59 33 92 57 3 62 79 63 82 8 93 6 63 0 19 85 79 82 26 0 88 9 69 72 10 63 89 9 69 70 90 46 47 8 4 39 68 27 71 5 20 16 82 56 55 58 99 15 8 95 62 68 20 64 35 77 71 37 54 42 90 43 10 71 66 20 35 51 54 11 71 67 44 64 67 25 15 3 27 52 32 42 6 78 11 88 36 9 92 41 24 10 18 76 78 39 64 31 91 24 18 8 98 7 36 87 4 40 37 37 29 74 96 12 73 74 36 6 52 68 5 11 90 97 81 69 68 32 56 64 41 90 1 10 75 11 55 78 77 97 25 48
48 36 98 68 15 56 56 85 17 31 99 59 37 77 35 86 77 42 33 85 90 92 30 27 3 32 64 91 2 31 77 22 4 89 87 58 97 35 9 77 90 15 51 18 37 53 84 41 27 44 58 33 64 88 25 20 91 84 79 25 7 64 27 88 71 49 76 38 64 41 81 4 15 3 95 51 94 51 10 82 44 46 39 23 78 60 52 85 51 66 96 46 78 96 93 99 37 19 32 63 69 98 16 50 36 30 1 70 26 6 56 30 43 76 36 15 29 25 38 71 14 5 45 43 63 49 61 44 48 92 18 97 72 60 76 34 14 6 77 76 70 4 85 52 77 67 92 16 99 15 32 33 96 96 12 79 38 85 4
76 58 10 15 43 13 64 43 46 57 98 39 81 8 35 33 56 19 1 36 34 95 9 54 77 75 27 59 46 15 30 21 83 49 33 73 0 47 88 24 64 58 84 35 36 19 59 85 38 94 6 96 69 54 23 43 64 60 43 24 0 73 60 62 41 72 95 65 51 18 3 36 30 85 49 96 10 65 49 23 61 76 43 32 54 94 93 50 32 31 46 92 42 8 97 30 65 89 90 98 10 29 93 83 45 2 16 60 8 66 16 58 58 21 80 18 2 75 48 23 47 37 6 86 2 98 99 97 24 25 22 4 15 100 87 75 55 71 86 60 38 2 57 24 84 20 100 100 23 70 41 28 28 37 98 47 89 77 89
93 42 36 32 50 13 20 66 38 11 5 6 32 11 33 19 54 0 94 64 17 34 70 67 16 21 92 69 59 14 60 73 34 32 65 1 9 4 100 22 72 95 47 85 73 27 94 34 40 45 55 18 51 14 35 67 28 84 15 58 49 35 0 71 89 38 45 15 18 8 3 45 29 34 15 50 60 50 36 27 36 93 65 62 95 24 15 70 15 32 18 60 99 37 54 95 92 41 61 37 31 52 48 43 64 9 57 97 9 37 95 25 26 13 80 3 26 24 14 38 11 52 66 85 44 44 96 29 14 80 58 9 12 53 17 97 30 16 98 63 54 42 4 29 72 74 49 41 35 25 15 80 69 2 31 30 11 7 76
66 83 35 88 22 49 74 25 67 34 31 16 18 92 95 29 26 1 15 71 93 97 5 19 59 56 69 86 84 86 12 91 50 50 46 48 56 9 28 4 44 83 19 24 54 14 73 98 79 48 62 77 35 11 3 93 94 59 35 1 73 43 6 70 54 63 55 9 74 90 48 67 74 67 91 51 45 49 78 51 2 58 22 98 33 23 59 68 72 56 36 70 28 5 12 86 16 9 36 59 37 71 23 34 61 26 84 64 29 23 26 30 39 29 34 47 59 95 98 3 37 65 60 76 55 71 80 13 66 5 1 33 42 88 11 61 16 65 92 7 56 0 39 20 93 64 72 38 95 60 91 80 55 47 33 75 0 45 13
10 87 95 59 29 93 25 71 94 40 40 1 67 78 82 74 51 61 19 24 44 46 9 81 75 64 28 20 50 79 33 65 49 65 55 13 61 65 14 74 42 48 62 99 63 69 97 19 12 47 95 76 92 60 14 10 65 87 45 94 62 43 35 73 23 4 36 49 59 68 28 37 92 86 13 72 19 45 2 73 4 28 72 37 55 14 44 17 28 100 45 97 80 8 52 84 57 41 89 90 86 98 23 17 67 55 9 0 31 58 89 6 40 22 95 17 86 38 35 19 21 40 72 17 34 99 39 49 51 41 94 77 61 27 47 43 4 86 54 28 30 21 100 6 13 39 40 9 32 81 39 31 66 98 28 11 0 56 98
82 42 28 16 55 54 94 37 3 45 98 58 39 0 39 7 81 78 12 93 100 57 16 69 95 41 27 94 39 54 96 12 6 51 41 7 70 82 20 27 99 54 58 94 65 45 45 42 40 82 31 80 89 25 20 84 79 73 67 35 90 47 69 51 5 50 10 33 0 65 22 41 40 9 18 21 71 83 80 67 56 9 12 77 60 11 76 95 86 1 66 29 77 72 26 52 77 78 67 29 66 67 95 36 13 94 46 2 58 14 14 68 27 2 28 31 86 29 16 45 100 48 62 52 64 30 65 50 7 4 17 91 24 95 0 72 81 68 84 83 69 41 3 9 31 96 71 5 54 49 20 60 9 73 81 73 7 97 7
55 87 19 46 4 100 23 68 97 34 75 16 77 15 60 44 9 80 63 68 87 87 22 0 49 24 7 97 86 59 81 21 81 94 3 48 24 43 26 78 57 41 36 93 59 91 11 2 47 29 48 77 79 32 96 31 24 72 21 53 49 4 61 66 67 0 58 36 91 46 32 11 44 61 74 69 88 55 55 50 61 80 32 61 81 17 45 12 42 91 25 90 60 36 72 1 73 30 11 29 56 42 100 59 39 43 85 23 77 66 90 11 10 89 58 86 17 49 72 61 84 69 13 70 67 1 53 27 16 28 68 93 60 58 76 7 72 25 84 24 29 7 23 21 95 87 42 69 83 27 60 36 33 48 76 83 29 37 70
44 93 19 48 14 81 25 66 94 68 21 38 100 8 15 58 51 78 57 87 75 36 15 17 89 21 72 24 55 86 46 90 51 7 15 60 30 53 49 31 44 46 86 52 44 63 100 83 13 72 96 93 48 70 6 75 32 39 97 86 83 41 79 77 82 31 80 41 47 51 78 92 44 4 43 76 100 70 28 56 97 86 37 74 88 82 68 49 52 37 86 70 32 79 79 43 29 19 57 24 54 93 88 45 38 9 70 61 73 99 59 31 99 39 30 87 29 64 5 21 47 5 55 52 72 37 40 46 35 36 79 45 48 43 6 87 62 60 81 19 22 25 53 52 95 81 27 77 11 53 84 8 9 93 16 99 66 76 90
13 29 23 35 21 71 56 10 87 58 0 78 29 74 40 91 67 93 38 39 61 90 3 34 8 66 90 92 72 60 4 90 0 98 82 77 21 16 55 30 66 40 60 98 24 24 94 49 41 4 81 34 36 21 13 9 58 11 72 30 6 31 10 16 35 15 32 5 52 5 61 2 48 66 59 95 82 90 7 99 45 28 33 17 10 100 51 54 52 76 58 33 84 25 29 50 7 90 31 80 73 0 31 18 66 49 40 81 41 72 97 81 82 32 48 31 62 98 35 83 6 79 55 73 22 28 46 93 7 46 59 1 28 54 13 28 71 11 36 57 10 46 14 10 9 44 14 77 94 94 26 81 97 41 0 55 89 91 75
7 17 66 84 50 19 25 19 99 0 57 5 22 6 18 49 43 97 97 73 37 82 96 49 80 0 79 65 8 30 76 70 37 66 97 45 9 30 58 100 36 3 77 18 74 91 98 34 71 81 66 86 6 36 43 0 54 10 46 2 71 72 32 73 5 24 25 15 43 62 89 81 3 89 80 12 12 4 3 21 45 57 83 72 85 34 51 62 88 49 36 100 15 37 29 60 81 40 66 67 15 31 58 94 19 80 35 2 42 100 33 1 79 24 67 71 14 89 40 47 27 26 15 8 35 56 93 35 7 41 40 84 82 94 80 61 83 91 89 39 13 93 16 80 19 48 77 71 17 59 80 95 56 14 43 63 9 17 96
22 9 50 12 53 70 87 4 56 2 41 9 50 71 16 32 22 34 49 48 10 17 42 78 61 48 44 30 15 57 98 86 0 82 57 45 89 81 80 51 43 71 39 66 5 83 35 51 96 78 41 57 10 51 98 31 4 84 58 45 82 63 75 41 14 34 36 33 24 71 28 25 12 35 47 60 45 5 19 79 81 59 81 0 64 18 24 40 79 7 23 48 81 63 71 13 0 66 25 5 5 85 13 19 69 22 22 75 91 12 2 90 13 25 68 33 71 84 10 81 32 30 85 44 74 5 53 11 62 54 27 64 36 67 50 11 27 79 46 30 32 1 3 31 45 66 28 52 20 85 43 4 37 51 13 74 34 62 64
17 47 70 1 6 43 97 63 0 13 34 60 98 50 35 50 28 16 57 8 78 44 44 93 87 55 25 89 56 79 89 43 8 63 16 2 16 57 42 3 88 8 53 42 56 84 27 41 68 48 12 23 80 56 59 72 37 12 45 47 90 50 7 47 15 92 69 81 5 45 98 53 9 70 95 89 47 40 21 65 50 83 25 46 18 28 19 87 14 2 24 55 11 80 50 22 75 56 9 91 10 46 79 79 38 16 95 77 89 59 32 79 17 30 85 90 10 21 46 90 85 91 35 94 16 14 75 89 60 42 71 75 48 55 82 50 28 32 59 88 7 3 36 14 15 62 86 14 12 50 79 29 56 39 64 20 41 98 80
80 26 67 64 68 77 99 85 74 86 98 34 74 90 45 41 84 28 78 75 77 89 47 23 5 69 87 55 67 16 46 4 19 13 59 66 32 56 71 39 47 99 3 86 33 96 42 62 5 44 55 9 11 71 82 5 55 40 16 47 72 81 43 0 42 94 19 9 57 43 18 99 45 89 68 79 94 95 74 21 85 25 83 39 28 93 53 53 58 68 75 79 11 52 52 54 8 32 52 31 57 0 92 32 71 41 97 82 100 92 13 98 71 63 32 52 55 14 79 73 38 52 23 84 46 35 88 28 42 75 4 39 92 55 9 83 32 100 52 73 97 53 4 35 57 87 2 95 90 31 54 90 74 37 52 35 20 92 7
69 58 28 56 70 59 95 5 19 41 91 2 23 95 26 45 80 37 32 56 21 90 92 43 52 13 5 4 98 30 54 50 47 11 88 94 46 22 34 74 63 79 87 82 83 79 66 12 2 45 59 66 81 17 40 90 10 38 45 89 80 43 95 95 58 44 47 72 13 8 79 65 63 93 28 78 83 81 80 84 92 36 4 78 83 93 67 93 78 43 5 59 95 9 37 29 56 98 9 50 41 38 59 29 6 39 83 92 46 18 71 56 7 33 41 100 3 90 47 7 0 90 76 29 55 51 12 74 32 40 12 95 15 71 42 86 20 30 21 24 17 13 47 8 64 24 95 53 37 32 68 42 18 51 64 91 16 63 93
18 74 51 36 54 21 23 8 88 15 15 31 42 58 91 65 14 58 83 60 19 61 99 40 80 84 3 93 70 28 28 73 56 33 23 28 82 53 2 38 81 95 90 97 66 74 37 29 41 38 53 57 33 47 92 63 70 62 39 75 51 8 56 54 57 10 77 96 17 57 100 23 18 55 45 22 15 25 67 46 63 81 91 12 74 54 51 46 79 52 23 57 46 84 73 77 18 74 4 8 43 68 18 31 22 91 78 3 31 5 73 87 63 13 10 75 64 37 86 39 82 70 80 13 90 55 43 82 8 73 54 20 5 100 98 63 68 30 4 13 55 72 18 91 53 4 27 99 87 22 2 88 78 93 11 27 38 10 89
47 53 100 100 3 42 23 51 48 9 68 92 29 8 57 22 70 85 70 7 50 27 98 27 62 56 0 44 67 3 9 84 23 86 48 86 50 28 70 15 87 83 4 53 12 69 21 68 8 27 0 26 64 64 49 10 18 62 26 34 87 55 38 88 60 22 83 6 19 57 27 6 32 33 98 14 81 97 97 96 62 3 82 59 40 31 74 64 61 44 65 66 24 85 69 69 23 8 66 20 54 9 88 24 17 45 14 13 95 40 14 7 53 54 14 20 9 16 12 51 97 32 12 49 38 13 16 59 100 0 68 53 51 99 1 56 78 31 54 50 79 74 26 58 78 43 87 64 97 82 39 73 37 66 1 38 35 46 79
88 75 89 17 3 56 33 26 9 10 9 0 99 84 19 49 81 28 87 32 70 90 29 45 73 85 97 27 21 18 54 12 20 70 30 99 90 98 76 63 61 29 67 89 56 16 54 12 44 36 84 94 92 11 96 72 45 83 73 33 53 9 80 28 78 63 34 4 79 39 59 16 13 19 30 62 54 78 33 76 35 75 44 23 77 34 97 68 49 57 6 27 76 30 40 90 32 36 83 88 69 53 70 51 47 65 11 23 94 15 45 70 58 56 74 81 81 76 88 30 93 67 80 56 86 47 37 96 26 57 70 27 99 8 48 38 98 31 92 98 68 92 73 3 53 17 81 80 43 38 66 67 89 85 56 30 14 85 67
86 62 13 5 99 82 54 41 11 77 19 26 51 81 63 3 1 36 31 77 37 93 83 38 20 54 42 79 44 72 88 89 19 16 80 57 26 68 17 33 11 11 17 38 59 65 7 16 93 6 10 65 38 18 3 51 53 18 45 39 76 53 50 85 11 58 13 15 42 37 2 75 9 24 11 39 51 45 80 77 51 12 86 2 7 94 92 72 77 95 51 3 31 36 56 65 73 36 49 71 9 56 75 12 6 68 11 85 59 10 73 3 81 10 25 8 30 26 39 85 64 67 18 24 64 1 50 0 70 2 23 61 66 28 86 84 74 50 64 21 66 26 9 23 16 40 23 60 68 45 49 16 83 59 73 0 36 65 10
38 54 29 83 49 85 74 85 4 71 86 49 8 0 70 37 47 11 43 35 28 37 70 34 3 16 63 18 77 11 26 52 38 69 62 32 57 54 74 90 19 35 91 56 96 25 34 57 65 28 47 97 35 12 81 12 1 59 16 20 18 29 13 62 20 23 34 55 29 37 30 82 24 5 80 62 9 21 30 56 35 51 97 57 71 6 19 38 23 72 97 72 91 24 79 86 56 33 63 78 94 82 63 62 93 16 79 66 60 40 49 14 55 98 8 80 90 5 49 67 1 76 77 10 55 25 20 66 60 60 58 12 45 92 27 30 66 65 65 0 21 3 70 65 23 5 63 25 73 50 92 56 12 19 82 43 30 18 98
75 41 80 80 97 7 41 29 90 93 92 11 89 79 34 22 63 31 60 47 69 63 0 70 39 96 98 73 20 46 5 23 13 11 56 94 85 77 31 55 62 45 87 55 16 6 21 61 42 49 6 19 50 69 48 81 54 27 85 67 14 85 41 18 30 63 22 96 36 52 80 78 42 74 8 4 80 98 66 97 6 41 63 14 95 75 3 85 89 92 3 67 44 47 30 40 83 74 37 90 21 73 90 63 79 23 81 76 93 25 0 53 51 78 100 30 14 19 79 14 98 40 28 1 21 49 41 28 100 58 80 90 22 12 65 44 13 17 47 86 76 59 64 6 100 27 76 90 35 19 84 16 46 4 51 92 66 29 8
42 62 30 56 19 49 13 90 6 8 51 50 28 0 34 10 4 94 86 11 38 39 52 16 23 9 73 25 19 90 24 61 20 77 32 62 44 91 87 8 11 96 33 63 70 33 5 79 58 13 1 80 64 6 11 96 74 56 73 85 18 95 71 70 92 29 40 42 87 37 54 34 54 66 82 75 97 79 18 24 2 90 47 64 78 56 31 80 54 78 59 3 13 57 21 52 51 91 83 38 53 51 76 71 53 45 39 7 46 14 10 32 7 69 68 87 21 56 15 36 37 90 89 2 49 66 75 86 65 87 12 19 94 98 34 8 20 4 55 59 84 79 31 29 60 84 75 84 28 62 8 8 37 80 35 57 2 20 86
71 31 94 50 52 93 49 75 43 84 74 99 0 33 52 91 14 8 73 72 9 83 68 30 24 25 12 61 30 77 14 97 76 50 51 64 23 8 92 56 6 23 36 69 34 66 17 6 52 29 4 26 59 38 13 10 47 84 96 1 69 23 51 4 76 0 99 41 2 57 7 70 90 88 91 36 22 100 85 10 80 39 81 58 99 19 95 91 46 66 59 61 43 93 96 49 75 21 43 35 32 99 74 1 43 77 53 44 100 55 7 11 15 42 27 7 67 51 33 52 77 78 7 47 51 86 81 12 51 10 19 15 78 53 72 38 25 32 44 18 57 85 8 83 69 60 34 39 58 42 52 44 33 65 99 69 23 78 32
76 1 62 81 7 10 95 53 50 41 0 53 54 89 48 61 70 96 28 37 95 23 37 17 10 52 4 52 0 75 15 33 43 98 41 28 63 8 73 71 23 52 0 12 44 82 47 9 33 7 97 40 90 6 2 5 53 36 9 69 82 90 50 70 44 97 31 79 65 20 61 95 60 46 26 82 52 82 100 31 64 16 37 39 30 41 52 51 22 4 84 35 41 24 84 14 13 74 81 36 80 65 23 51 47 21 70 82 45 93 100 61 1 56 29 100 81 4 27 35 52 98 2 76 1 84 14 3 8 35 24 86 100 87 45 90 43 29 36 87 40 45 52 90 81 7 84 58 85 72 36 43 6 3 91 57 44 69 65
68 24 65 30 1 59 41 55 15 28 14 39 17 9 77 32 88 96 24 57 35 66 33 92 18 4 31 16 4 37 90 10 19 43 91 32 97 79 38 23 57 6 32 90 35 46 51 60 37 90 23 17 87 53 7 33 58 1 86 8 49 28 12 56 83 31 50 86 2 97 92 93 98 52 1 14 86 45 0 23 88 2 14 48 33 43 65 50 2 65 63 73 52 18 74 25 34 67 28 3 98 85 74 50 3 16 66 75 20 66 83 5 6 88 47 45 74 21 85 21 49 58 28 10 93 2 25 19 21 96 97 55 58 40 20 14 7 43 13 60 69 23 66 94 31 73 95 40 87 28 1 28 39 80 74 44 26 54 28
22 87 81 27 52 60 9 14 90 90 13 25 4 55 57 92 11 35 96 20 43 23 66 96 90 29 10 76 10 19 30 84 67 57 42 14 54 58 11 29 6 68 87 9 62 28 47 39 79 53 54 45 13 24 55 2 78 11 30 61 76 25 48 5 99 14 78 19 93 88 39 61 56 83 88 84 85 18 9 43 14 45 0 93 11 59 95 23 41 57 58 38 15 52 48 59 64 17 35 48 25 77 55 21 100 40 17 61 16 72 28 94 1 91 88 22 55 66 85 11 1 2 64 29 8 74 5 32 60 85 41 33 66 54 93 34 53 11 63 96 73 41 94 10 6 20 56 51 25 49 46 96 26 21 64 33 27 79 44
81 83 40 40 40 98 44 6 22 76 29 80 8 66 65 34 48 33 16 98 36 47 12 39 6 15 54 28 86 92 22 95 26 1 52 77 72 7 37 14 28 68 42 13 33 96 27 77 16 74 40 9 88 99 11 9 78 43 22 49 57 25 93 9 12 9 97 79 41 89 68 49 42 62 33 2 74 89 88 65 45 92 14 59 93 44 24 80 40 74 36 40 85 100 4 57 10 8 17 15 38 47 71 22 91 89 79 11 78 6 83 70 59 57 96 53 66 44 49 57 15 33 67 82 51 99 77 29 57 68 20 62 79 42 32 94 65 84 35 48 92 20 40 47 4 91 33 85 80 53 72 70 1 97 74 17 49 7 98
66 30 83 81 32 9 30 11 71 48 35 40 77 44 97 66 96 37 74 83 74 85 52 67 53 23 13 93 0 54 69 18 91 13 35 91 51 82 10 47 40 3 3 55 89 87 10 68 49 82 44 82 28 15 41 40 9 3 48 96 65 74 29 80 61 17 16 59 51 99 83 46 44 37 99 40 69 33 33 8 35 24 49 42 75 31 23 14 17 4 98 91 54 34 89 15 80 38 22 0 26 18 26 27 3 100 88 48 65 25 16 77 76 16 66 64 44 52 9 39 23 66 13 3 66 61 70 81 3 18 6 36 13 34 50 90 93 2 82 43 100 19 49 41 91 2 45 55 64 87 66 39 71 41 51 50 12 85 30
80 73 34 59 58 59 2 4 16 67 80 62 92 28 14 7 77 92 20 91 82 96 9 41 68 31 62 84 49 3 10 2 75 51 93 8 69 0 61 61 8 9 28 73 3 14 100 51 60 100 64 92 92 50 21 82 9 58 58 100 69 16 13 12 53 56 76 86 14 19 52 84 99 58 56 17 22 53 84 63 14 50 98 38 38 52 9 100 90 19 53 12 18 16 41 78 74 10 68 56 22 26 71 98 96 51 58 90 51 87 69 25 45 68 88 75 95 98 71 93 26 96 57 0 46 16 54 24 72 11 35 6 11 92 41 13 37 91 41 59 47 80 48 38 18 58 32 91 12 88 67 63 73 18 94 26 86 58 44
60 28 7 54 5 55 16 74 97 5 89 52 14 24 36 17 63 90 83 73 74 8 33 25 13 72 95 89 89 96 49 13 62 36 96 69 39 3 9 82 71 43 53 27 17 64 56 54 89 23 87 74 100 84 94 87 66 84 93 45 68 60 91 8 61 2 39 81 59 20 41 74 78 98 74 80 34 98 73 44 29 80 70 81 65 2 42 69 95 0 81 23 53 30 60 29 53 6 67 7 20 38 69 18 95 28 95 71 48 51 61 89 34 5 75 43 100 99 71 72 45 12 78 57 31 92 4 91 43 95 2 14 85 15 59 3 40 14 6 85 20 77 100 20 61 86 82 59 78 80 16 93 26 69 39 20 91 45 15
10 66 55 17 49 16 20 2 82 100 34 70 96 67 90 86 20 63 73 89 31 49 72 83 51 47 87 83 7 77 22 60 22 55 72 25 85 60 1 69 67 49 25 60 95 24 32 96 55 39 53 19 0 23 80 41 6 19 87 87 99 58 71 99 49 83 2 50 95 95 60 41 78 36 4 50 85 12 10 8 46 58 65 18 47 53 55 71 83 66 42 3 42 69 94 77 92 48 87 55 6 6 33 14 88 2 73 32 6 23 49 15 35 67 96 67 96 96 7 7 64 66 83 97 13 66 54 72 66 21 84 42 51 28 23 68 99 100 37 98 85 21 48 19 32 81 23 5 41 22 87 69 94 13 18 88 89 25 86
93 6 40 53 47 12 41 92 92 88 10 99 1 43 35 32 54 88 92 72 6 42 7 37 29 47 51 86 17 97 15 10 100 55 35 65 20 55 77 71 54 33 10 28 24 92 29 86 70 22 56 28 92 22 28 25 31 19 7 26 94 48 64 79 83 23 52 69 33 50 3 59 11 4 70 3 81 58 25 17 8 66 74 87 12 24 49 22 52 19 84 32 53 51 82 34 11 71 10 69 53 27 53 6 21 51 70 26 33 81 34 30 66 19 9 25 77 76 23 39 29 97 35 48 59 11 29 57 1 87 1 95 6 16 48 7 76 41 56 25 13 75 44 7 8 83 93 97 41 15 40 86 22 69 35 12 94 39 80
10 78 14 32 39 8 51 43 34 0 74 61 7 54 75 0 30 51 30 57 45 42 4 37 25 27 0 83 21 27 84 33 0 59 94 93 75 21 51 70 77 6 49 1 66 74 26 75 73 11 9 17 27 93 63 29 50 85 39 69 1 98 65 43 97 10 47 43 38 95 59 12 27 90 72 31 83 38 98 20 71 92 57 4 60 25 90 80 24 38 50 66 27 48 59 46 53 16 43 66 64 86 11 49 100 81 51 6 5 51 42 50 100 18 90 80 83 8 65 61 37 99 30 98 28 91 11 74 88 77 2 75 83 88 62 82 73 5 99 51 12 70 17 74 57 32 55 21 71 66 71 47 9 31 49 73 82 78 28
73 86 48 0 44 5 16 36 3 1 89 83 34 13 3 85 59 25 99 10 79 56 54 89 5 43 3 97 20 36 18 10 63 63 70 59 36 41 58 40 74 34 2 6 21 47 8 13 58 0 78 10 8 28 95 17 86 60 5 45 54 75 40 71 40 84 84 3 36 60 38 77 71 41 84 44 93 53 50 49 63 64 27 95 38 64 75 47 7 23 37 17 21 41 79 60 63 83 6 29 0 52 100 93 53 45 91 52 77 38 33 47 26 49 35 14 25 5 94 33 72 52 61 16 67 92 100 36 42 65 36 46 6 6 50 100 47 22 85 44 63 68 49 85 45 10 90 50 53 10 78 23 43 50 17 100 62 49 28
87 79 27 24 11 88 15 59 75 83 39 13 75 76 0 85 59 66 44 62 21 29 93 28 17 71 29 50 15 23 72 42 51 15 48 10 42 67 50 80 55 98 40 54 65 13 100 98 70 85 73 35 79 46 53 27 80 38 36 97 18 51 23 15 64 29 63 5 49 82 56 91 80 49 94 7 18 92 39 12 18 83 70 23 79 64 74 100 100 50 44 21 18 58 48 74 32 42 95 18 63 61 7 74 26 94 7 20 2 22 11 39 44 89 34 98 71 72 29 96 22 81 37 41 15 58 72 70 86 45 31 56 73 23 10 58 13 10 66 42 68 91 72 48 15 32 27 48 44 55 95 80 34 80 35 67 58 7 65
17 21 77 83 29 98 78 84 11 21 29 31 23 19 92 53 62 97 0 27 12 81 80 61 82 45 12 82 25 28 69 37 53 45 85 85 7 34 64 39 53 44 35 59 79 6 73 6 83 41 79 56 17 92 61 35 37 81 63 61 39 24 68 77 44 91 3 83 1 87 67 98 82 50 83 93 48 53 42 51 86 73 27 17 86 100 98 89 33 0 95 8 20 5 67 71 63 57 61 22 62 57 33 34 80 28 84 12 48 93 91 75 27 61 8 58 68 46 50 3 24 71 84 70 72 93 71 6 49 15 70 11 64 83 40 79 91 2 61 37 18 28 96 77 73 85 80 34 6 89 93 19 56 36 79 29 89 25 52
68 55 12 63 84 84 32 27 81 99 52 31 70 84 47 33 53 6 6 12 53 66 76 18 31 14 99 20 32 97 3 20 15 66 56 37 72 98 17 5 5 47 9 65 28 20 28 37 0 22 57 28 53 65 5 8 82 50 12 10 58 1 5 83 17 10 69 42 27 97 46 38 61 70 42 49 1 80 20 51 41 21 32 95 24 93 95 17 0 31 46 5 71 91 63 49 4 1 59 27 22 78 80 12 83 2 43 51 94 15 90 67 30 90 25 31 17 3 37 30 96 41 10 73 90 88 53 28 76 55 74 33 66 92 23 62 34 37 60 87 51 86 53 27 14 57 68 22 66 87 99 32 21 66 48 86 82 46 91
47 38 70 95 81 27 50 83 4 40 81 1 79 61 79 24 61 8 83 58 87 39 99 2 80 68 67 15 35 86 100 42 19 99 1 50 85 15 10 50 69 95 0 32 54 49 54 88 67 99 88 72 100 62 27 71 10 2 65 48 10 76 59 32 54 76 55 17 2 28 90 28 3 20 98 34 26 98 50 1 22 36 11 53 45 64 42 93 46 30 55 52 60 64 54 30 53 64 23 55 23 80 14 32 30 9 28 37 51 50 61 77 86 26 2 8 12 68 28 69 36 91 92 47 70 4 11 8 84 97 83 22 87 3 76 29 7 71 19 1 51 74 15 38 82 73 11 12 37 72 71 92 39 55 40 98 42 60 71
28 47 82 45 29 67 68 71 12 45 16 85 69 22 99 82 57 5 70 70 3 86 50 54 18 80 87 74 67 98 55 42 72 67 19 45 50 91 4 14 11 50 71 64 11 6 93 52 11 52 65 80 40 65 55 29 12 79 21 25 44 83 28 100 5 1 59 39 46 59 9 23 61 19 73 50 83 5 3 79 71 66 7 65 0 34 23 24 31 7 92 31 7 44 15 67 64 50 19 8 77 15 91 17 55 79 14 51 58 65 85 83 74 87 1 8 70 91 48 81 79 24 98 87 82 55 58 30 86 24 63 38 3 44 58 97 34 67 26 81 70 59 74 8 26 93 79 25 97 75 79 38 37 88 49 28 49 21 96
43 39 64 38 61 76 25 29 30 37 44 66 24 48 73 82 10 81 4 9 56 54 23 65 6 7 72 1 1 47 39 59 9 49 65 27 52 72 12 20 53 98 33 80 31 55 81 42 13 55 42 80 81 41 77 29 13 40 59 14 0 59 76 96 34 6 27 84 47 3 88 33 57 38 67 13 23 17 50 32 47 90 67 56 72 17 0 6 56 73 66 54 96 59 21 43 87 98 44 12 31 23 48 76 35 53 2 7 96 42 40 40 42 52 68 77 60 83 2 39 6 22 6 25 75 66 2 24 39 5 19 6 26 42 32 60 43 19 4 1 33 50 4 59 60 66 0 6 69 53 51 63 50 19 10 91 55 9 32
60 44 55 66 58 27 67 12 0 44 96 61 18 34 84 14 84 4 22 89 48 44 77 35 19 55 7 53 96 52 83 25 83 57 41 25 67 83 60 26 36 39 91 97 79 50 64 93 96 74 52 9 77 55 95 85 52 25 22 26 81 89 55 38 95 20 76 74 94 53 6 2 85 50 43 43 77 62 86 17 29 33 77 70 6 24 39 70 18 26 86 13 37 61 76 55 30 44 18 3 4 4 28 33 2 6 78 83 60 100 11 87 14 40 6 72 10 89 38 14 4 9 61 84 86 58 49 43 59 43 5 87 5 91 35 59 29 40 0 70 17 4 9 67 91 77 11 81 61 74 84 19 47 7 38 34 20 25 75
82 99 49 46 78 75 1 58 31 97 38 63 1 88 7 94 100 63 2 13 9 98 73 41 8 11 72 58 63 92 30 1 52 79 31 55 87 51 78 37 93 86 84 74 13 3 81 34 18 0 74 54 34 36 53 91 8 89 75 42 67 44 15 32 68 17 32 57 92 24 11 30 77 73 15 7 5 36 6 26 59 5 72 36 6 11 44 59 44 5 54 82 81 75 50 90 89 73 100 60 11 74 2 6 15 98 36 80 14 33 55 46 44 80 36 54 45 63 99 51 88 36 29 86 74 24 20 5 68 71 27 29 3 34 65 76 98 100 9 0 94 58 49 0 77 50 48 82 17 37 53 24 75 59 9 16 82 34 97
69 4 45 62 33 45 55 74 63 90 64 72 66 58 2 70 11 71 31 87 83 39 90 43 50 99 65 14 52 8 68 15 51 37 96 95 44 22 79 90 96 7 66 92 69 19 90 23 4 48 17 58 68 40 10 52 19 37 21 6 45 69 58 59 47 37 61 77 97 22 70 78 27 81 98 47 73 54 20 18 71 91 18 83 97 73 26 20 52 56 43 98 91 89 47 78 43 32 87 68 37 84 89 40 79 94 72 59 35 4 63 62 91 22 31 36 42 96 71 54 45 72 95 9 65 74 10 53 51 74 32 84 79 93 3 20 65 60 28 99 92 45 27 10 94 24 20 94 71 47 43 84 10 28 72 1 92 47 64
71 55 84 24 95 93 49 96 26 82 24 33 48 73 48 31 89 54 24 42 46 48 18 77 96 50 67 60 76 54 75 69 21 15 73 40 76 55 80 50 9 9 26 18 65 66 15 89 58 60 85 46 77 73 37 60 82 3 51 60 93 69 57 62 39 41 33 41 33 66 74 48 31 10 35 15 29 92 17 12 21 74 96 78 88 76 68 49 46 59 16 66 41 94 44 58 76 18 50 54 16 53 19 98 13 91 49 55 70 76 98 97 62 27 76 66 14 78 95 24 23 69 89 26 100 80 32 1 14 83 79 97 35 4 55 74 12 25 5 37 76 96 88 3 5 74 7 66 22 71 96 48 61 0 77 70 96 97 84
68 5 71 54 77 63 35 28 91 20 33 23 37 17 5 28 26 20 19 66 82 30 93 89 77 76 76 28 6 3 40 65 68 25 94 93 39 12 23 45 100 60 32 32 24 19 10 100 0 20 79 42 13 59 72 61 4 19 4 92 5 95 90 30 78 17 76 90 15 8 93 96 71 30 79 40 18 75 81 3 71 47 2 24 21 58 53 19 64 27 90 12 19 10 72 57 50 50 82 14 4 73 58 89 14 69 81 32 23 90 18 91 73 71 23 13 58 73 41 75 25 78 11 2 20 36 79 10 91 50 65 66 80 47 80 42 83 5 1 64 78 35 15 94 91 37 33 3 30 33 45 39 25 27 83 49 24 20 94
29 33 3 55 78 44 5 55 27 25 99 66 52 68 28 53 3 46 34 25 21 26 18 94 89 8 7 76 33 78 9 60 65 67 70 5 69 0 31 40 81 90 63 22 92 73 49 95 40 32 65 20 100 61 14 71 35 99 45 27 55 32 97 16 95 28 2 59 65 65 24 80 19 47 23 91 87 40 25 89 50 99 30 81 86 49 43 61 58 95 75 51 19 51 77 69 32 81 96 94 42 12 53 71 99 13 77 26 73 86 7 65 90 73 18 31 6 80 1 14 58 89 3 42 98 53 24 40 54 78 3 38 44 6 75 64 29 68 8 58 86 46 21 4 69 96 95 82 3 15 66 69 27 21 58 28 32 67 82
6 6 64 14 2 80 18 95 3 9 85 35 52 43 52 32 79 66 50 35 42 76 47 39 45 70 77 23 100 6 57 35 22 51 2 30 34 24 29 68 92 77 43 28 20 54 34 73 91 53 43 3 45 61 84 91 69 28 54 97 92 90 6 89 97 42 73 79 8 67 26 93 32 91 7 51 32 30 69 95 69 83 4 97 92 96 86 37 74 56 34 15 91 60 24 75 12 71 91 8 80 13 64 98 61 49 28 68 26 64 100 42 58 14 93 46 93 40 16 39 51 67 20 62 59 10 95 24 98 79 75 64 59 81 86 92 68 1 16 65 45 36 90 5 71 21 34 100 95 66 71 89 89 55 3 53 34 29 14
1 78 54 37 77 64 9 49 93 54 71 41 11 20 18 45 92 98 85 3 2 22 91 90 90 2 15 64 5 2 0 22 90 79 86 96 88 95 16 12 22 9 26 21 94 15 81 12 2 61 30 100 5 34 4 41 32 59 19 4 29 28 73 88 86 77 16 24 35 19 61 84 70 14 57 57 23 96 71 44 26 67 91 57 47 35 6 85 79 52 59 93 9 62 32 34 78 89 34 44 11 33 42 92 46 45 46 90 30 8 66 16 44 61 95 68 13 68 42 29 91 22 18 84 3 79 40 34 86 73 72 61 45 43 20 82 4 74 81 76 33 36 40 72 55 83 95 24 49 43 48 76 46 90 58 88 32 62 80
76 73 78 84 53 7 96 89 68 27 72 87 56 84 87 39 50 41 12 54 70 20 42 86 25 63 78 24 12 71 43 78 57 69 86 66 10 95 65 63 96 9 99 87 32 100 67 6 49 37 57 13 88 13 71 71 9 37 60 4 68 25 53 36 57 20 49 7 74 100 42 96 68 33 41 29 99 68 58 48 68 30 86 15 3 29 65 0 64 13 35 80 5 50 21 96 28 60 25 31 26 93 88 0 8 37 2 93 0 39 11 27 6 91 83 9 80 12 73 42 33 41 22 90 22 34 78 37 59 20 40 67 86 71 34 100 40 92 95 21 36 60 31 74 46 98 98 47 41 69 13 40 90 28 43 88 71 69 8
58 48 55 42 6 27 36 76 88 21 6 5 81 34 4 18 25 64 87 22 35 38 39 24 56 5 3 88 71 91 51 72 61 19 67 62 16 84 6 48 87 62 97 5 65 91 50 92 77 100 29 50 15 5 58 17 78 64 70 72 78 0 44 12 59 96 34 22 18 70 86 8 67 99 34 5 83 38 91 62 38 93 74 16 38 84 7 89 30 95 23 68 43 99 67 75 49 67 93 97 9 10 87 17 87 84 18 35 51 23 69 1 8 20 73 98 17 70 64 71 3 67 22 76 93 72 67 40 63 1 83 75 73 33 1 85 75 40 10 79 9 32 32 27 70 3 84 96 73 100 54 96 1 96 14 54 53 54 13
41 75 95 30 96 28 36 22 34 67 2 64 6 12 53 28 91 54 50 7 44 44 6 58 63 60 21 84 33 50 32 41 60 10 1 46 44 30 76 61 66 76 96 58 79 5 91 53 19 14 2 83 17 23 51 34 36 66 79 62 82 81 76 54 92 49 10 8 16 92 91 44 22 83 33 43 86 57 93 72 12 78 10 48 98 66 67 33 91 68 56 92 83 59 6 91 17 75 56 40 22 0 47 25 7 14 49 15 31 56 17 35 49 54 43 28 73 97 66 19 31 56 20 52 60 51 34 79 100 92 45 92 40 67 15 16 92 90 37 93 41 42 81 94 61 0 45 11 9 81 24 38 3 21 36 29 61 31 25
42 16 69 14 56 29 34 83 45 54 88 38 65 41 76 46 55 37 40 15 28 27 10 9 76 84 81 93 73 53 15 40 16 71 16 75 14 16 38 98 80 33 40 62 55 87 57 40 52 9 24 48 66 89 65 15 22 18 57 39 43 63 14 62 5 95 10 27 90 19 51 1 73 75 26 1 13 71 81 53 54 66 92 94 47 89 29 57 77 81 60 56 84 43 3 35 85 95 89 74 11 23 54 77 42 78 32 52 90 76 12 49 78 0 15 28 4 23 23 52 83 64 59 56 6 51 13 96 75 89 66 83 47 73 38 0 31 95 95 18 76 69 96 64 97 66 30 60 50 83 67 73 96 40 79 47 26 18 80
66 53 11 37 26 11 83 53 9 53 25 5 36 46 48 38 96 36 7 63 23 48 93 100 98 86 49 61 72 12 49 6 25 4 16 40 85 82 72 1 41 4 66 53 10 39 8 85 24 12 84 94 76 96 88 94 48 2 33 94 13 10 5 34 79 56 44 48 95 25 64 63 14 6 3 1 15 76 31 46 50 22 22 22 55 32 92 20 60 87 63 80 40 4 66 26 58 98 23 72 0 13 93 51 56 91 24 42 94 39 1 73 24 79 25 26 72 92 64 53 30 19 78 10 8 86 77 98 32 62 30 76 0 60 90 59 1 99 67 89 38 31 96 10 20 53 87 67 82 76 58 50 19 79 10 69 50 67 76
38 80 42 35 42 96 92 5 41 56 78 2 89 13 43 97 90 31 47 60 63 60 67 18 34 63 92 95 78 29 0 24 27 67 82 10 17 19 15 63 97 13 87 50 8 20 53 12 8 55 38 44 65 29 8 24 70 79 54 43 53 52 65 81 4 6 49 60 71 9 96 97 24 74 39 59 86 11 85 47 32 35 66 29 12 42 37 4 34 45 1 42 39 51 33 67 30 82 28 42 70 27 14 63 73 34 53 10 34 41 87 95 87 55 83 57 24 37 31 83 57 44 39 14 58 84 15 12 56 74 77 68 19 21 56 44 89 96 88 57 23 40 61 87 76 65 78 86 41 73 2 61 22 78 57 61 84 60 86
41 8 67 58 1 67 81 36 44 21 59 46 57 75 45 8 60 96 74 0 41 38 83 22 37 73 48 82 86 5 71 68 84 36 40 23 56 32 39 21 45 42 68 48 78 88 43 74 89 36 92 9 75 6 93 30 0 79 22 17 32 6 23 76 42 1 12 64 67 67 72 31 35 21 94 51 3 7 95 40 94 48 23 17 72 83 62 89 74 76 58 26 57 13 11 67 58 86 80 28 74 71 45 14 9 86 73 66 63 25 49 22 87 34 64 50 99 1 86 55 11 61 90 79 11 93 98 51 34 20 13 27 45 90 43 84 14 43 40 70 17 67 29 89 58 100 13 50 38 60 63 60 59 76 9 12 16 25 84
17 24 1 59 62 41 5 47 83 19 45 61 71 82 57 31 78 0 71 93 63 4 82 94 45 68 39 77 58 47 82 81 18 69 11 58 52 58 7 81 19 66 67 72 43 61 47 71 75 38 60 36 18 55 63 35 87 10 23 36 50 82 27 11 92 40 8 11 34 59 46 89 79 0 41 98 76 2 97 56 76 26 95 44 67 12 67 50 7 60 48 91 45 79 8 49 3 83 31 93 10 49 4 58 80 37 90 82 36 32 38 54 11 43 98 76 80 73 71 41 79 39 21 40 39 79 86 30 26 18 4 38 85 37 48 58 36 39 23 70 13 36 28 31 48 78 69 18 79 33 86 2 81 89 59 71 14 78 74
2 60 55 96 69 84 45 25 89 15 82 5 38 47 38 58 76 32 36 0 34 33 73 18 81 2 70 64 19 52 14 78 68 62 23 41 43 79 54 82 75 57 38 37 76 80 16 13 81 90 48 6 53 36 52 50 98 34 0 9 23 75 39 43 74 22 90 76 93 31 39 98 25 17 30 92 69 44 49 2 54 77 29 31 96 60 73 23 46 15 64 21 77 82 6 10 12 46 33 18 31 29 86 36 88 84 44 9 45 7 44 9 85 73 38 93 27 58 68 72 60 69 42 61 73 27 49 87 17 79 6 12 33 23 90 66 70 86 71 65 18 38 38 100 77 7 19 19 69 54 86 59 37 99 20 37 19 20 96
66 40 79 22 22 86 67 28 75 59 44 68 9 46 78 99 70 76 30 27 23 99 43 99 23 80 26 19 17 4 88 7 63 19 59 9 75 97 10 56 14 68 99 10 20 2 51 90 72 59 18 15 43 91 24 77 84 10 79 73 98 1 23 97 29 52 60 23 61 48 74 10 10 90 30 64 23 46 60 64 47 66 3 79 49 55 43 12 49 70 36 85 88 25 41 86 42 78 87 4 55 64 8 40 54 85 75 99 18 11 47 64 85 49 79 71 25 6 88 92 86 6 93 67 9 52 12 36 97 23 54 96 63 3 52 33 10 77 61 37 70 41 32 13 10 81 65 52 25 38 47 1 66 75 95 63 75 40 91
38 40 89 92 48 50 29 8 46 39 23 22 79 31 96 12 3 23 21 30 53 76 99 37 29 95 52 58 2 90 20 75 19 40 98 35 17 11 94 30 18 57 66 36 87 23 60 85 74 13 21 1 15 11 61 11 81 70 31 83 64 32 91 80 73 84 35 68 86 94 48 1 83 44 38 37 95 73 45 4 30 92 6 8 29 75 92 41 66 71 42 14 36 40 89 67 12 24 21 78 74 14 23 26 14 94 98 5 15 74 85 75 34 55 98 51 94 27 30 20 47 79 42 65 16 70 41 98 68 18 60 77 98 35 92 7 73 56 65 79 54 27 32 67 56 53 35 47 18 21 61 2 21 50 72 50 59 4 62
35 83 71 30 13 98 7 49 62 26 48 68 38 75 27 94 0 58 82 53 62 92 8 75 85 18 8 55 91 63 82 74 99 17 36 56 57 45 82 4 39 71 31 11 29 61 78 59 100 35 69 71 61 90 17 68 96 2 74 28 25 40 7 6 81 3 20 37 15 81 38 48 96 60 15 85 34 22 94 55 14 61 9 100 17 18 19 23 20 67 59 47 9 78 76 17 14 78 20 72 79 32 67 39 81 8 51 83 57 90 7 27 74 9 57 5 94 73 12 76 59 28 70 12 19 39 53 49 13 13 43 65 5 75 26 96 60 96 19 63 52 65 43 79 99 20 57 90 65 55 84 63 39 62 84 13 51 27 49
33 20 15 55 95 33 40 49 2 18 60 37 98 22 67 96 25 34 85 59 32 65 13 41 9 60 89 43 78 32 30 89 13 78 86 55 87 23 30 32 94 78 44 47 74 58 48 82 18 41 61 23 51 23 92 20 43 56 30 59 3 52 59 7 86 97 83 17 19 69 93 95 72 97 35 91 91 17 29 0 42 7 1 88 5 27 38 11 67 94 95 87 73 51 29 95 77 81 66 34 37 36 54 60 2 29 34 49 95 25 5 48 65 20 15 44 71 55 30 85 45 35 15 97 69 94 39 68 44 66 84 66 98 66 56 1 43 61 33 91 3 70 47 27 6 74 38 71 80 14 10 92 52 19 81 7 45 92 35
18 92 41 74 78 68 64 62 30 70 12 67 28 54 23 88 79 91 72 65 9 31 39 54 72 89 65 31 78 12 95 79 73 43 30 65 48 87 75 86 85 57 21 70 93 77 69 52 83 89 70 39 100 83 56 30 85 26 80 80 30 37 72 98 99 90 89 70 63 42 13 29 25 78 85 0 34 37 89 75 75 71 31 69 51 34 33 85 95 27 12 68 53 40 31 71 74 98 61 96 66 45 81 2 14 53 26 83 42 97 19 46 82 56 93 74 22 48 84 37 61 22 7 78 70 50 32 63 15 42 78 0 74 38 42 96 75 44 93 47 48 40 33 71 47 39 51 86 95 75 64 13 88 90 55 48 9 14 26
3 8 42 30 60 42 4 33 94 77 37 96 32 28 48 17 59 5 11 100 10 57 70 34 98 15 69 79 14 97 95 61 87 15 58 93 85 36 40 49 53 59 87 53 17 5 30 4 3 7 29 44 62 28 45 79 89 17 74 37 8 87 67 26 33 94 42 39 69 42 41 38 47 55 98 31 93 2 88 53 3 77 28 36 89 51 91 39 83 7 35 54 32 41 91 76 99 56 84 57 66 9 26 97 25 21 79 55 18 50 50 20 5 63 99 50 18 24 76 21 26 51 37 76 66 41 40 78 70 90 35 21 96 71 65 12 96 30 74 19 88 13 22 65 85 43 85 28 99 36 77 12 18 22 71 61 66 50 71
43 85 77 23 23 3 8 57 56 12 91 38 98 99 87 12 59 51 50 46 28 44 89 97 51 2 99 67 98 88 30 21 2 81 62 78 65 24 2 82 5 32 47 5 32 94 85 46 64 76 61 40 40 45 23 86 76 28 53 88 61 29 85 60 84 14 5 94 10 21 33 51 48 98 25 20 74 85 19 2 3 27 9 63 56 19 19 76 54 60 49 59 29 65 66 45 45 30 3 81 85 94 44 19 41 22 24 73 99 43 74 42 9 89 53 79 34 15 41 37 29 36 2 6 23 1 31 5 31 5 2 44 74 90 40 93 88 94 59 93 58 97 50 77 15 17 7 32 36 21 26 56 8 65 20 46 40 85 35
61 88 41 94 88 34 36 18 87 57 71 51 46 85 68 87 9 35 43 54 98 40 91 11 21 46 94 50 96 47 88 76 16 61 55 36 9 58 21 84 86 83 93 15 48 78 49 0 56 95 14 73 43 76 40 65 27 2 96 4 76 60 51 32 26 16 87 25 10 76 42 3 83 36 65 57 80 32 5 29 28 24 71 11 1 53 5 32 3 80 31 89 7 71 33 60 93 14 2 91 82 20 30 98 24 59 48 1 58 23 92 38 55 62 10 36 85 10 12 64 67 60 51 21 96 85 27 98 10 49 73 43 8 60 45 37 50 31 29 89 63 2 0 89 71 56 69 37 67 63 7 80 89 51 7 60 87 55 35
66 18 20 20 96 63 31 12 74 23 83 55 9 69 35 53 18 30 97 95 74 90 9 25 100 37 6 44 7 90 46 34 91 73 75 39 64 71 60 64 26 22 30 24 86 66 87 41 29 46 21 76 57 7 88 29 73 38 23 23 7 97 1 5 28 91 13 32 79 64 65 22 85 52 94 89 79 74 65 88 55 80 54 82 81 86 84 67 47 84 80 18 26 67 90 38 73 92 40 13 86 81 54 97 45 36 75 1 69 93 63 3 39 15 86 35 79 98 67 17 94 70 37 12 50 6 52 92 99 20 58 95 92 66 93 53 39 61 0 54 36 64 34 94 93 16 69 62 79 92 16 62 42 88 45 31 41 15 63
23 17 20 2 1 100 31 3 36 9 35 85 67 97 60 3 5 80 8 69 91 21 93 83 55 66 6 43 98 33 6 43 92 55 79 63 74 41 35 23 54 43 28 24 0 66 47 37 30 45 10 37 43 97 30 28 55 33 24 93 30 31 40 62 58 92 66 21 41 78 56 76 91 70 8 37 99 78 30 42 84 33 72 32 95 37 93 12 29 54 18 39 96 41 35 68 90 19 27 14 62 21 5 23 52 32 21 38 71 34 42 47 1 46 35 76 43 73 83 87 92 10 79 43 58 24 67 87 100 34 90 16 32 89 96 0 76 74 63 39 5 23 13 62 79 82 86 13 43 71 72 86 36 96 83 73 79 83 59
83 32 85 12 53 52 67 36 9 14 79 38 83 46 97 85 14 83 3 88 52 64 89 94 13 90 9 44 79 87 23 65 1 91 21 97 86 33 12 25 39 26 14 3 10 24 2 100 55 99 46 84 0 74 30 38 4 35 3 83 39 64 21 9 38 41 15 38 86 89 50 46 89 32 45 41 8 19 49 42 73 76 56 41 77 64 85 73 87 46 3 75 78 94 60 100 63 9 93 82 25 89 33 77 6 64 42 35 97 29 73 74 13 14 95 89 91 92 93 34 100 76 34 51 77 88 8 79 82 0 26 85 38 80 95 47 79 86 89 87 71 76 15 18 18 52 23 49 56 26 25 92 97 98 60 79 96 79 72
62 16 82 0 81 94 39 93 55 23 20 65 12 67 67 53 92 78 97 12 80 5 23 39 28 98 18 98 23 35 84 8 97 32 82 22 32 6 31 77 21 65 70 91 54 38 74 76 2 76 36 79 2 19 10 10 34 31 40 79 30 20 2 100 97 12 73 86 33 62 66 36 74 66 62 74 53 72 84 60 90 20 79 21 0 93 56 93 8 9 36 27 62 85 76 24 47 16 24 54 98 61 44 22 81 27 98 51 9 57 9 79 34 92 65 58 39 39 14 38 42 71 84 23 27 38 24 89 37 100 96 55 56 88 50 65 56 66 40 66 49 2 25 88 41 32 25 28 85 1 54 96 65 51 68 38 69 60 38
43 51 57 10 76 64 43 48 20 3 95 34 72 6 64 7 46 1 86 57 98 88 34 61 46 19 12 40 50 63 68 89 100 58 57 71 17 99 65 60 6 100 72 44 94 46 15 99 76 5 81 84 73 52 49 43 58 26 77 19 2 8 59 26 58 40 52 93 85 6 41 93 90 61 23 20 52 42 57 98 25 14 0 39 4 29 85 29 71 76 41 15 67 11 64 99 47 89 25 40 57 90 99 17 76 52 61 72 37 63 73 73 85 9 8 4 71 58 65 86 86 77 86 1 97 86 53 45 63 19 96 68 46 72 73 66 60 68 49 78 8 80 44 70 12 72 23 73 73 75 88 82 10 12 88 7 66 94 49
42 17 43 100 34 9 87 73 95 2 41 41 8 5 56 31 76 65 41 10 13 52 51 73 91 55 80 28 73 78 71 15 68 14 5 32 19 34 82 83 84 1 72 75 39 57 11 7 46 27 50 69 95 51 10 49 50 54 99 93 84 52 2 28 37 43 28 92 22 55 81 6 44 13 59 81 27 93 24 100 78 53 2 64 45 98 27 100 77 4 5 59 84 31 71 70 27 27 29 61 82 39 78 97 84 59 0 84 25 2 47 26 44 64 23 89 82 53 82 79 65 23 25 19 36 20 87 28 95 26 97 59 34 11 53 5 43 64 67 29 58 8 88 0 84 98 27 67 56 92 12 73 33 14 23 69 9 11 2
0 55 31 61 1 86 83 81 55 88 69 77 91 55 85 63 9 6 41 63 21 8 27 45 79 11 82 38 86 65 86 34 29 17 69 18 15 25 71 61 28 48 6 5 36 34 84 34 98 88 88 40 49 70 1 27 20 25 43 94 8 13 50 23 68 85 75 87 55 18 54 32 13 60 54 25 44 68 54 67 29 96 95 24 67 2 16 50 7 76 94 31 42 15 68 57 47 98 65 91 63 69 88 94 35 1 63 68 82 56 62 73 19 80 49 19 99 14 3 37 10 73 7 78 30 16 92 96 2 50 16 0 97 28 36 95 26 65 60 44 57 100 53 97 64 1 80 39 35 84 99 76 28 45 36 88 28 2 43
59 97 1 78 32 36 72 4 79 23 24 13 97 75 23 99 83 49 73 13 93 1 60 93 92 4 28 9 55 19 89 49 71 99 36 17 91 96 26 78 74 67 9 48 66 94 50 99 83 69 33 38 69 12 84 50 53 42 71 19 37 44 10 20 45 7 85 8 17 82 89 66 97 85 75 18 39 77 8 66 17 87 52 43 19 82 89 51 3 3 34 69 100 62 2 27 82 36 41 98 96 55 39 7 50 58 56 60 5 39 60 94 77 79 46 50 59 52 93 18 43 57 5 40 10 65 67 68 52 5 84 13 64 47 47 81 53 58 19 75 32 79 14 64 83 96 89 46 5 74 14 69 75 58 100 33 25 57 15
37 98 24 55 34 30 55 14 21 44 55 90 39 92 7 24 36 8 75 93 3 60 85 1 68 19 26 77 95 8 54 0 8 66 100 17 96 34 93 32 6 70 90 20 91 54 77 89 33 76 2 53 89 8 18 10 67 59 22 28 34 64 20 29 5 32 16 79 67 37 29 14 38 28 46 49 30 74 68 9 87 6 49 46 63 77 14 92 60 27 76 39 17 95 18 4 86 71 19 91 87 64 30 0 10 26 7 76 38 13 51 59 29 38 97 5 62 60 67 23 33 76 4 75 89 36 77 94 89 94 18 14 28 84 28 15 88 100 41 12 47 78 73 99 44 57 41 24 75 64 72 46 85 17 20 40 7 92 77
64 44 32 4 13 20 31 28 46 63 86 20 85 51 13 26 69 95 19 78 67 51 81 8 51 68 0 15 14 16 30 60 11 79 19 93 85 13 37 77 44 88 26 26 74 57 89 52 7 31 42 99 59 28 34 8 82 16 83 97 23 52 16 82 60 85 66 70 7 94 34 55 85 85 8 11 17 50 85 34 5 56 67 28 71 55 90 69 45 8 56 83 59 41 100 34 99 57 71 74 73 92 71 1 81 47 39 96 57 42 2 48 15 48 49 65 42 10 14 15 5 32 99 79 18 15 71 10 30 51 36 30 56 64 68 91 81 44 66 85 8 82 34 52 91 77 0 38 21 96 56 53 93 37 29 37 43 84 100
4 6 69 84 57 95 41 48 39 3 19 17 25 61 77 66 73 79 4 53 95 84 44 74 69 61 20 66 23 49 49 6 58 57 24 90 54 39 85 58 10 76 6 79 37 60 83 80 62 74 55 71 46 29 88 57 94 5 23 43 78 36 5 55 45 12 76 85 20 67 45 96 56 97 66 98 28 24 100 58 39 67 89 28 53 52 26 9 33 82 60 59 64 97 18 8 95 1 17 0 47 97 4 66 48 63 12 97 66 27 44 51 58 26 100 44 12 47 20 22 23 95 12 18 21 18 87 87 89 76 97 61 29 73 7 90 88 66 67 56 70 92 60 72 61 62 26 93 87 44 67 77 58 50 82 27 80 1 32
16 55 51 30 39 72 72 98 58 92 46 61 52 55 15 25 28 13 84 64 61 75 92 29 73 72 73 15 62 38 73 80 3 32 74 19 21 98 45 65 4 89 3 69 42 2 21 78 75 95 86 95 34 90 100 11 82 34 24 80 72 27 53 68 23 7 49 24 44 65 8 53 81 33 88 40 87 70 76 91 86 64 71 97 83 60 52 61 73 21 39 81 69 52 86 99 100 84 72 98 43 64 98 58 94 84 86 92 72 92 13 39 42 86 72 22 23 12 96 74 20 48 58 57 24 54 48 81 84 52 24 35 70 41 20 37 7 0 31 5 71 74 25 22 18 41 25 33 88 17 32 85 19 41 34 89 4 43 88
8 78 69 57 20 64 18 57 87 78 92 71 27 17 6 45 68 91 28 67 43 74 51 48 72 29 29 85 26 7 36 9 4 10 49 87 33 76 1 89 73 71 5 27 15 100 7 50 68 23 74 92 30 36 97 29 11 61 67 49 29 25 55 85 30 57 87 6 87 42 22 81 44 13 47 4 43 9 41 46 16 47 60 77 33 37 91 46 88 30 91 19 89 8 27 47 59 29 50 23 39 62 26 94 58 94 23 2 32 90 43 58 2 45 45 11 8 63 33 35 66 68 34 87 89 52 48 100 72 58 88 43 25 47 44 27 39 82 4 87 43 34 24 99 38 74 74 52 45 32 26 76 13 10 59 22 17 93 91
86 95 81 63 68 37 42 16 54 73 15 59 20 50 50 78 95 2 38 41 10 100 32 28 1 10 88 87 36 99 26 15 29 45 3 10 13 55 93 17 13 74 28 99 93 3 65 88 52 52 63 17 94 18 82 77 72 54 65 57 71 82 6 89 69 77 26 52 1 10 82 85 49 83 42 55 12 86 61 35 52 81 37 70 100 43 61 79 69 1 62 27 88 65 53 65 69 75 63 26 60 39 33 59 76 5 48 37 45 57 39 67 83 45 88 48 35 84 42 14 64 14 17 55 69 31 25 17 38 19 52 67 17 3 72 35 31 38 24 66 64 4 37 89 17 44 17 38 40 99 55 93 18 3 4 62 61 33 58
70 35 41 18 51 19 38 27 29 33 58 49 31 40 47 73 77 40 90 88 21 94 8 89 9 75 57 30 40 47 93 40 72 77 18 49 57 51 28 4 48 3 68 92 37 20 53 12 72 55 33 76 14 12 88 16 60 29 5 94 16 75 39 96 1 53 84 83 28 17 88 26 13 80 50 72 6 84 77 42 21 11 73 9 54 8 52 75 45 54 89 62 67 99 57 30 34 24 82 38 4 2 60 25 67 43 86 18 69 3 17 22 39 19 40 62 18 92 96 52 98 0 76 78 18 30 32 98 96 28 86 12 49 9 21 2 32 30 23 10 100 26 78 69 45 52 81 85 55 22 81 60 93 0 76 51 69 14 23
7 49 39 40 60 28 19 85 58 44 45 2 41 43 22 52 85 20 77 98 35 19 98 98 22 17 79 31 3 69 31 86 97 37 17 66 29 22 43 32 17 11 27 98 49 7 58 9 35 19 1 63 71 40 98 7 54 18 78 88 39 58 67 44 89 17 58 62 76 16 98 85 88 99 19 23 39 82 59 18 37 97 36 59 15 86 50 85 22 55 29 44 4 17 25 46 18 69 37 45 30 33 54 6 80 85 64 3 19 65 37 40 96 83 8 9 87 64 86 32 32 0 63 27 60 64 9 22 97 82 60 89 4 87 66 37 5 48 56 48 73 18 76 49 56 19 26 62 39 34 19 92 35 91 3 97 27 38 58
71 41 35 10 0 10 66 89 28 60 22 12 75 15 59 58 46 64 27 84 75 20 12 37 20 3 62 90 18 96 71 60 43 51 38 70 94 83 55 94 37 13 74 69 5 37 10 86 100 47 38 53 93 69 11 11 40 73 15 68 1 69 31 41 38 16 67 68 91 24 87 69 36 58 17 37 10 30 42 29 76 92 62 95 91 31 26 33 55 25 32 32 10 29 52 43 85 47 33 40 34 70 13 48 34 54 12 18 81 63 25 82 49 90 91 99 4 58 97 93 29 43 87 76 71 44 55 50 65 49 85 49 97 62 50 40 53 25 58 48 2 15 80 69 36 91 31 70 95 77 26 49 76 1 42 16 4 34 47
39 43 57 78 82 58 63 94 99 2 39 65 55 65 31 19 54 80 31 35 47 55 31 41 27 80 97 58 80 12 46 97 63 46 10 10 31 69 27 37 8 79 40 42 87 53 96 19 25 83 46 11 44 6 3 33 15 69 63 8 73 59 3 7 11 9 17 57 48 68 73 27 71 13 61 78 68 43 42 9 68 81 60 36 36 9 98 15 64 21 6 94 22 53 77 72 51 73 98 31 48 14 73 77 83 38 69 59 22 86 64 62 73 44 80 15 14 92 60 68 9 85 85 72 60 84 98 14 54 35 2 49 79 92 12 95 16 71 67 33 100 99 8 91 92 74 78 11 25 11 16 81 52 66 29 65 14 58 29
18 99 9 4 59 60 1 41 41 72 92 37 39 63 97 31 88 88 32 73 79 33 28 4 65 24 76 64 52 23 79 35 62 31 35 93 79 5 96 15 8 55 46 24 86 12 98 20 17 94 7 61 30 2 22 6 28 40 87 60 21 34 82 18 42 3 52 20 35 62 46 54 1 37 78 60 42 77 34 1 36 73 26 48 98 40 94 24 79 10 31 81 77 82 8 41 80 25 51 3 51 54 54 54 36 23 33 61 24 86 21 28 86 62 60 38 73 78 19 70 57 100 37 50 89 66 89 6 66 93 93 86 54 31 23 7 92 77 17 70 7 52 58 97 90 0 72 40 8 23 50 90 61 94 67 84 57 26 29
89 50 11 35 98 61 24 72 9 24 3 55 32 63 97 55 0 76 20 55 46 15 25 19 71 43 83 67 74 43 90 33 45 91 20 34 31 83 46 46 79 29 79 100 53 61 26 83 83 60 28 97 38 31 47 86 79 30 60 83 71 46 16 52 92 19 79 70 39 68 8 46 26 87 50 23 8 90 98 36 82 53 56 21 44 51 33 41 23 27 82 70 24 80 58 36 33 7 68 32 67 9 7 47 74 45 100 16 39 44 8 5 64 72 17 95 28 70 90 41 87 34 23 66 96 12 12 50 25 10 4 15 33 48 100 41 89 20 59 27 50 9 47 10 91 57 53 53 57 62 13 46 85 100 86 83 97 72 23
81 50 41 75 51 97 65 37 81 44 31 59 64 91 69 90 11 80 12 8 60 61 81 50 93 62 99 45 20 51 42 25 51 91 67 46 32 17 83 33 59 23 95 49 82 60 35 91 46 31 35 75 53 30 80 13 17 80 73 85 41 91 75 100 1 20 57 38 70 58 52 23 10 20 9 33 98 34 18 36 13 86 39 84 15 61 42 63 45 14 34 85 73 4 31 67 46 23 14 12 60 7 23 20 1 65 20 99 36 87 85 88 76 89 51 15 94 48 25 98 100 4 93 32 32 2 64 74 36 90 69 69 14 21 77 62 30 81 8 53 61 93 2 26 35 30 82 65 81 1 42 26 21 18 88 44 92 44 42
76 78 4 52 39 59 93 45 59 66 12 64 35 31 58 4 56 55 25 78 4 84 59 25 52 70 99 40 17 98 29 1 84 24 98 26 53 56 2 44 5 100 19 64 18 84 1 20 69 98 24 40 45 18 91 80 39 52 11 15 51 77 37 58 62 65 74 1 33 2 81 27 27 97 38 46 75 39 94 56 78 65 38 79 38 48 76 100 93 34 35 10 81 63 42 47 30 21 64 74 14 48 89 55 32 32 15 47 27 45 66 86 62 33 38 19 54 71 99 95 22 33 91 70 35 24 95 67 19 63 99 28 80 70 83 96 80 45 3 44 31 35 43 92 87 57 9 26 53 64 95 9 21 50 42 17 15 11 8
27 91 17 94 13 11 4 62 1 36 96 35 11 35 45 3 43 57 5 41 38 80 95 36 41 80 39 44 100 6 0 25 67 40 2 62 67 43 61 76 19 10 39 78 51 50 31 32 41 36 90 15 86 93 21 75 90 23 36 27 2 10 19 76 61 90 29 14 51 31 71 76 30 10 71 93 100 53 47 3 91 28 49 78 51 12 4 77 10 33 39 13 94 70 76 10 46 5 81 30 12 4 75 93 23 30 42 0 42 64 84 32 99 95 90 68 21 65 46 84 19 72 3 100 77 0 89 21 93 53 76 3 38 51 68 16 25 93 86 31 54 99 75 12 58 68 13 39 86 41 27 33 100 44 58 7 63 54 83
