24 93 99 6 22 28 86 17 0 6 81 98 1 46 14 32 20 27 80 80 70 51 5 87 32 66 93 100 94 37 99 92 33 90 56 66 57 40 25 28 19 21 90 28 90 20 61 68 81 58 43 86 65 85 77 84 83 95 23 41 22 83 36 33 75 26 65 12 99 6 39 37 27 42 80 41 1 5 16 90 49 67 76 91 59 70 1 10 1 4 13 72 64 95 19 57 32 100 77 79 11 97 75 21 62 49 14 28 92 40 98 69 75 35 69 26 54 22 65 22 84 72 42 9 55 29 24 39 99 45 90 44 39 29 18 64 88 92 28 15 60 14 15 68 100 36 2 39 13 0 57 18 74 80 54 22 30 57 27
19 13 22 75 20 85 1 48 28 13 32 6 60 1 90 52 42 37 96 6 8 96 51 8 21 27 41 5 2 84 95 12 94 54 62 38 45 78 99 35 43 38 3 85 85 60 73 20 25 76 24 18 67 53 92 25 88 9 47 25 20 4 92 34 9 18 23 96 13 40 76 49 91 56 1 22 67 81 100 93 23 73 88 15 0 39 62 59 33 4 65 4 68 75 85 2 92 20 59 50 61 10 99 16 2 50 58 23 80 1 62 67 15 30 45 48 49 81 74 79 9 4 58 20 5 34 36 66 22 54 29 89 92 24 1 54 23 14 42 49 58 41 40 11 43 25 32 21 4 36 56 37 10 100 51 10 86 84 90
34 93 31 69 62 97 42 71 67 77 44 57 96 71 40 67 54 20 17 47 20 2 96 73 70 4 34 23 56 14 60 20 43 49 47 11 17 41 16 13 60 3 6 52 22 7 43 60 78 11 9 78 48 69 89 13 90 48 11 20 89 89 58 47 11 67 7 44 40 37 18 9 79 57 43 99 2 43 96 12 84 72 18 44 53 13 61 39 68 26 27 64 89 71 28 60 95 47 83 95 60 8 38 98 8 63 78 13 99 20 9 39 56 98 41 79 65 15 18 19 20 21 75 99 90 49 15 20 88 12 16 38 32 72 96 16 51 2 43 67 0 63 77 60 3 73 81 6 32 77 58 76 61 43 72 41 51 35 0
78 80 88 70 96 40 68 45 4 18 69 68 55 78 67 24 36 45 15 22 45 71 64 34 94 40 82 85 99 81 69 22 53 34 22 31 38 33 93 43 29 63 21 94 3 87 60 59 31 98 52 44 22 26 81 2 8 71 17 18 60 67 25 20 19 9 1 21 71 94 35 76 47 3 76 34 58 92 43 94 70 58 82 73 71 9 0 45 35 30 44 3 24 9 98 15 80 7 35 67 84 51 87 64 45 8 46 89 83 59 81 8 57 26 62 71 69 33 43 82 54 49 21 71 9 28 74 12 37 92 77 98 58 3 100 75 41 47 72 35 30 9 49 87 85 96 25 5 64 94 47 48 75 45 94 97 4 64 25
5 21 2 42 100 31 66 61 55 23 81 61 62 82 61 67 49 94 58 71 79 60 81 89 82 57 87 17 68 79 10 27 81 34 22 87 9 97 100 87 99 17 43 0 42 54 44 62 81 55 37 36 75 69 52 78 58 10 81 46 3 86 59 61 92 33 100 79 2 99 80 66 61 47 59 17 97 77 30 32 17 36 31 52 91 25 57 9 44 77 28 75 30 23 90 71 44 56 27 70 3 54 14 53 74 12 97 9 38 49 24 87 11 87 63 44 45 97 71 99 75 52 57 100 44 38 61 99 55 52 24 2 32 27 68 11 33 99 56 28 5 41 99 77 80 36 32 5 20 11 89 40 68 97 71 47 32 17 12
86 95 19 35 34 54 71 17 41 27 78 28 49 87 24 89 49 43 7 80 75 70 33 74 77 27 27 29 58 9 70 74 78 18 4 13 16 96 67 44 12 88 82 92 28 52 81 73 7 77 5 55 0 27 98 45 21 50 5 24 32 74 72 56 31 13 98 95 22 15 9 77 51 67 69 2 55 100 11 73 17 58 94 68 95 8 14 80 80 49 14 30 39 56 0 42 69 83 88 77 82 42 62 98 25 99 62 27 30 96 36 16 45 33 15 91 32 60 70 37 43 22 80 65 45 96 68 87 99 34 59 3 74 100 47 22 20 2 99 58 78 99 21 98 21 36 51 43 95 73 18 99 1 31 59 6 37 69 58
66 59 55 69 8 45 10 89 53 44 81 5 66 87 38 99 15 65 76 84 23 12 99 3 12 6 86 4 8 12 61 39 33 27 76 53 26 82 3 70 4 48 74 91 34 63 97 7 95 47 88 60 97 18 10 6 49 99 23 95 93 41 84 82 83 71 87 81 13 15 70 62 62 26 42 45 5 55 39 21 57 17 2 47 87 49 51 34 23 70 38 6 83 18 24 10 74 34 59 76 53 20 32 23 27 73 51 19 90 72 18 26 55 42 17 50 86 8 94 43 3 19 1 2 18 79 55 13 60 13 86 40 36 100 29 80 94 2 96 84 68 81 75 92 51 98 42 55 94 24 89 58 99 52 21 95 7 72 41
7 41 74 14 81 63 15 80 87 99 82 6 72 9 76 36 80 16 98 35 51 62 61 51 73 41 69 48 21 39 39 17 79 56 13 1 59 21 75 12 11 11 62 46 89 23 68 90 84 46 61 13 94 23 33 24 45 62 76 61 35 72 23 63 7 71 69 67 83 48 32 93 18 37 94 62 19 99 30 58 21 11 31 97 29 100 80 23 28 41 50 29 20 14 100 29 24 79 40 46 13 26 58 44 39 98 58 25 61 71 38 19 18 92 71 0 14 86 79 96 24 90 49 41 9 92 71 63 27 36 5 10 18 55 54 10 37 34 42 79 5 30 93 80 95 30 38 67 59 93 8 41 85 24 70 83 62 33 27
28 54 57 17 21 99 39 51 61 3 2 1 88 17 77 4 67 78 81 29 22 65 39 52 41 10 2 59 80 19 21 89 11 83 12 85 3 67 31 28 41 27 57 12 22 82 56 46 55 97 37 74 79 95 93 19 98 47 68 44 22 42 90 38 88 61 0 17 48 92 2 44 30 49 58 57 58 85 3 69 50 19 13 49 85 48 10 27 34 46 23 93 55 17 75 29 7 12 8 92 94 21 7 22 15 61 73 7 14 95 84 0 1 22 36 34 28 70 89 26 77 71 45 46 43 1 21 18 32 73 59 96 77 79 46 37 18 94 89 24 28 50 53 22 0 97 35 42 4 88 7 98 64 56 36 38 52 5 80
7 31 47 100 12 13 50 10 91 59 71 95 43 26 91 96 35 39 3 43 57 43 27 43 90 9 46 43 80 70 9 89 68 18 90 15 94 36 43 7 93 56 55 24 54 28 97 76 88 89 74 75 62 1 4 66 27 67 40 93 30 83 57 52 79 28 51 33 54 47 100 2 71 32 60 7 74 18 28 84 59 70 62 80 71 15 79 88 68 48 69 42 67 76 34 51 78 30 92 68 34 19 91 31 28 5 44 89 41 25 8 88 4 85 94 62 95 33 99 16 66 79 52 98 26 21 79 73 19 20 53 79 53 2 59 47 61 51 9 30 61 70 13 83 7 24 75 99 1 61 96 5 36 69 57 94 92 86 14
41 74 86 62 85 63 59 97 98 71 56 81 61 97 36 59 21 70 52 17 98 34 46 85 74 77 21 19 10 45 10 20 77 83 86 80 0 6 75 44 10 79 0 69 42 18 4 38 18 53 2 84 60 41 8 47 72 20 6 51 69 88 45 0 53 10 30 30 89 59 83 6 61 28 44 71 3 68 87 17 6 20 22 46 71 66 68 92 89 21 91 70 51 74 2 49 18 60 39 23 16 70 14 99 92 47 61 37 45 23 28 32 22 22 19 29 79 24 10 6 64 39 87 61 87 45 31 96 31 85 31 25 67 40 96 90 57 56 34 86 75 1 66 27 61 36 64 33 89 16 95 12 33 84 43 33 8 56 82
67 77 57 75 99 93 82 90 91 47 3 32 75 15 70 57 65 55 90 73 5 100 1 57 75 56 68 79 54 11 65 60 14 76 4 75 32 38 82 20 54 77 49 84 24 38 34 60 29 87 55 69 13 61 8 47 40 47 70 35 54 50 33 42 85 84 40 64 89 15 46 99 13 86 87 81 80 88 40 34 24 68 86 92 86 74 12 61 93 25 7 75 99 36 53 72 29 91 4 80 13 24 19 64 14 75 5 56 57 95 66 28 37 38 18 93 42 26 96 93 62 98 59 64 88 68 52 66 86 43 99 42 13 28 94 82 51 63 93 97 63 22 11 40 9 92 43 4 63 36 55 96 28 61 67 65 25 20 57
44 91 7 13 46 95 82 61 47 85 63 62 21 6 39 69 81 68 93 17 28 55 48 43 13 91 87 76 69 75 84 90 90 7 58 37 95 2 57 82 95 57 30 56 30 10 38 41 29 71 27 58 29 42 41 16 81 87 47 78 90 12 66 71 9 64 42 97 69 0 33 75 11 77 79 48 0 0 6 46 30 98 43 27 50 44 80 35 70 23 57 1 43 34 13 53 41 98 83 40 70 31 61 90 84 90 20 49 13 59 35 73 79 68 44 60 29 11 29 2 89 85 98 17 83 70 21 67 37 73 45 36 18 47 28 100 97 81 26 7 8 38 84 51 20 1 77 3 88 70 16 21 17 39 67 69 57 45 62
24 83 2 75 74 27 8 47 10 8 11 5 38 42 7 76 55 8 30 3 78 68 9 84 64 12 31 80 20 56 100 89 12 13 18 46 47 29 25 81 93 77 91 75 32 22 68 19 18 95 52 87 22 41 37 68 95 7 85 99 95 15 72 71 52 35 80 16 80 14 14 9 5 16 1 39 23 3 44 1 88 49 38 46 17 45 13 6 92 61 2 83 71 23 21 32 78 22 23 13 80 63 25 22 66 91 7 6 57 67 43 66 82 82 60 49 22 19 46 27 75 64 41 13 20 3 61 37 11 42 2 40 54 96 60 35 77 98 26 80 92 36 94 30 4 97 38 50 49 46 28 86 60 90 27 38 33 86 36
53 47 11 77 93 44 57 74 38 83 80 73 11 21 65 62 99 14 35 91 86 7 54 9 86 68 62 15 81 67 100 77 95 61 52 62 41 13 94 77 98 66 36 92 92 87 68 43 97 8 21 86 10 50 90 24 13 52 38 42 44 67 82 71 80 12 50 74 14 48 64 10 21 100 5 72 61 3 72 88 69 25 65 22 53 62 18 81 76 54 53 68 35 8 59 34 60 89 77 10 80 86 50 42 50 98 63 93 85 75 71 93 37 31 33 48 51 63 96 52 82 54 83 91 19 69 78 100 0 59 82 11 18 93 68 72 48 62 75 0 74 75 85 91 44 75 82 24 67 93 62 51 63 1 94 47 3 31 16
65 46 43 77 100 95 66 98 9 36 40 92 1 98 44 90 52 1 75 48 47 79 83 32 56 12 72 27 88 48 57 26 5 56 36 64 60 82 97 25 97 61 94 28 26 92 3 55 96 2 26 98 41 9 57 64 70 61 78 8 77 71 76 74 96 19 75 97 77 59 10 24 65 31 75 81 6 58 84 64 86 40 14 72 36 25 57 86 6 31 90 71 69 36 78 93 48 18 96 3 83 36 12 41 99 11 70 3 38 91 98 74 94 65 91 20 90 97 38 39 1 4 16 1 32 5 14 37 2 63 63 37 85 71 47 3 26 36 47 18 73 37 91 51 58 39 31 27 95 91 9 27 7 80 95 64 71 72 48
40 43 44 32 97 100 17 43 16 65 94 58 2 48 18 82 90 88 49 46 47 32 68 94 43 22 23 14 73 7 76 49 75 60 21 9 55 36 81 28 63 61 94 49 37 41 85 37 62 2 88 65 19 28 78 13 50 42 48 84 95 89 64 63 73 79 91 62 20 94 48 4 84 92 64 96 23 25 62 45 41 28 46 0 39 35 6 9 99 38 58 50 1 71 35 98 62 67 58 38 57 52 94 87 66 77 41 41 7 90 33 67 60 99 8 67 89 70 13 3 64 37 35 74 86 38 78 21 65 57 19 13 78 90 69 7 1 18 39 77 8 47 49 11 77 75 64 52 4 14 73 15 90 98 17 84 0 63 100
2 56 60 16 65 98 93 51 79 24 78 14 80 11 10 13 69 77 69 75 97 100 2 13 94 17 29 8 8 60 31 91 49 42 13 4 9 35 88 79 25 55 97 91 36 49 3 63 18 83 99 54 78 62 48 71 21 18 83 45 12 75 16 100 6 98 41 71 82 13 92 25 8 89 0 55 68 40 4 40 76 74 21 72 29 29 18 95 55 24 60 75 69 50 40 10 11 18 90 4 18 76 93 29 41 28 67 60 6 1 56 28 94 40 5 88 18 85 73 55 1 27 50 8 69 68 34 89 58 10 85 77 99 28 3 30 16 98 93 75 19 25 8 14 5 34 97 54 50 7 19 59 29 8 23 3 2 44 54
8 12 45 48 78 33 67 85 52 75 62 18 92 86 18 58 36 51 43 100 55 100 17 42 70 38 14 38 78 57 27 17 94 27 14 79 70 10 36 64 2 67 14 50 55 25 96 69 89 30 12 41 86 8 49 24 47 74 85 92 45 5 66 21 67 44 86 93 76 44 13 8 12 50 75 53 96 81 50 74 79 39 17 29 11 0 19 85 82 22 5 29 89 46 80 78 16 56 18 10 93 50 46 90 68 25 26 53 37 82 31 64 82 20 99 100 2 89 78 51 44 92 71 39 10 42 26 45 70 20 19 25 83 29 49 8 58 40 6 65 25 42 92 9 72 49 9 57 99 82 84 26 12 95 1 34 2 69 39
35 50 40 68 66 70 25 37 98 9 21 46 90 16 25 41 99 83 80 64 64 58 9 21 27 17 49 94 81 16 12 38 98 49 71 86 97 7 36 28 85 49 78 95 93 44 56 94 62 7 55 83 17 20 17 5 80 8 67 60 7 42 38 91 33 60 70 27 44 23 37 94 93 86 47 87 35 17 69 88 67 14 40 65 53 29 83 60 71 60 82 3 19 5 34 22 44 78 45 60 88 45 21 99 73 58 78 91 46 92 1 80 26 84 32 33 72 30 82 63 79 29 27 15 83 10 39 61 91 73 97 53 27 77 4 8 69 1 64 1 68 74 53 61 59 42 32 13 0 70 2 98 30 38 15 66 95 21 20
3 48 82 67 92 28 47 65 56 77 55 70 59 12 89 34 57 90 66 4 23 83 64 24 34 13 34 53 43 12 18 98 24 8 84 45 56 5 41 58 74 67 51 74 67 37 85 26 94 95 92 54 99 50 83 17 95 5 77 58 10 38 7 97 10 87 78 57 8 65 52 24 37 37 39 8 94 40 52 96 11 97 39 18 54 49 26 21 90 57 24 34 26 11 77 67 29 17 89 23 81 45 50 58 18 76 56 84 19 71 77 100 77 57 83 23 31 12 26 82 73 8 83 57 99 43 3 3 39 72 82 86 90 57 94 7 24 53 22 97 90 38 10 12 59 19 81 76 85 53 75 24 2 83 90 12 70 82 62
35 81 79 51 11 60 61 56 91 66 79 91 88 95 21 43 81 7 90 73 76 90 54 46 17 23 92 88 40 77 76 51 1 61 80 70 27 86 5 67 87 18 61 72 96 21 30 16 78 29 78 11 41 23 41 69 18 4 35 55 65 21 40 89 57 44 85 98 37 10 54 34 77 19 54 100 29 3 31 98 6 8 33 18 97 16 69 42 49 28 56 97 29 86 46 94 48 1 78 28 34 13 4 17 21 49 2 21 26 64 30 67 35 21 77 40 77 23 25 74 31 18 76 82 21 78 12 55 58 20 24 59 54 81 95 14 93 87 98 25 52 71 60 20 16 70 3 38 29 43 31 59 38 44 31 74 100 20 34
15 23 58 92 10 83 56 95 54 36 29 32 31 40 78 68 28 77 16 36 57 43 70 44 87 71 8 16 44 54 7 38 89 75 59 2 27 92 17 32 47 84 55 24 68 7 33 46 52 62 28 54 34 75 56 29 34 28 15 36 93 41 25 84 4 71 32 65 59 67 72 82 41 8 84 4 97 90 98 35 94 55 43 56 1 39 13 5 67 15 25 59 32 17 47 60 54 81 55 39 23 67 4 87 76 71 68 48 66 47 81 57 24 75 58 60 84 12 99 8 54 27 23 42 35 53 25 65 55 4 23 70 97 43 23 70 87 11 28 57 76 39 5 2 28 56 77 64 26 35 17 75 62 63 76 96 81 37 0
29 53 31 16 10 98 60 28 21 30 11 41 93 66 45 6 27 18 100 51 66 47 68 81 12 88 50 52 2 73 4 28 16 67 11 58 37 41 100 76 74 1 57 8 23 29 10 68 39 8 72 6 17 37 50 62 28 40 2 62 77 73 66 8 89 92 3 2 62 48 79 82 3 64 17 85 6 52 37 51 13 54 47 92 38 90 96 70 34 54 97 23 0 29 8 42 13 89 44 50 96 59 23 49 32 96 43 50 57 58 26 15 44 86 89 38 49 13 68 13 94 64 63 47 0 17 39 12 60 79 48 4 20 63 65 98 54 19 20 14 69 75 58 26 17 90 17 70 49 95 41 56 92 6 23 30 99 17 16
97 76 43 57 1 89 43 17 42 70 62 94 74 0 10 13 91 33 51 18 21 17 86 25 32 37 78 15 35 80 70 54 72 3 59 36 47 13 69 39 63 3 97 2 43 26 46 37 32 72 82 94 67 52 89 56 13 74 77 18 14 89 7 27 5 8 13 94 36 44 27 100 84 98 61 24 32 15 48 0 24 88 10 95 73 32 53 66 50 64 91 52 63 62 18 100 8 44 70 92 25 0 24 42 39 81 61 13 68 83 53 48 73 14 75 98 90 61 91 90 75 36 37 18 89 56 28 86 81 42 25 88 38 87 37 61 64 78 70 94 20 61 62 81 13 39 96 55 40 82 84 24 51 81 5 90 95 8 21
9 59 92 33 11 7 28 31 53 48 49 43 35 86 63 19 17 61 93 86 95 36 18 83 88 60 16 57 58 34 22 29 85 94 43 72 70 49 3 15 89 34 60 100 53 53 39 55 20 68 71 83 24 97 48 12 56 92 30 29 29 55 20 82 95 19 50 78 14 38 50 84 16 27 36 21 58 3 60 28 4 70 32 61 46 8 80 23 63 69 81 84 35 100 13 43 49 99 61 21 41 100 14 36 94 97 8 87 26 49 95 68 8 80 29 23 56 30 35 28 99 3 99 6 68 76 88 3 58 46 92 57 100 8 28 98 24 84 47 48 63 76 2 83 5 3 19 33 95 65 2 75 97 55 30 38 6 38 88
45 23 38 56 88 73 47 87 32 56 69 91 34 74 9 48 88 12 0 54 8 95 75 22 46 82 0 60 34 62 24 13 20 20 67 79 89 87 59 70 42 71 25 26 42 34 34 27 0 42 49 98 78 14 12 36 66 98 23 34 25 17 56 58 3 93 4 7 10 69 73 19 21 46 10 71 38 52 85 45 13 94 84 6 57 30 7 60 44 50 40 18 5 0 70 68 93 28 51 29 7 14 49 69 96 97 67 7 17 54 77 3 31 79 43 98 50 53 73 37 17 7 42 33 60 17 55 60 75 61 71 65 3 52 16 8 96 57 35 57 27 93 76 1 58 26 26 50 17 23 33 49 66 51 89 44 40 77 61
81 48 24 56 12 18 91 89 44 99 49 78 82 16 40 37 34 52 26 42 77 29 43 6 86 8 20 30 17 14 97 89 37 70 85 93 8 46 45 87 83 25 19 1 81 90 95 7 96 87 4 80 57 64 89 86 77 87 53 34 94 2 18 51 50 79 38 14 87 24 20 98 53 8 73 81 82 30 24 0 40 67 38 6 14 81 45 77 56 65 83 28 77 34 52 94 2 14 3 47 51 35 17 60 88 0 72 9 5 30 76 93 54 38 1 55 69 52 61 97 74 1 56 70 54 5 60 47 51 14 72 71 63 90 11 67 70 63 33 53 54 55 14 37 66 48 3 11 95 3 51 93 74 68 70 37 100 73 26
11 8 7 54 12 58 94 45 51 89 92 11 12 35 12 91 7 73 11 11 2 1 29 70 95 5 30 41 81 75 73 63 60 34 2 63 75 78 21 33 10 85 3 83 99 94 78 28 14 14 22 4 72 91 19 12 44 43 55 13 25 26 28 32 41 37 21 48 89 81 22 100 76 95 97 49 10 74 72 73 76 52 70 87 35 100 98 48 51 91 62 95 39 91 43 63 16 76 99 49 67 47 55 79 35 31 10 42 26 66 1 88 81 74 40 19 68 50 28 49 40 43 48 63 17 80 54 33 99 1 29 98 4 92 77 44 29 12 8 86 89 23 63 72 75 9 9 22 94 36 45 87 41 42 92 55 68 10 46
50 28 68 11 56 44 2 9 50 46 97 53 96 59 98 5 1 47 46 87 82 16 78 40 3 86 49 65 70 74 54 86 51 60 93 63 0 30 86 8 10 87 86 35 46 77 64 76 70 98 24 42 59 79 33 51 12 32 31 100 64 45 77 19 96 100 32 82 78 92 95 66 5 95 94 34 63 85 36 14 43 43 41 22 2 86 22 56 54 95 55 58 1 60 68 7 86 76 82 65 4 81 0 34 71 92 1 52 11 90 15 61 79 18 56 51 86 93 89 8 71 86 86 70 75 43 76 50 53 46 99 43 63 73 10 96 29 86 16 73 45 57 77 91 26 98 69 17 38 78 23 7 44 18 68 39 51 42 99
73 74 59 43 100 47 97 18 37 49 11 37 63 81 78 35 43 77 64 66 95 86 53 43 82 47 16 35 81 87 51 23 40 72 8 58 90 86 80 60 49 94 93 44 72 51 90 69 63 20 53 34 60 46 89 15 94 68 37 53 18 30 3 33 28 8 2 4 55 93 87 8 67 33 87 84 98 20 25 86 42 28 50 35 95 71 28 48 21 51 63 71 59 19 40 50 27 26 48 44 45 92 1 45 56 0 70 51 90 61 93 82 56 45 72 42 42 84 53 43 73 37 52 12 98 61 11 66 18 54 95 91 39 99 92 33 34 11 9 54 72 87 98 83 3 68 14 63 97 17 76 97 90 95 8 10 92 58 56
72 27 96 28 62 93 3 28 24 14 98 86 58 33 34 33 96 43 50 12 66 10 82 23 69 68 25 76 93 98 55 84 69 84 89 24 28 20 97 16 54 93 16 99 19 56 15 62 41 77 88 30 56 24 75 100 34 28 34 7 12 79 87 63 7 30 45 21 23 75 3 12 20 66 70 72 93 41 71 47 77 75 52 54 2 97 45 29 97 54 69 18 89 80 62 8 9 47 14 80 93 52 39 90 99 90 28 35 7 24 18 28 18 56 63 73 48 38 66 4 69 32 45 56 92 51 67 28 91 75 17 58 76 54 19 11 17 3 64 30 66 38 70 79 40 80 40 8 95 84 34 59 99 49 68 37 71 26 50
44 35 45 95 44 43 18 97 37 69 4 5 75 60 35 69 51 99 61 41 4 50 73 12 0 27 69 97 41 53 74 7 17 32 93 63 2 69 25 98 59 73 30 40 18 47 96 46 76 3 75 46 35 69 29 95 91 86 80 97 37 57 19 93 81 65 70 82 1 92 73 40 97 31 18 66 47 40 4 10 98 1 99 26 74 24 86 12 49 17 72 68 40 17 22 46 31 0 10 44 42 25 100 32 90 4 95 82 51 45 14 18 69 31 79 97 72 44 87 90 61 66 23 98 26 11 8 3 94 75 34 29 42 71 40 48 21 21 11 97 93 23 83 1 74 91 42 20 83 78 11 90 34 48 92 13 28 43 89
66 51 19 3 40 4 37 93 13 17 45 1 19 84 4 67 53 38 58 84 67 82 64 38 21 24 72 92 80 70 84 25 75 16 53 6 77 94 52 90 14 4 68 2 7 36 12 91 1 91 50 75 32 51 19 62 21 63 4 42 12 41 100 70 50 90 85 20 44 92 15 52 30 96 87 64 38 68 54 36 10 57 0 65 38 4 25 26 40 44 83 52 3 75 3 58 71 11 50 97 78 65 54 69 17 21 84 63 48 42 53 28 0 61 47 24 40 81 82 16 100 28 6 99 25 11 4 5 78 90 24 98 87 96 95 62 11 38 29 72 34 93 90 57 16 75 51 45 70 47 95 64 64 12 96 80 32 90 94
80 76 65 14 6 95 79 46 84 9 55 11 6 14 74 22 18 41 62 28 92 1 36 45 15 6 5 87 86 90 55 55 21 30 67 65 69 47 97 38 39 46 32 1 29 14 99 11 66 80 50 72 75 24 41 32 73 46 27 25 26 69 39 29 65 84 65 93 22 42 76 85 99 28 100 36 68 51 39 71 30 38 67 94 75 100 38 65 17 77 9 8 71 87 37 100 64 89 45 34 43 11 41 16 65 95 94 14 80 11 60 100 41 11 40 92 37 54 28 26 67 81 86 37 21 75 67 31 29 69 41 7 67 7 66 53 86 90 59 81 59 37 4 19 43 93 58 33 74 45 9 26 15 95 65 94 11 96 74
41 30 57 64 15 16 93 22 60 30 27 52 9 93 22 67 100 70 40 16 13 58 14 66 22 74 65 30 70 18 72 6 63 36 50 54 10 24 74 92 78 23 63 38 14 81 35 16 32 92 71 80 52 48 97 50 66 62 50 6 32 72 62 78 61 52 73 20 93 93 87 30 83 70 7 85 32 7 75 73 71 9 23 92 66 83 28 87 8 72 36 61 37 61 75 54 48 21 49 90 74 6 30 83 73 51 68 32 21 85 8 72 63 67 44 79 34 78 44 29 32 72 76 91 91 41 92 44 47 16 87 20 55 9 78 1 73 31 42 37 28 3 83 0 4 71 63 91 73 0 32 41 58 9 94 97 65 37 68
56 33 6 16 47 14 88 28 95 29 82 25 82 84 92 62 71 17 76 34 69 50 4 6 44 60 21 9 14 49 50 14 25 88 63 15 63 92 15 86 68 61 80 81 31 62 1 77 30 15 84 17 67 100 75 27 67 72 1 23 12 55 13 83 97 28 87 95 64 16 84 84 40 78 39 83 33 13 24 17 85 3 19 58 60 57 46 74 29 0 5 85 43 4 41 58 77 60 14 97 100 18 97 96 65 26 78 59 22 86 28 5 44 15 54 41 43 80 48 85 6 47 35 13 40 98 72 72 24 90 62 76 92 33 12 36 31 34 8 78 89 1 63 100 20 3 1 84 31 61 53 91 83 83 52 61 28 14 97
52 74 45 75 78 63 5 83 77 96 82 39 26 14 63 48 10 39 5 18 24 100 82 57 50 55 32 91 2 71 17 85 60 85 78 15 72 74 59 71 41 9 42 26 74 16 94 50 75 70 31 67 32 53 7 77 25 51 36 38 90 47 15 43 91 25 29 37 51 7 60 59 36 63 14 11 22 92 79 92 94 97 11 71 20 54 88 11 46 49 0 29 5 68 50 66 0 40 75 41 0 95 87 73 99 42 45 14 46 8 41 96 33 57 0 28 93 13 27 21 65 50 87 33 66 56 39 67 86 70 58 44 61 17 3 22 3 23 73 46 49 27 18 72 49 63 34 60 86 59 27 65 38 100 59 76 61 54 96
52 27 47 14 11 15 6 29 96 7 89 100 36 27 39 89 53 36 95 77 0 36 77 18 90 68 57 26 18 36 13 34 60 12 87 40 17 37 20 2 15 0 28 80 63 94 89 61 10 72 41 60 38 95 96 25 75 2 16 83 49 65 12 92 31 29 66 100 47 17 79 12 69 21 47 34 66 51 14 37 68 49 91 23 91 48 79 76 79 99 48 84 29 85 61 72 44 13 94 10 44 34 84 56 32 0 94 89 72 98 41 38 7 12 41 95 58 19 52 13 33 40 50 29 54 18 15 34 75 72 97 2 55 53 70 44 0 22 62 51 21 33 99 75 31 24 69 67 34 95 10 91 54 59 38 24 34 58 46
30 31 61 60 15 36 73 74 1 35 48 86 19 61 49 70 62 20 79 27 19 46 100 8 35 72 48 84 37 4 3 97 29 10 72 11 56 78 32 24 21 30 41 71 71 89 92 4 58 84 31 86 0 32 86 49 93 74 84 24 98 82 34 18 9 15 67 22 4 63 65 18 37 53 40 45 55 0 8 68 10 41 76 35 82 70 60 30 54 39 21 84 58 28 48 11 61 76 86 16 71 66 68 75 42 0 43 100 24 32 55 15 80 48 91 69 37 62 86 17 1 4 72 98 57 70 40 74 13 26 98 99 15 39 27 32 4 35 84 2 26 53 90 5 9 82 16 79 89 75 52 93 44 60 1 65 98 32 26
17 79 76 21 82 11 93 30 5 53 87 57 55 60 68 23 60 63 59 44 55 20 54 82 84 98 51 37 40 15 43 56 76 52 69 94 5 39 15 84 32 100 32 50 49 55 44 90 83 56 56 77 10 91 89 56 68 37 83 25 66 77 63 52 3 22 67 45 11 88 94 88 61 18 7 91 96 63 36 92 77 59 95 6 61 49 90 56 68 38 89 30 9 58 45 38 28 48 40 48 10 13 17 59 43 40 55 4 44 94 46 76 93 34 24 89 92 58 96 28 70 38 59 75 24 21 8 85 88 75 75 32 64 54 27 82 20 62 63 68 77 30 64 51 66 90 0 43 55 13 69 27 81 83 92 75 5 77 46
66 2 23 96 26 96 73 98 64 87 81 72 35 84 96 46 41 83 7 26 75 5 72 17 11 11 15 54 42 45 89 34 97 35 100 27 36 57 42 14 26 75 32 23 41 71 72 2 61 34 10 70 92 36 63 84 20 5 52 25 68 26 87 98 88 6 28 89 39 71 5 10 73 16 80 60 19 99 41 16 31 20 73 52 58 87 81 96 23 80 62 30 28 57 44 44 75 64 56 29 68 85 64 64 62 65 19 64 7 94 19 40 0 85 85 37 11 74 18 33 27 32 41 88 46 5 9 71 66 38 25 100 92 86 65 40 69 46 0 38 80 80 15 99 53 32 87 95 51 86 4 47 55 60 76 81 55 56 45
76 49 44 28 2 83 83 51 49 52 31 58 31 26 14 79 77 5 80 76 50 74 72 26 27 32 31 68 4 70 72 14 4 47 95 12 78 91 65 13 45 10 5 43 17 45 37 57 98 55 19 53 10 83 61 82 11 90 32 67 3 87 29 36 37 90 6 50 29 77 57 48 31 72 91 98 47 11 13 70 47 74 89 39 80 6 17 53 58 98 69 81 11 76 50 68 46 89 23 75 31 77 93 80 83 61 94 34 35 32 8 61 20 82 12 24 59 38 29 71 65 88 47 88 36 52 100 48 31 20 17 62 41 93 85 43 42 50 19 39 95 34 71 95 92 72 90 10 76 10 28 27 54 42 81 18 61 67 92
69 91 0 79 25 90 56 66 9 51 58 50 0 1 72 68 70 93 48 76 45 93 39 56 92 78 66 52 26 24 3 95 39 68 58 25 97 23 94 91 87 73 86 62 99 90 90 7 40 36 25 65 27 70 93 58 98 40 53 3 98 50 92 76 57 71 16 83 50 68 3 35 62 17 26 73 22 55 85 17 0 6 38 53 42 77 77 84 49 27 48 2 78 18 77 75 75 61 59 8 88 74 37 26 76 71 31 34 96 93 58 1 23 4 56 93 27 70 70 97 32 10 94 12 26 22 97 57 54 9 58 91 79 66 64 99 23 10 16 10 92 22 48 23 94 33 76 46 87 50 47 58 9 96 24 80 74 21 72
60 39 22 20 94 18 97 22 59 66 66 93 19 99 71 61 39 45 86 95 9 86 58 52 38 11 74 54 87 88 75 64 50 24 51 31 53 69 86 77 87 58 35 17 38 29 74 85 28 44 6 35 5 33 100 42 39 48 49 99 33 6 53 36 82 34 86 74 41 18 99 98 50 64 6 100 41 38 61 99 74 95 67 3 79 5 45 77 0 50 56 90 26 74 2 6 29 11 76 44 86 1 85 75 44 56 56 98 77 87 75 0 34 60 62 4 26 50 22 14 51 88 97 34 60 92 49 38 31 77 94 54 95 71 46 96 82 3 70 46 95 80 78 72 27 16 78 68 87 26 27 27 6 9 68 37 4 58 45
92 31 38 86 60 37 19 72 40 22 0 5 82 74 51 12 21 35 71 98 70 87 30 90 30 33 85 5 58 19 22 85 55 100 80 90 74 38 84 89 95 31 69 23 13 2 61 37 52 28 86 19 100 15 28 61 60 88 17 46 86 48 51 53 92 57 42 79 19 6 82 88 9 23 19 52 75 41 45 54 90 78 2 90 46 59 76 93 12 1 91 28 28 70 24 72 30 6 55 46 24 58 44 41 14 99 70 13 100 98 72 48 30 96 73 88 65 66 30 29 40 21 55 58 13 62 36 59 16 22 0 89 13 44 96 82 89 49 59 58 23 6 39 66 88 75 100 81 98 88 37 46 87 20 38 15 44 100 46
96 22 37 75 26 2 17 22 41 38 71 23 59 66 55 17 97 49 39 7 2 60 66 34 79 49 28 37 4 8 16 91 48 66 10 28 57 63 78 71 44 62 65 32 59 11 96 99 35 8 26 43 71 81 67 47 13 26 11 7 60 86 79 81 80 44 40 43 64 93 63 71 60 80 45 2 8 52 51 16 66 32 45 47 14 84 4 48 39 65 40 81 0 83 18 76 40 44 67 81 32 88 92 17 13 49 12 31 30 55 23 26 73 49 92 63 97 19 62 92 12 64 0 13 74 51 37 94 71 31 77 92 16 69 69 35 31 50 58 7 13 12 32 0 54 15 62 19 23 71 10 55 9 21 86 1 65 26 41
36 8 16 62 13 62 100 85 26 68 70 93 65 53 1 89 2 55 96 85 15 2 51 66 63 23 97 46 35 60 99 73 14 51 72 8 95 63 2 40 83 29 56 2 95 50 75 0 99 72 70 5 88 8 94 66 75 36 29 74 3 45 95 19 6 36 50 95 12 39 62 88 83 16 63 16 32 45 10 58 46 20 11 7 3 18 48 42 90 69 97 8 62 50 22 59 100 45 34 44 28 94 93 63 44 66 92 76 4 59 64 35 66 26 87 82 3 28 47 58 54 40 13 54 29 99 71 89 89 49 87 65 41 45 76 8 1 62 18 76 17 86 0 73 16 50 94 96 82 48 34 27 37 48 64 83 62 57 1
58 93 99 100 29 35 89 96 67 31 27 78 79 73 52 3 99 100 74 56 29 60 19 66 54 58 90 11 26 57 30 85 71 83 2 76 8 96 50 38 59 93 74 9 58 35 50 85 55 82 45 90 70 10 58 1 87 75 69 97 84 35 21 81 50 13 45 14 86 31 54 41 48 22 22 4 9 11 97 80 83 17 54 71 17 95 97 53 56 88 19 25 82 71 13 97 27 97 95 48 18 40 28 65 57 65 33 26 26 17 70 60 73 33 66 14 41 61 98 89 21 84 29 19 50 87 61 33 33 48 26 55 57 57 83 17 4 88 60 59 28 77 53 90 2 78 11 18 52 53 24 83 55 86 74 23 79 27 56
64 16 57 22 36 50 89 65 48 52 13 20 80 20 24 2 89 15 7 23 83 32 91 47 48 35 97 30 34 65 28 61 88 62 95 85 57 21 92 30 100 25 7 31 78 10 39 59 19 94 80 0 91 35 29 92 55 43 82 87 64 61 42 89 30 3 57 80 13 57 82 73 67 99 96 58 90 85 87 65 57 14 41 95 84 17 30 65 71 67 47 42 41 90 0 66 43 75 96 71 21 69 90 93 14 4 38 88 4 26 78 35 27 60 64 84 84 43 23 95 46 57 89 45 10 63 96 33 54 60 50 82 8 43 43 71 49 51 17 19 5 72 55 31 99 95 15 95 54 41 1 96 38 47 44 22 33 99 76
43 15 44 8 85 78 14 7 40 46 14 79 90 65 6 3 15 100 41 36 88 41 2 82 81 80 55 73 99 54 90 9 23 54 48 66 98 97 100 36 83 68 90 63 57 8 68 1 44 17 44 74 98 2 20 58 73 92 98 34 49 78 51 61 54 65 50 49 24 68 81 43 22 2 7 94 83 62 84 68 30 86 98 72 53 10 66 14 77 77 60 97 33 53 64 97 79 58 80 26 48 44 21 54 41 46 59 85 14 25 45 1 22 97 23 42 90 71 2 62 33 74 77 45 43 63 28 99 40 6 52 71 59 26 25 48 21 95 92 62 28 12 66 56 11 1 100 25 40 56 31 62 41 61 65 99 30 75 64
38 43 67 14 79 58 28 72 65 60 2 46 42 70 51 40 6 100 7 37 47 94 68 30 84 25 93 59 19 61 96 37 66 91 7 45 95 53 98 17 1 65 4 20 86 8 82 71 97 81 12 81 67 44 24 76 77 53 96 26 60 85 95 64 48 34 54 92 9 86 35 90 82 9 46 17 31 49 48 31 5 49 51 31 27 4 98 34 88 82 12 46 62 46 41 67 61 9 51 29 75 21 65 32 56 21 25 43 62 60 12 91 30 78 71 12 19 87 85 5 49 81 51 39 27 13 84 93 10 98 9 57 80 14 12 50 41 85 50 31 61 75 81 6 54 4 30 55 13 100 62 61 93 71 84 38 61 93 2
28 14 62 70 46 75 7 86 74 62 17 17 89 79 23 28 97 80 65 45 23 68 11 7 75 25 17 10 34 52 52 49 99 97 30 80 3 89 1 47 97 88 17 100 43 94 9 19 62 67 44 70 17 93 48 42 58 40 3 6 60 87 31 7 13 4 81 8 6 1 15 67 53 89 21 5 81 73 91 74 81 98 30 88 43 100 17 0 85 61 52 91 39 5 88 35 99 99 82 44 100 68 14 78 76 62 68 73 59 23 24 50 79 91 85 44 96 58 54 80 23 100 4 43 68 55 14 63 41 21 40 79 55 79 36 89 26 81 37 3 98 66 11 77 46 82 85 20 60 38 60 65 86 59 47 73 0 53 28
73 91 19 72 21 44 69 40 100 68 59 70 57 98 30 3 32 59 14 42 87 65 7 73 73 31 85 4 82 55 63 60 81 20 69 41 13 5 51 74 46 46 74 29 67 55 86 85 100 49 84 63 19 32 95 0 21 12 95 65 17 54 42 42 93 56 96 10 59 49 81 27 79 71 10 67 91 82 80 76 49 91 88 90 38 36 35 4 13 46 92 87 90 82 3 22 46 52 94 84 92 48 88 94 99 94 61 57 20 13 9 36 94 50 4 41 61 16 11 27 25 70 78 20 94 55 23 63 2 5 93 27 66 27 30 72 87 7 15 79 98 49 64 100 93 25 88 2 16 42 54 72 23 9 94 82 39 22 28
11 47 60 23 36 91 96 80 82 43 46 12 38 59 44 83 50 71 50 72 54 31 75 90 78 59 54 35 16 49 25 78 1 80 8 49 93 8 74 70 64 4 19 67 21 80 0 55 39 21 22 21 2 99 68 56 39 11 54 48 63 45 28 69 87 1 56 86 20 94 64 23 43 85 59 98 31 44 26 83 68 63 6 28 83 26 26 95 30 76 62 74 59 67 55 17 76 33 58 83 23 75 11 25 11 92 70 28 46 13 23 7 41 42 93 62 94 72 95 41 94 49 53 100 43 60 35 53 90 81 100 38 70 74 24 8 85 50 29 30 83 25 8 58 72 20 45 96 27 97 70 100 63 27 9 34 16 56 65
8 3 31 83 93 37 27 57 23 75 31 84 48 72 89 93 77 30 11 42 96 33 97 24 75 6 85 5 73 97 95 52 70 97 54 40 62 68 61 59 77 4 78 67 55 67 59 80 81 64 94 5 59 0 10 69 74 16 86 58 95 19 68 83 41 14 2 1 10 7 85 43 85 58 9 15 14 2 2 4 62 49 71 4 67 53 31 98 42 51 47 51 74 17 23 40 24 92 83 35 3 11 72 18 45 37 44 30 86 39 52 39 19 54 35 42 24 78 88 100 83 0 13 97 26 5 58 78 53 24 17 21 42 6 60 3 55 100 87 26 24 5 82 58 10 53 29 89 10 35 24 74 23 12 92 49 61 2 51
84 3 13 66 95 37 31 18 26 31 27 2 65 16 66 82 35 45 61 64 62 47 36 35 18 42 63 26 99 88 24 90 82 85 41 33 7 99 88 78 49 0 58 14 37 83 66 10 77 45 24 27 5 14 67 8 85 78 27 27 12 77 61 19 57 80 1 82 64 47 67 12 37 71 91 98 93 63 5 65 35 61 40 7 65 32 12 65 79 24 13 69 26 63 66 16 47 46 77 34 87 20 45 74 35 82 39 11 49 85 24 35 29 56 88 45 66 54 11 69 25 67 34 48 76 91 47 6 75 4 55 35 64 77 5 52 18 46 35 61 54 90 64 11 22 36 62 40 12 63 15 75 22 83 96 20 25 26 63
17 78 73 9 60 100 48 26 10 17 68 74 70 67 81 35 36 6 72 93 28 55 72 1 30 43 84 44 51 71 80 27 87 63 7 20 87 100 34 78 78 99 35 82 37 34 3 45 95 4 94 1 36 94 17 72 96 2 86 2 43 72 97 20 71 69 56 9 80 64 60 17 36 59 67 11 92 60 99 77 4 23 8 1 25 10 84 81 57 11 35 43 39 15 65 32 96 1 36 21 45 40 41 87 97 49 53 71 63 14 60 57 0 55 89 85 26 57 100 59 46 57 96 1 12 72 15 9 54 7 89 2 24 89 9 65 78 59 35 98 30 80 26 14 67 64 24 24 19 96 42 73 23 75 17 10 79 100 26
71 67 16 54 26 52 13 8 54 74 68 39 8 32 91 88 58 46 56 63 8 5 76 48 46 87 68 68 45 69 6 43 80 43 9 53 67 58 22 23 9 30 8 50 63 30 16 94 57 26 29 63 0 78 60 83 36 79 71 91 20 35 81 18 26 51 16 74 64 44 62 81 59 48 16 30 24 30 16 13 56 2 28 24 41 100 17 58 58 94 59 2 65 13 59 78 27 66 58 30 61 20 82 31 80 86 49 100 3 19 51 89 50 66 73 78 91 77 12 7 91 7 91 11 55 2 34 26 61 77 12 89 82 40 32 80 31 35 41 9 70 61 76 76 68 27 64 3 24 60 13 88 91 28 23 30 19 83 74
19 29 57 52 14 78 8 77 59 2 43 13 15 67 29 11 15 10 31 11 83 14 24 50 13 40 24 54 8 34 99 40 41 43 66 17 88 2 73 7 85 98 62 61 50 50 17 82 38 13 10 91 96 60 12 33 55 53 7 36 36 8 19 6 68 49 47 63 0 56 79 95 63 12 59 43 10 26 28 33 91 52 17 6 24 60 14 69 57 48 19 71 98 67 20 7 59 4 59 59 83 55 33 29 7 40 26 54 11 58 2 67 92 19 2 71 80 70 3 37 38 77 87 73 36 77 85 0 32 20 46 85 68 17 29 54 93 41 86 61 19 94 19 24 62 61 73 75 13 54 0 63 17 50 23 17 99 11 68
25 80 63 41 80 3 99 68 67 36 39 9 62 56 15 20 98 30 57 37 52 84 88 96 28 3 0 65 24 77 45 68 90 18 48 60 24 40 40 68 62 1 81 20 83 41 45 82 79 78 98 66 66 22 89 60 78 42 8 78 14 92 67 22 35 75 14 72 77 64 95 75 90 21 41 2 58 57 7 75 82 62 50 40 48 90 98 20 34 77 0 16 96 5 99 93 99 45 39 80 66 81 29 48 10 83 21 36 99 33 5 91 31 54 38 50 47 93 16 33 89 8 76 7 42 43 56 66 83 17 74 67 66 32 61 36 32 0 65 77 14 75 10 57 17 34 79 81 49 46 92 11 73 95 77 46 48 54 41
86 38 5 10 36 44 87 31 68 44 52 32 78 7 37 21 65 49 38 29 34 2 46 62 71 29 81 4 56 76 22 89 90 71 27 87 92 43 77 83 35 51 0 5 89 83 35 75 3 61 16 34 29 12 0 78 69 53 21 67 70 47 79 46 55 34 83 83 49 20 11 100 88 5 24 76 55 90 39 35 88 76 65 26 53 71 98 41 29 64 65 29 28 66 21 10 59 60 95 99 3 94 94 28 12 3 92 30 26 93 11 30 8 54 1 91 100 49 32 45 1 16 85 25 22 32 0 36 86 38 26 30 76 67 28 79 89 97 79 64 42 11 33 1 7 91 67 31 1 53 91 78 58 27 5 56 15 31 13
46 46 85 38 0 96 8 34 25 41 73 22 57 90 60 85 83 52 5 68 93 63 90 98 97 6 64 11 50 48 4 19 79 11 43 97 3 83 71 82 24 72 6 94 43 11 42 0 37 6 7 69 33 49 82 60 70 9 27 94 59 0 7 71 38 28 4 51 45 89 49 98 9 24 56 81 67 53 52 76 82 33 15 53 19 14 19 48 87 74 55 56 16 59 85 96 57 26 70 19 40 85 73 69 73 77 90 88 54 28 1 55 55 61 38 46 63 74 56 77 95 33 52 85 56 9 11 9 45 68 59 0 49 94 1 8 34 48 14 69 25 59 28 12 39 33 67 75 54 92 25 70 5 22 6 67 15 40 65
72 61 94 13 19 91 15 28 65 86 83 92 12 59 9 12 56 46 29 23 66 59 79 68 78 99 57 75 85 26 2 78 47 23 81 54 56 77 51 71 62 14 43 90 91 42 75 4 12 49 71 63 45 18 55 96 79 32 34 47 34 38 42 72 84 63 21 96 4 95 69 46 90 16 98 52 99 5 11 92 93 85 78 52 98 42 35 42 96 49 97 48 41 69 72 41 80 61 57 79 100 29 54 69 29 82 58 42 0 14 60 65 47 50 36 15 3 15 14 19 24 87 84 81 13 12 92 24 25 47 38 80 36 59 78 89 69 36 54 79 11 78 97 61 91 48 7 1 33 100 64 80 17 83 87 28 5 83 94
10 41 67 10 67 97 98 98 68 34 44 56 81 10 93 76 47 11 43 17 34 59 41 23 42 64 56 19 93 77 65 87 76 36 46 9 11 81 97 35 92 20 91 80 92 56 93 18 90 16 30 45 60 27 100 48 33 11 14 96 35 77 45 54 83 30 72 93 20 15 56 57 75 96 52 24 61 65 87 65 63 76 60 16 30 24 76 80 80 29 22 0 42 32 17 32 46 45 9 47 11 50 80 35 63 23 29 55 12 53 97 14 57 6 87 17 27 71 42 86 57 25 12 44 26 83 2 30 28 24 20 54 100 26 47 36 45 7 56 73 21 28 4 90 43 83 97 30 23 99 90 81 86 2 10 94 6 40 43
22 79 68 24 48 65 39 69 34 88 8 57 9 51 50 1 53 32 22 7 69 63 73 75 18 85 20 51 67 49 19 6 26 28 4 53 48 14 24 10 79 66 69 77 46 27 22 7 56 82 36 1 17 37 71 11 16 47 95 85 19 59 40 59 79 83 85 76 31 21 50 22 63 21 60 26 69 84 75 99 74 52 15 66 100 64 68 5 47 72 51 50 40 5 77 76 100 86 62 5 52 57 30 70 1 78 99 20 50 35 73 78 9 32 90 98 84 97 100 84 97 19 8 50 0 72 100 27 29 15 30 42 55 0 49 96 83 60 9 89 3 69 78 31 96 46 44 49 48 89 88 3 31 40 98 24 6 70 82
88 59 91 59 62 96 37 71 92 34 34 15 39 72 61 19 45 0 9 19 6 33 5 25 9 59 19 37 5 38 60 16 57 7 1 6 23 98 12 36 14 60 60 48 52 54 51 25 78 1 73 57 70 40 46 38 37 61 75 17 92 80 38 68 79 86 8 14 93 39 59 64 80 36 86 94 0 61 49 18 53 41 99 98 94 19 67 54 85 38 98 8 95 86 84 75 47 10 85 15 36 58 62 28 49 14 68 34 82 96 88 20 89 23 16 49 93 16 98 60 45 2 31 68 63 31 18 29 41 10 5 56 58 99 50 6 60 40 36 80 33 42 19 14 77 43 85 80 61 70 69 75 19 52 60 71 47 52 76
12 45 11 77 72 32 20 69 96 30 48 83 55 3 29 60 50 30 35 93 87 22 52 48 9 96 72 39 7 24 75 53 73 4 31 29 64 92 100 28 34 76 85 42 54 74 83 13 1 95 19 58 54 13 92 67 99 71 21 25 53 48 95 66 15 85 69 74 55 4 54 65 82 0 62 71 69 24 38 59 77 3 32 27 11 8 41 79 14 60 18 56 99 76 29 59 1 31 32 54 32 62 63 13 26 71 68 22 99 52 95 36 38 76 41 92 66 26 72 55 74 62 56 72 52 61 86 43 5 0 82 32 22 90 24 37 26 50 79 92 18 76 69 66 48 83 19 51 18 9 10 30 11 18 87 29 90 100 83
28 74 64 32 14 15 52 45 35 46 96 35 9 51 79 78 3 79 81 45 56 7 72 70 41 48 11 19 19 25 22 55 50 45 21 59 0 82 8 61 8 93 37 4 44 80 12 21 82 55 35 77 37 93 71 74 93 48 20 37 54 77 3 15 15 41 83 5 7 98 11 84 63 14 33 61 19 34 13 98 62 95 10 44 88 26 78 36 99 37 88 78 79 46 85 46 62 48 67 31 66 42 32 17 49 42 89 39 51 36 58 61 56 20 46 100 90 0 19 53 50 44 73 98 22 2 33 12 9 13 37 69 70 92 32 12 17 7 12 67 32 1 2 96 82 60 64 49 53 10 46 45 85 23 55 62 66 86 45
49 6 69 66 99 22 25 99 92 23 98 50 71 65 82 37 3 65 67 51 100 89 34 28 65 59 20 25 37 58 14 78 23 78 50 48 37 16 7 62 95 44 13 60 86 43 93 43 78 53 90 58 28 97 9 65 9 60 83 27 68 2 39 50 57 55 11 37 15 27 27 59 39 29 45 70 23 18 78 71 26 35 41 56 14 3 60 54 98 67 35 51 16 78 26 54 19 30 72 12 69 22 85 62 87 66 50 44 98 18 39 78 38 76 22 17 97 33 68 65 66 80 57 92 6 22 87 37 25 16 1 47 88 13 49 96 23 2 0 13 62 48 12 84 19 56 55 63 48 54 92 65 96 94 84 88 93 2 6
92 23 78 49 15 26 76 79 51 2 88 13 9 36 70 33 52 11 13 7 14 37 34 55 73 23 77 22 85 27 22 98 52 16 8 57 39 72 23 17 5 78 23 72 37 14 68 33 27 6 87 96 25 87 18 95 13 44 56 9 76 39 82 49 44 34 65 23 26 61 87 7 45 85 24 49 34 96 9 77 21 75 15 11 32 62 20 8 24 48 64 3 16 20 11 81 65 14 42 65 67 97 18 85 51 39 56 58 64 13 2 27 67 71 58 65 3 93 43 77 94 81 34 36 41 40 35 40 25 73 32 1 50 4 42 89 30 47 61 46 44 88 7 14 88 1 25 26 47 90 16 74 25 4 50 96 0 32 31
38 66 99 67 7 2 18 93 54 5 44 28 68 68 92 2 57 64 21 98 57 76 12 60 73 16 17 88 58 75 24 32 35 98 12 29 89 60 10 2 41 37 17 70 39 69 29 26 10 44 19 6 92 62 56 3 98 73 77 82 31 80 80 31 82 5 38 29 18 60 18 23 22 16 33 41 45 93 93 75 33 34 14 92 37 64 95 0 46 93 16 52 76 86 11 38 91 31 72 39 87 32 9 90 79 87 17 85 82 65 70 94 68 58 85 58 88 29 36 4 53 72 96 29 97 34 95 77 9 93 11 29 13 40 8 19 83 63 81 50 27 57 68 13 68 11 0 81 35 39 26 2 46 98 18 1 35 67 58
25 78 33 4 74 58 48 60 0 32 47 51 52 55 66 91 91 59 61 20 56 36 30 23 76 47 61 54 43 65 40 68 83 64 53 60 7 64 44 29 96 28 33 12 83 12 9 88 27 74 65 69 90 46 13 8 45 7 5 62 67 13 70 40 41 80 24 82 78 80 65 16 12 45 56 50 12 59 12 63 59 66 24 44 99 2 91 2 97 4 95 86 70 13 23 70 79 95 48 55 5 40 0 36 56 23 16 10 60 29 52 37 35 31 13 35 32 10 66 60 56 41 24 45 76 51 63 75 64 65 67 75 37 54 18 38 52 47 8 44 80 37 17 30 56 24 37 95 75 13 8 49 33 32 62 65 86 54 100
17 87 3 90 93 43 49 34 61 47 84 94 16 17 65 53 70 33 100 94 45 45 78 86 48 57 45 22 51 95 45 37 0 66 31 7 96 27 24 86 61 5 2 81 24 27 25 95 84 36 41 48 10 72 48 56 100 75 67 2 34 32 93 96 97 51 18 29 42 38 97 16 21 100 12 32 3 63 69 58 67 24 3 46 91 76 25 59 41 45 48 95 72 62 79 58 65 16 96 30 3 16 20 51 60 74 8 88 63 37 44 70 83 49 98 13 14 52 94 90 59 57 1 80 33 39 35 90 59 93 56 12 64 91 81 71 95 27 49 57 8 83 24 47 68 32 33 64 53 90 17 94 47 73 95 10 96 48 58
40 53 90 8 66 14 40 26 89 99 93 0 99 60 79 59 4 75 6 57 59 40 81 31 22 1 78 30 90 37 25 11 4 19 41 76 77 14 63 77 42 4 38 34 99 44 37 25 17 99 24 72 89 18 44 100 46 29 29 23 28 86 62 68 46 17 55 5 67 99 64 43 92 93 57 77 89 16 99 40 8 55 22 31 58 88 81 56 55 79 41 91 21 100 67 52 27 25 0 35 42 4 98 9 29 97 50 7 86 78 57 15 76 18 39 43 41 13 25 78 44 8 32 36 81 98 26 48 23 60 82 1 13 34 16 1 66 36 95 56 24 54 31 23 25 82 28 35 97 38 14 99 17 95 96 61 61 57 95
9 13 52 90 53 65 53 16 65 50 62 69 60 63 66 28 79 12 42 89 36 50 68 8 11 30 70 63 94 30 34 99 10 84 5 70 99 10 4 29 90 98 45 15 63 45 1 21 84 6 77 77 72 100 14 69 59 24 89 4 44 92 97 22 61 45 30 58 30 39 95 64 39 3 53 97 64 59 12 17 46 55 98 75 28 61 79 41 8 16 28 67 37 50 17 8 33 57 23 43 76 24 25 30 62 66 8 40 57 82 92 58 25 63 14 55 19 11 88 80 64 66 31 40 60 90 3 53 50 15 48 92 99 0 66 89 83 85 64 99 15 60 23 8 92 53 15 55 73 40 51 60 60 67 83 50 60 87 27
96 99 50 51 99 38 79 12 53 89 23 66 8 8 20 28 10 62 100 95 56 66 33 59 8 75 10 38 37 24 75 0 68 90 6 61 47 18 72 55 83 44 60 47 18 4 1 14 29 42 61 89 26 26 84 31 40 4 0 92 43 95 25 73 56 75 71 33 16 33 86 87 78 25 92 47 48 34 13 15 98 57 94 48 14 66 49 56 26 53 52 95 24 47 7 11 57 19 53 34 63 0 70 49 39 48 80 19 88 30 30 51 17 37 49 92 45 54 87 84 63 35 22 77 85 12 40 54 55 0 49 28 79 92 84 47 10 0 50 37 79 71 67 25 66 41 100 78 42 34 3 89 3 61 70 14 84 84 77
12 85 11 32 13 48 18 14 6 65 100 90 70 100 7 74 20 5 87 24 24 21 52 72 0 25 69 92 19 81 37 88 39 22 100 86 99 92 70 34 12 10 97 12 80 31 2 16 1 36 9 58 12 3 97 93 33 58 78 96 26 11 99 52 4 34 60 9 57 95 71 81 68 68 16 49 64 3 71 54 83 76 78 77 16 64 71 61 96 20 67 39 65 100 28 10 8 8 47 54 61 27 34 85 30 68 90 70 70 40 89 85 66 96 78 57 30 63 51 44 30 39 69 30 46 74 67 58 82 25 12 80 95 62 33 61 46 90 78 96 97 18 25 4 26 60 78 23 65 73 76 73 74 17 23 10 92 10 61
19 82 61 76 8 82 63 27 75 62 45 13 48 58 24 17 34 96 93 10 19 54 26 90 67 58 11 36 75 60 9 16 52 52 12 45 87 92 2 90 13 55 77 88 50 55 18 28 52 39 1 64 45 52 24 59 47 36 81 8 80 24 29 29 32 78 55 46 5 4 65 90 98 45 65 68 85 20 5 54 54 79 55 91 72 22 88 24 66 70 17 29 100 55 55 90 2 22 88 0 100 86 24 69 82 93 9 67 21 66 62 87 68 8 53 13 97 5 77 25 60 64 37 19 89 85 30 77 90 52 22 36 31 31 63 58 10 10 37 34 39 27 4 38 29 47 39 54 54 26 65 26 38 19 34 27 30 71 94
23 99 41 95 40 56 60 44 88 76 100 94 90 83 33 93 99 83 31 5 52 82 60 7 29 86 43 10 87 27 22 66 68 35 65 76 80 45 68 26 40 97 8 64 84 43 0 22 10 41 25 32 98 35 100 46 10 2 2 41 37 72 78 41 40 74 7 36 43 16 63 91 31 24 93 2 77 53 69 24 96 58 45 48 73 88 19 78 60 29 29 96 99 48 65 80 59 22 49 91 56 80 14 31 1 99 27 78 56 55 0 45 97 58 72 3 96 89 0 84 45 4 50 76 94 74 9 15 32 47 81 100 97 28 29 82 99 47 50 92 22 68 61 40 61 23 85 3 33 76 11 3 91 64 88 70 86 74 29
74 89 30 43 62 34 84 1 53 62 87 55 29 51 73 37 28 19 83 72 83 28 20 34 8 30 97 44 61 77 61 77 61 51 61 37 5 11 91 84 14 50 17 91 59 81 55 82 4 87 65 42 88 40 99 47 55 73 15 49 39 79 93 5 73 38 1 51 54 66 51 7 88 27 61 100 75 52 89 10 16 17 25 29 54 2 26 0 31 36 20 99 32 8 61 4 72 47 77 68 62 100 6 21 57 97 34 51 26 58 35 76 25 5 0 90 21 4 95 19 93 12 53 75 97 85 2 31 59 68 87 54 65 61 90 16 69 59 88 42 84 12 41 58 99 18 91 68 10 65 92 25 85 97 34 51 7 65 15
27 98 43 73 13 72 59 40 44 60 64 60 28 71 59 43 80 89 29 78 53 37 23 19 45 54 45 75 28 12 31 75 56 14 30 30 33 14 7 35 51 69 54 6 58 41 3 94 79 5 97 20 79 2 9 90 43 97 77 11 65 92 34 86 65 22 14 78 90 96 99 54 0 33 61 81 81 8 97 82 63 90 62 88 7 6 94 12 35 76 0 9 62 18 19 47 54 72 63 4 25 29 3 17 71 44 60 42 70 76 95 82 84 96 98 6 23 39 91 91 7 7 11 83 83 41 57 51 86 93 66 64 78 10 77 75 93 99 49 28 96 97 25 18 64 78 18 49 73 39 99 72 87 30 14 35 7 52 45
56 31 42 56 20 32 90 68 77 32 53 71 25 83 10 99 18 63 75 97 64 80 5 73 90 93 52 32 4 14 7 31 65 94 100 74 87 33 15 57 81 53 60 11 100 83 66 59 99 31 0 78 79 93 51 83 4 49 40 55 8 2 44 3 68 59 10 41 60 87 26 43 95 24 86 14 17 1 36 85 60 1 99 80 73 72 25 59 75 45 21 36 19 55 67 71 81 45 50 30 52 93 52 79 34 67 95 63 35 46 1 97 100 35 6 78 18 45 2 26 0 1 10 45 41 6 36 60 88 13 17 2 39 61 93 85 31 41 38 9 52 9 19 61 79 74 58 61 74 4 58 23 66 24 40 44 32 20 19
50 52 22 33 92 91 57 83 26 47 31 46 35 93 27 30 52 22 14 49 97 4 10 67 13 1 60 34 82 42 38 43 1 89 57 19 48 61 10 94 40 35 34 66 63 94 61 65 75 31 28 51 54 5 50 39 64 97 37 50 3 34 80 26 78 50 76 13 88 1 24 72 46 14 5 45 76 19 66 100 30 69 27 14 7 66 59 52 22 41 55 65 98 60 88 93 75 5 54 38 90 62 31 75 19 85 47 33 55 36 50 74 5 84 42 93 71 97 78 19 49 7 50 4 79 25 96 92 59 23 13 38 88 35 63 67 70 32 40 81 53 54 9 73 61 35 88 35 55 81 22 99 53 96 59 33 81 90 70
1 20 48 69 43 100 87 69 11 22 78 81 38 33 48 11 76 43 26 19 1 16 11 29 26 1 0 17 40 42 90 93 81 49 64 7 6 55 39 39 26 2 14 67 25 55 51 36 7 35 5 22 80 85 63 73 48 51 89 27 53 73 51 46 87 79 99 35 10 76 4 71 52 86 3 40 56 34 9 84 55 87 51 58 20 84 87 45 85 78 57 49 94 7 11 97 17 4 72 16 2 66 27 34 54 21 14 62 81 80 34 77 44 75 84 0 61 1 0 63 13 96 91 55 59 8 65 75 72 12 45 72 32 79 40 40 71 19 52 33 4 94 20 44 38 2 84 41 90 13 81 48 24 62 56 96 85 66 46
95 69 46 98 100 9 43 25 61 21 52 33 45 87 90 66 37 23 5 32 61 8 80 73 12 54 26 18 6 5 45 52 52 47 75 73 26 18 97 22 38 9 47 41 6 7 22 10 65 51 51 9 43 66 67 17 74 54 26 95 24 48 33 93 50 14 71 30 91 29 62 63 93 98 4 60 84 85 84 77 50 28 65 84 42 3 38 13 82 97 5 58 69 14 71 84 4 73 21 79 37 16 96 95 65 14 4 8 37 85 21 27 33 71 33 75 32 30 26 1 44 36 98 27 73 67 41 81 57 21 8 59 99 28 17 89 99 13 64 27 87 32 51 64 8 62 100 3 0 50 18 54 5 99 30 48 15 76 13
45 94 63 0 50 88 49 95 52 36 98 78 72 17 88 1 31 7 76 46 37 62 73 45 10 4 35 86 50 75 8 69 41 61 77 5 39 64 23 30 52 34 33 82 92 15 69 75 100 24 37 16 59 42 56 73 5 83 24 100 29 59 34 55 69 71 54 8 57 93 21 74 40 17 91 16 8 8 44 97 90 83 34 38 81 59 55 74 0 51 100 4 91 29 68 59 39 98 85 22 19 97 74 99 42 86 3 21 35 26 99 55 44 82 51 35 15 2 38 30 57 88 4 96 87 5 27 15 84 58 35 19 90 33 98 32 43 11 5 45 54 48 22 21 73 52 61 69 21 16 48 91 18 26 15 2 2 19 36
76 93 93 9 40 68 85 16 18 96 48 3 93 9 60 34 80 23 75 46 28 70 24 0 35 40 53 45 65 22 16 2 86 100 3 56 74 61 73 70 83 17 28 61 100 18 20 83 48 77 16 92 90 91 36 100 47 32 6 69 75 43 0 25 31 6 99 37 35 18 8 33 7 42 7 22 10 22 100 82 35 23 37 80 47 47 89 53 40 39 86 63 12 99 34 33 92 79 15 85 69 20 92 99 32 24 99 22 11 69 48 18 76 27 23 80 21 50 62 65 48 10 86 38 5 17 69 48 31 35 44 26 29 61 64 81 96 23 84 97 35 42 98 96 19 79 74 70 77 28 7 96 92 30 27 45 24 57 7
29 70 88 29 62 85 53 83 81 86 49 59 58 88 84 16 25 14 89 90 70 34 27 95 7 71 44 68 15 68 12 35 73 99 28 31 2 92 7 43 21 60 58 30 13 91 25 34 78 32 58 27 70 52 71 87 72 34 48 94 49 9 22 22 48 28 61 99 44 37 75 16 0 57 18 78 60 99 90 100 27 74 24 13 48 87 39 20 4 18 69 36 65 85 9 6 46 76 19 30 24 25 42 50 93 60 21 92 75 1 23 42 21 37 5 67 23 13 13 2 81 38 26 86 76 47 21 83 5 59 76 93 79 29 69 51 11 74 67 3 14 42 5 64 84 4 59 53 64 20 37 93 28 55 4 50 14 41 50
96 1 93 4 9 13 66 53 79 55 30 40 26 65 13 45 37 80 27 39 59 9 79 94 8 34 6 90 15 41 42 24 20 95 78 75 7 48 23 45 18 26 36 1 19 31 57 62 40 70 93 61 76 96 70 74 78 99 43 34 52 79 88 60 100 72 10 15 44 1 49 38 32 41 3 61 50 37 14 13 23 62 72 81 26 96 88 49 56 22 32 96 7 35 76 3 12 94 1 55 69 59 25 62 62 67 97 65 68 25 82 13 12 88 95 18 71 0 91 33 29 42 1 35 4 78 94 75 86 26 54 2 19 56 100 87 22 33 65 5 37 75 34 32 17 62 43 31 58 95 53 27 62 92 10 35 98 24 26
99 20 88 98 84 49 47 40 18 33 18 94 92 78 6 93 14 49 86 56 46 59 72 76 3 66 72 76 90 47 4 44 14 77 78 92 61 57 53 77 84 11 41 49 27 59 84 99 61 0 72 5 79 75 58 31 18 24 80 36 29 38 7 91 18 32 50 3 51 41 60 60 35 78 27 13 3 18 96 24 60 29 82 9 0 54 33 25 97 61 90 38 40 72 100 98 77 4 31 24 21 60 83 95 20 81 99 33 66 95 66 81 43 2 42 44 42 7 83 33 64 17 5 83 86 68 29 40 45 10 96 86 56 43 83 22 86 93 87 42 78 80 43 9 36 94 1 60 40 69 96 46 62 16 4 76 16 98 72
67 19 2 41 30 44 80 92 89 4 92 72 97 65 14 85 81 31 21 50 26 11 37 14 64 26 86 52 1 16 47 46 51 21 87 63 55 29 81 40 98 3 2 87 93 85 69 4 47 18 62 31 0 1 67 34 47 58 23 64 6 16 75 96 3 26 97 58 72 64 4 18 17 4 54 51 10 54 68 67 26 87 47 15 51 82 43 45 0 12 60 75 99 56 96 85 39 73 87 35 75 46 41 77 20 92 75 58 76 70 40 21 1 47 67 58 89 35 91 87 69 59 63 91 22 60 93 14 83 79 81 55 20 82 56 88 54 36 78 68 13 13 23 14 26 84 7 27 24 84 69 84 99 78 61 72 42 37 90
72 29 50 95 87 54 5 89 21 69 72 39 78 9 80 36 79 87 97 40 25 32 39 49 29 0 12 86 56 11 13 0 88 3 6 58 30 60 36 20 91 39 87 12 63 32 16 34 43 58 12 49 62 16 52 72 68 63 41 1 18 83 2 19 61 72 4 26 87 48 3 20 5 64 100 11 17 50 1 7 47 50 88 19 86 16 12 97 67 28 9 74 59 11 98 59 49 25 31 98 57 24 44 39 74 88 83 99 55 81 51 78 71 69 26 41 86 24 13 6 78 3 67 30 48 32 13 90 54 28 80 58 51 55 53 23 12 34 13 15 61 81 19 44 80 30 91 80 2 53 31 22 47 33 96 65 4 34 74
40 58 63 79 66 12 45 39 23 22 92 17 55 48 35 39 41 85 52 11 79 85 90 38 55 16 23 1 14 90 0 30 26 33 21 23 43 81 44 15 20 45 85 35 51 62 25 7 33 90 60 56 52 7 12 31 43 2 5 47 39 12 20 42 46 45 10 100 77 72 33 66 53 49 16 58 92 76 2 64 94 71 45 48 97 71 53 79 46 38 81 86 39 41 48 47 24 100 91 32 26 83 53 83 79 7 91 49 49 60 74 70 27 29 51 93 27 100 51 60 12 97 43 26 43 31 100 8 10 56 52 71 46 36 10 79 63 60 91 99 50 96 75 41 58 43 63 68 15 2 38 92 75 51 87 30 27 29 29
39 54 55 10 89 53 3 41 92 5 94 3 7 38 61 17 32 29 20 9 76 55 73 63 54 77 44 6 88 100 27 27 48 72 24 99 37 13 75 32 28 21 38 86 88 22 10 78 31 67 68 92 83 83 86 72 90 54 13 48 48 34 28 16 39 71 7 80 13 30 76 45 21 3 7 22 34 50 87 90 66 99 95 36 60 28 25 31 69 42 78 48 39 57 10 93 40 84 4 61 26 25 53 33 0 27 90 11 43 64 14 99 30 76 7 4 91 58 16 69 42 44 85 95 96 85 22 33 38 37 21 26 83 69 84 71 6 95 96 13 5 97 46 47 15 19 55 20 16 73 94 58 1 49 43 77 71 13 31
100 30 26 34 83 44 47 86 29 17 89 70 44 2 46 90 12 18 94 28 93 98 13 6 78 46 21 94 50 73 42 33 80 97 10 47 55 77 52 88 45 51 48 15 50 26 8 29 73 59 45 100 90 39 18 96 90 33 59 21 37 79 27 53 60 23 76 49 25 40 77 52 37 48 92 71 66 17 94 67 44 71 66 81 44 37 37 48 10 54 100 15 78 97 82 88 31 78 75 41 57 53 84 15 49 47 7 43 41 82 58 41 42 83 70 94 56 15 41 89 81 53 99 93 8 53 54 80 26 90 24 86 69 8 75 27 31 76 49 22 87 71 3 3 29 98 98 79 9 57 98 7 86 33 52 66 87 56 54
10 82 70 63 46 58 73 89 4 74 52 70 27 61 84 68 98 68 95 57 7 16 54 29 8 14 46 8 96 41 18 13 60 78 99 21 4 53 54 36 50 33 91 64 24 21 68 2 54 49 76 44 59 46 97 28 73 50 68 34 97 54 84 0 32 16 14 68 82 31 84 23 20 8 15 64 13 64 48 38 18 4 44 31 48 66 66 85 88 18 45 82 72 77 15 45 75 82 16 36 68 55 99 11 38 58 32 80 81 48 75 79 37 29 99 63 53 27 21 87 42 69 35 77 67 1 5 74 39 74 78 39 71 39 36 34 56 93 84 81 58 62 95 33 52 94 69 51 24 56 91 34 40 62 67 79 48 11 96
46 77 56 78 98 3 57 65 30 91 75 24 50 1 13 31 40 26 16 77 80 41 10 48 73 46 100 50 58 96 14 83 29 73 68 51 94 40 36 23 86 96 72 17 43 71 21 17 43 33 67 48 55 49 37 4 18 66 92 99 79 60 22 58 93 48 59 13 6 19 86 31 16 9 93 85 85 23 73 1 43 11 60 9 55 1 74 75 99 64 2 49 37 69 97 30 60 39 40 20 10 21 85 98 85 75 71 43 2 99 83 2 62 0 70 25 14 84 10 40 38 84 22 48 64 29 10 44 96 23 18 8 3 53 62 42 32 72 68 93 85 59 54 43 22 58 84 71 26 87 59 55 39 15 93 46 98 14 4
36 4 22 36 38 89 51 77 84 25 56 96 59 11 9 38 12 80 70 39 52 3 73 2 62 48 80 65 2 17 49 96 8 100 9 79 81 49 48 97 2 78 19 14 45 19 10 64 59 24 55 35 81 53 57 79 93 11 35 83 34 88 99 32 80 3 71 38 68 56 47 61 1 12 1 3 65 31 50 99 24 58 23 57 81 83 91 87 53 37 23 24 73 58 66 95 28 99 16 23 30 33 19 76 48 3 49 13 74 72 92 93 26 96 11 75 34 78 69 29 100 83 28 59 76 77 23 95 72 57 30 63 10 28 98 49 41 93 21 20 68 57 85 74 26 69 27 44 84 89 84 16 66 21 95 12 72 20 78
78 16 45 98 96 80 43 71 5 43 52 65 88 84 97 57 28 63 28 36 80 39 80 30 32 72 63 21 26 38 20 43 18 69 38 40 65 88 67 61 30 33 100 64 80 34 51 79 0 90 75 76 29 33 56 61 4 4 35 15 74 71 36 20 90 80 56 9 56 9 14 24 62 60 61 55 86 88 90 54 70 19 90 37 21 30 99 21 7 98 38 19 26 98 2 63 79 29 28 6 99 39 6 27 72 30 92 81 60 79 66 25 6 44 38 12 81 26 9 34 36 70 48 40 33 52 62 31 58 53 3 89 26 8 34 22 92 11 6 61 99 71 13 8 56 85 27 72 69 72 62 49 23 79 33 52 29 76 32
41 52 95 69 67 49 69 81 66 94 23 29 35 2 83 95 34 56 34 75 9 66 72 71 48 49 24 43 44 77 25 57 71 39 56 81 70 63 43 10 1 53 100 61 28 27 43 13 40 21 12 11 93 64 13 81 81 74 6 28 66 92 21 79 77 79 64 35 55 34 39 23 7 100 84 33 0 45 64 79 59 68 43 27 94 37 42 34 34 32 44 58 46 36 58 0 5 2 47 44 10 6 82 83 26 5 27 66 32 0 81 3 53 96 16 17 71 60 11 82 82 96 13 46 72 22 65 87 41 93 58 46 55 89 5 85 69 1 0 20 83 73 91 35 85 54 4 9 68 3 96 64 78 7 6 81 67 67 97
72 83 32 69 77 80 56 61 99 27 74 12 94 90 63 58 49 11 83 3 53 47 27 37 12 87 28 38 74 57 47 4 24 89 86 79 30 20 55 42 20 87 81 94 2 33 80 0 77 35 17 98 26 39 31 30 51 43 63 38 5 58 62 47 40 50 5 26 59 82 17 24 58 55 91 34 61 13 15 52 78 93 38 61 41 50 54 3 45 97 77 38 34 96 18 38 55 0 87 62 3 28 93 8 85 78 92 90 79 99 43 74 33 1 39 37 8 80 75 7 41 47 28 95 28 24 78 14 29 67 18 26 46 95 41 37 26 26 85 28 55 13 16 96 36 5 89 73 58 23 42 63 73 64 72 65 87 7 31
17 33 57 32 45 91 68 46 72 71 1 51 3 70 2 79 37 33 46 45 25 96 60 73 9 89 36 99 79 75 35 1 31 2 47 3 7 67 16 72 96 24 54 94 44 9 48 46 68 11 1 99 37 84 63 75 76 30 21 45 21 36 42 99 73 72 89 93 32 67 47 53 46 85 27 19 84 36 62 71 47 86 47 92 45 57 23 46 99 17 58 73 70 93 59 74 94 55 59 100 34 99 8 70 24 95 88 14 81 48 7 56 40 90 21 88 24 41 19 9 65 58 66 37 17 40 62 19 4 63 6 65 32 45 65 62 34 7 43 39 82 31 47 17 60 4 53 6 76 83 96 40 77 67 11 81 60 46 88
3 13 49 75 58 24 61 100 92 46 68 42 34 81 36 29 38 95 90 80 28 15 64 36 5 65 62 68 71 43 69 75 10 33 76 64 8 7 92 75 56 54 81 79 60 38 86 82 100 89 37 5 67 76 36 78 23 93 24 66 71 16 92 54 57 83 71 36 43 68 84 91 44 8 47 7 14 70 38 10 10 0 62 75 8 76 78 77 47 24 40 21 76 58 8 22 86 29 7 51 63 30 60 26 18 62 4 95 1 50 57 86 54 21 34 50 84 33 78 81 2 22 56 13 96 42 79 97 67 3 31 70 33 79 58 33 88 51 6 20 32 50 69 22 23 49 98 68 21 51 98 8 17 66 17 88 6 86 16
34 55 79 2 67 37 47 89 68 13 60 85 3 20 39 52 7 7 38 82 99 29 26 11 36 76 76 59 61 27 77 43 52 1 97 18 49 1 54 21 11 75 50 53 100 92 20 84 49 84 18 90 44 45 11 65 28 30 38 81 68 9 4 48 17 51 95 60 39 5 72 35 79 75 82 89 61 16 41 85 89 44 41 89 51 47 69 39 45 50 52 76 46 99 66 97 61 76 48 53 53 24 82 37 67 15 28 93 7 49 68 66 64 69 58 78 33 13 48 60 73 63 16 5 12 44 17 66 19 21 52 64 24 50 34 99 30 100 12 64 92 32 84 30 3 42 65 94 89 87 38 95 66 42 41 62 72 74 53
34 69 22 37 22 1 89 53 23 73 56 24 50 38 16 26 20 0 38 74 57 71 9 4 32 72 72 10 22 24 74 49 8 69 40 3 3 10 17 56 15 72 69 86 79 5 57 38 55 91 75 76 87 72 54 69 0 82 97 95 68 71 78 28 90 66 27 95 85 63 7 29 41 14 4 18 3 65 57 65 15 92 66 52 87 95 68 64 45 11 87 48 82 100 80 4 9 26 89 0 84 11 10 22 69 96 34 23 53 44 83 97 16 2 4 8 98 100 29 14 16 79 14 58 77 74 70 99 92 83 2 95 13 90 33 77 1 22 47 97 63 54 22 47 64 59 7 14 91 62 31 52 10 36 8 9 67 59 74
31 84 34 28 84 63 28 48 5 34 44 8 91 85 98 45 22 9 84 17 44 33 9 71 84 50 2 76 14 97 76 5 24 59 79 67 97 63 39 57 60 60 34 45 43 56 24 19 65 87 26 82 6 77 37 72 42 100 42 7 24 24 96 100 80 80 12 17 78 80 68 21 43 61 33 54 93 86 98 20 15 9 24 51 37 20 67 51 22 76 49 45 51 30 44 100 45 73 70 51 41 65 68 73 33 50 98 97 0 58 63 79 0 82 26 25 44 32 30 84 76 94 79 47 65 59 24 7 30 68 36 21 77 35 33 83 53 11 32 80 94 0 96 57 75 14 54 19 39 37 29 95 73 36 65 39 71 56 38
52 10 58 49 65 62 64 50 13 18 79 100 25 28 46 86 60 23 10 57 64 22 50 1 19 16 86 31 38 95 45 55 35 27 63 78 13 73 36 94 58 7 87 0 4 63 1 78 65 19 85 83 68 28 19 4 87 79 8 5 95 41 59 89 53 16 45 28 82 60 0 74 44 43 50 72 100 85 46 64 93 75 60 76 7 22 18 10 25 67 67 19 80 85 21 50 89 19 70 85 41 33 39 44 56 77 83 39 46 89 1 62 39 54 3 32 90 63 67 32 35 2 83 33 37 35 8 16 87 89 82 87 64 24 25 76 31 22 70 39 28 70 25 76 47 45 36 88 15 4 91 41 8 16 71 72 42 58 46
74 10 62 77 89 30 92 41 29 66 31 31 57 26 28 72 76 95 28 38 7 74 91 92 15 39 79 55 4 3 81 98 96 56 4 35 52 87 98 5 48 82 17 82 19 73 51 20 28 34 4 55 22 13 86 13 0 0 87 100 33 44 13 20 91 31 59 28 71 99 12 79 80 25 47 38 15 69 39 48 52 68 4 78 49 39 32 22 86 99 76 99 90 17 39 93 33 0 29 4 44 100 86 23 87 2 95 66 9 60 54 6 81 94 79 10 11 2 18 24 97 35 86 5 98 37 76 72 5 85 67 31 27 26 93 77 49 73 59 25 19 36 66 22 19 43 76 68 47 34 59 37 31 54 92 5 65 6 54
4 18 49 58 22 93 35 3 44 96 10 82 16 26 24 32 89 3 45 53 93 46 24 96 43 59 22 11 78 37 83 70 0 85 12 40 1 54 75 43 20 88 4 16 22 15 23 16 60 72 69 10 0 40 67 46 61 35 75 80 44 66 32 45 97 40 36 61 14 97 87 34 38 1 90 89 38 58 99 16 76 31 70 26 56 12 56 95 73 86 77 29 90 53 38 95 26 35 88 53 19 86 31 23 53 76 22 61 3 32 3 9 8 92 65 88 19 12 60 81 52 5 77 74 95 13 54 34 77 17 53 31 5 32 4 62 96 1 49 41 74 83 69 20 3 67 72 0 13 70 44 32 28 55 80 79 82 35 47
11 69 16 52 37 15 35 68 57 82 4 28 4 84 72 2 91 39 70 96 72 35 11 75 44 49 67 18 31 20 37 68 86 16 81 72 20 76 95 7 95 56 89 8 43 63 51 73 28 18 41 42 63 0 78 93 90 90 30 30 51 49 82 26 46 37 32 9 84 23 94 21 22 78 63 71 71 97 53 53 89 49 23 13 49 99 98 2 25 43 51 79 91 82 61 39 29 38 91 35 42 90 49 79 86 84 14 76 83 34 15 88 45 94 81 42 61 28 74 73 98 30 85 68 23 62 5 16 36 56 24 95 71 25 87 29 97 44 77 50 80 40 91 91 75 30 86 65 21 50 66 56 31 38 24 15 87 39 47
92 93 76 12 43 50 73 20 48 40 5 75 92 17 47 28 44 94 18 73 55 4 97 59 35 29 32 4 75 15 14 1 61 49 76 66 53 17 81 12 43 13 35 77 5 86 89 30 9 34 17 60 7 26 64 49 3 87 14 100 70 38 53 26 61 14 21 25 44 12 15 36 78 42 95 25 76 84 1 58 63 17 47 69 19 96 58 65 30 96 82 33 53 30 43 57 72 8 46 99 15 55 9 90 48 83 98 90 27 60 80 100 94 76 81 74 91 30 26 100 38 32 60 71 70 26 95 42 78 93 16 79 2 70 71 14 66 54 72 99 28 79 98 42 73 64 56 90 97 1 100 61 100 3 26 50 33 6 75
21 96 73 29 90 57 72 21 26 53 53 20 48 78 16 8 82 89 90 72 32 71 38 28 4 82 20 100 78 18 85 6 5 64 69 64 69 56 66 95 77 66 40 77 27 16 92 21 51 61 55 33 51 6 66 94 64 63 84 59 14 90 72 54 38 71 2 34 19 26 30 44 99 9 40 6 50 4 41 57 78 100 15 44 7 49 50 27 43 52 91 85 69 66 61 80 83 97 38 97 77 88 61 76 66 89 98 50 99 30 13 74 12 12 79 30 40 64 27 97 42 9 57 100 42 18 100 17 81 61 73 70 71 14 47 52 85 43 19 99 97 80 31 68 17 85 76 0 92 49 14 75 54 99 77 15 10 95 83
99 24 86 31 44 8 58 40 14 86 66 37 38 43 85 57 62 46 36 93 50 43 13 84 67 26 17 0 30 85 94 61 77 64 82 44 63 4 21 8 12 86 66 74 70 42 31 15 67 42 28 76 38 34 14 64 19 31 81 68 17 43 43 62 69 41 50 74 53 42 16 20 32 23 39 4 26 40 42 1 52 44 30 68 56 70 49 21 81 77 61 21 4 20 95 91 90 79 23 91 56 0 16 94 72 20 35 96 86 70 49 92 55 78 72 15 72 87 82 99 85 98 35 44 33 80 91 66 98 52 85 69 81 73 8 71 54 75 60 22 77 82 88 80 36 99 0 77 18 0 4 15 67 21 55 62 8 33 60
54 60 66 60 36 82 95 57 98 20 33 5 48 30 83 20 86 32 27 58 26 86 62 84 25 15 89 2 93 49 61 44 40 64 93 2 42 23 91 59 72 44 79 56 46 46 73 75 57 99 18 65 20 81 58 52 41 87 56 23 59 65 34 13 79 3 21 100 69 57 33 11 73 4 100 76 5 17 2 5 16 96 84 96 100 67 20 78 50 37 15 32 86 45 54 72 41 68 85 89 61 71 29 26 70 30 44 28 69 31 58 47 12 51 82 8 32 15 49 12 51 41 40 10 15 79 91 54 63 67 84 81 72 0 46 50 24 15 81 59 83 75 1 72 20 73 22 54 80 11 46 80 6 23 75 48 3 92 59
44 49 59 14 10 81 87 3 64 94 98 90 46 75 34 58 32 2 26 32 51 72 78 26 85 25 74 82 37 18 75 99 58 45 35 95 91 6 67 16 52 97 65 12 35 47 81 4 81 67 91 51 2 18 28 35 48 37 16 40 55 65 52 64 27 76 33 7 60 34 51 22 50 21 66 19 42 21 2 33 13 13 15 58 39 49 5 93 13 7 93 66 42 44 50 6 87 94 44 95 54 66 92 18 54 19 0 31 58 77 36 6 16 66 67 85 38 60 52 77 14 76 11 50 35 16 58 25 94 90 14 51 24 56 94 7 79 94 78 75 85 5 91 33 100 52 28 35 25 58 14 91 15 69 87 27 50 13 93
18 6 98 48 68 39 27 81 56 9 25 15 36 67 81 38 1 25 41 80 9 92 100 44 82 3 45 33 40 99 6 83 33 70 85 78 67 59 80 56 1 77 32 28 50 60 5 59 66 77 16 53 82 92 4 4 13 56 78 13 30 70 50 11 39 9 21 51 91 47 37 27 79 44 0 70 51 4 15 63 49 76 60 74 43 92 35 17 65 46 52 68 36 55 71 36 65 9 80 100 42 23 62 12 23 34 45 83 31 49 15 92 19 49 84 66 8 79 29 4 43 80 7 51 49 61 13 64 52 19 68 56 100 52 42 12 82 19 49 100 56 70 55 44 79 85 61 70 29 23 59 47 11 96 26 41 25 98 56
53 82 16 94 56 1 61 4 66 100 93 94 89 56 53 45 65 53 86 50 81 79 45 74 92 57 42 61 32 37 43 86 62 82 57 77 12 25 42 56 40 2 39 77 59 29 5 50 98 81 61 1 65 24 55 35 1 38 15 18 76 85 63 50 59 61 67 56 7 85 19 96 10 25 78 3 52 30 34 33 20 20 71 43 73 16 6 95 37 6 91 99 56 48 12 48 1 12 43 47 40 65 14 65 85 54 78 59 44 74 21 12 40 60 41 29 67 97 94 0 40 44 70 19 80 83 52 13 27 97 51 12 23 73 16 24 63 33 63 66 33 51 87 30 24 59 4 78 15 18 52 83 0 9 7 92 88 85 83
97 24 86 37 65 42 31 89 37 96 65 4 63 1 75 79 32 74 41 40 36 93 27 63 17 51 79 37 75 12 83 58 11 92 13 15 73 21 19 42 63 94 44 71 4 84 60 42 77 85 10 31 92 90 86 19 75 87 52 29 67 54 69 13 12 15 15 72 48 15 47 38 100 90 89 17 39 21 29 10 70 7 47 99 40 93 91 57 97 52 92 6 97 99 21 75 20 25 93 60 30 32 55 91 2 75 85 82 46 17 22 57 9 23 70 8 87 34 1 0 2 3 22 33 17 0 62 82 94 22 86 39 93 88 43 90 47 70 87 39 44 33 61 95 52 65 36 62 30 31 20 1 30 61 43 20 51 25 93
20 88 95 82 19 12 14 52 72 75 77 17 13 46 59 26 36 42 9 92 70 47 40 85 38 20 66 16 53 53 10 42 73 58 13 72 27 15 65 99 79 61 46 21 37 72 48 90 57 6 84 70 41 91 100 66 64 82 83 41 49 6 39 26 91 69 44 24 86 28 100 92 93 91 44 20 62 43 94 4 9 87 6 24 83 25 68 21 13 28 42 32 7 49 23 60 30 43 100 1 48 53 35 28 50 82 89 24 35 48 98 79 55 17 6 44 10 22 18 75 77 64 15 28 79 10 48 55 84 62 43 46 14 61 69 39 46 6 61 76 54 11 53 82 5 41 29 42 70 29 96 73 91 85 91 8 10 25 87
85 35 98 72 34 64 20 28 72 47 30 23 13 74 43 10 98 0 25 29 52 11 44 98 71 63 99 59 31 90 75 88 16 87 86 99 20 59 9 42 42 24 38 10 59 39 62 91 68 3 4 87 36 56 100 36 11 40 67 73 51 28 83 53 56 59 41 21 13 56 32 70 72 8 26 57 8 45 4 56 74 45 51 46 32 13 38 92 26 86 63 97 27 43 92 75 55 74 88 59 32 42 79 71 3 60 35 15 31 68 67 83 66 7 15 10 21 41 9 51 36 59 38 31 25 80 88 22 100 66 22 86 37 27 40 81 34 83 20 73 85 68 79 87 96 84 50 26 86 8 46 43 65 87 90 38 12 52 80
52 57 65 77 29 22 80 0 87 62 65 37 98 40 48 37 78 33 5 56 84 87 11 66 79 63 51 40 58 77 33 16 17 84 77 26 65 15 1 87 16 69 63 74 90 3 42 81 77 1 45 48 0 31 51 25 3 54 61 69 47 71 24 62 79 24 11 16 31 40 81 44 35 74 18 68 72 77 22 10 3 28 85 59 89 16 62 85 29 89 52 43 51 65 77 69 77 77 97 51 63 45 54 100 91 22 30 92 14 54 42 16 56 80 79 54 11 8 56 8 19 99 93 8 99 32 46 83 82 86 90 29 10 34 62 61 37 58 72 55 83 94 80 63 61 18 49 75 5 83 21 72 86 65 86 10 55 58 69
100 11 22 56 20 78 75 85 4 88 71 8 92 19 91 23 9 24 9 47 18 5 84 78 19 28 59 19 16 55 83 24 97 36 47 62 1 18 21 73 66 10 66 19 25 64 80 81 58 21 69 57 59 55 61 95 82 69 57 42 78 75 3 44 72 22 78 52 16 41 84 77 52 81 31 72 64 69 3 10 9 19 18 5 17 63 70 45 10 19 28 4 89 24 53 87 15 3 86 2 90 64 93 45 23 6 98 26 21 30 23 15 40 72 97 66 34 49 43 33 94 0 11 40 82 42 7 66 39 9 99 8 7 20 48 10 64 50 30 1 83 63 48 87 45 51 80 32 37 91 75 6 72 19 69 32 5 33 12
89 73 99 53 56 48 95 60 77 33 52 20 60 77 67 88 73 52 34 3 54 11 70 43 10 71 12 41 12 23 77 4 30 41 13 13 46 6 10 4 95 50 30 31 64 5 21 15 12 89 39 2 34 15 67 61 100 25 31 73 96 56 10 64 71 35 58 59 51 30 35 97 81 87 82 84 61 2 94 45 60 54 24 24 8 56 71 2 65 100 10 82 39 13 25 10 10 99 49 8 84 61 56 22 77 43 42 98 48 95 61 16 99 8 86 98 16 52 59 94 79 85 26 4 99 60 92 14 73 27 26 64 100 30 12 44 31 65 56 25 6 78 22 62 68 89 64 23 77 6 31 31 98 62 77 15 67 2 37
9 81 56 45 7 70 8 77 88 88 28 27 18 34 62 33 53 60 63 33 81 76 61 78 67 100 52 65 3 90 97 83 23 20 68 68 79 20 27 98 40 8 59 85 57 32 70 10 67 37 38 74 4 42 91 63 31 21 40 30 95 79 47 6 41 20 34 32 14 2 15 39 65 57 28 30 6 95 34 43 29 4 97 47 70 81 35 12 77 89 58 32 66 36 49 5 67 22 1 47 56 53 1 16 50 66 55 40 42 92 47 41 60 33 57 34 82 59 91 34 98 99 63 56 55 7 34 39 87 5 39 53 29 85 78 33 100 41 32 7 80 41 91 37 19 11 27 39 87 28 37 60 45 13 96 84 91 90 66
51 3 98 54 81 5 28 59 41 45 1 79 62 67 54 73 18 17 19 6 90 23 73 47 49 78 99 64 86 75 29 23 76 76 57 1 65 69 44 72 21 14 39 80 40 4 20 63 8 91 89 11 77 36 41 95 22 99 61 15 96 22 86 50 38 27 18 95 65 97 54 18 28 37 96 42 81 14 95 49 93 64 70 30 95 67 95 25 45 46 38 68 77 66 72 16 10 77 49 66 10 43 13 40 39 64 69 79 85 35 14 6 71 87 36 9 22 64 80 3 5 35 11 39 61 81 66 22 63 36 60 6 31 28 97 66 94 31 67 64 85 55 67 16 57 88 24 81 76 2 79 4 29 41 94 89 14 4 97
55 12 33 77 74 77 65 81 73 66 18 100 6 42 78 5 35 24 33 6 29 100 72 64 85 0 6 28 94 9 37 12 78 42 81 18 95 16 21 64 100 68 72 27 74 8 99 58 65 93 15 2 21 23 17 47 83 42 37 40 73 25 36 29 10 22 93 27 21 88 1 92 69 54 61 89 37 25 25 29 80 73 22 77 70 10 76 92 23 43 1 44 74 71 70 9 91 11 48 59 38 38 93 64 24 80 41 96 44 49 31 32 87 59 44 36 46 82 86 72 6 70 62 10 28 38 22 13 2 53 74 67 49 26 99 97 89 41 67 29 9 34 13 35 20 45 32 63 94 29 66 55 95 39 1 30 31 26 19
42 27 49 72 78 95 3 48 56 14 18 11 83 58 29 97 5 91 93 29 74 75 28 82 42 52 92 46 61 79 74 50 90 39 2 25 24 18 15 22 93 99 35 74 3 61 96 2 26 57 90 87 55 98 97 77 25 90 79 88 97 90 73 54 97 17 49 7 55 77 65 74 5 75 65 6 96 97 43 33 4 46 31 54 55 52 36 98 55 46 86 68 44 26 88 29 20 98 92 96 20 41 65 63 60 39 35 59 28 51 32 16 99 79 52 3 80 54 13 92 27 27 5 48 6 26 22 34 8 36 39 92 93 35 91 39 10 2 93 34 76 30 18 98 15 27 62 95 33 25 58 28 67 21 39 34 68 23 4
70 86 83 15 67 91 4 68 35 42 6 71 94 85 88 5 30 77 2 88 22 11 23 51 17 26 42 10 81 97 30 57 100 84 17 36 85 52 68 1 85 48 31 45 13 35 80 64 92 55 23 14 72 87 72 43 77 15 44 66 0 41 9 13 69 10 59 4 18 39 72 57 100 90 69 7 91 18 54 43 85 27 96 40 93 48 81 82 30 35 39 76 45 53 77 88 87 88 62 42 39 14 90 86 77 51 28 12 99 18 1 5 4 39 36 91 12 13 2 88 9 84 78 37 5 84 42 76 95 14 1 99 61 90 37 74 34 28 100 85 32 75 90 31 12 68 78 29 7 37 72 93 53 64 61 17 42 41 55
54 49 41 68 34 99 40 99 98 28 17 49 73 10 85 20 21 59 17 82 7 94 61 90 20 66 10 22 13 83 27 100 65 15 78 61 84 43 13 71 9 62 87 20 11 75 5 3 63 99 55 29 0 13 15 83 77 5 69 91 94 35 14 84 4 59 34 28 29 56 83 65 84 97 100 47 94 47 73 39 25 54 15 4 19 2 47 9 79 94 79 61 19 0 37 22 66 21 75 29 95 81 45 83 46 33 62 85 56 59 45 43 15 69 29 30 26 69 7 61 91 57 81 46 3 29 64 39 57 76 53 73 71 18 23 4 41 79 28 51 4 7 47 50 82 83 52 39 19 8 72 70 96 61 87 91 55 6 35
60 40 83 45 97 56 19 78 36 21 65 49 93 45 88 19 32 60 28 70 77 88 97 38 41 64 13 91 2 62 94 95 6 35 81 34 83 74 23 1 6 64 56 34 27 33 86 37 44 92 73 51 3 70 58 9 50 11 85 25 34 90 54 31 95 14 62 81 37 92 77 0 7 63 17 2 12 50 44 85 61 23 45 83 72 18 64 27 29 6 81 63 56 25 83 21 6 17 0 92 74 29 7 5 65 31 78 50 17 3 66 27 82 59 27 84 38 18 40 1 0 99 64 65 6 2 7 70 9 83 89 17 33 6 58 69 72 21 29 49 66 86 3 34 60 77 83 15 93 23 69 59 53 92 10 1 1 35 0
98 72 82 55 89 95 23 64 44 33 56 54 3 55 12 96 70 4 76 58 73 93 94 82 37 56 43 0 97 66 56 51 56 92 5 73 24 61 82 43 59 7 45 73 71 14 32 83 2 84 77 61 30 5 10 37 4 7 76 88 87 29 65 79 17 45 15 68 87 67 69 33 48 71 66 17 47 17 70 55 86 15 7 80 57 30 27 37 10 72 95 28 26 19 41 30 67 68 14 72 96 46 55 93 18 47 17 37 92 72 84 19 99 7 50 27 82 22 91 35 58 13 42 20 83 41 8 46 73 73 5 95 79 57 96 74 68 96 0 30 93 97 33 49 44 47 70 0 70 38 13 6 0 17 67 29 68 92 15
87 26 95 40 80 47 57 46 92 22 83 59 4 6 75 18 20 30 89 95 86 62 97 29 39 80 13 25 3 75 40 17 22 84 82 63 47 8 95 91 94 77 79 91 24 48 52 92 9 28 72 16 79 8 79 29 91 69 15 89 10 100 13 37 85 91 13 39 64 16 73 49 60 78 99 46 13 97 0 55 2 18 92 69 76 29 0 76 9 43 14 82 39 73 37 3 2 28 40 26 22 70 94 18 51 24 20 65 42 17 30 54 92 39 32 20 29 71 57 68 53 22 62 75 11 34 71 75 2 34 42 65 22 38 9 33 9 3 9 16 11 95 80 92 73 54 100 62 12 79 9 65 86 83 38 87 92 5 9
35 81 55 100 66 22 49 39 56 40 100 43 6 41 98 35 41 97 68 11 90 64 92 23 71 88 17 95 22 27 40 39 83 48 42 56 67 69 62 97 61 25 8 43 56 91 49 61 91 49 80 12 69 78 70 50 51 82 86 59 86 96 28 33 34 29 85 91 41 19 27 67 41 78 46 9 86 33 39 36 17 40 77 79 26 21 52 81 20 8 34 31 86 95 11 84 92 48 73 60 23 89 56 19 25 100 7 47 85 77 49 83 98 84 35 89 75 82 84 81 72 5 67 52 56 73 97 63 2 5 18 58 8 38 10 46 44 88 19 10 98 73 31 53 28 18 3 39 44 40 13 15 58 68 94 91 84 39 12
80 73 61 61 0 45 57 77 10 74 53 11 91 56 41 86 66 50 99 38 74 67 34 32 54 19 36 25 18 1 56 39 94 44 30 73 57 35 97 71 5 52 35 47 22 89 0 2 33 42 47 4 1 76 96 74 5 82 8 57 6 49 30 96 39 0 83 72 5 95 86 29 64 49 82 5 31 41 80 72 4 10 34 30 20 62 19 65 53 75 57 13 64 81 78 32 68 52 60 33 10 13 23 37 62 16 83 0 100 77 70 39 71 39 64 47 80 97 82 44 62 35 17 41 42 63 32 69 5 31 91 14 20 38 16 62 93 44 56 6 13 63 44 13 48 77 55 23 24 18 70 25 42 88 70 59 86 57 78
47 84 95 6 29 34 69 79 58 99 4 74 52 20 95 71 71 55 51 91 69 61 0 11 86 43 78 56 23 32 2 68 96 32 92 19 24 88 29 13 25 89 25 59 10 81 11 55 99 6 53 28 85 67 86 12 17 86 12 30 95 97 96 96 30 8 30 66 71 0 25 47 73 56 51 66 13 4 81 27 16 32 24 86 31 6 33 48 5 14 54 90 29 0 94 97 41 4 29 25 62 1 88 45 92 91 9 73 78 28 76 84 8 75 85 10 77 24 42 81 47 89 39 24 61 84 93 3 65 92 55 38 69 28 39 40 38 77 94 24 23 68 1 18 91 72 34 87 64 59 1 19 12 55 94 26 23 68 32
82 45 82 8 84 65 88 90 14 17 52 2 25 1 95 85 15 1 26 93 2 24 79 61 91 15 46 6 17 45 4 69 85 31 71 35 32 70 16 43 62 29 93 42 58 14 3 78 21 45 51 47 12 67 61 8 29 59 90 44 83 58 29 6 32 50 14 60 49 37 25 18 82 83 94 9 29 79 75 57 32 65 45 15 56 78 9 20 86 87 51 86 34 68 75 82 31 93 89 23 43 24 41 2 55 46 94 57 22 7 100 48 48 22 11 59 29 98 75 11 72 51 29 59 5 69 77 29 66 64 63 62 7 31 60 67 74 87 60 64 53 30 14 23 25 60 68 16 81 45 15 79 36 81 56 92 24 21 52
18 34 82 26 22 79 60 60 24 50 92 75 46 67 51 26 90 75 5 88 60 44 55 100 59 69 20 0 8 92 47 41 31 24 3 17 0 10 6 83 7 68 67 2 65 32 41 6 12 64 34 94 0 4 98 84 55 54 91 72 60 66 56 81 14 31 35 19 16 78 37 45 70 77 50 24 25 99 96 80 72 29 57 9 97 13 82 84 50 32 49 37 82 34 4 2 49 56 66 72 77 69 2 7 94 45 41 58 74 20 28 19 29 68 77 85 89 91 66 53 84 32 64 52 84 81 91 57 9 31 6 41 16 68 16 87 47 11 47 51 78 58 45 21 11 15 89 12 77 38 5 92 36 12 46 58 30 11 67
26 91 43 29 89 25 39 38 82 62 40 21 10 38 80 52 96 1 35 49 71 51 31 2 89 27 20 30 49 71 38 36 83 13 87 10 99 7 38 97 88 86 44 25 10 97 95 74 29 74 13 48 57 15 41 92 21 25 31 30 6 86 2 59 0 78 60 14 83 40 13 82 47 71 14 90 62 77 54 82 58 17 6 98 5 49 32 54 22 31 39 93 56 37 92 46 21 3 94 19 74 15 69 24 18 24 30 17 81 41 14 16 60 90 33 11 55 73 84 33 19 79 45 94 28 32 13 63 41 51 60 38 55 17 0 12 66 85 47 27 23 87 36 48 25 71 59 81 97 32 93 23 13 44 68 78 40 12 38
66 29 47 13 39 64 8 18 74 68 93 20 65 57 85 95 30 16 2 77 0 77 29 86 19 68 38 60 65 35 50 16 22 38 4 12 70 23 97 62 59 27 1 1 68 43 24 85 5 46 24 75 20 16 98 58 69 30 1 35 42 37 17 62 74 16 4 35 36 38 29 78 32 15 74 61 40 83 64 97 69 42 96 84 83 56 89 90 4 42 67 34 47 16 69 13 37 54 50 21 82 21 81 11 76 41 75 11 25 83 14 84 89 5 67 0 17 42 98 42 7 47 77 97 42 53 41 34 84 97 20 46 30 70 45 73 90 26 83 54 50 62 55 23 67 23 32 6 16 100 82 78 38 26 11 40 26 79 79
19 87 49 60 76 49 60 99 58 88 54 95 25 18 100 99 72 42 94 80 6 94 94 95 77 14 34 56 10 49 4 74 26 10 36 33 19 88 63 29 28 100 48 25 6 21 52 82 26 13 30 51 63 41 85 74 99 77 73 83 48 44 30 33 1 41 22 4 95 70 50 48 86 50 73 60 97 25 71 8 11 53 71 98 13 95 23 100 7 38 5 46 59 96 68 94 85 56 13 43 93 88 33 50 11 12 97 53 87 80 41 5 47 71 49 54 38 96 25 21 88 87 41 47 31 15 43 52 70 38 10 28 49 57 71 24 85 24 70 25 99 33 71 19 85 82 46 10 39 37 48 44 32 2 93 32 87 99 0
12 40 98 83 32 87 96 19 6 44 44 30 25 50 68 35 68 27 16 46 30 14 35 32 87 63 69 32 9 7 7 45 64 56 43 92 36 9 18 90 53 1 82 71 35 28 55 82 74 93 1 56 5 92 81 38 19 74 25 58 89 92 91 25 25 68 59 61 51 36 69 79 68 76 89 30 10 89 20 38 80 27 72 66 87 5 67 82 94 98 95 70 5 94 46 4 81 1 27 12 74 65 84 57 14 76 51 78 82 44 90 63 56 77 20 23 50 65 78 31 23 13 26 55 84 10 95 33 40 54 75 63 9 25 6 73 51 66 73 0 80 21 64 78 84 78 2 96 90 30 90 60 28 90 75 40 2 72 88
19 69 96 31 22 67 48 3 26 52 20 19 51 48 56 86 3 90 9 93 54 44 65 15 9 15 65 73 100 70 31 52 89 23 100 77 97 32 37 84 27 77 62 60 52 33 93 78 77 62 35 90 20 30 71 37 54 59 50 77 45 16 62 72 68 80 96 19 4 11 47 36 8 82 43 83 89 8 29 35 65 29 45 9 30 5 77 99 91 54 59 0 43 50 91 39 51 98 19 16 11 75 8 39 70 23 65 44 89 32 53 50 73 28 69 38 46 57 85 46 20 82 40 4 46 99 22 55 20 97 30 11 46 10 91 15 96 10 96 70 53 100 88 17 61 51 80 28 23 48 49 36 74 28 25 44 5 68 10
44 73 74 37 4 72 98 31 92 69 50 25 7 79 35 73 94 6 46 43 38 5 60 45 76 51 65 17 42 42 63 91 47 62 71 48 96 81 16 41 57 87 64 46 12 84 1 4 51 92 24 58 82 34 6 26 100 73 22 45 59 74 9 98 55 63 65 52 31 92 79 65 97 19 82 60 71 35 69 79 17 93 39 6 17 9 76 86 25 63 1 64 21 39 2 12 38 93 48 2 62 40 89 42 50 10 91 12 91 86 19 34 63 5 52 91 73 58 12 9 42 44 91 43 50 24 69 4 95 12 3 88 3 32 56 0 46 91 99 85 6 30 43 67 55 8 68 91 17 7 86 17 32 61 26 3 85 1 26
31 5 24 32 82 25 42 7 49 48 98 62 5 20 23 68 46 75 67 82 31 56 90 38 93 17 46 60 99 30 7 100 14 20 35 95 100 7 42 6 84 36 14 93 94 78 50 58 27 16 96 64 42 67 62 55 31 76 41 0 15 70 37 13 30 99 0 62 87 41 34 48 63 37 92 26 57 50 54 0 42 22 49 29 79 9 35 20 71 52 34 15 96 74 91 73 44 72 72 3 16 74 81 8 66 47 13 100 6 7 12 67 79 56 53 18 60 78 59 92 76 51 64 77 48 9 2 68 25 9 49 39 46 82 69 30 72 28 21 74 30 7 57 93 96 65 14 97 22 59 45 94 55 18 52 24 63 62 37
43 88 89 91 18 81 66 80 97 84 47 98 57 24 26 37 59 71 66 46 59 51 19 75 86 21 78 69 17 34 2 55 17 4 55 98 63 53 10 23 24 89 68 2 85 14 64 15 35 89 46 82 60 63 71 62 43 87 32 92 37 23 84 14 66 78 24 5 64 9 8 61 55 6 55 98 88 13 21 95 32 13 45 83 15 40 29 4 10 2 74 36 25 92 63 70 52 77 9 31 31 22 25 53 4 66 93 45 98 93 90 61 30 61 69 42 55 49 93 10 14 30 86 7 34 86 54 16 5 56 92 78 21 81 95 77 84 1 68 69 20 10 42 0 42 5 26 6 32 97 95 52 70 19 95 0 98 33 73
55 26 21 47 59 50 14 74 84 72 73 39 13 72 71 48 22 29 34 6 30 78 2 65 11 58 30 96 58 62 27 77 36 98 92 28 41 64 87 17 80 65 34 19 42 19 38 12 55 78 46 65 1 60 7 58 10 77 88 15 21 87 78 100 85 89 71 64 49 70 62 95 32 36 80 62 90 2 35 31 46 36 54 48 54 79 100 51 85 60 9 98 63 16 37 77 27 100 19 37 6 11 19 39 53 55 59 92 98 30 55 1 66 95 97 33 28 57 70 41 35 46 40 46 2 41 80 0 43 80 23 12 27 90 46 47 51 90 1 44 63 89 24 13 8 17 68 46 18 24 5 39 45 37 24 7 77 81 86
49 43 87 27 42 33 52 75 93 24 59 82 55 9 43 67 86 21 40 56 82 83 39 61 99 46 95 53 73 5 27 40 91 11 77 81 67 35 17 24 95 57 91 19 49 80 92 31 60 5 52 19 85 17 51 81 33 8 65 27 65 9 30 57 71 28 20 4 4 27 87 9 19 99 93 36 1 29 34 69 21 86 90 86 23 79 95 47 56 76 40 77 90 77 70 72 82 61 27 80 77 34 40 64 48 97 91 69 10 16 77 4 71 47 17 4 27 40 24 48 33 75 59 2 33 29 66 43 75 52 59 94 17 29 45 30 19 15 53 5 4 14 67 55 68 63 49 48 39 94 94 19 49 7 31 98 100 48 42
17 16 52 12 56 24 51 45 46 98 0 44 96 71 85 59 39 49 34 24 56 11 72 70 44 7 92 68 89 22 27 91 28 31 94 12 16 79 99 2 91 69 62 5 15 15 44 14 24 96 50 39 38 62 55 83 14 12 91 66 100 85 7 81 34 26 49 80 6 42 54 55 96 17 21 0 54 76 41 96 94 58 43 78 79 30 17 32 50 16 39 63 32 21 83 91 86 11 8 65 40 24 53 94 14 28 38 94 30 27 63 17 97 18 58 48 86 26 3 98 44 86 96 75 79 12 7 35 19 88 79 95 35 48 34 68 22 92 99 57 3 79 67 13 34 64 55 63 87 31 57 71 76 93 95 67 9 35 87
8 62 2 61 32 60 61 0 76 7 10 79 23 50 50 34 22 14 36 6 9 1 30 42 15 66 97 60 64 5 56 91 41 50 31 16 30 6 66 63 27 12 35 5 76 51 42 79 61 43 39 18 81 80 47 79 8 98 20 8 48 72 79 15 83 39 19 20 49 80 1 40 24 39 28 7 49 13 81 80 30 31 97 37 23 86 27 77 61 2 4 79 44 18 22 24 7 21 49 34 24 6 53 67 48 4 82 11 25 85 65 55 17 70 22 64 81 54 96 74 32 57 62 51 6 56 0 100 16 1 8 64 56 42 69 32 33 61 63 12 68 33 55 11 50 41 97 30 94 37 82 56 16 24 88 84 99 64 80
44 88 65 63 82 65 3 93 100 91 30 49 83 66 30 45 58 55 13 17 11 48 47 53 95 66 38 33 64 92 95 62 51 73 4 26 63 72 16 89 29 66 75 38 81 89 26 30 87 77 38 67 34 20 71 97 20 52 37 98 23 75 64 94 74 87 29 52 78 27 53 42 66 59 59 46 32 10 37 49 33 59 46 6 72 71 95 6 8 100 38 40 52 55 67 64 37 100 46 18 86 9 74 99 65 82 26 25 100 88 97 38 51 14 22 45 25 36 42 85 57 21 23 19 2 14 23 55 28 58 42 6 62 66 86 58 26 14 39 72 66 72 42 91 83 71 46 53 45 60 18 85 83 32 51 53 27 34 16
29 42 19 96 31 20 37 96 22 65 23 5 97 63 77 80 78 86 88 56 44 99 23 96 14 88 57 82 4 36 26 64 20 90 41 94 44 69 17 72 12 54 91 17 53 98 24 80 82 5 34 13 71 61 55 63 12 90 90 23 50 4 20 40 93 36 72 3 37 10 38 36 24 55 51 96 2 89 63 3 33 42 32 0 29 74 26 2 9 59 84 86 43 70 7 72 93 68 72 63 39 71 23 27 59 59 47 43 15 73 8 42 18 73 9 30 15 76 28 65 81 90 51 36 29 38 80 50 83 86 58 9 69 79 14 51 19 33 89 48 6 86 66 29 98 30 75 26 16 30 73 90 16 72 3 42 94 11 23
20 95 66 92 59 49 52 85 20 26 21 25 38 13 57 4 87 52 93 95 94 82 74 7 3 28 7 64 20 33 10 6 94 41 62 57 92 2 0 31 39 97 14 61 65 11 99 63 69 86 82 20 9 1 38 62 50 4 88 56 59 77 23 47 19 86 12 58 88 2 76 56 27 38 76 93 84 58 55 23 83 80 91 3 87 17 67 20 69 51 26 82 64 78 27 2 35 84 90 71 68 7 25 54 68 48 17 63 63 6 40 3 27 79 71 11 20 25 2 75 33 0 5 50 2 81 51 29 44 21 2 94 79 45 74 4 6 63 5 98 84 94 55 37 31 100 34 80 24 62 78 25 88 13 72 63 5 29 27
63 96 31 4 99 6 17 68 88 38 73 21 63 34 0 74 66 44 2 98 11 36 85 86 89 29 20 18 61 18 32 87 64 19 14 94 82 14 26 60 78 72 43 20 76 35 59 55 21 7 30 57 14 98 53 32 92 9 4 35 82 47 56 22 85 58 59 94 62 39 60 30 33 70 65 52 36 79 58 74 86 46 23 13 91 47 7 6 94 16 88 85 4 45 98 73 62 58 19 70 35 64 79 14 5 1 56 93 99 17 8 8 29 87 2 45 73 28 49 81 94 14 64 57 59 43 45 38 70 9 98 66 33 22 3 92 10 12 24 36 22 96 51 19 62 71 18 29 99 8 46 78 14 62 90 3 40 78 39
59 69 38 68 36 24 62 100 95 95 9 35 14 16 78 62 82 77 41 98 12 91 0 13 70 89 46 86 14 86 20 62 78 93 37 87 99 95 72 38 83 77 27 22 33 43 56 98 37 38 47 28 25 41 5 39 67 41 23 82 86 27 37 6 86 61 23 78 61 42 91 52 69 75 50 61 9 89 99 15 54 70 60 98 53 80 65 66 71 48 4 18 42 84 54 45 13 65 1 72 72 55 39 48 85 79 79 45 61 83 55 33 56 79 50 94 5 88 93 26 28 7 79 30 14 7 29 23 67 33 25 75 49 53 11 98 100 79 41 85 89 66 13 73 43 62 73 11 86 51 86 54 11 58 13 58 77 29 67
23 12 14 29 6 5 50 26 6 13 74 57 87 2 45 68 60 89 39 58 35 31 34 5 43 65 19 6 61 51 79 77 94 44 97 63 88 36 26 18 14 36 29 35 31 83 53 76 99 7 62 19 62 64 38 40 23 30 86 95 47 68 55 65 98 55 31 19 52 72 22 83 59 69 87 26 14 88 38 94 30 86 23 81 12 62 38 48 54 24 57 84 71 48 72 24 63 28 84 60 56 92 5 74 45 45 99 65 84 71 6 54 14 63 19 51 44 32 82 93 87 3 37 93 36 41 100 81 8 92 15 59 64 15 76 19 39 47 7 62 4 27 44 79 5 81 15 10 35 4 19 6 28 63 46 20 90 79 37
39 83 21 88 91 50 32 47 81 63 82 13 76 70 3 94 58 73 63 38 27 9 12 77 14 56 32 0 95 6 51 30 79 67 56 11 6 72 92 91 64 43 14 65 62 57 58 44 22 92 74 88 92 93 20 39 43 61 10 70 98 67 47 32 22 58 99 28 77 98 95 94 4 26 7 78 56 91 58 6 69 42 35 0 78 62 46 84 5 24 42 73 15 49 4 53 54 100 13 37 82 55 71 59 70 46 95 49 97 24 67 74 98 52 90 16 1 14 11 26 57 61 99 72 79 66 32 25 82 90 62 7 44 49 24 54 82 24 65 38 94 10 6 77 92 87 39 22 52 0 9 94 81 64 0 9 74 56 98
26 67 20 90 100 85 86 70 5 11 5 57 32 16 88 72 33 68 40 47 60 37 9 14 17 0 31 13 80 31 45 64 68 79 72 1 33 52 56 53 53 21 0 1 96 73 57 44 38 72 6 93 27 77 47 48 92 57 93 60 83 0 5 80 32 21 64 100 8 39 97 53 14 74 35 93 41 34 13 59 10 39 96 3 39 29 43 32 16 24 76 3 89 81 17 20 54 18 40 7 58 81 100 95 29 23 15 31 82 66 40 26 55 19 62 41 16 80 22 6 65 19 15 78 47 12 56 57 45 71 9 72 1 83 88 89 51 56 78 56 52 19 12 23 20 17 91 33 62 16 97 25 20 14 47 18 60 75 40
42 6 84 65 39 90 67 97 95 16 78 72 64 61 38 79 51 74 32 23 75 95 52 21 66 80 49 60 64 0 11 22 51 65 77 68 8 23 60 26 24 43 65 96 15 8 35 48 68 4 6 25 82 78 69 20 29 76 46 99 72 41 91 99 69 68 36 58 67 54 20 49 39 33 86 47 75 67 84 55 68 2 64 31 64 100 93 51 28 94 96 64 29 92 32 49 51 37 95 9 99 89 91 57 56 76 47 77 18 42 79 72 24 94 51 37 100 33 28 58 45 80 3 12 100 28 96 80 98 60 15 12 11 87 62 59 19 13 72 94 30 4 77 78 68 49 21 54 88 28 37 9 98 86 19 91 48 11 98
