45 15 58 71 75 76 23 78 81 49 11 3 44 49 45
23 24 26 72 3 67 19 52 30 57 86 100 41 42 6
78 73 33 88 62 6 76 79 46 28 47 29 55 79 78
26 57 44 94 50 20 2 78 44 21 5 1 25 42 1
34 74 4 66 77 8 12 28 16 74 31 80 22 49 71
64 57 68 90 25 53 74 9 36 19 89 61 28 100 60
15 78 82 76 38 0 73 64 33 55 57 71 47 88 51
93 58 96 75 81 71 30 4 11 18 56 89 88 12 92
36 39 12 92 28 62 79 71 79 59 33 81 8 99 50
18 80 55 12 57 31 61 31 99 93 4 58 79 83 42
1 23 13 71 6 97 67 23 38 58 38 89 100 19 74
28 42 86 39 56 18 33 94 21 82 10 88 38 91 18
12 71 23 14 26 62 9 70 8 36 95 87 3 36 98
86 45 71 75 28 53 13 64 15 2 80 23 35 45 71
24 39 73 28 47 90 70 77 40 21 19 24 69 20 70
