3 73 43 64 8 83 41 38 88 14 48 41 48 55 47 14 28 34 77 51 45 40 16 52 14 66 82 39 78 78 27 64 17 93 7 97 43 84 49 19 69 8 16 53 82 17 21 87 67 64 72 21 62 95 19 90 14 26 61 32 98 4 1 93 9 67 53 30 3 31 67 71 15 5 95 43 42 65 88 54 58 51 86 100 95 78 14 92 21 16 47 9 39 69 45 38 20 83 82 86 16 77 82 8 74 76 31 41 70 79 87 49 11 60 88 1 0 27 79 41 49 46 100 98 28 34 98 81 68 63 61 70 94 37 98 99 48 64 66 9 24 42 64 28 78 89 90 58 100 87 81 0 26 54 79 77 25 53 90 45 66
63 77 55 4 80 77 44 15 89 61 4 31 91 66 89 25 51 51 91 73 93 4 5 47 85 88 54 93 96 12 90 38 42 18 40 5 99 97 43 38 98 61 71 69 23 55 14 20 38 92 0 25 77 59 23 35 88 85 28 32 34 29 21 11 47 97 85 90 27 15 73 12 46 61 47 99 31 98 9 87 4 40 64 80 98 62 13 18 58 77 84 60 43 98 13 92 93 86 92 22 55 46 35 23 89 22 27 65 73 69 73 66 73 22 10 20 76 17 71 20 70 46 67 21 25 52 51 44 98 97 89 20 89 99 47 60 38 94 63 14 12 19 41 95 91 80 4 27 1 50 81 66 99 3 2 53 58 42 62 98 90
58 73 42 35 71 43 28 50 94 70 24 7 61 91 7 79 74 38 63 78 18 10 62 47 25 26 38 43 35 3 11 32 5 31 11 76 98 23 60 65 87 90 5 4 73 15 13 39 72 75 33 5 29 20 5 88 94 72 15 91 33 65 32 24 97 3 61 45 69 45 49 86 86 7 75 13 95 76 82 35 74 14 89 76 47 59 64 73 50 84 86 51 65 91 77 36 80 69 71 96 40 72 74 98 35 40 48 67 92 4 42 31 76 81 35 26 85 71 57 97 54 18 11 67 12 29 87 30 10 31 31 42 45 12 75 36 34 64 81 41 2 55 32 39 31 71 96 83 62 59 32 90 91 65 66 75 9 3 45 45 47
61 90 85 33 0 18 29 0 52 1 25 65 86 55 54 92 59 66 84 66 89 97 50 34 64 68 58 64 83 29 59 35 70 67 93 23 11 47 44 26 65 62 1 8 24 81 91 68 63 8 80 6 87 42 52 95 83 17 2 26 50 10 85 26 21 7 88 69 11 70 38 25 20 64 96 95 78 6 16 61 6 9 29 13 17 30 65 33 99 53 6 16 54 77 37 87 77 28 67 39 96 47 60 99 32 25 11 66 1 35 1 89 97 97 9 67 48 88 34 65 8 57 24 9 42 65 62 42 60 62 26 44 43 27 93 88 67 92 14 53 83 11 57 1 83 20 22 48 92 87 44 18 35 20 36 81 66 24 36 87 16
88 14 50 42 4 95 42 19 73 56 15 92 93 75 80 74 9 83 12 90 92 34 12 3 88 39 64 9 70 31 93 11 4 40 9 70 7 39 97 94 30 14 33 34 82 79 38 56 24 8 2 20 91 8 98 6 62 39 55 91 34 62 44 44 99 2 25 54 30 98 95 14 33 96 63 53 27 83 38 51 81 57 7 31 0 50 88 18 99 57 53 52 73 20 42 86 54 43 56 95 34 52 40 73 75 57 100 98 82 90 67 39 100 47 21 90 86 76 72 96 31 69 65 83 69 31 23 19 77 6 15 71 91 4 90 66 1 0 42 30 73 85 78 93 68 12 15 91 0 81 50 69 40 30 55 45 31 72 50 86 54
99 47 91 85 81 69 48 8 24 85 81 53 46 61 75 5 11 24 4 92 71 27 13 22 63 47 13 52 94 72 98 73 83 43 25 6 55 49 63 49 56 9 99 18 64 71 70 65 36 91 66 78 93 22 21 69 1 33 78 97 24 55 55 9 18 99 86 86 33 58 88 22 74 76 35 44 88 68 12 61 63 77 98 39 76 56 37 67 37 84 99 82 8 96 88 19 17 21 66 18 38 2 29 3 78 43 52 54 99 52 81 54 33 74 97 100 81 80 34 81 93 60 3 52 4 22 0 80 49 42 13 19 82 28 51 25 73 52 82 0 16 3 54 35 40 87 95 11 21 81 39 16 64 80 75 29 2 17 62 90 32
59 26 10 42 48 16 77 54 82 14 19 42 48 29 43 44 40 6 45 20 60 16 67 47 52 62 46 42 47 18 13 100 43 11 8 54 76 79 38 53 8 97 57 37 36 49 82 78 86 16 33 17 72 35 14 90 56 96 2 75 19 47 78 76 22 0 46 61 28 62 87 86 36 23 8 49 92 34 58 57 56 62 82 9 82 2 85 98 69 55 25 31 70 24 5 0 46 31 31 11 79 48 13 70 41 1 62 76 52 40 81 54 86 38 40 71 100 22 59 91 73 15 38 29 51 84 36 22 11 90 50 39 8 95 23 15 80 49 9 39 2 3 43 96 97 93 41 96 7 51 77 80 22 85 41 62 19 29 48 87 49
69 64 74 30 18 87 66 77 92 11 78 94 32 9 65 33 70 89 46 77 70 35 64 13 94 28 59 94 0 66 67 89 66 27 34 85 23 51 74 77 63 18 64 36 23 32 81 8 61 34 22 44 24 84 52 81 91 64 79 35 26 9 15 35 60 67 91 48 89 80 25 97 68 2 100 36 68 69 18 55 38 36 28 66 63 44 64 39 5 23 34 48 23 78 72 78 18 83 61 76 51 87 61 33 5 60 89 3 26 77 81 10 38 40 43 15 91 9 91 25 98 16 32 0 91 86 100 89 27 19 13 26 16 13 12 57 100 33 60 19 79 47 69 50 23 2 47 2 93 61 64 98 90 47 32 97 38 90 55 27 21
95 0 99 18 54 88 53 62 3 33 64 35 61 10 62 75 6 75 74 7 96 97 83 77 74 1 41 81 84 21 54 10 8 46 33 40 68 73 49 94 24 18 99 95 58 52 85 10 11 58 47 40 34 34 77 26 96 73 13 59 16 83 74 18 46 89 80 61 99 71 9 12 72 36 31 82 52 89 53 56 35 39 60 25 76 36 5 76 52 98 78 28 78 61 87 59 55 64 36 42 86 86 71 74 84 5 22 57 3 69 78 77 54 34 52 15 86 89 64 23 89 85 85 84 62 86 31 1 1 47 60 37 34 81 75 54 96 24 71 75 93 15 100 74 35 15 32 68 17 8 89 66 13 33 95 77 5 3 57 7 58
6 65 30 84 51 19 80 57 76 65 1 59 53 71 92 98 17 57 53 48 99 88 69 2 85 4 86 60 80 61 49 32 68 43 41 48 9 79 86 33 96 27 71 42 54 13 45 14 8 44 99 70 40 13 61 100 30 47 37 56 34 68 6 24 59 36 61 78 30 70 97 5 83 15 50 80 33 23 80 89 76 78 6 89 39 97 42 73 36 12 38 9 3 25 18 9 27 96 64 75 9 90 6 20 74 21 36 94 26 8 35 41 23 96 90 60 26 38 52 87 25 41 41 75 24 21 27 15 66 62 84 37 66 36 80 52 33 50 68 30 50 77 42 16 24 57 48 33 57 58 34 56 69 88 87 3 31 29 55 31 83
33 59 65 5 2 8 54 4 56 52 21 13 59 99 27 6 56 59 29 35 22 54 74 74 39 69 99 22 90 26 12 23 16 22 15 64 84 41 32 3 8 63 99 44 61 97 92 1 84 43 67 67 47 55 45 68 5 17 3 75 28 78 99 44 94 93 39 68 78 5 65 44 25 48 50 72 39 47 71 15 10 80 2 48 59 2 41 36 86 97 73 28 48 14 85 81 75 15 4 31 76 65 72 39 16 83 82 12 37 27 58 9 24 57 22 25 23 25 70 6 28 3 1 88 85 5 87 15 75 33 79 63 63 0 29 55 85 27 62 98 61 91 78 88 78 97 41 75 12 66 81 67 41 18 65 5 21 100 23 98 11
99 66 58 64 18 35 62 92 90 37 40 60 14 31 70 38 67 58 92 58 21 19 62 28 20 20 88 65 16 72 64 21 53 63 78 51 100 51 58 71 77 21 71 45 58 64 60 58 34 85 51 68 55 100 52 4 84 72 94 14 56 7 63 43 19 52 1 61 41 87 80 75 0 25 26 33 25 81 56 71 50 12 51 81 14 62 46 9 17 83 56 75 3 56 78 3 60 22 57 4 87 77 65 42 78 55 14 50 100 19 8 79 61 20 43 100 27 45 4 60 47 78 55 23 66 58 63 24 37 38 28 68 28 25 76 83 72 64 76 91 80 11 71 28 81 42 99 75 74 55 31 73 4 48 74 70 50 40 59 83 17
3 50 87 51 27 9 99 3 0 49 56 48 93 62 62 9 41 11 21 49 77 31 81 84 4 7 21 33 22 3 31 3 43 89 29 98 12 68 50 11 40 87 76 91 90 98 1 76 18 79 51 48 90 9 24 98 57 14 68 45 22 50 72 90 55 75 55 41 84 85 13 68 67 100 23 83 100 56 90 36 2 59 7 17 62 58 57 40 62 10 3 1 79 89 60 51 42 68 76 26 44 53 15 52 25 88 66 38 37 16 44 78 86 99 31 99 4 55 7 84 30 17 73 61 93 33 100 89 68 88 50 1 98 59 92 39 72 81 84 60 14 59 12 55 34 47 64 4 54 50 38 99 59 10 7 72 12 23 35 2 7
27 95 98 60 21 40 49 82 83 58 1 98 94 35 2 36 35 90 99 83 91 90 35 17 76 26 61 67 74 98 72 16 33 33 22 74 12 83 15 26 4 51 93 71 60 95 10 9 0 11 44 17 71 12 85 94 6 64 67 66 45 94 33 4 73 5 22 31 88 74 22 22 74 14 44 32 59 16 14 82 55 75 12 11 40 67 64 22 15 48 0 49 31 74 15 0 54 48 53 99 72 12 77 8 25 90 71 55 94 29 48 92 5 30 24 8 53 13 52 61 42 94 15 91 83 11 51 18 26 70 71 8 16 82 19 77 17 42 3 77 100 35 24 18 4 78 21 38 61 7 4 75 3 38 20 5 40 23 27 98 92
76 87 62 6 74 22 70 90 53 29 22 11 31 86 71 88 68 9 46 9 80 31 74 91 74 51 7 26 36 32 49 10 23 8 81 24 18 67 43 39 62 34 26 94 69 77 29 27 33 99 86 86 23 70 86 95 3 24 94 49 36 15 40 94 12 54 100 70 67 88 97 47 82 80 41 70 37 5 23 2 97 20 65 64 73 89 74 1 86 78 71 3 58 63 32 74 45 26 12 98 40 18 70 21 57 34 77 69 12 88 55 98 96 79 97 21 78 75 73 63 28 37 78 76 39 6 40 32 29 54 55 33 27 8 27 24 81 26 12 84 87 10 30 10 99 98 52 74 69 87 92 41 1 79 80 92 85 41 8 100 61
84 9 49 48 53 0 69 42 44 57 41 14 47 15 24 73 53 74 16 11 82 55 35 93 67 99 74 76 22 45 65 62 14 95 53 96 84 20 62 45 44 60 30 46 34 16 88 39 78 75 49 81 58 16 26 24 45 79 59 0 8 0 26 30 26 12 16 35 40 60 96 19 76 64 14 95 64 7 16 81 64 36 54 55 34 70 77 81 66 36 53 99 55 37 59 50 62 48 18 43 88 65 23 86 85 76 57 65 57 66 3 91 9 41 0 40 95 93 3 25 16 93 86 13 20 66 27 0 56 40 96 10 88 62 5 63 88 33 10 96 22 93 65 19 78 94 27 99 99 74 31 99 63 56 23 65 11 21 28 72 31
43 89 92 47 52 36 8 21 61 59 75 81 92 2 45 7 30 86 71 85 14 86 45 54 11 56 45 95 52 22 17 26 74 13 38 26 46 57 5 35 84 57 85 36 25 41 86 88 39 59 93 69 99 25 6 11 98 39 24 29 68 41 53 49 16 82 91 73 52 91 71 89 49 73 29 35 5 48 89 47 67 16 80 82 53 64 27 7 96 30 31 16 83 24 19 88 10 18 71 6 37 42 37 42 18 56 39 80 58 2 1 22 13 49 53 87 56 59 42 4 61 41 0 13 37 42 10 91 6 12 72 32 17 72 83 93 26 38 48 20 49 59 78 3 64 86 45 12 56 79 100 86 44 27 32 29 99 45 3 91 89
19 21 100 87 43 44 90 21 37 23 71 37 85 13 29 13 25 52 100 74 10 0 4 41 84 39 69 34 13 7 96 43 60 74 73 18 99 8 26 19 80 36 49 97 62 21 43 21 71 92 70 79 15 69 96 98 24 22 39 88 81 16 82 40 4 40 42 41 94 57 15 3 55 47 56 74 65 58 86 43 1 83 23 31 94 41 82 5 9 82 6 75 15 22 33 51 46 11 90 71 11 96 3 13 88 89 39 86 11 85 95 12 78 11 15 19 25 24 17 47 66 16 26 38 48 96 90 78 90 18 81 53 44 27 50 73 62 54 80 80 71 19 69 13 27 8 4 95 41 85 60 36 4 90 34 63 6 71 70 10 13
61 35 73 94 21 77 96 84 57 12 72 45 19 71 63 32 25 66 1 15 60 83 69 11 84 39 30 54 53 38 16 19 5 17 99 39 68 58 19 73 58 85 1 8 24 1 33 40 46 20 73 25 22 51 25 16 86 10 60 38 24 76 13 2 56 53 39 20 22 100 59 39 88 88 32 48 63 58 80 77 86 78 25 49 88 32 76 29 21 28 69 52 77 55 18 74 67 2 41 80 42 52 3 10 92 78 89 88 52 77 44 54 3 90 35 30 59 62 17 86 26 1 12 6 86 19 47 76 9 16 33 98 37 11 65 23 77 14 97 62 65 48 3 34 31 59 15 33 83 59 48 68 83 28 79 54 27 42 91 24 96
27 86 56 91 38 59 56 6 44 48 84 28 71 82 30 84 85 54 75 43 41 89 86 77 100 43 50 32 15 61 42 40 83 75 48 88 7 80 24 57 57 60 73 5 61 66 99 55 15 1 31 55 63 56 67 2 38 85 81 96 5 96 82 22 81 72 13 73 62 8 31 51 34 72 37 89 35 97 99 15 85 8 94 42 51 36 50 18 84 38 7 28 42 57 52 54 1 67 8 73 0 58 3 55 40 28 39 35 8 53 59 84 35 68 72 92 8 90 89 99 74 89 74 40 26 61 48 12 37 44 55 33 57 40 96 72 71 83 65 98 45 23 61 83 91 45 0 82 40 72 19 26 15 82 40 39 68 38 45 55 14
17 35 78 8 84 16 12 65 99 19 37 0 7 73 14 98 22 93 6 0 93 43 40 100 16 56 92 35 0 28 85 26 40 26 82 5 78 68 74 9 22 91 43 72 3 99 90 49 25 77 61 18 28 43 42 65 18 30 88 16 81 60 60 52 38 38 70 0 11 78 95 90 71 28 5 15 56 8 13 17 30 73 87 9 33 59 99 74 19 26 17 92 45 65 37 97 44 6 32 65 93 16 9 80 92 19 32 83 4 95 89 74 96 15 67 30 36 64 43 83 2 6 7 74 18 46 81 90 20 84 55 79 25 37 84 63 85 92 17 77 96 10 57 9 89 58 68 86 28 3 95 87 32 89 94 71 95 5 71 22 38
38 66 92 22 21 43 32 28 97 47 61 90 3 90 88 49 85 74 60 86 22 96 65 25 2 15 72 62 53 15 78 31 39 72 24 1 1 61 28 80 69 36 75 31 61 26 81 99 47 38 42 90 24 12 54 8 95 24 26 65 35 31 48 8 56 9 49 49 99 40 73 73 7 21 6 54 26 38 35 40 21 77 77 9 2 14 35 98 70 47 34 31 14 4 62 97 95 68 67 26 46 0 80 24 3 78 74 58 37 33 6 98 79 26 88 13 23 4 25 93 92 37 13 14 45 20 88 35 88 77 26 14 91 29 73 36 75 37 32 43 38 39 91 95 48 83 56 64 75 10 93 7 79 63 96 9 91 51 88 78 3
37 77 47 21 62 79 29 2 52 71 13 48 80 44 72 84 99 11 48 22 50 81 88 70 80 15 48 53 15 54 6 52 43 55 0 80 27 97 54 9 7 89 75 27 32 5 8 27 89 42 54 92 7 37 38 66 2 18 41 76 97 11 35 40 47 81 36 78 51 57 88 56 39 59 26 77 59 30 60 97 95 66 31 48 4 16 89 28 83 6 12 7 27 82 12 38 78 46 95 53 83 77 36 32 4 66 32 22 69 3 70 73 98 99 81 76 27 78 29 30 26 4 18 38 54 94 4 12 35 51 64 55 5 55 94 35 46 41 32 52 3 59 19 46 64 67 86 99 77 96 32 37 8 62 22 3 16 10 19 9 44
47 43 4 32 3 82 54 79 99 96 22 24 34 80 87 51 61 47 42 88 1 47 56 88 75 3 93 96 97 77 91 32 25 37 78 20 35 51 81 44 68 79 70 23 23 66 100 35 14 87 44 93 14 23 34 33 24 57 79 55 57 33 50 72 65 83 78 68 47 80 96 80 26 19 30 69 39 52 75 65 19 9 35 60 42 75 75 20 6 31 27 79 42 98 87 28 52 41 95 69 64 53 16 74 5 55 91 51 38 52 90 98 10 65 6 42 65 2 12 96 65 91 16 28 73 89 75 74 14 23 67 15 34 33 31 82 86 4 87 99 35 88 30 66 69 76 82 2 32 8 27 15 45 23 39 72 81 28 16 81 9
36 10 62 72 48 91 68 28 24 41 75 92 21 27 6 46 20 11 62 73 1 23 2 67 48 87 50 79 26 22 18 78 32 10 45 67 23 13 28 11 58 51 3 58 20 24 63 15 0 94 98 7 8 94 81 46 51 27 7 17 59 98 32 61 5 41 56 48 13 25 75 5 22 79 99 16 65 13 97 49 2 49 89 73 83 41 73 66 55 25 98 65 83 61 63 51 2 54 99 87 67 46 60 11 32 33 78 51 41 0 22 59 45 64 52 42 27 71 89 38 69 0 80 9 3 81 29 8 47 17 9 93 35 64 29 53 54 21 86 41 87 79 46 65 24 12 14 83 30 69 32 19 98 22 23 82 2 81 87 77 62
52 54 79 93 36 69 40 56 79 55 0 63 50 42 65 50 0 14 46 17 88 53 51 21 19 78 10 29 75 92 84 75 95 10 4 55 73 3 91 39 24 97 43 98 56 61 4 10 82 98 91 72 99 46 18 99 10 13 1 36 81 29 74 21 67 92 58 22 1 14 13 68 50 77 78 3 16 66 24 25 75 87 68 50 70 88 39 79 95 6 39 41 83 71 68 89 50 84 61 21 75 9 99 40 53 56 99 57 98 53 41 4 47 37 21 48 66 85 56 46 97 52 6 82 87 74 15 27 65 95 40 61 70 85 99 36 6 28 44 48 71 56 9 77 19 4 100 65 0 3 98 32 3 54 81 22 58 9 49 52 15
83 79 2 34 88 65 32 63 56 92 70 29 37 94 76 93 39 61 64 21 31 91 0 5 16 17 73 25 39 59 43 97 14 75 27 79 26 6 31 2 17 12 68 51 4 98 89 73 61 52 20 49 89 96 10 16 18 99 29 91 32 21 83 32 88 23 52 25 43 57 47 9 73 32 61 14 37 75 61 6 94 78 19 80 41 83 73 3 14 83 97 63 69 34 26 8 18 96 38 31 19 64 7 68 24 70 35 16 12 46 16 30 23 53 27 4 85 27 62 50 99 49 26 16 46 19 58 89 48 22 76 10 12 61 56 42 37 11 90 87 90 42 87 74 17 2 91 41 13 59 32 91 79 90 31 67 43 30 85 66 15
45 96 26 31 50 56 4 18 46 43 97 48 53 64 28 18 45 77 65 47 82 19 30 22 50 69 6 58 33 89 99 57 24 66 59 13 47 69 69 15 56 69 14 34 62 81 97 13 74 67 81 27 68 41 8 76 44 18 23 81 4 98 38 8 33 76 39 29 55 59 47 16 66 25 19 38 99 34 2 30 60 85 15 19 87 25 25 5 29 4 4 49 13 14 16 25 90 76 5 15 8 86 41 32 2 2 22 35 47 6 57 5 19 42 72 22 78 67 47 52 75 61 39 50 92 7 31 93 22 8 11 50 38 61 34 74 69 88 30 94 36 95 21 83 41 16 42 67 42 80 95 51 96 62 13 42 38 88 54 55 95
77 11 59 31 24 21 65 39 79 61 41 25 41 71 49 16 32 47 50 4 67 71 2 9 92 39 63 48 51 43 42 36 52 57 21 80 30 81 13 22 92 72 51 15 97 74 4 87 83 26 11 5 24 30 25 45 66 76 38 42 62 13 75 5 73 77 12 97 88 8 26 5 27 31 0 35 52 37 57 35 48 83 82 62 24 8 2 7 57 53 47 33 81 5 16 73 23 69 78 93 15 2 16 19 6 43 13 33 0 50 79 16 69 51 55 75 27 72 66 95 28 25 39 71 31 42 68 14 53 70 62 18 42 38 68 18 90 20 24 46 27 84 54 54 74 31 31 62 24 49 48 99 26 99 70 79 22 44 93 81 39
52 91 48 90 41 18 6 11 56 74 88 0 43 48 22 81 41 15 2 45 28 88 73 15 92 78 44 12 47 9 59 93 65 15 50 22 88 11 26 85 38 62 30 26 65 30 31 42 89 22 53 31 51 46 88 85 96 2 19 43 58 99 95 80 7 88 25 30 75 70 29 71 29 70 70 33 39 67 7 66 56 78 55 80 17 45 79 55 95 57 50 71 65 43 20 29 27 61 11 47 91 78 78 33 30 0 31 30 8 97 5 45 96 14 92 68 25 28 18 13 67 46 20 37 8 40 37 22 14 10 73 43 85 55 66 53 28 79 82 83 23 76 41 73 50 63 76 5 41 63 22 57 24 51 92 36 40 40 88 15 35
17 70 54 36 52 6 1 50 78 66 18 97 75 44 92 38 71 61 71 16 66 3 2 33 99 35 3 52 18 13 51 95 42 68 13 5 5 18 65 57 44 7 97 35 85 13 53 11 7 85 56 89 89 76 67 86 65 51 78 8 0 17 15 51 45 48 65 39 7 96 82 19 20 36 57 29 29 46 98 84 83 77 35 48 10 38 16 88 8 63 81 26 65 59 12 66 88 16 50 70 31 71 89 13 29 32 17 7 6 66 87 81 27 33 36 6 36 45 29 36 38 64 79 81 7 98 3 63 88 90 55 98 9 76 93 60 0 20 82 10 18 95 58 19 24 30 69 28 89 94 54 0 79 32 37 81 22 18 20 21 85
38 51 23 91 4 37 32 77 40 4 16 87 71 13 6 78 50 25 100 79 96 32 77 11 76 83 17 88 80 20 29 4 66 96 95 87 88 73 93 41 18 80 87 70 47 60 69 94 55 15 53 81 58 65 2 55 41 16 12 97 40 53 48 75 56 90 36 8 46 20 7 15 92 64 7 51 2 0 9 96 73 37 76 47 4 65 25 53 70 67 41 97 50 23 75 11 5 70 55 93 6 11 56 68 10 33 56 32 82 89 84 67 93 90 60 36 52 49 68 95 27 9 66 13 86 84 33 3 79 41 74 15 91 53 2 12 74 68 82 12 6 56 20 68 100 49 10 84 6 69 83 44 71 19 56 92 5 19 90 76 52
54 90 63 59 81 57 19 78 64 35 93 87 95 31 19 39 91 40 53 18 73 50 7 60 11 49 20 4 77 94 58 39 55 92 20 44 65 15 59 67 58 41 80 13 40 5 54 94 83 47 16 9 0 62 65 6 49 1 39 95 66 82 47 59 91 34 77 0 51 12 74 19 85 10 86 30 6 61 33 34 0 65 70 5 87 87 99 87 11 13 50 73 29 89 83 82 95 83 66 28 23 71 0 60 23 49 60 73 70 59 11 64 51 17 4 78 80 20 66 41 20 0 90 78 32 60 84 18 34 98 89 77 32 98 68 79 65 38 96 61 82 17 17 77 38 99 2 32 76 15 1 10 85 90 81 20 96 89 58 52 11
48 39 86 66 20 13 10 61 10 2 94 37 67 63 34 98 5 6 77 100 4 13 39 88 77 19 89 39 14 27 17 99 92 75 98 47 51 27 76 2 18 98 74 69 57 66 87 90 29 85 5 47 34 42 19 46 5 78 45 23 23 60 21 53 42 37 13 9 26 67 51 98 59 30 90 50 91 78 1 75 90 42 26 4 12 63 17 80 59 20 66 18 33 55 42 81 70 91 9 80 48 52 99 96 11 40 60 94 12 38 9 48 26 95 63 14 26 96 26 10 4 70 76 22 54 26 76 58 96 15 43 64 7 57 16 47 93 12 40 54 72 91 88 47 45 6 24 47 50 12 48 100 3 35 94 25 7 30 82 24 50
39 65 59 41 25 91 76 85 56 25 63 56 90 81 52 29 64 84 35 51 54 47 5 87 96 47 8 79 75 84 16 62 45 29 41 77 86 65 14 90 65 50 3 93 20 14 8 55 80 28 63 1 76 68 21 2 71 35 39 44 42 67 17 22 34 62 47 66 1 89 17 21 67 77 34 73 71 59 79 20 53 86 30 41 90 1 8 25 7 12 52 69 53 63 50 56 61 57 57 67 7 24 32 64 48 13 69 49 33 12 24 29 50 72 5 22 5 57 47 80 71 2 50 37 2 66 16 22 70 59 62 15 39 91 84 77 54 23 32 39 65 18 25 80 70 40 6 43 23 55 51 27 34 53 36 0 85 75 11 53 18
61 31 66 85 9 30 84 69 96 4 9 83 68 38 9 46 9 25 37 83 73 74 88 36 56 15 91 77 32 58 81 24 41 87 47 55 27 53 96 87 12 96 69 48 64 32 32 75 84 90 47 30 87 22 66 15 46 28 6 20 99 67 46 42 89 45 95 96 53 8 96 2 33 86 20 94 26 87 1 20 74 48 55 22 90 56 85 87 38 77 39 93 29 94 7 85 46 19 6 60 92 99 48 6 96 65 16 19 20 8 49 66 47 48 30 16 35 74 19 6 8 20 26 8 62 92 76 33 30 21 27 21 97 18 26 37 93 20 20 11 10 36 50 100 41 28 10 12 97 100 14 42 12 36 41 43 100 78 17 12 59
63 87 39 9 34 27 43 1 34 50 36 30 20 65 94 6 3 34 35 68 98 62 94 89 87 73 64 7 80 27 36 14 61 36 75 96 46 52 24 56 77 55 10 37 73 14 48 32 40 0 78 24 32 2 87 16 40 40 36 38 68 21 31 30 45 91 80 52 71 57 14 46 70 65 84 12 74 60 94 80 64 1 6 27 16 33 12 4 92 56 12 11 5 83 0 64 11 53 10 1 8 65 66 29 4 26 62 30 89 56 55 53 79 0 49 35 26 11 23 70 82 33 86 73 67 91 40 46 42 45 24 77 20 79 13 82 37 46 94 24 60 71 0 48 22 17 20 19 36 73 72 78 1 12 100 68 41 96 39 2 78
42 4 75 99 3 65 71 24 59 31 73 27 67 38 23 6 32 77 74 76 92 65 99 32 88 42 58 17 93 25 39 44 22 14 100 87 63 95 97 43 17 71 42 98 26 46 44 81 88 57 78 96 32 6 87 77 31 63 78 6 65 82 68 39 70 86 18 60 1 63 88 15 0 53 55 38 73 51 2 66 4 2 13 77 35 28 88 66 57 57 85 33 89 20 62 8 93 96 56 36 50 3 11 40 53 83 53 52 43 15 32 98 97 12 41 88 70 22 61 93 21 27 75 2 18 55 9 75 59 74 45 17 10 13 96 67 67 17 20 92 28 40 51 95 73 22 34 13 74 84 11 100 40 18 74 75 36 51 97 74 69
59 86 18 85 59 65 36 4 35 11 51 26 75 43 97 93 84 66 79 81 16 20 45 11 100 30 56 65 55 68 94 61 88 9 90 68 19 19 25 100 92 89 46 77 10 75 62 38 55 26 58 50 86 7 16 83 1 73 13 82 6 19 15 76 33 45 98 80 69 68 36 90 23 52 2 87 98 5 49 88 57 13 43 86 61 32 93 74 67 56 50 34 88 48 25 21 34 24 27 52 90 79 30 8 7 80 87 70 15 6 7 64 42 64 40 38 5 36 8 33 21 50 31 48 21 87 13 71 79 75 58 8 0 90 56 75 34 59 13 0 51 41 70 79 59 84 70 35 26 2 26 88 28 87 26 1 90 23 56 67 14
4 69 54 16 9 60 66 81 18 21 52 21 3 78 80 92 60 27 72 81 15 9 28 35 75 73 17 13 47 64 48 21 65 50 21 39 2 80 11 24 29 76 80 3 55 29 71 20 54 53 28 13 31 68 49 1 11 74 55 20 45 39 99 96 36 16 32 91 2 76 74 74 58 81 52 13 37 44 61 93 83 59 57 46 51 7 16 55 9 78 39 2 14 73 0 87 74 78 70 11 73 47 37 99 34 8 33 46 2 59 69 81 53 73 47 13 17 13 89 33 43 12 53 85 35 94 99 53 55 13 79 91 98 39 68 97 53 77 85 11 75 49 43 80 98 76 93 11 94 99 22 9 52 47 69 51 60 14 58 64 19
3 75 54 42 82 43 83 21 10 36 61 40 23 78 56 90 84 96 69 24 77 49 30 11 46 48 81 80 89 88 45 55 94 72 31 62 56 21 67 77 50 40 59 9 25 78 71 62 2 83 73 19 45 11 53 12 60 21 79 23 44 49 48 64 51 91 54 39 47 82 28 58 71 30 81 23 26 0 36 63 28 34 6 79 3 69 61 68 0 51 94 2 9 38 89 4 38 61 93 38 30 45 17 22 61 91 13 65 82 62 82 44 67 79 29 51 79 100 29 73 13 25 67 97 60 16 88 95 6 85 7 77 96 12 37 91 11 43 1 23 14 3 1 87 38 75 96 31 72 58 2 6 31 47 43 85 79 5 77 49 82
31 45 44 59 40 45 31 43 78 61 44 96 79 5 40 72 16 12 53 87 25 10 60 20 34 49 41 0 57 52 22 3 75 32 50 82 56 94 6 40 5 90 14 40 75 33 80 67 90 2 93 48 41 19 3 41 69 49 67 100 89 46 80 14 69 59 75 72 60 44 18 69 93 9 16 0 97 16 68 33 69 5 61 78 98 59 23 77 11 48 95 96 39 84 11 43 89 73 26 25 54 28 42 95 99 1 3 50 33 40 43 52 75 96 36 91 45 30 40 98 21 97 49 88 5 76 49 38 96 75 83 59 34 50 80 0 20 31 91 6 26 96 10 24 91 23 85 49 32 14 37 86 18 10 46 13 34 45 65 48 33
85 85 85 34 11 19 86 29 16 38 1 41 18 44 76 30 71 9 34 78 13 11 60 22 100 82 51 15 62 84 63 7 14 18 23 79 75 87 96 16 38 30 58 26 8 89 64 50 53 37 92 99 16 94 12 46 60 9 43 98 66 83 38 74 29 60 46 73 87 72 6 90 69 94 32 99 50 61 60 90 38 85 55 52 46 10 84 31 1 84 51 79 76 88 20 48 93 3 9 94 73 42 51 83 48 70 53 83 12 52 19 79 40 37 82 76 93 11 60 94 1 9 73 66 0 79 19 27 7 86 50 68 92 21 77 46 77 100 24 2 32 85 99 78 37 89 0 5 73 22 15 89 95 87 95 32 17 37 62 1 84
41 47 97 27 83 53 67 8 46 97 85 9 59 73 10 38 19 11 86 59 42 91 95 67 16 94 22 89 64 84 75 11 4 7 76 3 93 1 52 83 23 61 26 65 60 36 66 39 32 49 57 80 6 100 36 99 68 12 61 22 38 69 6 75 18 20 47 22 58 73 16 42 1 78 27 51 85 36 22 20 6 57 72 66 11 40 96 96 36 59 33 66 0 58 49 46 79 61 46 59 37 66 8 58 51 40 40 100 28 58 73 92 87 26 94 85 29 59 41 66 60 31 54 53 50 15 43 57 51 83 49 33 42 44 59 3 55 19 30 64 43 71 12 25 91 23 9 81 27 91 91 70 38 14 47 17 100 67 70 2 63
60 95 54 77 22 74 57 88 83 17 19 45 78 26 30 90 44 62 59 7 40 15 39 57 78 48 63 78 38 60 40 49 62 48 62 81 2 90 0 88 79 14 75 51 80 100 33 91 76 68 12 83 38 52 0 26 48 35 66 52 78 11 23 86 11 70 100 63 94 85 52 30 87 49 76 27 89 21 96 49 16 75 47 55 77 56 74 40 55 91 21 3 82 71 53 32 27 68 65 74 38 83 45 6 67 36 30 28 44 73 72 25 46 32 41 61 19 19 68 48 7 13 73 98 0 31 74 87 75 63 73 40 52 49 99 89 72 36 45 39 27 73 83 98 16 6 72 90 23 70 10 12 65 10 15 10 30 8 16 60 6
63 49 40 22 6 93 98 41 38 86 60 17 68 17 37 9 91 41 74 75 69 70 23 15 94 25 42 92 44 35 71 43 85 55 8 28 90 16 66 97 99 40 84 100 49 30 83 100 52 83 32 40 7 52 30 64 62 23 33 62 88 28 88 73 93 46 13 68 22 27 87 33 55 38 8 41 12 63 69 4 29 95 83 31 0 78 32 86 15 84 22 31 14 73 0 94 55 33 75 24 50 44 53 62 0 48 80 9 71 81 43 49 56 50 78 19 83 6 23 13 29 34 81 47 37 84 25 74 39 33 25 41 3 40 45 54 12 5 12 4 57 79 75 52 77 58 92 2 22 51 68 53 49 34 80 63 19 71 74 83 18
61 32 68 50 75 67 18 38 82 6 5 92 1 76 51 30 53 7 57 50 32 49 81 21 89 92 93 1 92 75 90 97 41 83 62 28 88 64 93 51 50 48 69 45 17 19 90 78 69 65 50 50 43 61 24 41 3 55 43 41 69 6 25 75 86 97 90 86 18 64 39 1 47 96 69 22 9 23 42 67 96 51 27 17 94 63 87 80 30 88 97 67 64 6 3 44 85 50 9 16 50 9 37 52 97 20 91 72 52 69 93 38 86 12 80 72 75 99 33 77 5 35 66 13 72 99 16 63 51 86 100 51 15 90 66 2 88 65 2 63 90 54 76 50 15 57 64 72 5 32 3 58 55 88 51 92 17 29 70 81 19
16 54 19 26 84 13 10 10 17 40 29 96 84 44 66 20 94 30 47 91 97 70 45 76 19 51 50 99 66 17 63 28 54 63 5 7 23 43 82 55 9 59 27 25 97 66 85 8 6 85 72 74 17 12 80 20 33 96 70 26 27 17 34 85 45 14 83 42 55 88 99 72 97 9 29 89 36 86 53 40 86 67 98 51 26 44 68 97 92 50 68 81 38 8 54 24 45 20 86 62 31 95 44 81 60 17 52 2 10 72 79 38 6 85 93 17 60 95 88 46 25 96 76 73 34 88 57 26 11 14 73 60 15 65 64 57 63 75 47 20 7 82 51 10 51 30 24 33 89 7 65 54 17 54 46 79 19 88 19 45 62
100 97 19 0 5 66 37 35 50 28 81 51 66 92 63 43 32 9 13 70 6 96 54 81 67 86 82 47 7 9 97 94 58 39 63 77 99 42 11 43 100 48 28 16 96 53 20 23 45 86 28 83 27 74 43 38 55 54 62 89 79 65 46 71 45 49 50 50 74 9 93 95 14 30 25 14 72 18 28 87 59 28 30 73 12 43 42 42 87 93 22 48 69 95 25 66 21 30 36 13 31 84 19 71 49 61 69 3 95 48 67 89 11 96 1 49 6 2 56 97 19 16 56 38 68 79 39 95 34 27 73 0 32 72 77 78 23 99 81 8 39 78 17 2 61 53 86 89 94 3 48 28 5 74 21 70 56 28 79 70 70
56 35 57 12 43 93 72 57 18 57 29 65 91 96 23 81 67 43 96 28 20 44 15 78 50 41 65 52 7 11 9 77 49 87 89 95 20 83 3 63 65 29 59 84 60 20 25 61 85 88 63 26 98 61 15 4 43 33 0 40 4 100 99 100 59 73 17 61 62 61 67 79 5 53 33 24 69 49 0 13 86 26 93 40 84 18 30 11 41 48 38 63 32 23 19 44 9 58 80 12 36 42 73 72 80 99 90 62 22 9 17 16 22 100 84 16 63 18 51 25 51 79 72 50 13 29 65 82 12 85 79 99 54 73 10 63 90 85 54 12 96 9 63 44 73 73 20 96 74 41 84 74 24 66 55 81 73 32 3 38 4
58 31 79 46 65 18 90 80 45 65 42 83 58 92 98 46 43 72 48 8 31 42 49 69 40 11 27 45 17 20 60 47 36 47 90 48 89 97 65 25 99 97 21 75 96 70 22 70 46 46 18 2 16 68 70 81 11 72 71 71 2 60 46 65 32 76 38 81 36 34 12 60 92 21 5 41 100 34 36 99 93 38 9 61 49 49 32 47 19 54 2 56 15 89 79 99 16 12 27 36 83 24 47 23 44 72 24 0 11 84 23 38 49 32 67 62 20 86 38 1 60 32 97 57 73 52 81 83 28 94 99 87 11 46 14 92 97 20 86 90 97 80 73 50 55 8 99 88 60 65 2 90 85 64 78 72 86 70 38 83 66
80 18 8 27 49 40 64 1 69 90 87 5 59 6 64 52 90 31 27 73 53 64 16 66 92 0 31 2 67 66 50 83 45 90 83 85 18 61 71 4 25 76 79 86 30 43 98 94 43 68 71 41 25 90 71 71 43 29 79 94 14 62 50 44 0 63 15 13 3 91 36 46 20 40 29 53 14 18 72 76 13 14 100 42 81 65 66 91 75 72 6 79 46 77 81 42 51 24 90 75 2 18 66 34 67 18 47 61 87 68 65 50 96 79 98 43 67 42 59 61 5 41 46 5 83 67 52 80 51 78 38 22 94 45 34 71 87 7 17 34 41 12 61 9 76 94 92 98 63 42 87 89 61 60 86 83 70 7 37 0 98
58 20 75 43 23 5 31 3 53 25 17 64 16 71 48 67 21 69 25 34 37 83 54 27 57 66 0 80 34 30 78 50 20 5 53 14 32 84 70 39 1 70 30 100 86 95 84 98 90 67 73 90 56 86 12 39 62 17 62 77 92 21 6 28 30 96 76 57 56 91 93 99 31 15 27 68 43 80 100 41 10 46 83 48 64 71 79 91 55 41 5 78 97 0 100 73 17 34 37 94 99 90 28 97 10 7 80 38 59 56 53 54 37 35 90 21 75 27 67 37 52 3 16 68 5 54 52 52 80 73 91 86 87 62 85 25 6 23 88 6 40 97 41 67 56 65 73 78 70 88 82 18 17 28 41 8 54 56 48 45 82
75 1 88 66 41 95 64 58 19 13 40 77 1 58 88 87 17 90 72 38 18 93 13 37 4 52 17 27 58 6 30 93 69 47 34 71 73 22 18 69 69 30 95 15 12 70 44 79 39 84 50 35 59 53 37 95 8 58 86 37 21 84 52 5 31 1 19 81 72 89 29 0 57 73 99 50 4 83 49 14 78 39 21 62 76 77 4 29 8 81 98 43 97 9 70 67 93 45 31 2 11 6 13 0 72 89 13 65 78 1 82 68 56 49 60 76 48 32 3 56 95 96 25 52 86 79 37 49 62 26 90 79 58 71 91 2 12 95 28 14 35 29 15 71 25 80 53 18 75 60 81 29 8 50 50 30 33 51 31 34 46
18 13 76 14 21 3 81 25 36 27 40 45 77 93 78 88 12 51 84 33 89 6 62 21 52 54 65 99 4 23 34 37 100 96 61 74 94 56 45 82 41 67 67 22 5 5 96 5 24 47 99 30 79 21 21 40 67 63 90 48 92 22 46 36 78 33 96 23 13 95 39 13 76 85 12 58 91 3 31 95 15 8 53 67 28 25 53 2 79 37 13 19 14 59 29 9 19 96 79 78 9 52 2 77 8 93 8 62 9 37 91 62 18 2 21 91 16 24 58 77 82 38 69 5 42 79 52 54 51 37 11 9 91 8 10 44 30 10 50 92 73 2 64 67 10 50 72 47 69 5 49 75 81 93 38 41 16 57 72 4 54
17 38 59 91 22 91 77 5 100 33 17 61 38 10 38 34 33 25 86 66 7 21 57 30 25 27 88 3 14 63 20 27 3 37 0 39 26 50 93 38 49 57 87 12 96 47 42 67 28 90 8 41 18 27 26 12 44 83 37 68 57 58 46 60 26 13 6 14 86 52 77 100 45 11 10 82 4 57 32 38 7 78 28 16 99 53 10 76 91 68 91 72 3 62 39 10 76 33 35 46 6 2 43 25 61 72 91 96 59 60 76 83 50 58 15 77 27 37 33 93 63 57 11 90 68 76 86 17 19 31 93 64 81 68 63 68 17 48 15 17 32 80 5 67 3 43 72 1 41 65 70 17 97 2 65 50 61 2 32 2 52
64 81 62 93 84 54 9 47 60 100 76 89 27 68 44 22 3 55 15 7 69 37 96 64 97 13 38 89 15 68 76 6 10 0 25 7 62 40 61 84 54 95 27 52 95 92 89 8 51 31 100 99 8 37 79 23 65 83 41 20 31 49 6 65 30 33 50 83 100 71 70 6 21 80 6 66 22 25 94 34 16 8 60 72 4 44 16 45 40 28 33 14 17 26 78 42 41 100 90 71 47 95 46 85 36 91 14 77 4 53 33 87 30 7 43 21 10 42 64 55 62 79 12 100 67 96 67 88 61 95 7 10 76 50 66 82 8 57 81 53 83 76 65 34 97 27 33 46 8 83 32 86 72 75 78 100 60 29 69 61 72
99 63 20 40 6 27 30 85 94 9 62 19 82 84 73 28 85 12 20 98 79 3 9 60 52 39 27 46 86 72 87 51 98 21 14 87 7 8 76 67 43 38 8 61 86 84 91 63 27 53 21 6 89 53 78 18 89 35 26 25 69 71 96 9 8 58 98 83 73 9 65 71 67 26 18 71 26 4 58 19 41 51 30 22 46 69 52 77 24 52 9 31 20 13 20 79 89 71 74 45 43 67 14 33 28 2 10 23 67 3 49 1 39 97 66 58 10 44 52 18 14 51 6 47 50 99 38 2 81 65 16 73 47 76 24 37 95 67 7 77 28 9 76 41 9 26 61 68 64 45 72 65 83 27 60 82 10 6 13 63 63
64 27 73 9 60 55 32 22 96 61 69 96 70 52 78 3 43 82 84 33 94 37 37 24 26 23 28 34 6 25 53 44 1 34 48 95 71 5 67 89 14 41 27 91 12 83 60 79 42 5 3 21 63 46 69 80 20 86 37 66 0 13 29 63 77 47 28 26 21 9 55 10 52 94 79 56 20 39 33 65 75 69 4 76 43 23 38 91 89 99 5 48 11 59 26 47 19 41 88 55 34 10 34 0 39 17 26 91 70 86 50 89 29 50 64 55 49 10 58 33 36 50 33 16 50 70 39 18 22 78 33 21 41 16 36 3 86 27 39 63 29 100 99 25 37 32 68 31 20 47 57 90 76 77 32 95 24 98 48 74 38
75 76 31 94 80 12 20 72 94 63 18 73 60 74 49 37 28 38 65 82 47 64 21 85 6 40 65 6 72 84 60 9 1 72 30 48 42 73 9 57 17 14 10 81 71 78 63 94 45 37 78 25 49 13 57 53 75 86 74 90 23 18 15 79 8 68 89 28 55 36 93 9 18 31 29 65 0 64 71 6 37 43 21 40 41 20 86 13 0 21 72 49 90 38 51 10 78 88 96 6 70 5 13 48 26 43 40 20 0 86 23 16 22 42 25 66 12 61 42 71 22 19 93 61 47 43 27 24 47 19 93 20 53 3 94 54 94 32 73 8 59 65 79 83 56 60 88 64 63 89 44 44 95 62 0 38 29 73 67 27 45
43 34 35 83 40 25 29 86 44 23 3 57 24 99 39 76 7 15 4 52 36 2 8 53 79 27 88 57 85 55 37 55 40 53 80 20 88 67 82 17 54 12 97 76 8 19 28 4 48 92 88 61 70 15 23 36 80 40 65 28 55 30 90 4 38 49 19 44 54 28 2 26 100 66 27 43 56 7 5 10 61 16 37 99 62 64 4 88 28 24 69 25 33 9 97 59 61 3 73 39 6 82 51 24 47 50 57 46 8 99 55 15 6 0 66 17 16 11 50 60 39 18 66 71 17 21 96 82 41 38 40 80 70 31 12 97 78 13 38 82 38 89 91 5 5 13 13 46 86 34 81 28 7 37 55 46 15 97 21 100 40
71 90 40 95 85 28 83 24 75 29 49 48 27 61 82 50 19 34 13 20 49 69 34 35 65 32 35 98 8 35 8 61 37 11 39 94 78 55 14 0 85 83 16 31 98 7 40 68 54 12 60 56 22 32 25 21 0 60 68 5 5 51 66 28 93 62 42 40 92 38 26 27 4 45 36 28 93 42 69 24 34 86 46 11 68 94 89 38 41 69 32 73 51 22 86 12 44 33 15 62 6 49 23 4 77 15 16 3 100 68 62 14 30 42 54 53 24 21 89 68 60 24 84 36 85 75 12 32 64 75 77 24 40 21 2 75 25 79 18 22 87 13 28 95 7 38 44 74 10 15 7 46 31 69 55 40 76 43 68 4 19
84 39 30 82 41 18 47 42 78 16 95 32 10 28 8 44 25 61 79 70 40 66 13 43 6 97 40 12 74 49 39 71 57 25 64 59 26 100 10 17 87 89 99 47 52 32 58 62 49 54 91 42 84 52 42 7 39 40 61 22 28 7 53 41 59 64 64 12 100 11 90 82 58 13 17 5 23 8 28 2 77 78 76 27 83 52 22 10 13 43 71 26 48 86 49 30 25 48 91 34 3 29 5 92 86 69 97 56 94 77 100 78 86 32 89 81 4 68 43 19 71 86 9 47 30 79 8 28 54 25 23 98 6 86 27 99 9 71 2 11 84 46 19 86 74 51 1 9 78 4 69 70 84 47 4 98 91 64 56 12 99
4 25 0 76 74 86 9 44 92 53 63 27 14 67 5 41 47 13 90 19 24 56 88 67 60 81 35 74 15 74 58 45 74 66 96 35 75 99 64 100 78 92 46 100 98 18 33 51 58 39 78 62 15 87 1 15 87 53 51 0 26 64 33 6 68 46 3 51 18 68 21 35 7 89 32 21 8 32 56 50 19 69 56 34 41 22 99 4 67 89 34 77 41 48 61 12 43 0 100 9 0 57 66 12 62 64 27 10 30 53 4 45 35 0 0 27 100 8 9 16 50 97 1 78 30 14 25 35 21 91 64 82 39 100 36 61 13 60 85 61 82 2 43 18 38 78 0 4 59 85 49 18 43 76 44 27 53 26 86 88 49
76 41 14 32 82 59 3 76 84 33 46 60 45 30 61 36 2 54 14 58 84 87 8 91 54 41 57 6 44 93 11 35 1 29 45 25 66 44 3 56 41 27 21 83 52 5 43 50 43 87 35 1 6 70 31 61 75 81 97 96 92 100 41 66 89 54 22 48 40 44 65 86 12 46 84 81 72 22 64 32 1 56 46 9 47 22 87 19 79 30 7 63 61 33 14 46 11 64 10 19 33 13 93 77 20 37 15 0 9 59 64 31 79 83 4 74 78 95 79 70 82 50 20 61 78 11 77 54 71 42 47 67 28 63 84 84 89 28 96 84 84 12 77 22 91 69 9 73 41 75 85 60 3 99 49 32 19 18 88 99 99
46 46 78 13 91 29 97 51 85 45 17 70 18 69 23 1 81 30 9 2 36 29 65 46 11 53 68 18 98 45 10 67 45 14 68 69 64 90 65 2 67 82 74 32 100 74 65 31 48 44 39 1 57 53 100 76 31 78 7 38 36 83 42 36 95 9 71 47 65 64 50 41 37 42 25 91 61 89 91 71 93 88 5 16 69 64 45 35 78 62 49 67 3 45 85 5 98 26 78 32 21 35 26 54 98 33 69 63 95 100 67 92 80 71 28 93 1 27 79 46 42 56 34 54 35 17 13 5 80 21 83 28 31 0 22 48 73 60 94 80 82 49 76 67 24 70 82 32 88 95 85 69 24 25 15 27 52 94 70 60 97
11 29 63 35 8 19 37 16 63 24 12 94 74 59 26 25 47 58 49 40 77 44 79 17 0 88 89 29 56 43 99 11 10 73 64 6 7 19 33 0 26 69 74 3 29 97 74 40 51 98 87 65 53 51 90 56 80 21 2 41 65 22 89 71 29 1 96 38 34 98 10 60 90 9 25 7 37 36 41 59 20 70 54 16 78 5 59 68 82 18 24 35 18 42 98 44 32 3 57 60 42 12 32 3 82 54 5 41 1 33 81 11 57 62 59 41 93 63 90 60 65 44 76 76 15 53 73 63 79 32 64 82 93 36 33 84 68 51 23 15 65 27 92 11 23 77 39 100 21 71 99 51 28 26 23 3 82 2 86 96 39
47 63 49 58 40 85 29 18 91 94 83 80 64 58 95 75 82 33 54 26 36 37 92 71 56 16 65 35 44 97 38 26 13 52 89 61 37 19 96 46 39 90 50 47 63 79 64 67 18 14 69 79 52 65 98 61 16 25 95 98 67 13 52 48 73 61 33 97 95 30 21 61 43 34 2 53 83 88 44 62 26 39 45 41 67 83 83 64 89 85 26 98 26 3 43 65 55 8 25 52 62 76 11 38 51 23 31 6 51 55 48 8 7 98 44 44 13 90 94 52 84 11 59 48 56 95 92 77 62 76 23 66 15 42 8 89 26 26 29 62 62 39 67 42 61 49 57 81 34 66 76 62 46 22 35 9 96 17 59 66 41
56 31 44 57 82 34 96 27 13 73 5 14 42 79 66 75 96 59 7 77 85 65 11 51 64 56 14 66 70 71 76 18 95 65 44 16 92 70 40 74 100 64 13 45 13 32 8 87 6 34 15 32 15 25 46 60 63 19 2 29 77 100 83 50 43 74 38 82 81 91 58 5 84 18 48 58 9 31 18 54 67 66 60 1 13 72 19 25 12 38 41 91 89 58 84 73 92 74 59 42 57 6 10 20 40 9 7 22 28 91 5 15 32 68 86 66 30 99 7 77 99 40 4 39 27 42 50 41 74 92 47 99 81 84 82 5 5 19 97 51 73 16 71 44 48 97 18 26 74 86 33 14 5 85 49 95 81 93 31 5 66
28 40 36 100 91 61 39 83 17 60 23 32 50 45 68 45 74 51 22 39 55 98 59 33 39 90 38 62 21 4 31 40 89 58 36 87 47 15 25 83 25 35 52 70 63 70 91 63 96 97 50 76 72 15 29 6 94 70 75 92 75 50 38 27 54 4 22 93 90 41 88 67 10 80 87 74 3 9 5 98 32 59 50 42 40 46 91 34 77 70 45 39 99 93 20 32 24 62 53 34 51 2 62 32 42 39 38 98 25 21 35 49 81 55 72 91 38 13 20 34 7 27 26 15 87 65 17 93 49 33 51 99 56 4 55 55 62 18 3 14 30 43 29 3 25 45 20 56 81 58 85 55 64 35 38 15 20 94 57 22 75
18 49 66 14 44 79 39 15 78 67 20 60 76 8 49 3 3 25 76 94 16 86 4 69 39 3 58 59 10 88 2 47 54 96 32 7 35 86 63 14 9 43 49 53 91 83 4 40 20 9 12 2 98 85 45 82 98 6 59 48 51 79 0 62 53 62 36 43 9 13 73 81 73 44 96 67 30 90 28 17 31 54 71 52 56 3 43 63 59 40 28 4 11 22 18 17 98 39 56 84 97 13 63 11 43 92 86 76 77 42 34 33 56 86 27 37 95 74 79 65 99 4 88 27 54 12 21 72 87 1 61 92 38 69 0 100 56 95 63 76 57 89 89 13 36 13 87 97 96 94 96 92 87 53 63 57 47 36 34 51 53
53 29 93 71 6 19 16 55 67 50 83 49 23 78 45 88 79 94 61 63 96 87 21 0 6 31 68 42 19 36 93 59 26 3 80 65 85 67 88 62 29 10 19 99 98 91 47 77 43 50 57 92 80 39 27 33 22 50 15 69 70 76 62 56 49 56 92 87 69 46 7 31 37 12 73 29 33 25 28 88 60 62 100 9 33 77 19 61 23 47 58 56 56 63 43 1 82 57 1 22 61 83 74 7 39 53 6 93 0 78 74 77 50 34 27 56 15 8 93 30 75 60 25 35 77 53 47 41 46 75 12 42 54 98 35 55 8 4 15 19 55 17 81 59 83 81 38 60 73 6 31 25 65 98 69 15 35 69 29 78 54
62 76 32 92 36 12 12 58 61 62 23 91 66 75 70 58 83 55 32 0 82 11 92 63 26 34 1 66 19 75 56 23 83 66 22 9 78 34 95 55 65 52 66 99 37 65 0 37 57 19 8 14 54 90 11 58 16 75 33 41 90 66 71 88 1 95 81 52 8 14 34 25 86 20 4 52 51 100 60 10 75 1 20 73 46 8 86 25 20 33 32 36 99 36 90 39 84 47 15 63 5 3 83 80 8 83 94 51 87 29 76 96 46 51 11 10 24 27 13 41 84 37 90 52 42 85 1 5 15 46 22 45 49 19 63 12 49 48 48 12 74 23 28 17 93 95 17 34 84 21 87 71 52 24 98 83 77 2 23 39 68
85 81 34 33 75 44 43 77 17 44 27 51 66 84 66 66 89 12 96 15 21 92 13 12 87 96 28 32 39 35 43 87 71 12 32 28 97 3 54 61 12 52 31 47 26 43 9 45 88 1 59 58 83 96 71 8 74 10 61 45 21 78 13 83 95 89 39 6 89 8 53 16 34 99 57 17 40 20 94 45 44 25 55 56 64 9 25 92 86 24 84 2 91 99 24 81 29 72 61 78 69 93 33 6 17 30 92 43 14 37 75 73 92 36 9 60 43 55 83 82 3 73 6 67 30 9 77 85 62 24 76 41 6 49 68 68 3 67 23 82 68 96 15 35 62 63 10 76 13 33 16 74 97 87 59 88 20 89 25 83 55
100 20 82 96 92 66 37 67 41 73 23 19 62 16 39 82 56 60 0 41 84 8 7 75 17 59 73 86 90 87 88 8 57 23 10 33 28 65 82 100 84 33 65 67 73 68 92 81 16 15 12 60 73 12 92 14 10 59 32 77 73 25 97 25 97 70 83 23 23 100 44 70 7 76 57 19 76 78 92 56 88 46 11 83 1 14 0 4 68 5 17 18 44 71 51 18 5 59 76 81 16 95 42 55 74 61 81 69 91 7 40 82 98 29 59 91 40 33 57 96 52 87 29 17 7 75 26 98 15 1 62 36 79 31 36 46 65 94 58 15 25 14 79 89 59 7 5 29 92 11 62 31 52 0 41 64 25 43 66 99 27
70 31 93 63 91 31 54 64 86 10 87 10 16 16 31 41 22 0 70 59 79 50 99 46 12 37 19 88 4 49 73 91 75 96 67 93 24 79 26 21 97 83 16 0 5 76 15 11 10 57 44 62 64 18 16 7 18 60 51 27 19 34 54 65 70 29 52 1 33 50 15 90 11 30 91 22 23 100 0 66 71 63 71 24 65 49 13 50 49 68 4 86 9 40 84 55 87 56 73 17 64 76 54 70 84 88 36 85 83 71 9 28 77 44 26 49 40 10 77 46 64 68 78 8 68 70 47 39 28 22 28 72 9 82 66 100 60 47 66 94 34 11 16 50 46 56 73 49 40 61 65 56 96 26 69 8 33 68 73 92 44
9 61 58 67 6 57 92 92 74 51 73 81 60 98 84 64 38 60 44 51 94 60 54 0 72 59 92 34 89 25 76 23 0 32 100 60 89 81 61 1 44 75 16 92 4 28 36 47 71 8 53 24 28 37 18 44 51 91 5 51 66 96 85 88 69 93 3 80 45 36 39 16 69 52 81 18 73 17 12 49 91 24 3 69 87 4 65 33 92 75 65 46 62 20 87 33 33 4 22 85 59 19 25 62 80 11 95 54 8 18 34 19 17 53 58 8 92 8 0 1 6 1 11 81 34 67 77 5 57 8 82 53 14 97 55 96 4 2 66 41 84 37 43 52 1 62 0 96 91 38 1 21 18 45 82 9 23 28 30 65 29
32 20 64 37 39 34 21 78 99 98 93 39 36 12 74 91 23 56 51 89 33 57 92 98 74 58 3 35 22 43 61 96 7 81 24 63 93 44 8 61 66 48 13 20 54 82 42 15 11 30 58 37 58 1 83 67 41 22 2 64 38 79 79 34 57 9 11 0 57 57 85 5 65 3 4 56 5 84 29 30 23 70 74 52 67 80 16 78 84 73 35 1 15 27 20 74 64 33 39 0 29 63 61 32 51 51 69 78 18 54 77 90 67 42 57 13 72 70 91 14 41 9 77 39 67 48 31 30 82 12 69 0 65 8 81 17 34 62 39 20 27 72 31 19 60 66 82 93 23 7 8 56 7 69 84 81 59 27 99 40 52
55 85 3 85 7 79 69 6 10 81 74 3 52 20 61 86 3 22 8 85 83 26 60 68 47 83 66 51 10 9 71 37 9 2 95 93 22 27 66 40 8 75 46 36 88 31 51 72 55 32 37 93 62 52 20 22 68 17 96 99 74 77 7 94 29 74 26 27 22 60 69 30 76 34 79 49 36 75 31 71 10 52 54 48 29 80 86 53 98 75 56 51 83 50 3 100 12 55 67 65 62 14 65 24 3 27 57 78 30 68 7 29 30 45 55 2 23 51 62 84 12 87 51 86 100 28 40 77 55 59 27 55 6 72 15 83 7 83 70 33 37 33 74 96 40 50 70 18 71 28 97 19 56 87 79 59 22 96 37 39 81
92 82 46 56 16 84 69 47 94 60 91 34 95 0 53 44 41 45 86 61 91 56 100 61 29 58 62 77 74 1 5 37 94 55 50 98 78 93 31 76 97 28 81 32 19 49 24 91 72 76 24 24 10 12 68 59 90 65 84 3 48 84 91 29 31 99 24 20 14 51 94 17 87 7 67 1 78 16 85 94 28 66 54 85 23 31 6 92 74 54 49 30 80 7 87 57 8 19 50 61 90 32 36 68 83 16 21 51 12 30 15 1 26 91 71 18 82 14 4 34 16 42 65 85 73 6 3 35 86 10 24 14 57 84 63 74 88 51 15 56 39 27 25 45 76 38 54 30 2 36 86 42 26 27 15 4 89 37 91 71 90
38 23 49 29 3 35 50 96 31 76 72 63 80 8 91 97 76 62 24 32 18 78 83 68 14 27 10 8 45 59 43 78 9 75 13 9 89 82 40 75 18 84 35 6 97 53 93 88 73 80 21 72 20 46 10 70 49 87 9 12 71 46 48 36 63 46 16 96 41 95 93 23 39 34 8 81 39 28 93 4 75 16 44 43 25 52 80 21 64 23 48 54 22 72 29 100 18 58 52 80 19 36 74 47 8 63 97 19 8 33 34 32 94 26 29 91 24 3 4 18 37 83 43 10 29 78 73 0 35 47 33 54 24 40 60 26 2 57 37 37 41 75 31 51 22 79 76 64 88 98 42 37 68 52 75 15 18 66 40 99 22
97 24 77 62 50 1 58 17 3 69 5 56 66 73 32 7 91 87 98 59 54 91 78 18 26 10 95 18 71 82 34 48 95 73 18 63 83 82 81 69 48 62 58 81 43 20 67 80 33 69 11 55 66 91 4 99 82 71 33 89 55 71 34 89 16 91 50 26 36 71 21 80 23 36 93 34 27 62 65 22 71 54 4 66 57 22 97 88 97 35 91 93 48 32 64 55 7 100 71 64 81 95 3 8 14 90 54 38 81 93 70 53 42 35 5 48 21 99 39 39 11 76 7 34 84 88 11 11 90 4 89 9 77 42 57 15 65 69 88 61 4 91 100 84 64 70 25 80 100 56 53 25 75 72 11 0 75 5 20 18 34
77 47 45 29 78 29 23 54 99 71 51 44 32 100 10 22 14 81 98 13 6 82 29 60 21 32 99 54 42 67 34 64 67 59 82 41 18 56 25 38 24 54 51 18 63 77 32 9 81 6 71 64 37 57 6 100 26 58 66 3 16 24 45 61 86 48 36 6 81 8 17 55 11 88 87 51 55 60 83 74 32 100 40 92 2 61 76 96 49 28 5 43 45 25 34 96 58 14 28 69 71 3 14 40 98 54 76 2 28 28 75 84 3 92 40 22 27 15 41 50 10 65 67 19 94 59 8 70 18 23 72 59 54 58 73 62 58 1 75 66 83 64 52 14 22 3 48 8 52 43 53 93 76 4 97 54 46 13 0 11 61
25 14 2 84 50 57 52 96 47 51 51 38 6 59 34 93 40 65 86 19 76 33 94 68 16 5 30 64 93 61 85 40 56 2 51 100 22 16 40 99 75 11 90 10 86 14 93 19 39 48 12 55 86 46 76 33 90 0 28 97 58 100 56 14 34 49 92 5 65 67 46 95 41 56 41 58 36 60 12 20 37 95 84 63 75 20 26 42 94 46 72 100 9 41 16 58 94 15 79 32 13 83 42 66 76 70 73 89 18 99 50 14 39 6 78 43 50 46 26 35 72 16 6 3 92 27 97 25 24 73 21 80 1 21 2 28 25 80 43 88 38 11 52 14 74 97 9 30 29 92 20 84 62 19 28 52 10 85 24 85 27
80 25 11 24 81 11 89 95 19 80 40 66 5 97 67 58 59 30 47 36 33 58 33 75 4 78 36 56 51 62 76 58 54 53 61 76 16 66 55 65 51 56 47 90 27 5 55 39 63 21 65 62 81 72 84 60 63 97 36 64 14 38 43 40 60 48 76 96 42 73 33 77 46 54 36 36 88 46 17 40 98 48 52 95 80 67 87 15 57 87 42 96 60 56 25 98 36 48 56 1 54 22 9 24 36 22 76 63 70 97 72 28 71 49 15 69 23 85 48 14 35 7 100 62 4 77 63 18 55 50 61 81 93 76 5 22 44 84 71 46 16 100 77 94 54 47 21 17 45 6 89 20 77 60 28 13 75 23 11 96 56
55 91 27 76 18 58 19 50 93 19 10 57 12 85 79 86 9 12 94 40 24 66 26 63 79 14 46 2 81 56 47 79 37 96 12 95 2 17 86 29 1 55 34 82 16 50 3 18 31 53 65 90 98 43 16 82 4 19 17 40 81 83 51 66 54 75 40 30 52 29 82 69 57 100 23 17 48 39 37 52 97 68 81 76 99 80 18 76 77 93 69 79 3 6 87 82 38 88 13 26 13 48 97 54 68 95 70 20 100 19 2 55 83 97 76 77 12 41 79 87 90 14 58 16 81 96 56 57 46 63 42 28 39 65 75 81 89 56 72 61 9 4 67 35 20 32 89 54 33 25 18 65 13 52 43 22 57 85 27 46 62
99 21 65 86 96 14 89 36 25 77 71 43 97 41 98 85 68 47 47 24 95 81 16 76 86 86 92 94 68 10 18 1 54 43 34 52 66 13 1 3 85 72 33 72 3 53 68 62 27 18 96 62 2 77 33 23 99 28 88 90 62 88 31 45 89 0 41 52 24 85 86 45 80 5 56 81 49 12 40 18 65 69 44 68 86 2 95 67 32 6 57 89 41 59 96 88 93 55 81 32 96 11 16 70 98 21 71 79 91 84 53 56 27 66 83 51 73 79 21 23 81 63 83 12 11 25 66 16 92 56 12 95 60 83 49 64 51 4 33 3 74 54 84 76 9 21 58 10 29 21 72 70 1 2 43 1 13 85 52 72 9
8 17 10 22 92 45 39 34 52 64 54 79 57 36 85 65 44 58 26 24 45 19 45 48 3 27 57 55 85 49 14 99 25 40 21 48 82 77 76 9 63 88 24 35 92 70 81 48 35 92 9 68 94 81 9 77 19 34 14 77 15 3 12 28 11 78 16 94 34 49 0 68 13 68 30 50 72 30 24 13 5 60 47 52 49 48 66 7 73 23 24 44 17 67 58 58 80 58 93 50 55 12 32 98 24 46 93 57 20 9 14 30 61 79 63 0 73 12 70 19 42 48 35 29 91 57 23 97 22 2 33 27 43 100 52 64 59 5 2 8 93 16 43 72 99 38 65 7 17 51 89 42 90 3 4 41 99 53 17 90 78
78 16 75 97 37 29 53 35 69 42 53 38 69 79 77 88 32 47 29 11 38 0 65 94 5 93 67 36 25 50 86 47 76 3 13 86 85 71 19 21 51 29 66 38 70 33 31 5 44 73 31 31 51 31 79 44 17 90 27 2 23 75 92 100 8 30 16 99 77 20 59 8 33 50 15 17 90 53 11 50 70 4 79 88 87 52 18 46 18 42 49 37 66 79 22 87 25 30 44 44 14 61 74 90 84 45 9 54 86 7 4 99 11 81 28 15 41 44 95 51 84 4 82 88 88 20 32 16 21 42 9 91 63 87 0 0 44 86 96 74 41 99 63 80 57 35 76 87 9 2 24 78 27 89 95 35 12 68 92 21 9
90 14 54 2 19 50 75 4 20 99 57 73 75 21 9 45 26 10 29 68 66 31 84 48 3 54 93 85 68 26 99 69 87 11 58 8 84 49 80 60 92 52 57 1 36 56 14 57 15 30 64 54 80 65 36 13 0 87 37 76 42 42 17 3 100 16 54 63 84 16 42 17 69 32 100 73 91 63 98 12 85 1 29 2 43 59 89 8 34 18 70 82 45 42 32 67 46 56 38 86 30 53 61 28 74 83 80 6 87 91 71 21 38 93 52 96 95 50 22 50 58 97 46 0 35 83 56 9 38 18 18 39 84 76 0 31 11 96 33 24 15 3 33 72 90 13 36 48 68 71 91 12 14 11 95 43 47 30 0 50 55
44 86 20 100 51 79 94 4 77 64 68 30 43 32 48 57 1 48 57 60 92 28 61 94 8 50 2 26 24 67 0 36 27 67 59 25 40 4 36 39 9 73 1 82 98 54 46 36 29 57 5 41 24 73 65 11 78 65 47 92 57 83 92 79 47 33 33 39 20 99 92 10 13 94 27 97 18 80 25 25 15 33 53 22 4 80 48 12 97 35 9 32 22 74 59 5 58 91 42 48 33 33 99 75 8 24 28 83 31 51 83 88 63 85 15 29 32 54 71 99 54 36 34 67 82 67 31 93 75 41 30 60 82 23 63 64 35 47 11 76 20 33 25 74 44 81 22 81 84 36 32 65 15 16 61 60 25 82 36 77 26
5 68 2 99 75 95 41 87 93 92 79 56 71 70 38 54 82 80 77 92 20 1 15 60 7 95 5 39 82 75 89 70 85 57 24 80 13 78 81 19 50 36 65 28 97 74 42 27 41 50 31 34 46 3 47 54 81 33 38 1 48 45 58 53 0 41 4 99 81 48 66 63 51 45 54 13 93 52 64 82 41 52 98 87 41 76 14 85 70 33 89 92 43 34 87 56 5 71 56 17 47 2 64 2 19 29 8 49 86 47 2 5 47 5 61 95 57 1 21 1 33 78 27 33 13 51 9 16 27 15 13 81 83 97 87 24 4 51 9 85 48 8 2 67 69 71 29 6 76 50 93 1 95 79 94 68 23 20 50 16 32
65 58 31 18 29 25 100 62 25 61 84 44 76 59 30 53 98 48 57 52 90 17 97 73 77 79 58 63 17 48 60 15 34 4 36 31 15 100 92 67 24 73 81 99 34 40 40 32 92 4 41 57 65 43 15 27 14 44 31 4 84 65 20 69 7 98 32 43 96 21 3 24 20 1 13 46 6 73 15 27 34 67 47 0 86 6 32 90 76 2 13 75 68 79 51 55 1 37 59 98 0 65 35 87 65 37 54 99 19 99 79 21 17 35 99 82 80 53 7 70 30 27 68 8 43 81 87 50 15 91 44 9 61 98 23 55 23 87 46 54 28 67 41 73 55 87 68 9 36 97 92 62 4 32 77 2 84 52 32 24 30
66 23 51 21 96 30 31 0 40 73 55 18 2 23 0 53 32 19 54 71 49 66 46 98 22 36 66 18 52 26 10 15 42 22 12 36 14 57 2 4 84 8 1 3 97 45 93 74 20 6 86 31 0 90 81 19 34 8 93 66 73 84 90 3 1 68 71 7 100 46 15 31 30 54 26 96 53 74 64 2 86 38 74 75 71 24 43 40 77 30 65 32 55 11 93 28 91 23 36 38 56 59 17 60 87 63 18 62 22 93 73 6 47 43 74 93 88 67 75 73 10 76 53 41 45 52 27 52 98 89 34 51 17 99 4 15 42 8 16 23 95 15 78 16 99 7 63 47 23 69 78 84 100 34 94 31 13 36 45 34 30
55 38 63 20 20 44 56 78 31 100 78 62 21 83 12 30 79 49 13 23 1 40 80 31 20 80 68 99 22 20 48 71 50 25 35 14 59 78 57 52 37 6 3 53 88 44 9 94 33 15 32 39 9 14 61 70 7 52 88 59 46 16 24 26 96 57 80 71 78 23 81 70 6 18 84 19 58 46 32 69 51 33 18 69 90 22 48 16 19 47 65 42 61 45 25 6 10 46 16 78 3 88 40 5 79 93 23 22 78 89 24 17 17 5 20 45 91 66 91 36 60 87 69 64 39 4 5 31 73 85 4 15 33 12 10 44 31 31 61 17 57 33 31 24 59 73 69 26 72 81 27 80 41 50 80 3 5 37 18 96 68
1 29 37 32 32 92 38 40 69 67 86 73 31 53 50 86 35 91 71 15 71 84 10 1 78 7 97 38 74 12 30 68 60 31 94 72 24 62 78 13 17 28 84 43 36 78 83 6 38 71 77 3 96 2 18 83 16 13 58 48 33 60 18 16 95 34 14 85 37 85 75 90 10 86 54 100 8 18 96 7 6 90 97 64 78 90 45 6 5 45 88 11 62 51 25 91 72 86 42 13 46 31 12 31 48 6 59 80 13 95 47 1 5 14 51 51 94 74 84 6 31 98 69 61 61 65 94 6 19 51 83 6 40 6 90 89 92 28 93 59 73 46 97 16 38 86 38 26 76 90 70 92 30 45 76 1 49 90 97 88 65
9 62 59 79 95 70 69 97 16 27 18 33 36 60 40 65 84 40 34 99 3 94 57 42 26 73 97 16 82 13 79 87 69 6 39 43 71 27 57 47 58 56 79 82 13 99 40 10 80 48 72 35 70 82 21 18 80 47 88 53 73 60 5 45 11 99 56 54 84 94 94 40 95 40 3 87 0 7 87 40 37 35 38 92 34 68 9 8 93 71 58 95 76 43 65 46 76 66 20 90 22 63 92 46 7 41 83 61 62 61 11 72 22 31 53 68 4 15 68 6 2 20 72 4 44 65 46 89 29 63 68 88 58 7 4 9 43 38 95 69 31 1 22 48 72 58 60 4 98 74 3 92 36 34 84 52 87 90 50 0 71
33 27 7 25 20 7 21 46 82 86 63 60 54 39 20 67 19 17 63 30 29 81 97 65 61 3 23 6 28 90 78 63 12 70 63 64 28 49 7 8 41 23 35 62 44 58 3 46 69 95 99 37 43 0 47 83 98 72 8 75 4 29 30 25 56 66 29 46 98 2 46 24 95 55 90 81 69 84 91 73 26 83 40 2 95 28 21 61 6 25 44 78 37 78 23 67 5 29 85 55 19 30 38 49 14 33 28 55 86 19 52 74 43 31 82 56 89 30 83 47 39 100 22 36 7 0 72 26 57 66 8 85 94 7 81 41 94 5 70 18 47 87 82 25 39 56 26 59 92 20 61 73 74 12 24 33 52 96 89 25 94
6 7 36 24 98 10 19 80 31 1 69 10 90 30 82 92 33 47 69 58 72 90 57 59 34 21 78 94 75 77 38 58 23 53 63 0 75 86 20 25 62 83 55 50 58 0 65 95 16 60 84 20 81 0 77 91 27 81 85 21 85 29 47 50 80 7 25 63 94 96 96 25 5 31 38 90 85 78 42 35 72 39 27 89 38 58 46 3 7 75 42 91 88 91 59 41 37 87 69 94 40 84 67 8 95 60 77 1 19 56 17 32 64 36 32 10 35 93 59 24 9 22 5 1 50 79 44 31 44 39 66 57 29 98 76 83 98 20 53 73 70 57 23 13 57 24 51 32 93 28 67 44 99 7 20 7 44 54 79 39 48
2 40 11 14 90 57 67 34 73 33 79 32 40 93 76 13 68 53 89 81 26 77 59 2 99 91 2 66 99 32 80 72 16 27 57 0 55 46 93 57 26 0 8 55 69 19 96 40 65 11 99 100 14 59 32 16 66 78 24 42 6 77 30 94 2 61 70 58 88 83 28 48 85 21 38 20 22 99 52 67 25 77 20 22 88 72 53 54 21 1 0 27 65 20 60 83 82 34 3 51 61 94 94 42 19 59 65 61 22 100 51 48 90 89 20 97 90 80 72 82 96 65 58 80 99 4 40 45 24 51 37 57 79 5 46 34 70 40 46 51 87 79 49 27 20 97 95 43 2 75 88 84 14 31 95 97 26 50 30 14 7
88 16 54 8 86 98 11 86 80 2 20 8 5 50 81 89 58 84 61 2 49 46 33 38 37 68 54 96 33 73 71 69 69 10 57 6 66 26 100 99 0 34 14 48 23 46 44 76 49 24 80 52 47 95 53 28 85 92 75 91 75 28 1 43 48 59 65 45 90 56 34 64 34 59 26 58 64 73 21 33 26 17 32 26 17 31 50 30 26 82 39 26 72 95 58 82 47 96 40 14 25 55 25 27 32 86 50 40 2 19 13 30 77 19 11 23 34 11 71 95 100 81 64 72 70 27 47 71 24 90 71 70 13 98 33 63 29 72 30 94 26 14 80 10 100 89 53 9 15 97 38 74 15 78 53 93 6 85 12 69 27
63 94 63 58 72 73 30 84 61 59 7 4 53 75 74 100 8 36 55 4 45 94 15 7 37 66 40 91 3 56 19 74 40 60 3 5 59 37 29 2 50 81 41 57 2 26 32 21 20 10 4 56 90 76 1 18 21 98 64 22 37 63 71 62 44 64 74 42 44 0 10 30 45 25 95 22 28 92 66 76 89 29 76 27 32 87 20 51 9 59 66 18 92 92 95 73 74 19 10 8 82 26 7 63 77 58 38 46 77 25 21 62 65 72 99 58 72 92 18 1 62 4 94 36 29 70 95 61 91 73 26 100 10 19 3 55 4 24 91 53 36 6 46 22 17 86 78 84 95 18 14 19 99 27 48 80 60 95 91 39 56
16 0 97 50 48 23 62 21 78 87 80 38 30 77 58 14 72 36 6 19 86 79 47 89 67 68 63 4 70 21 74 94 89 68 78 83 49 64 52 90 94 100 90 41 75 58 21 84 73 52 50 89 43 84 100 99 8 35 58 24 95 90 23 48 80 2 28 43 70 38 44 89 72 51 39 66 88 13 8 21 93 60 37 55 69 93 90 40 61 13 1 17 56 56 44 61 37 88 23 3 3 65 16 22 95 46 62 90 87 48 100 17 1 45 92 88 16 28 5 9 41 92 14 18 1 22 45 81 15 63 70 7 71 64 71 44 55 30 96 22 1 6 71 31 79 58 13 0 3 74 82 33 56 70 73 19 60 68 10 10 74
79 3 72 54 5 39 40 93 88 59 71 81 13 95 22 24 23 98 76 33 62 9 8 30 45 79 61 0 11 59 33 59 11 47 90 94 72 54 54 15 49 98 58 51 9 28 65 70 66 28 81 55 67 56 74 38 26 50 1 59 58 54 68 43 11 3 71 23 44 17 28 48 30 27 81 43 30 38 16 42 58 26 74 80 52 45 65 17 61 98 11 9 41 76 80 45 19 55 48 78 22 41 32 13 93 59 59 13 47 94 53 40 35 67 26 84 95 0 94 2 70 55 60 62 97 90 59 39 59 28 70 95 15 10 8 75 5 31 83 50 51 78 50 96 62 89 83 89 99 79 63 51 55 89 19 64 30 84 45 57 95
74 3 46 76 82 62 79 82 53 79 79 41 3 56 16 88 91 50 57 32 87 86 51 48 21 97 19 76 27 90 56 41 17 97 49 43 29 69 93 4 69 44 4 5 18 100 93 24 84 90 54 95 35 82 99 74 57 43 62 70 21 26 44 95 45 45 57 92 50 28 91 5 56 72 53 25 1 42 32 67 13 64 73 46 56 39 67 67 34 82 18 7 23 22 15 32 12 14 5 9 79 37 46 70 56 53 1 6 37 19 37 31 23 73 45 61 71 33 35 1 78 44 75 95 87 16 45 2 24 52 96 15 35 30 8 55 68 7 13 76 46 26 32 64 72 61 35 72 9 47 37 93 63 15 88 8 41 17 69 39 87
39 36 42 56 2 95 68 28 0 27 100 31 72 14 8 5 31 58 84 67 85 2 97 7 91 15 31 100 1 34 51 14 81 11 49 89 77 55 48 31 58 18 65 29 79 28 73 68 26 97 9 57 38 81 63 81 12 33 15 48 81 26 71 73 18 22 21 46 97 38 31 35 17 83 25 3 30 82 34 98 49 14 44 15 67 78 59 96 4 6 69 36 53 4 33 38 37 95 83 13 92 10 41 57 82 17 24 8 36 66 28 54 55 0 61 55 34 72 83 12 97 18 48 15 46 24 68 43 50 13 71 20 100 44 68 52 69 96 34 42 39 26 54 94 20 57 35 74 30 20 62 12 61 61 23 31 29 33 92 92 22
83 67 93 14 28 98 94 2 89 43 24 10 60 90 32 48 80 27 69 45 48 87 21 99 16 99 8 52 94 35 71 15 29 20 53 55 22 11 13 57 44 53 30 13 78 71 26 52 49 5 12 82 57 31 94 76 36 73 4 50 32 40 95 25 85 56 100 21 17 88 46 61 70 92 91 24 92 68 74 38 100 6 63 2 12 78 60 6 92 100 67 74 59 21 67 17 6 39 22 17 69 62 9 55 83 100 56 52 66 43 46 78 36 15 100 87 36 60 68 29 44 49 34 8 12 21 3 2 29 44 75 13 33 72 93 31 1 7 62 27 77 61 27 32 51 67 2 11 98 66 82 95 88 33 21 32 12 12 81 92 60
13 65 87 89 61 55 99 70 94 81 50 95 52 76 93 7 58 86 37 53 48 96 93 78 24 18 48 35 96 58 42 70 32 14 22 19 89 99 58 82 41 22 19 67 38 72 77 32 50 62 24 37 32 31 24 40 75 41 66 76 38 74 72 56 16 9 89 31 92 32 81 94 20 29 79 97 45 36 90 31 13 7 93 78 76 94 79 60 51 70 36 92 91 16 32 30 86 68 3 53 63 94 90 89 28 83 46 11 17 34 64 50 43 13 44 49 69 96 54 16 87 6 66 25 15 43 16 8 72 22 60 83 9 99 95 15 20 35 23 94 49 16 12 53 45 73 24 31 75 13 70 90 81 18 56 4 37 49 94 58 20
24 4 63 80 50 49 74 47 73 68 69 33 76 42 93 1 76 37 72 4 99 99 56 93 24 33 6 10 61 10 72 86 28 48 18 66 95 21 65 62 25 95 14 33 62 52 14 44 18 95 33 100 68 38 18 81 3 55 68 8 30 39 69 56 67 18 9 83 31 62 46 45 42 41 48 36 75 33 73 59 59 65 50 100 27 64 79 74 5 93 49 59 79 32 71 87 74 74 67 31 16 89 51 64 57 14 33 27 10 56 83 17 90 27 41 99 44 80 44 6 63 79 95 59 27 33 62 3 13 2 51 42 63 39 73 99 72 72 18 8 39 52 5 26 41 41 47 93 69 79 63 54 77 86 66 78 88 5 73 94 59
31 58 76 92 8 25 26 93 13 45 16 61 72 65 6 34 25 27 96 60 58 66 5 60 14 45 68 29 17 19 25 29 68 33 51 23 14 3 25 81 4 45 51 49 77 34 12 18 63 53 97 29 58 100 2 37 33 44 3 74 48 24 82 45 67 75 31 61 2 30 78 68 56 63 34 54 43 14 65 0 75 54 92 7 90 70 0 7 72 59 96 96 0 2 12 48 27 35 67 81 70 80 75 96 50 66 27 47 58 83 71 69 40 22 87 33 16 46 53 92 10 41 95 17 11 45 47 59 1 27 44 23 87 17 40 20 94 68 47 90 40 25 40 57 77 91 42 32 76 6 66 33 44 16 89 11 61 28 7 14 75
59 73 14 78 12 72 34 2 46 89 84 43 39 46 96 12 7 82 8 66 97 75 87 31 78 75 80 55 28 15 23 46 26 51 2 81 74 6 75 81 37 90 37 80 12 4 99 20 25 52 2 17 16 15 40 13 32 43 65 50 96 76 65 59 75 25 55 95 58 11 43 69 51 34 3 45 13 16 99 53 53 26 24 81 0 69 9 47 81 84 56 53 90 40 90 67 23 79 35 8 4 40 18 61 55 19 10 3 89 73 49 18 62 4 51 87 94 42 97 69 68 48 82 96 50 71 82 53 29 37 96 80 64 55 40 83 45 75 31 41 63 57 19 47 94 66 23 58 5 37 65 17 75 54 37 39 73 13 45 64 81
10 5 38 66 14 9 10 77 50 61 3 60 50 28 64 7 37 82 13 75 1 39 1 6 70 53 31 24 34 55 15 87 97 62 15 30 56 58 68 51 54 33 33 36 76 77 24 43 34 77 77 88 28 58 86 49 44 65 36 35 99 11 84 21 66 6 74 71 54 29 72 43 45 64 16 21 4 41 71 33 99 19 33 18 66 88 74 87 62 36 15 64 18 52 28 10 73 82 71 5 11 43 40 31 64 47 35 17 82 7 82 82 35 14 90 67 38 53 4 6 14 4 25 86 70 27 38 50 33 95 98 0 99 67 95 21 72 47 15 34 93 6 74 59 14 51 55 66 88 14 5 31 17 82 92 95 2 15 62 18 84
33 56 49 83 23 100 25 24 64 46 50 33 40 78 40 2 52 25 1 69 46 79 38 85 74 83 1 83 56 60 94 59 87 70 31 68 32 85 61 79 92 62 22 28 24 28 44 80 29 69 53 25 68 43 70 28 5 58 28 27 72 40 88 76 11 19 76 93 1 78 12 71 92 98 58 66 59 39 73 11 81 52 100 7 36 7 24 78 8 42 86 40 24 59 11 67 81 77 61 44 36 49 92 14 34 45 26 83 18 4 52 85 64 42 24 29 22 71 72 47 17 56 0 80 91 47 52 75 2 8 96 29 87 29 84 27 63 97 1 93 95 94 72 80 72 88 96 76 91 0 55 83 66 28 86 64 26 16 46 38 97
84 34 72 92 86 49 49 40 55 61 45 81 97 82 41 40 73 17 2 34 62 74 49 66 54 6 93 46 54 36 92 98 17 82 45 24 14 86 59 5 82 18 71 2 99 51 84 23 28 62 64 47 34 13 25 76 50 31 94 12 43 51 11 97 95 43 21 36 25 93 0 97 85 16 97 3 51 19 79 27 82 9 40 82 26 8 30 88 89 59 84 66 82 13 22 22 21 42 0 0 75 79 94 60 58 68 41 57 32 59 22 62 94 12 51 33 57 55 31 19 62 52 34 91 76 55 61 53 74 7 28 28 22 40 21 100 58 40 90 77 87 53 45 60 73 14 40 52 46 47 18 80 20 3 90 70 61 9 87 41 92
23 82 97 77 1 71 68 42 0 30 17 16 20 23 29 79 84 31 96 88 18 21 71 41 14 50 60 72 71 81 21 67 69 96 45 80 35 32 49 80 24 92 51 16 68 76 100 83 94 83 81 17 58 43 76 58 1 6 71 52 53 23 40 80 21 7 86 54 34 53 86 75 88 19 25 51 99 8 47 76 27 90 40 11 62 33 6 38 85 7 32 61 62 8 60 60 41 16 23 97 90 64 79 56 29 31 16 62 92 43 57 92 25 4 37 32 0 16 59 70 80 87 5 27 40 23 47 2 34 99 1 39 7 39 37 1 32 96 87 39 11 55 21 33 5 39 43 22 55 66 30 36 95 3 58 20 39 95 17 92 22
61 88 96 46 80 30 25 95 6 95 93 52 53 46 68 3 71 91 12 80 22 27 26 19 7 4 41 99 97 20 88 4 57 92 70 82 56 76 37 56 91 3 6 0 100 36 19 75 18 16 24 43 38 96 85 68 67 33 27 62 0 60 21 25 24 12 28 12 70 3 43 88 83 56 85 38 60 62 11 76 6 77 97 41 51 4 27 55 78 83 90 42 62 76 31 39 40 72 29 97 29 69 73 34 79 57 10 65 88 38 100 13 50 28 68 95 27 72 24 26 94 87 25 86 8 30 81 42 51 31 54 57 25 26 87 27 96 64 11 57 94 38 39 26 46 72 72 28 40 21 7 38 47 62 30 88 82 36 66 94 25
35 14 30 56 82 22 35 91 83 36 5 23 46 100 51 44 69 43 3 0 17 51 74 41 65 10 78 11 7 13 38 44 54 13 8 80 35 36 100 11 37 34 81 78 96 82 21 25 35 89 11 33 94 3 50 45 88 91 22 10 98 18 29 56 1 67 21 74 66 40 83 0 66 23 79 25 80 14 58 53 37 75 99 26 50 57 98 50 95 78 51 76 34 63 86 75 75 48 75 79 42 94 32 100 73 91 77 84 37 57 50 96 21 99 82 80 75 71 50 96 54 34 68 62 79 24 42 6 91 77 58 77 92 16 64 26 44 52 60 70 67 22 22 15 88 26 68 84 26 25 31 19 98 52 26 18 56 34 53 25 16
49 82 21 3 21 85 40 1 68 61 65 23 77 18 79 5 66 92 2 47 54 88 2 39 74 99 60 100 18 57 26 52 98 26 1 25 13 63 53 27 77 88 82 42 45 42 56 18 6 33 7 79 86 8 76 18 35 6 12 97 53 97 20 50 66 94 94 85 81 58 59 72 5 67 19 69 82 18 72 59 45 14 51 42 37 6 20 62 8 95 86 36 96 87 36 88 52 46 81 95 77 46 33 0 60 42 4 35 26 23 37 77 95 13 24 2 88 87 29 36 84 40 76 3 63 62 90 72 13 79 33 71 0 44 72 42 39 58 44 17 66 70 9 23 67 99 15 14 14 29 44 98 0 35 61 92 89 59 93 10 21
96 66 22 25 85 5 86 16 80 59 92 72 29 84 19 33 55 41 61 29 79 83 54 14 25 46 97 11 79 29 75 79 3 12 36 41 29 14 56 91 39 63 89 74 9 99 21 62 94 65 59 42 11 61 41 73 94 39 19 31 30 54 81 96 0 61 88 36 98 1 64 58 24 59 16 99 55 61 43 14 63 70 23 74 43 97 33 41 0 70 96 1 84 1 20 22 26 98 65 45 25 18 68 28 44 94 40 49 44 28 47 53 88 44 26 6 36 64 36 10 51 53 28 18 74 95 27 43 15 19 64 54 92 32 46 41 47 59 61 77 27 8 20 24 82 35 72 26 72 41 79 79 48 51 90 27 37 39 15 31 46
70 75 34 59 56 42 36 73 24 46 30 50 30 48 19 33 64 88 13 45 26 74 58 82 64 86 23 25 33 38 53 95 90 81 82 45 30 1 18 56 41 57 24 97 60 37 69 100 20 73 79 25 89 18 79 75 39 32 12 24 43 76 55 13 17 14 94 3 51 49 57 58 72 92 1 23 34 16 8 25 39 77 7 5 25 60 16 77 54 17 51 48 63 73 32 2 55 81 86 100 22 77 38 12 40 65 51 86 19 11 70 44 74 22 87 68 7 27 3 19 8 7 66 33 65 65 58 79 78 39 36 95 39 77 91 24 39 3 91 54 17 0 95 57 98 28 28 81 63 87 69 97 57 49 14 57 1 54 15 37 26
89 14 21 27 30 11 72 86 43 77 8 33 53 62 13 70 58 75 97 66 44 95 47 29 26 0 30 24 85 28 3 2 71 38 70 28 85 46 77 88 62 43 41 82 87 55 41 13 77 69 56 88 99 78 31 44 45 62 28 60 72 66 87 75 41 4 79 73 38 90 72 98 58 82 29 69 65 24 16 30 11 20 57 77 38 93 88 90 3 6 83 55 97 41 90 77 67 21 48 41 20 94 14 8 100 100 45 84 15 57 14 87 57 92 65 20 35 35 58 67 53 58 13 92 63 95 93 94 47 29 4 67 89 47 58 49 2 100 54 25 63 64 52 15 54 30 30 83 85 3 77 21 86 29 62 21 11 80 44 3 34
86 92 14 21 83 91 18 62 47 47 100 65 95 38 80 34 8 98 24 4 75 59 21 95 34 88 92 85 88 10 70 33 94 90 80 28 36 82 80 3 65 79 17 1 5 78 30 92 67 98 100 39 62 80 100 49 35 13 48 13 61 87 20 75 53 45 88 50 25 0 65 62 63 54 43 62 14 3 81 0 58 42 12 91 55 100 84 33 66 37 57 8 56 85 61 44 85 27 82 21 13 21 100 59 3 0 86 1 98 90 100 50 82 11 66 11 31 29 61 23 58 95 90 37 4 64 31 96 100 12 44 15 11 79 2 34 47 18 82 56 86 33 78 8 20 37 65 77 65 37 74 59 24 80 10 99 1 37 31 9 39
87 52 14 59 3 90 19 1 69 77 41 27 39 37 10 1 28 44 79 73 44 29 23 92 23 27 58 59 9 97 20 62 97 15 100 27 49 24 58 40 23 8 57 30 82 96 55 53 63 83 67 45 37 95 51 41 56 58 79 58 4 33 19 19 17 94 59 55 39 51 2 66 42 95 50 55 92 5 9 61 43 16 62 74 0 76 90 16 79 79 24 83 89 57 27 45 74 62 81 72 10 39 71 47 82 55 26 19 30 92 34 14 82 68 24 48 17 91 42 56 98 44 49 24 28 91 89 99 18 23 70 20 37 59 96 94 100 59 3 86 30 62 41 59 94 62 68 60 81 0 94 60 76 43 41 17 60 26 0 16 93
94 56 80 59 53 32 63 71 41 35 36 57 68 91 97 95 80 24 11 15 74 64 44 59 1 85 67 30 2 97 93 96 28 97 60 86 93 84 87 65 8 67 36 5 90 37 85 39 1 67 71 50 38 64 21 13 80 30 43 30 89 65 45 92 62 81 55 38 11 58 39 28 11 12 3 80 79 40 50 83 31 4 51 31 29 3 18 77 19 17 39 91 53 18 14 46 6 66 100 3 88 7 46 95 93 75 24 57 6 79 32 58 8 7 56 67 34 59 51 63 5 84 60 85 100 57 45 45 99 79 36 17 93 20 51 49 7 17 86 22 42 99 88 22 1 2 26 89 18 83 49 22 70 35 90 60 52 52 93 56 52
87 18 81 87 13 18 99 22 20 82 98 95 42 63 53 17 39 77 18 73 28 6 11 2 77 10 50 73 0 27 95 50 25 47 50 94 60 68 57 68 47 67 96 87 7 45 74 47 47 76 72 19 34 15 60 48 63 58 25 80 24 33 48 18 19 85 48 27 82 37 56 53 10 29 92 22 56 95 61 99 14 27 16 25 37 90 64 4 4 86 67 85 33 85 72 37 49 87 55 48 82 21 80 90 82 37 66 27 49 17 98 3 21 35 45 6 52 39 12 94 5 30 74 1 81 57 90 22 26 76 64 90 67 21 67 25 46 61 83 58 65 97 1 62 1 43 28 94 20 97 48 54 64 48 55 65 31 4 24 95 16
43 51 13 89 27 55 22 15 10 40 59 19 95 96 70 57 77 64 14 81 59 38 86 73 95 10 72 40 75 21 97 72 28 63 74 10 42 8 20 39 21 36 24 2 77 6 5 89 87 74 50 44 93 9 20 28 2 63 34 18 89 42 31 50 74 42 27 20 100 96 59 94 20 94 70 78 47 77 38 33 92 49 73 19 57 22 5 65 11 37 58 91 69 1 9 59 46 9 99 49 12 22 23 11 28 89 97 17 80 67 28 28 69 75 25 69 68 93 87 44 11 88 52 58 29 28 79 77 46 63 20 55 67 57 16 28 15 14 31 93 7 74 81 14 7 35 78 22 60 29 83 7 58 36 48 96 85 96 37 86 71
71 47 15 33 79 26 85 96 31 26 11 84 91 66 83 77 71 84 15 71 75 61 34 55 18 5 33 38 24 87 34 69 58 80 2 11 68 80 56 100 0 64 97 66 61 28 22 6 98 3 30 94 69 43 85 71 10 84 51 93 55 19 81 70 30 47 33 48 94 3 68 60 15 2 26 71 30 52 79 65 83 53 15 94 87 86 91 5 17 75 77 96 31 0 52 18 21 39 58 55 69 71 2 66 6 14 66 56 0 21 89 78 82 84 15 29 31 64 31 10 68 68 0 81 32 74 14 13 31 99 22 54 100 55 40 51 45 15 83 22 72 36 27 36 63 3 32 24 31 63 8 81 15 68 57 69 42 38 62 31 60
59 71 95 52 0 91 2 81 84 53 12 10 50 34 21 60 91 64 60 97 21 8 65 82 42 90 30 45 91 14 15 26 39 15 20 72 63 6 18 27 51 7 3 75 2 34 18 97 72 8 19 56 97 3 30 26 35 12 63 16 30 19 17 99 86 100 44 74 91 48 87 50 30 27 36 69 10 29 48 31 55 27 75 19 88 32 2 55 88 36 74 46 33 55 42 20 6 37 37 25 32 4 64 23 97 46 78 43 16 48 84 54 46 53 46 94 48 28 26 73 82 42 23 23 13 51 18 26 27 70 56 4 34 73 15 97 58 37 54 71 59 32 6 63 96 59 78 87 23 64 85 81 7 80 13 46 48 23 91 9 79
44 76 98 73 74 66 54 91 67 33 92 42 100 25 46 63 45 39 27 12 97 12 40 31 2 54 15 30 64 23 44 96 49 30 31 39 50 77 25 38 79 8 97 33 35 98 0 51 57 33 93 18 73 18 78 73 12 86 68 64 81 78 74 50 18 65 18 16 60 29 82 98 82 99 85 75 90 50 47 15 23 74 22 71 71 24 12 80 82 22 55 50 83 86 52 23 40 88 67 25 6 61 65 6 72 84 19 79 40 47 65 2 74 22 33 45 100 33 61 49 21 69 35 84 42 29 36 33 28 55 86 33 18 76 66 35 47 14 47 83 33 60 34 4 19 81 52 45 88 23 57 7 90 88 82 33 16 15 5 73 83
44 91 5 30 28 33 87 66 92 1 19 74 90 40 84 72 79 24 70 93 62 21 34 50 65 57 51 30 68 63 90 97 12 62 78 18 73 84 51 10 28 20 17 10 47 42 64 73 93 94 73 41 65 77 63 44 45 72 82 49 88 38 97 44 89 46 92 18 89 95 96 13 59 65 18 6 37 15 4 13 30 47 63 62 56 42 63 6 29 72 41 60 80 53 63 4 22 3 16 5 74 71 0 24 48 74 22 2 10 13 75 70 46 51 42 31 43 91 57 99 13 67 51 47 23 22 29 81 55 4 7 21 100 45 51 66 88 52 41 56 21 51 20 39 10 4 75 39 84 51 4 30 42 50 78 57 13 26 50 43 19
65 42 65 75 20 43 33 31 65 33 47 17 47 100 64 85 84 94 1 18 94 81 42 36 26 23 85 93 55 39 68 96 60 22 45 86 18 86 69 41 78 45 37 6 90 64 75 71 71 40 14 38 58 9 93 94 35 30 86 63 56 52 93 60 75 79 7 18 76 99 69 11 55 38 47 64 4 43 19 39 5 10 95 49 86 53 66 7 99 83 29 10 67 68 50 26 21 73 44 94 38 29 46 73 53 56 36 28 96 57 7 12 83 31 65 70 60 37 36 7 5 32 90 13 82 84 74 21 17 23 2 54 72 26 34 51 30 66 91 30 25 2 92 0 44 24 51 75 4 48 63 99 98 61 80 1 12 96 98 20 68
78 88 41 8 69 60 86 12 72 7 13 26 96 31 36 85 21 4 33 92 97 8 99 41 18 12 42 39 71 62 10 37 99 25 21 75 5 19 54 41 79 10 52 43 79 2 33 36 19 66 37 44 5 99 88 83 8 95 24 31 17 71 17 24 72 9 21 88 19 61 3 100 50 91 58 35 21 45 28 16 22 21 61 75 62 15 41 36 59 35 34 30 75 35 11 73 11 26 16 31 36 71 30 43 78 90 39 97 24 33 30 3 26 74 94 48 86 19 56 20 64 50 9 61 49 96 69 50 84 34 7 92 97 96 50 89 45 36 6 49 30 100 42 47 91 83 50 15 38 78 92 62 57 89 14 53 71 37 25 96 35
59 71 75 33 23 98 9 25 31 54 14 63 38 8 23 1 35 11 71 81 37 35 65 57 2 82 93 82 1 74 68 2 94 33 25 27 43 70 47 71 30 3 60 21 31 30 54 14 14 54 74 36 38 39 49 86 55 9 83 34 43 46 27 0 78 28 4 71 86 89 46 58 85 81 90 97 97 9 25 89 59 34 24 25 20 44 41 1 38 33 23 86 37 81 70 11 16 49 13 30 62 59 10 32 80 82 23 78 93 8 68 65 77 74 97 41 61 61 91 12 32 79 99 56 75 32 76 10 77 76 37 14 86 36 5 35 13 44 16 75 49 85 49 87 74 24 38 78 20 82 25 43 76 63 9 23 49 90 75 85 35
51 65 54 84 3 74 50 18 92 90 63 94 63 35 25 35 2 6 60 21 39 21 88 94 31 22 37 52 86 66 66 52 53 25 12 82 85 63 9 88 81 89 35 98 97 7 52 76 73 68 37 96 44 48 23 95 92 58 42 71 97 53 59 3 64 2 38 13 71 3 71 24 71 52 94 28 22 95 48 12 42 87 50 69 83 5 76 74 12 56 5 33 43 33 91 39 86 36 27 5 22 49 18 79 25 99 5 83 12 76 65 32 81 99 6 77 57 64 6 85 65 9 40 80 90 87 51 68 69 6 30 31 28 23 82 18 22 9 31 42 20 100 56 2 53 37 74 100 31 87 13 77 91 38 64 19 68 16 60 74 64
51 40 57 49 72 17 35 53 74 60 64 12 34 77 56 48 6 66 99 63 15 61 14 64 56 65 11 4 44 73 89 4 54 57 95 58 26 27 90 54 67 84 80 15 31 57 51 25 63 74 12 9 96 32 66 28 78 96 29 18 92 20 55 95 18 47 87 96 27 14 31 57 48 93 31 29 43 25 61 69 12 77 38 95 70 4 73 63 2 1 57 7 55 95 26 33 78 10 8 7 15 67 25 2 97 88 88 71 92 37 60 88 51 74 79 51 90 32 73 88 11 16 32 89 93 56 24 84 0 66 49 75 49 36 17 47 73 10 54 85 87 70 58 85 72 73 97 53 80 4 9 0 34 99 30 79 17 2 64 3 10
76 51 5 7 79 83 30 72 7 57 93 24 99 96 23 45 79 48 78 20 72 19 86 67 53 80 18 73 45 18 39 38 31 21 80 100 7 97 30 75 17 96 2 56 18 52 39 97 77 19 55 53 35 88 6 4 6 25 69 91 34 42 16 51 85 25 13 43 72 39 36 75 2 24 16 80 26 54 80 74 89 85 94 80 49 51 2 6 3 80 59 91 11 20 94 9 67 76 42 96 93 21 90 36 32 49 44 50 84 45 2 29 40 66 73 25 74 33 100 64 34 40 67 16 79 69 91 91 49 93 77 19 80 77 56 10 20 89 27 99 75 41 88 73 57 17 30 48 49 65 21 93 46 73 83 16 32 80 41 54 24
56 2 75 83 53 66 28 84 77 5 23 41 21 47 14 0 90 64 92 40 62 62 53 45 30 11 25 46 68 83 79 10 92 74 62 53 96 26 7 67 68 33 90 15 66 18 93 31 80 21 1 56 63 1 68 13 93 84 6 56 2 30 25 50 31 25 22 50 27 62 85 22 64 92 36 10 31 55 84 68 67 5 86 48 24 12 12 66 3 14 24 98 1 40 85 46 9 76 66 82 31 37 56 100 50 3 83 43 81 65 19 37 73 65 96 50 82 21 44 11 86 50 3 49 39 87 37 51 99 25 79 86 39 22 42 89 0 10 57 14 55 55 47 98 22 76 25 11 89 22 40 41 12 87 60 11 73 21 88 16 52
87 98 43 8 8 6 89 17 91 50 36 14 64 9 91 48 26 41 49 28 40 89 25 46 47 73 44 59 2 62 13 69 16 12 14 54 6 2 63 5 37 73 60 46 8 65 34 53 64 25 69 95 95 74 56 88 59 4 87 19 67 81 31 0 41 100 79 14 36 90 38 61 82 45 74 2 85 43 72 22 57 90 13 81 14 90 51 10 97 44 87 84 15 9 7 20 55 17 0 79 89 26 18 32 91 49 23 31 62 2 28 3 79 27 17 79 92 32 16 18 12 22 12 84 35 59 5 44 64 38 87 5 54 32 16 91 37 67 93 36 68 30 73 64 91 65 96 40 69 75 15 53 4 67 49 50 87 93 31 98 59
10 10 16 49 83 84 5 78 20 92 90 45 85 11 34 95 63 8 76 55 44 35 23 86 61 96 81 69 87 37 5 99 73 56 20 16 68 56 19 92 63 15 10 34 57 6 11 52 13 24 11 21 23 90 0 46 76 81 59 4 100 29 50 60 20 7 30 60 77 43 91 34 84 91 51 98 49 5 40 35 95 87 8 89 25 78 11 38 52 59 13 2 56 37 67 22 94 45 25 3 78 10 37 70 29 9 66 50 1 13 88 64 15 39 100 15 31 95 61 41 21 17 5 54 85 89 68 60 25 31 39 97 35 58 96 28 0 56 60 54 98 66 19 25 23 49 54 40 27 48 63 41 74 34 20 71 87 68 97 17 32
29 68 83 86 72 50 22 4 58 26 14 67 60 5 42 47 54 53 9 75 21 81 23 41 57 12 47 57 28 12 24 14 32 13 86 63 39 81 89 43 85 92 19 58 91 77 50 17 66 86 11 5 18 49 2 4 28 58 39 65 36 66 71 1 66 63 75 15 7 99 22 96 13 22 38 25 56 20 66 12 8 87 26 86 85 78 85 15 56 55 69 43 56 95 84 49 53 35 91 17 91 91 18 43 1 9 90 26 1 42 71 90 10 96 17 85 52 25 100 53 33 88 68 36 47 30 33 41 2 16 23 45 33 52 55 24 1 62 92 66 43 85 75 29 3 7 70 99 21 33 53 54 78 100 16 58 48 91 14 48 53
58 62 57 75 48 91 5 74 71 98 42 71 13 72 61 6 66 9 38 88 5 32 18 81 47 48 49 98 15 44 76 22 64 74 84 10 64 62 29 15 96 66 68 79 45 72 80 52 20 65 52 96 96 80 76 58 20 44 66 56 37 21 21 7 78 10 51 58 36 79 90 26 15 83 14 33 55 50 50 77 23 29 70 69 75 31 100 24 52 39 100 11 69 34 63 76 80 87 63 80 16 30 47 42 29 56 69 53 79 26 69 73 38 88 23 17 93 36 3 64 35 47 5 15 46 61 4 25 18 65 10 63 56 54 64 53 11 83 23 57 24 67 66 5 4 70 18 17 19 50 97 75 65 89 81 75 92 68 7 61 55
97 48 88 71 45 51 70 40 53 92 91 61 43 55 87 93 50 18 6 68 75 89 1 83 96 35 25 58 32 92 96 36 78 10 15 7 70 26 20 23 21 37 1 7 61 18 95 3 100 20 77 78 72 49 6 33 71 49 94 62 77 0 31 24 6 60 24 96 25 10 98 46 27 38 18 13 72 57 51 41 82 11 87 87 62 20 73 85 83 15 52 77 83 97 58 57 39 78 84 14 33 51 39 31 33 89 70 35 40 51 38 82 0 61 25 89 4 73 59 28 36 32 95 13 88 89 58 34 99 0 14 96 44 92 58 9 9 4 37 93 66 10 21 46 91 59 60 30 58 35 2 25 38 81 60 17 89 3 66 69 40
15 17 4 34 68 53 62 48 52 84 72 49 78 59 33 23 94 30 33 37 20 38 98 6 53 41 35 85 96 3 0 23 97 2 19 41 76 8 82 47 70 53 20 67 57 56 74 49 37 67 3 73 38 57 44 2 71 80 63 26 98 65 54 62 32 79 65 63 61 92 44 68 62 49 93 86 45 54 49 0 20 9 96 64 89 89 93 35 89 93 86 82 47 34 34 85 11 88 14 32 37 91 69 21 58 16 22 87 36 22 29 7 76 40 89 33 18 84 4 77 43 50 51 80 79 13 72 18 61 54 34 42 32 3 3 74 96 78 7 34 80 40 52 60 34 36 40 15 33 35 98 79 42 39 56 73 4 69 40 66 9
85 78 79 97 90 5 29 33 42 21 13 60 84 50 90 18 70 29 24 41 51 25 80 94 36 81 22 11 48 59 21 62 8 98 47 70 35 46 75 79 46 79 99 72 94 16 83 92 9 14 99 16 90 53 16 44 34 7 69 53 90 94 69 92 72 97 55 76 95 70 66 36 0 32 44 93 29 95 2 1 32 82 39 92 33 65 23 48 2 3 28 38 73 80 52 31 37 5 23 51 8 7 17 76 49 58 9 48 49 66 71 7 78 13 55 80 37 46 60 25 88 44 58 63 36 20 16 93 70 18 33 64 14 27 74 11 69 100 43 30 12 23 71 7 53 76 22 64 53 9 82 74 11 40 80 55 94 95 75 77 15
98 99 21 63 71 81 100 43 69 50 68 88 88 90 14 47 0 76 90 94 33 65 60 40 49 80 15 35 1 76 63 92 51 22 78 34 100 0 98 71 16 54 50 34 64 93 3 95 71 47 77 24 89 68 10 61 86 61 1 90 65 90 17 73 98 91 44 79 71 57 5 76 17 30 43 13 72 58 48 85 12 85 100 57 57 65 43 72 8 54 28 58 24 23 46 56 68 5 48 3 89 5 60 26 84 47 9 6 43 9 3 34 58 19 96 85 74 58 29 19 74 44 48 28 91 92 92 100 29 90 21 83 44 37 22 6 4 66 95 7 29 89 5 23 17 80 58 69 33 83 29 63 85 6 79 94 40 91 24 69 67
5 97 20 73 50 41 11 20 46 31 62 38 33 56 26 90 11 76 77 27 86 74 24 34 85 52 86 33 40 61 91 90 15 15 61 9 28 9 89 33 55 46 88 23 91 59 74 52 90 40 30 35 33 55 34 92 28 45 25 80 52 69 89 51 83 42 16 48 22 13 73 63 74 74 100 36 7 72 71 20 32 14 48 32 12 13 59 0 73 59 74 54 51 0 50 79 62 33 10 22 13 62 52 0 41 29 82 71 19 30 8 54 72 61 79 36 99 18 0 84 98 73 95 15 46 24 4 29 56 41 86 27 58 94 65 68 12 31 35 51 72 32 99 14 55 46 51 46 76 50 24 61 64 6 17 85 30 25 60 8 92
40 19 51 99 21 64 53 65 6 72 30 1 14 14 60 13 57 41 39 66 57 40 37 52 96 19 44 65 41 58 42 58 48 82 30 0 50 37 47 59 56 71 36 61 94 42 71 41 55 28 28 33 46 12 25 60 77 57 69 85 91 15 40 17 49 67 8 17 62 24 70 4 95 8 36 35 96 87 84 14 59 19 7 83 76 100 83 51 92 21 78 0 88 39 95 57 64 49 89 17 47 77 28 82 23 83 9 89 42 5 83 22 31 43 53 6 32 43 32 92 7 73 68 88 51 46 52 88 56 67 54 10 35 31 52 39 39 44 24 9 14 21 45 50 64 97 65 80 38 70 86 82 84 59 1 84 56 12 52 6 22
0 35 50 86 11 80 4 66 67 76 73 47 42 27 85 4 48 89 56 20 61 87 92 66 21 44 33 40 74 59 19 40 49 86 43 42 36 42 66 48 55 20 43 14 81 22 74 44 7 88 36 8 69 64 41 19 10 65 33 64 97 23 57 71 69 15 50 88 39 39 36 41 79 20 30 78 20 0 31 37 87 62 64 41 24 89 30 34 22 17 43 24 63 93 19 100 29 17 9 74 31 5 11 62 10 10 11 65 24 29 47 19 1 85 35 83 87 54 14 77 89 8 68 54 75 1 37 24 38 70 85 31 63 69 0 87 36 52 16 98 25 14 70 99 81 3 54 29 70 83 95 13 82 76 67 25 72 22 26 85 88
76 69 54 43 77 64 41 20 10 3 55 100 32 28 59 20 24 96 72 83 59 40 83 46 82 65 27 32 77 24 46 30 100 69 84 26 12 36 42 22 31 73 76 61 29 89 100 36 2 7 37 61 86 95 73 77 4 50 98 7 21 81 68 56 57 49 11 61 90 1 80 19 31 74 74 38 9 98 100 72 45 87 13 50 77 34 3 43 63 34 34 4 92 44 21 23 1 39 2 66 1 64 50 32 79 50 89 65 32 14 35 7 25 39 21 41 78 37 91 34 66 69 21 73 15 25 3 93 59 89 55 21 39 0 56 91 28 5 47 74 47 88 9 62 94 97 74 16 50 11 94 82 28 31 5 2 69 58 72 14 23
21 20 64 61 6 19 51 41 10 62 41 32 32 20 62 28 16 22 33 8 59 81 53 79 37 54 10 44 79 49 73 39 15 82 60 1 52 65 88 52 19 89 2 15 57 63 61 57 98 80 9 65 35 91 67 7 95 87 83 41 87 87 32 82 74 97 56 18 97 22 38 33 77 58 85 22 20 58 55 37 96 66 79 92 87 29 20 33 36 11 46 92 69 72 77 52 96 75 99 53 5 94 55 80 38 77 33 76 49 29 24 85 78 41 38 96 91 67 38 94 100 59 81 89 6 82 88 95 3 37 98 19 86 26 83 51 16 39 4 72 29 45 100 32 62 68 43 24 70 0 99 12 80 97 85 5 21 57 49 73 7
96 14 39 97 0 21 81 51 86 76 47 53 89 32 71 47 8 32 51 7 52 39 2 65 2 71 26 55 88 33 52 71 31 89 64 90 22 29 45 53 88 92 20 57 29 93 35 48 93 19 16 5 94 68 98 35 21 0 95 48 33 63 81 79 68 65 75 95 95 17 74 88 13 49 4 4 31 3 0 3 84 71 88 10 48 9 65 53 14 47 95 99 8 52 59 43 64 66 98 93 11 55 71 24 46 92 93 76 37 56 16 95 41 7 68 40 49 52 48 83 56 93 79 57 21 49 16 64 8 16 30 13 60 94 53 33 69 34 26 49 52 62 44 37 73 84 21 61 76 54 30 9 28 30 57 71 87 11 52 65 26
38 54 85 60 74 65 99 6 38 58 40 39 70 41 42 72 93 5 19 79 49 22 83 46 47 43 91 84 8 35 38 23 82 42 62 95 60 90 50 95 82 56 36 100 94 38 92 42 8 98 62 77 42 80 4 100 32 19 92 38 25 60 4 37 57 50 66 84 62 55 97 90 56 35 93 2 84 87 22 58 1 47 64 21 43 81 9 87 44 58 84 83 88 7 100 40 85 26 28 79 56 98 85 46 77 44 93 3 49 60 91 16 72 46 38 38 84 93 80 18 55 33 6 52 80 10 13 74 22 47 92 0 90 86 80 19 93 10 47 62 87 35 91 46 55 40 4 96 98 46 68 36 81 69 87 16 30 29 77 54 34
79 97 97 20 59 7 57 35 67 63 34 34 87 74 87 7 84 27 5 17 88 20 32 16 47 43 77 50 1 10 12 54 27 4 14 43 90 9 49 99 24 16 90 55 79 36 24 76 23 75 62 88 7 1 26 50 44 92 78 92 86 78 80 7 18 36 58 62 19 29 5 46 27 34 45 15 58 33 67 25 15 12 11 40 44 39 57 19 91 66 51 65 96 78 21 54 14 94 53 6 12 77 51 83 61 95 33 27 5 89 95 72 55 75 58 48 5 68 45 28 63 27 74 60 14 94 14 5 23 87 16 57 64 81 55 97 12 85 7 24 2 40 28 56 48 4 13 98 77 33 16 42 29 20 5 60 32 16 37 38 74
59 94 43 32 61 19 87 87 49 7 54 70 49 71 1 95 79 29 71 20 13 4 74 31 19 86 40 42 70 2 80 27 51 18 14 3 33 76 48 39 49 22 84 54 49 85 37 31 60 32 75 93 6 28 69 92 76 26 37 91 62 22 14 51 19 48 32 47 77 39 80 13 74 81 0 38 70 5 69 45 5 83 5 39 61 62 10 95 63 78 82 27 44 5 21 8 89 81 54 86 91 60 50 5 5 36 49 98 62 38 52 96 22 22 44 3 9 80 17 79 62 27 69 8 47 17 88 9 33 2 74 46 43 18 76 65 3 68 44 96 0 54 32 90 100 18 23 33 10 72 45 28 95 71 97 61 61 88 75 68 16
10 11 17 63 7 42 99 23 68 41 6 37 13 33 11 42 1 39 86 43 77 81 69 1 66 78 42 15 12 67 13 91 59 91 3 10 42 85 22 3 4 26 27 90 6 70 93 16 25 69 34 64 87 90 71 18 41 91 74 2 96 100 90 70 3 67 19 54 90 84 6 22 42 11 20 53 29 23 66 62 52 38 88 7 48 83 97 35 11 36 74 66 76 64 24 13 97 37 96 77 29 29 10 6 95 86 31 53 21 97 8 38 74 97 63 15 50 39 43 32 7 5 91 38 47 64 65 36 3 51 24 70 79 20 83 29 84 40 48 8 77 3 18 57 97 56 81 93 32 64 25 54 24 74 71 75 39 12 93 30 24
81 41 14 74 63 50 82 93 53 36 33 13 48 61 45 21 56 26 67 8 90 60 82 73 13 66 99 7 3 95 35 43 13 67 51 46 94 64 99 52 99 1 32 53 0 79 2 50 74 60 2 17 1 13 34 24 12 67 37 72 4 43 9 65 15 87 77 37 47 7 55 57 5 79 10 91 14 17 9 4 37 30 67 60 42 13 40 23 72 68 23 100 57 38 86 60 65 86 95 61 1 9 56 47 15 53 86 83 14 43 97 21 79 17 4 52 48 23 12 12 20 73 62 71 97 51 61 1 61 33 26 35 84 81 33 2 48 25 86 56 91 41 62 28 5 75 4 38 35 33 51 20 50 88 24 85 30 50 5 72 14
35 27 41 14 57 73 28 63 29 93 22 98 25 37 24 11 82 5 78 43 60 92 4 1 13 56 22 54 71 5 100 11 32 20 67 49 19 53 75 22 22 82 78 86 56 70 79 27 40 11 66 7 9 52 58 42 62 11 27 54 3 45 1 72 74 58 92 98 34 74 40 39 60 64 93 63 52 9 85 98 8 34 45 80 67 94 3 78 49 12 60 11 66 26 1 36 67 29 52 22 74 82 89 58 41 62 10 20 64 61 27 71 5 64 12 7 48 97 50 38 26 71 74 25 86 60 73 74 78 65 59 4 49 35 97 95 64 97 62 66 57 86 15 93 63 87 52 61 82 12 7 14 100 34 4 89 53 80 18 84 57
0 59 94 23 28 21 59 39 53 42 42 22 80 94 21 84 67 28 83 93 33 34 66 46 91 6 21 11 42 20 59 58 81 75 4 19 50 30 79 33 3 12 70 86 83 24 25 54 100 60 71 40 87 29 78 17 94 100 71 92 32 30 23 61 81 58 4 4 88 59 13 83 87 51 27 32 43 95 13 27 77 61 73 94 4 76 10 27 57 8 89 79 58 35 92 11 26 28 38 2 58 78 9 74 47 21 94 14 100 49 24 72 59 15 60 68 36 92 48 26 31 53 98 60 22 44 86 31 27 43 61 27 26 33 50 81 96 36 84 83 70 83 53 72 86 48 26 56 83 39 41 26 37 73 67 17 0 49 40 12 34
85 53 75 12 9 59 34 82 3 33 46 34 88 35 86 84 75 60 83 63 95 66 65 93 19 81 93 27 18 69 9 97 16 84 87 50 51 18 61 70 17 39 43 18 66 2 56 72 59 0 25 31 39 67 3 56 43 95 94 82 69 11 24 39 27 63 1 49 31 4 32 14 19 89 68 18 62 84 16 45 75 63 7 3 71 92 25 7 58 70 53 95 82 53 78 11 84 70 94 52 89 20 50 82 99 91 40 25 3 62 54 64 27 54 98 54 7 73 100 15 91 100 91 88 68 71 68 28 7 39 46 67 68 99 19 54 5 80 50 49 89 33 73 21 20 82 21 97 18 5 72 27 29 17 87 0 87 47 14 50 50
45 47 23 27 47 28 35 46 90 59 7 68 57 62 73 51 79 1 68 70 27 11 2 27 11 64 95 14 27 60 2 16 62 55 62 84 33 76 6 18 16 11 76 20 99 55 44 33 14 90 74 59 26 77 11 62 81 23 61 91 88 10 0 26 17 97 34 10 79 69 51 25 34 90 40 88 54 42 13 12 28 98 53 49 100 32 65 82 53 12 0 17 84 6 93 5 45 56 85 65 12 81 86 80 27 66 5 29 49 70 20 5 9 97 51 89 65 78 82 87 52 83 44 83 80 38 36 57 8 92 77 1 48 39 34 46 84 94 74 16 94 53 72 11 53 40 54 44 22 29 54 16 80 60 52 76 0 37 53 14 84
69 95 81 91 98 0 89 48 58 28 94 1 90 20 100 65 52 25 59 14 49 25 3 66 58 65 38 79 40 57 100 34 27 73 92 90 2 12 32 71 25 54 53 5 8 53 94 41 33 50 67 47 65 30 22 31 76 95 36 35 83 100 64 96 58 78 35 61 43 13 79 42 19 71 54 8 48 7 100 66 58 81 29 12 80 94 76 62 66 25 85 79 95 83 46 25 6 69 67 34 7 98 87 63 75 72 16 35 97 24 48 0 15 63 91 52 33 69 62 18 51 93 36 56 8 1 2 57 9 21 4 12 65 39 76 23 29 11 90 88 9 67 90 51 96 63 57 46 23 4 54 94 30 95 65 74 63 87 36 67 52
