50 86 57 57 46 48 38 38 19 93 12 49 16 18 55 95 64 93 91 53 1 18 88 70 92 49 33 23 69 60 72 68 73 91 89 20 87 77 97 13 74 6 49 33 48 79 23 3 25 14 31 78 79 46 97 82 54 10 95 41 52 75 79 55 25 39 6 58 40 65 91 100 36 35 7 63 89 67 74 55 50 4 94 89 41 52 60 53 53 70 64 79 43 56 15 14 94 28 12 38 62 76 43 29 67 33 41 58 96 8 59 49 58 48 41 1 69 83 99 1 28 54 69 76 25 87 91 17 49 15 25 63 75 90 35 45 39 79 4 36 59 2 53 58 55 15 99 74 51 79 0 20 37 66 18 64 81 54 29 40 51 0
34 12 95 89 62 53 34 39 33 52 77 36 20 9 69 94 63 31 32 62 93 65 91 37 93 87 67 26 47 15 86 4 41 80 34 8 15 33 78 43 79 17 96 4 70 65 52 94 41 50 48 57 100 38 27 92 17 12 100 31 58 34 56 83 46 96 90 84 36 45 53 35 73 13 22 84 1 98 50 7 90 43 42 50 27 29 51 67 34 55 55 52 100 66 61 82 94 80 42 34 99 91 30 65 84 99 0 87 55 34 89 23 71 49 49 71 6 85 32 49 63 99 69 58 49 41 84 41 32 78 50 59 39 33 10 9 22 81 88 17 21 30 6 82 39 59 69 87 39 97 35 50 97 72 12 96 69 83 16 98 45 5
92 23 33 99 84 67 63 27 75 91 29 59 55 30 15 80 33 62 66 54 91 14 80 100 49 75 67 50 81 15 16 67 77 85 67 84 41 10 49 26 73 57 84 44 42 45 17 15 31 22 90 32 13 83 29 32 5 29 18 77 33 93 99 15 55 54 48 3 16 90 39 18 99 1 62 20 86 58 47 96 12 71 10 53 19 8 27 8 63 18 34 70 91 37 72 41 45 49 55 42 96 9 2 71 10 25 28 34 71 85 62 91 84 42 85 92 62 100 46 50 27 25 17 5 2 51 80 93 60 43 13 37 98 17 72 78 93 88 58 29 1 49 12 17 57 68 1 64 62 70 60 48 10 100 26 94 15 1 96 53 81 15
53 50 68 11 95 10 77 84 66 72 5 64 71 4 61 75 92 21 88 43 12 30 63 7 33 39 9 61 76 24 64 31 28 54 69 12 94 77 13 73 2 46 7 39 20 0 68 6 27 43 16 88 29 70 49 64 59 99 79 18 68 34 9 73 2 78 83 84 59 37 18 40 60 20 56 47 55 62 76 23 31 96 86 22 87 97 11 48 99 8 6 64 3 92 27 92 72 73 26 76 5 17 44 16 59 31 88 77 1 33 62 5 18 45 28 68 51 99 55 59 46 9 26 67 14 42 87 74 66 83 55 44 82 51 59 65 49 78 78 71 27 73 69 66 25 4 35 88 17 24 0 84 26 43 22 83 81 32 67 72 51 16
13 53 47 22 84 41 80 71 24 39 62 16 49 35 96 58 30 28 19 93 93 68 81 46 21 68 48 71 3 5 40 72 58 17 9 53 1 92 10 55 51 2 7 68 47 34 47 96 28 3 99 17 94 26 36 72 91 95 3 30 37 6 56 70 43 78 47 58 80 66 38 76 74 5 93 5 22 80 75 82 20 32 23 75 89 16 27 35 45 69 52 70 97 2 45 82 70 27 79 37 45 21 72 93 98 65 61 90 90 87 22 54 7 46 77 43 89 95 14 100 94 10 26 19 76 89 26 68 72 51 95 11 47 17 43 45 7 22 6 52 2 59 80 7 82 68 97 62 61 46 83 29 66 25 75 63 32 9 57 14 75 4
84 16 28 25 47 77 71 54 70 86 41 12 66 25 98 38 70 19 43 17 59 65 88 48 57 65 34 63 29 79 66 51 2 1 17 26 2 72 38 5 25 92 99 9 18 69 37 3 50 44 14 53 49 41 82 39 47 50 21 51 71 57 44 95 57 77 38 26 63 57 15 3 21 31 29 33 10 20 39 73 97 22 47 41 74 47 73 97 90 97 100 38 38 74 20 48 7 89 40 69 62 36 63 94 29 79 49 34 52 6 33 30 26 39 29 25 43 69 56 15 8 18 9 8 83 65 4 91 4 45 94 19 51 31 42 80 70 35 95 13 95 94 38 27 50 38 33 54 99 39 75 33 6 4 40 60 75 85 17 14 16 53
12 100 0 86 41 1 71 9 63 77 11 2 90 70 23 45 79 59 28 96 100 39 38 61 39 82 21 89 94 32 24 39 46 35 41 65 42 67 13 46 60 10 70 71 87 89 31 0 62 40 55 25 84 76 31 55 1 80 75 29 40 12 28 30 98 31 5 91 47 82 3 18 0 76 30 71 7 35 54 47 78 44 52 19 48 21 77 15 20 91 95 8 39 62 45 78 56 15 21 25 90 76 51 31 6 81 4 48 33 4 61 66 83 19 20 15 53 49 5 71 33 95 79 39 47 99 47 65 88 49 37 58 65 60 66 8 6 4 35 59 0 24 82 94 39 82 92 63 32 50 53 67 92 63 57 57 23 54 100 2 11 67
100 88 59 10 84 41 26 51 82 12 9 33 6 72 26 14 10 71 71 43 23 24 64 92 98 91 83 19 19 53 26 10 0 65 70 20 87 15 30 35 53 69 64 77 95 13 37 13 97 3 1 3 32 90 11 78 37 93 83 15 100 60 36 46 84 60 7 94 77 16 35 32 44 99 50 31 59 20 60 6 91 51 32 65 58 8 3 47 87 5 56 99 96 51 57 64 3 46 49 82 30 53 74 10 54 5 20 65 19 19 32 19 58 31 27 40 15 64 27 62 34 71 85 68 72 57 94 66 0 91 4 39 7 19 72 17 24 93 10 83 7 83 27 85 33 62 83 14 4 45 77 44 89 88 76 71 66 83 87 41 34 11
29 11 0 93 97 33 76 91 25 2 48 98 32 100 97 81 12 49 41 25 88 9 68 53 0 93 61 96 79 15 95 45 77 74 98 1 19 92 46 21 13 59 40 8 6 16 62 82 93 37 78 48 29 18 85 84 70 36 80 73 53 97 70 25 67 37 25 24 2 61 34 17 41 85 79 49 98 55 63 67 21 99 38 25 11 98 94 41 73 37 31 68 7 85 99 47 69 43 33 67 84 2 59 5 78 3 36 44 58 47 15 32 16 7 61 79 6 69 79 63 1 41 0 81 73 67 36 100 3 96 65 23 21 25 1 81 3 44 37 6 60 52 53 38 76 22 29 76 15 64 91 58 87 6 76 62 61 72 32 77 99 84
5 47 64 40 2 30 53 48 12 70 83 35 91 22 7 37 67 75 100 22 25 67 85 72 6 10 33 80 65 35 59 20 25 15 67 7 100 3 41 76 35 83 50 40 2 81 14 9 88 100 99 47 3 8 51 4 2 25 17 93 50 70 63 20 89 51 86 96 72 6 97 45 85 74 36 5 28 94 17 29 48 98 68 87 22 96 24 41 80 10 56 69 12 15 60 26 77 79 93 86 57 17 34 76 88 92 36 87 50 28 82 88 70 77 50 68 58 72 33 28 86 85 38 66 50 17 95 98 41 61 92 35 51 23 58 12 77 67 49 22 27 55 17 51 86 53 76 60 42 93 98 16 52 65 0 31 31 21 35 58 66 9
44 33 100 23 90 77 43 27 7 46 66 37 22 55 52 96 51 4 30 99 42 24 84 83 54 75 27 30 10 88 45 62 71 59 57 11 33 16 83 36 51 98 48 54 98 5 89 97 95 80 26 96 27 49 6 88 73 25 20 55 49 1 56 17 7 31 75 56 37 41 58 4 33 9 42 52 19 18 21 5 18 86 9 67 49 92 42 71 11 61 17 31 42 6 49 29 49 61 29 83 77 80 29 14 53 84 56 78 2 21 47 20 16 28 95 30 40 16 8 80 73 87 80 53 15 57 22 59 47 44 92 93 90 97 13 52 0 51 7 55 16 16 0 95 82 51 18 37 26 73 64 8 47 9 52 76 33 74 60 11 88 44
93 65 16 53 54 41 94 17 87 50 66 92 43 88 20 67 62 25 32 30 22 10 31 28 44 18 49 88 17 0 57 33 47 41 91 74 48 24 45 27 2 33 40 19 63 18 26 83 58 81 1 40 48 34 80 4 10 61 43 18 80 74 3 66 77 6 51 91 84 69 89 31 40 81 47 76 71 68 7 54 30 63 95 0 63 8 87 67 87 31 27 90 51 57 17 89 60 30 71 36 42 38 99 46 51 27 56 54 73 17 75 91 54 99 29 38 75 84 35 82 73 30 85 11 67 4 89 1 74 17 9 12 32 98 33 51 52 9 7 96 5 74 18 24 75 0 40 81 41 14 100 86 14 75 91 6 83 98 30 87 11 34
21 40 76 78 47 65 100 21 67 94 64 28 8 91 43 25 41 87 32 47 96 86 93 40 32 88 6 3 32 77 82 74 96 43 22 93 51 5 66 85 69 33 10 14 91 73 82 57 83 96 45 34 88 50 32 6 25 58 16 80 18 16 100 17 36 37 48 37 49 91 36 100 89 68 63 55 80 70 26 22 90 14 81 65 9 62 75 83 94 51 24 28 53 85 25 19 85 78 39 31 66 59 61 3 71 16 89 57 84 61 74 21 4 88 17 5 93 100 82 88 49 88 69 23 83 13 77 22 92 59 74 33 60 15 46 82 4 15 14 41 28 89 53 21 27 86 29 10 51 68 78 98 47 32 87 94 88 82 91 8 90 82
70 93 85 58 99 51 89 73 80 61 4 89 98 23 81 33 71 52 61 94 34 78 27 46 61 13 53 21 29 21 13 86 54 50 14 65 99 4 11 79 81 74 90 1 15 77 55 75 85 69 14 54 10 16 18 24 88 89 43 15 60 82 82 36 92 53 13 66 2 6 51 17 48 18 78 23 27 0 9 42 3 87 51 49 2 43 9 73 13 8 48 26 48 75 39 40 89 25 87 19 98 18 95 85 26 84 40 51 49 36 6 19 24 65 5 90 97 91 46 51 100 88 99 20 11 18 100 40 21 0 63 6 91 2 75 18 9 98 43 57 62 52 70 35 48 10 51 91 33 43 6 8 2 73 16 28 49 49 17 57 83 15
20 93 40 11 98 54 92 2 80 13 70 18 92 43 23 80 31 60 95 55 58 60 42 8 70 69 95 18 61 78 47 67 85 85 74 71 70 56 8 44 12 37 24 90 68 89 89 67 30 53 54 47 63 28 40 27 22 78 12 21 75 4 65 63 5 11 26 81 74 80 88 22 2 9 16 78 75 17 21 3 48 63 26 94 29 100 57 86 47 20 64 16 89 19 31 31 14 73 62 58 15 19 55 9 64 72 47 79 80 59 6 89 69 35 53 16 83 30 24 57 28 3 77 39 11 13 68 74 44 29 13 38 43 72 44 7 80 69 56 66 61 82 26 79 44 11 29 18 61 77 42 55 19 98 85 70 46 0 4 88 79 4
16 43 44 77 51 4 93 33 9 23 37 15 15 0 92 85 41 10 67 18 68 100 88 74 10 5 75 17 3 57 3 91 25 76 84 8 81 87 86 64 2 68 77 71 0 91 92 88 5 3 5 0 96 26 89 68 91 77 84 54 6 71 36 50 99 25 95 86 37 46 95 84 45 82 41 11 18 5 11 77 81 45 91 18 23 7 48 48 22 33 98 69 93 20 41 85 89 50 60 80 96 69 98 52 50 87 59 29 82 26 70 74 62 62 63 97 69 14 30 26 7 40 51 71 28 81 1 12 70 62 90 20 83 10 73 71 11 36 51 49 66 78 94 24 14 91 83 61 21 9 82 8 88 87 25 14 90 56 89 51 17 97
20 74 5 33 75 80 35 47 93 23 10 59 43 11 69 95 19 16 41 7 80 81 21 67 0 19 17 92 70 15 49 80 28 89 85 28 49 53 85 45 60 2 67 12 19 59 6 4 9 37 46 23 19 54 2 4 37 34 64 80 94 72 80 34 75 42 81 41 18 39 1 89 9 45 67 57 37 19 1 19 21 46 12 20 74 54 39 85 22 26 25 15 9 37 49 90 51 42 85 22 53 13 86 23 53 59 3 44 79 40 14 23 19 54 70 53 8 32 49 20 59 10 29 9 21 31 10 9 35 85 98 26 8 9 60 8 84 42 22 55 36 89 49 91 87 52 25 53 92 28 93 64 61 30 0 1 52 62 89 84 1 40
52 23 57 89 4 37 48 78 2 72 40 71 25 63 72 20 35 22 6 67 96 90 45 94 64 34 39 80 95 23 47 99 90 65 94 88 5 22 92 16 50 26 23 73 54 78 51 49 65 38 45 61 75 61 78 92 68 97 5 66 8 71 18 66 28 31 76 81 42 42 43 18 93 79 24 33 58 85 85 56 55 27 54 29 87 7 16 100 38 67 87 73 80 77 0 55 39 68 45 96 74 85 18 17 57 89 30 65 39 100 26 32 44 70 76 76 19 6 29 73 63 24 51 96 34 51 16 72 12 93 46 79 7 44 36 3 81 81 76 8 76 55 75 63 13 73 1 49 33 64 18 24 100 95 58 40 20 9 55 33 61 76
99 60 30 49 88 47 42 19 35 29 81 16 54 46 91 7 63 93 86 97 81 2 74 81 7 58 40 12 43 27 51 65 50 84 19 90 19 100 38 10 1 28 95 35 79 89 88 94 31 65 52 78 58 17 38 100 32 94 49 11 76 34 71 79 29 17 33 36 47 40 14 39 49 28 13 50 41 68 27 21 74 24 56 77 15 55 58 12 62 22 8 76 39 41 15 19 98 45 41 21 46 74 69 66 12 63 30 30 45 93 31 82 82 58 66 9 93 7 43 52 23 60 19 44 66 25 43 56 48 28 34 78 70 67 41 69 23 29 2 31 28 29 87 37 96 69 6 51 78 32 66 5 77 53 57 94 86 0 86 23 62 42
64 97 25 93 43 86 96 74 23 98 24 46 64 60 42 11 93 61 74 97 99 21 14 68 31 19 67 28 14 0 80 17 66 48 53 48 92 84 51 70 49 18 1 98 85 92 28 68 46 90 74 67 97 74 78 68 50 10 52 61 83 12 46 23 62 44 27 1 25 79 8 99 37 79 98 97 75 12 80 47 22 0 16 49 83 8 85 38 81 45 46 27 84 46 13 0 17 37 55 71 5 60 23 99 69 23 75 88 23 95 77 34 2 4 63 18 73 90 7 82 16 61 36 21 41 52 82 72 76 61 20 75 4 79 89 64 77 65 67 41 33 4 12 96 57 11 48 91 35 6 41 16 89 27 81 24 10 20 12 28 25 1
21 93 67 2 95 14 45 0 50 88 54 33 87 82 8 37 81 34 41 92 77 10 56 33 52 41 13 18 2 10 85 61 42 84 3 45 86 11 45 15 45 85 65 14 97 78 32 30 43 74 11 50 79 75 60 67 71 10 62 28 87 26 28 81 40 15 16 91 4 87 89 54 52 43 58 66 48 30 67 30 12 17 55 49 47 80 84 16 1 68 77 22 46 17 72 99 31 27 72 84 82 70 94 87 77 12 96 74 99 70 65 63 8 75 29 15 26 51 41 31 50 26 21 56 5 54 100 62 89 65 29 53 84 14 93 43 50 58 27 93 4 7 23 96 95 92 98 69 2 72 7 45 71 20 32 72 89 92 27 20 50 76
33 40 6 38 74 25 95 41 66 55 56 100 69 18 23 29 53 47 48 65 61 81 39 1 11 19 94 27 84 54 92 89 88 10 9 46 69 25 20 22 17 33 82 89 58 43 48 12 23 47 73 83 32 20 65 17 33 74 62 6 57 19 9 16 58 39 65 100 51 44 0 29 85 74 99 21 97 75 1 66 77 77 5 36 5 23 3 10 3 5 10 48 80 76 53 76 37 90 36 50 66 28 89 83 69 4 29 24 62 9 26 38 14 14 21 88 62 97 5 12 2 59 53 2 32 10 14 99 89 30 53 100 32 73 23 33 88 90 76 13 66 8 91 60 61 94 10 10 87 83 11 47 68 68 49 10 2 62 65 58 51 16
13 66 55 45 92 49 27 64 66 98 82 1 10 76 86 78 0 79 67 22 84 86 62 75 44 87 67 11 73 96 68 76 60 86 25 80 88 49 75 4 53 17 43 32 8 36 64 2 37 40 84 44 94 45 53 62 23 70 54 8 78 67 89 3 56 80 9 7 21 80 17 73 2 13 70 94 91 49 29 83 82 44 96 77 41 84 49 80 21 35 13 7 33 62 24 3 10 49 32 21 69 51 12 38 10 56 16 17 67 5 38 74 59 53 89 99 58 42 88 89 66 90 7 2 57 15 21 30 5 11 53 53 73 97 19 79 1 69 46 70 49 44 40 87 96 61 62 38 68 42 80 0 11 25 65 0 20 76 69 67 0 79
90 44 62 40 80 26 9 9 72 58 60 97 33 15 37 80 58 93 7 27 10 24 26 56 72 22 47 54 60 6 60 4 87 15 7 79 60 89 35 76 95 5 43 50 15 68 37 9 83 93 22 39 78 9 38 52 30 82 88 49 23 94 32 46 17 81 68 17 96 76 35 65 84 24 71 24 59 62 49 35 40 39 94 63 1 67 44 78 5 71 61 76 31 32 36 57 11 73 44 42 75 26 62 61 99 75 30 79 46 82 31 70 90 46 93 60 1 22 71 59 70 41 55 91 18 82 26 78 71 16 50 48 20 85 15 89 85 65 43 1 33 13 50 39 47 47 46 82 33 93 57 58 41 12 40 17 10 22 74 81 93 52
45 24 16 44 33 29 13 70 76 81 56 73 21 56 56 94 55 87 9 72 50 27 98 10 40 34 26 6 78 57 71 35 25 75 31 71 22 44 59 61 20 96 35 45 47 14 68 91 61 17 49 45 8 77 93 10 69 77 90 40 70 83 75 57 39 42 27 60 3 94 62 43 65 1 23 26 81 15 8 16 48 7 98 46 45 90 10 82 31 78 21 86 85 23 4 37 88 33 69 87 63 33 45 84 56 32 46 3 78 43 97 94 69 70 82 42 68 11 100 4 68 20 7 54 77 87 53 34 45 21 61 7 16 52 5 32 42 10 86 16 81 82 71 87 63 95 32 29 2 14 71 37 77 72 25 52 17 59 47 67 38 83
83 49 88 96 63 15 77 12 30 61 67 58 12 73 72 50 23 90 90 76 16 40 59 7 65 62 59 33 82 86 18 50 24 65 87 26 38 53 61 34 48 88 88 49 50 95 81 41 25 54 20 13 95 44 74 66 89 88 67 23 0 61 16 36 66 36 93 24 29 8 86 87 12 57 23 37 41 18 56 18 15 77 58 3 58 22 64 74 80 14 82 85 91 100 42 60 19 74 79 75 76 84 19 31 83 51 69 65 41 92 9 12 32 60 48 95 4 19 56 97 7 88 74 93 85 29 13 8 0 29 60 81 47 12 98 29 69 78 45 65 8 34 80 52 0 92 29 99 10 55 31 2 42 73 62 25 29 88 8 33 100 80
87 48 85 62 15 11 11 68 73 34 89 69 12 6 37 6 95 63 97 7 40 86 77 11 22 42 8 50 68 51 62 33 25 28 78 32 99 21 4 29 47 15 35 32 39 92 82 92 12 9 18 42 9 100 42 35 9 97 73 7 34 93 9 29 63 74 44 97 32 98 31 71 66 70 84 13 50 47 72 63 24 16 14 58 13 93 9 12 18 39 58 54 37 63 54 80 60 35 63 73 89 21 59 2 53 24 33 26 17 38 43 92 47 32 72 81 93 33 96 87 100 74 89 54 93 93 63 13 53 88 36 11 97 3 49 49 96 28 67 22 80 40 5 54 100 72 47 17 13 80 9 48 88 79 27 23 75 50 73 49 45 17
21 89 2 10 0 24 16 60 60 61 43 91 90 92 34 83 24 7 50 77 77 59 73 7 71 35 97 52 12 15 6 72 62 56 26 52 97 68 57 8 87 12 92 17 28 24 89 38 0 92 58 74 38 0 9 45 24 15 57 29 85 33 66 76 21 62 53 59 87 58 17 87 47 39 87 4 89 56 17 92 4 76 51 1 47 60 51 90 52 19 81 63 91 29 40 80 82 79 99 76 34 93 38 100 65 72 3 93 54 90 49 71 31 78 25 19 4 95 94 88 60 7 51 40 26 92 39 55 48 30 13 36 30 94 47 40 6 94 18 72 56 29 20 97 6 54 0 0 15 25 50 69 63 87 66 14 35 19 79 78 6 65
53 97 73 20 63 3 4 1 24 11 32 41 45 55 24 22 53 29 15 27 48 43 58 42 68 18 21 91 49 63 37 52 48 6 48 21 45 23 81 93 35 57 94 5 5 42 73 12 24 60 71 50 75 74 94 6 69 72 79 41 27 10 28 94 89 98 77 49 39 64 74 28 61 80 20 10 69 48 58 12 33 21 59 22 60 45 53 61 45 84 11 8 22 34 27 94 43 14 54 46 27 6 51 84 48 66 37 80 21 29 58 58 81 88 77 93 8 20 21 62 49 71 30 68 41 7 19 23 92 8 16 46 97 19 95 65 82 45 43 97 18 72 39 7 29 12 37 95 100 99 51 52 46 66 75 7 72 14 7 4 96 59
74 64 68 54 41 17 97 5 27 22 25 24 34 92 65 72 5 33 6 66 21 20 40 89 29 5 25 6 48 50 89 44 12 87 88 25 83 37 71 70 97 18 34 12 46 43 19 58 55 85 50 42 89 99 16 29 31 65 72 50 45 62 9 85 49 100 99 12 48 58 49 46 52 51 50 52 60 78 73 6 58 33 73 78 48 18 22 66 81 20 54 98 39 75 39 6 86 83 73 99 43 95 54 18 0 91 17 43 49 46 16 73 80 47 14 32 30 61 65 64 31 79 23 78 71 48 46 88 90 29 46 24 74 15 99 81 35 21 54 70 49 91 24 17 80 80 21 86 41 31 11 48 12 3 85 100 19 29 13 14 97 31
79 100 56 41 68 41 69 11 34 32 58 83 47 39 32 91 85 26 76 47 72 31 98 74 96 92 13 0 62 62 58 86 57 23 24 71 55 1 95 99 65 96 62 44 14 69 87 71 68 13 46 71 73 97 75 99 99 32 7 52 47 9 44 29 40 90 76 45 2 21 3 55 95 24 25 17 97 12 80 29 91 31 59 34 3 52 31 9 23 98 87 100 84 48 4 20 67 55 41 39 76 16 51 92 50 68 72 17 8 23 99 65 31 51 88 74 66 19 3 83 54 70 76 55 87 2 50 4 52 87 52 45 23 61 39 19 10 31 88 8 17 45 75 90 34 4 51 50 96 73 22 42 61 50 24 58 93 87 37 56 66 75
71 78 79 18 74 18 26 55 76 62 28 11 61 1 38 42 41 93 26 37 61 72 53 1 47 32 51 68 10 76 73 48 91 23 26 83 88 81 92 98 34 54 80 53 53 61 68 45 29 56 62 37 8 100 39 9 85 29 73 7 81 1 89 67 1 67 22 12 35 95 93 38 32 70 32 51 55 61 36 28 16 52 53 49 100 40 23 20 72 41 67 11 64 64 74 99 45 12 65 21 61 58 45 29 33 38 11 16 64 8 87 12 2 14 94 34 91 87 65 6 12 9 83 1 73 45 43 60 63 62 5 57 27 44 87 73 73 8 82 80 64 79 53 4 73 73 84 7 19 15 57 77 84 26 36 77 18 85 12 10 76 35
56 94 51 84 20 58 34 50 27 95 48 44 82 2 18 41 28 72 63 41 45 83 18 75 4 1 88 42 8 99 0 95 40 71 74 35 83 23 13 29 2 27 3 28 70 7 79 96 14 50 21 36 76 29 21 40 46 94 2 3 63 28 62 18 41 52 57 37 72 87 39 95 55 24 11 58 87 51 18 94 34 68 76 36 60 30 66 43 87 84 95 82 27 72 90 37 56 27 33 96 76 65 53 77 46 20 16 60 42 75 42 70 29 37 54 66 74 68 73 91 15 31 0 85 23 30 75 8 50 37 45 72 50 96 97 97 94 36 4 75 88 69 68 21 48 31 54 93 99 69 42 4 62 67 13 35 1 46 45 64 94 52
83 26 9 31 83 95 92 61 14 6 77 60 30 53 51 4 54 50 86 51 17 56 27 68 42 81 62 45 68 82 37 5 29 54 83 36 38 55 7 39 4 83 40 78 95 40 38 51 100 17 21 7 73 13 3 49 95 20 92 67 4 68 97 0 94 52 70 2 14 62 92 1 67 58 95 10 71 70 39 7 23 18 23 26 54 37 17 92 10 9 98 28 36 92 82 65 4 35 53 66 89 96 85 67 16 30 44 91 5 15 1 14 60 72 84 36 44 89 93 40 10 40 20 26 33 14 99 69 46 4 94 90 95 69 39 89 49 11 71 5 36 88 36 23 100 80 17 87 92 82 19 9 11 74 56 24 26 58 56 7 15 28
24 81 84 12 11 10 76 66 72 83 0 37 49 24 91 24 47 29 6 44 65 57 82 32 89 13 94 35 79 99 60 24 35 20 26 13 56 73 79 49 10 43 16 55 32 22 96 90 16 56 14 47 53 59 89 60 79 74 6 85 68 3 6 74 51 17 99 52 7 23 86 11 22 18 12 61 78 93 99 10 95 17 34 68 75 54 12 12 13 47 4 97 68 67 2 48 90 24 56 10 96 5 98 48 76 70 1 87 64 63 39 85 98 16 23 51 37 85 95 29 61 89 39 82 2 5 57 18 9 9 19 32 42 50 32 30 99 35 66 38 91 52 47 98 86 91 18 97 56 25 76 41 73 19 75 14 70 74 63 82 48 28
14 19 25 56 84 61 73 87 13 92 39 59 14 98 76 64 4 95 26 36 30 7 88 80 95 29 1 90 47 17 10 25 97 20 93 49 64 53 88 9 6 44 86 10 48 67 48 77 70 39 24 48 38 52 93 66 12 53 86 16 82 53 88 73 47 68 72 97 44 73 27 58 31 100 86 34 19 76 7 27 29 37 51 38 39 13 48 11 98 32 3 9 23 8 10 48 93 91 71 52 25 54 16 93 61 68 37 48 60 17 93 6 50 94 27 37 50 77 58 29 72 68 13 82 30 63 44 50 92 79 9 63 94 81 53 83 38 40 76 51 3 3 3 59 42 94 78 87 1 21 55 43 12 46 90 15 75 97 15 30 99 65
47 59 33 61 77 5 38 65 71 2 55 45 98 27 90 19 88 31 58 60 37 9 25 2 69 9 80 60 55 14 88 63 90 92 31 32 54 56 9 6 7 97 85 60 61 78 0 33 88 36 34 58 16 45 97 72 29 64 19 89 82 17 79 52 28 98 98 53 73 56 58 14 33 27 80 81 61 57 53 18 18 47 45 88 8 11 1 69 83 97 15 73 12 89 74 82 45 52 93 39 28 6 90 89 99 35 90 58 84 56 20 100 85 99 68 22 70 78 3 18 19 15 3 47 98 34 53 28 26 91 98 13 50 71 68 27 71 73 65 87 39 93 2 28 13 21 16 34 18 76 90 84 79 17 37 57 16 100 32 60 15 84
68 95 92 15 1 66 1 93 36 21 1 57 69 62 66 28 75 16 87 77 35 53 46 84 53 9 2 41 92 14 10 17 68 57 55 54 53 88 40 43 76 23 29 52 47 44 55 7 41 80 93 86 98 7 75 53 39 83 6 71 36 4 49 12 47 25 46 46 50 9 34 37 8 50 66 19 75 66 56 92 77 55 64 27 82 46 97 55 85 8 66 93 30 15 35 58 4 55 43 73 13 69 100 84 6 28 20 30 59 46 51 16 73 72 54 42 16 81 10 37 71 99 35 97 50 60 57 61 91 35 0 58 84 25 79 64 28 23 53 9 98 61 34 77 28 28 24 60 88 45 86 86 12 44 90 23 12 11 20 47 83 8
23 25 73 61 76 91 27 16 32 90 59 75 66 15 56 74 76 81 83 57 61 56 71 87 55 11 71 67 39 58 20 55 90 85 17 65 0 73 56 100 68 14 58 17 94 94 25 19 9 33 38 1 67 5 10 18 34 8 32 38 71 36 95 47 87 38 62 64 34 29 42 100 99 15 94 89 55 76 95 10 95 40 73 55 28 57 83 16 73 63 2 7 40 40 3 65 48 27 76 6 49 41 57 97 74 96 59 26 70 20 27 2 89 99 8 23 92 55 1 19 79 1 14 78 16 19 37 23 86 74 71 37 69 45 51 94 19 35 48 33 84 47 88 98 5 78 90 8 32 75 31 70 97 58 5 43 70 66 28 19 89 88
73 80 100 33 64 10 89 41 76 72 90 38 9 77 37 49 19 1 23 23 12 19 8 69 7 66 94 82 74 44 58 19 86 9 68 73 39 16 97 9 77 80 65 11 91 77 43 58 21 1 54 26 24 37 25 25 56 33 11 69 86 79 7 53 58 43 62 40 30 61 52 90 49 28 62 10 43 68 3 50 93 74 65 24 8 14 44 46 72 34 15 69 20 77 92 72 94 17 16 69 47 68 96 38 88 22 68 67 8 77 67 85 54 42 24 4 33 69 59 51 61 54 41 28 43 24 28 1 53 58 98 30 93 56 25 23 45 48 60 41 58 53 65 75 31 62 25 15 21 45 76 41 97 11 20 0 36 3 5 89 25 98
72 10 11 61 38 76 84 63 84 34 39 99 88 90 5 6 44 61 5 75 84 27 66 48 88 38 90 81 31 81 70 18 14 77 25 22 86 70 0 67 21 57 35 78 71 3 16 7 29 0 81 61 23 60 14 34 69 14 50 32 93 67 87 54 28 33 69 12 6 28 80 27 34 86 57 26 92 18 17 91 82 9 17 38 77 61 44 76 100 29 10 31 64 75 11 98 20 48 3 60 74 48 5 99 49 50 62 38 96 38 39 17 77 54 26 51 63 83 59 63 49 1 71 45 84 19 88 94 97 47 81 45 70 51 92 47 42 14 89 26 96 67 49 25 5 69 38 87 96 86 52 81 43 21 5 78 17 85 56 58 19 39
2 28 69 66 75 90 9 45 67 90 71 16 71 82 48 26 63 90 61 11 96 84 100 57 61 57 41 58 30 66 25 55 88 70 51 24 15 49 30 70 85 59 22 66 30 64 85 26 12 85 49 10 67 20 10 37 72 35 52 54 57 69 0 38 35 17 37 36 81 47 81 67 60 61 24 85 8 8 93 58 42 30 20 75 82 57 93 89 23 19 29 65 19 79 82 49 30 49 77 5 45 40 21 59 1 9 99 24 92 80 28 3 51 30 56 82 96 75 62 58 11 68 32 43 75 3 71 43 2 32 17 24 17 84 19 86 14 86 89 97 38 61 32 0 63 56 80 59 53 97 31 9 74 7 7 85 88 38 64 13 61 51
81 75 36 35 38 60 90 51 20 54 82 36 79 59 62 20 13 6 3 64 5 70 69 81 66 10 97 64 9 32 24 48 9 0 34 20 18 53 88 61 50 41 68 54 5 73 68 34 52 93 62 31 14 33 70 61 72 35 63 71 60 80 63 63 87 62 39 44 75 87 81 93 71 91 90 17 56 11 14 92 31 43 30 3 70 18 29 69 94 30 96 31 74 7 33 11 71 53 18 62 57 83 64 6 84 23 88 96 65 48 40 52 20 37 2 63 49 96 54 5 73 91 46 48 75 94 8 28 44 92 37 54 14 70 89 74 55 45 59 99 87 63 97 43 16 21 19 1 73 84 39 33 3 85 12 10 4 17 86 29 33 39
34 0 62 89 94 47 51 63 65 53 29 85 20 9 70 27 93 47 4 39 68 92 57 82 69 31 7 20 34 80 76 75 92 63 61 58 28 61 16 3 31 56 28 48 44 17 46 34 73 14 18 25 5 49 95 85 29 40 19 83 66 0 65 17 100 36 95 21 97 27 90 62 21 51 31 90 43 25 97 26 14 5 44 50 69 8 21 56 17 6 20 75 61 84 66 95 9 14 37 70 4 29 43 2 17 52 60 92 81 51 46 78 96 59 33 54 37 63 45 82 19 94 12 70 77 79 8 45 8 24 31 81 79 13 41 21 66 26 90 81 32 47 95 90 86 77 40 76 83 78 22 57 62 54 100 16 6 20 81 35 6 10
0 29 97 14 14 15 67 44 33 71 90 87 61 70 62 35 16 56 71 86 41 3 50 100 86 22 14 74 3 33 71 32 70 38 5 1 89 61 67 13 83 59 90 1 81 20 54 62 35 78 67 33 68 9 57 98 28 11 68 60 82 10 6 19 39 4 54 41 39 57 21 97 82 6 54 64 91 17 65 50 1 80 93 53 78 34 66 89 84 22 4 5 21 28 52 28 10 30 77 51 43 10 33 74 87 54 93 43 14 89 30 93 30 24 22 72 53 94 55 60 30 27 37 71 58 90 39 28 64 90 83 47 49 11 24 77 90 39 27 32 45 93 76 22 31 7 76 81 86 28 3 30 100 59 64 22 48 60 75 81 58 34
60 26 95 41 1 40 70 39 66 96 32 57 77 4 0 24 76 66 34 14 99 39 32 42 82 10 28 9 36 72 93 80 52 88 91 93 32 85 59 41 91 2 40 25 39 30 31 48 45 52 5 90 68 85 72 26 21 60 54 89 49 86 96 97 45 38 32 18 36 25 40 20 67 29 90 87 56 55 47 69 45 57 12 45 74 97 50 60 94 80 77 22 73 34 12 39 42 12 67 7 33 28 94 46 53 42 44 28 35 21 65 93 60 9 57 25 1 16 87 67 8 90 75 95 43 49 82 37 61 86 16 43 25 37 76 57 21 90 19 24 25 33 32 13 23 45 26 61 55 24 77 25 80 57 5 66 68 69 27 17 83 3
28 25 45 37 62 43 49 27 75 63 64 53 97 7 85 12 73 18 65 45 85 45 53 3 79 34 58 54 40 12 16 19 55 97 27 51 69 14 62 79 10 90 72 15 30 78 74 89 0 91 100 72 21 35 64 30 22 68 75 36 89 78 74 26 18 33 56 7 97 12 74 60 93 60 22 82 67 91 24 93 94 59 27 86 46 30 50 42 30 89 0 82 96 63 72 36 69 98 31 72 33 88 41 17 6 85 70 0 11 22 46 80 71 100 13 9 89 52 6 82 9 97 90 29 38 68 16 65 77 61 22 49 96 79 1 7 18 78 87 69 88 4 98 56 59 33 51 88 63 97 81 6 23 48 47 11 60 16 2 1 75 16
32 21 98 1 97 29 39 42 25 48 34 10 95 87 1 28 68 73 74 97 56 71 39 78 68 20 90 27 95 22 58 86 54 88 47 59 26 49 18 69 22 4 2 29 42 17 28 1 95 80 55 67 91 100 52 18 92 89 35 96 96 87 94 47 32 43 14 27 6 76 44 73 2 97 100 79 78 44 2 56 10 48 67 21 91 14 68 52 20 79 53 23 73 59 58 28 85 99 96 37 74 91 26 2 60 71 34 85 20 15 63 39 3 4 80 16 23 67 11 13 80 57 75 1 72 68 1 37 0 5 62 50 33 36 7 100 23 11 3 21 21 69 18 69 26 43 60 53 8 90 46 79 70 9 21 83 51 74 46 22 27 37
100 64 67 90 40 76 50 30 90 55 1 85 65 75 66 81 15 95 98 41 33 13 74 28 1 57 81 31 21 88 21 44 63 58 78 21 22 77 97 80 93 84 91 75 34 78 74 65 8 29 14 72 1 50 100 38 50 11 48 41 43 71 50 41 65 41 56 59 58 67 65 46 20 35 18 57 20 95 53 98 86 64 93 51 84 9 46 91 84 35 17 96 39 41 52 78 55 23 79 46 11 64 43 60 16 76 9 54 19 1 52 51 68 73 99 53 92 2 37 60 44 94 68 51 59 37 86 61 43 77 6 26 53 70 8 44 94 16 19 58 7 83 27 38 10 75 64 86 46 66 39 41 44 100 20 3 4 65 48 79 19 15
53 91 70 62 91 7 83 4 84 58 79 89 89 76 47 57 10 87 44 58 10 60 78 72 91 79 7 20 50 25 37 7 85 41 25 42 46 46 12 16 8 84 30 53 91 0 84 2 20 65 34 59 0 27 36 34 70 6 61 29 35 86 43 2 9 6 5 43 11 25 10 66 82 72 72 63 78 68 48 88 38 33 7 96 9 87 3 92 51 80 100 99 86 96 9 98 47 58 36 5 1 62 46 10 13 40 15 56 79 45 35 80 27 55 36 2 69 23 62 56 20 41 81 54 26 34 48 94 34 34 35 73 13 38 78 65 33 39 62 4 93 62 56 92 17 60 20 74 88 19 26 33 95 64 58 12 16 18 79 66 95 81
94 81 30 87 46 14 41 4 4 58 84 45 2 73 83 10 97 59 86 69 53 4 91 39 1 24 99 6 27 13 7 19 15 65 42 43 90 19 0 36 32 25 45 31 36 50 65 2 51 83 15 11 53 85 68 74 21 48 76 49 58 65 83 64 80 55 5 28 57 38 91 74 98 6 33 42 26 64 34 1 81 69 88 96 51 15 51 96 5 24 25 12 25 71 44 71 26 72 34 7 27 97 59 73 81 77 86 55 76 71 1 78 8 28 44 44 16 63 25 95 41 91 5 60 39 26 79 13 49 97 9 46 8 61 69 20 14 23 18 78 65 61 41 56 74 23 89 3 41 75 90 66 8 16 24 35 57 83 81 46 33 24
22 51 25 7 53 12 64 65 89 1 80 67 24 11 12 0 13 42 3 22 48 69 98 95 34 20 73 20 54 51 66 94 17 22 40 28 92 16 89 1 28 10 85 13 27 13 16 85 21 26 84 27 45 83 69 13 22 40 47 0 4 68 84 90 71 21 91 53 46 82 33 8 79 100 46 38 86 37 94 38 73 28 24 61 39 45 70 97 41 37 38 2 85 77 52 58 3 16 26 79 85 69 22 55 53 40 52 16 57 49 19 19 56 18 53 63 34 74 3 49 46 52 14 71 74 32 42 91 24 20 96 16 9 49 19 3 52 73 2 100 6 94 1 82 18 70 23 3 24 48 83 84 87 44 31 62 43 65 98 68 70 97
62 70 36 53 62 73 40 42 15 52 31 8 40 72 51 61 37 27 87 94 47 81 46 100 44 51 66 49 70 18 62 39 74 17 71 11 8 66 55 33 76 68 85 33 60 62 3 14 26 46 11 35 94 64 57 36 91 89 64 54 38 38 12 89 90 48 8 14 89 8 99 48 89 78 98 85 1 37 10 97 7 42 17 20 71 30 90 90 42 47 92 73 28 30 3 49 77 90 72 1 67 58 31 97 25 13 30 33 11 76 70 58 14 26 2 98 15 23 46 15 21 30 87 92 46 96 86 6 18 6 61 21 75 21 57 48 92 90 67 20 66 6 100 47 73 18 7 61 16 12 81 16 96 4 45 93 87 81 22 97 82 80
50 92 0 63 9 63 58 30 35 85 20 47 42 41 72 52 50 87 40 4 47 50 25 94 41 24 5 37 65 81 5 48 90 78 45 36 30 44 68 58 69 11 56 95 50 88 89 55 41 6 51 58 31 95 64 62 84 97 1 87 81 73 91 80 15 57 59 11 95 53 53 37 15 42 48 24 63 48 17 44 49 16 11 28 97 27 7 79 51 87 19 63 5 46 72 80 86 17 72 71 76 9 69 11 49 79 87 1 6 17 47 94 32 98 63 7 93 54 54 10 80 36 100 49 42 28 5 54 50 84 12 41 94 91 41 27 94 32 100 70 71 3 45 0 12 15 62 31 70 71 45 1 64 28 2 38 69 27 81 72 95 5
50 37 54 8 69 12 42 65 56 91 59 40 56 51 19 72 96 77 20 75 85 70 96 3 61 51 99 99 79 76 19 33 77 6 2 5 62 52 44 98 91 26 73 62 7 14 98 53 79 17 59 33 83 80 52 5 88 66 55 45 35 26 35 72 78 73 3 79 94 15 7 69 75 75 72 62 78 3 38 53 40 15 91 11 6 42 81 57 37 92 87 38 52 0 79 28 44 30 98 96 26 80 45 14 86 8 55 61 25 56 92 93 12 6 24 68 39 28 12 73 60 60 71 84 49 83 61 82 59 85 16 94 49 46 44 58 41 100 70 16 24 27 37 29 69 57 7 44 3 42 70 46 5 87 47 4 34 72 55 78 63 74
29 36 49 22 59 45 51 56 21 51 89 41 52 41 3 87 47 66 98 63 69 49 93 55 95 22 32 17 34 39 80 19 89 70 85 51 34 30 68 93 89 32 66 47 8 13 75 36 39 55 36 16 15 5 51 93 9 35 65 20 90 29 64 87 57 39 34 53 88 52 42 48 3 12 98 15 33 6 32 48 83 47 89 60 99 57 14 20 3 15 1 81 89 55 12 55 5 34 77 71 89 12 3 16 97 12 21 62 23 3 97 54 60 99 89 10 59 80 21 90 38 70 7 66 91 39 35 80 29 62 92 94 1 79 75 81 36 33 90 99 69 59 100 9 34 73 41 86 89 4 31 78 63 18 10 9 97 78 54 64 52 67
54 20 67 88 95 57 17 61 68 68 55 56 45 84 83 53 62 23 0 0 67 100 21 35 51 49 34 55 82 25 3 93 96 16 87 86 79 75 45 98 61 89 59 82 29 40 72 75 84 23 1 52 78 82 88 64 82 45 48 46 17 0 61 83 27 63 83 30 14 48 22 23 86 99 22 70 73 4 15 67 86 21 47 35 24 41 68 36 84 66 12 30 9 52 26 49 92 66 22 21 87 80 32 79 45 61 35 3 74 59 70 13 8 67 64 58 37 91 28 31 83 93 43 79 85 80 73 100 41 69 0 99 100 64 80 81 49 53 26 60 4 45 88 23 43 84 27 43 3 95 55 68 94 20 24 63 84 13 63 95 60 63
16 27 91 51 7 19 38 79 82 90 2 63 60 91 92 14 56 66 76 98 73 53 66 55 59 88 44 27 20 92 68 37 81 40 61 76 11 85 20 74 45 25 100 33 59 50 90 37 15 74 29 36 28 83 71 23 51 40 54 70 19 83 87 93 75 49 61 81 62 94 12 51 12 80 93 31 84 100 49 95 12 98 44 51 58 22 20 37 22 38 19 80 7 50 42 56 13 90 92 20 99 66 100 6 25 49 69 50 86 79 53 31 82 16 90 35 67 20 89 22 42 29 3 46 58 21 2 17 22 0 18 2 58 56 7 20 84 7 14 64 67 43 23 17 16 87 59 78 0 94 53 79 22 40 51 45 87 26 79 85 69 93
21 2 19 85 7 58 40 99 80 47 17 53 9 84 53 93 90 90 25 85 26 17 51 25 51 32 67 6 27 61 38 90 3 75 83 72 27 6 33 25 40 27 12 88 97 51 8 60 10 45 82 37 43 57 64 74 12 38 75 66 62 28 11 51 26 42 60 63 99 5 49 36 61 51 86 33 11 62 46 61 95 20 9 4 28 78 99 78 13 93 15 88 27 83 87 84 18 89 2 27 77 2 60 45 35 25 50 38 55 25 12 72 45 53 47 5 8 22 56 28 36 65 9 23 58 63 63 12 46 30 58 86 88 37 60 6 20 81 1 7 21 89 99 20 68 18 91 56 42 34 87 73 39 29 85 3 91 14 23 44 100 37
59 55 31 82 82 62 75 77 63 20 80 38 46 33 99 32 33 50 41 70 13 22 2 43 71 23 20 97 28 27 40 74 1 22 62 55 67 6 69 44 37 61 27 55 84 29 6 27 13 66 75 61 10 23 66 43 61 78 7 83 10 88 14 41 0 54 29 41 89 48 39 34 72 24 71 35 77 92 74 100 76 35 31 82 5 42 68 23 7 37 77 11 3 26 58 91 12 21 29 69 65 26 35 44 63 91 94 56 36 7 4 0 9 76 18 72 27 3 97 65 85 37 63 87 82 96 13 41 57 46 36 44 83 45 37 50 5 72 96 45 77 64 34 58 9 41 86 29 7 4 1 93 98 10 67 62 51 18 66 23 22 52
36 85 29 22 48 64 11 69 95 18 59 67 19 96 25 8 23 67 82 96 33 22 15 74 11 18 95 31 86 63 92 0 38 18 100 77 3 79 59 16 31 56 42 36 69 65 74 66 53 92 44 83 38 99 72 79 72 46 12 93 81 52 88 46 96 68 3 57 14 95 92 65 87 89 40 71 42 35 78 72 18 78 70 28 40 53 31 35 7 43 22 32 69 87 92 12 91 72 30 96 72 36 67 98 27 95 85 73 74 2 52 53 67 11 15 11 53 78 13 71 38 48 85 58 8 46 63 21 44 83 53 84 40 53 47 60 41 4 49 40 32 93 36 6 79 21 20 11 2 40 42 48 98 21 86 43 54 22 17 8 23 5
3 79 94 25 3 74 74 70 75 38 98 43 76 21 22 23 3 49 71 90 38 89 35 39 48 48 17 76 18 2 4 34 39 29 98 12 83 90 90 86 64 66 26 36 16 83 13 49 90 22 44 31 85 47 56 0 50 24 0 24 9 48 48 42 57 71 69 79 100 24 93 3 36 52 3 51 40 95 40 95 15 19 32 19 39 17 78 30 52 36 79 20 62 30 48 61 7 23 3 21 15 1 100 25 18 52 40 17 45 33 46 92 16 66 42 9 89 2 70 61 45 26 47 12 76 83 94 75 34 61 5 93 84 51 69 98 39 91 62 1 31 58 58 45 89 4 35 71 45 99 98 24 76 92 5 65 66 58 51 4 82 53
84 63 59 76 94 17 9 84 39 45 37 95 61 67 74 81 57 14 78 25 66 24 59 88 92 74 20 86 88 47 33 46 50 93 87 19 61 31 26 24 28 31 9 93 0 14 24 87 82 31 38 23 2 34 51 75 75 77 45 69 0 51 34 4 13 38 11 3 11 29 35 14 88 44 94 48 35 77 7 13 62 76 95 32 23 39 89 15 72 35 15 61 35 10 77 19 50 14 81 82 53 9 25 35 56 33 57 1 26 7 63 7 91 51 76 28 67 3 0 98 30 86 52 52 58 12 26 77 15 5 11 42 80 94 22 47 26 91 19 94 79 1 5 73 83 78 0 51 33 74 38 91 96 84 49 39 70 9 6 20 8 92
93 31 28 32 97 18 25 98 79 68 57 56 9 98 14 41 18 91 41 79 21 39 44 75 49 79 61 34 53 52 11 19 38 64 83 56 74 20 87 30 7 67 26 94 71 95 57 67 2 30 56 8 78 63 96 93 69 37 90 52 96 54 19 11 34 83 82 52 89 57 35 29 41 0 18 13 38 90 0 21 17 0 95 82 64 6 42 43 16 15 92 62 49 75 31 35 47 6 7 79 74 67 75 20 93 73 100 66 18 77 78 4 31 77 76 28 79 16 94 37 43 26 40 29 61 95 50 16 44 85 98 92 71 57 58 48 80 76 28 27 89 29 100 40 93 3 38 80 73 89 18 49 17 94 80 77 58 8 81 80 84 81
81 71 48 28 5 0 33 91 58 78 64 51 4 89 66 89 40 41 53 2 18 42 28 8 58 4 66 69 89 41 1 77 0 15 58 37 36 15 59 76 26 66 61 76 23 74 39 42 14 75 62 48 85 63 12 99 29 12 94 100 87 14 3 38 4 91 16 8 54 97 34 86 92 76 50 61 93 7 21 67 47 93 83 88 48 20 93 96 42 35 73 99 78 77 6 74 70 37 76 0 0 44 28 88 83 19 28 92 61 5 50 70 19 30 34 9 44 32 53 68 18 4 65 72 44 76 4 25 57 96 1 99 28 1 20 56 79 63 86 72 49 22 98 59 47 18 75 1 22 40 33 21 70 51 15 12 13 61 2 6 70 78
35 42 21 36 38 53 44 27 30 78 83 57 54 44 13 3 45 70 76 20 27 21 43 87 15 75 96 89 62 75 34 78 76 89 42 3 80 36 66 99 75 41 30 47 39 10 96 66 32 89 53 66 19 82 80 65 38 48 10 25 78 48 82 17 15 94 62 46 26 57 45 47 59 2 20 40 77 20 41 86 55 74 78 85 64 53 86 2 61 50 80 90 7 21 16 64 82 35 80 31 80 8 57 77 93 97 87 40 60 42 33 74 61 4 8 47 82 64 23 59 27 45 47 10 79 26 39 1 11 10 65 22 93 76 46 45 97 2 80 60 91 87 3 93 36 98 76 3 88 94 80 82 58 14 26 58 7 87 97 45 34 36
100 76 49 100 100 12 84 34 54 9 5 8 6 72 61 13 72 5 41 60 84 53 29 28 10 22 77 47 46 45 11 6 88 6 16 59 33 44 17 10 88 76 79 72 0 15 52 73 40 75 81 97 7 88 40 46 97 34 9 54 66 87 76 60 49 80 80 80 21 8 61 72 6 51 56 81 42 83 83 8 24 94 18 96 44 63 80 6 82 41 37 81 98 28 75 82 52 97 57 35 57 52 79 59 29 13 49 59 7 59 50 4 97 44 4 14 31 76 25 66 79 91 88 96 94 92 35 86 79 94 43 14 69 67 13 65 24 95 51 63 8 54 66 4 39 90 5 77 62 64 22 3 55 0 81 53 3 66 11 72 5 52
92 32 7 9 85 35 57 3 41 64 90 94 7 59 99 52 81 60 70 6 2 40 18 6 55 96 97 84 57 0 79 18 92 10 58 8 35 65 60 21 42 63 19 14 67 23 8 15 45 26 12 23 77 94 52 87 34 24 57 14 95 51 0 70 94 37 87 79 44 15 83 93 11 85 62 4 82 72 53 86 48 62 65 76 56 94 63 54 73 14 66 39 28 88 88 2 94 65 27 87 6 51 46 21 90 35 47 86 18 34 21 46 54 2 11 35 64 99 58 28 40 46 79 25 91 58 21 80 57 11 34 22 67 50 40 88 38 19 25 98 37 27 90 83 90 95 49 91 31 23 58 55 87 29 53 1 12 47 90 52 32 59
35 10 20 9 79 34 27 63 63 32 85 3 14 64 59 81 87 62 97 77 36 10 79 72 87 8 38 6 47 14 20 63 82 16 89 9 27 76 29 75 5 71 81 35 20 12 58 12 29 5 53 70 79 98 98 20 95 47 85 1 5 98 58 80 27 22 52 23 45 35 88 27 28 81 56 42 37 53 99 3 98 10 53 8 81 62 61 63 43 75 10 79 14 95 75 17 79 2 13 69 22 30 80 16 20 54 33 32 70 54 66 91 87 67 90 62 52 92 83 80 62 17 16 79 34 36 77 30 68 20 36 5 85 53 89 93 97 61 85 6 22 28 49 80 30 7 66 18 76 14 87 75 45 88 37 99 59 2 85 51 9 47
18 41 4 4 17 97 0 85 53 41 28 40 88 78 43 35 36 12 93 89 35 65 59 45 64 93 1 55 50 3 26 75 9 8 7 14 44 43 58 86 52 68 96 36 75 20 17 49 69 63 38 49 96 91 42 93 44 70 98 19 1 86 83 7 52 93 46 76 80 95 9 58 81 5 18 29 69 42 100 49 51 15 16 49 33 90 85 10 86 89 60 98 45 73 55 23 68 82 83 72 32 12 78 30 96 37 69 90 40 57 42 34 95 93 92 28 83 99 56 34 68 36 95 23 48 86 66 46 15 86 27 45 41 49 16 89 66 33 17 23 1 84 0 72 43 70 87 31 26 26 64 0 18 41 18 75 27 20 47 70 94 43
9 44 80 38 59 6 29 99 8 76 13 12 62 57 76 68 61 30 73 22 17 81 30 33 87 4 85 17 46 80 4 72 62 80 33 36 94 21 30 1 91 99 6 85 9 12 65 9 23 10 35 45 55 34 85 14 3 70 88 91 67 7 58 86 55 51 81 67 23 88 36 46 31 99 34 12 25 95 93 74 53 72 77 34 23 50 36 34 2 42 18 10 78 10 55 62 75 34 48 2 7 50 34 83 12 33 9 87 90 36 3 100 73 9 6 73 40 32 68 3 91 80 62 80 81 21 44 31 48 38 52 19 38 49 58 49 75 49 53 43 45 42 77 99 92 88 61 98 65 31 82 24 87 67 81 99 39 36 60 71 44 30
86 92 52 39 22 47 65 52 64 44 23 35 85 19 41 14 73 80 67 62 83 10 99 60 6 41 46 25 29 74 27 8 39 11 100 45 26 17 62 82 29 86 44 93 12 99 18 40 74 9 18 14 98 97 50 10 14 35 40 60 30 6 12 18 58 71 62 71 98 91 9 58 21 51 88 41 36 20 31 88 87 32 93 80 30 62 31 84 12 26 11 41 48 31 19 63 47 90 72 9 88 20 88 0 80 80 20 72 100 32 79 17 82 45 7 66 84 8 0 44 74 12 54 5 32 96 36 78 93 79 86 81 93 88 95 65 4 98 87 74 91 3 64 12 6 25 44 73 90 60 4 38 51 53 58 67 54 74 51 67 29 78
52 43 20 49 22 4 17 94 18 83 52 39 77 34 22 2 42 44 88 19 25 87 80 5 8 6 24 97 38 36 70 72 64 37 55 89 61 50 89 44 1 88 65 99 64 39 65 44 36 86 4 47 11 37 27 71 35 31 11 3 25 2 26 1 2 23 87 3 34 88 57 47 84 77 100 89 21 80 66 19 76 30 13 45 28 85 7 18 95 39 0 21 95 82 73 87 43 17 73 74 91 79 40 34 100 50 60 18 13 22 57 84 2 24 41 78 53 38 48 47 58 71 42 48 72 96 4 88 12 40 69 52 7 11 76 24 87 96 53 37 21 97 14 90 83 88 54 73 38 90 66 65 97 96 88 57 7 68 48 6 67 76
40 93 14 83 55 64 24 82 22 61 53 35 90 37 44 59 64 95 67 57 60 50 34 50 77 80 68 85 43 74 66 82 90 4 50 58 22 26 68 99 53 35 50 52 55 0 25 72 88 65 77 26 77 18 97 45 23 25 89 56 90 84 5 69 7 60 8 11 12 79 23 17 13 63 58 18 59 66 86 29 35 62 45 26 100 21 32 1 19 54 17 54 37 16 87 8 46 80 84 67 86 99 67 83 90 28 53 75 21 91 12 96 29 47 82 26 22 37 0 54 43 36 66 88 68 68 85 59 48 94 4 73 27 44 21 18 26 100 90 0 92 72 59 31 25 57 25 79 11 67 5 3 55 66 34 50 64 99 70 92 99 89
21 38 54 70 68 67 93 37 53 23 27 68 16 4 49 9 77 86 30 35 63 50 81 20 41 37 61 49 45 95 85 3 18 73 47 27 57 81 73 88 15 98 18 70 0 53 82 89 48 47 64 100 81 26 20 13 49 27 19 4 45 25 65 20 30 64 74 47 17 76 10 40 23 87 15 50 82 1 91 70 75 99 56 12 42 83 89 65 35 69 34 30 35 33 18 92 89 17 58 59 86 77 13 88 51 47 92 39 2 34 73 84 49 75 62 46 21 19 33 89 78 67 83 69 22 29 92 40 15 18 50 53 57 27 43 41 32 64 12 87 32 98 19 97 29 5 96 52 79 0 28 36 95 96 30 7 34 74 85 69 11 77
66 10 36 26 77 16 40 100 4 24 43 80 93 66 83 83 5 53 80 8 28 8 96 95 62 27 41 88 20 30 39 22 7 2 64 90 97 74 70 0 6 27 99 13 59 4 15 2 43 54 43 33 66 13 72 38 66 52 98 76 90 53 33 18 89 82 66 89 46 97 5 39 41 14 1 66 62 50 10 19 41 51 9 62 1 61 68 24 28 20 81 53 17 37 87 44 93 12 23 89 51 16 42 91 93 38 54 4 5 33 7 55 69 99 12 77 62 39 53 53 89 1 45 31 27 39 62 89 84 0 63 20 53 95 14 78 3 58 30 100 23 13 82 26 99 50 43 75 9 7 6 10 42 10 8 58 74 53 40 10 98 49
2 67 84 14 80 6 15 21 63 13 80 32 62 98 32 61 55 66 67 21 16 91 59 61 9 22 59 42 67 17 83 71 33 49 51 86 79 29 41 85 91 91 69 16 72 43 74 49 33 93 48 55 50 12 46 46 40 71 68 15 45 83 72 51 63 13 58 18 10 37 53 44 16 25 27 26 58 48 19 7 100 83 50 93 34 25 49 71 78 10 59 79 7 63 16 96 77 93 36 90 73 88 57 19 58 13 84 59 0 68 99 50 66 88 61 3 39 65 27 63 84 57 12 92 91 15 36 76 77 10 37 5 77 34 87 40 85 4 86 84 75 31 24 43 36 36 52 5 89 23 19 92 53 95 36 2 74 95 81 60 36 59
33 17 95 43 3 61 38 17 21 48 2 52 82 34 14 83 5 47 34 70 54 92 95 1 31 23 33 9 22 18 69 89 92 60 43 62 31 69 63 63 20 17 11 85 59 92 88 67 20 75 83 48 18 46 60 33 82 48 87 96 56 38 14 28 49 88 4 93 6 88 38 40 43 67 100 16 26 14 43 17 81 90 43 94 94 98 46 5 89 38 58 4 66 70 33 4 90 76 52 11 18 49 57 76 36 72 12 36 90 38 30 54 98 92 25 95 61 50 90 78 93 61 91 9 14 22 12 36 41 37 78 19 40 86 77 50 36 22 54 41 57 29 41 16 63 83 56 71 52 20 39 38 81 3 18 19 90 96 86 28 31 39
46 2 27 15 34 70 57 20 34 66 55 90 14 95 78 23 3 69 42 89 96 61 79 53 26 65 31 72 11 48 77 55 70 87 24 15 15 18 29 28 55 88 95 96 82 14 97 1 9 67 93 18 22 83 94 55 29 77 32 68 73 41 7 1 94 26 57 93 62 24 63 29 73 12 84 42 88 4 0 57 58 74 3 19 4 25 41 98 24 70 61 32 14 98 60 7 9 51 48 10 74 95 49 31 71 64 56 50 37 100 1 1 47 97 100 66 42 53 39 57 96 16 15 43 37 7 59 92 25 38 13 39 69 59 20 24 91 32 54 26 99 18 57 0 19 39 22 38 65 67 43 0 25 68 65 92 75 57 30 69 73 19
54 48 15 9 0 16 17 55 77 29 84 52 9 91 2 37 45 25 15 26 60 40 22 92 60 96 89 69 35 91 76 32 57 71 47 84 34 83 49 32 24 92 7 61 26 15 74 52 87 60 9 42 35 46 82 64 84 35 45 12 19 42 1 55 37 58 25 51 51 9 52 14 56 51 67 29 22 71 68 78 77 86 90 60 19 18 71 47 37 7 2 11 100 71 77 32 32 87 74 68 47 11 8 85 14 53 86 10 73 96 15 21 22 6 13 57 87 20 57 0 52 81 85 65 38 56 39 97 17 2 38 46 27 71 66 79 41 89 79 55 22 75 70 34 52 79 68 82 74 30 21 82 92 92 66 38 50 8 0 76 73 100
10 57 24 74 75 48 63 2 52 3 77 73 29 44 17 55 61 79 19 74 99 24 51 94 88 7 30 80 66 27 92 41 43 18 79 20 63 60 97 62 67 77 8 35 31 52 64 51 75 31 2 84 29 5 67 6 1 75 43 47 51 5 89 2 79 12 26 21 50 58 7 56 61 19 55 85 20 32 50 44 82 27 87 2 40 7 61 87 26 80 3 8 61 57 62 57 28 69 70 34 40 79 48 52 53 56 38 34 78 95 63 31 38 73 88 91 24 68 56 6 43 18 50 38 68 66 12 22 42 52 9 3 84 80 53 8 50 84 82 26 28 15 74 81 93 7 18 31 60 97 79 35 17 89 85 27 97 82 80 14 53 48
43 12 17 93 81 63 70 11 62 69 55 42 34 40 91 58 56 94 3 1 98 16 98 43 85 13 14 26 80 6 67 1 23 26 12 77 63 70 98 78 65 14 92 0 20 83 40 99 93 47 20 18 83 8 92 18 73 87 47 76 92 36 96 22 63 27 60 40 51 87 14 25 2 40 7 87 37 22 28 77 26 87 48 93 94 60 39 81 38 85 32 72 47 75 49 22 63 11 53 0 25 95 82 4 12 28 91 95 48 59 74 100 48 44 27 84 61 12 85 76 14 5 73 61 47 52 78 38 43 3 46 43 55 55 19 59 45 85 84 97 15 93 24 30 75 94 20 41 67 36 75 71 48 42 77 2 63 38 95 25 74 46
20 16 65 37 54 41 50 45 90 43 49 50 28 97 87 85 47 20 66 69 15 98 47 54 25 61 70 99 1 85 34 84 3 90 80 8 20 74 75 61 44 23 10 20 73 95 49 86 57 70 28 71 39 39 76 81 40 8 76 11 21 14 52 100 41 59 63 44 55 98 4 13 37 10 12 99 74 38 0 94 40 74 21 47 77 26 55 66 60 22 36 95 0 52 92 25 38 68 39 49 43 56 2 86 48 69 84 11 57 41 96 78 47 0 97 63 18 22 0 98 62 48 46 58 1 24 53 2 70 6 63 95 94 64 4 98 47 53 39 96 98 30 9 69 55 78 92 70 85 5 98 93 20 6 100 75 36 3 99 87 87 94
25 1 77 58 66 89 37 54 88 21 14 11 92 53 87 24 92 56 25 3 79 85 22 0 62 11 63 48 97 78 83 45 43 12 70 3 50 75 89 36 61 9 67 23 82 62 28 10 78 3 88 45 90 4 95 68 73 39 55 18 72 60 76 86 52 62 36 6 72 4 73 35 43 11 83 11 49 46 45 82 91 78 56 3 72 88 87 73 67 99 68 36 56 72 15 90 31 64 34 28 59 82 74 46 60 77 1 1 51 90 66 25 22 25 72 96 44 67 4 86 91 49 45 75 23 28 89 11 67 39 31 61 65 74 57 6 18 39 43 92 66 60 98 42 24 83 59 66 83 51 11 17 19 20 20 91 14 22 63 44 84 94
90 83 47 30 46 35 57 50 21 57 98 43 89 41 12 32 61 18 41 5 37 34 19 90 44 67 31 23 100 84 63 21 43 38 97 82 98 52 95 84 22 74 76 8 16 30 17 51 62 35 59 59 70 57 24 58 75 1 76 9 49 0 65 70 51 49 77 72 40 96 16 59 93 67 24 25 72 42 70 71 13 97 67 2 66 73 39 29 0 31 63 62 78 52 90 99 30 93 86 37 37 44 11 43 2 47 17 17 71 79 13 71 17 54 14 52 82 2 69 77 12 85 36 47 27 96 35 83 27 37 35 23 77 95 87 69 74 90 29 64 62 6 32 83 24 25 66 18 60 6 57 48 23 12 89 95 38 80 15 28 57 39
65 95 28 18 85 60 79 21 93 23 7 66 38 55 11 76 49 3 14 27 87 42 67 34 1 25 34 18 83 65 76 70 54 16 96 38 2 1 9 59 6 55 89 100 45 72 73 87 3 76 33 82 6 41 69 41 32 64 14 67 25 53 67 73 26 97 76 28 75 97 54 18 64 51 19 26 46 93 40 70 10 36 16 97 84 98 58 100 93 90 23 6 60 35 89 30 14 48 5 37 71 44 50 31 33 39 18 44 62 84 73 34 60 34 85 95 39 3 64 42 15 28 38 22 12 59 52 65 98 63 21 75 90 52 3 84 6 45 37 27 76 14 8 97 83 57 63 88 15 31 16 19 59 98 37 68 19 65 71 89 1 100
78 53 23 17 55 92 36 5 73 82 23 89 17 45 37 94 5 33 90 19 1 23 46 83 16 48 29 65 36 5 100 67 49 70 32 69 80 42 89 30 45 85 37 71 15 43 58 75 88 0 63 57 37 15 100 100 1 60 68 57 19 89 21 88 1 1 17 85 60 29 44 4 78 77 66 4 33 90 78 43 65 30 6 92 40 64 64 100 45 50 97 64 33 97 59 63 34 70 7 8 45 23 28 18 86 83 16 6 87 15 66 9 100 0 19 22 44 12 96 57 8 22 47 65 77 71 58 74 54 11 49 30 32 47 57 66 44 32 85 21 0 6 60 57 42 40 28 96 57 98 57 40 77 1 23 4 30 40 44 5 55 51
47 70 94 65 28 15 74 20 6 80 9 72 59 61 64 17 53 35 88 19 81 35 7 24 99 49 78 14 63 0 93 18 100 34 15 39 37 69 9 14 74 62 26 1 5 18 88 29 11 66 16 88 54 43 40 46 72 74 11 27 90 22 48 27 51 78 20 36 58 100 37 93 75 16 10 63 98 97 70 96 40 98 21 24 75 56 11 77 39 50 78 45 9 24 85 18 22 32 21 95 39 42 18 9 41 43 75 87 10 38 33 92 25 71 25 56 33 5 61 34 36 33 41 68 87 29 41 44 61 12 71 40 32 73 71 58 73 49 21 99 8 31 70 46 93 53 26 81 68 31 97 38 76 25 43 46 1 91 18 1 70 53
84 43 38 25 64 19 4 17 74 29 3 50 13 96 21 12 82 62 27 34 13 37 73 68 22 48 88 24 15 44 62 80 95 31 4 0 11 82 76 31 84 12 29 18 24 49 52 84 80 88 100 27 46 3 98 15 37 26 3 62 81 84 71 70 7 55 89 100 65 21 28 79 53 76 52 14 94 33 5 22 58 45 76 81 63 11 12 47 35 14 77 60 58 3 8 24 61 9 93 79 22 56 52 53 38 63 2 1 51 26 65 18 65 6 74 12 95 92 19 18 17 79 98 14 75 40 1 24 20 13 21 34 73 40 17 32 67 89 60 86 50 25 41 93 58 59 43 11 97 85 84 29 24 56 58 76 18 19 12 48 71 72
39 72 36 26 90 80 69 77 99 45 74 90 49 67 75 71 11 38 11 18 17 89 63 18 28 38 60 13 88 57 55 42 44 65 61 54 62 35 47 54 10 85 51 50 85 92 41 99 99 36 26 57 83 28 100 6 75 22 60 42 39 89 61 70 11 83 11 43 8 14 7 98 62 64 44 73 34 65 6 25 97 67 49 21 34 52 27 39 76 79 20 77 10 43 1 40 40 80 3 34 73 48 18 67 76 30 82 38 45 44 37 72 66 80 23 40 19 66 45 13 30 5 50 70 98 72 80 20 88 67 48 89 77 17 56 82 93 50 100 36 10 65 62 48 8 10 52 11 33 80 76 72 15 87 69 24 95 74 57 23 21 73
36 88 64 3 7 96 2 22 64 31 48 12 36 43 16 25 54 39 24 74 88 34 12 23 4 5 35 19 28 97 84 87 10 5 37 50 96 5 59 37 39 85 37 39 63 15 20 62 87 65 47 59 34 20 77 51 42 9 54 66 41 100 91 98 3 82 71 94 16 38 90 16 90 26 75 80 77 98 9 38 95 61 31 88 95 78 68 64 47 31 95 85 52 76 72 48 57 76 63 98 49 27 82 60 32 53 52 12 59 82 35 91 58 8 16 93 3 75 27 73 6 13 83 71 80 86 55 70 87 95 69 42 13 71 8 91 28 4 45 82 59 69 2 81 23 25 78 76 28 7 100 81 20 16 76 14 19 72 53 93 13 37
91 90 92 49 11 82 0 40 59 33 85 91 10 60 58 56 93 4 37 43 60 53 23 79 71 98 66 30 55 28 75 6 29 5 20 10 70 0 16 65 38 0 86 64 97 93 82 33 36 13 46 35 27 24 82 45 60 0 73 57 56 59 31 89 26 7 26 3 78 60 46 83 61 57 89 9 8 74 52 45 83 0 20 66 8 45 81 95 28 89 0 66 43 63 96 45 27 23 24 48 33 62 82 28 32 28 11 68 39 14 0 36 63 2 64 31 49 1 95 54 41 43 96 13 54 0 99 79 76 63 63 92 57 0 41 85 48 3 47 77 65 3 81 6 62 58 80 52 18 10 22 17 11 5 43 67 22 1 69 52 55 88
15 45 36 27 97 73 63 84 85 90 92 55 68 48 47 55 31 77 60 73 26 42 72 10 6 60 5 59 43 65 68 32 17 22 48 18 31 21 14 41 33 1 47 90 47 22 15 5 3 28 14 92 51 8 91 77 27 37 7 26 88 85 26 56 90 87 100 34 60 86 58 50 8 10 25 26 54 6 38 31 96 43 18 61 66 79 82 85 36 65 34 78 31 100 10 26 74 42 23 5 21 49 85 46 45 12 81 75 59 24 32 38 61 18 4 63 5 2 60 91 42 97 21 40 35 97 41 74 93 18 69 29 7 36 96 92 25 56 89 75 50 36 85 51 60 93 22 58 48 89 72 39 96 83 9 2 6 80 65 3 41 6
52 39 47 27 32 34 36 12 55 85 91 52 78 8 53 21 84 52 22 66 13 62 2 88 31 99 99 20 4 88 10 58 74 67 4 37 7 26 33 43 21 78 100 35 83 50 55 44 98 100 43 78 26 63 49 66 24 74 89 95 20 32 8 15 61 49 21 40 30 26 58 29 62 19 92 22 95 100 57 71 59 26 94 39 30 80 26 34 34 32 50 31 96 60 47 29 30 31 59 64 85 49 73 71 2 92 71 58 90 84 40 11 35 72 7 12 56 0 3 60 67 7 36 34 58 81 71 45 7 27 85 88 86 90 4 22 17 49 23 51 94 100 24 39 63 71 3 35 21 88 64 75 98 15 14 0 90 83 39 42 12 55
92 13 78 79 0 62 57 36 80 58 12 69 78 26 77 8 47 48 55 98 59 31 21 63 28 40 10 68 39 42 59 45 48 42 9 93 11 45 59 21 45 10 34 63 100 5 85 72 48 62 53 45 21 1 15 46 6 61 86 42 45 76 17 4 64 65 79 49 1 70 11 17 98 41 56 13 53 70 74 60 23 65 18 49 9 57 21 28 48 12 13 68 66 45 53 49 0 16 7 90 82 5 48 32 10 96 85 84 76 51 84 79 7 86 93 78 80 11 29 64 54 72 63 70 55 68 45 6 5 9 40 80 45 11 75 55 40 39 93 84 93 36 89 36 49 0 67 95 55 55 34 62 12 88 62 7 39 95 87 42 51 67
21 88 46 97 20 38 30 5 65 13 47 30 4 50 74 71 72 84 13 45 18 33 54 11 84 100 52 86 85 7 85 1 88 50 62 36 16 88 42 13 3 55 51 88 4 8 30 18 96 54 80 26 50 53 8 2 1 39 91 32 86 79 74 38 64 63 58 98 70 67 9 74 73 15 58 23 100 87 24 51 38 83 47 34 91 39 50 2 13 64 82 18 88 72 88 83 11 25 46 65 45 14 61 48 17 20 15 17 93 19 23 0 38 14 92 28 36 70 27 62 24 74 0 74 20 64 98 68 92 100 87 32 59 35 90 29 36 58 86 69 62 21 12 14 64 92 29 24 68 45 42 53 3 91 83 35 0 19 40 13 86 82
83 60 16 37 100 21 19 91 14 18 24 89 87 95 3 33 67 15 84 36 75 45 3 38 2 31 25 53 20 77 59 18 55 38 61 88 7 82 93 2 54 8 43 86 38 19 61 1 69 86 92 84 44 62 35 73 38 60 83 26 20 50 84 76 46 27 31 84 16 40 73 69 68 10 65 50 64 54 17 95 12 92 8 81 81 42 56 9 9 33 60 72 53 30 31 35 16 7 48 95 44 81 47 97 85 43 4 49 6 41 27 39 86 56 32 78 96 77 34 13 29 88 50 81 69 52 46 60 23 31 3 90 10 48 77 52 13 0 83 99 15 78 16 67 5 30 38 18 59 95 73 33 99 57 1 0 13 7 52 41 77 84
15 94 32 67 60 44 79 78 72 44 62 48 65 28 88 19 23 79 1 15 81 61 44 68 27 41 17 67 39 48 85 73 16 32 39 84 92 26 2 98 56 35 83 37 48 21 61 13 11 67 42 17 21 65 65 19 50 1 46 38 81 91 27 70 34 55 24 80 71 55 0 100 95 30 37 88 79 54 6 74 81 47 51 53 47 40 72 88 87 44 89 36 17 18 67 10 33 78 87 63 14 23 74 22 13 70 83 69 69 84 43 67 16 38 91 21 4 56 27 27 20 27 79 9 23 9 45 81 64 90 38 32 51 71 0 55 19 6 35 2 88 19 45 14 90 43 41 11 10 5 89 92 21 30 92 76 20 12 72 70 70 62
52 97 45 19 11 12 30 35 23 51 79 82 1 2 48 74 14 74 47 92 84 11 18 34 72 15 61 10 37 13 19 67 29 90 86 80 100 40 55 22 60 90 80 84 15 50 21 5 64 16 76 76 68 68 30 89 39 23 90 36 76 58 59 51 20 49 100 73 65 94 52 87 48 72 27 87 79 84 81 14 93 80 10 23 69 90 76 61 42 28 70 59 68 95 68 30 68 70 63 13 22 53 80 29 4 64 87 2 36 24 34 21 16 15 14 36 37 96 0 44 9 75 24 83 92 70 15 56 67 85 28 38 1 72 99 86 36 12 93 92 61 25 84 100 56 56 51 42 45 81 64 99 3 36 60 52 40 62 66 3 1 28
100 79 90 63 81 74 89 79 78 49 81 57 94 47 17 55 73 61 10 78 59 28 65 99 15 15 30 94 79 93 40 33 59 96 14 49 13 44 84 82 73 39 84 70 69 70 44 86 62 61 78 14 3 28 67 14 52 17 38 7 20 71 3 83 32 67 50 22 79 64 43 9 96 89 79 10 67 22 54 59 22 94 89 30 2 77 65 52 0 51 50 36 90 79 15 51 9 0 47 17 81 4 94 83 21 9 23 57 36 19 16 8 80 6 31 86 84 31 40 64 37 43 49 44 97 95 79 67 86 35 69 84 65 66 58 43 66 32 27 47 31 3 21 0 59 23 44 67 10 47 92 78 71 0 78 64 47 86 98 10 39 92
87 86 61 65 8 39 9 49 87 95 8 65 97 71 87 97 97 94 86 64 97 28 85 78 24 12 11 35 43 88 92 94 11 42 38 71 14 67 67 99 86 57 30 72 1 77 72 68 42 22 42 9 31 9 62 74 33 82 79 58 15 28 72 75 94 37 35 89 20 14 62 84 38 48 34 9 13 89 84 54 67 38 60 35 36 74 40 47 48 70 86 96 49 79 73 1 84 6 11 35 72 68 17 20 87 42 88 96 42 31 59 82 9 4 78 23 95 79 91 35 17 15 52 56 68 40 18 97 85 48 10 100 64 73 39 97 44 67 1 48 54 77 27 100 66 5 12 54 79 73 49 32 5 85 5 14 24 90 58 52 10 67
83 70 52 59 45 16 64 64 95 80 3 5 35 27 85 53 74 8 27 12 94 14 62 20 88 97 22 45 61 74 71 52 72 39 97 51 52 99 44 68 17 21 23 98 57 7 92 66 77 99 7 1 10 98 27 0 32 22 54 6 55 47 80 15 15 67 23 42 50 42 80 79 93 95 31 4 86 42 39 65 12 61 19 30 66 61 67 8 12 84 96 66 81 54 50 100 44 51 41 69 98 48 33 52 66 37 1 50 18 94 41 87 20 46 76 3 85 17 45 64 41 68 6 1 7 62 52 7 34 21 76 80 9 20 50 18 39 61 34 19 11 47 53 43 63 14 9 84 13 37 84 26 59 55 85 65 6 74 20 43 75 100
98 5 67 8 51 87 65 97 85 0 32 82 11 1 46 92 32 38 7 57 89 36 89 66 35 21 45 3 6 83 81 82 80 81 29 48 39 80 100 50 16 85 73 76 86 65 64 67 16 20 83 22 82 93 93 76 41 65 50 51 69 18 39 69 93 73 27 69 40 0 68 61 53 21 9 29 81 29 60 63 77 25 59 23 17 81 25 27 72 32 37 3 100 70 53 41 16 83 77 45 79 74 37 20 55 66 44 73 50 11 26 81 67 33 65 42 42 21 17 86 53 9 10 47 69 31 33 90 59 39 79 21 62 78 70 49 57 42 21 99 72 10 3 89 48 89 90 19 71 33 97 74 98 72 32 12 23 63 29 72 89 21
64 86 50 39 54 73 36 18 23 99 56 52 9 68 32 52 13 69 28 47 60 30 91 3 39 38 80 18 65 67 14 73 68 97 75 41 21 17 59 73 69 0 89 51 21 81 99 44 0 3 13 54 17 64 19 49 43 72 60 0 86 78 73 4 13 22 18 60 78 10 56 15 10 65 72 23 38 65 100 46 59 90 34 88 32 41 72 41 58 30 15 94 75 66 14 95 66 0 41 30 0 50 30 37 96 71 61 0 55 88 79 58 63 93 70 62 71 80 75 49 18 86 94 19 3 49 10 71 96 66 26 67 30 3 94 32 83 74 69 2 23 28 1 13 78 8 78 21 14 78 99 91 10 23 73 13 79 82 81 93 34 35
56 75 90 12 15 14 13 26 72 22 6 32 78 81 63 61 35 47 74 96 12 32 14 29 75 41 92 11 48 29 7 23 87 37 61 73 46 59 99 70 12 45 44 62 52 13 34 24 20 52 87 72 67 67 50 37 60 33 61 32 2 0 19 53 77 15 74 46 86 29 44 56 60 6 10 57 32 94 65 6 21 65 70 82 68 36 92 63 86 43 0 79 85 58 83 91 20 59 74 86 25 44 45 46 87 12 54 24 33 67 58 93 37 66 21 44 24 68 7 83 42 76 53 27 9 28 88 60 61 58 61 19 58 84 38 51 51 74 26 84 2 50 31 18 6 81 33 2 72 80 95 15 46 59 63 23 21 2 53 30 95 60
14 34 72 82 3 63 42 35 17 33 93 78 1 34 14 50 26 84 92 55 10 69 99 33 18 36 5 33 69 35 82 31 95 55 92 7 33 28 38 15 54 85 54 30 16 73 51 17 47 37 46 94 64 17 56 33 74 85 47 60 28 78 90 84 17 28 17 4 98 88 34 16 73 85 63 57 59 80 98 30 44 38 20 68 77 54 63 81 45 25 93 78 48 26 56 23 80 38 82 81 64 81 30 30 51 28 85 9 54 49 4 68 25 61 31 31 55 39 41 52 63 77 94 59 85 65 66 45 89 76 16 23 8 40 19 90 11 42 48 18 53 80 48 68 73 9 41 33 53 48 93 34 69 84 74 30 58 2 89 12 22 40
60 83 8 93 93 26 71 10 17 68 34 11 79 96 56 87 15 78 21 75 11 38 39 57 97 54 38 76 98 46 17 34 41 13 21 82 74 42 64 80 98 59 77 29 31 94 33 99 37 72 33 74 80 6 89 69 36 7 86 47 65 47 57 82 91 1 64 70 38 13 86 20 41 62 60 71 75 77 95 81 40 74 3 58 20 29 9 33 71 98 50 10 80 34 11 6 29 53 41 4 14 25 55 23 36 55 93 32 8 40 71 6 95 51 18 82 83 99 80 14 87 12 66 96 1 35 81 53 28 36 70 85 56 32 97 52 41 45 24 99 82 40 28 81 23 19 39 97 61 71 3 7 6 80 39 2 50 33 49 54 51 1
76 73 99 1 85 50 17 56 44 83 96 18 100 22 1 35 62 31 94 50 76 3 57 93 50 19 89 35 4 66 21 45 72 8 26 4 47 25 78 66 93 54 81 62 71 34 14 66 66 94 59 27 31 75 68 45 60 81 1 1 9 82 92 4 1 14 69 29 76 34 31 1 33 75 59 70 8 27 7 12 10 21 83 97 29 30 85 29 59 57 17 37 28 36 66 44 37 71 32 67 6 78 20 47 44 33 77 20 21 89 24 88 29 10 48 56 17 91 89 76 68 8 38 39 67 11 48 49 30 80 27 92 6 13 0 15 88 38 27 44 72 59 36 67 75 15 32 47 86 11 93 52 62 82 79 22 51 20 56 3 81 37
24 22 82 16 14 36 39 66 6 66 0 86 3 34 87 17 15 72 91 97 56 81 75 94 43 36 68 5 88 77 70 48 63 51 98 73 64 100 5 91 54 43 92 49 98 19 99 84 48 35 33 3 52 99 86 34 64 48 14 12 29 25 59 56 3 45 66 50 28 88 78 16 91 96 2 47 73 38 40 72 75 83 47 45 8 73 47 12 99 35 33 37 11 13 72 88 30 47 69 12 96 100 63 89 14 48 24 23 93 35 34 11 40 30 9 75 43 3 76 46 1 89 52 76 15 59 61 71 66 48 11 95 79 31 90 55 77 18 53 55 2 66 40 5 3 66 12 72 80 94 10 45 92 43 83 20 72 93 86 80 9 22
97 38 25 38 53 4 92 82 85 20 56 63 56 66 83 40 0 72 53 89 18 58 82 0 58 65 44 48 61 85 57 76 8 92 25 62 22 41 76 73 17 25 81 98 14 54 70 56 17 12 99 3 81 13 10 32 91 41 41 32 86 12 64 0 54 27 43 53 76 35 85 88 7 55 64 16 80 62 43 72 63 37 37 78 61 56 9 11 76 47 37 27 83 72 96 97 38 41 75 95 59 35 80 43 11 43 73 83 34 84 37 48 48 98 2 76 46 92 64 16 30 76 8 70 4 74 73 77 70 28 93 94 10 63 1 45 31 100 20 67 57 91 4 75 13 64 66 10 92 88 3 64 67 53 92 90 6 72 15 6 41 25
33 53 47 69 3 65 6 75 90 28 37 64 35 14 94 79 2 71 22 23 100 42 77 34 40 89 34 8 35 25 50 75 12 58 5 17 59 49 29 91 27 17 98 73 22 4 54 37 89 30 11 9 55 6 34 29 78 74 36 44 93 87 40 20 93 92 8 52 92 94 49 26 54 52 16 43 41 21 34 9 98 21 99 88 22 64 62 100 6 65 40 85 47 52 7 63 70 69 36 50 44 75 11 51 81 58 59 25 38 97 82 48 20 4 12 29 97 54 50 93 28 30 76 46 25 10 62 13 100 78 81 66 99 68 38 71 78 11 66 29 84 64 45 7 36 67 2 17 13 87 10 18 35 27 81 73 90 29 33 44 91 49
28 44 95 67 77 60 81 6 79 85 42 46 0 6 70 78 70 4 71 32 79 12 72 2 5 59 61 40 55 86 31 85 66 70 86 45 53 94 64 54 56 25 67 81 93 68 19 15 25 67 18 34 29 25 86 90 51 21 16 23 89 99 38 42 14 36 11 72 9 54 96 6 90 17 33 87 61 17 34 78 28 90 91 84 13 23 7 40 1 31 73 17 92 76 54 3 44 61 36 94 67 15 17 11 46 36 30 22 11 31 25 16 44 57 53 89 44 86 41 60 41 23 95 59 48 92 43 15 81 24 45 36 41 18 62 90 13 28 15 63 9 95 5 89 2 21 16 52 17 49 75 61 15 78 36 12 80 55 5 29 100 95
84 45 55 29 42 76 81 68 31 1 45 36 88 92 85 78 41 42 98 84 62 2 30 79 100 61 57 40 13 44 10 48 46 64 91 65 17 61 62 81 42 90 68 57 70 15 86 3 72 52 50 71 9 95 5 90 63 39 32 93 7 60 36 48 41 1 28 58 85 57 51 86 37 38 79 99 99 91 82 78 24 60 9 36 3 80 68 22 16 42 89 35 32 29 56 80 90 95 50 33 28 25 22 48 17 25 26 9 10 68 13 100 22 41 44 89 43 47 45 81 71 75 70 60 45 81 78 85 89 7 74 70 53 100 23 89 35 72 33 30 100 91 95 39 0 86 0 48 3 80 68 77 8 61 23 96 16 97 37 42 20 63
0 71 78 42 42 15 22 85 7 92 32 33 44 26 58 1 25 76 46 37 76 11 22 57 24 34 30 75 48 28 5 19 82 51 73 3 95 89 32 93 86 19 13 1 49 36 89 6 84 79 67 74 17 66 92 38 96 68 81 65 72 80 55 35 44 44 38 47 53 99 2 34 35 85 64 11 16 39 29 35 91 0 100 80 33 36 92 27 17 16 52 62 89 76 56 94 48 24 18 57 50 38 15 39 22 35 4 27 55 11 64 74 72 15 1 40 41 48 35 85 94 25 74 13 89 51 65 3 84 71 78 21 33 35 33 8 44 82 31 45 28 38 100 46 100 73 83 52 37 23 78 69 61 79 42 65 83 59 39 48 7 71
31 70 2 48 31 95 51 58 20 44 83 5 3 89 51 1 71 33 46 38 73 49 29 85 63 20 78 1 74 66 90 57 18 98 80 39 62 74 94 56 0 84 22 68 51 55 90 40 68 83 100 62 15 67 95 78 5 54 94 43 21 100 11 12 39 11 65 64 93 58 25 93 20 19 15 0 99 70 88 18 43 29 18 37 51 66 91 59 63 80 72 45 76 4 63 100 63 52 89 14 27 3 26 39 52 98 44 37 21 92 52 79 75 8 40 62 1 66 0 2 16 15 72 73 15 84 18 74 13 86 43 70 98 28 74 16 94 91 30 85 89 70 9 90 55 94 15 90 93 75 11 2 7 62 21 34 37 92 72 81 100 35
53 2 83 33 52 32 51 64 26 93 65 97 95 37 69 74 58 88 34 73 84 79 85 90 25 20 67 12 15 64 72 49 55 9 26 48 37 54 65 81 53 0 10 95 45 37 80 93 43 12 20 22 33 67 71 17 84 20 18 42 69 97 52 79 74 76 12 58 79 0 31 4 21 45 42 23 67 48 24 52 34 8 33 95 100 58 71 32 7 23 51 5 89 64 97 44 14 36 49 44 98 60 50 79 74 59 62 77 19 61 6 76 97 96 0 48 51 74 66 77 10 67 74 57 35 28 2 78 33 57 88 26 43 82 73 100 93 92 10 35 59 91 38 66 4 57 49 19 87 41 45 57 71 2 20 6 87 66 88 57 100 90
65 100 70 39 20 11 42 7 36 90 14 8 68 33 11 1 20 77 68 36 76 78 74 4 11 67 32 1 58 74 91 13 7 82 11 82 35 25 100 65 8 80 89 53 48 1 29 85 16 0 8 94 89 63 73 13 1 93 98 47 85 15 7 2 16 77 34 11 7 62 56 75 25 33 15 22 2 75 41 20 1 12 68 21 92 91 99 18 1 93 35 11 41 70 67 49 85 3 56 78 76 98 69 43 72 12 96 75 68 97 72 42 62 77 34 45 27 92 31 24 63 33 74 31 39 67 13 74 28 15 50 43 27 43 84 40 16 55 49 26 4 9 99 41 5 4 51 52 36 67 68 24 92 32 9 26 45 37 67 21 56 82
3 14 63 83 84 76 34 14 58 83 53 4 51 10 8 22 40 14 98 72 71 57 96 59 15 60 11 100 27 63 7 25 59 67 27 66 58 55 68 100 39 94 96 43 22 22 22 15 92 2 35 66 95 91 86 34 40 87 42 21 12 72 95 97 64 61 10 86 97 3 63 79 47 41 58 71 32 8 62 57 35 34 69 39 5 63 88 81 67 88 61 69 88 54 17 25 45 42 75 50 61 52 36 43 45 26 36 23 22 55 96 96 69 61 87 15 60 37 4 75 18 24 4 68 73 94 94 25 41 46 33 13 63 43 77 78 22 59 86 28 3 80 5 27 80 72 26 42 19 87 24 43 4 94 67 42 16 33 17 60 60 29
36 87 96 91 36 98 88 37 92 51 6 10 2 0 45 63 25 12 15 27 42 37 52 7 72 99 79 38 12 4 75 2 56 54 89 25 47 10 85 24 4 75 94 89 98 96 56 48 17 13 79 74 29 31 94 35 91 28 17 76 39 83 58 14 53 28 63 62 17 86 19 27 33 19 75 63 38 82 59 57 58 87 26 18 21 14 28 25 100 82 76 30 47 38 1 79 74 55 41 75 32 87 48 45 71 66 43 49 59 0 61 52 82 78 4 29 51 32 85 54 64 56 39 79 74 36 95 17 64 52 68 8 79 22 83 75 3 24 61 38 100 40 14 95 11 6 97 24 18 7 72 62 38 73 32 98 62 71 71 97 0 74
65 85 4 13 49 30 18 85 89 59 21 74 55 39 26 5 53 77 95 37 51 74 88 97 60 38 18 8 59 35 55 94 26 22 91 93 95 86 73 28 93 89 52 95 52 83 53 14 20 99 53 47 5 55 48 86 95 20 78 97 41 80 91 17 14 8 45 5 97 34 16 18 37 77 30 8 63 56 23 32 47 27 56 29 73 32 76 98 6 40 31 22 80 95 100 86 87 16 91 66 36 81 83 63 17 54 72 76 73 38 14 13 30 42 76 21 78 93 27 0 39 41 59 60 27 56 0 7 31 72 1 96 75 26 13 95 61 35 47 62 93 3 40 50 81 50 54 34 64 44 6 46 35 2 50 50 61 47 13 57 90 57
50 23 0 11 7 40 11 58 41 11 66 19 81 56 21 50 14 18 61 8 43 14 81 56 75 40 18 26 64 87 63 24 15 86 10 49 67 11 41 54 56 95 10 82 71 85 21 64 8 99 68 83 43 84 88 96 30 88 85 31 4 11 70 98 46 4 53 55 52 59 95 24 60 56 72 30 91 45 48 50 78 30 15 60 2 10 22 32 91 60 64 11 15 66 9 52 48 44 5 62 67 72 48 64 99 5 74 84 35 28 90 50 10 58 97 60 78 97 40 20 94 94 36 11 60 61 45 17 48 58 57 28 33 24 35 36 67 77 65 70 27 53 18 68 42 21 97 7 47 4 88 30 93 13 88 88 12 94 1 45 74 55
78 51 36 24 24 46 20 38 83 94 12 86 99 82 46 65 61 36 64 3 8 31 13 84 97 71 38 29 66 70 5 60 79 64 5 92 52 31 75 31 98 29 75 57 6 15 74 45 75 83 34 100 32 94 66 97 18 30 18 8 70 57 58 38 55 86 25 81 30 74 15 42 62 76 66 67 28 50 9 33 10 14 37 3 60 14 12 37 90 33 47 65 65 94 79 79 88 59 21 37 12 94 47 19 40 94 57 79 23 67 54 56 92 6 14 37 26 59 63 15 56 62 7 16 98 50 99 49 55 28 88 79 8 57 73 5 56 40 32 6 33 22 83 89 31 25 9 44 82 43 15 49 48 55 29 82 3 89 67 78 40 94
65 44 7 66 49 71 87 30 35 78 21 71 2 2 44 47 57 79 10 25 27 54 86 53 97 93 16 17 45 76 49 92 24 86 18 88 3 57 42 32 27 50 60 73 12 82 77 70 23 4 11 68 62 7 38 13 15 26 66 79 54 86 88 73 77 66 23 90 88 88 19 57 9 88 5 97 42 30 33 26 50 47 34 57 8 19 64 98 99 5 79 29 84 37 10 74 94 82 13 61 94 68 95 66 42 98 78 24 18 68 17 11 73 24 83 65 56 82 17 46 5 84 23 42 32 23 2 41 96 46 62 84 40 59 22 6 28 12 0 40 64 68 88 18 84 81 44 91 40 4 18 71 73 10 82 95 15 36 58 58 9 54
3 64 35 2 21 85 5 61 60 68 8 10 57 89 81 56 91 13 8 0 47 82 14 98 28 33 97 41 57 62 64 81 43 72 48 10 31 1 37 13 81 63 38 83 54 47 61 79 2 6 69 7 35 27 34 56 11 89 74 47 82 36 30 37 14 12 65 13 26 11 28 69 0 59 57 64 98 29 12 2 100 77 66 27 83 78 42 11 71 33 10 8 93 51 14 95 94 34 63 9 14 22 91 92 5 19 1 25 43 2 53 96 66 12 28 28 21 76 3 68 35 76 66 6 34 96 7 34 39 52 61 52 37 85 69 38 79 66 55 55 100 25 65 86 45 84 40 4 97 27 74 1 76 57 77 11 84 39 100 57 96 47
75 65 53 86 4 28 94 78 11 15 9 4 90 33 35 34 15 66 64 92 36 79 10 45 60 30 3 6 5 95 74 99 69 96 22 29 76 81 47 55 19 63 39 29 82 55 52 1 91 12 71 91 30 82 4 1 65 52 70 86 37 91 70 100 87 98 8 38 34 61 8 23 12 92 12 78 24 64 82 26 95 69 23 75 8 96 53 56 94 19 46 10 45 71 88 49 37 16 92 59 58 23 13 11 28 7 87 83 31 3 34 6 74 68 89 94 4 15 6 97 5 64 70 29 76 46 48 92 36 55 33 40 8 62 67 48 30 55 11 45 62 61 3 90 50 61 6 14 9 22 61 12 72 66 44 90 61 95 49 82 39 44
14 100 23 63 87 66 67 95 15 5 57 47 98 38 9 97 94 21 52 80 18 11 5 14 6 81 54 54 97 75 21 35 40 28 98 91 65 11 51 39 30 5 79 25 98 86 53 94 0 31 84 77 47 17 80 79 69 72 46 67 68 87 14 19 55 70 41 24 89 54 51 98 8 11 14 35 75 6 6 13 13 22 34 44 11 58 74 31 59 14 53 80 30 36 33 42 95 52 36 84 89 56 83 72 89 98 85 1 74 10 61 59 100 69 24 24 9 88 58 24 74 73 91 55 61 70 100 24 14 33 8 97 6 2 54 97 5 34 45 32 52 70 34 3 71 49 49 60 0 31 18 54 62 53 48 17 51 4 76 85 37 64
14 94 35 99 2 64 69 53 43 84 17 19 15 30 24 58 39 89 33 28 90 93 39 81 21 37 14 71 54 35 27 71 76 65 3 5 13 48 15 35 12 4 0 12 100 83 80 56 15 8 46 6 52 94 9 84 88 85 78 41 74 99 77 17 33 100 1 55 15 75 16 93 39 4 49 75 41 33 92 9 61 51 88 39 99 4 80 44 91 78 90 34 46 53 22 65 39 89 46 100 43 52 3 13 19 80 9 21 52 89 45 87 34 51 68 17 0 22 35 89 99 31 60 5 43 61 84 10 27 81 32 68 57 22 73 6 10 91 7 1 49 5 63 74 2 31 14 62 17 49 100 35 59 61 76 6 5 76 38 27 57 81
76 89 84 48 29 66 27 22 39 0 5 41 66 46 66 56 31 35 99 62 82 37 66 90 21 88 18 33 79 54 23 29 80 87 85 54 46 3 25 83 61 19 99 94 97 18 64 92 16 57 96 95 4 22 88 87 80 38 96 21 66 29 66 23 0 42 97 70 96 9 98 1 60 57 44 17 93 91 48 81 65 28 44 46 22 28 13 5 32 39 28 6 18 9 55 43 75 57 37 28 61 84 98 57 24 6 40 55 60 71 61 63 4 56 41 34 87 8 4 90 34 68 7 20 31 42 56 90 68 92 18 34 82 25 52 92 7 72 72 74 39 2 92 40 56 62 74 15 18 76 79 2 81 3 90 80 38 85 25 67 76 78
70 19 9 94 25 82 45 16 13 81 52 3 12 35 78 65 19 53 82 53 53 56 16 39 97 92 72 83 33 66 21 93 70 82 68 37 26 22 86 90 46 66 60 91 84 4 83 78 52 79 3 94 51 69 40 16 18 97 32 29 90 12 34 94 3 6 48 17 13 93 44 3 63 20 6 25 17 40 21 53 91 9 62 69 91 23 72 37 7 30 81 73 34 100 83 38 77 0 87 93 32 84 44 49 37 65 49 76 47 41 25 78 28 8 69 32 12 50 9 20 73 0 8 12 9 1 25 83 22 31 5 71 71 40 55 41 21 48 70 30 99 34 9 54 66 42 58 53 76 53 93 78 95 36 91 58 21 15 79 91 82 60
89 69 100 60 98 91 43 57 4 67 44 99 5 97 85 29 48 6 49 75 89 59 94 85 92 69 79 26 28 19 54 36 87 59 8 46 48 68 13 27 84 74 59 17 22 68 58 1 66 42 84 72 86 39 38 82 34 10 96 54 30 22 71 33 6 7 17 16 19 50 38 64 44 79 58 33 82 51 93 10 71 73 80 73 75 84 100 83 87 90 45 13 54 26 71 49 93 70 2 42 82 30 43 86 10 50 89 31 34 99 84 34 45 77 98 32 56 83 5 16 90 2 70 58 87 33 54 79 61 69 84 63 77 80 1 65 60 59 58 64 35 85 73 18 51 55 98 53 98 11 21 56 22 31 26 7 51 83 20 98 92 65
16 94 49 26 0 46 59 17 89 95 85 5 19 47 85 71 76 63 22 62 48 5 40 100 62 5 3 47 46 73 31 26 38 63 68 54 79 72 4 53 76 85 100 48 51 66 3 1 44 90 65 0 22 91 58 95 45 40 88 5 29 31 9 52 51 84 84 0 41 84 9 43 2 88 72 36 49 4 88 27 51 22 77 73 7 77 95 47 38 75 11 18 24 93 77 42 54 74 3 73 8 23 11 71 70 19 63 37 61 12 79 21 90 2 86 73 65 66 0 24 97 85 94 50 1 72 26 96 4 95 1 31 2 55 31 39 83 75 89 3 73 63 40 43 0 97 44 57 77 41 35 98 57 70 59 50 35 51 92 2 14 98
92 23 80 36 7 17 25 5 32 3 24 43 57 82 27 77 45 77 32 10 35 36 8 94 85 43 5 47 75 79 84 0 14 16 91 80 77 6 85 90 40 33 16 61 31 50 7 20 39 57 98 60 57 30 18 38 100 26 78 12 91 32 82 14 63 95 66 84 25 82 86 40 38 12 85 54 37 91 90 2 61 63 86 21 57 39 0 13 12 7 15 80 52 36 63 46 61 70 37 44 93 99 84 34 85 65 15 12 13 66 54 78 60 4 62 34 30 74 51 33 28 68 64 1 70 75 58 36 68 80 71 30 12 96 22 57 90 47 94 22 79 49 27 98 90 42 13 85 36 34 56 99 45 19 64 51 37 80 67 84 14 100
24 82 2 57 27 63 70 78 100 59 70 24 62 94 75 88 26 16 47 89 65 39 28 78 37 20 55 52 62 80 73 9 76 66 91 27 59 91 97 22 25 23 43 8 95 57 51 11 26 6 58 100 65 1 56 37 22 52 17 19 84 40 57 25 47 25 25 23 96 16 80 48 56 19 52 73 27 1 78 27 53 59 63 79 1 42 89 54 85 1 83 95 71 55 82 23 58 92 40 30 24 80 52 28 36 74 15 4 52 65 0 44 19 78 28 77 17 88 36 15 20 95 97 51 36 22 39 58 17 14 84 94 74 50 13 80 86 20 100 91 57 51 84 23 38 24 89 38 39 72 56 36 7 43 72 47 99 57 58 48 8 98
82 46 71 39 0 43 39 18 45 5 36 33 51 58 45 55 26 36 2 87 93 20 45 55 30 1 8 56 13 58 29 98 50 14 86 43 37 95 99 13 1 50 21 85 60 32 15 84 49 12 59 78 15 83 42 97 27 21 72 56 8 97 61 95 52 100 73 62 21 67 15 35 34 30 52 29 47 88 91 10 90 78 91 7 26 61 2 5 79 41 5 32 79 34 44 92 55 31 74 38 33 21 92 20 22 55 21 13 25 16 75 68 19 52 27 47 17 57 49 17 17 58 83 42 10 15 40 25 18 41 100 33 24 33 18 12 63 62 47 40 8 73 72 24 99 37 27 80 59 6 69 68 3 10 54 37 8 1 24 1 85 34
0 1 75 11 58 18 9 88 29 81 88 52 77 99 25 68 63 20 38 25 99 77 63 79 64 42 32 72 71 57 93 58 28 26 29 11 80 38 85 29 87 31 98 12 63 38 69 28 2 20 63 52 94 84 72 25 41 95 54 70 18 70 57 65 44 57 59 97 3 0 99 77 67 41 73 77 73 78 47 73 76 35 7 68 76 38 61 7 98 47 93 79 0 25 82 5 91 86 40 69 100 57 25 4 23 83 86 73 22 49 74 4 51 85 73 35 94 100 37 98 7 17 32 59 87 28 18 21 6 64 66 96 8 24 73 2 35 4 7 47 76 47 45 49 67 62 11 16 51 4 96 76 12 62 5 39 2 8 80 79 46 95
92 6 96 76 19 54 54 87 79 56 32 45 14 57 66 29 57 67 83 87 87 84 0 90 40 47 12 17 95 18 14 27 79 76 82 17 96 22 79 47 100 2 85 34 26 68 3 9 49 58 97 40 38 31 56 32 44 35 79 99 58 56 39 59 84 4 98 25 95 51 85 55 48 27 25 100 10 77 14 46 6 86 35 3 42 33 13 90 20 5 31 59 15 48 72 73 57 69 2 33 28 23 95 54 68 51 79 19 93 45 53 61 53 56 92 11 6 23 50 88 31 44 19 63 86 13 69 39 58 41 26 57 71 95 37 9 7 62 77 20 25 1 10 39 10 55 90 79 96 22 87 76 96 63 20 82 39 18 90 65 48 25
32 12 22 76 86 14 38 37 5 26 13 66 79 3 78 19 85 33 39 72 47 58 24 18 95 28 88 92 5 54 18 75 20 40 58 73 89 86 43 68 94 68 37 22 99 36 38 75 3 15 67 16 65 71 88 20 29 35 95 5 69 12 74 48 83 11 93 30 41 41 54 4 79 92 77 39 80 46 34 81 55 35 74 55 96 32 81 77 21 26 93 81 0 43 71 25 12 97 6 9 30 84 63 1 77 65 33 32 100 53 99 48 43 40 3 24 40 54 6 71 6 60 12 80 59 16 92 76 46 51 28 57 42 87 92 74 53 52 64 54 60 69 33 72 55 24 3 14 7 73 84 37 88 19 42 46 24 91 3 0 69 93
74 57 89 40 64 39 80 3 25 62 31 64 90 16 36 84 35 37 70 55 1 13 65 60 40 49 86 81 95 2 8 1 25 100 46 78 79 18 31 30 68 19 26 28 79 26 5 93 66 55 1 95 95 80 59 69 1 79 35 80 7 65 39 44 16 1 91 73 70 57 52 5 32 62 67 57 80 46 30 99 51 25 68 53 16 65 48 48 93 64 76 15 81 51 41 81 3 80 94 50 24 21 96 92 31 84 13 43 6 20 58 63 89 94 55 89 37 10 56 41 41 66 95 10 90 70 50 12 46 95 53 86 31 75 31 52 68 2 18 13 92 32 47 37 31 11 92 98 43 13 63 100 83 15 90 25 56 45 66 57 56 49
96 0 56 59 54 29 15 13 63 58 73 23 70 39 66 61 82 31 71 85 33 13 84 26 49 59 53 77 97 1 89 24 74 82 50 39 4 55 98 97 98 51 69 31 6 31 30 5 100 5 44 60 87 43 54 47 58 99 79 88 41 19 33 86 9 69 15 94 0 62 79 79 2 44 95 95 50 9 6 47 26 35 86 60 29 58 82 32 71 81 9 24 30 1 21 8 61 36 18 64 61 33 64 94 74 26 100 33 68 81 79 48 23 79 100 30 29 92 90 81 100 8 43 6 88 50 95 86 88 89 52 18 65 92 59 97 31 2 77 32 81 1 93 67 43 63 84 69 83 4 45 92 31 72 78 28 90 15 82 72 88 93
95 42 6 41 37 56 89 39 98 7 61 6 9 89 19 16 52 98 63 5 14 68 24 29 61 56 77 95 92 64 14 18 24 42 17 49 0 24 46 28 0 93 90 86 100 73 93 28 1 42 100 45 75 5 71 79 79 67 13 59 86 20 69 55 80 30 9 77 22 39 99 88 100 49 62 6 84 70 84 84 48 78 60 54 24 20 98 1 95 48 86 17 2 12 27 22 60 58 98 62 9 69 68 30 39 51 86 17 93 7 33 33 62 32 86 22 60 7 80 62 75 77 43 90 93 33 8 35 1 24 63 12 4 85 51 93 95 45 19 12 4 56 73 24 35 36 49 6 36 72 44 81 75 96 3 32 35 10 12 71 64 47
52 45 7 60 51 3 87 86 40 88 85 14 53 97 42 98 94 59 21 50 6 43 87 18 55 7 20 5 72 2 40 58 40 72 65 30 34 19 14 70 100 88 9 26 97 37 5 0 55 1 3 2 56 38 52 83 57 82 72 27 46 70 13 90 26 73 87 55 90 43 61 87 77 12 97 88 92 99 46 75 58 2 85 31 33 94 44 32 61 69 87 65 82 39 3 42 64 48 20 32 69 60 91 23 33 58 6 20 27 17 10 96 39 89 82 84 6 51 97 82 50 43 82 25 78 61 65 68 92 77 87 18 61 63 78 58 22 8 68 42 63 21 63 60 39 88 35 3 66 34 58 57 25 4 75 31 71 34 2 60 18 6
32 86 78 94 77 16 66 57 16 64 59 97 3 24 94 76 60 58 49 67 90 22 5 77 7 8 85 98 72 71 92 44 53 39 38 78 70 58 70 27 53 52 29 94 18 18 55 41 35 42 75 61 8 19 97 82 5 78 62 57 5 41 86 56 27 71 3 98 98 65 20 59 30 4 54 3 54 60 64 19 74 58 16 25 55 44 94 36 97 2 18 20 95 62 98 18 88 45 57 83 53 29 23 36 44 50 9 100 55 51 35 47 99 8 91 37 94 73 8 36 39 91 94 58 13 25 10 54 1 11 0 46 30 66 83 49 7 12 45 23 19 40 45 54 69 89 55 56 40 69 89 7 73 90 70 24 73 93 73 52 98 45
56 61 27 51 52 15 42 20 95 76 86 47 37 3 29 4 73 99 54 77 26 65 68 0 64 6 43 15 85 11 89 2 75 36 91 15 79 96 34 89 16 3 51 65 47 73 34 40 43 36 56 87 20 47 48 92 42 76 78 50 31 47 83 53 61 87 48 13 83 60 74 43 81 95 49 34 20 74 31 46 39 51 3 93 20 79 94 48 12 39 88 12 11 33 16 91 0 26 85 68 89 17 77 88 35 84 10 16 30 47 25 91 1 66 58 34 51 28 89 73 62 59 52 25 1 58 22 50 29 59 71 48 58 95 44 39 40 67 29 53 12 16 67 71 37 14 50 71 92 5 88 65 99 5 67 27 94 59 95 73 74 38
24 33 71 77 33 12 58 62 6 44 55 77 88 75 45 26 62 37 97 39 39 22 93 9 98 70 18 4 86 46 33 42 25 45 38 18 35 2 6 10 74 14 88 7 4 88 25 28 21 3 45 47 56 59 23 37 57 13 62 75 93 33 45 36 89 23 76 75 49 91 36 57 17 86 93 77 45 2 10 88 78 86 18 54 58 60 80 86 31 10 19 87 68 19 97 17 12 92 11 32 6 51 33 15 45 92 96 59 49 15 58 22 81 52 62 82 51 43 5 2 64 12 82 82 98 99 0 56 97 8 45 70 62 95 33 86 20 6 73 69 4 72 18 89 19 23 20 23 54 86 64 89 57 39 76 77 33 59 29 35 57 23
46 21 66 63 45 21 95 87 10 34 99 96 87 60 60 41 65 54 82 73 31 36 70 43 61 41 61 79 73 62 39 20 69 93 94 75 43 87 53 69 37 73 62 71 29 72 53 100 12 29 44 23 91 43 69 62 16 42 49 79 82 6 95 51 97 97 91 39 43 38 48 49 83 15 41 90 95 23 82 52 88 77 2 44 41 38 48 70 66 39 4 33 61 22 68 84 54 91 90 12 5 80 34 11 15 9 73 40 95 88 59 64 82 83 81 45 96 4 83 47 51 92 25 42 48 21 44 100 83 36 57 42 78 7 75 27 68 30 11 47 44 37 29 72 85 11 38 75 35 55 67 48 16 88 24 91 2 21 2 45 7 76
72 39 88 77 51 56 35 22 22 88 78 60 16 10 40 55 36 76 27 57 78 85 46 18 19 19 60 5 19 18 96 89 82 5 49 21 51 23 92 84 93 95 37 77 23 8 76 100 71 33 21 50 24 97 6 11 81 73 86 30 40 55 19 50 98 50 83 13 12 88 17 19 34 61 98 39 34 97 7 67 64 77 79 63 26 79 92 38 14 73 27 97 41 77 73 77 7 96 46 7 0 82 17 100 96 38 87 26 10 50 60 15 77 90 51 77 100 20 77 36 46 6 14 41 73 53 94 4 100 75 56 13 34 27 83 19 81 58 1 86 95 21 83 63 75 41 95 75 70 90 8 36 95 74 82 2 13 28 93 90 76 44
47 33 73 88 72 2 11 50 96 7 76 13 18 66 52 32 98 84 88 2 54 63 57 80 22 81 75 77 70 12 22 71 68 92 4 84 3 75 43 57 32 30 43 3 98 54 24 51 26 10 62 4 8 25 31 69 83 1 32 36 87 21 42 19 93 50 33 62 0 77 50 88 62 81 20 83 24 36 66 80 23 90 84 55 34 77 84 2 43 90 5 49 58 47 22 27 58 12 92 36 92 3 89 3 18 44 93 3 52 63 93 45 49 60 45 1 32 29 87 13 11 90 64 73 92 95 21 92 94 81 26 14 79 22 48 82 19 20 85 1 40 51 98 15 34 53 71 3 100 27 17 14 9 80 8 26 23 53 49 23 60 5
91 85 46 85 24 86 28 4 72 10 100 62 1 93 30 5 31 69 64 44 26 37 31 63 95 81 15 95 34 18 12 64 39 54 75 5 7 67 1 57 43 75 40 82 79 55 72 71 63 51 46 9 24 12 62 19 67 27 90 50 4 90 85 29 57 66 77 10 84 62 76 48 20 9 77 83 59 41 1 19 94 97 75 88 59 2 30 67 38 70 29 78 74 44 31 93 43 77 36 65 43 8 5 15 40 44 30 90 9 41 16 80 28 27 74 99 75 29 27 89 41 66 44 69 29 14 60 85 69 97 41 52 39 58 78 50 44 11 31 27 49 21 76 85 81 99 88 59 86 15 37 82 89 91 4 92 90 47 24 11 60 77
34 4 88 50 22 78 39 31 57 71 82 31 21 46 93 26 78 15 49 87 80 68 100 28 39 25 44 42 67 70 20 51 5 35 63 28 27 46 16 86 97 78 8 79 64 62 96 45 63 57 57 16 19 43 64 44 100 54 22 55 86 10 75 97 39 58 37 26 71 79 38 0 72 84 77 29 56 92 94 78 100 63 72 89 71 91 3 57 53 6 0 34 94 65 81 100 82 61 74 49 26 44 11 62 14 37 41 0 88 11 6 70 74 5 91 61 42 79 8 77 3 57 2 27 33 1 31 55 51 44 26 38 51 32 56 16 93 42 47 68 57 3 73 69 14 55 75 45 26 51 76 76 61 4 76 75 41 9 81 4 91 13
12 72 34 9 29 15 5 77 3 78 25 56 90 51 48 74 41 69 65 55 43 38 79 95 90 44 50 97 31 81 17 60 32 50 57 32 34 23 58 61 37 9 81 31 32 14 28 48 12 9 71 41 57 9 25 61 38 11 100 28 15 41 42 0 99 59 68 50 97 99 36 85 20 34 29 91 95 93 69 30 40 69 26 33 61 22 4 0 72 11 53 83 13 58 66 60 22 1 32 76 0 76 59 84 91 57 95 80 35 22 4 73 12 95 5 27 68 76 43 94 50 49 90 79 77 31 99 55 57 94 14 39 86 32 25 96 57 52 19 53 42 52 97 3 1 14 54 4 100 78 53 34 31 51 62 58 51 0 66 23 56 7
19 90 7 34 4 47 59 47 33 84 56 52 48 80 41 93 41 61 63 1 73 28 36 12 49 11 88 84 88 57 21 19 53 82 93 70 46 56 50 57 92 47 88 29 44 24 82 38 22 0 26 42 43 94 22 32 4 8 55 27 37 82 71 47 41 10 36 60 49 96 98 74 8 48 47 84 3 14 60 8 12 47 32 66 14 6 75 90 46 60 37 25 72 96 79 55 46 32 88 29 27 67 38 44 4 89 72 12 36 69 13 78 22 79 23 30 59 47 0 31 21 71 45 46 40 94 53 46 85 89 84 25 47 26 34 1 32 41 24 71 43 75 60 61 18 48 2 92 65 49 31 75 81 86 69 37 64 14 20 44 59 51
40 67 37 73 5 83 45 11 55 12 84 19 73 68 15 54 49 33 32 32 87 77 88 60 30 44 69 36 47 62 30 81 32 14 70 12 49 69 84 23 56 51 16 77 88 18 28 84 86 10 53 91 24 45 88 35 12 40 0 63 3 57 30 90 72 41 16 91 2 3 18 54 36 27 58 0 93 34 6 13 83 61 8 52 16 65 47 72 88 42 19 22 64 41 24 14 63 8 35 39 78 98 31 97 40 14 79 37 98 91 98 24 52 59 17 95 35 26 45 88 20 39 84 15 66 36 35 12 78 92 78 79 1 25 55 7 32 6 24 42 71 71 46 15 45 54 100 61 93 67 49 98 97 17 48 69 88 83 57 66 95 50
34 35 63 28 88 37 63 67 44 94 32 37 52 68 68 69 50 44 22 75 94 75 8 20 21 91 9 48 52 64 30 11 33 30 86 38 98 22 47 32 78 44 97 75 22 74 6 79 5 1 14 42 9 34 96 50 1 52 4 64 53 63 53 99 21 47 90 27 92 56 36 79 44 40 35 49 65 31 6 99 76 72 43 77 50 96 32 96 18 59 44 59 78 11 42 62 61 2 3 45 87 80 84 81 16 19 3 7 76 9 11 49 43 48 46 26 69 6 15 48 61 55 48 0 75 37 37 22 19 65 81 77 9 37 6 29 51 76 65 81 42 47 7 40 92 31 76 37 19 20 82 32 49 17 79 63 73 63 21 20 40 85
42 60 2 3 17 32 26 25 80 59 5 17 25 58 38 63 8 89 49 41 9 0 58 2 29 90 49 66 38 51 24 39 18 87 21 88 42 33 24 61 68 52 95 53 88 69 9 98 62 10 21 1 54 7 86 42 53 23 99 16 67 44 71 72 30 54 56 97 84 0 50 34 23 46 79 42 33 10 17 83 72 81 3 12 33 87 21 31 69 35 23 59 71 86 45 29 34 21 27 95 98 12 61 18 57 78 89 43 100 76 99 94 69 40 67 66 22 38 93 58 71 51 74 73 77 61 79 78 8 39 45 86 30 72 62 26 82 51 87 99 99 100 14 64 19 10 91 40 12 63 7 19 40 94 52 70 66 19 58 94 5 65
24 71 24 87 15 70 24 27 32 71 61 8 29 8 53 85 23 15 74 40 50 78 69 88 83 43 79 59 94 61 59 28 0 17 31 89 12 51 72 0 5 4 35 46 9 32 48 29 18 78 37 65 1 3 53 67 51 86 45 12 12 41 75 23 45 84 73 42 83 44 68 95 56 43 38 40 14 8 34 33 92 63 88 52 5 8 89 52 19 51 69 60 68 64 42 63 95 28 15 49 18 32 31 34 62 69 76 5 16 39 26 29 39 33 38 68 29 64 36 38 76 89 79 12 60 90 12 11 30 83 48 57 34 66 46 3 42 63 54 25 85 39 53 25 72 7 69 83 24 70 16 20 29 13 4 57 80 18 53 86 20 61
58 36 67 38 64 6 60 99 92 46 70 18 53 8 11 66 67 38 54 49 79 0 66 12 70 21 96 0 23 55 43 78 69 74 25 13 58 46 26 64 76 9 5 82 20 95 12 66 84 71 67 83 97 71 13 78 21 69 92 45 23 48 8 84 26 1 76 66 57 72 94 47 58 97 57 34 61 45 67 83 99 100 24 98 59 96 88 46 99 81 72 75 81 26 80 93 73 18 76 37 18 77 36 75 47 17 20 52 88 55 41 35 10 4 87 28 92 16 45 25 43 36 60 88 53 41 94 14 3 65 10 92 51 77 84 100 46 39 50 53 40 72 20 43 27 11 50 38 8 71 82 42 55 100 36 11 26 97 64 76 97 78
64 81 55 95 31 34 13 17 95 19 83 16 25 67 26 83 100 27 64 10 0 10 31 18 51 29 0 40 27 4 47 99 15 28 24 84 37 41 26 55 15 44 56 18 15 52 43 18 66 28 37 19 6 81 22 47 26 12 90 21 14 74 49 34 9 12 71 76 15 15 99 26 3 77 11 0 72 3 1 73 76 0 91 95 13 9 0 3 2 26 63 47 67 75 29 91 48 18 60 0 5 70 61 37 95 23 99 70 86 1 1 6 39 21 57 56 77 82 3 4 80 70 28 82 67 33 93 35 14 18 88 67 94 89 90 67 71 6 52 80 72 78 73 38 31 44 87 42 98 12 24 95 71 6 12 66 65 48 47 18 46 17
59 9 29 63 4 65 41 25 76 48 53 23 98 31 34 75 9 4 13 75 75 75 29 82 94 82 6 13 62 21 42 97 55 57 95 8 85 35 8 72 56 31 81 54 31 42 88 73 41 37 7 59 79 8 100 33 53 2 74 62 0 85 11 33 14 19 84 74 80 19 29 66 26 80 30 17 30 28 37 7 94 6 85 25 6 42 91 71 43 28 59 99 1 63 34 54 33 89 33 53 75 84 46 81 48 1 92 64 19 64 66 20 80 72 56 30 34 39 12 4 5 73 18 40 65 6 91 50 13 1 40 90 13 24 28 86 97 82 16 8 25 36 15 90 35 89 71 95 35 11 2 79 79 7 39 71 51 89 78 76 65 49
92 100 63 38 56 25 42 87 27 56 42 56 4 73 65 2 42 38 93 41 64 80 51 45 91 70 77 27 68 0 28 0 91 43 79 52 51 20 24 39 94 90 93 45 28 41 35 87 11 74 22 61 89 57 12 65 95 20 94 29 42 81 58 53 10 92 49 51 74 19 20 39 77 52 56 64 1 13 38 64 6 31 85 47 35 46 24 79 23 23 18 80 91 92 64 50 67 77 78 20 24 61 68 77 45 69 91 53 12 45 53 33 15 25 74 98 100 90 53 38 39 68 57 9 85 8 7 60 4 4 24 26 32 71 28 62 60 88 89 30 30 10 56 86 19 22 16 80 45 43 65 38 79 78 68 83 8 54 29 46 40 88
22 84 54 44 99 67 98 24 21 38 70 33 41 3 6 94 48 97 26 30 76 52 12 5 14 63 45 10 65 9 34 23 29 49 66 0 50 72 83 7 72 38 37 37 16 28 28 74 21 57 41 60 2 78 46 6 72 29 43 60 82 41 59 91 78 62 28 28 91 15 96 31 32 42 78 60 46 0 66 76 100 10 40 44 2 47 66 49 42 99 19 5 24 47 48 65 19 0 45 4 78 86 45 84 85 69 78 39 98 33 69 52 86 74 95 9 82 44 40 30 75 25 12 81 15 51 96 71 77 0 90 13 57 41 52 85 65 51 24 26 96 31 21 73 54 12 59 27 77 38 7 54 49 95 0 34 61 84 23 37 13 55
51 68 24 78 21 77 51 50 24 56 25 20 12 6 81 90 11 93 60 11 19 26 5 15 99 47 8 89 16 6 86 10 87 56 72 80 84 47 94 5 99 60 56 81 49 40 55 32 94 79 38 39 88 82 30 78 62 44 88 53 52 66 83 91 28 48 98 18 44 85 95 52 90 91 32 41 56 30 85 33 14 75 10 54 79 75 30 65 1 56 68 43 75 56 61 83 48 65 2 45 69 29 59 32 55 20 54 80 21 2 2 75 57 59 19 7 80 21 92 91 51 56 56 61 40 11 61 40 39 43 83 47 42 28 15 79 29 31 10 34 21 35 80 12 11 89 12 86 76 14 99 76 75 21 71 55 0 48 53 25 64 81
41 80 46 49 87 12 3 28 60 99 7 11 96 42 78 95 58 63 67 53 23 44 31 95 69 89 48 42 64 5 7 68 55 48 6 12 98 88 81 45 39 74 36 58 79 78 72 23 33 93 40 14 32 48 49 84 59 4 96 58 88 90 83 75 53 11 38 93 95 10 14 19 21 45 57 55 32 26 97 67 2 57 74 78 69 34 35 24 41 60 66 80 42 62 30 7 2 44 97 78 59 54 1 88 91 39 90 62 6 29 92 10 65 96 58 88 75 60 55 12 7 69 57 33 7 6 54 57 59 29 2 8 29 51 83 29 48 3 5 48 39 19 11 50 62 72 64 67 48 82 7 46 45 12 36 98 40 85 26 74 21 0
