80 80 4 36 27 45 70 3 63 82 32 10 26 86 27 46 58 9 34 59 96 62 31 57 1 63 100 61 38 94 36 15 94 49 43 55 48 21 69 1 20 29 75 15 16 17 27 92 79 53 28 12 64 44 99 13 7 90 29 45 7 95 85 83 73 10 55 68 81 8 61 46 41 47 15 39 80 43 95 0 66 45 7 70 5 26 90 51 29 20 15 16 9 1 42 18 44 59 81 46 48 0 74 61 2 21 74 79 60 85 92 37 51 25 45 28 60 46 62 45 57 68 18 63 27 17 45 34 64 10 67 16 46 54 44 57 35 92 65 8 80 70 64 59 98 12 56 61 45 28 46 69 60 97 15 39 26 99 98 32 20 8 36 59 46 57 100 57 26 98 29 11
65 43 80 20 40 75 31 28 87 35 74 60 10 54 47 39 85 6 30 86 15 92 7 62 69 55 96 22 85 84 18 34 21 5 69 59 7 24 88 73 1 64 86 53 35 46 10 98 27 36 67 46 25 74 0 89 19 94 11 69 42 67 24 63 7 91 11 24 67 91 4 88 86 21 89 53 97 40 3 23 55 87 34 81 52 62 51 51 83 48 15 45 84 71 14 41 53 66 0 10 59 79 48 44 79 0 87 56 0 68 14 1 32 66 91 38 12 52 65 44 67 93 50 89 36 39 14 62 90 57 18 74 40 58 9 70 20 35 15 44 88 40 7 93 91 22 61 81 63 49 40 36 95 12 3 17 54 63 73 4 60 62 9 20 61 40 57 15 27 20 75 87
74 16 96 52 61 84 25 45 0 76 9 38 14 42 51 41 45 32 82 82 35 85 85 82 43 94 65 0 83 32 27 97 100 23 58 8 93 87 37 91 19 56 55 39 40 46 84 1 52 25 59 56 22 76 57 55 39 82 22 69 70 24 29 2 79 8 85 45 78 58 25 88 15 45 12 50 49 49 64 81 84 6 55 28 38 24 50 34 94 93 100 8 54 13 24 10 33 59 7 88 33 68 19 0 93 10 8 94 77 7 1 23 78 22 51 36 47 14 62 9 8 95 73 6 78 74 62 87 92 80 57 74 98 27 58 62 67 38 43 53 84 67 77 39 88 97 68 1 70 74 48 83 1 5 79 75 83 42 50 64 50 22 34 38 53 77 47 21 55 35 70 54
42 85 59 10 32 41 7 97 58 76 52 35 25 9 81 11 8 74 84 10 50 58 92 22 68 98 5 57 36 16 82 48 88 20 16 82 37 83 40 54 8 28 78 87 25 3 95 55 84 5 49 23 78 34 65 96 73 34 15 40 34 26 29 49 53 15 29 29 93 95 64 46 31 81 66 66 3 76 56 70 12 29 18 9 69 17 16 61 67 25 23 75 68 60 97 44 2 97 94 51 32 11 93 95 62 7 96 78 24 17 91 48 20 39 58 64 63 17 39 96 43 91 23 94 50 68 38 53 34 85 66 73 36 47 67 95 42 68 92 39 53 79 59 39 47 80 73 29 95 22 33 65 98 50 87 5 17 33 37 75 27 100 38 84 61 74 17 11 55 55 21 60
58 50 55 66 76 28 8 67 37 72 13 51 25 45 38 45 43 18 57 62 30 67 15 60 88 54 71 46 83 87 91 93 48 45 53 48 95 83 42 23 62 1 52 90 54 42 52 59 33 26 56 91 32 47 51 54 96 29 25 42 25 41 10 93 95 57 80 72 72 38 48 40 30 35 39 100 57 70 25 65 93 99 35 3 6 61 52 7 87 36 75 74 39 86 45 54 47 39 66 10 6 10 81 73 32 66 85 19 60 82 41 14 70 89 45 35 51 95 72 73 72 96 20 6 60 59 36 28 10 91 69 93 46 40 79 38 26 85 64 32 31 86 16 93 60 46 82 76 76 92 19 18 100 96 5 100 61 34 60 24 86 70 86 55 74 71 43 24 41 92 82 44
70 39 67 27 98 65 65 6 79 5 70 13 85 85 74 30 87 87 53 48 26 67 80 4 60 55 39 6 5 36 78 8 89 76 3 40 90 78 33 62 38 60 24 58 3 88 31 95 29 82 0 93 23 30 12 41 2 82 20 93 43 33 79 27 83 10 33 81 51 83 59 12 55 56 36 94 50 32 63 64 42 31 32 34 33 3 59 46 66 15 57 26 58 0 91 79 12 81 73 55 5 78 71 25 57 30 47 94 62 64 40 39 5 69 23 88 95 46 29 41 41 98 93 99 86 79 66 29 28 91 92 83 60 9 71 34 11 40 61 22 93 68 17 71 0 79 92 63 96 65 57 31 27 65 91 29 44 79 24 93 4 96 1 24 54 97 50 46 8 41 16 58
58 63 42 9 36 65 48 60 55 83 84 39 9 22 11 82 61 27 98 76 34 14 73 54 94 19 83 22 76 67 93 31 75 79 88 11 43 97 7 16 17 85 33 55 23 51 41 59 54 13 38 31 99 30 23 78 65 89 72 50 73 31 87 25 2 75 81 57 18 59 24 84 84 67 92 64 99 44 45 58 1 9 52 10 99 86 80 57 15 94 73 26 81 43 50 20 60 75 29 70 74 68 80 26 39 65 47 50 9 17 68 59 68 30 60 99 5 61 2 9 81 42 0 85 31 98 94 46 25 94 87 87 26 7 36 53 40 14 10 52 57 5 21 32 22 92 57 82 95 68 18 3 79 80 40 65 25 54 37 65 56 57 13 41 14 66 53 56 73 12 23 63
79 70 82 42 66 86 74 17 25 23 85 36 86 57 20 13 86 3 51 25 11 13 27 16 12 95 42 0 48 14 26 93 19 53 38 54 27 25 38 17 6 44 66 1 44 28 97 73 53 32 25 51 46 91 98 11 2 98 82 83 25 52 81 38 90 1 57 12 21 78 79 47 96 0 45 66 76 79 33 33 29 13 87 54 5 84 52 2 15 3 62 89 60 0 71 24 76 67 15 76 10 71 54 49 91 5 41 24 75 60 74 7 80 94 13 9 14 77 53 35 52 80 49 100 66 0 41 49 55 73 37 2 26 10 93 84 10 64 16 12 37 46 5 58 43 70 51 8 98 52 41 59 79 99 71 12 20 78 87 72 90 60 56 57 54 98 93 100 78 86 91 19
24 11 64 19 67 23 88 9 70 59 11 8 41 58 88 63 33 23 50 53 79 1 14 22 16 46 4 88 68 44 39 7 79 56 38 53 48 3 24 95 57 59 95 26 88 72 40 41 74 93 82 59 80 98 23 48 98 73 75 17 15 93 4 9 82 1 50 48 63 51 94 52 13 29 95 86 42 46 42 29 95 21 45 70 82 47 75 84 44 19 67 15 27 33 60 35 84 89 91 86 26 54 57 24 10 0 96 45 69 48 66 7 54 52 97 15 52 65 96 100 50 77 58 57 28 66 31 17 14 20 13 93 32 2 6 90 28 46 41 29 69 15 78 10 90 14 81 36 95 27 92 31 13 28 19 47 85 52 97 42 66 0 20 34 82 6 57 92 10 47 40 59
74 91 65 93 50 1 17 87 39 61 54 99 26 81 68 98 96 18 51 98 40 96 59 62 68 80 85 25 45 69 33 80 74 83 39 60 78 63 39 76 47 96 54 7 99 34 43 13 71 12 52 50 93 2 56 29 87 97 17 86 23 7 88 0 58 29 100 52 56 17 47 15 78 47 7 49 4 23 45 3 84 49 20 64 32 42 11 43 22 90 99 63 91 72 37 83 92 24 75 51 11 18 79 15 32 31 47 98 80 64 67 88 44 32 73 23 96 2 41 94 69 7 46 79 67 10 5 75 87 45 15 27 65 16 56 63 74 48 39 16 82 53 63 21 16 91 32 43 12 5 80 83 36 42 78 56 13 7 13 66 20 11 80 27 39 70 51 15 13 86 43 26
76 26 82 69 95 65 1 96 27 16 75 29 10 31 23 47 45 31 92 64 26 28 56 51 54 66 80 1 93 75 58 49 32 19 0 54 56 23 66 30 62 69 28 80 70 64 9 74 13 27 55 51 46 81 85 12 55 51 71 95 26 5 73 85 75 70 84 73 17 15 67 15 45 93 44 59 30 4 23 52 48 71 61 33 90 67 52 37 49 33 59 10 92 10 82 17 70 88 51 94 99 27 91 77 93 5 82 46 50 62 30 68 52 54 53 49 42 60 62 67 79 21 16 2 25 30 96 96 87 69 55 84 0 15 8 81 3 74 33 42 14 89 36 9 82 97 20 23 99 9 26 59 28 53 61 15 0 88 75 79 48 59 59 64 6 1 87 20 0 69 18 17
46 25 31 96 15 35 16 29 19 3 47 13 81 31 7 53 87 58 28 43 11 55 58 94 88 24 74 79 53 30 33 19 82 79 74 24 73 96 83 97 6 59 76 79 9 67 44 37 16 91 83 89 74 39 32 76 20 45 33 8 59 79 3 81 0 22 64 57 10 51 68 17 37 11 60 74 83 19 69 53 39 78 82 37 34 59 100 32 5 50 17 32 38 6 27 50 70 42 46 21 68 76 92 75 50 68 96 99 84 46 51 32 7 91 56 76 43 99 6 99 82 86 2 21 65 36 92 34 78 29 89 64 37 7 50 94 60 88 18 42 88 1 16 58 82 43 83 1 42 76 96 62 22 80 70 64 90 21 20 99 32 86 64 82 5 36 87 81 39 3 57 13
5 92 96 67 11 69 71 2 96 17 57 26 26 4 75 24 38 42 68 75 21 4 47 13 8 91 99 31 45 99 38 58 35 74 19 0 45 35 44 61 37 22 65 29 23 46 88 79 34 73 86 9 78 15 7 32 14 98 80 30 30 24 21 36 52 5 13 67 54 75 91 11 66 67 62 6 18 45 89 77 73 4 13 43 87 4 6 96 64 2 23 58 54 20 91 18 76 28 90 70 23 80 5 37 93 90 82 99 35 56 91 50 27 37 63 74 42 100 61 60 6 86 75 85 16 36 95 36 60 68 33 9 59 34 25 52 95 64 17 33 29 4 16 26 43 41 17 36 60 9 68 58 39 92 75 28 60 87 96 16 13 47 92 69 40 79 31 67 41 89 19 93
70 61 64 96 23 60 25 16 99 89 76 56 65 6 98 49 38 36 40 82 58 59 91 53 16 21 35 46 89 69 83 28 22 4 40 18 76 14 53 57 59 91 22 81 75 44 36 43 54 65 12 85 33 64 43 89 84 77 18 28 6 63 25 38 49 65 41 79 85 1 39 14 98 74 38 93 71 68 14 100 99 43 56 100 94 82 28 53 99 49 95 51 73 28 42 75 53 67 24 14 3 42 11 95 73 16 99 17 75 44 32 36 6 23 8 27 68 42 95 97 51 59 45 40 89 100 77 15 18 7 66 1 95 51 0 59 94 90 42 5 50 4 37 96 8 93 85 90 67 84 23 8 72 52 60 84 36 52 68 33 39 60 16 66 26 82 62 6 38 55 38 32
16 46 83 88 28 66 90 89 26 58 33 39 95 11 82 16 26 57 93 8 47 40 11 21 24 52 63 65 89 20 72 68 3 63 0 62 41 63 17 2 18 88 60 65 94 66 27 100 8 6 28 35 49 7 59 23 42 77 76 53 62 80 56 89 39 31 87 41 17 86 77 46 100 96 85 11 90 60 19 84 28 78 32 66 65 97 21 30 53 32 37 23 31 80 97 59 24 34 32 16 13 96 83 62 80 65 88 42 88 70 10 99 83 71 73 46 83 98 33 47 66 62 62 62 10 20 12 23 90 42 94 63 39 73 27 30 29 50 95 84 17 61 76 24 92 11 2 41 50 5 61 47 42 44 80 92 90 47 6 24 49 1 4 72 87 51 89 72 77 36 38 10
81 15 57 21 85 59 46 51 43 41 2 45 57 62 3 96 53 46 10 72 32 55 74 73 98 23 5 79 84 73 88 10 79 51 44 98 72 81 53 32 42 35 71 64 9 10 87 2 31 14 21 98 88 79 91 15 81 25 33 75 80 1 31 96 21 52 36 8 55 6 65 40 99 38 17 80 61 0 28 77 83 31 12 77 21 99 0 67 81 21 79 0 46 94 14 90 48 52 100 40 59 54 14 24 86 83 97 75 8 5 61 81 30 61 75 55 59 18 93 4 54 79 68 34 13 45 57 66 28 75 68 40 36 40 6 82 76 32 64 99 53 51 16 30 36 39 34 59 55 6 6 10 43 14 92 23 32 29 42 8 58 2 45 22 59 97 77 57 28 77 5 34
36 26 9 27 12 2 85 1 55 99 50 17 86 85 16 2 40 66 15 33 9 15 53 98 5 43 38 45 12 32 94 67 71 82 82 23 68 48 23 87 20 14 52 77 81 61 13 81 22 96 98 87 1 0 90 12 98 48 83 90 92 7 29 58 59 75 25 7 1 18 18 32 6 51 12 98 29 61 18 59 67 53 25 55 22 70 35 94 19 98 98 85 4 43 100 47 80 90 18 27 72 70 25 76 7 74 66 74 67 19 63 68 22 46 48 66 74 91 17 82 71 34 61 78 29 20 100 60 87 35 97 57 57 56 13 59 47 9 97 4 7 95 23 1 72 47 29 2 23 68 67 95 67 13 58 1 15 27 25 25 100 61 83 16 73 64 81 43 5 65 38 67
45 85 58 91 35 53 48 77 91 15 87 49 74 50 24 15 71 8 1 100 99 3 50 1 37 9 74 21 36 70 41 3 58 27 98 6 15 28 83 75 93 49 24 20 5 10 36 3 23 73 73 81 55 65 88 14 93 82 43 66 10 19 30 77 51 67 92 85 11 19 67 8 58 43 14 65 68 64 26 95 52 81 28 17 6 23 49 38 41 47 60 23 93 22 91 4 34 50 29 68 46 73 33 64 38 63 74 37 24 30 80 30 20 43 50 35 5 12 82 40 72 8 3 55 75 7 42 92 31 41 99 6 66 7 0 91 16 7 65 56 37 71 17 89 3 42 13 38 16 89 24 92 22 69 87 20 59 53 10 7 37 64 99 48 63 0 98 40 45 98 37 99
46 29 18 1 73 6 58 58 2 43 10 43 17 37 94 80 34 100 90 55 24 46 81 25 40 63 68 57 34 26 62 71 92 1 19 93 16 38 78 19 32 100 77 9 32 59 22 15 30 32 69 97 67 73 77 99 35 22 38 70 36 82 58 99 95 20 55 40 41 0 26 99 85 88 29 99 89 87 22 27 29 28 52 91 100 75 81 83 28 9 53 18 87 53 8 80 40 8 0 85 93 10 72 35 68 87 84 2 15 7 74 21 90 43 47 67 22 8 26 14 42 63 36 65 96 72 62 3 60 14 26 87 21 8 56 86 9 97 37 51 16 90 81 42 81 81 24 56 25 34 80 10 6 32 90 94 44 66 1 33 81 61 92 42 2 80 63 37 39 82 91 28
13 68 53 12 39 15 85 63 68 20 25 96 77 28 75 43 10 20 75 2 3 19 7 25 46 5 81 31 89 12 26 64 82 97 95 52 43 1 97 26 60 64 55 16 68 24 88 26 62 93 86 31 88 35 49 3 6 22 35 37 15 18 100 22 19 95 99 27 94 32 26 11 69 48 22 53 78 93 38 96 96 74 36 54 61 86 92 6 2 8 1 57 55 13 18 51 17 23 7 36 7 36 47 14 28 39 92 48 18 33 66 100 52 82 10 62 62 24 62 4 5 37 42 79 4 34 35 28 93 78 46 93 91 47 10 54 35 18 28 23 82 18 72 28 67 53 98 48 79 45 41 34 60 81 52 44 15 56 24 96 17 79 65 93 50 71 10 37 70 55 24 76
29 7 28 36 67 0 74 22 80 11 94 23 24 34 12 91 21 53 84 13 18 35 91 60 95 14 40 23 84 23 73 37 98 2 84 92 89 42 18 5 22 35 34 55 100 80 1 59 99 69 13 46 79 12 0 55 85 90 25 56 44 25 100 43 9 40 67 27 28 93 57 93 79 0 95 31 92 70 67 34 32 29 54 25 79 95 32 89 55 43 92 27 79 6 68 13 8 47 89 21 95 42 36 33 100 19 14 65 64 53 86 66 37 2 80 28 44 36 16 68 42 4 28 7 31 43 58 6 80 57 24 17 42 96 7 99 35 75 69 57 80 42 97 5 65 4 67 50 57 77 15 98 45 37 52 67 80 22 72 93 10 26 38 90 59 66 3 77 72 20 99 97
71 17 58 91 86 39 100 96 44 4 61 0 58 89 79 72 94 73 15 52 66 50 75 77 44 80 63 4 26 38 30 36 63 57 84 56 1 81 75 61 58 49 66 17 47 29 44 74 35 28 28 45 58 47 62 41 84 98 53 26 42 26 48 97 58 82 79 39 21 68 97 41 4 12 6 24 23 49 36 47 64 16 44 77 62 83 32 27 40 0 61 40 89 22 42 61 34 30 27 74 90 18 83 86 23 85 32 19 63 20 56 32 74 99 66 39 53 80 71 0 86 45 73 97 30 7 35 31 33 33 13 68 3 84 5 39 23 48 85 23 67 33 20 79 64 82 9 8 9 20 32 15 16 58 26 59 43 1 56 90 24 41 91 31 53 34 12 58 46 76 53 50
13 33 54 4 33 69 6 10 61 38 12 62 83 15 3 77 46 45 72 87 72 53 23 74 100 58 18 65 37 100 43 84 76 41 49 38 72 98 73 19 95 7 32 57 72 60 21 82 26 15 66 64 5 51 98 20 42 75 89 24 12 54 63 98 84 15 81 82 36 90 63 92 17 76 77 38 92 12 84 89 38 64 43 74 27 92 82 37 17 87 25 28 88 38 81 94 19 52 60 27 99 67 82 16 41 68 73 31 55 70 76 83 99 62 91 49 91 9 74 81 32 85 78 18 28 49 29 47 27 68 2 95 88 81 41 100 85 6 12 89 40 92 53 51 59 34 80 89 27 99 65 21 29 73 9 52 13 29 47 51 11 37 100 49 24 45 48 3 75 83 60 47
26 42 31 44 46 23 65 19 14 34 89 70 11 55 26 4 90 91 22 34 35 44 36 87 43 4 90 71 26 12 86 5 23 41 77 75 33 97 36 9 7 70 34 48 81 77 75 38 43 59 83 74 19 68 13 94 8 77 78 35 3 36 83 72 16 62 42 8 42 61 49 12 64 48 91 26 54 5 67 34 80 66 51 61 96 40 94 55 96 32 60 39 15 46 14 96 45 24 36 60 20 66 5 77 98 7 23 59 71 25 99 0 57 32 18 48 87 17 7 16 6 17 9 12 32 92 70 5 93 94 48 66 70 13 61 10 96 21 68 90 65 58 65 80 22 51 93 36 33 35 23 28 11 21 3 97 88 74 64 86 95 0 50 31 3 24 92 56 25 53 39 78
80 57 23 15 80 93 59 39 83 18 1 27 52 84 49 12 63 91 30 78 39 26 41 39 19 100 20 65 48 76 83 11 90 24 36 99 39 11 43 79 24 52 34 36 48 49 34 21 72 46 66 80 86 54 82 93 44 83 88 88 43 39 96 75 98 2 67 87 37 1 30 97 30 56 14 81 35 11 66 17 61 24 45 50 96 72 13 67 2 8 70 27 46 25 10 8 50 22 4 85 95 14 39 17 59 25 58 39 93 27 26 65 67 75 29 92 0 80 53 80 38 58 11 42 99 21 68 52 72 76 60 47 35 41 56 96 45 39 34 59 1 24 15 94 57 4 89 44 92 0 83 22 38 9 51 82 19 14 26 13 73 27 85 88 42 37 17 87 27 80 10 5
9 27 63 55 52 11 8 57 47 69 97 65 80 85 79 75 4 66 54 2 39 68 59 81 83 49 59 98 41 11 17 99 23 58 53 38 84 15 56 65 34 43 41 76 72 66 74 70 87 35 24 60 90 64 45 2 63 69 80 57 39 66 85 15 91 43 85 89 88 58 6 69 17 21 20 43 6 34 70 59 4 84 65 38 57 77 96 52 81 41 34 95 0 15 33 2 23 31 69 48 27 95 7 39 50 62 38 11 76 8 12 56 70 92 8 73 14 48 82 96 99 63 63 59 27 73 79 22 55 9 25 42 12 18 66 77 77 5 12 40 35 97 56 61 100 48 21 29 37 88 57 77 99 44 46 62 45 51 17 41 4 40 69 77 80 63 98 67 38 71 4 24
74 80 53 42 5 33 91 95 49 87 72 54 81 33 40 97 42 1 69 77 92 80 100 5 90 93 84 67 36 62 79 29 82 10 19 17 43 5 87 83 100 89 13 20 100 28 92 5 22 43 76 81 26 29 46 91 1 23 3 93 95 7 37 19 70 7 23 90 4 63 64 52 9 68 40 83 21 86 96 32 41 72 99 41 18 36 27 92 80 78 49 98 100 50 68 82 92 37 19 90 65 4 31 56 75 62 7 17 8 96 30 59 24 31 27 39 4 10 51 9 4 60 36 0 88 81 49 68 53 59 28 41 76 61 50 46 60 13 75 92 52 12 25 5 42 36 52 75 58 36 21 21 45 5 36 53 3 84 15 96 63 50 3 22 61 41 75 76 97 77 6 46
90 50 9 19 64 80 81 57 32 51 71 42 53 33 52 35 8 95 2 51 5 58 13 58 19 43 67 18 31 70 91 74 60 88 47 92 44 86 72 80 96 36 21 14 80 18 31 61 24 43 62 30 87 68 75 17 48 51 12 8 23 84 78 84 82 88 92 44 3 88 98 31 93 38 84 8 10 60 64 3 88 26 75 52 44 43 27 54 49 66 70 10 93 22 85 5 27 71 52 89 82 58 7 95 84 28 73 21 15 65 20 92 56 48 86 39 50 82 88 54 52 34 20 2 48 100 69 44 79 19 49 82 13 61 99 94 78 75 37 41 13 87 67 1 43 11 75 5 60 2 34 49 77 58 40 84 21 65 18 62 32 72 0 79 13 48 60 51 67 67 77 16
2 75 64 61 1 82 58 25 51 74 94 45 61 17 76 23 4 69 85 75 58 99 70 87 2 10 68 22 86 3 4 73 57 77 46 45 29 11 33 36 66 50 26 19 41 20 77 50 3 24 43 59 58 84 85 36 9 4 7 20 98 27 6 80 55 24 39 36 78 9 40 78 91 26 3 49 83 10 98 74 100 4 76 50 70 5 95 21 34 38 80 30 64 37 83 14 41 46 4 62 9 89 81 65 66 2 58 78 26 37 42 61 21 65 49 69 99 51 11 76 13 63 48 15 75 86 40 49 95 97 42 44 92 46 82 44 89 69 34 30 23 30 49 85 100 13 52 33 2 96 15 72 49 66 81 59 13 6 69 74 59 55 25 27 41 58 20 72 34 18 6 65
6 22 62 40 11 60 21 22 100 58 95 83 95 6 61 35 87 50 61 97 69 25 31 7 67 74 9 7 81 35 28 70 6 66 15 83 53 60 88 31 98 38 23 54 48 0 8 51 42 87 3 73 95 34 70 49 84 35 15 58 97 24 45 45 87 41 55 83 77 76 82 24 69 14 96 90 61 12 11 61 68 44 66 98 23 39 25 52 18 14 37 63 29 79 72 24 13 17 35 16 76 92 70 69 96 64 66 9 77 66 0 55 86 21 68 7 85 49 82 58 97 7 65 8 72 58 35 25 20 50 21 76 44 92 64 27 21 64 71 81 52 70 3 74 42 96 26 54 61 51 10 57 83 0 63 75 69 64 12 75 85 76 90 3 81 30 47 88 38 9 69 89
78 47 22 1 86 79 33 15 93 79 75 56 74 49 47 2 69 100 38 89 53 44 56 47 64 11 74 0 92 18 88 33 23 86 28 86 64 26 8 40 28 41 69 25 12 48 76 65 55 20 93 84 46 5 35 16 100 91 85 50 72 5 47 39 61 49 79 67 96 1 23 2 92 67 65 100 81 49 32 59 82 65 56 43 8 51 44 19 66 43 98 22 100 71 19 93 44 15 53 68 75 58 44 18 6 4 74 87 20 18 54 48 32 97 58 57 86 53 22 9 71 66 61 23 50 75 87 43 75 94 33 13 87 17 0 8 21 28 98 36 48 24 65 10 76 7 14 98 5 66 2 53 64 61 77 51 64 31 57 60 11 15 28 70 6 63 4 38 77 16 38 1
28 75 11 13 95 87 0 40 62 53 39 25 34 85 78 63 54 78 29 53 36 34 78 5 64 26 75 55 15 71 87 0 82 83 63 71 24 27 26 33 5 95 46 50 53 8 91 5 44 80 44 71 9 99 36 57 68 56 59 54 66 93 47 16 97 66 12 30 97 70 63 2 43 84 3 62 57 8 39 7 49 60 17 80 81 9 9 26 74 2 70 36 42 94 66 100 100 14 93 19 72 7 21 2 38 98 21 31 100 12 32 69 79 11 90 11 39 71 47 82 50 13 21 94 0 32 52 29 10 87 67 27 40 30 71 3 13 12 48 6 88 89 72 9 26 14 60 6 31 41 77 57 66 41 77 37 94 2 94 90 93 3 39 50 91 60 41 72 4 7 57 56
38 18 63 36 81 29 72 64 29 55 25 98 26 25 98 63 41 87 39 89 67 94 17 1 3 94 36 54 67 81 44 77 75 56 75 81 72 58 30 40 99 42 68 59 57 24 35 38 33 6 28 78 31 46 92 52 43 76 45 70 78 56 49 52 39 85 29 58 65 72 45 12 99 47 70 20 72 20 35 89 55 15 100 3 72 9 60 10 50 92 66 44 95 48 89 60 35 75 64 24 52 2 18 16 80 69 68 23 82 36 73 67 32 9 95 66 98 35 5 21 1 34 82 91 41 37 88 87 87 2 34 9 55 71 98 44 50 99 45 9 17 60 3 46 52 36 33 42 27 1 99 13 40 8 21 96 6 22 51 20 0 38 84 16 17 51 42 83 0 31 70 24
6 36 45 80 67 7 44 9 15 13 73 12 25 45 100 79 97 15 71 8 22 93 30 83 11 1 6 82 84 91 2 98 18 22 16 81 46 56 70 32 48 17 41 74 76 39 53 46 71 88 81 85 20 90 1 65 95 42 55 68 38 18 88 45 17 35 77 34 51 25 34 38 33 16 36 60 67 88 97 22 82 97 58 34 100 43 21 41 7 34 46 48 34 25 40 71 60 86 73 99 67 58 85 41 69 18 61 28 28 94 46 25 60 43 7 32 36 52 32 89 93 15 94 54 71 23 79 70 19 31 37 18 40 67 52 8 3 23 70 49 72 75 8 25 83 91 46 7 13 84 69 15 79 78 8 61 2 38 100 32 34 93 62 26 96 49 76 24 39 10 87 80
23 32 78 50 0 78 2 72 40 73 64 74 82 42 52 80 35 23 29 1 20 74 14 75 36 24 87 23 35 47 67 63 6 26 12 5 69 19 42 48 96 58 37 41 27 61 12 37 78 49 16 16 80 11 84 91 90 28 63 83 50 4 22 93 30 7 62 84 34 3 69 7 33 21 14 5 63 36 56 29 90 77 40 17 71 76 19 95 28 90 64 14 58 13 41 80 38 61 23 100 33 6 12 9 0 62 0 80 54 75 24 18 57 67 34 19 8 82 20 29 90 94 99 86 94 38 97 35 27 12 27 58 29 89 62 65 16 28 98 47 63 19 64 41 45 78 58 12 72 50 89 59 7 56 75 57 85 78 5 39 59 83 27 74 81 80 51 94 25 19 9 49
82 11 68 48 88 96 65 25 79 52 58 46 51 46 64 50 84 70 55 21 97 51 50 36 89 59 65 7 91 0 85 4 59 34 82 87 71 96 24 81 52 19 31 76 12 32 46 46 3 16 56 17 49 32 88 38 49 78 13 43 16 5 53 31 78 18 63 61 54 83 60 88 17 65 31 14 52 46 12 22 98 23 84 79 7 10 25 81 99 27 12 78 45 4 3 21 100 13 88 11 89 87 21 13 34 14 50 5 47 95 44 29 8 0 40 30 49 30 74 61 82 75 28 81 35 93 99 61 86 81 99 26 8 47 42 81 1 59 68 39 40 63 47 96 11 48 50 97 61 92 29 35 13 73 25 70 66 96 20 72 18 44 95 76 41 74 33 18 13 12 56 92
70 98 82 96 57 96 5 38 19 24 43 85 94 97 21 48 94 80 3 20 19 51 98 45 32 87 53 70 32 3 91 34 3 88 90 60 13 75 32 42 20 35 86 69 1 20 84 15 19 62 99 26 33 2 52 35 26 22 81 32 47 85 0 86 14 62 84 69 76 27 18 2 27 0 31 100 55 62 10 72 25 6 3 13 19 83 98 92 3 70 19 20 6 39 14 28 59 36 16 63 47 42 10 75 85 93 36 95 42 72 36 67 97 79 34 94 45 5 72 3 9 79 24 76 6 53 12 88 71 82 83 64 92 16 46 49 0 9 39 100 81 3 68 24 5 18 14 5 38 27 92 89 6 27 18 31 10 65 84 43 39 37 66 94 25 26 40 68 91 51 66 82
82 36 48 54 51 13 10 68 0 98 49 2 30 73 31 29 82 50 69 20 2 85 0 40 3 19 63 85 44 1 65 29 53 48 48 7 10 23 24 73 31 65 4 3 32 43 55 91 9 90 82 68 50 18 14 20 35 86 80 22 29 92 91 33 49 75 88 78 61 56 83 19 78 67 86 87 54 26 41 17 90 10 95 34 24 7 67 93 10 46 25 63 31 72 87 18 2 4 32 93 90 57 33 11 96 44 10 23 7 30 69 26 93 6 2 36 83 53 32 13 59 15 82 1 58 89 65 100 47 26 46 52 74 33 72 52 84 5 52 1 31 8 96 80 1 34 88 100 89 24 48 88 91 26 50 33 76 58 6 56 11 94 29 58 62 43 73 14 9 50 5 55
28 77 43 6 54 37 50 72 84 40 43 38 81 12 37 32 46 13 6 39 51 42 98 15 75 84 22 42 34 40 85 62 8 63 37 23 38 2 37 24 34 46 20 81 100 32 54 11 11 46 75 34 59 76 45 97 4 73 86 27 39 59 84 42 13 39 88 75 43 28 61 37 97 50 93 38 6 33 81 4 27 59 13 31 31 53 93 18 72 92 89 60 3 14 36 96 25 50 20 80 64 8 32 76 80 48 51 35 29 80 13 23 39 79 40 65 37 12 83 1 78 58 43 47 83 74 100 93 85 24 99 28 23 58 53 95 29 24 27 33 21 79 89 21 17 24 32 43 30 8 28 35 64 78 39 50 24 26 29 44 2 61 91 32 25 39 30 22 51 27 60 35
68 26 72 99 97 80 66 29 14 55 91 20 27 51 97 52 99 95 99 4 8 69 15 74 0 13 34 56 56 21 64 68 19 76 89 94 93 4 13 48 43 73 14 100 14 15 13 35 78 94 93 58 52 32 53 32 82 43 42 67 66 3 21 19 63 18 26 72 52 53 91 22 88 57 74 29 71 83 92 9 69 80 73 95 58 25 95 43 72 49 19 23 98 24 66 59 38 94 63 82 55 87 3 33 97 80 25 66 78 67 9 48 29 82 43 17 54 33 3 68 18 68 71 99 94 75 38 70 4 30 92 46 97 94 1 31 11 36 49 27 17 47 57 39 73 73 48 57 41 13 2 89 20 84 83 7 48 100 58 64 74 37 40 53 61 92 54 13 7 74 35 51
15 41 8 75 84 100 32 76 86 11 0 33 85 1 11 17 8 77 67 38 65 91 60 3 93 20 3 45 42 9 81 3 52 23 60 0 46 78 63 83 80 100 76 14 39 36 84 34 79 15 54 4 66 48 63 53 96 59 0 29 67 70 27 45 34 49 24 51 94 16 88 86 92 32 72 62 0 2 85 23 24 93 27 98 65 2 1 59 75 39 80 16 73 15 24 43 51 52 6 60 36 97 58 34 35 11 77 41 16 44 100 29 88 2 99 99 35 58 44 48 5 66 43 25 75 99 86 2 1 73 65 100 5 80 43 92 31 30 87 93 65 19 64 34 4 96 16 31 57 96 79 92 75 6 56 22 8 4 95 62 34 91 9 86 83 82 68 67 28 98 15 9
54 9 15 4 57 22 24 13 69 8 54 47 47 8 22 44 15 94 32 6 98 54 57 56 23 90 99 71 13 31 35 94 95 74 29 26 86 58 0 27 61 85 16 72 60 94 63 96 70 23 0 58 93 90 93 84 49 4 39 12 87 28 90 71 38 67 84 35 64 52 16 75 87 22 65 4 85 1 8 79 61 21 50 96 4 64 88 44 57 15 7 60 82 25 30 27 45 48 43 100 42 83 5 95 43 60 51 10 47 91 74 8 79 92 72 22 95 96 9 91 3 62 100 57 89 93 26 42 3 90 49 57 3 62 49 8 41 53 7 20 18 84 37 71 76 37 2 62 87 7 36 75 99 15 64 46 55 8 18 18 46 22 21 76 19 74 78 89 1 60 31 88
46 56 91 48 68 30 40 50 25 7 15 15 60 5 15 5 36 62 95 85 100 97 14 80 22 65 61 57 84 74 54 51 13 99 62 31 0 67 34 14 8 75 44 10 83 2 12 20 83 80 24 46 28 60 9 100 29 90 43 8 90 92 55 70 44 6 20 24 69 73 83 83 31 97 36 32 18 7 40 39 38 62 83 47 15 21 59 56 68 40 35 22 93 46 100 74 31 81 64 65 89 11 100 22 30 45 13 85 43 67 73 59 80 9 95 17 69 13 73 60 82 14 4 0 9 29 75 46 87 99 27 56 38 16 95 4 58 53 72 79 48 83 63 12 18 93 79 47 95 28 23 45 15 74 87 64 2 0 88 94 85 44 55 92 0 13 40 57 98 72 19 36
92 41 66 56 38 26 60 4 79 31 85 64 100 10 30 82 30 11 100 29 20 38 88 32 31 26 6 9 81 68 97 16 48 78 60 2 9 99 84 17 50 11 31 43 13 41 6 27 50 81 72 59 96 18 93 72 60 4 22 90 77 83 37 9 13 83 94 86 14 40 31 90 5 22 48 40 71 1 39 51 37 71 4 86 5 78 26 41 50 39 57 63 3 5 79 80 85 40 11 63 26 69 57 47 66 77 74 43 71 78 49 39 27 97 39 14 62 37 96 13 32 96 65 37 87 30 31 39 60 65 59 12 88 39 64 90 86 58 48 7 33 55 67 50 43 93 53 74 54 99 84 22 37 74 63 96 88 46 87 53 46 91 3 83 33 8 62 57 71 55 9 89
40 13 98 13 45 11 34 85 43 38 87 84 46 81 53 14 16 95 26 18 82 73 92 83 41 62 72 0 73 87 89 37 58 36 44 11 67 99 99 36 84 66 12 12 56 61 73 48 100 92 21 20 70 63 28 87 27 76 89 80 26 30 5 67 31 56 61 43 24 83 84 81 12 83 97 96 50 23 24 5 95 38 1 64 0 14 48 75 48 85 29 86 54 17 11 79 9 85 67 100 89 93 85 19 55 2 34 53 53 24 27 29 66 53 29 98 89 31 79 31 44 43 44 13 46 12 7 49 91 3 38 8 85 31 75 61 65 12 20 16 67 50 85 26 79 97 91 50 25 46 28 31 19 80 43 54 52 75 38 16 7 96 85 18 95 2 8 73 8 60 80 93
34 65 71 12 52 75 70 92 74 42 83 56 72 92 17 97 13 41 37 30 3 87 12 46 21 7 69 80 99 78 10 47 33 11 2 13 9 90 20 53 63 36 41 82 51 32 82 34 22 17 80 37 38 66 60 55 42 97 20 89 35 97 100 30 91 58 13 23 46 58 74 66 29 10 27 56 44 22 9 34 50 56 96 13 71 44 23 54 72 64 79 74 46 93 85 51 82 16 74 8 11 89 53 92 47 19 63 82 14 91 51 39 42 17 56 17 31 75 47 38 65 24 62 27 50 77 32 77 36 20 92 88 47 52 69 25 75 18 60 95 24 72 76 93 54 87 23 6 54 12 28 2 5 100 67 41 56 88 72 98 43 38 17 6 89 73 12 43 50 70 0 79
51 59 9 21 51 6 28 100 57 5 53 62 84 13 95 4 5 22 51 12 61 61 78 22 70 97 61 18 77 0 37 98 37 5 10 78 91 35 16 9 18 58 24 75 98 44 20 77 73 98 40 64 6 53 64 95 5 37 84 85 1 21 59 43 82 28 61 63 28 48 44 62 48 47 8 47 88 76 2 71 90 72 32 11 73 11 27 11 76 94 90 22 98 7 64 95 16 82 45 39 5 78 29 78 8 61 92 85 34 62 31 58 64 18 9 53 2 13 96 87 11 7 57 22 1 26 35 6 45 34 34 74 16 47 63 17 95 8 93 38 79 11 40 92 4 83 1 51 17 93 44 7 68 90 97 70 88 66 41 98 58 77 65 16 99 32 65 53 27 92 57 67
60 85 96 79 42 99 80 58 53 63 80 90 39 74 89 99 16 22 1 18 100 95 56 8 59 99 33 26 46 3 25 78 81 35 0 58 21 11 32 49 57 81 51 32 16 16 94 56 67 27 38 35 40 64 50 59 0 33 96 14 3 43 89 67 27 25 23 25 33 8 40 26 43 10 83 59 2 95 32 48 43 28 88 38 50 50 8 79 36 60 10 2 90 53 20 98 65 10 46 31 21 60 79 18 3 8 1 8 91 19 84 77 73 59 54 65 39 98 40 0 67 84 94 26 55 40 29 3 86 60 44 1 43 91 89 18 93 21 91 82 73 70 30 56 4 0 55 62 7 71 92 96 81 3 34 25 91 18 75 56 75 40 18 91 14 24 18 20 31 64 24 63
10 42 42 58 68 13 99 57 3 16 21 79 84 27 37 98 41 25 42 97 35 69 28 36 71 6 91 34 44 46 40 6 57 54 85 66 78 86 65 66 4 85 68 72 83 15 89 71 22 66 75 54 38 59 78 39 85 25 85 14 88 18 66 28 37 36 63 96 39 61 11 53 71 27 10 30 20 48 46 2 47 9 41 77 66 19 62 0 15 27 19 43 50 73 1 7 53 9 63 30 14 81 28 90 76 64 11 59 98 91 72 99 18 39 83 1 50 11 82 67 46 8 15 54 46 75 75 69 97 82 84 47 36 88 24 37 20 57 29 78 14 46 66 57 27 80 51 21 14 91 52 12 49 45 70 60 16 42 46 20 30 95 54 17 3 33 21 95 61 13 87 5
19 40 18 100 91 68 53 97 26 42 96 67 77 46 83 53 93 43 72 98 42 54 89 92 54 53 44 26 17 71 48 88 33 56 50 28 32 26 38 79 68 11 48 44 4 19 27 10 45 91 44 71 92 41 60 26 92 52 74 42 9 25 43 56 90 61 60 64 79 32 27 76 40 3 11 3 26 51 80 98 4 36 37 14 1 21 15 15 82 91 42 95 98 41 14 79 93 42 58 0 25 76 34 17 81 23 94 60 43 27 43 27 36 51 79 39 35 51 0 0 88 0 44 72 60 27 42 73 47 4 39 82 16 9 97 77 63 97 18 85 27 96 43 8 11 33 4 82 80 50 87 64 79 69 83 82 27 75 58 13 27 55 45 81 74 100 86 94 30 62 39 51
65 6 57 85 64 9 68 30 43 39 71 85 8 72 35 52 76 33 74 80 87 50 15 9 74 13 5 4 63 37 70 25 18 66 74 55 26 66 10 45 95 28 37 32 86 91 0 62 27 28 58 88 99 49 87 37 38 46 93 53 91 52 71 78 89 55 49 100 88 0 14 20 3 28 85 44 57 54 9 12 7 74 48 90 36 44 9 23 8 21 46 86 79 25 76 24 83 90 99 50 91 69 24 3 30 54 87 48 33 82 83 40 24 50 35 16 36 35 0 0 40 53 53 70 66 93 72 55 100 68 5 85 47 97 75 86 60 57 16 36 58 38 29 79 74 94 88 55 88 25 94 55 4 33 35 70 92 85 5 20 50 10 33 65 78 88 1 21 52 21 2 64
61 87 11 71 86 55 99 1 14 88 100 34 42 81 44 88 35 77 96 38 49 17 24 63 35 74 85 78 34 4 38 78 8 13 42 86 91 18 49 52 59 12 75 99 50 88 36 80 71 30 60 28 3 23 6 62 19 61 71 63 72 8 0 48 38 79 39 47 76 49 67 24 91 28 23 9 29 60 76 87 95 0 23 47 58 46 60 8 93 90 99 11 20 11 68 65 21 60 100 95 13 1 54 54 50 2 77 92 57 15 99 93 76 70 25 41 94 46 100 46 34 34 5 93 56 48 62 34 23 56 45 36 47 42 11 79 94 29 28 87 49 10 25 64 25 25 49 42 8 41 75 72 96 66 45 70 45 26 59 13 66 37 14 24 52 78 38 70 15 4 84 24
56 13 89 98 28 82 6 19 35 44 98 1 68 0 93 60 40 44 11 16 57 47 72 76 50 35 62 85 56 74 50 84 48 85 5 0 24 20 71 50 7 65 76 22 45 50 19 48 24 43 95 37 16 71 94 21 32 24 57 45 23 95 77 45 11 46 28 87 78 81 83 91 29 7 30 38 3 33 63 32 34 90 10 74 7 17 92 68 52 87 21 74 92 30 41 46 42 58 9 74 33 71 2 47 88 32 100 96 38 30 20 81 23 26 48 97 10 71 51 62 15 62 39 48 29 53 51 68 57 97 92 79 33 15 58 30 5 73 4 1 9 16 36 72 96 54 92 62 24 78 36 58 32 60 93 64 39 43 99 44 83 96 92 74 70 2 35 67 26 45 48 59
66 14 86 7 43 82 23 52 17 38 2 14 6 5 95 69 73 53 75 45 18 88 70 95 31 12 92 73 6 35 18 49 8 30 3 20 6 21 47 54 43 24 87 0 72 23 54 98 80 67 71 100 22 66 19 25 12 90 67 12 18 61 7 10 91 10 48 89 87 6 8 10 81 88 29 84 70 4 13 7 79 62 76 78 11 70 44 96 79 39 81 51 97 55 92 22 11 10 25 55 18 36 99 71 99 49 43 85 30 49 14 39 83 44 65 84 77 54 75 53 50 67 37 14 36 19 63 67 55 43 33 72 45 74 22 4 75 44 95 54 51 75 48 46 26 70 10 56 91 52 38 6 61 61 99 6 71 57 5 93 22 59 42 60 94 1 91 29 84 39 68 67
64 6 48 23 67 96 63 77 2 65 73 42 99 37 21 67 24 59 51 95 87 18 41 69 18 6 61 42 62 22 40 11 5 70 25 34 23 43 94 11 97 93 72 73 33 80 51 77 69 38 47 28 30 36 16 72 97 51 69 26 67 24 45 20 78 95 96 24 12 59 10 47 43 95 72 92 21 5 52 1 5 23 23 25 44 13 36 13 39 100 54 61 41 2 34 88 6 92 72 1 40 36 2 54 18 14 81 11 31 20 96 55 63 2 48 29 81 7 19 75 17 99 2 54 68 36 20 54 73 36 27 19 55 100 51 96 33 43 15 94 20 19 78 48 60 4 22 17 37 33 77 15 11 15 31 3 8 7 95 65 87 93 60 59 52 93 27 26 6 33 49 22
70 96 36 29 50 21 93 81 83 69 59 17 12 29 98 100 28 87 55 1 48 49 65 17 44 61 76 79 75 40 94 76 69 61 5 11 90 4 41 29 19 15 97 42 69 65 92 85 100 0 86 25 54 8 76 70 59 72 68 47 84 61 16 43 98 85 0 8 31 69 33 64 2 65 58 43 93 28 58 5 27 29 34 96 45 19 43 86 63 20 86 26 39 64 39 52 41 16 18 61 18 27 26 92 58 54 12 26 14 64 32 86 98 30 93 87 45 52 78 56 35 1 83 65 31 50 62 11 89 7 77 27 29 0 40 96 28 38 21 53 79 32 24 48 14 68 33 83 76 16 11 2 11 75 24 6 55 85 77 16 34 66 60 59 49 23 77 98 75 97 90 14
37 40 89 25 48 82 29 73 88 13 70 47 7 99 39 57 59 82 14 63 77 87 25 1 81 40 73 23 99 33 7 16 29 15 92 0 11 51 58 16 2 45 64 12 26 4 18 60 74 42 33 13 44 53 79 94 16 65 5 5 100 97 54 87 29 81 67 99 91 87 29 50 71 92 72 72 53 20 59 26 90 71 13 52 29 5 89 20 16 60 34 16 34 91 1 78 69 84 24 44 92 40 74 49 11 57 97 6 86 5 49 31 37 69 95 4 7 9 81 52 0 50 31 12 43 44 70 85 99 47 64 96 63 25 38 41 22 85 87 23 97 14 91 34 88 21 6 14 79 83 58 75 18 44 72 98 28 89 82 41 70 95 60 85 6 75 29 11 26 7 96 49
33 23 100 34 10 36 37 2 89 75 47 48 48 47 69 70 37 78 34 9 24 20 45 76 25 22 70 92 43 96 12 11 21 76 32 93 23 65 15 77 81 52 52 44 65 34 28 61 17 92 24 93 22 70 99 12 1 35 7 37 28 11 51 88 51 38 7 83 83 67 59 77 53 49 35 83 94 35 87 42 31 59 69 74 15 32 82 43 88 20 45 27 19 39 78 88 42 63 17 35 18 49 82 64 85 50 73 75 76 64 50 40 76 5 7 14 82 89 54 34 14 89 34 93 62 51 25 79 59 45 36 93 1 82 61 97 99 24 8 85 66 46 91 25 52 19 43 91 68 70 31 51 12 91 71 12 56 96 80 50 72 37 60 0 57 82 24 81 48 23 35 46
81 54 26 43 40 89 20 67 42 61 6 42 0 59 16 90 9 97 3 60 45 83 96 2 90 58 98 84 93 98 77 6 50 12 19 76 52 64 82 52 61 38 78 94 61 90 81 49 66 63 86 71 55 48 93 68 67 82 36 15 26 64 20 58 64 59 25 96 1 65 64 3 81 2 88 86 52 78 40 99 51 84 47 73 98 51 28 92 82 20 47 8 11 99 14 45 91 57 48 66 25 76 57 61 93 97 2 43 29 45 73 62 14 23 30 33 60 54 28 36 99 67 14 42 51 3 17 69 76 22 71 18 16 33 24 40 35 96 45 51 58 100 78 51 76 13 74 97 31 76 81 90 34 91 35 1 13 59 39 42 42 54 3 46 58 30 33 84 87 41 75 93
66 96 63 46 8 16 85 25 24 86 75 25 12 47 6 89 67 85 75 84 71 29 55 99 73 82 40 26 54 62 89 37 43 34 92 54 61 32 1 46 39 34 18 71 49 97 46 84 3 99 19 85 15 32 0 22 38 13 49 81 76 22 87 75 1 19 9 21 10 93 4 65 10 55 43 98 51 89 48 22 75 53 99 93 98 37 53 51 16 56 51 14 22 79 3 11 21 2 74 41 56 3 9 51 86 50 42 62 14 3 42 68 94 33 4 44 13 28 83 68 52 93 52 9 33 73 9 58 68 0 31 16 27 22 64 10 36 94 27 93 83 21 8 54 12 39 5 23 42 0 65 52 57 21 65 84 99 96 24 17 6 52 97 77 73 96 85 23 83 98 9 62
6 42 19 27 46 47 77 28 7 29 39 29 15 28 58 28 99 36 52 6 28 28 44 98 98 21 41 76 73 36 62 58 97 52 97 52 70 81 23 3 45 84 100 57 95 94 77 40 62 80 73 24 49 45 95 89 65 71 40 4 57 94 15 18 31 47 96 60 60 27 41 15 0 86 52 53 92 41 65 86 95 2 90 47 3 7 55 78 77 89 95 11 26 38 98 92 8 20 72 29 89 31 85 58 18 6 47 0 65 75 40 58 29 31 6 94 73 3 31 10 12 97 49 7 86 50 95 91 48 94 100 96 44 82 97 28 57 43 13 36 40 56 5 63 61 89 7 14 2 35 20 12 97 73 16 28 20 58 45 35 95 91 45 20 99 53 79 71 63 14 90 34
26 77 28 37 87 82 51 88 93 42 77 73 24 33 33 14 75 4 71 50 97 94 61 93 74 85 20 49 76 73 18 76 82 11 86 72 85 35 52 78 44 53 86 66 90 78 80 68 48 42 20 20 96 35 90 51 86 19 7 45 2 19 24 91 67 14 50 37 70 31 47 24 21 40 81 70 9 40 97 6 96 41 71 98 29 58 4 1 7 3 46 91 82 73 4 99 78 98 61 20 20 34 11 23 80 94 54 54 67 78 75 97 96 0 68 37 100 47 80 39 99 88 89 20 39 20 65 81 6 18 59 81 94 43 49 9 42 66 89 58 52 63 26 49 87 36 52 10 36 75 63 86 99 60 8 4 84 71 65 77 51 22 45 46 35 1 92 17 74 53 33 85
63 54 59 49 28 54 0 91 18 71 52 71 41 59 52 82 66 34 37 16 76 30 6 23 37 67 86 52 80 6 71 78 91 33 57 58 93 22 11 44 61 79 15 17 53 54 90 18 99 59 76 58 45 39 47 88 33 41 12 54 98 27 38 95 100 52 0 51 39 23 14 27 40 89 90 99 20 98 42 14 63 68 32 71 12 35 99 11 54 31 35 68 20 91 54 40 41 20 48 50 91 46 95 76 44 78 47 42 49 87 2 18 51 24 62 16 19 55 7 44 76 65 52 41 33 18 6 59 84 100 47 99 7 71 68 13 26 80 57 10 65 25 16 84 75 4 93 70 20 58 55 76 58 3 73 57 64 27 67 93 55 60 2 1 78 82 41 3 26 25 69 9
23 32 72 100 65 47 100 91 61 99 84 16 43 30 89 7 47 65 15 92 41 22 0 7 41 56 78 61 65 52 12 11 36 91 52 35 23 55 6 26 50 71 50 28 82 20 55 43 35 47 39 21 61 97 8 2 87 76 76 44 97 34 51 99 89 23 32 25 69 33 89 67 33 71 69 88 30 90 59 57 69 7 5 95 83 58 16 100 14 47 25 93 14 5 16 38 43 23 45 46 53 47 56 98 92 43 21 51 57 69 55 81 70 30 66 69 62 91 11 54 21 75 25 88 21 55 21 89 68 0 25 33 57 22 1 29 35 39 48 78 7 91 67 46 30 71 75 96 57 63 32 43 66 91 12 10 23 37 46 86 35 30 44 5 82 73 59 49 59 64 15 62
14 58 68 25 34 92 79 35 94 87 83 55 7 9 1 8 8 51 86 24 54 34 85 40 57 59 24 36 47 31 28 57 78 13 7 93 48 21 0 61 84 56 56 16 47 59 50 85 48 98 42 22 95 17 55 49 75 52 42 59 82 37 29 22 23 60 9 79 94 43 20 49 32 11 41 21 63 41 99 30 1 73 78 64 100 64 62 66 95 90 54 29 65 75 52 39 17 30 34 2 3 56 9 18 37 73 52 87 47 75 50 96 15 3 43 46 57 60 4 42 15 96 46 4 89 85 81 63 85 62 48 88 57 3 98 8 56 33 23 66 62 94 75 43 84 26 16 7 21 9 85 45 18 47 89 27 3 82 72 1 76 64 85 25 58 74 92 27 27 19 47 14
5 68 24 84 39 60 60 59 93 2 76 34 53 96 46 60 77 35 60 24 41 87 78 32 45 33 83 78 19 36 25 4 2 48 71 17 84 70 56 84 63 96 88 40 65 35 26 5 50 11 23 40 4 45 1 34 76 60 35 26 56 44 90 47 48 64 64 90 97 16 21 95 33 46 24 43 33 60 3 97 63 5 91 20 63 38 78 48 90 58 80 47 78 65 87 64 2 39 29 49 73 37 82 30 48 30 99 61 2 81 40 55 29 43 90 59 69 3 30 54 67 7 59 26 34 5 47 6 50 40 66 30 54 84 55 6 37 19 56 29 60 51 10 13 78 70 56 2 36 83 83 50 53 14 69 38 39 17 88 50 15 5 8 96 65 46 52 67 64 12 17 56
1 58 48 68 81 88 23 62 65 34 6 93 48 100 64 9 81 95 29 64 13 67 52 66 20 41 91 30 37 0 90 10 4 49 2 62 46 19 67 62 5 8 43 2 43 23 91 7 100 50 28 1 24 10 38 87 23 40 74 4 10 66 36 32 19 46 34 34 14 27 72 86 46 38 54 48 84 97 10 57 22 7 24 18 75 98 54 75 73 53 75 54 18 76 22 48 63 76 51 35 23 82 65 62 23 31 94 22 60 7 35 35 95 100 6 9 13 5 53 78 33 56 75 79 34 32 7 22 71 50 36 69 91 3 40 60 46 74 99 39 13 89 26 79 44 39 83 58 35 55 27 9 48 79 41 77 75 32 96 97 11 57 5 40 48 31 7 39 7 2 47 49
46 3 63 54 15 86 60 52 79 81 96 90 50 41 66 97 45 29 54 91 44 28 97 16 71 51 55 64 58 38 92 17 25 47 75 59 20 66 66 79 22 89 46 91 91 99 9 13 42 10 48 34 59 68 70 70 96 55 80 38 27 29 54 8 56 18 28 7 92 80 49 19 30 95 58 52 74 52 3 58 67 86 52 4 49 28 44 2 66 25 18 45 36 79 82 18 76 57 95 75 44 75 20 51 37 73 14 95 58 54 54 82 2 79 67 1 11 12 5 84 67 35 44 21 99 32 0 45 34 8 6 49 81 24 90 65 44 93 93 95 80 24 33 75 100 62 16 14 19 10 99 26 97 98 46 4 52 93 3 28 71 30 89 65 82 77 89 86 88 4 14 72
81 12 15 32 74 24 66 54 82 37 5 73 6 31 69 12 86 82 8 20 91 64 32 20 88 81 31 87 88 25 12 26 39 78 95 78 53 45 28 17 84 73 55 89 56 58 3 14 72 34 54 22 4 98 90 53 86 56 36 31 18 91 54 65 40 39 42 24 39 18 64 42 66 50 78 34 70 75 52 24 79 24 29 52 39 74 6 20 95 99 58 90 85 29 16 8 100 36 32 61 30 56 96 81 70 57 68 93 73 12 20 71 1 74 26 3 96 42 71 71 11 74 73 43 41 39 16 84 17 86 1 45 68 89 77 78 84 80 90 79 0 76 8 52 63 94 81 25 30 79 100 14 53 23 10 64 46 6 96 29 44 55 41 25 18 72 6 18 15 39 71 52
20 51 66 47 49 86 97 12 30 74 13 35 75 8 45 69 50 63 17 22 31 57 79 7 30 45 3 91 79 28 98 98 19 74 40 1 18 49 59 23 58 11 42 22 47 1 75 9 97 93 24 54 69 98 54 82 96 5 65 22 5 48 38 89 12 60 75 17 11 5 67 73 32 80 78 47 24 63 16 83 96 1 8 82 98 23 49 95 87 16 73 84 86 68 28 69 29 96 17 77 100 45 72 98 53 89 42 71 22 76 16 12 26 89 79 53 43 69 69 95 11 49 9 29 63 4 70 99 55 0 56 58 83 84 16 53 55 65 21 40 42 64 85 77 0 23 33 5 31 100 20 23 35 76 61 43 31 17 25 20 82 32 19 98 22 69 19 38 51 83 0 21
9 33 24 7 11 94 4 62 58 43 28 32 80 46 6 93 51 28 95 40 100 13 26 55 2 99 85 44 0 73 23 68 39 65 100 1 99 53 31 22 68 60 40 67 9 4 32 8 54 17 74 5 80 65 22 54 84 60 56 6 36 53 23 1 95 10 38 1 75 67 30 72 96 57 20 81 57 4 50 77 71 95 38 2 69 91 90 88 97 100 14 76 10 39 38 56 42 13 53 62 87 98 27 53 14 65 70 4 10 92 27 88 12 78 0 39 65 87 65 48 96 10 61 33 35 36 79 33 22 16 62 69 24 36 0 0 52 47 61 91 85 40 66 50 10 52 12 81 42 49 76 37 94 44 83 48 71 99 80 83 9 23 26 13 43 87 60 8 4 4 8 35
86 19 12 92 14 24 68 2 71 74 11 60 39 89 12 59 77 75 53 25 67 38 2 58 78 52 63 37 30 66 47 47 1 71 32 4 60 84 74 19 15 40 57 46 5 90 41 59 14 5 6 34 32 17 94 77 64 78 56 35 73 65 67 18 79 85 27 22 31 84 95 21 77 26 29 76 62 81 20 1 6 74 41 32 80 20 69 43 47 2 83 80 37 83 2 47 0 45 55 60 92 2 87 72 83 75 45 70 33 68 22 69 73 18 3 42 79 76 64 72 17 4 39 81 53 75 52 6 47 16 47 6 0 69 3 91 68 15 11 90 23 91 17 29 16 39 87 59 64 50 84 53 94 97 38 22 34 46 32 55 26 43 69 7 64 12 68 83 67 91 69 17
100 79 68 2 16 94 9 9 18 31 69 77 54 72 81 54 96 93 38 21 8 77 34 58 64 83 82 37 94 56 75 32 62 80 73 0 70 77 31 90 25 52 41 41 50 79 60 29 59 70 31 7 1 80 4 61 1 45 34 79 98 62 17 87 18 54 60 84 23 61 77 88 9 19 91 1 80 81 27 12 63 44 82 76 35 8 75 46 8 73 58 23 61 44 53 42 42 3 60 45 12 40 2 17 98 56 55 88 33 62 16 50 51 13 50 29 88 86 76 93 32 97 6 59 35 25 40 94 1 47 56 9 4 58 92 87 84 97 36 21 4 48 98 86 1 51 21 77 80 8 51 16 70 33 55 69 0 54 34 66 7 37 42 33 86 58 58 80 42 43 92 98
7 2 58 38 22 4 6 17 57 12 17 97 30 62 95 8 65 50 87 46 40 38 63 6 80 39 16 8 45 81 95 55 53 95 49 38 8 96 28 30 25 12 14 34 25 84 21 0 37 25 77 0 39 85 33 64 43 36 24 20 63 31 1 11 62 49 16 68 24 34 9 59 39 76 48 75 57 25 81 37 3 46 4 25 65 66 53 27 17 32 13 95 54 18 2 10 39 49 16 46 55 76 24 67 47 11 20 28 72 70 9 27 87 61 17 100 87 73 75 11 23 86 87 100 46 57 97 74 52 11 3 95 30 31 20 63 64 13 85 27 7 58 19 14 21 32 77 9 1 57 20 54 23 54 73 10 94 82 73 84 53 7 31 60 77 18 57 19 47 45 58 46
62 27 28 24 54 10 4 80 55 70 86 55 13 31 68 27 4 19 4 32 48 28 49 68 1 69 7 73 78 59 85 30 2 98 48 69 37 44 74 97 38 8 7 96 76 81 26 53 43 40 12 67 7 39 40 13 53 93 49 2 48 94 47 51 44 54 41 7 97 62 71 89 8 80 8 41 1 51 69 4 30 61 86 9 67 49 96 10 84 24 73 56 36 27 48 26 31 100 52 6 22 91 14 88 61 44 36 27 76 43 74 12 38 22 59 7 74 23 23 18 63 100 80 96 94 57 26 93 3 2 59 71 90 18 1 94 51 20 34 60 77 90 89 66 79 79 0 63 8 40 90 63 19 16 30 47 93 37 63 49 11 69 97 15 22 47 89 93 55 97 24 32
50 94 69 40 88 63 56 73 63 40 98 40 79 85 60 57 87 15 32 25 32 61 73 62 8 72 7 39 7 27 94 82 76 4 15 56 43 21 70 61 96 72 87 78 69 13 90 47 100 84 36 95 20 73 31 3 98 31 65 65 50 91 94 2 7 50 41 80 2 60 14 90 16 63 16 63 31 40 42 53 30 9 61 40 6 95 37 17 1 65 11 52 97 50 57 9 75 68 74 16 9 77 98 88 75 75 7 100 83 12 84 14 90 68 79 55 51 98 57 93 66 56 15 47 57 8 56 89 29 27 10 95 39 9 9 92 80 62 61 94 44 41 92 68 59 64 43 81 22 78 63 82 90 1 74 85 0 45 71 2 13 10 98 7 25 43 79 0 70 59 42 64
32 56 55 71 61 26 36 48 35 34 70 82 62 83 9 1 80 65 54 16 59 76 4 17 14 74 72 0 58 63 64 86 27 11 87 99 39 69 91 74 61 13 47 26 70 50 2 61 19 42 87 10 94 80 18 34 0 100 28 13 18 7 24 63 17 13 75 70 49 65 65 29 37 23 25 52 25 98 66 21 89 55 71 57 75 31 13 86 23 87 70 82 10 4 57 43 15 13 63 56 46 81 63 16 97 59 68 26 65 12 15 49 73 87 59 82 63 76 48 35 32 52 6 97 61 41 67 28 54 27 46 27 88 67 53 1 11 39 76 6 91 12 46 92 73 51 56 83 45 8 68 63 20 76 38 53 17 13 4 82 30 5 12 31 15 12 72 61 25 7 3 36
79 92 5 28 61 24 75 3 59 68 47 31 96 58 99 13 81 42 72 13 35 17 77 82 55 67 57 23 28 59 89 59 47 71 84 49 93 45 23 12 100 89 72 55 12 70 89 86 32 93 5 89 29 68 32 100 73 98 57 30 32 96 56 30 40 47 45 20 81 54 12 98 66 27 57 100 72 22 68 6 70 77 54 77 49 5 69 63 46 48 46 39 84 59 40 55 10 75 9 77 15 67 54 82 2 48 33 64 56 47 16 57 72 100 22 26 45 71 75 79 87 75 93 14 7 37 26 45 57 35 2 14 25 54 0 21 16 68 67 94 89 58 30 78 38 49 16 1 88 38 50 15 69 44 75 77 69 89 43 29 96 34 95 99 62 14 40 33 51 18 40 76
3 43 25 22 57 42 11 33 7 68 60 33 82 1 92 3 100 3 40 77 49 70 38 9 65 18 82 63 98 48 87 82 25 5 63 54 69 11 27 58 52 16 48 14 80 77 33 63 34 82 16 66 42 9 59 72 57 68 53 62 79 66 74 59 23 91 58 16 51 1 4 44 37 16 98 56 89 49 82 62 0 85 16 75 80 67 45 57 4 19 61 87 96 47 95 83 17 56 79 29 65 8 63 23 70 19 73 60 0 47 67 67 56 62 69 46 70 3 66 4 72 18 57 56 17 79 44 51 71 15 70 2 65 24 79 59 35 45 60 49 9 74 49 43 40 91 93 88 56 16 86 28 32 60 4 72 100 15 63 5 33 85 44 56 36 26 14 66 64 88 17 94
47 51 39 59 86 13 0 100 1 34 45 83 66 23 10 6 57 49 44 35 23 86 59 35 67 45 29 28 38 23 37 18 60 24 8 11 88 90 15 33 10 82 13 88 17 64 52 18 37 23 22 47 15 9 87 65 41 100 71 83 40 95 75 58 54 17 25 54 57 59 26 56 61 79 55 81 58 79 33 8 20 68 69 68 47 42 63 76 78 40 9 55 1 53 14 84 35 10 33 12 74 41 49 71 23 87 37 41 89 39 36 97 87 7 85 78 66 50 84 61 51 46 100 52 99 26 92 24 22 95 28 93 11 11 79 62 5 96 68 66 93 58 74 97 32 38 28 30 79 81 54 65 67 66 56 30 26 89 49 33 24 98 30 81 97 78 29 34 45 57 28 49
49 11 61 27 51 56 60 61 27 95 19 65 60 71 12 26 50 8 45 11 93 70 70 58 57 39 40 91 77 88 85 97 28 53 66 84 50 90 24 12 79 12 32 20 68 29 65 52 92 85 67 60 55 27 50 8 89 43 27 6 7 60 95 50 70 96 57 63 95 1 78 64 45 9 18 69 86 92 40 9 48 43 36 38 88 62 20 17 49 90 25 3 37 92 19 44 47 10 15 86 49 25 22 38 53 15 26 98 33 92 31 93 50 41 58 83 31 9 30 90 77 18 88 53 77 89 44 43 39 85 96 17 75 64 57 48 75 66 45 23 40 17 41 17 89 24 94 29 79 32 6 4 97 35 39 83 56 94 88 83 78 100 6 57 22 80 76 51 15 37 34 71
84 29 89 17 8 23 35 16 6 54 61 65 10 82 74 90 62 88 59 79 68 46 94 44 53 81 65 30 26 66 83 34 68 19 0 81 19 61 95 17 6 34 24 10 10 72 6 4 49 74 69 98 49 96 25 31 59 23 27 79 100 17 90 40 24 77 87 27 99 23 71 46 63 75 40 99 39 62 5 92 72 99 94 91 38 96 54 67 82 74 74 44 6 71 66 61 13 63 28 45 27 31 0 99 78 78 46 67 52 60 23 4 73 58 3 35 26 48 22 53 3 51 21 93 90 97 91 90 82 76 21 38 99 61 12 28 21 80 79 22 47 79 74 77 32 45 36 58 64 1 42 83 81 33 0 93 53 0 15 75 11 61 0 84 98 65 21 9 88 61 72 82
44 92 42 73 20 6 80 82 61 36 96 66 70 96 99 40 66 48 89 94 22 99 94 22 15 89 85 86 65 87 100 32 68 10 7 92 47 38 70 95 17 83 85 65 12 94 58 82 79 54 13 71 83 37 76 49 2 84 28 87 60 73 91 19 65 6 88 46 90 33 63 92 2 50 90 15 30 95 59 3 73 3 82 1 53 81 24 20 62 49 11 77 78 77 87 98 98 55 13 68 19 94 61 35 23 46 74 31 71 73 53 32 49 79 38 61 27 26 70 16 2 69 21 64 57 30 33 24 81 68 53 100 26 68 87 17 16 92 10 71 3 62 82 90 56 91 50 16 45 70 100 27 68 93 90 23 82 84 86 99 56 68 20 54 55 56 10 30 98 20 23 24
95 69 9 12 99 70 73 77 93 81 71 14 64 49 90 99 84 72 30 4 7 24 93 76 64 83 45 12 6 71 5 64 30 61 51 100 95 79 27 47 67 69 20 83 69 11 18 86 43 78 94 1 9 93 11 76 15 71 0 17 72 5 51 4 3 55 62 51 98 96 62 14 37 32 4 57 17 93 4 23 100 62 52 22 78 19 77 1 16 69 16 90 77 45 75 48 99 90 95 77 3 4 62 78 43 40 47 98 21 46 42 81 40 11 27 29 43 87 89 63 24 62 88 20 73 98 21 55 4 16 63 3 53 36 54 80 29 12 100 57 53 57 69 42 27 27 34 1 47 13 15 14 21 19 8 39 58 83 100 44 66 47 74 64 57 44 36 58 9 13 9 56
71 89 95 54 33 71 65 19 52 96 37 42 41 65 62 81 30 43 12 49 9 41 8 68 97 71 100 52 82 66 99 71 43 20 99 66 69 31 79 81 68 76 82 97 54 10 32 48 80 44 13 64 28 38 75 91 20 15 12 14 51 84 61 49 92 94 49 43 80 83 43 67 47 74 92 6 49 23 18 82 39 34 98 55 17 30 54 11 92 12 68 36 81 62 81 64 48 25 74 24 26 62 81 9 81 62 43 41 85 2 17 64 51 44 26 44 64 49 18 33 12 80 7 98 70 42 62 74 57 87 73 65 94 81 28 53 55 24 42 54 4 68 94 88 97 23 71 70 16 58 1 19 50 76 6 59 39 33 46 47 10 98 100 49 89 43 69 4 71 13 54 95
91 32 20 97 19 15 12 85 16 89 87 84 27 39 15 52 41 54 33 43 87 44 65 7 14 59 83 36 11 72 6 100 98 20 12 34 46 15 94 61 16 24 46 59 22 69 37 66 51 37 52 34 94 28 43 32 60 2 75 88 96 63 96 27 57 47 12 99 9 35 40 44 39 96 0 87 20 26 46 30 49 96 34 15 72 67 37 64 40 82 63 49 31 3 90 51 30 75 76 11 85 24 88 76 55 43 14 10 36 43 90 85 14 22 39 100 82 31 83 24 27 2 22 23 6 88 44 93 53 70 74 35 91 72 44 99 50 76 74 24 88 39 49 42 14 95 14 2 40 53 11 23 32 85 47 31 8 83 43 82 65 90 86 23 44 54 44 93 66 51 75 76
81 56 25 95 45 36 66 5 100 22 62 39 84 81 19 83 28 27 50 90 68 54 77 63 56 53 87 44 40 18 82 7 38 46 58 0 14 31 0 22 51 84 33 83 70 19 59 47 9 4 4 73 40 4 63 1 82 75 73 25 33 24 90 76 70 36 35 38 40 92 81 38 91 69 23 64 88 15 6 66 31 18 99 15 52 12 80 36 20 68 61 7 75 66 11 15 100 42 39 93 88 79 17 67 3 27 14 20 98 83 53 61 38 54 16 97 10 73 29 28 83 91 69 63 42 100 69 70 90 8 81 59 6 34 24 99 23 40 39 95 79 67 69 3 30 2 98 99 63 50 68 31 14 12 55 11 18 84 94 53 62 14 21 75 2 75 91 83 33 74 28 9
45 47 21 80 33 13 63 92 21 76 51 50 45 50 68 65 78 71 63 88 38 43 77 64 53 87 16 1 84 45 58 2 34 50 93 50 24 53 4 73 55 17 52 3 97 78 92 50 94 88 94 70 62 95 14 35 64 55 28 91 72 32 51 15 60 64 48 85 58 46 17 62 9 10 47 10 100 17 11 24 2 8 76 59 28 90 63 93 28 70 40 16 24 72 35 19 83 34 80 25 54 73 71 23 14 35 51 84 9 21 44 39 24 60 96 5 81 88 96 2 74 42 32 11 73 89 42 21 45 91 5 51 88 86 98 85 61 46 92 23 92 53 20 43 91 86 78 9 38 2 74 62 98 80 60 80 20 77 0 89 15 86 42 53 40 30 75 75 71 17 8 59
99 100 23 75 4 71 79 31 63 6 6 72 90 68 98 69 91 95 54 86 99 35 62 39 97 24 60 99 15 24 50 2 98 41 25 59 40 87 37 68 7 10 23 48 86 100 33 27 74 42 56 54 71 29 28 50 29 55 27 82 83 43 4 82 74 33 94 47 7 93 22 2 63 52 46 97 2 57 47 99 99 12 54 51 75 63 77 46 35 20 58 3 21 90 91 21 22 25 18 47 54 7 12 16 0 76 90 88 64 46 67 91 76 86 49 62 47 73 70 81 35 82 47 31 53 64 88 87 75 82 49 16 55 31 36 89 25 44 71 54 79 15 75 54 4 86 78 24 12 21 89 56 6 33 42 3 38 63 64 74 3 34 6 82 74 71 24 64 99 99 21 89
13 47 23 68 15 96 99 90 89 38 40 26 0 16 25 17 92 40 42 1 10 80 5 98 57 91 87 30 73 60 50 81 0 74 30 19 30 80 15 29 37 12 90 1 29 29 12 76 73 32 36 90 10 55 68 64 90 94 92 80 77 17 0 17 14 35 37 59 90 8 6 7 13 5 64 36 79 76 27 97 49 98 92 66 31 3 80 8 97 20 2 64 49 28 38 51 17 27 70 4 47 23 46 83 7 74 64 53 81 14 77 67 78 77 15 83 69 85 55 78 21 25 95 25 26 15 86 1 14 1 99 83 7 63 39 56 27 10 70 87 58 11 7 67 95 66 12 50 37 98 87 52 16 25 71 15 87 62 34 13 10 41 80 88 19 17 34 100 88 11 83 88
65 39 77 36 88 26 26 69 26 54 34 6 83 41 89 99 22 97 44 52 51 31 36 46 34 82 56 24 2 42 56 2 22 51 67 100 55 66 0 69 16 28 48 96 76 67 30 31 5 94 46 81 16 4 86 79 52 43 45 49 99 89 71 73 69 18 4 27 4 64 77 13 84 9 9 81 1 71 36 99 17 53 20 90 46 35 98 3 31 100 9 28 51 30 54 78 25 61 56 52 96 55 45 82 4 63 10 60 64 26 51 6 78 28 7 80 57 46 3 99 29 35 58 15 53 29 24 1 100 35 73 99 19 5 19 68 95 10 93 55 60 57 91 84 17 100 62 53 20 83 73 51 64 36 49 96 94 96 84 55 50 38 98 28 28 24 9 31 14 54 47 54
92 29 72 6 9 8 29 70 51 91 45 45 12 9 0 29 35 85 49 71 58 78 42 85 92 2 88 79 63 63 52 33 2 53 38 32 53 20 81 25 71 24 39 3 66 29 21 4 43 46 87 26 41 62 55 92 66 32 14 11 98 3 30 59 18 48 61 70 51 50 85 29 31 46 60 52 92 44 70 6 62 74 25 58 99 67 59 57 28 78 93 13 60 38 81 86 82 35 54 6 41 26 66 61 46 42 20 21 93 87 51 90 53 76 75 86 26 84 42 94 55 46 4 100 72 77 88 56 48 32 84 7 68 100 54 71 4 63 71 39 88 38 52 57 49 85 42 96 38 57 25 69 68 86 3 98 87 75 95 99 43 66 54 90 2 3 80 97 81 68 95 38
48 6 32 66 24 38 96 100 47 75 89 26 38 89 38 48 66 78 31 45 29 77 96 98 12 6 100 96 15 4 18 15 19 32 19 62 90 17 41 46 56 51 28 74 54 44 82 38 93 5 75 40 5 26 60 59 39 29 72 30 55 90 73 71 75 13 20 90 96 65 58 4 23 55 46 28 52 66 84 76 20 39 12 12 48 86 46 44 63 73 9 22 100 44 6 12 87 28 80 55 79 85 75 62 91 25 85 71 93 46 20 66 49 71 55 64 92 51 15 51 20 87 6 7 56 25 77 67 33 80 98 28 67 12 52 42 50 66 85 84 4 10 0 83 71 83 76 19 54 67 45 60 28 81 71 3 77 100 11 81 60 7 78 40 9 99 19 35 48 63 8 30
0 26 23 57 35 9 23 83 69 59 15 99 21 35 61 38 59 8 31 65 24 27 46 81 30 69 54 83 53 48 60 59 7 61 28 70 87 16 4 41 98 10 37 94 69 61 83 75 6 34 75 74 2 53 97 57 92 33 8 14 25 39 54 100 66 0 95 62 21 45 28 88 27 13 96 34 86 15 28 73 22 33 32 51 63 75 29 53 27 62 13 20 8 81 20 17 70 66 97 22 56 46 77 85 43 80 63 74 80 56 80 1 25 14 57 88 55 98 11 0 50 36 35 39 70 72 51 25 69 75 77 83 75 33 39 29 40 4 85 85 38 63 84 99 68 38 66 67 32 91 83 33 42 17 40 39 88 18 88 98 50 6 18 24 95 88 63 28 94 35 96 26
89 63 54 98 59 34 81 87 1 33 24 12 15 51 90 48 45 74 84 73 48 30 76 50 2 25 17 10 21 97 51 6 23 21 36 29 97 35 15 75 97 27 93 17 61 94 65 20 78 67 35 47 55 15 33 26 55 1 73 60 16 85 4 24 60 83 32 3 4 78 54 13 37 18 60 25 14 57 19 99 70 22 11 3 87 73 54 7 99 20 7 95 51 39 9 58 2 58 41 65 35 40 75 91 20 47 63 34 82 48 48 13 91 94 25 35 63 54 97 12 22 68 4 12 5 92 35 22 92 83 91 68 14 47 23 98 9 72 2 87 21 31 40 30 17 45 89 17 24 79 55 17 23 89 73 33 75 64 45 19 34 90 29 69 38 64 77 23 51 25 35 75
49 38 100 9 92 36 72 86 92 86 69 49 83 36 95 56 5 48 67 82 4 93 14 37 87 62 72 68 39 54 8 74 98 97 64 69 64 94 15 47 47 30 23 22 58 25 79 8 69 99 74 80 34 100 73 89 0 13 68 70 52 88 38 92 8 20 11 56 92 76 18 24 38 49 4 83 12 52 54 96 1 99 93 71 41 79 10 83 58 37 6 49 29 90 31 93 65 74 41 2 1 67 55 25 46 90 87 82 39 13 25 2 98 86 7 36 56 72 65 55 7 57 86 99 8 75 91 90 14 7 0 65 70 19 57 60 91 31 18 96 0 29 75 6 86 5 61 2 39 29 12 30 54 67 85 16 30 79 45 3 35 18 76 82 78 77 79 18 59 93 92 16
52 55 26 10 1 3 8 47 16 70 11 91 66 31 81 32 53 49 6 16 75 46 59 38 15 40 92 99 63 20 44 5 23 67 14 29 5 38 96 16 14 72 19 67 64 58 8 38 87 65 49 18 77 61 71 92 32 62 65 49 21 78 58 92 82 94 32 58 50 72 8 39 46 7 8 13 58 55 90 52 58 71 17 22 42 6 70 90 31 3 4 32 18 8 46 11 34 47 66 14 54 48 19 69 16 86 57 38 89 84 16 78 64 91 62 53 28 34 75 12 61 70 31 100 29 14 91 20 10 96 11 91 2 61 55 15 49 11 47 42 66 90 54 24 97 0 84 15 30 14 88 31 36 79 96 81 68 31 73 86 42 77 79 100 96 50 79 97 29 34 56 39
25 75 71 22 42 74 90 100 79 1 32 3 29 31 93 76 5 58 23 47 96 56 75 82 14 50 39 74 47 99 28 46 31 41 94 29 7 5 55 98 74 55 40 37 78 88 18 34 13 77 3 54 8 46 85 77 18 70 64 41 28 45 21 83 68 54 43 46 20 63 90 34 66 47 48 87 41 60 36 33 5 82 93 37 56 60 68 60 16 99 56 60 64 96 16 56 42 31 15 16 90 28 44 71 81 73 77 85 37 11 41 21 66 88 27 95 98 4 7 69 32 17 69 61 82 28 41 99 11 85 61 35 46 8 90 7 97 57 19 65 65 21 94 79 46 48 28 83 18 48 99 92 15 90 14 41 90 45 96 33 8 31 80 28 49 48 79 53 49 40 5 46
4 45 19 75 50 8 24 43 35 27 5 96 67 41 8 78 91 64 30 91 34 83 44 64 31 100 22 27 54 4 11 27 43 72 63 29 13 61 71 13 5 10 63 46 33 13 54 15 68 3 40 99 59 90 84 4 88 90 2 47 34 84 51 77 96 6 66 40 84 87 84 4 10 84 67 56 39 84 31 63 96 29 63 74 11 56 70 61 9 6 61 47 36 22 16 96 64 23 34 36 49 47 70 38 46 68 48 30 16 88 95 13 97 5 70 94 69 63 11 53 83 46 45 3 1 74 78 68 51 1 13 8 74 36 54 95 84 91 22 32 90 53 16 11 20 82 19 82 100 21 32 31 14 94 30 4 28 88 15 69 74 64 44 90 62 95 65 87 48 92 35 59
23 11 79 69 24 70 57 60 42 53 6 61 68 21 9 76 9 83 71 62 6 28 43 46 38 84 88 35 9 92 43 73 54 30 79 17 88 81 31 0 66 45 76 30 86 18 24 30 56 97 49 76 86 98 69 2 2 41 42 75 10 40 87 51 73 46 19 93 28 97 62 46 43 68 72 38 39 85 34 87 0 27 78 26 5 8 54 30 3 82 14 99 44 52 50 79 31 59 5 13 85 3 22 82 72 82 97 58 10 9 15 41 66 42 51 96 78 36 33 21 91 83 25 49 11 88 88 71 100 44 91 29 15 34 42 18 17 72 42 65 6 8 25 79 3 0 96 58 13 10 58 24 58 42 83 72 17 49 62 5 4 3 31 21 32 27 4 2 46 61 62 72
3 40 34 38 38 2 83 91 47 29 77 12 65 13 33 56 90 53 67 24 31 33 39 99 52 50 17 48 45 58 63 99 14 24 28 0 37 3 65 44 32 11 8 44 43 95 47 43 57 56 50 73 93 93 23 70 88 72 34 2 54 3 30 72 28 13 77 20 14 4 29 89 48 14 13 1 22 7 62 12 83 95 35 58 29 35 5 53 41 65 89 78 12 78 55 8 63 81 47 65 11 44 0 40 12 80 65 10 19 21 23 35 26 41 97 77 65 66 88 92 80 12 68 100 55 9 87 60 92 62 12 99 65 18 76 52 97 73 11 52 22 17 78 95 94 23 28 97 30 87 44 26 84 20 39 90 34 16 83 29 93 91 41 88 54 38 59 90 86 84 76 10
93 88 63 57 51 6 62 31 12 70 98 93 12 26 98 89 100 93 34 74 79 62 5 46 57 63 16 38 53 66 22 30 71 25 96 71 60 81 68 40 55 6 63 4 26 64 74 73 2 84 78 41 21 8 71 68 33 98 93 77 12 27 87 34 88 93 1 18 15 29 48 39 43 82 65 33 69 5 13 51 25 13 51 47 99 44 77 28 76 26 76 66 40 7 97 24 10 53 41 43 2 91 58 9 53 17 27 6 42 28 27 95 84 9 53 23 11 0 35 46 41 83 62 7 32 1 30 77 92 27 38 58 54 84 67 47 38 95 57 55 33 46 62 5 47 42 85 3 73 18 32 4 6 49 18 75 77 13 66 13 91 94 41 95 17 78 5 82 17 18 64 67
60 8 98 52 41 38 52 65 55 91 44 12 55 10 52 27 58 49 18 92 93 8 100 60 56 81 69 41 74 88 92 18 20 37 11 49 25 95 33 80 38 100 94 70 97 76 97 31 51 27 4 11 59 3 84 43 59 100 61 32 47 21 43 64 35 25 66 90 99 30 17 92 18 11 76 16 74 40 19 23 38 15 26 2 62 1 13 70 76 15 97 57 32 88 73 71 50 100 95 60 35 3 54 87 70 78 83 10 13 71 84 42 75 91 24 4 38 76 58 12 83 12 73 54 74 69 9 53 17 67 12 96 11 68 19 89 51 50 6 67 83 12 84 35 66 15 38 20 64 58 62 90 66 84 43 89 82 62 77 65 84 91 97 75 54 77 4 14 20 24 42 42
18 78 64 76 48 29 94 0 60 29 89 28 38 29 90 39 42 42 73 93 99 2 94 90 15 58 56 23 37 38 57 23 72 55 93 9 51 88 36 52 63 27 61 53 56 26 90 27 38 87 96 7 95 5 75 9 85 74 99 10 3 4 55 16 9 16 24 30 0 50 17 68 93 7 85 17 52 7 35 24 42 56 86 31 67 79 13 46 66 9 70 41 79 47 35 33 95 0 48 69 66 65 0 41 62 64 46 86 42 19 54 13 57 75 98 41 2 6 91 25 97 21 2 86 59 32 47 44 11 63 36 63 76 53 23 3 52 78 28 42 91 67 20 86 47 32 39 18 87 77 16 80 18 3 81 79 19 66 99 99 31 72 90 98 41 71 73 29 99 37 78 67
52 35 76 30 75 96 8 20 41 50 40 33 8 53 100 93 6 91 64 69 31 70 11 9 3 55 75 4 77 96 31 67 87 12 96 84 25 68 5 100 67 40 5 62 79 98 24 78 64 36 26 15 17 42 40 99 77 9 37 68 7 1 89 84 41 6 97 28 22 100 31 42 43 6 17 77 3 30 9 36 40 53 9 95 18 66 33 69 24 13 37 11 6 25 82 6 32 87 51 57 79 65 4 68 51 70 72 4 88 67 10 47 39 44 67 100 33 43 6 75 41 3 73 61 16 91 86 15 4 27 21 85 93 39 68 2 6 84 55 37 54 39 5 39 98 7 11 41 92 14 34 68 17 36 92 99 72 75 89 15 7 92 9 26 26 17 67 99 26 32 99 76
20 43 97 47 18 88 46 90 35 37 21 38 83 10 69 5 69 62 92 56 62 43 36 81 87 92 24 38 88 81 17 43 39 76 81 71 83 53 79 4 68 39 86 90 39 24 10 25 75 1 40 96 99 41 16 92 65 84 89 39 12 59 14 28 83 10 59 47 32 6 35 53 87 60 100 96 39 50 78 63 25 19 38 5 30 17 45 49 3 92 7 57 7 25 80 92 94 39 56 0 86 25 10 12 23 15 87 82 24 49 90 36 40 99 77 55 13 66 40 7 12 25 32 72 100 66 5 18 65 29 37 39 22 80 55 64 51 45 67 98 8 11 38 66 36 32 90 7 85 19 18 78 79 83 76 68 31 24 13 36 4 90 87 1 48 66 31 23 60 84 82 11
27 9 84 57 36 45 19 65 55 33 96 78 78 26 92 13 25 2 19 6 7 41 16 65 45 32 4 49 91 13 17 10 89 98 6 90 97 96 98 30 52 1 5 99 37 66 26 59 53 13 12 32 56 4 98 64 51 30 91 27 58 52 90 12 4 37 6 94 64 61 20 33 55 70 30 67 32 48 86 94 85 75 56 84 55 74 58 81 34 86 95 34 44 85 26 41 53 6 7 32 22 93 43 96 28 96 55 59 54 54 20 44 25 1 36 70 26 59 73 60 17 36 89 24 24 90 76 12 67 36 90 5 21 98 41 2 0 83 57 70 86 99 46 29 3 17 86 16 80 84 45 85 39 50 70 65 18 71 86 86 49 62 90 76 89 31 35 66 45 89 48 97
51 29 35 78 85 22 75 97 51 10 57 48 43 32 73 8 19 10 38 65 13 61 33 1 26 55 83 18 21 85 83 54 49 99 27 81 74 59 88 79 5 73 100 17 69 76 38 5 20 81 35 87 83 17 77 5 33 44 59 80 70 98 90 97 8 68 2 34 13 15 21 82 76 90 34 13 9 0 36 11 19 99 73 35 84 75 20 33 52 37 87 39 82 61 75 48 39 18 4 46 67 47 32 27 76 96 68 92 52 92 21 50 51 26 59 83 49 13 51 57 68 58 52 3 37 44 53 77 24 17 26 50 70 0 18 41 24 49 99 70 22 53 20 45 17 64 4 41 53 12 80 61 79 4 94 90 35 52 66 26 34 70 99 70 55 40 77 54 69 44 84 31
56 79 26 34 37 81 73 92 15 60 18 14 65 23 68 23 24 67 42 37 85 91 25 64 98 11 73 60 87 70 64 93 100 88 91 61 63 23 3 2 27 57 15 13 2 29 16 69 84 17 3 75 62 98 14 23 21 30 26 77 24 45 29 63 59 17 44 91 87 46 42 31 84 59 52 71 52 14 39 13 30 93 27 10 20 6 89 12 96 19 57 97 59 24 17 5 84 38 100 50 61 5 54 65 23 84 11 10 53 93 83 45 36 55 27 83 20 64 84 35 50 24 32 83 4 88 52 23 85 51 96 95 33 21 43 52 91 56 20 94 78 20 23 52 16 33 32 86 63 76 17 74 30 59 84 25 3 98 62 72 10 99 17 82 18 41 100 0 72 65 23 76
23 31 33 92 76 19 26 2 23 81 68 89 98 4 81 78 57 64 45 37 52 51 47 27 27 5 47 49 44 95 53 26 33 63 32 18 40 83 33 23 99 47 73 9 79 21 23 47 98 5 89 90 83 4 53 52 19 51 60 65 68 71 61 48 60 5 50 100 31 51 89 92 100 11 88 74 65 96 28 58 82 57 1 58 87 6 2 43 74 32 89 22 68 47 11 20 1 23 51 22 23 97 84 91 37 36 59 36 29 8 39 73 58 43 26 91 74 93 36 56 71 32 18 77 42 87 84 68 39 82 55 74 61 9 56 17 73 13 59 32 75 67 1 79 23 63 28 3 45 71 94 93 85 46 84 39 61 97 59 87 92 77 33 19 99 65 86 22 15 32 32 58
3 90 50 45 33 96 30 53 72 7 61 82 90 77 20 31 39 56 37 1 33 40 27 7 55 4 54 73 87 4 21 21 61 7 67 48 24 87 93 23 29 10 4 7 87 86 90 47 8 83 13 5 43 88 92 50 69 36 24 62 88 97 66 95 30 97 79 80 75 55 12 13 97 0 49 59 19 38 87 82 85 60 78 51 48 17 73 82 80 28 56 60 98 26 21 47 13 38 40 66 78 2 21 16 6 68 89 60 45 87 89 42 74 74 37 80 17 87 73 11 14 16 27 83 34 61 0 93 12 93 18 97 45 19 85 60 9 19 16 39 98 81 81 60 90 84 82 45 77 96 49 79 6 33 26 88 66 45 77 63 46 44 36 2 91 76 19 50 0 40 89 20
15 46 4 86 90 87 14 41 63 69 12 66 78 98 100 0 53 31 42 20 20 33 50 59 3 97 40 54 28 9 16 50 3 23 54 29 33 2 13 10 83 35 74 82 31 60 61 96 12 6 59 23 55 34 54 20 59 87 23 19 79 25 79 24 67 10 97 23 57 38 29 17 32 35 27 29 61 23 15 58 16 48 4 33 35 41 58 13 86 84 34 68 68 88 29 83 15 33 51 3 12 37 13 54 41 27 88 71 75 13 13 99 37 15 6 89 76 58 3 55 61 88 44 52 97 92 15 34 21 78 57 70 94 82 11 2 35 75 39 79 75 87 92 98 94 93 42 13 63 71 14 27 13 94 80 41 14 47 66 76 60 17 91 37 54 26 44 79 95 86 23 1
77 18 48 32 77 22 28 95 85 92 3 35 67 88 37 96 79 14 6 77 81 14 98 35 71 44 81 23 53 55 48 61 30 41 99 77 97 35 46 16 30 67 20 17 57 57 81 17 1 81 43 84 37 25 49 54 66 28 53 19 47 70 7 1 13 33 9 92 13 40 27 76 91 99 78 12 89 85 8 76 7 7 59 87 44 47 4 53 31 97 97 50 70 41 94 61 53 14 5 65 24 85 67 76 97 50 33 82 51 80 53 80 99 27 26 7 44 18 74 92 78 6 81 50 7 37 68 81 58 59 21 81 98 86 69 100 50 67 42 91 17 27 57 63 56 20 92 15 74 91 70 69 73 50 16 73 100 33 14 11 60 29 56 12 95 31 2 38 25 5 72 95
33 21 49 92 3 31 82 76 15 92 34 88 48 36 70 67 99 30 78 22 88 54 28 8 43 30 67 55 64 98 2 82 55 81 9 19 94 20 93 4 52 72 72 99 90 89 48 94 52 7 9 17 18 22 42 68 23 59 9 45 8 48 67 26 53 46 19 11 24 88 56 56 80 67 68 1 22 26 90 41 82 4 59 10 35 45 69 89 45 58 54 87 92 40 97 22 43 88 31 29 4 18 100 74 63 81 8 56 19 49 40 11 18 53 84 50 50 73 54 36 81 52 57 37 15 47 10 13 88 9 83 61 54 94 79 82 42 30 27 35 21 30 84 3 71 56 47 28 98 15 73 58 59 60 60 95 44 43 80 58 46 94 69 57 42 12 85 38 69 76 17 73
100 71 41 57 5 38 87 3 11 92 58 10 54 100 34 80 91 83 69 91 73 91 53 24 73 63 38 80 14 51 59 36 16 22 72 100 64 17 87 71 67 69 96 72 86 87 63 65 25 34 35 16 84 97 67 50 74 15 96 87 74 72 73 83 59 85 31 44 99 36 37 24 42 50 43 17 10 17 93 15 36 64 37 30 4 17 23 53 11 89 99 54 19 27 38 75 87 61 92 77 30 57 89 80 11 83 16 71 48 33 59 36 46 67 16 28 0 86 31 68 7 99 77 28 65 86 55 28 32 50 80 34 91 26 28 71 16 38 34 97 11 9 51 42 88 79 2 87 23 76 10 32 37 2 66 72 51 84 6 1 59 17 94 89 63 78 53 10 22 8 39 94
16 6 76 26 83 7 4 28 56 80 30 100 56 24 26 18 5 25 81 34 51 62 33 69 60 64 95 26 85 7 82 93 97 51 80 38 90 16 25 47 58 52 66 100 88 62 83 22 99 91 97 4 19 70 94 71 6 81 90 82 3 36 18 86 62 37 92 88 71 99 75 27 45 88 84 40 96 93 12 42 87 48 62 94 59 95 6 77 100 19 98 62 36 72 82 79 13 46 93 27 43 43 16 73 17 48 68 25 16 28 89 12 92 81 63 22 26 5 23 8 79 44 88 78 19 67 95 67 54 42 37 94 100 79 24 34 69 58 73 23 57 85 92 73 69 65 82 69 87 71 80 62 24 55 56 36 19 64 92 40 89 58 66 91 13 73 38 13 33 46 5 86
73 45 46 57 64 72 71 61 81 5 11 2 26 3 66 94 33 51 15 67 55 71 16 66 43 35 67 64 64 65 88 10 15 64 39 16 93 32 45 33 42 52 65 26 60 58 41 4 14 46 93 87 18 91 50 38 43 22 61 29 35 12 75 50 69 29 42 99 44 61 78 47 63 30 77 81 72 77 39 40 1 20 41 89 61 4 92 63 80 98 32 42 39 23 57 87 54 12 95 26 51 99 75 43 21 10 86 7 89 23 30 5 39 85 14 52 57 78 34 25 72 99 54 28 63 13 23 74 73 57 35 100 67 100 21 78 33 26 56 88 99 58 11 42 50 63 33 50 25 62 4 70 94 48 14 49 0 83 81 98 46 82 28 56 84 99 26 91 7 50 9 96
2 62 18 42 90 69 59 0 52 46 11 3 7 32 35 79 27 2 73 6 10 6 21 62 3 49 6 2 12 35 47 83 89 89 78 53 80 36 39 20 75 71 38 24 31 42 30 45 83 26 73 65 84 10 36 38 82 41 43 34 86 69 79 85 40 33 78 87 18 97 6 4 94 41 37 58 4 14 14 24 68 35 14 52 65 30 38 8 29 47 26 69 8 91 9 24 32 98 64 57 58 66 27 33 28 39 53 50 58 72 34 53 10 71 71 20 34 61 46 41 25 22 66 70 63 69 26 57 80 27 100 54 19 73 46 14 31 13 32 61 83 33 7 14 20 10 42 54 27 45 6 32 80 81 45 89 86 12 14 51 65 7 17 46 97 10 99 48 94 43 75 81
48 52 48 56 89 42 63 82 85 64 20 15 0 81 89 81 93 45 4 48 57 84 26 25 38 49 52 43 10 56 54 83 37 45 43 34 3 95 24 23 19 95 56 62 98 67 55 32 35 50 21 55 34 29 78 12 40 91 61 42 94 65 33 80 9 44 5 36 45 91 10 78 4 81 60 13 54 79 30 83 26 10 21 34 83 58 48 69 14 35 89 67 84 50 16 67 66 90 76 39 59 12 58 72 18 81 78 27 87 59 39 96 0 97 33 3 67 42 91 52 99 81 98 38 63 2 72 77 90 58 85 96 21 60 48 60 33 57 83 92 34 4 95 94 73 36 43 87 9 97 73 54 9 74 59 55 54 61 58 93 1 73 6 5 61 69 86 34 92 87 83 38
82 7 45 31 23 58 49 47 70 76 46 89 38 32 4 75 30 8 62 94 88 6 76 21 23 15 42 88 50 17 62 45 96 29 81 74 80 47 52 56 45 82 88 59 69 72 52 39 62 46 38 52 74 2 100 2 94 6 69 94 97 56 83 45 41 16 24 61 82 80 64 5 69 51 80 0 80 48 94 68 85 81 63 55 65 38 89 69 56 26 39 74 16 6 69 63 71 3 66 76 38 75 75 2 29 27 9 87 81 90 95 72 28 50 98 58 91 37 91 9 70 2 94 86 46 64 96 58 33 40 96 8 71 15 8 43 32 19 44 95 97 18 88 5 55 43 25 11 35 42 84 40 31 55 81 97 15 40 80 71 58 16 97 23 74 41 22 32 55 65 80 10
71 76 99 28 58 81 48 86 11 76 77 66 13 5 68 81 96 62 97 47 86 12 18 60 35 18 53 49 51 30 45 73 66 72 51 63 43 9 31 90 72 64 94 85 73 12 41 99 71 49 2 30 17 58 78 24 63 30 23 17 90 91 11 31 39 3 67 23 19 59 17 71 59 30 43 78 19 95 20 20 68 89 45 37 77 65 82 1 3 7 49 22 30 96 49 10 98 41 97 64 48 18 44 93 96 19 98 75 10 39 36 52 86 73 84 39 28 21 4 55 96 2 19 72 52 25 21 41 79 19 83 35 8 17 73 65 1 5 89 27 67 93 72 42 31 87 56 95 83 46 45 28 87 44 1 44 17 13 40 53 29 75 5 24 3 46 42 40 34 24 26 72
100 40 94 28 27 94 60 60 58 53 17 56 96 37 51 45 100 70 3 19 83 57 55 88 30 74 15 86 30 52 3 4 27 97 5 56 3 51 15 78 38 55 79 85 67 44 89 65 30 96 94 18 78 28 98 64 77 53 33 51 5 73 15 32 32 50 14 100 66 20 2 97 66 16 25 56 4 42 50 54 82 17 21 92 78 37 26 10 5 61 44 39 26 0 15 53 55 54 8 42 67 94 97 76 22 25 38 91 30 43 12 57 51 16 66 43 24 24 51 63 85 31 61 3 14 33 77 73 95 54 35 49 0 89 45 44 99 1 93 28 67 93 25 44 79 49 2 10 61 68 70 82 33 68 57 74 0 61 53 20 17 94 20 8 85 0 39 86 24 56 11 80
74 49 41 73 85 55 95 77 37 75 26 96 66 7 82 29 83 40 81 59 17 81 68 3 7 38 94 49 100 7 5 91 91 81 57 52 18 45 38 68 70 61 28 21 63 17 15 42 0 12 3 40 65 84 96 52 76 59 36 24 14 1 1 66 31 15 96 55 82 62 95 46 14 30 46 23 78 9 95 55 84 10 11 60 28 21 55 62 71 71 39 7 23 29 72 15 25 91 63 92 15 29 60 80 82 67 78 75 50 19 49 23 4 69 88 100 71 68 27 17 51 52 55 48 57 9 92 2 31 34 34 56 12 15 47 28 36 44 71 44 87 24 34 49 41 100 66 80 60 8 87 90 6 32 72 25 41 70 100 38 31 36 53 92 95 13 27 51 14 19 34 56
41 40 52 99 54 6 85 70 20 78 62 50 58 79 6 66 93 49 24 77 39 77 55 28 1 34 67 26 66 47 84 80 25 15 87 3 69 90 17 12 21 11 63 67 82 54 32 24 42 88 34 73 66 64 49 46 72 52 27 50 43 5 36 27 36 21 75 99 82 45 36 41 80 57 89 84 0 24 93 11 19 5 38 48 11 78 16 20 19 1 83 43 71 11 67 84 89 74 43 76 1 34 41 47 80 9 76 48 56 59 11 55 32 61 65 28 13 24 79 24 41 98 20 7 65 65 16 10 8 22 18 47 60 54 37 56 16 10 3 23 8 10 74 19 19 76 63 63 53 31 54 82 31 54 25 26 38 56 57 46 37 27 26 58 75 63 19 21 21 80 5 24
60 15 63 93 89 95 6 76 82 41 5 57 65 63 14 57 25 33 42 100 69 6 14 81 97 74 48 0 81 2 38 16 31 54 92 62 72 55 99 27 48 74 14 22 47 100 6 72 53 17 89 28 34 72 86 67 93 92 86 19 85 70 33 57 39 21 66 85 18 6 96 78 82 9 9 33 43 15 8 71 72 82 22 17 92 49 93 15 11 48 80 55 2 44 4 33 21 99 9 86 2 85 24 51 61 59 60 81 42 24 11 26 50 31 31 74 78 31 50 6 10 70 78 71 50 86 24 44 17 98 5 28 62 7 51 72 17 78 84 28 8 42 81 96 93 31 51 57 31 78 1 93 56 52 58 41 98 60 37 91 41 52 40 95 35 27 96 94 89 14 31 31
55 22 56 21 99 55 100 97 77 58 20 51 2 36 93 32 75 92 8 55 74 18 28 86 51 36 56 20 23 60 31 98 99 88 23 27 100 54 26 95 49 11 81 35 19 48 5 54 39 52 77 46 52 69 56 1 69 10 89 28 17 81 96 12 92 94 63 98 17 52 82 14 49 87 29 23 54 42 83 42 80 78 37 8 79 63 11 10 13 64 6 67 72 48 23 33 47 73 70 52 68 60 12 95 42 33 24 48 51 10 93 27 37 90 30 86 61 25 11 80 70 7 68 16 27 72 71 8 57 61 25 48 68 49 44 61 64 55 23 69 85 95 76 63 35 42 12 93 40 90 84 2 84 18 35 5 97 85 60 77 59 95 75 9 9 85 39 22 25 43 74 14
34 67 41 90 11 44 60 7 25 4 93 90 13 30 24 41 3 0 18 91 62 73 60 33 82 59 87 54 34 68 34 36 53 77 36 48 87 85 11 65 94 68 82 90 20 62 54 29 75 99 37 50 19 31 38 32 54 67 21 99 82 44 39 5 29 94 38 1 78 0 83 46 70 38 51 23 41 1 66 16 54 9 30 66 94 63 87 1 25 20 11 70 96 85 33 7 68 6 27 66 22 74 96 24 8 46 45 7 40 23 17 11 3 65 57 81 40 89 46 46 67 32 31 76 85 74 73 98 38 77 58 4 80 70 15 63 66 84 29 13 12 34 57 15 15 4 58 12 64 88 63 19 28 95 6 64 28 100 11 83 4 1 28 43 13 85 66 86 7 54 6 27
90 13 70 48 59 20 27 60 50 92 37 17 49 2 23 28 90 70 85 72 0 88 97 3 41 26 32 96 30 67 79 100 60 25 31 42 29 83 58 87 29 10 47 91 23 80 33 36 24 45 25 42 70 46 2 3 26 21 62 27 23 71 6 1 32 24 25 87 93 54 54 60 32 15 28 86 41 19 40 82 76 8 48 53 20 88 4 71 20 93 49 27 22 44 53 57 89 12 32 36 50 94 86 58 26 26 74 19 64 62 48 3 12 76 15 46 81 77 83 93 100 74 40 77 1 21 28 92 39 18 54 81 80 74 39 9 84 42 78 91 49 67 24 1 21 19 89 92 53 21 88 94 16 63 11 57 87 92 47 11 79 17 4 11 2 94 5 69 62 37 69 94
68 93 32 15 44 77 2 47 99 58 55 10 10 97 88 98 92 18 81 19 64 21 30 62 45 85 54 2 60 60 44 27 14 60 53 23 74 20 10 92 52 15 71 95 31 75 30 62 72 28 52 8 80 84 13 3 43 27 51 45 93 8 56 94 72 85 24 2 83 43 36 67 58 100 54 48 8 25 68 50 22 38 48 43 20 84 24 82 15 41 2 63 93 10 87 44 3 54 1 46 91 31 33 88 65 99 15 94 44 6 79 57 27 22 2 12 56 83 37 97 71 78 84 16 80 22 70 80 62 86 72 16 84 79 12 3 44 92 52 70 9 35 95 76 16 95 14 15 56 0 56 59 41 41 67 26 91 70 96 2 66 72 57 32 96 74 10 95 33 50 74 3
78 58 97 12 90 27 66 40 63 82 63 92 74 98 70 33 52 41 88 84 14 73 53 44 60 93 33 5 93 18 89 98 15 21 7 26 100 0 60 30 92 20 46 89 4 88 44 57 55 78 21 66 89 94 38 68 6 89 31 62 18 3 50 61 66 57 47 51 77 51 23 59 39 42 36 15 4 27 16 29 78 93 35 47 85 55 43 48 35 30 2 97 28 55 94 81 78 1 22 30 12 49 8 4 25 78 25 32 73 79 94 74 62 63 24 93 71 44 39 12 54 100 91 45 1 76 91 9 42 97 99 98 46 82 89 39 83 2 49 58 19 94 21 64 53 58 73 24 34 15 33 37 69 47 46 78 84 74 7 19 28 97 93 94 34 65 88 83 43 10 37 70
58 82 95 92 70 4 62 57 91 85 92 35 95 1 94 16 34 60 51 65 3 85 48 29 38 87 21 61 50 64 35 8 63 5 78 48 29 66 81 26 8 86 17 30 44 53 65 83 56 1 0 82 95 96 67 20 36 87 57 92 15 67 7 42 5 16 89 39 26 62 4 37 37 54 58 38 64 18 53 9 5 29 59 43 46 30 76 53 1 42 71 42 53 69 10 34 61 84 62 95 95 74 72 92 49 65 88 20 99 71 28 60 24 73 99 5 36 1 58 55 52 64 50 68 11 70 19 41 80 74 98 72 71 93 19 41 7 12 35 52 8 58 32 34 93 28 100 48 84 8 77 37 9 96 25 68 72 51 18 66 85 0 23 77 39 11 24 8 52 0 97 35
27 75 43 75 72 15 80 26 22 20 36 42 31 35 87 19 42 2 10 48 60 73 67 79 28 83 60 33 8 30 90 64 33 49 72 61 78 88 27 96 90 75 53 75 91 89 15 89 13 52 3 42 26 23 37 2 83 50 22 98 64 94 65 31 85 43 84 79 10 58 82 56 21 13 29 54 77 2 23 12 93 60 52 81 18 54 18 30 67 45 60 63 42 92 21 67 71 17 42 72 57 86 19 90 13 95 97 99 64 44 11 91 42 85 18 26 38 6 90 18 84 16 100 93 31 38 39 33 21 47 8 100 83 76 98 33 29 15 19 17 71 9 10 28 52 12 31 84 50 3 94 1 34 68 7 84 9 24 30 28 67 97 46 86 36 83 59 28 78 97 61 36
69 52 62 2 35 50 55 86 70 7 78 18 63 12 1 17 21 86 5 71 4 53 24 88 92 33 4 22 67 81 22 21 45 19 26 95 96 93 67 29 67 9 7 4 97 98 35 1 57 26 1 18 44 6 8 97 94 71 53 16 40 93 42 97 92 13 73 78 23 77 17 18 4 97 78 8 90 56 31 0 74 56 22 36 58 35 74 65 37 91 84 86 96 76 91 81 100 71 32 40 41 74 9 46 9 54 20 75 45 89 61 2 100 46 60 59 57 54 37 62 7 91 6 49 46 70 42 48 61 68 92 80 25 87 43 28 66 14 82 67 82 15 98 36 91 63 30 95 100 35 13 20 61 72 18 54 36 86 91 8 5 62 21 28 55 85 1 40 19 71 1 99
48 94 16 91 34 78 31 99 93 56 65 6 11 96 38 92 11 67 7 78 8 51 35 51 77 49 40 90 7 96 86 7 21 76 76 4 61 28 16 94 84 82 84 9 58 73 50 54 68 81 44 5 50 16 27 41 83 34 14 91 48 32 83 14 95 56 80 10 24 82 4 2 82 60 79 97 7 8 27 16 2 5 98 19 35 84 36 24 35 76 71 52 51 21 98 90 28 70 65 96 76 34 20 8 64 81 46 36 25 23 43 86 52 11 97 38 51 8 50 33 51 4 67 47 80 24 73 100 11 86 100 34 18 83 68 15 60 97 30 24 52 98 60 51 2 99 48 95 83 31 11 1 51 98 91 41 60 56 36 46 92 80 11 55 25 6 93 50 33 20 7 78
7 18 81 33 82 26 76 58 62 79 98 9 90 25 17 67 26 11 81 79 49 4 57 53 6 48 64 98 26 98 78 29 29 34 0 12 76 11 22 1 77 99 71 61 29 30 4 46 15 11 25 7 27 37 100 96 27 90 28 88 95 90 64 4 2 56 67 12 73 90 52 80 86 0 49 32 66 25 25 28 2 92 99 39 7 33 10 25 5 74 36 4 99 5 53 5 41 15 42 67 51 41 83 76 28 47 19 80 46 52 48 99 1 96 7 80 72 0 45 10 24 76 68 57 44 72 11 21 54 56 50 91 90 62 16 30 6 51 99 18 40 76 74 64 26 10 6 23 38 86 6 91 90 65 72 8 64 96 93 68 97 21 88 60 83 21 9 18 43 16 44 16
41 96 57 56 59 25 70 32 45 72 59 70 11 31 6 28 51 35 92 98 59 92 9 76 87 62 1 84 10 96 23 26 88 95 39 38 57 12 7 58 3 5 24 40 26 64 24 36 19 60 24 5 60 100 50 70 87 0 39 36 68 39 5 47 1 78 6 29 80 79 47 60 59 50 69 23 10 90 26 5 3 75 10 23 29 88 84 59 62 5 45 76 81 86 17 85 62 34 94 97 43 85 28 72 96 29 36 73 78 13 43 4 94 80 46 86 65 30 63 8 81 90 51 2 98 26 54 87 1 52 43 8 87 74 11 68 53 26 6 67 74 76 74 21 66 86 86 29 10 68 83 36 57 58 45 17 2 29 80 36 90 94 37 80 91 61 10 63 16 93 80 20
15 26 40 5 39 64 66 4 90 87 17 60 68 95 61 20 26 7 52 1 67 37 98 11 58 15 54 1 18 99 54 87 8 24 8 88 88 3 60 7 61 66 0 21 65 15 14 78 4 99 39 70 2 20 86 5 78 93 22 56 16 56 81 91 78 81 49 39 67 66 84 47 87 12 33 82 79 2 8 40 59 14 14 76 8 36 48 51 75 51 16 93 98 72 64 51 42 30 8 64 98 89 89 22 15 100 3 96 43 73 71 78 1 74 69 30 69 60 55 12 75 7 2 59 7 25 72 73 80 34 57 52 10 98 58 81 66 84 47 9 90 82 37 96 44 53 13 76 32 7 92 99 11 68 94 83 27 45 0 18 41 81 81 69 8 27 91 4 57 78 18 42
8 29 24 53 51 97 37 29 63 38 76 21 42 83 69 14 41 30 68 6 83 97 17 82 61 9 90 18 91 16 56 78 62 65 1 73 19 16 38 26 26 27 7 71 10 55 91 81 26 68 10 74 2 10 21 72 88 94 5 29 83 32 18 83 82 8 80 78 17 41 100 30 97 56 87 88 34 74 39 78 82 90 7 91 36 56 20 60 39 74 69 88 64 95 12 81 33 84 43 100 88 28 59 68 1 88 45 16 10 3 45 21 47 22 39 54 48 6 90 97 5 3 39 49 65 11 98 44 49 13 21 87 6 8 95 93 8 97 54 46 5 15 82 53 33 89 11 27 48 53 3 17 7 73 7 76 78 26 44 64 70 17 56 34 13 87 58 74 50 90 48 79
20 98 15 67 72 74 71 20 68 98 77 17 55 58 80 83 10 93 37 41 1 58 8 48 14 87 88 74 81 14 55 99 39 75 92 28 66 75 81 42 47 81 3 27 100 42 52 98 14 93 18 18 97 19 65 51 98 48 61 46 51 82 65 52 100 83 37 93 37 86 37 19 21 5 65 70 9 33 90 17 65 84 4 31 92 94 11 47 82 25 39 94 85 55 88 43 35 59 75 93 11 90 54 59 33 23 60 33 82 35 34 56 29 6 71 83 69 35 40 37 76 29 56 50 7 88 53 48 14 52 0 66 92 88 49 78 81 89 67 67 27 16 31 9 67 29 82 91 77 89 25 37 75 11 100 26 1 9 35 75 30 46 69 2 94 85 22 61 64 21 91 67
41 22 32 39 55 71 75 32 92 0 38 97 62 84 84 76 0 13 54 23 8 48 77 63 94 15 58 71 76 76 77 88 77 16 60 75 61 85 53 29 57 73 12 27 16 66 79 17 88 29 35 22 80 96 21 49 33 37 50 62 44 27 77 100 48 37 86 46 15 21 89 32 35 80 84 36 91 70 97 69 22 61 21 17 28 47 2 19 99 78 2 88 85 25 29 4 55 4 1 10 63 40 45 33 44 76 33 96 3 88 65 38 86 35 12 56 25 69 59 70 98 64 47 8 60 0 24 92 61 73 0 37 20 8 57 77 10 73 92 89 83 15 71 66 46 22 93 51 6 79 32 44 89 29 87 1 84 2 39 58 36 13 1 43 79 77 19 18 3 31 30 12
85 65 73 63 67 96 50 79 78 80 85 28 43 46 66 97 30 24 48 62 82 95 30 69 20 25 34 86 21 82 28 92 73 35 19 92 18 41 1 56 57 53 78 75 45 11 2 43 3 59 60 74 42 68 68 41 100 3 64 63 99 44 69 100 69 65 66 13 60 0 89 67 59 4 0 70 7 48 83 69 3 42 86 11 38 69 47 20 22 29 31 87 67 79 12 56 66 12 96 55 27 87 73 89 18 16 68 82 90 90 7 97 86 46 43 96 91 91 98 3 67 86 94 26 80 63 90 55 39 74 96 29 39 29 46 11 13 34 22 53 45 49 7 34 63 82 98 3 99 69 68 1 21 36 45 1 61 56 9 97 72 56 41 63 16 26 25 77 43 5 62 72
91 28 76 76 42 65 97 78 6 15 65 15 44 24 70 88 8 65 89 73 7 58 63 93 13 2 56 10 54 88 90 98 32 66 29 47 98 95 53 35 2 66 50 7 73 29 38 53 1 98 23 85 50 60 24 53 62 37 76 94 97 96 94 84 3 25 14 38 55 16 88 23 94 93 27 22 62 93 1 88 42 20 58 13 32 64 72 53 74 44 9 32 84 67 51 37 59 88 64 95 51 22 22 97 67 73 76 36 87 5 42 53 58 38 69 63 12 94 39 84 51 52 45 13 46 42 60 22 56 93 82 36 24 7 30 35 3 82 74 54 95 82 1 61 67 82 14 53 30 16 84 54 21 84 28 66 79 34 19 24 31 10 74 23 93 0 59 81 84 66 100 18
79 47 35 32 44 59 42 18 74 82 84 82 15 25 6 39 67 59 97 39 9 8 64 24 11 60 59 16 76 85 26 28 25 94 35 93 93 93 66 41 41 49 25 25 48 97 78 22 43 57 59 25 35 87 73 30 40 70 42 35 62 33 69 16 21 33 89 39 14 21 20 65 48 77 88 39 2 40 63 14 72 12 2 36 55 71 84 20 78 60 33 71 62 7 43 29 64 60 27 34 47 73 94 37 72 43 78 63 88 80 53 90 38 45 56 76 91 6 96 89 29 38 77 32 31 16 95 35 87 8 87 45 69 6 14 45 12 77 23 64 43 44 25 20 57 43 22 62 79 100 64 80 10 18 82 97 72 4 33 72 38 11 77 0 47 41 25 21 7 92 97 28
95 94 15 69 73 79 46 44 80 65 93 2 25 9 37 93 91 1 74 90 69 56 26 92 7 12 61 85 66 22 10 96 52 31 15 10 31 83 36 60 57 95 42 97 48 41 64 51 61 15 41 43 29 6 38 10 3 50 99 63 97 22 32 100 59 94 36 63 58 81 73 42 15 1 57 59 56 59 7 43 100 34 27 33 70 30 3 95 8 59 33 55 21 96 31 90 62 23 52 73 79 83 29 3 56 34 45 5 92 82 76 3 88 48 40 35 35 79 79 75 34 21 24 4 54 42 69 71 20 51 49 46 40 10 4 85 46 28 77 79 86 30 0 16 51 70 4 62 20 11 74 82 58 46 81 45 77 24 83 45 87 27 20 31 44 44 10 78 36 20 10 16
14 86 90 44 49 14 35 26 78 58 25 48 49 22 85 87 10 91 32 52 17 32 73 46 6 46 3 23 19 26 41 67 95 76 97 12 7 9 42 41 74 46 57 66 21 18 86 44 64 96 21 1 45 25 88 38 1 6 56 33 73 70 2 88 91 95 93 42 4 31 46 56 75 79 87 95 5 47 18 84 32 72 93 69 19 68 39 34 53 69 58 35 72 67 46 13 58 15 34 80 3 50 73 24 30 59 45 66 24 46 39 85 34 21 7 71 35 28 71 63 55 92 31 21 78 88 10 74 82 47 69 85 47 2 61 65 69 96 1 68 49 12 32 8 55 55 77 7 59 64 64 42 14 56 9 19 43 57 96 30 84 14 35 69 31 37 21 6 67 95 15 73
36 88 41 39 15 89 11 29 37 63 17 69 35 79 27 11 30 2 24 17 86 1 20 76 90 42 3 64 34 93 22 7 85 25 5 42 5 9 59 8 31 90 3 48 7 77 35 34 3 39 45 61 22 3 54 42 14 73 77 70 75 15 38 97 78 26 25 38 94 87 5 67 79 65 38 32 21 19 71 64 68 81 0 74 39 88 98 97 94 32 56 55 31 1 74 20 32 6 18 74 62 84 24 90 94 25 29 89 32 64 83 39 22 41 52 29 24 84 100 16 91 47 67 89 72 25 58 25 59 76 96 39 0 38 38 84 83 29 60 69 51 99 37 1 3 40 55 26 3 86 70 83 68 4 28 40 55 48 80 30 13 49 57 59 71 88 10 40 68 64 82 26
39 85 27 65 81 89 90 45 76 73 7 82 47 3 98 71 10 93 100 0 24 6 10 33 39 15 57 96 63 68 6 29 3 76 36 7 67 12 81 45 8 55 88 81 42 71 0 35 31 2 88 40 96 72 42 15 86 45 69 88 63 46 9 86 89 25 37 42 27 55 68 64 18 73 7 37 64 13 0 7 6 84 26 85 88 51 70 78 87 35 97 96 93 26 20 33 27 14 90 43 95 65 7 82 33 32 39 62 45 87 30 88 90 18 26 9 51 75 23 26 40 46 68 72 15 30 69 59 5 82 95 78 53 5 24 52 25 40 10 15 93 30 83 78 52 66 67 96 21 81 18 88 60 17 55 93 50 92 10 21 49 78 28 70 29 53 52 41 26 76 15 76
19 96 74 17 63 47 8 41 24 96 48 53 73 88 96 94 39 77 20 58 82 18 82 40 29 94 37 85 40 27 8 75 66 55 35 83 45 14 26 69 56 32 45 93 62 42 77 35 58 83 29 95 24 64 19 57 57 93 8 76 60 20 71 78 44 80 38 71 85 26 35 94 59 96 81 51 30 92 17 100 95 14 59 26 27 97 14 92 80 29 54 40 22 67 88 49 36 67 91 74 99 37 86 99 0 96 36 5 48 94 24 97 100 13 76 80 93 86 76 42 66 86 75 89 30 59 70 53 99 63 76 16 90 35 86 88 11 61 77 17 80 49 67 37 73 62 6 27 79 41 34 7 55 58 38 42 84 75 58 17 58 30 94 20 78 86 48 24 4 67 48 74
58 36 9 99 70 83 35 31 5 27 91 51 96 68 78 2 81 80 44 36 39 35 75 84 20 64 47 66 92 75 61 60 99 29 40 100 74 99 33 35 5 60 91 61 37 27 98 45 13 60 84 96 37 60 45 89 5 85 89 8 95 78 19 71 66 0 81 96 9 2 21 56 73 33 30 22 22 57 75 61 86 73 94 24 84 46 84 92 71 56 20 29 63 74 16 93 44 93 29 9 32 10 23 64 52 55 88 23 85 44 24 80 20 57 76 56 62 85 35 40 13 68 79 2 37 97 30 33 88 17 44 46 34 59 98 1 21 61 28 98 68 37 67 1 97 7 34 96 86 75 95 0 43 91 67 38 75 100 82 8 44 53 38 4 44 60 0 78 89 23 96 98
41 82 46 60 77 25 88 5 20 62 87 57 32 46 85 95 87 96 56 34 96 85 3 80 71 87 27 63 3 16 7 100 12 29 93 93 79 88 16 78 80 96 8 4 57 70 96 42 5 40 94 61 57 99 48 87 23 30 13 72 95 46 85 28 34 59 46 30 22 19 26 5 68 8 55 64 20 18 41 58 89 90 48 62 89 10 86 97 17 91 3 71 53 96 81 47 96 100 89 9 3 41 66 82 50 79 40 62 15 6 83 68 59 63 98 36 50 7 43 94 43 20 23 69 45 50 17 95 11 71 77 44 77 81 47 18 14 28 34 23 42 12 92 22 2 88 84 27 63 10 9 21 22 57 73 33 64 70 17 40 35 11 5 65 44 47 96 8 49 64 76 41
61 21 85 44 89 85 87 56 42 16 96 42 49 14 97 39 67 9 88 32 17 6 86 28 46 4 2 65 23 40 44 51 77 19 41 94 30 58 23 47 41 69 7 16 15 0 3 39 4 77 37 42 15 45 51 69 26 97 11 22 78 13 7 16 86 46 28 40 10 74 76 26 24 99 32 31 73 92 28 8 30 96 60 6 26 70 83 19 15 99 15 36 19 96 84 78 44 84 80 50 41 67 43 61 5 32 98 24 62 48 90 63 78 0 24 47 91 21 54 56 1 47 0 79 89 71 68 85 91 14 96 15 92 46 95 94 9 77 48 88 4 1 98 64 71 88 68 76 65 13 99 55 99 34 91 50 75 69 13 58 91 51 52 35 18 61 39 17 49 43 28 42
6 0 88 7 28 52 40 56 21 72 6 3 75 59 85 67 96 39 33 83 1 79 53 1 12 30 65 50 85 15 70 56 43 5 74 39 71 67 14 44 69 74 80 43 51 4 18 63 1 56 73 68 47 44 13 1 73 85 85 13 47 47 27 56 86 65 78 98 22 41 28 85 98 26 5 0 6 69 74 32 38 1 78 73 92 16 49 60 0 23 37 47 75 7 55 54 35 72 100 22 96 62 99 51 40 60 12 7 35 55 31 6 22 61 24 4 4 30 7 61 27 1 95 92 94 32 35 7 9 39 10 4 21 97 16 3 67 84 46 39 81 81 41 74 14 90 41 84 73 83 15 11 10 27 65 0 84 59 0 84 38 4 75 22 73 36 81 36 20 92 11 42
69 14 68 87 67 53 29 26 99 71 20 84 39 58 8 63 80 73 32 52 72 38 43 66 36 30 98 14 41 59 62 4 54 24 93 96 33 54 48 73 50 75 6 77 100 9 72 99 1 65 30 68 44 0 91 17 59 60 62 43 85 100 97 70 29 45 85 91 92 6 55 79 60 86 49 78 99 24 5 34 95 89 4 59 24 95 40 68 65 81 8 86 7 50 51 21 96 98 8 97 30 88 53 20 10 26 28 74 15 75 60 76 65 12 82 51 55 58 35 10 20 46 14 7 29 24 65 97 74 33 76 24 81 79 34 75 29 75 65 24 51 20 99 25 21 78 4 38 38 64 100 97 79 90 57 95 92 0 73 41 25 58 78 55 15 64 50 57 82 27 87 97
10 36 96 40 80 50 26 64 91 38 20 39 77 51 59 98 65 52 41 53 18 48 22 39 97 75 23 40 1 11 77 97 4 44 81 39 26 81 63 39 88 26 68 25 56 4 54 75 1 20 70 17 94 54 38 0 69 48 67 37 14 47 84 6 23 26 70 5 35 39 76 55 83 37 24 38 69 13 7 63 98 14 74 46 30 59 90 44 98 16 5 36 53 37 36 0 69 73 51 100 28 97 58 58 54 13 16 28 27 88 51 67 29 25 68 44 53 7 47 70 50 25 98 97 43 12 71 85 40 60 3 64 0 59 16 24 72 46 54 21 20 51 20 53 56 47 14 82 38 78 16 59 35 82 65 3 86 41 88 23 72 60 13 4 24 60 59 53 86 11 10 47
82 68 96 89 47 75 51 17 16 94 87 4 11 30 30 64 90 19 55 31 42 98 77 12 60 81 19 59 71 59 37 85 54 73 93 73 5 49 7 17 8 52 41 66 70 14 14 98 76 17 44 24 89 52 86 16 72 21 92 85 90 36 52 50 19 61 0 60 7 59 13 13 6 58 79 42 49 1 6 70 2 97 39 70 92 99 44 37 88 90 20 43 71 4 95 27 59 52 32 41 96 87 85 93 27 100 0 9 71 89 33 33 90 63 30 70 75 81 82 76 93 63 83 52 23 69 6 58 0 27 46 26 95 9 36 51 33 64 25 46 22 58 8 77 95 82 65 77 70 81 86 16 23 23 62 97 43 22 64 24 30 71 70 77 4 42 14 62 49 82 17 39
84 2 45 9 33 67 66 94 58 90 4 57 32 65 96 20 70 77 21 41 91 52 32 83 81 99 60 79 4 4 28 48 12 10 62 8 21 7 75 28 9 57 75 59 72 15 39 13 65 38 13 57 54 80 93 12 25 26 42 20 29 88 43 78 41 2 13 39 18 98 74 53 28 34 84 32 69 15 75 9 94 64 55 79 96 69 19 76 20 19 47 86 45 24 82 82 49 4 73 89 43 25 20 37 15 68 25 41 12 29 5 73 54 41 89 9 13 76 35 89 37 93 47 74 22 7 76 66 52 24 19 60 36 42 9 7 49 16 64 35 50 79 35 95 65 33 21 88 24 89 75 56 69 50 72 50 93 49 57 21 94 92 14 40 61 53 2 42 62 32 100 13
41 49 95 95 97 56 43 16 13 39 44 86 21 34 78 73 5 10 23 7 60 8 30 14 70 18 38 91 40 41 58 52 25 76 0 68 52 47 36 35 35 63 96 22 1 83 48 91 8 58 36 62 52 64 68 3 85 35 42 70 76 38 77 67 98 40 57 89 92 82 30 59 50 89 81 27 70 35 81 19 2 33 41 57 46 77 85 7 14 36 7 64 96 89 37 17 61 48 73 79 20 97 33 11 73 67 8 22 40 78 75 88 80 74 8 52 28 66 30 29 97 42 12 63 74 59 100 58 97 1 54 93 93 57 30 72 86 73 10 36 65 89 20 41 92 22 21 9 38 83 15 73 18 17 93 58 100 98 32 66 6 100 54 45 1 91 51 11 78 65 34 81
65 86 47 66 35 74 95 17 10 9 65 13 69 49 77 72 8 35 69 84 37 81 12 27 10 91 9 41 30 71 59 61 84 36 72 5 6 67 94 36 63 99 80 4 89 70 91 34 53 8 53 75 45 19 98 69 51 57 1 38 97 8 44 67 69 1 6 3 6 78 51 16 2 63 85 35 61 41 40 19 67 52 23 13 34 67 28 80 49 76 66 47 25 99 97 50 84 6 3 40 98 58 71 3 58 58 1 5 68 61 22 92 52 57 75 43 82 39 23 59 35 67 22 94 43 38 52 69 35 95 21 39 0 36 23 34 72 63 4 70 98 3 26 41 0 54 33 68 3 26 0 92 79 26 43 48 97 69 41 10 12 56 69 30 20 49 10 4 89 98 40 1
88 61 34 49 47 92 39 55 60 48 39 16 73 60 82 80 16 9 50 95 35 0 6 70 63 24 5 24 64 43 1 96 69 26 99 73 71 16 75 88 0 51 49 93 9 22 77 39 51 89 78 92 15 64 13 97 75 30 58 20 86 50 71 23 73 76 94 57 95 3 43 30 17 27 57 24 50 31 98 84 1 100 39 29 29 8 39 79 47 13 26 22 36 39 29 87 66 69 77 51 37 4 74 57 18 44 8 22 92 37 85 54 12 46 63 72 69 83 23 63 17 36 94 28 27 56 81 75 54 77 36 52 4 14 37 56 47 31 81 58 50 17 48 50 97 46 26 92 58 44 66 70 78 39 43 91 60 60 13 45 95 40 28 31 92 82 29 94 95 69 98 19
42 85 25 8 74 1 79 59 72 43 35 29 82 76 65 27 74 82 41 48 50 74 23 86 90 97 73 21 68 65 25 67 81 31 19 2 84 43 93 96 12 13 22 19 77 31 42 24 52 82 99 97 71 3 29 31 12 33 97 76 22 50 46 45 56 52 41 43 97 69 37 98 3 77 28 22 50 66 64 29 71 68 33 44 95 77 1 43 68 34 1 15 92 37 86 66 33 70 31 13 65 0 49 10 93 99 69 39 82 5 78 31 80 38 9 72 14 86 20 88 53 69 59 97 17 30 70 14 3 60 95 69 14 16 73 18 95 53 30 50 14 68 62 76 94 23 71 11 57 70 94 14 92 75 84 63 13 90 98 71 83 67 24 56 33 4 72 93 18 53 14 80
15 70 33 56 29 78 94 86 31 90 85 98 58 52 91 9 59 27 89 18 96 41 55 27 4 92 58 14 63 9 90 48 94 22 69 76 57 1 5 6 80 36 63 0 61 71 43 88 65 41 86 30 84 22 64 26 45 24 10 40 88 65 34 78 92 72 4 22 75 91 93 62 89 21 37 97 44 77 27 66 39 79 66 71 30 73 100 24 21 26 79 8 0 69 24 42 45 89 91 63 83 97 20 39 3 67 26 59 64 35 81 53 50 83 2 20 61 23 84 73 69 85 13 59 40 47 52 38 48 22 79 46 45 19 89 40 70 67 66 70 99 39 62 55 53 4 44 50 1 63 18 15 4 86 7 73 56 92 100 7 45 79 83 89 5 90 89 70 81 22 1 6
36 71 29 82 0 44 25 77 52 0 42 22 43 13 59 58 8 3 50 53 60 15 63 98 39 100 76 51 52 82 44 29 45 1 3 64 48 39 4 26 26 56 65 77 49 71 92 30 28 58 11 90 21 62 48 62 95 57 91 5 17 71 12 47 37 96 0 60 36 44 35 77 85 59 75 63 15 87 83 37 72 6 63 18 63 90 73 49 67 98 50 97 68 16 73 40 90 55 67 76 68 27 69 41 28 27 31 90 43 86 94 8 5 64 23 58 7 37 7 97 15 24 57 68 76 30 43 15 31 32 5 95 54 99 64 62 51 17 91 53 42 91 49 19 16 30 33 67 91 78 6 8 23 84 92 88 70 37 13 24 49 2 57 99 85 69 27 39 6 8 8 29
66 21 67 28 48 71 16 74 22 48 76 2 57 1 33 100 72 92 36 96 71 62 52 7 7 88 16 87 80 7 71 12 96 2 69 97 85 18 24 71 7 63 78 0 88 51 23 86 91 34 96 53 79 27 16 32 77 86 38 53 38 6 3 53 98 92 44 47 54 88 25 76 92 72 93 73 98 25 86 11 47 9 20 86 2 57 98 40 82 46 39 79 49 5 66 73 66 43 12 75 36 36 19 44 83 73 8 57 6 26 73 46 86 54 35 15 35 48 77 10 40 13 37 30 66 80 99 63 49 35 31 77 50 72 46 52 48 17 50 72 44 61 20 12 5 45 14 75 76 76 5 7 6 1 89 25 73 21 93 4 59 39 73 82 52 90 25 63 14 38 60 16
57 75 28 72 92 66 57 47 94 27 94 47 17 22 28 25 4 53 85 15 13 20 20 70 90 11 86 20 88 45 65 0 68 64 12 26 7 81 55 80 51 34 31 59 16 13 16 86 79 17 40 42 43 87 78 57 33 20 81 69 13 51 42 11 88 66 81 23 13 82 27 15 58 45 41 46 17 58 61 24 79 97 75 15 45 36 61 98 64 83 53 76 25 74 78 42 17 28 73 15 95 43 95 57 94 11 54 98 79 86 93 32 91 2 79 27 10 18 75 83 39 25 83 16 84 90 5 60 43 45 0 55 28 18 29 87 40 40 50 86 16 37 7 2 0 17 45 84 53 52 1 34 55 58 89 59 48 38 56 81 80 42 5 94 100 30 47 35 53 45 44 96
16 44 70 93 8 67 43 17 89 22 6 32 11 97 86 25 73 5 5 30 46 36 96 72 5 56 56 63 28 87 82 60 86 11 43 22 83 30 35 65 43 36 16 23 45 7 44 94 51 11 0 70 45 20 80 70 99 36 7 61 86 32 97 91 82 23 6 69 96 21 62 15 58 67 19 48 8 90 74 30 14 19 15 8 17 75 56 16 37 28 52 76 97 5 48 31 67 25 54 63 13 25 42 85 9 19 74 85 83 96 29 89 73 95 7 65 70 51 15 0 2 95 68 41 95 10 95 98 78 39 75 96 31 56 25 29 24 6 86 1 50 54 66 51 95 89 58 67 90 79 32 87 50 83 94 75 1 84 36 10 67 97 68 49 41 46 54 75 53 9 18 8
39 37 96 4 71 30 38 80 69 89 50 40 37 82 19 78 75 41 86 70 41 78 39 28 72 92 0 40 23 30 32 70 13 61 42 82 66 12 7 65 87 64 78 90 63 67 62 45 2 63 74 75 15 47 60 64 42 67 74 64 31 43 10 28 1 17 79 20 76 29 9 48 25 34 97 58 45 15 88 64 3 13 34 72 10 11 19 5 55 59 64 68 29 12 52 49 80 61 94 83 51 54 98 2 50 55 33 59 74 83 18 76 92 38 77 4 34 28 51 57 68 47 28 40 11 99 70 19 55 43 2 49 12 54 94 55 39 6 41 34 58 27 4 45 86 75 73 84 75 70 67 46 62 88 77 54 9 43 38 39 78 52 21 94 19 52 55 40 53 54 50 46
18 11 67 26 43 76 38 2 90 28 72 78 76 41 91 85 53 55 5 34 99 9 3 72 11 3 42 59 55 0 5 82 93 4 18 11 10 18 79 63 60 49 97 5 79 31 74 55 44 22 67 43 96 29 22 76 22 73 90 64 9 29 61 97 57 26 13 11 84 57 41 86 47 56 59 38 50 22 23 98 1 88 87 99 55 84 18 60 5 13 79 28 1 99 11 19 73 88 17 87 97 45 74 84 14 88 69 32 77 21 60 36 1 96 92 95 16 46 15 46 49 6 54 88 18 8 67 91 75 76 5 82 41 92 56 60 68 0 52 62 20 67 62 87 46 16 25 53 49 97 77 51 23 67 10 87 11 83 37 60 46 68 0 23 57 38 28 46 49 100 31 91
39 37 41 63 41 70 2 5 96 93 93 74 36 55 34 8 28 87 66 93 97 48 46 55 41 81 23 5 76 52 84 57 32 27 8 42 100 36 74 49 4 9 18 4 24 33 51 11 83 66 23 73 22 19 93 76 78 77 10 28 72 70 24 38 27 13 59 67 61 84 12 82 41 84 75 66 99 51 64 76 14 43 21 5 11 100 30 41 84 100 62 4 31 81 0 7 10 6 77 55 52 71 81 3 28 87 89 74 56 6 48 38 26 5 7 81 5 63 88 26 10 81 100 28 16 87 4 90 25 73 85 92 87 93 3 25 30 85 76 15 52 19 48 95 13 81 36 96 81 96 58 29 15 77 100 80 21 38 50 76 25 47 13 80 83 40 96 79 94 11 9 31
43 80 36 27 27 28 10 27 22 42 25 77 1 88 8 82 56 53 39 39 71 86 70 74 64 70 94 36 30 95 82 32 4 41 18 1 42 38 34 27 26 46 57 12 41 50 58 82 39 7 93 82 7 93 35 47 94 15 97 74 23 34 82 53 59 93 30 70 98 15 59 59 2 38 14 51 83 84 99 64 65 34 58 78 68 11 25 60 86 22 74 16 70 86 47 84 12 80 18 42 25 38 22 64 74 14 3 30 86 29 54 69 40 44 49 88 37 39 63 97 5 29 94 95 86 61 56 32 79 5 69 23 62 89 29 13 60 89 48 9 53 96 60 39 42 40 54 83 92 10 71 80 51 45 98 30 66 11 74 21 77 41 53 17 74 97 48 65 99 75 10 69
39 16 5 92 8 63 86 80 45 50 3 30 70 38 61 82 47 48 86 75 18 18 34 12 79 20 97 100 96 93 54 89 15 97 91 87 68 10 95 27 13 16 78 19 44 32 36 20 51 80 81 77 19 44 57 20 33 98 55 25 39 4 15 47 46 22 1 17 12 37 13 14 53 100 82 26 75 14 41 12 40 8 71 7 100 90 54 7 73 42 37 90 83 88 61 79 50 36 98 7 93 97 63 57 54 61 91 42 87 71 42 14 28 58 38 30 4 88 28 89 1 67 27 65 21 84 8 69 55 6 21 51 22 3 80 99 32 12 95 30 70 98 44 33 13 38 7 36 39 11 69 31 10 40 73 56 4 47 98 53 34 49 66 94 6 4 49 100 33 6 66 18
63 13 91 22 91 76 64 34 26 62 35 89 37 99 31 61 37 61 30 41 27 17 51 19 100 81 31 82 9 54 78 57 50 91 18 65 29 42 0 11 72 68 12 27 58 46 29 49 74 70 84 57 44 13 4 86 62 32 95 35 72 30 22 36 60 31 41 98 51 34 42 63 7 13 64 12 51 82 58 53 8 39 34 23 16 39 85 87 83 82 76 100 17 60 4 90 29 11 8 92 77 3 47 82 45 85 52 100 90 35 36 95 74 85 14 87 29 8 52 35 47 31 46 11 56 97 70 35 76 54 48 86 25 89 64 71 97 75 31 40 37 77 59 2 28 94 84 22 46 10 34 67 52 48 12 7 67 44 69 73 2 35 27 45 14 30 57 25 24 90 4 93
9 37 83 92 4 74 75 38 76 35 83 100 100 54 30 38 16 26 54 58 9 15 98 38 10 39 39 79 14 75 51 73 20 25 6 73 95 71 17 10 88 53 68 62 98 10 61 17 76 72 15 82 41 42 54 75 83 50 48 10 95 37 48 91 4 2 47 5 82 29 29 36 88 54 49 56 24 10 52 32 9 61 39 71 17 85 65 20 53 3 5 89 82 47 18 66 0 36 87 70 73 33 91 3 66 44 48 30 52 82 87 45 38 15 49 75 67 83 34 67 7 53 90 96 53 16 98 75 87 78 97 8 69 83 22 22 10 49 58 50 71 93 2 3 2 87 67 45 0 98 50 92 68 44 90 65 100 31 77 67 70 52 42 83 38 74 42 26 45 12 28 44
