97 70 58 29 73 64 39 83 67 49 10 87 70 48 57 69 4 69 24 38 23 62 40 48 90 15 90 78 20 71 88 56 64 91 93 37 46 5 24 54 26 14 96 94 69 61 40 12 53 24 6 54 88 78 15 44 39 13 10 0 51 60 15 56 25 41 29 23 54 44 40 56 50 16 48 22 86 72 23 31 81 60 96 90 9 37 89 12 38 64 28 48 57 95 24 50 12 77 26 24 68 89 10 47 66 76 61 10 18 37 11 5 56 52 88 50 10 99 64 15 51 3 67 3 12 58 23 70 47 45 75 32 77 67 50 55 75 4 47 88 10 14 56 40 40 100 90 16 58 53 52 23 37 24 41 14 85 91 19 48 4 5 85 55 85 2 8 63 92 40 23 89 93 6 52
66 93 11 65 19 80 5 53 62 83 26 44 49 6 3 55 33 59 73 46 73 50 90 75 91 7 44 86 5 15 41 87 18 10 65 3 18 48 88 55 33 12 1 83 44 24 15 94 44 69 24 55 60 47 58 17 13 71 64 83 39 15 4 86 37 17 79 27 84 77 12 72 47 18 94 36 100 59 71 91 33 79 17 71 59 68 15 13 33 62 40 43 5 100 74 28 49 96 10 22 98 24 74 2 9 21 42 14 44 93 49 80 23 88 25 48 32 99 23 85 16 12 61 17 28 72 51 58 61 91 57 61 20 46 15 2 18 97 13 28 11 63 28 76 92 96 19 55 31 65 46 18 12 75 96 7 1 87 66 36 37 3 2 83 34 14 15 15 10 25 58 72 16 90 95
70 98 59 29 69 36 21 69 81 73 11 15 58 96 27 41 11 2 6 35 65 98 90 27 20 49 56 89 17 85 27 46 58 31 99 35 15 62 32 57 71 33 66 93 27 82 73 60 87 73 37 96 79 85 97 6 42 82 63 48 36 5 82 11 80 23 99 96 10 82 72 43 2 56 64 90 26 13 3 34 49 83 40 10 45 77 50 86 50 18 33 80 48 72 4 68 93 36 15 97 57 6 44 13 74 87 26 46 100 86 66 51 35 42 43 87 6 98 72 33 10 13 83 67 64 76 99 31 73 72 2 27 77 68 45 68 85 86 99 94 33 77 93 42 71 90 22 92 23 10 66 63 72 62 51 55 55 80 21 68 77 42 34 19 48 83 6 88 36 83 83 54 41 69 4
4 62 75 76 43 98 54 11 26 14 50 13 36 55 85 48 92 18 41 68 81 91 37 33 75 1 95 6 65 44 63 77 0 22 66 97 78 3 94 1 99 31 63 8 99 72 79 61 88 72 55 37 90 65 44 15 92 46 99 36 78 51 46 59 21 36 13 55 43 92 97 90 8 51 80 35 73 61 32 21 15 95 8 19 97 65 20 35 82 59 28 1 23 21 15 60 53 79 30 8 51 73 77 6 34 87 11 89 3 26 6 98 14 66 65 66 59 15 73 57 37 78 69 14 74 35 11 5 91 16 57 94 3 39 42 85 81 82 98 69 34 51 18 56 58 52 12 81 43 60 87 72 57 64 44 49 66 82 71 85 99 81 4 54 64 57 40 91 82 85 11 42 18 68 67
44 74 81 31 0 89 76 74 77 7 24 88 53 33 21 76 11 40 30 63 84 17 5 26 34 46 33 84 94 83 10 56 72 96 61 59 17 41 43 4 80 83 90 27 25 33 13 56 58 13 48 85 98 23 17 25 14 27 25 68 3 67 44 60 62 11 7 17 47 92 17 9 55 99 37 79 18 41 2 68 81 69 34 25 23 18 5 94 35 45 47 13 88 47 95 45 83 70 13 24 79 23 82 53 20 22 34 93 71 39 81 20 98 100 44 78 70 87 90 100 48 15 45 55 29 22 58 69 87 62 58 34 55 84 83 83 60 38 13 30 55 36 51 17 27 60 47 87 47 6 43 22 54 75 66 28 8 91 22 95 22 8 55 94 68 9 32 42 61 77 3 38 34 25 84
16 80 18 26 94 72 14 39 69 61 10 52 59 29 20 55 6 61 22 2 83 79 33 90 100 6 49 72 77 9 16 40 86 79 33 26 91 22 86 65 21 97 15 76 37 33 100 33 85 45 85 26 26 91 31 73 97 22 22 82 10 47 44 51 39 97 90 52 68 77 84 85 77 91 46 41 86 91 57 20 47 13 83 81 40 7 27 8 7 67 4 70 58 43 83 73 5 21 44 99 79 87 26 92 32 84 81 80 30 30 52 33 18 6 51 58 64 27 64 59 68 68 37 4 50 22 40 78 73 6 6 69 9 42 85 72 35 93 70 87 100 46 27 47 31 31 20 46 86 68 12 76 54 64 95 31 25 13 53 71 70 88 98 39 27 80 87 15 86 89 58 92 1 96 86
14 19 86 36 25 17 15 76 62 95 87 3 78 66 24 97 53 88 27 53 45 90 18 42 82 51 2 4 9 68 99 76 1 82 33 0 33 24 95 2 48 70 63 65 92 15 72 56 76 94 68 47 82 23 44 77 86 32 74 100 17 32 89 66 14 51 11 85 67 92 17 17 48 71 37 66 27 94 40 67 55 75 31 99 80 73 66 40 24 6 10 4 21 67 91 16 11 90 44 52 82 37 69 69 55 92 7 81 2 10 53 48 87 5 24 66 45 35 39 44 73 84 15 7 3 91 0 27 91 56 9 81 0 69 86 22 55 95 49 33 30 14 22 32 25 63 17 71 98 24 91 90 100 69 28 75 33 16 82 78 11 12 45 79 21 37 95 12 17 49 31 66 26 30 66
11 78 8 43 49 85 40 89 39 28 9 96 63 35 86 97 64 75 36 35 35 32 57 63 97 61 0 63 93 21 19 99 63 41 90 40 65 64 74 77 8 68 54 16 72 50 91 75 84 35 100 26 60 26 39 55 26 6 41 96 67 76 64 51 16 15 80 9 72 82 79 25 67 44 9 67 35 15 99 93 58 54 13 19 25 62 11 46 34 78 39 76 74 0 29 76 53 90 1 61 85 88 1 100 41 16 19 7 14 93 47 7 38 43 32 12 11 54 39 23 51 80 66 15 27 63 37 50 93 97 37 69 91 91 83 89 44 94 74 53 11 61 32 41 54 0 47 32 95 90 94 99 96 21 33 0 78 4 73 39 67 82 87 70 4 71 52 48 69 12 78 22 5 19 65
100 8 53 29 82 24 27 43 29 73 89 91 64 49 6 43 11 23 5 95 40 54 72 89 44 84 88 32 45 8 15 49 31 52 26 46 96 74 97 19 93 19 96 58 16 47 21 37 33 28 80 75 74 48 8 8 67 93 58 98 25 29 74 35 21 82 11 100 85 86 95 92 42 6 9 34 5 60 89 34 75 13 22 14 89 29 0 27 30 46 29 0 30 62 82 82 15 61 60 66 57 45 90 23 25 16 44 82 70 30 19 72 26 36 88 12 58 83 72 39 56 40 90 48 81 64 26 10 16 53 49 67 31 83 8 52 10 30 79 100 41 15 6 5 7 2 94 48 100 65 49 60 42 0 29 58 81 29 65 88 64 95 68 80 45 83 37 30 44 47 45 21 8 96 22
30 10 23 34 79 52 74 28 38 46 64 69 78 63 24 10 77 76 16 64 78 62 14 59 73 44 49 44 62 96 47 8 98 51 62 5 88 29 54 2 37 10 97 16 73 34 62 33 71 88 53 3 46 56 21 86 7 79 41 42 65 92 71 23 28 70 51 49 77 5 0 7 19 46 89 42 21 92 86 56 30 98 26 87 13 17 52 3 0 32 93 61 37 18 58 76 55 98 13 85 58 58 0 7 49 9 37 86 1 95 91 94 1 79 21 98 15 13 16 24 97 37 68 70 10 31 67 96 73 54 8 29 31 28 80 10 48 72 83 72 51 35 89 13 80 82 62 37 88 96 81 43 53 23 65 59 76 42 91 4 23 59 0 10 78 69 76 65 76 80 52 65 34 59 60
87 7 40 22 25 95 82 36 89 29 58 65 16 90 80 3 32 4 100 35 53 94 19 61 70 37 98 49 30 12 71 74 28 66 81 69 21 9 12 79 73 1 33 57 38 73 26 21 17 67 74 89 1 96 4 80 60 71 53 20 17 18 20 48 71 28 53 95 66 52 70 28 7 37 6 11 72 91 16 45 61 96 87 16 8 13 32 40 0 36 41 2 92 95 78 52 39 8 12 43 17 83 33 54 73 70 86 52 66 14 90 46 57 57 68 43 6 87 13 48 10 95 12 66 73 91 65 49 32 63 19 60 66 42 46 82 5 68 64 86 39 59 9 58 57 39 13 93 12 67 45 28 44 19 15 50 36 67 85 57 95 66 77 20 63 67 88 75 53 91 100 34 44 48 90
11 80 96 45 85 1 58 73 99 12 14 78 7 92 46 48 9 98 34 30 18 33 92 87 84 57 93 35 58 100 94 48 55 44 36 56 35 18 62 24 31 53 14 49 6 30 94 9 96 42 32 23 2 50 47 28 50 29 2 85 93 67 44 47 15 85 24 0 29 17 24 29 40 87 65 75 98 77 34 97 46 52 96 32 51 50 31 7 49 82 91 96 99 4 42 1 53 13 46 69 70 12 17 59 59 22 59 2 79 88 74 95 38 26 39 32 86 68 26 80 23 88 5 82 37 19 64 42 42 34 15 66 86 4 96 8 29 6 77 85 25 35 28 0 15 74 90 69 60 66 100 66 50 27 1 70 91 8 99 5 79 46 88 55 19 88 43 22 60 97 40 52 4 8 52
69 56 1 74 40 85 53 45 93 68 11 41 94 71 16 61 59 9 26 68 14 19 13 73 76 57 80 11 59 33 21 17 97 16 87 59 91 13 70 66 39 63 1 49 54 3 78 28 41 66 93 37 49 24 50 20 35 19 31 5 94 93 67 14 34 88 33 59 51 76 78 55 99 92 95 59 2 97 85 82 80 38 42 61 92 97 5 19 15 52 40 39 70 76 50 96 36 60 34 77 64 69 10 43 13 35 11 98 100 29 40 33 96 10 56 48 16 22 88 51 14 81 21 38 27 75 99 91 97 28 2 37 40 58 7 62 35 78 97 17 94 2 17 71 89 14 1 57 21 22 12 17 33 15 28 0 56 87 42 23 30 19 28 78 33 89 71 31 74 68 63 41 3 94 32
91 100 89 10 7 34 29 67 94 38 24 65 83 57 94 61 29 0 67 33 36 6 50 97 34 61 54 90 94 34 60 82 68 83 22 65 36 42 66 57 95 62 3 33 15 58 79 21 40 3 42 60 66 46 0 95 93 10 17 67 100 52 38 11 25 98 87 58 51 15 16 28 87 33 65 59 82 91 84 44 98 44 44 54 17 43 39 36 10 98 8 10 60 77 46 74 61 58 64 34 36 89 67 17 21 15 21 93 16 39 39 47 63 19 84 7 71 84 47 62 31 41 1 23 37 40 51 41 50 71 76 74 43 20 36 2 9 25 47 11 98 33 79 82 45 32 19 34 3 36 65 56 25 60 60 0 11 42 55 51 23 58 23 10 69 46 89 79 43 9 56 73 100 27 16
60 99 96 25 38 50 41 61 39 52 58 81 30 97 94 2 96 97 54 17 47 84 42 67 26 0 96 94 19 89 5 37 69 24 98 1 93 17 38 27 5 97 54 48 47 2 81 0 41 85 67 99 61 85 95 7 55 82 85 50 94 60 37 50 12 6 9 82 11 29 42 36 22 16 57 10 18 28 20 56 48 69 82 35 21 72 31 70 39 23 100 49 99 27 65 78 54 33 25 79 91 4 99 53 63 62 66 12 83 43 9 42 37 6 72 6 7 52 25 15 71 70 78 87 48 87 48 95 98 79 53 83 0 59 67 24 22 79 86 73 88 65 75 18 86 40 7 69 13 18 42 20 41 38 59 42 37 24 68 86 43 46 100 78 24 40 17 9 6 49 78 32 84 52 31
57 46 5 40 100 94 74 77 59 6 29 51 92 93 57 71 77 67 9 31 3 34 26 26 89 93 69 9 75 40 89 49 33 8 88 6 85 83 7 77 62 61 51 16 77 34 31 98 92 22 3 5 9 34 55 93 72 3 84 56 98 62 8 10 20 34 39 82 34 29 75 60 29 33 2 61 94 30 36 6 71 11 96 42 98 4 90 44 41 28 43 79 83 64 46 2 95 7 19 55 35 4 94 67 70 93 39 21 37 35 15 29 29 96 96 33 95 50 43 18 7 6 46 33 0 64 25 3 78 39 88 37 1 45 27 68 9 31 45 2 87 69 13 29 41 86 24 13 45 84 36 4 43 9 0 7 24 32 88 64 40 21 89 98 15 87 45 16 49 91 77 48 45 97 57
76 44 69 14 15 51 52 40 95 20 35 53 35 39 21 21 78 84 60 96 3 15 26 64 50 28 75 17 46 23 59 13 68 32 14 60 91 11 34 16 50 21 10 45 86 0 59 94 84 32 96 8 2 15 76 23 16 52 19 26 16 79 35 58 1 63 27 70 83 55 63 41 44 62 94 71 72 56 98 76 60 39 71 59 84 55 80 10 35 79 68 2 100 42 40 91 10 78 53 71 47 57 45 23 99 43 22 16 80 34 26 80 74 12 92 95 94 33 36 63 92 2 60 15 42 82 77 99 80 29 41 96 90 24 90 21 27 20 51 37 48 16 30 54 19 42 84 55 81 52 14 75 14 72 70 59 57 94 33 96 72 86 14 53 72 55 35 100 76 74 89 39 18 55 17
68 45 4 1 25 77 25 3 72 51 56 10 53 24 80 15 41 18 99 81 30 65 93 96 87 12 68 27 11 55 51 49 17 76 87 17 17 4 71 31 20 34 20 41 16 32 11 33 15 47 13 95 3 21 59 24 64 64 74 100 61 8 81 66 77 52 34 46 42 68 97 11 50 2 18 28 33 54 89 24 49 48 72 53 86 56 40 86 54 26 0 91 48 68 58 55 10 2 31 41 90 74 96 84 74 44 44 57 10 25 66 40 91 66 95 15 46 0 78 1 67 12 6 53 97 43 55 49 58 8 41 99 98 60 15 32 66 73 84 44 34 76 69 94 37 97 73 96 8 33 58 14 5 13 48 79 62 55 88 23 65 31 85 73 38 73 9 37 65 72 34 39 7 2 19
51 60 26 63 84 84 86 0 95 36 50 5 32 75 47 86 1 79 66 80 57 41 18 28 10 57 86 23 36 99 86 16 55 60 69 79 28 58 21 70 39 85 43 36 28 89 88 62 50 53 98 78 47 74 23 78 41 12 61 34 4 15 15 84 17 68 59 11 10 88 21 49 52 56 37 72 47 90 86 46 95 73 84 10 72 75 11 46 23 20 23 31 74 94 33 40 0 66 42 48 5 32 70 32 64 62 90 21 48 29 32 74 28 38 48 30 43 1 7 68 51 35 60 67 78 18 81 80 45 74 74 8 7 75 83 71 25 33 57 21 52 5 67 94 54 11 1 41 35 63 66 85 14 6 3 18 28 5 52 81 61 31 90 77 30 19 62 23 66 33 67 7 20 24 15
17 19 42 99 65 9 35 96 96 94 44 69 86 28 58 67 12 71 70 44 28 12 83 71 78 95 89 89 45 7 76 30 88 31 20 75 58 68 34 52 48 63 100 44 6 41 62 25 75 31 6 64 93 50 25 68 60 22 42 13 55 79 18 59 13 44 30 89 71 37 6 83 9 68 85 46 0 34 77 91 39 27 75 58 88 11 27 67 96 15 14 33 3 99 76 56 23 4 53 96 71 100 70 20 92 1 34 58 100 36 23 39 62 7 72 57 47 25 83 66 49 93 16 90 65 93 97 54 54 74 93 17 31 94 85 6 61 57 58 49 75 6 5 26 9 24 13 33 4 96 69 3 57 85 89 41 49 84 76 20 72 42 95 65 23 51 68 84 4 100 57 100 10 67 23
91 54 83 74 26 37 58 74 34 20 90 1 3 59 86 50 68 76 99 86 12 90 64 25 58 12 75 93 39 72 45 48 2 10 78 24 62 26 47 35 84 36 80 11 93 98 1 92 20 21 55 64 70 38 0 31 66 53 8 85 62 53 43 0 24 28 100 11 28 100 57 32 18 61 75 59 59 84 42 29 97 18 9 2 61 57 26 38 73 27 9 69 25 22 56 15 91 6 84 88 14 6 69 67 16 4 49 57 9 60 97 95 18 1 72 19 99 44 41 53 93 43 63 20 18 98 68 61 15 10 51 5 98 25 34 41 64 87 58 6 53 58 73 60 46 35 79 100 20 48 89 44 4 61 67 33 29 62 21 25 68 5 76 79 46 7 12 96 50 61 30 0 54 8 12
83 24 0 93 25 43 73 68 60 47 61 16 9 34 39 88 40 15 16 54 76 50 1 77 47 45 43 20 74 47 85 79 46 48 87 7 46 5 71 90 55 41 48 41 59 89 40 95 77 60 20 70 45 22 39 46 38 93 9 11 83 10 36 2 1 37 81 32 52 19 61 94 43 92 65 61 34 100 73 87 88 50 53 75 65 92 57 24 85 42 0 21 80 8 11 84 24 28 89 14 27 56 36 77 91 16 45 21 10 9 45 21 22 8 73 64 33 56 84 65 95 56 73 26 49 12 70 59 68 46 80 35 26 84 9 100 11 19 81 95 93 1 58 79 41 93 20 0 87 71 12 58 100 99 65 31 53 82 49 54 5 63 1 42 61 54 86 71 7 44 94 77 20 10 47
52 61 69 23 36 97 8 61 75 63 67 52 21 2 42 53 91 96 55 81 14 84 39 27 12 33 88 89 58 39 60 1 28 13 77 96 63 91 68 4 55 64 68 50 91 2 58 45 83 25 98 35 23 32 50 22 7 51 30 56 14 5 19 98 17 80 8 59 47 14 69 5 33 67 4 99 54 75 65 92 15 27 78 50 14 21 60 71 57 18 11 74 79 47 0 60 97 22 64 1 65 8 36 89 81 25 16 92 80 20 64 85 5 36 6 95 74 81 76 92 17 68 0 30 45 13 18 60 23 73 44 100 44 80 73 91 31 78 33 17 53 4 0 36 71 21 55 79 38 26 10 81 30 23 90 93 25 5 99 9 9 88 61 30 76 80 40 35 100 35 36 94 31 74 36
4 50 87 36 9 35 47 84 36 4 14 79 86 75 81 45 88 19 82 23 20 12 48 19 18 85 52 88 68 32 50 3 73 36 99 13 1 1 92 77 53 36 73 67 73 57 41 93 48 28 28 55 1 69 8 93 22 7 58 90 26 68 68 40 89 28 82 48 7 74 27 49 23 1 67 96 75 20 22 50 2 94 72 27 26 75 21 87 25 89 85 63 34 6 83 95 37 80 38 31 89 20 21 44 10 54 43 6 67 69 77 68 30 98 13 24 77 47 63 54 29 93 2 71 99 19 30 44 2 67 40 15 77 18 36 23 37 99 26 100 7 67 72 80 94 60 82 48 26 50 75 34 87 36 42 23 39 87 54 25 38 40 73 82 41 44 13 38 93 63 45 28 31 85 62
86 16 8 39 63 22 6 50 53 97 85 62 43 12 94 33 73 83 7 17 29 93 79 57 38 24 85 39 77 31 34 35 41 100 92 66 70 47 59 16 6 31 83 18 60 54 41 30 83 31 71 77 95 92 5 0 86 94 91 63 7 60 82 68 81 86 41 80 31 67 43 55 66 82 32 12 44 96 79 66 18 25 55 94 56 0 46 16 46 97 75 26 89 85 87 60 29 23 99 11 88 18 14 53 31 92 52 52 17 68 8 65 0 2 89 41 51 27 100 8 80 100 74 47 3 84 7 75 59 27 74 92 9 45 43 5 26 85 96 36 86 47 91 21 99 96 14 48 9 84 61 8 81 40 43 6 75 22 81 21 0 42 81 91 63 90 42 92 36 31 16 73 58 84 13
70 80 15 72 20 45 98 100 90 23 96 29 54 33 79 77 4 91 93 16 68 30 8 15 79 18 81 93 30 56 72 21 83 47 34 18 31 34 94 91 82 65 21 21 43 44 86 19 62 70 55 83 66 26 65 77 2 44 48 57 58 94 16 7 3 66 40 95 45 39 95 11 100 68 27 79 25 63 51 7 53 71 37 14 55 95 44 30 30 19 100 26 17 17 5 99 7 51 100 70 90 4 15 17 77 28 1 57 5 1 20 86 30 93 14 77 4 3 17 52 29 19 90 89 0 57 78 42 32 20 13 47 51 19 93 82 46 23 19 45 92 18 1 18 44 17 29 43 51 18 87 97 3 20 50 65 34 44 4 8 100 47 14 16 6 70 48 95 26 62 40 57 72 31 90
92 64 45 73 56 91 43 100 79 69 49 30 8 97 74 54 46 91 65 51 66 82 95 90 17 75 19 39 25 13 19 89 87 0 15 66 61 14 76 53 51 61 44 64 72 51 11 77 58 55 41 42 48 51 97 35 98 99 86 74 4 64 5 19 95 71 26 41 74 54 17 5 64 78 40 43 69 5 59 82 81 24 61 92 41 91 57 64 76 97 49 100 58 67 75 75 24 29 85 59 63 74 12 46 13 45 82 63 82 56 46 79 3 63 95 40 85 16 5 42 58 33 78 24 4 13 15 81 40 72 5 30 55 64 9 78 45 20 5 54 31 88 8 49 63 10 50 66 63 50 29 90 59 42 62 51 65 34 6 45 78 9 37 59 50 78 5 89 16 39 43 23 44 78 62
15 73 31 89 3 72 64 25 16 85 10 61 10 100 48 95 15 68 68 59 21 49 67 20 68 59 11 52 1 43 77 71 14 79 50 33 59 37 88 19 91 5 60 25 49 3 6 60 4 7 63 3 58 51 55 0 98 59 56 31 60 51 53 33 63 96 73 11 56 67 86 13 21 57 11 47 12 23 99 31 76 92 21 30 91 1 6 22 12 77 69 83 27 57 16 20 14 96 38 29 16 51 41 41 6 79 3 86 50 47 89 96 33 48 74 1 1 4 71 54 53 31 51 19 4 27 65 26 31 97 85 91 37 90 28 71 32 91 75 98 35 0 76 11 81 35 76 57 22 22 35 38 78 12 21 6 14 52 54 15 39 35 65 27 84 16 16 21 94 81 24 1 78 83 40
76 93 46 12 68 17 85 42 88 59 46 37 69 27 41 59 46 66 12 71 31 75 27 15 86 46 40 25 18 92 48 59 50 9 95 72 87 51 21 79 87 64 62 88 21 77 47 52 51 28 5 98 68 55 12 94 20 50 62 37 96 65 8 23 70 87 54 14 68 72 70 68 19 19 46 35 68 31 91 91 97 86 87 7 51 76 30 70 90 6 69 92 82 56 47 43 29 25 40 1 12 84 49 54 24 6 20 67 73 99 56 98 98 100 4 75 56 83 31 33 41 12 17 80 9 89 74 21 27 37 53 11 31 31 22 50 30 98 73 78 74 95 67 6 14 29 52 85 75 63 41 69 6 39 92 55 84 10 46 19 24 85 4 60 57 49 16 65 28 99 82 30 3 100 70
41 55 24 34 45 57 90 42 85 41 90 58 26 43 17 51 58 80 4 55 57 22 50 9 3 61 66 94 73 31 29 25 81 42 22 56 93 33 0 42 7 77 80 22 85 17 42 92 99 99 3 22 55 38 91 2 43 44 48 5 100 22 71 19 4 97 91 83 17 76 27 77 22 87 86 47 0 23 94 26 35 95 96 6 68 97 62 70 27 60 40 35 29 75 27 30 84 90 55 64 34 98 83 57 46 20 41 94 98 25 39 18 8 16 56 5 8 35 85 31 48 23 48 82 13 93 76 49 27 59 24 74 34 30 33 45 48 48 72 52 27 81 12 77 34 27 82 10 54 31 77 33 56 17 30 46 32 6 13 0 80 57 16 38 78 89 98 46 8 28 30 75 27 85 67
81 25 42 13 74 9 15 99 15 89 17 53 24 47 44 40 55 0 29 21 21 91 36 23 11 10 42 78 93 22 23 4 22 41 86 11 53 4 76 24 25 28 42 81 74 43 18 92 77 57 12 76 63 5 38 19 30 33 86 35 82 20 26 100 89 81 62 54 33 96 35 8 83 96 66 2 51 46 4 46 28 57 77 46 19 41 23 30 37 51 46 75 56 26 28 60 94 74 6 11 3 77 56 3 1 49 50 68 35 42 16 7 83 17 7 55 45 28 66 80 2 96 65 55 94 84 40 6 57 10 88 76 44 85 18 88 49 5 55 44 82 2 73 62 37 31 29 75 37 96 77 70 2 60 59 80 35 14 10 85 25 10 31 53 6 83 85 36 17 55 45 21 1 56 23
45 12 45 55 66 99 16 42 21 12 27 51 30 31 15 4 2 98 21 69 54 36 53 33 75 78 94 97 100 92 38 97 24 28 87 44 71 28 67 67 89 32 38 46 88 14 22 4 56 23 100 84 50 55 31 72 51 42 2 28 23 65 25 68 48 49 33 84 85 4 27 81 3 29 67 67 64 63 21 32 39 85 53 13 37 46 80 48 4 17 41 38 35 83 83 57 14 8 31 55 46 17 100 75 5 80 4 17 76 25 26 84 8 42 38 38 15 35 42 33 44 19 75 77 94 14 25 69 82 41 77 82 7 1 70 90 94 56 18 5 21 77 53 100 0 13 77 34 82 8 2 62 7 27 75 69 51 43 83 20 35 34 13 85 26 23 65 17 22 47 81 53 96 56 59
59 16 74 3 75 86 62 28 39 54 63 73 81 4 14 62 26 84 100 56 7 44 3 73 31 35 51 73 89 32 97 49 31 20 30 77 13 31 65 43 71 23 99 44 31 48 10 28 54 99 18 52 15 53 83 7 88 50 78 76 71 21 21 39 35 23 94 52 35 17 36 29 89 17 43 100 93 7 6 27 48 89 47 77 42 94 55 61 7 48 66 60 72 75 24 36 35 31 38 98 44 31 80 57 51 27 1 68 3 59 34 67 30 60 39 30 95 57 73 28 19 89 20 82 6 12 94 75 93 52 3 15 15 72 74 11 62 10 62 70 39 35 51 59 38 36 75 84 98 14 0 56 97 67 21 91 51 75 45 76 66 29 19 17 88 49 43 33 51 55 3 46 88 68 26
98 95 56 85 33 58 38 45 66 47 99 37 20 20 3 1 78 84 35 96 43 4 41 34 3 80 27 91 23 92 76 81 60 77 56 21 49 2 50 13 7 75 10 97 99 24 33 38 42 77 93 41 42 74 48 82 83 0 91 38 41 8 38 80 13 87 0 17 90 42 78 32 65 62 56 96 99 42 44 61 8 76 45 91 81 31 98 24 64 5 10 18 68 21 53 30 94 0 5 96 82 76 64 63 10 16 22 82 100 84 16 76 28 13 5 81 81 77 77 78 26 28 69 88 42 39 94 15 85 14 62 39 0 81 48 71 12 64 35 9 91 19 96 52 19 84 44 15 75 51 53 39 64 100 74 40 81 26 90 7 45 54 68 86 71 17 8 20 43 55 81 76 88 36 70
44 1 70 60 53 63 56 84 49 81 9 20 86 76 43 79 82 50 42 93 80 51 65 42 40 23 7 9 16 19 16 16 76 15 62 11 20 9 53 100 77 70 40 58 31 6 8 89 59 33 41 62 42 64 2 86 6 84 48 57 24 14 95 57 50 80 30 46 98 13 34 95 81 69 96 27 61 57 98 52 17 52 81 30 95 12 90 46 94 28 45 9 38 87 70 17 96 96 51 77 20 89 19 65 48 1 21 12 17 18 33 31 24 66 60 28 67 92 17 66 60 100 25 41 63 94 62 54 2 51 92 18 91 10 74 65 47 53 53 52 36 0 0 6 41 10 87 13 4 52 63 100 66 59 5 16 92 36 89 73 25 91 5 83 31 30 100 39 22 67 27 66 3 2 93
69 0 32 53 33 20 48 59 76 74 33 73 55 36 27 34 38 65 42 21 65 49 23 30 50 99 77 55 75 77 17 66 50 26 50 4 74 30 85 56 24 19 47 78 26 5 15 15 16 93 39 5 2 62 46 74 67 59 23 34 58 96 76 34 54 79 37 90 39 97 96 99 99 41 6 6 75 35 99 4 85 62 90 1 36 73 14 98 100 42 32 83 91 72 20 73 95 83 99 57 24 86 38 15 51 61 70 92 40 9 84 29 2 45 60 53 85 23 59 17 77 97 85 72 44 48 57 16 91 80 40 20 14 62 15 33 7 41 53 84 33 66 64 72 41 15 67 52 69 36 38 44 82 42 34 28 62 79 25 63 43 81 80 82 70 3 78 25 17 97 78 53 85 12 73
49 46 69 65 6 2 18 100 33 71 99 62 18 55 63 91 0 51 0 85 80 94 9 69 9 96 79 57 43 54 2 58 31 21 96 34 66 58 77 18 6 60 97 94 7 53 57 14 80 97 38 61 16 90 25 43 30 70 12 51 8 14 16 92 75 24 91 75 41 37 94 47 33 42 97 89 2 71 20 29 50 79 33 21 27 77 56 85 81 88 47 59 44 75 13 83 59 71 46 91 69 20 45 9 72 76 80 63 17 14 27 36 17 39 32 82 73 34 34 17 13 73 76 40 49 100 49 79 18 10 84 90 19 79 23 63 53 8 39 50 60 29 92 22 33 41 97 11 75 29 61 28 66 49 83 37 10 50 12 23 42 67 13 55 56 19 51 20 76 43 84 31 31 82 83
65 24 64 6 50 82 24 88 14 33 6 93 45 84 14 42 26 94 83 2 39 64 98 81 27 88 81 47 97 21 64 19 42 60 62 13 77 50 67 69 78 19 78 53 96 65 74 71 43 54 32 69 90 92 54 99 81 12 80 86 5 91 20 30 18 10 20 66 4 23 49 30 10 97 0 28 63 26 28 21 66 25 6 60 39 92 31 20 20 42 51 45 86 11 87 83 48 37 84 65 34 15 28 96 4 49 88 68 25 74 49 17 88 49 61 54 92 97 58 79 38 68 54 25 87 90 21 91 7 80 21 36 24 30 62 28 41 71 83 54 59 77 59 61 51 30 91 59 70 48 51 2 91 98 26 59 68 82 36 28 87 16 72 91 28 8 69 9 19 79 12 31 55 37 20
56 34 4 58 16 74 19 29 30 55 79 43 47 14 77 16 18 71 31 8 63 52 99 93 4 92 92 57 57 100 23 82 47 46 78 74 58 48 22 17 95 75 27 44 35 25 8 68 87 93 20 79 20 86 21 99 74 22 58 2 55 76 98 70 17 13 21 95 100 77 55 61 93 13 58 34 42 25 31 70 5 82 48 53 13 65 3 36 24 18 24 53 28 84 99 66 96 35 88 51 58 0 46 40 17 42 94 26 99 70 77 6 66 77 87 15 80 72 81 98 53 62 90 23 79 4 45 7 77 31 100 21 36 31 93 11 29 53 83 49 17 92 6 81 6 9 93 25 50 75 5 42 57 35 83 60 19 35 95 56 91 0 30 91 37 31 25 78 15 20 24 15 15 90 22
12 97 74 17 42 39 70 39 77 54 0 63 4 22 67 34 96 27 96 31 73 69 78 4 18 98 95 34 5 71 53 2 97 18 44 78 39 80 24 21 79 67 33 41 63 70 34 39 0 37 25 100 32 85 23 62 5 63 96 37 59 21 19 73 14 14 62 75 16 89 23 19 15 21 52 30 11 71 61 57 87 12 19 72 25 7 67 87 35 26 94 66 100 91 97 13 7 42 65 28 81 0 25 40 57 36 14 33 43 100 80 84 56 1 37 79 3 27 47 56 95 96 12 86 25 71 89 49 77 80 16 39 51 55 7 29 0 9 65 98 28 81 88 98 65 9 75 26 22 89 31 78 41 82 35 21 15 85 41 77 69 19 91 67 0 58 25 83 51 86 90 27 61 74 11
66 63 63 36 36 9 87 69 86 7 3 84 93 28 28 73 22 45 6 27 87 6 48 97 22 9 75 45 70 9 0 38 58 47 72 92 41 28 14 97 52 56 26 35 82 67 26 69 50 32 95 50 83 12 15 82 74 7 86 25 17 67 64 90 38 28 95 21 20 90 11 58 81 77 13 68 57 5 94 70 23 60 12 13 48 96 94 100 47 53 36 92 89 86 23 78 74 24 57 48 71 91 55 91 6 16 24 24 26 21 6 25 83 51 87 14 32 67 62 47 81 41 47 0 13 76 92 55 70 98 13 68 10 99 48 71 6 59 83 30 60 86 39 47 7 90 33 79 51 73 98 98 44 83 28 20 46 23 20 97 71 0 3 55 50 86 56 81 8 98 65 70 13 89 28
97 3 52 53 49 3 60 72 25 28 11 53 46 69 32 82 82 58 32 39 46 45 33 62 1 98 68 91 81 6 44 85 19 92 23 64 24 90 43 65 73 29 7 33 86 35 85 59 28 30 67 43 59 57 98 68 79 6 77 80 89 73 27 95 78 92 5 48 3 41 82 1 91 59 67 95 33 97 31 91 66 79 42 11 82 65 1 16 21 88 13 12 24 84 8 13 61 69 34 65 1 13 11 57 26 18 7 61 46 79 17 9 91 100 32 13 23 96 40 6 47 92 53 17 22 100 58 82 67 86 51 84 79 11 62 37 96 9 61 88 5 99 8 12 28 9 70 76 82 57 89 44 2 26 36 63 94 1 100 56 52 22 39 59 52 11 73 74 19 65 50 84 80 15 17
65 62 10 5 6 47 14 9 88 7 27 94 9 21 54 61 86 35 20 89 50 16 69 72 45 85 30 65 71 40 73 64 18 39 85 26 46 16 96 54 31 55 65 1 16 33 60 24 99 98 67 25 24 84 90 32 43 76 28 10 34 48 43 2 99 53 5 18 61 17 47 66 47 1 63 68 17 96 9 41 19 39 0 49 12 13 82 48 45 99 37 69 36 12 42 16 48 80 14 94 41 79 9 37 26 62 100 64 27 76 91 31 98 86 67 30 22 83 43 0 12 85 24 29 53 41 50 46 53 87 100 54 77 95 78 34 11 75 84 1 3 98 12 18 54 29 52 10 1 80 14 39 34 34 8 24 98 54 10 14 17 22 18 3 98 80 59 74 24 22 94 52 76 65 57
71 44 8 28 58 26 48 59 22 34 47 8 41 37 53 41 82 32 32 78 86 56 8 40 99 90 3 94 26 93 20 5 80 32 68 27 44 55 6 68 47 36 17 13 33 10 90 50 11 65 68 13 13 52 46 87 14 76 74 8 70 73 88 61 98 78 90 49 62 71 80 2 79 33 68 41 58 61 43 19 32 39 12 94 80 39 77 79 53 30 75 92 12 40 8 36 69 62 1 100 53 52 24 53 69 50 74 95 22 47 20 26 91 63 63 6 93 0 49 20 32 33 60 59 99 75 30 29 10 64 2 8 10 88 99 46 17 43 16 93 46 92 57 97 91 42 68 1 3 40 46 80 34 53 79 92 24 81 52 95 17 25 6 7 35 7 87 40 14 90 15 93 49 72 37
45 16 85 25 21 19 34 2 9 49 18 65 98 62 74 5 77 61 3 49 2 34 58 91 19 73 53 61 93 81 88 11 7 75 19 86 55 36 18 12 0 49 80 0 33 95 80 69 22 100 45 72 94 70 13 33 98 62 23 7 62 75 99 53 19 26 87 45 95 86 56 21 29 4 80 15 27 19 73 85 54 32 21 11 57 72 29 7 16 23 25 71 79 32 83 26 34 66 70 22 66 2 16 12 28 6 26 71 13 97 55 8 11 37 4 60 70 100 74 43 34 19 27 27 81 67 79 66 23 23 21 99 36 84 5 56 23 45 7 50 81 59 9 17 50 31 14 22 100 1 44 77 36 43 94 100 91 35 49 7 86 5 51 3 9 11 3 39 60 56 66 43 22 39 95
62 69 22 98 2 51 90 24 96 100 35 97 99 2 74 65 58 59 94 70 89 65 62 67 13 42 39 52 60 57 32 12 2 30 58 13 26 12 98 98 85 82 95 97 85 26 47 93 87 23 50 0 58 3 52 89 62 8 62 63 69 34 21 81 6 62 21 13 36 27 67 31 61 53 32 80 70 19 67 79 81 8 97 32 18 46 72 28 96 79 0 34 49 37 24 46 69 99 88 92 91 39 93 0 59 1 49 25 22 36 30 34 23 77 2 68 88 75 97 49 50 38 44 18 73 61 54 28 32 16 87 69 11 72 12 67 90 67 72 82 53 84 38 81 73 52 82 77 50 91 16 25 2 27 45 37 4 87 77 12 55 18 80 74 100 58 71 45 33 69 28 100 17 51 66
58 14 67 43 58 62 47 84 71 57 81 90 97 79 51 19 33 12 14 86 92 81 26 93 5 39 35 98 45 13 17 5 66 62 87 77 92 99 76 73 78 31 61 7 77 31 3 63 70 72 0 29 46 11 18 87 0 52 2 2 42 20 60 94 62 2 92 68 21 30 57 93 61 46 61 27 86 7 96 90 23 70 47 72 79 69 58 48 76 62 86 86 1 25 8 74 64 51 97 40 56 88 66 81 22 64 72 0 33 55 6 77 78 52 79 15 93 13 22 33 88 27 71 38 16 25 29 52 90 100 54 83 44 79 1 97 53 40 50 90 72 91 79 16 9 19 96 59 5 8 70 74 14 81 13 87 50 71 75 79 5 14 6 0 4 0 40 51 16 63 30 71 59 92 24
90 99 94 72 5 13 26 24 9 87 99 82 100 65 41 100 23 62 44 43 73 89 41 1 92 96 62 99 60 27 26 46 8 82 68 57 89 32 99 61 63 64 8 78 26 2 44 71 43 22 31 72 62 40 33 90 39 70 56 10 93 57 4 12 16 7 35 10 95 7 29 74 76 20 54 18 81 27 90 87 85 23 63 4 15 64 8 55 3 64 8 61 8 30 71 71 1 64 93 31 74 54 73 25 30 71 7 50 6 29 77 55 75 11 98 72 14 11 52 5 76 28 26 61 1 87 85 53 31 63 3 48 28 54 42 62 24 14 22 74 14 50 25 20 33 80 96 78 48 16 9 92 61 94 80 62 69 55 26 5 59 64 0 10 50 6 66 91 88 76 64 76 68 23 58
98 6 32 39 95 19 40 18 63 39 67 14 15 58 9 76 8 35 88 25 14 6 32 27 33 37 58 62 67 75 11 22 15 60 59 96 25 13 26 20 47 24 86 41 5 7 12 45 99 22 7 72 72 21 83 85 49 68 47 91 2 8 77 94 12 86 49 45 36 15 66 59 96 32 44 90 57 25 15 6 74 47 24 19 2 78 42 80 47 39 85 28 6 65 38 86 9 57 84 44 84 48 67 95 38 60 36 37 87 42 32 94 87 75 6 40 90 22 50 12 31 4 31 71 70 97 37 37 20 68 56 38 58 23 94 98 5 91 77 16 84 98 41 33 60 25 87 18 53 46 92 9 86 86 8 53 64 19 45 13 19 51 68 39 61 28 78 28 34 98 41 5 26 72 18
59 91 70 9 97 96 89 57 84 5 95 33 57 44 24 74 39 47 57 6 14 66 25 87 3 36 81 55 26 82 40 93 3 76 37 64 25 59 14 39 6 5 26 9 2 87 84 89 41 21 28 50 85 9 34 27 68 38 93 29 68 3 38 51 87 63 36 57 13 76 7 44 0 32 76 60 11 20 64 52 20 44 12 34 51 21 76 23 43 28 80 75 20 77 89 10 98 23 44 34 2 95 69 44 30 25 92 82 91 2 26 14 33 73 57 4 14 63 34 95 39 36 100 61 69 44 25 82 16 65 5 44 14 62 81 50 78 28 63 5 64 3 78 57 24 73 16 68 88 2 10 32 34 43 47 44 54 4 44 40 85 1 92 47 6 6 54 18 27 68 15 84 56 86 45
96 5 55 62 46 95 99 15 18 22 98 38 80 45 92 60 98 49 99 75 86 9 58 68 15 35 63 79 22 5 86 5 41 46 2 11 25 52 98 41 66 13 63 63 87 14 42 52 57 27 79 56 41 17 24 28 60 32 81 34 23 21 15 80 16 17 62 100 70 14 26 14 1 68 100 100 58 45 3 70 26 29 22 30 96 38 93 32 50 4 44 71 97 19 87 74 96 21 14 48 52 15 45 80 55 45 21 55 4 5 57 38 88 72 39 90 27 55 46 45 94 51 7 43 19 60 8 33 33 85 33 4 67 50 38 48 18 11 49 48 69 59 55 44 24 32 1 43 70 61 93 10 97 30 29 82 72 58 18 74 36 88 51 76 70 43 4 13 2 72 1 21 96 63 35
52 21 60 45 23 75 57 82 28 51 83 78 13 81 34 97 73 40 40 32 98 71 1 100 11 71 28 58 44 66 95 42 63 62 2 9 79 38 60 14 95 85 17 3 12 59 19 28 4 69 93 18 43 27 61 99 68 21 4 56 52 39 16 86 51 78 60 93 60 72 55 55 100 19 81 81 95 57 78 60 71 32 13 71 64 55 82 87 94 38 90 3 53 79 76 16 94 89 63 0 15 97 31 35 81 67 3 97 99 82 34 37 18 27 80 5 65 24 14 9 46 35 63 36 78 17 51 25 11 27 26 68 79 74 52 63 52 28 66 50 17 80 73 51 48 3 58 40 24 21 71 83 61 61 97 3 48 87 38 74 8 1 79 46 51 18 0 19 97 30 56 52 35 45 36
13 86 86 81 44 9 89 57 82 10 46 60 96 11 5 46 75 21 65 70 61 64 68 42 94 16 4 89 61 92 40 56 10 77 94 100 55 71 51 98 32 13 82 21 91 81 78 7 38 1 98 96 95 11 98 8 71 85 48 29 65 36 21 82 2 41 25 41 65 55 16 58 51 99 52 3 19 38 18 73 11 84 26 6 13 30 26 6 86 76 64 2 75 30 3 6 21 71 92 33 77 7 51 34 50 11 24 25 16 87 25 83 90 50 6 36 33 25 36 14 12 22 23 67 98 39 69 80 100 44 14 1 95 74 32 11 93 22 52 61 67 99 51 57 88 57 66 56 88 27 25 96 61 77 88 5 58 99 80 70 9 35 53 19 78 4 10 100 76 42 80 31 2 85 61
20 16 30 95 51 6 21 54 49 25 46 46 53 76 62 84 94 28 39 57 32 31 33 6 41 50 55 63 17 6 75 0 73 19 91 1 23 20 60 8 39 68 72 19 4 88 53 23 16 51 43 22 64 31 96 95 96 12 21 83 23 43 22 8 93 59 60 59 47 76 4 34 27 94 90 82 26 79 31 37 76 89 16 11 12 36 98 0 93 0 36 96 46 72 45 25 36 31 96 32 63 60 2 76 9 82 53 17 5 3 78 44 34 0 77 41 27 57 50 48 28 24 65 82 99 43 18 78 100 62 47 86 83 10 76 35 12 92 63 86 59 48 66 65 25 81 21 73 0 62 99 36 35 64 59 80 43 52 58 58 65 31 76 45 81 47 35 63 89 48 35 74 68 73 79
12 96 54 41 27 21 36 72 38 71 51 40 30 51 9 23 81 92 80 56 79 92 52 97 31 17 56 41 0 74 20 17 35 17 21 57 44 82 72 19 21 67 52 91 31 91 66 53 96 30 51 23 39 15 40 30 25 94 67 98 50 45 34 2 21 6 42 73 50 38 40 4 9 48 4 38 67 33 80 20 54 51 60 0 25 15 96 35 70 21 14 30 89 99 79 21 45 77 69 54 81 58 31 39 66 81 62 32 59 95 37 97 21 96 53 1 45 6 4 64 20 82 65 68 59 5 7 87 45 5 87 8 41 70 21 62 42 45 73 25 86 91 22 27 80 85 66 21 36 36 83 86 85 27 66 88 29 22 85 52 54 55 34 13 9 35 7 55 49 57 47 11 43 71 25
13 91 70 21 32 61 56 79 31 74 74 35 100 51 86 11 77 91 42 93 16 47 66 70 80 32 67 65 73 78 4 91 67 13 0 94 58 33 70 93 21 4 56 86 18 11 100 71 13 33 63 84 11 92 91 34 41 91 67 6 61 80 94 99 56 65 13 16 70 41 69 33 12 89 53 59 34 95 1 2 51 99 43 73 62 35 57 88 85 32 97 11 40 14 50 96 86 66 31 74 89 64 35 24 43 71 48 99 39 66 56 94 28 85 60 11 76 26 16 22 39 66 32 97 99 43 29 57 73 24 11 49 36 87 91 15 29 19 79 86 39 47 52 74 96 68 26 25 61 39 5 77 62 43 64 34 13 44 91 40 68 51 17 0 40 7 11 53 23 93 32 53 25 57 52
73 44 50 91 2 36 50 61 35 11 52 76 92 74 93 77 43 3 39 48 43 86 48 41 31 80 16 27 54 77 43 77 11 95 71 76 9 71 92 98 55 63 57 87 49 66 13 15 84 93 7 24 81 3 44 82 45 80 15 85 10 65 84 54 17 16 22 78 7 58 31 52 86 23 44 82 96 83 17 74 48 59 35 29 31 7 98 79 90 20 44 86 98 57 54 29 93 74 40 12 64 32 53 100 96 70 11 5 56 70 49 35 45 81 93 66 25 60 59 12 59 61 29 33 74 66 88 20 60 100 35 2 76 95 60 6 88 53 97 3 63 61 13 77 82 75 95 79 74 62 30 12 60 15 47 4 59 82 49 48 13 44 76 93 37 74 47 63 44 92 33 39 84 45 61
66 89 7 36 85 60 26 3 68 83 0 9 55 91 81 23 38 12 22 36 20 32 58 15 11 92 99 58 76 51 16 71 63 47 12 86 90 59 41 15 12 52 36 6 1 18 40 75 7 71 22 70 87 89 62 60 27 70 18 98 20 23 49 50 18 62 51 40 0 21 7 42 90 62 40 4 77 71 27 35 0 93 35 70 57 80 94 79 45 5 67 13 38 2 78 54 48 66 40 87 56 53 92 29 9 4 63 44 16 77 48 60 57 86 89 43 69 7 12 1 60 43 12 87 67 54 19 40 60 34 58 60 88 18 100 57 58 49 45 4 23 52 44 55 52 100 90 63 54 40 100 24 62 98 51 21 28 40 1 94 4 31 30 10 32 90 51 73 40 21 10 79 25 90 82
29 82 79 27 45 33 35 9 69 28 73 37 90 68 80 9 76 42 29 63 56 50 43 1 86 44 67 17 6 81 28 13 52 77 86 38 32 41 80 75 96 8 85 94 42 82 15 28 39 26 78 59 42 78 7 11 18 60 76 73 24 43 7 26 6 36 24 29 77 45 69 20 33 3 13 18 83 35 85 62 96 92 22 5 38 52 34 80 45 65 3 77 53 34 32 34 97 42 61 48 11 88 50 80 84 20 38 10 87 36 62 99 46 73 81 1 18 79 63 89 74 56 6 47 53 64 32 12 86 41 92 6 13 44 86 81 83 69 25 27 67 75 6 41 10 32 2 72 19 0 99 38 77 81 92 100 89 70 12 69 17 0 96 25 30 50 18 85 31 86 88 99 12 49 76
46 3 24 53 29 99 53 22 12 43 95 78 48 94 87 93 92 15 84 70 47 3 100 92 81 55 82 55 8 5 79 84 19 9 12 38 42 100 49 66 68 82 68 56 9 93 56 27 96 93 30 41 91 89 35 57 61 65 32 32 5 44 97 74 76 83 78 37 41 34 67 32 74 24 98 77 76 18 53 99 53 28 62 26 92 30 59 64 54 31 68 11 5 53 75 8 48 10 76 85 43 14 9 47 3 50 91 14 88 20 30 11 22 27 36 45 62 77 73 32 16 56 40 19 62 66 37 87 96 22 46 25 23 0 94 76 30 22 66 72 28 45 5 24 90 100 53 97 100 42 83 1 47 10 54 41 48 16 68 27 34 61 21 33 65 12 54 41 16 10 100 31 15 78 79
40 94 2 77 69 66 14 20 25 63 34 70 82 93 41 37 77 26 88 21 8 48 72 57 20 90 45 67 2 31 13 57 32 99 16 96 27 59 31 28 38 25 68 58 75 3 30 75 95 23 11 0 20 24 16 72 79 56 27 80 73 59 53 55 60 100 0 31 85 27 52 69 34 68 9 58 97 90 31 75 39 42 43 1 12 23 7 5 94 22 90 29 14 11 9 42 62 73 80 47 86 94 62 31 35 96 69 97 96 9 38 77 44 94 80 72 80 70 85 79 90 63 13 70 25 14 86 5 81 30 52 100 51 41 13 34 78 78 57 33 38 91 31 21 59 41 98 6 19 50 0 68 21 41 47 28 91 44 28 71 18 15 84 47 81 83 68 69 17 28 59 24 84 66 90
30 85 14 57 52 91 65 48 53 24 46 65 22 40 94 98 32 95 73 55 63 55 29 52 44 96 12 55 21 63 53 50 8 10 46 24 92 0 26 34 68 9 3 55 96 5 100 32 45 77 31 13 46 68 28 12 22 63 66 14 7 83 63 27 29 64 18 9 0 99 62 2 63 2 66 10 55 1 13 9 71 20 92 16 0 84 12 88 3 13 45 1 55 5 50 4 48 89 73 67 47 70 4 4 96 90 41 57 24 81 37 15 46 11 13 67 84 99 12 22 75 49 25 44 51 64 3 83 90 25 12 79 39 36 90 41 6 70 72 10 55 36 73 67 90 75 80 74 51 89 30 10 54 81 97 30 76 58 23 30 85 24 36 53 39 99 35 93 58 41 69 78 93 61 1
97 1 21 97 59 81 74 36 3 8 83 48 56 8 8 57 47 24 50 3 10 72 87 14 16 89 6 88 8 98 6 8 8 42 70 33 36 22 97 0 48 15 73 1 59 71 28 79 0 86 11 30 73 77 63 24 12 60 12 82 80 40 92 92 58 92 4 34 74 54 90 69 62 65 64 99 28 65 50 66 4 64 0 40 17 58 53 12 0 69 3 75 37 54 73 73 13 22 12 47 27 33 21 17 89 2 71 34 75 39 21 93 37 33 68 38 0 71 43 75 24 82 29 97 48 81 52 22 45 12 81 74 99 71 71 73 8 49 17 3 40 96 60 59 43 17 35 40 74 90 37 17 5 60 38 54 52 6 86 81 3 89 25 54 100 56 39 23 7 64 60 94 4 91 94
95 27 75 71 60 51 31 68 82 94 8 36 57 64 75 72 75 63 82 88 39 88 8 90 75 48 0 23 51 20 30 7 61 83 80 17 56 98 4 54 78 14 81 28 4 36 47 34 88 40 48 4 18 72 48 75 2 20 86 15 55 52 80 73 51 61 14 7 44 11 66 43 90 86 73 99 89 22 60 27 31 4 95 19 52 52 65 20 38 30 53 27 72 37 71 40 17 55 0 39 76 58 25 40 97 23 85 75 75 57 55 19 40 63 97 74 49 2 55 98 34 5 8 30 38 19 89 94 74 28 25 94 95 56 74 17 59 97 47 27 48 73 59 22 37 52 19 68 23 4 2 31 99 46 40 13 66 46 24 50 48 25 68 61 64 68 56 54 93 53 72 98 38 20 77
80 14 79 71 57 95 66 96 25 100 75 56 71 40 83 29 50 70 12 58 56 64 1 50 17 70 0 100 61 85 96 23 25 98 82 1 48 75 60 95 8 50 24 49 9 22 2 67 95 89 94 23 75 82 42 63 2 36 4 55 100 54 26 2 84 62 44 80 43 5 78 76 20 42 83 60 98 41 92 1 88 89 85 51 77 64 22 77 4 78 99 63 6 84 37 56 53 87 67 1 42 87 18 4 5 47 48 58 34 91 23 77 20 10 89 42 0 83 53 73 76 0 83 84 5 43 84 13 93 88 86 61 22 44 21 43 35 88 53 73 18 65 96 42 55 81 38 6 27 59 35 71 37 71 43 54 44 28 86 98 13 25 49 91 59 55 64 92 18 22 91 30 70 77 11
91 56 36 55 92 24 43 28 43 58 41 66 54 84 35 30 33 96 53 40 47 6 41 68 81 14 22 7 1 27 5 81 44 10 32 4 97 28 35 84 51 67 78 97 41 62 2 27 37 38 39 5 89 21 17 80 13 77 31 97 81 8 85 100 19 25 56 71 42 70 7 42 23 13 81 76 89 98 77 47 46 25 34 92 88 35 30 77 66 22 70 45 49 50 0 5 50 88 0 67 47 93 39 21 93 3 80 78 81 45 31 78 36 89 61 100 48 91 56 70 30 28 85 94 48 12 62 4 52 83 14 27 92 83 96 53 9 98 57 6 71 74 7 16 71 93 63 80 77 4 78 63 25 7 51 3 86 77 1 82 32 8 26 18 35 25 0 7 87 15 0 16 80 69 15
43 15 38 46 8 53 33 31 16 17 33 71 6 55 16 75 55 58 58 84 0 79 96 35 96 0 39 34 85 49 86 72 75 54 65 8 3 46 0 23 45 12 77 51 21 10 50 93 49 75 57 63 91 67 54 17 92 6 49 21 18 2 43 97 74 8 61 58 19 10 56 10 18 10 82 13 14 92 41 55 52 61 95 62 28 80 12 29 51 77 87 61 52 70 13 14 3 13 34 15 1 49 40 64 47 33 25 98 34 51 2 92 84 83 59 63 38 41 30 36 85 9 44 28 61 6 2 36 53 98 4 49 29 15 70 56 56 47 80 8 51 75 99 99 41 91 45 92 32 70 87 23 9 81 78 32 66 43 12 73 34 73 17 21 14 82 10 15 38 33 16 92 34 24 78
73 69 10 62 91 63 52 60 41 53 37 54 31 37 7 9 41 53 66 20 20 45 80 62 7 41 11 91 27 38 88 22 34 40 84 17 84 31 80 33 28 92 73 45 2 51 33 24 18 37 72 0 46 58 61 22 7 54 93 33 42 21 29 81 49 73 71 13 73 93 35 85 52 3 1 26 95 92 83 83 6 45 77 22 31 96 88 78 39 47 62 78 60 81 95 39 67 40 8 32 45 91 81 39 45 94 67 36 76 66 10 93 73 32 88 93 95 37 78 74 6 34 54 19 93 35 52 81 49 32 76 6 49 20 79 64 80 99 78 72 29 56 4 37 76 31 49 59 75 85 59 75 64 83 67 50 20 48 54 40 53 16 19 88 30 65 65 64 100 39 34 21 22 17 84
38 92 95 71 82 13 88 3 55 18 59 65 3 95 28 4 53 45 85 2 43 45 56 24 16 88 2 43 26 33 44 77 54 57 43 72 39 3 48 5 67 43 22 22 14 60 71 33 65 42 95 69 37 43 61 52 1 13 89 85 41 6 59 61 53 58 52 44 22 91 6 37 51 100 69 46 20 6 39 55 76 58 48 89 92 98 85 20 95 3 68 31 27 46 35 9 22 65 44 79 100 0 32 91 23 46 66 7 89 38 98 80 20 23 62 73 40 82 42 21 44 56 45 52 18 13 53 46 73 57 35 36 69 49 23 42 56 39 97 71 60 50 14 52 45 88 86 99 17 45 98 99 7 29 61 89 91 67 100 96 35 86 61 35 12 45 82 83 92 18 10 27 86 52 21
3 34 6 54 99 33 21 76 30 24 68 100 30 9 84 49 41 95 82 23 13 47 19 72 99 92 90 91 93 48 32 43 99 42 81 87 15 46 74 73 11 93 22 25 25 28 27 36 66 35 20 32 71 55 98 25 67 97 75 2 10 90 10 20 1 66 74 4 38 27 49 36 51 14 88 91 49 29 87 80 10 33 70 30 69 45 60 93 98 75 37 98 78 29 72 32 91 31 19 99 71 66 63 3 55 22 79 15 11 40 74 64 44 67 68 64 95 26 8 51 64 14 37 62 42 95 30 76 51 72 73 9 81 54 69 65 100 89 32 100 66 6 28 3 89 51 88 29 45 88 26 53 36 32 42 28 49 25 47 92 80 30 34 38 37 69 25 74 31 48 13 6 77 61 98
99 10 48 45 6 69 99 76 66 73 40 62 5 74 50 76 8 92 0 34 86 91 63 57 64 13 15 41 91 77 32 19 77 80 46 86 4 50 30 60 89 3 70 55 64 87 27 64 78 78 35 4 60 35 77 82 0 68 34 40 16 15 44 89 16 98 99 90 87 31 49 89 22 57 6 72 61 20 21 98 32 66 82 71 43 28 71 86 93 19 18 72 50 65 15 83 74 33 85 0 38 52 90 12 0 1 42 8 67 31 92 58 31 3 10 19 30 48 5 94 6 72 60 58 54 65 58 13 93 84 62 33 67 5 54 96 96 52 82 48 42 66 9 37 90 12 57 74 32 67 58 59 36 67 38 26 20 13 43 96 100 22 84 95 26 5 29 54 47 78 72 62 19 74 78
26 72 39 2 61 48 94 84 2 95 6 5 36 97 39 11 52 46 52 41 38 72 37 77 36 32 13 38 35 80 66 56 41 59 88 100 25 38 39 6 9 99 6 14 31 72 84 97 100 53 31 27 90 50 65 29 23 30 88 80 64 65 81 67 16 77 69 26 2 29 36 71 95 26 89 22 87 22 85 71 92 66 68 79 73 53 86 11 86 4 25 89 31 98 53 6 37 89 92 88 3 25 8 88 95 35 16 30 90 62 30 52 99 32 27 92 4 38 6 0 54 87 6 38 74 10 35 31 47 14 19 65 12 27 91 29 45 20 44 59 71 9 96 5 67 65 14 92 25 39 39 41 16 85 37 84 75 5 44 19 90 75 58 73 35 50 33 52 47 7 46 63 34 88 28
38 5 75 62 22 23 4 57 28 10 99 47 92 11 59 95 5 24 78 10 18 62 44 91 0 27 59 51 6 36 27 29 66 25 35 81 38 74 86 70 56 98 7 66 6 15 14 11 44 9 43 97 24 99 26 3 73 87 60 89 63 93 64 97 36 76 7 19 36 67 23 48 75 12 5 24 95 61 45 4 26 52 87 39 3 26 94 93 79 100 86 63 75 88 73 72 100 32 90 69 71 32 49 62 33 18 66 34 33 34 99 12 46 93 28 40 33 74 84 81 81 92 33 27 53 0 96 86 36 32 100 83 55 56 27 5 16 10 49 49 54 66 57 87 54 44 77 52 44 37 37 31 5 82 23 77 70 8 38 39 42 53 1 29 73 64 14 33 50 64 48 97 78 50 63
12 43 1 63 70 20 96 52 71 75 92 86 26 69 75 9 63 30 98 84 40 46 76 9 34 38 7 77 14 2 85 51 52 55 57 76 85 54 92 49 81 47 71 97 74 57 59 4 77 84 99 49 57 8 51 29 83 54 76 56 24 23 90 6 10 68 55 21 59 38 49 21 4 9 43 39 20 44 56 96 48 16 0 64 88 37 89 22 21 82 96 75 49 31 36 100 78 22 0 24 31 12 3 61 57 63 3 73 46 19 72 57 52 52 45 42 90 44 95 80 77 65 53 64 94 22 33 16 45 0 1 22 98 100 23 21 33 2 11 77 90 18 65 16 97 99 20 35 66 87 68 51 98 18 48 7 50 81 24 83 88 59 4 3 87 69 89 72 30 90 31 73 60 98 46
41 24 46 97 44 31 50 87 21 38 19 69 94 99 2 24 59 91 93 87 75 35 25 1 47 15 61 7 19 56 26 4 29 57 89 94 46 71 34 1 70 70 24 29 44 55 23 92 96 28 36 78 47 48 52 32 32 100 92 50 96 52 84 11 18 68 31 2 59 100 33 70 20 0 96 48 41 42 67 55 61 5 56 77 84 2 72 94 68 15 74 30 21 17 16 95 84 100 63 42 60 59 56 76 77 2 52 52 90 78 45 69 78 21 59 77 41 45 73 94 15 29 41 4 74 48 55 43 71 52 45 44 93 88 16 38 85 17 64 47 25 55 83 15 38 25 74 80 3 100 33 77 41 86 70 56 82 87 35 40 64 42 9 71 38 6 17 94 93 97 92 31 98 65 12
64 16 97 14 60 43 49 78 52 78 45 68 58 89 11 15 93 0 53 73 82 60 96 78 10 28 58 34 94 96 11 33 16 35 72 27 38 38 76 89 42 60 11 37 96 84 51 2 39 24 76 94 49 78 27 25 66 63 67 5 20 48 61 63 37 55 37 12 61 95 77 27 5 39 93 33 32 23 23 38 58 12 78 81 68 64 67 58 56 90 57 57 24 62 65 92 26 64 86 12 75 13 7 31 60 2 81 86 30 8 19 100 77 60 39 71 10 74 29 5 34 43 57 20 1 22 84 77 20 47 60 46 23 78 98 48 68 63 4 9 75 35 41 26 34 20 5 13 43 63 92 3 95 57 36 38 34 54 37 47 15 44 23 48 41 70 75 51 45 81 92 1 38 4 55
34 21 50 29 59 64 19 55 5 21 1 85 5 47 43 4 98 88 55 57 48 77 67 79 32 24 88 69 72 31 93 71 93 50 99 77 66 57 68 16 15 88 25 84 18 40 70 85 15 85 13 2 43 90 15 29 48 40 68 71 34 57 1 86 56 6 81 20 66 42 61 84 81 34 51 37 44 65 5 29 77 73 7 29 58 37 62 46 12 9 13 31 44 95 10 82 92 74 55 60 70 33 43 57 61 66 81 43 11 71 67 81 71 71 72 53 94 46 62 51 81 81 54 39 90 55 38 71 28 82 43 42 28 59 40 13 68 58 18 9 98 25 78 23 16 63 69 22 81 78 78 6 83 77 27 78 64 96 38 48 47 17 65 70 6 68 64 11 20 4 96 49 48 6 75
33 73 49 24 52 44 19 59 91 100 74 86 18 64 34 68 65 46 33 24 73 6 54 45 44 84 4 4 52 47 11 53 53 52 98 11 90 97 56 70 24 12 3 76 16 39 50 1 95 35 9 64 95 86 46 55 70 0 77 86 54 66 1 20 72 64 53 2 95 31 96 16 67 83 84 27 96 86 12 13 27 33 33 2 75 95 48 43 88 83 9 15 11 29 57 76 85 64 23 15 10 38 26 75 56 29 66 5 26 7 57 79 65 82 53 34 57 47 0 93 79 30 46 56 84 84 13 17 100 64 60 12 83 63 97 21 17 77 92 26 5 65 55 89 26 73 44 67 70 19 45 35 55 88 39 27 23 57 78 88 59 67 64 81 68 9 90 2 13 4 84 26 13 1 79
58 49 91 7 52 25 84 75 56 34 36 42 49 62 4 84 86 9 56 36 35 24 36 76 41 7 11 30 87 52 39 94 34 36 87 92 83 71 79 72 91 94 39 4 56 18 27 61 90 0 63 21 27 46 38 20 84 57 26 54 87 71 9 16 51 47 35 15 29 92 99 15 76 43 43 34 22 16 11 59 82 28 70 69 49 77 60 81 48 25 11 79 89 50 56 39 69 54 25 87 62 26 24 76 95 23 49 27 66 32 43 1 48 23 26 15 26 41 41 26 27 75 2 69 19 38 47 25 41 60 46 34 55 33 58 50 43 20 69 73 85 2 23 94 39 92 21 14 13 38 17 85 78 50 2 60 7 20 42 41 16 94 94 52 15 37 36 11 43 85 98 57 18 86 87
22 54 53 42 6 67 40 32 74 33 72 66 27 45 38 89 51 31 4 62 5 16 98 72 54 2 1 93 19 82 83 88 9 19 46 66 94 2 6 93 10 91 17 18 64 39 34 80 41 0 54 21 0 69 97 40 53 13 1 8 31 4 12 25 48 38 68 43 18 49 91 61 47 78 100 28 54 53 83 58 47 53 38 88 81 88 66 83 19 19 81 47 74 35 18 8 54 26 21 5 48 88 6 2 26 53 83 55 62 86 88 24 49 21 100 71 91 50 0 65 0 94 54 53 36 48 66 47 77 80 72 69 85 46 81 75 97 37 32 19 26 27 9 59 14 74 41 85 29 54 83 66 14 40 10 72 58 24 17 99 91 63 28 10 90 39 76 82 4 57 36 39 99 80 69
73 16 67 72 13 11 35 50 98 76 78 28 86 23 52 25 90 19 34 67 73 24 17 50 62 58 30 99 35 9 10 67 50 26 36 84 53 17 90 82 31 54 44 28 69 60 24 98 13 91 51 64 45 69 10 5 44 32 46 23 78 54 65 31 35 1 56 83 76 36 84 50 12 64 39 64 58 76 72 71 45 76 56 71 61 62 81 2 75 6 15 36 65 17 89 50 75 94 62 6 27 14 97 68 52 2 1 12 82 68 83 36 25 39 87 42 31 51 32 94 20 33 2 13 41 90 30 67 21 88 45 72 23 41 47 92 26 79 14 28 19 65 8 98 54 17 82 81 3 68 55 53 98 55 4 72 63 45 27 73 4 94 54 22 78 86 36 71 59 33 80 50 56 40 72
52 9 84 31 90 96 8 39 35 23 35 77 69 80 62 48 47 32 47 62 78 9 28 23 86 36 44 44 28 55 37 76 40 9 51 95 73 1 54 31 20 23 17 56 44 60 47 0 83 42 11 6 38 19 33 60 7 36 19 75 67 27 15 73 32 32 94 32 60 24 42 80 32 49 61 31 26 93 38 48 86 40 17 44 82 77 4 13 34 80 51 41 53 72 1 38 7 9 73 13 37 36 39 57 69 20 39 29 11 75 94 95 28 78 71 72 12 99 70 22 57 14 75 44 12 10 87 26 57 62 60 24 24 72 58 73 27 74 45 4 59 18 32 13 93 75 80 95 32 49 70 92 51 12 8 28 36 59 15 32 4 72 12 94 53 35 16 86 18 58 60 85 22 13 6
69 100 83 34 89 45 53 58 40 92 44 66 40 32 88 91 11 60 48 4 26 72 67 55 55 97 20 76 55 60 64 64 4 26 4 36 3 78 82 0 87 54 93 19 69 44 40 57 43 75 17 83 52 23 58 43 66 45 70 78 10 69 48 89 35 99 29 96 39 84 73 57 7 74 81 60 80 46 80 70 13 47 60 38 41 100 42 12 69 30 67 72 98 18 47 40 56 94 65 93 50 48 83 70 97 7 57 100 42 79 66 85 24 80 84 9 90 56 93 62 72 29 31 35 0 77 54 31 98 10 17 69 26 32 27 25 82 29 79 53 32 38 83 33 24 39 22 60 0 88 54 11 40 60 33 45 97 93 85 46 59 44 56 51 40 13 90 89 8 1 93 29 6 85 99
21 38 9 30 72 1 52 74 30 27 96 72 53 18 12 28 64 23 7 73 51 100 41 26 59 17 25 68 38 66 69 17 38 40 30 32 46 27 96 98 49 35 67 79 39 32 31 63 94 89 67 2 93 28 81 83 90 82 26 79 81 65 81 55 97 65 28 19 28 54 15 19 8 33 28 89 8 47 58 49 33 30 32 47 0 85 57 89 63 62 64 50 73 90 2 72 27 78 18 73 0 13 11 56 75 20 7 67 11 18 28 29 16 88 59 30 98 94 60 34 14 80 58 96 12 68 42 42 44 54 7 37 10 1 78 62 22 1 57 70 22 83 94 53 50 64 65 31 24 43 90 93 89 36 97 11 34 46 88 43 69 56 70 28 61 10 4 83 15 27 0 76 96 92 62
47 47 35 6 62 94 71 16 52 86 53 31 91 22 3 77 13 35 54 100 1 37 20 71 5 31 3 45 0 27 11 52 39 58 16 85 85 32 96 31 47 19 45 37 71 20 81 70 28 28 36 94 51 88 6 97 62 88 22 11 59 30 13 13 4 9 21 75 69 60 27 31 24 96 26 13 43 87 99 51 70 63 82 99 15 71 46 10 96 38 43 31 43 23 54 6 3 54 39 67 49 27 20 75 52 17 34 14 24 33 31 45 20 14 68 69 60 85 30 12 11 3 54 69 44 13 37 16 2 58 4 18 17 82 23 15 22 13 17 23 16 16 59 10 77 93 15 52 1 0 75 62 47 54 34 71 83 41 30 8 11 78 15 5 65 72 84 99 96 88 91 41 95 76 93
2 4 31 89 49 24 82 98 43 47 68 37 17 78 44 48 70 87 13 4 20 28 40 43 79 14 97 65 22 92 95 64 76 81 31 59 31 69 80 72 20 85 89 97 35 32 45 7 72 49 93 31 62 71 29 65 27 18 90 61 19 41 99 69 8 52 41 62 98 76 73 100 32 5 53 25 1 67 86 29 93 63 67 37 61 8 77 38 96 70 24 28 91 36 64 59 24 7 96 45 30 41 70 87 80 70 83 41 92 8 30 37 0 33 14 9 86 64 19 91 89 76 24 34 9 45 29 15 9 31 5 94 70 63 11 62 0 9 41 48 2 46 93 66 32 65 34 35 21 29 39 91 47 58 22 28 60 32 3 7 8 70 19 86 32 49 37 9 62 90 66 63 1 80 41
17 27 82 69 46 15 50 1 76 81 62 86 31 76 41 23 7 37 68 6 35 33 4 88 61 18 20 0 88 75 0 76 92 32 81 56 84 22 82 84 48 20 33 89 56 48 39 99 67 34 58 62 33 94 44 98 31 21 95 41 36 95 67 75 90 82 99 23 20 51 57 50 34 55 94 5 86 25 19 64 81 39 37 75 43 87 22 4 68 45 52 88 42 46 96 41 47 63 77 68 40 64 42 40 7 8 49 3 35 26 54 72 20 92 72 1 52 0 27 69 45 42 8 74 98 94 76 86 86 81 22 49 43 16 88 25 46 51 63 46 15 30 87 19 10 84 62 84 18 46 82 30 21 0 37 92 92 2 56 79 35 3 84 46 8 40 35 74 16 96 100 55 32 66 60
24 21 12 67 85 3 8 14 48 80 71 56 20 11 29 39 56 8 71 65 82 47 65 57 1 57 16 6 2 30 91 45 67 46 88 56 29 9 24 61 51 94 94 41 77 0 62 43 53 73 56 75 98 24 85 15 27 48 35 94 75 39 99 7 39 26 25 3 98 99 29 85 6 99 89 73 87 36 40 77 88 65 90 76 45 25 31 99 20 92 9 74 6 68 25 85 42 5 21 30 61 72 15 8 77 52 87 94 12 22 45 11 29 36 39 29 10 36 79 70 9 12 46 24 57 9 6 37 2 79 0 96 4 93 8 59 80 66 62 37 34 40 90 85 33 85 22 40 90 73 77 7 27 12 25 80 33 50 5 86 87 93 79 99 72 28 32 71 73 48 70 90 70 78 79
57 58 50 48 90 75 26 62 8 24 51 28 63 71 12 56 1 63 28 78 86 39 21 13 52 8 63 30 59 46 70 85 46 27 53 58 13 55 66 32 19 47 34 13 56 35 44 16 90 99 57 31 6 57 29 98 99 94 8 98 39 66 0 35 73 18 15 49 25 89 39 79 0 33 26 53 50 41 90 51 39 54 9 22 45 36 87 56 96 48 4 36 54 42 60 59 52 41 24 18 55 99 22 56 41 71 51 62 94 53 28 16 38 67 80 12 25 97 8 90 9 62 24 19 78 10 72 57 35 36 99 98 0 51 61 77 43 73 41 91 0 27 93 85 36 17 93 45 86 54 66 83 31 63 32 11 38 73 93 36 36 50 82 4 69 66 41 62 33 14 89 78 88 54 51
35 69 6 77 95 54 57 97 84 98 70 79 44 53 4 73 70 86 21 69 100 8 56 24 70 45 3 86 30 18 68 4 83 65 49 77 28 15 83 91 89 10 58 33 11 43 14 69 57 4 66 22 69 87 31 19 62 71 20 37 37 61 39 26 100 84 93 76 84 9 17 95 11 91 73 51 89 69 50 69 28 48 26 67 72 80 73 38 44 69 13 13 62 19 62 59 79 20 88 49 19 82 84 36 72 44 17 72 41 41 37 43 47 57 54 94 16 7 93 93 49 27 97 59 40 49 69 28 98 12 68 10 44 45 48 43 13 0 22 69 29 51 76 43 9 46 60 13 16 77 24 78 85 15 30 39 41 4 83 73 75 78 26 3 84 34 77 46 83 99 99 30 56 22 96
11 42 57 31 46 75 53 69 71 57 36 97 96 59 9 93 31 60 49 64 30 54 47 5 81 66 99 42 59 35 76 84 30 89 14 84 73 58 76 11 10 51 29 24 44 68 99 14 47 31 30 62 74 99 9 58 6 58 50 94 51 1 81 65 42 76 65 64 63 54 31 40 37 83 79 1 82 60 46 56 47 37 71 71 84 89 12 24 57 64 6 92 27 64 48 59 20 79 36 33 19 60 11 55 73 33 97 31 32 3 19 80 32 86 53 52 55 3 50 69 10 9 15 20 32 29 48 29 21 1 83 76 68 94 72 59 84 78 18 77 37 19 72 10 19 19 80 84 86 10 95 100 1 85 54 47 67 55 8 5 62 22 36 46 66 91 37 5 55 43 9 2 72 50 85
71 77 17 18 39 55 4 88 16 55 83 55 74 51 45 1 8 73 17 19 70 90 65 58 30 8 5 95 95 73 88 44 59 17 78 44 88 53 25 62 78 51 46 9 14 19 78 4 80 23 31 23 88 80 91 94 94 0 21 34 33 58 77 27 55 13 32 17 32 75 53 80 51 68 36 71 21 1 78 70 19 48 25 21 23 33 5 36 75 4 64 52 47 60 83 81 45 94 57 41 51 100 93 14 65 63 12 81 26 67 0 89 54 69 1 63 8 77 50 25 35 97 34 73 1 27 92 80 22 20 28 74 94 10 43 59 89 50 40 81 95 56 83 32 99 85 44 49 75 63 50 76 57 26 23 28 98 2 1 44 36 7 20 45 83 70 15 90 64 26 0 30 67 31 65
52 75 82 39 43 64 3 71 84 37 9 28 98 85 54 16 50 93 100 93 64 73 99 42 31 16 83 75 55 29 63 44 31 41 75 98 56 99 0 99 67 21 65 64 57 56 86 1 47 0 8 93 15 66 29 11 37 31 66 43 1 31 0 66 78 33 12 82 46 17 17 58 61 62 68 40 25 68 35 25 58 67 76 97 12 56 39 27 89 23 59 26 23 71 29 1 7 47 75 40 87 84 9 39 40 2 57 56 66 52 35 82 83 88 65 5 77 33 27 31 14 63 15 59 25 74 2 9 54 72 19 80 77 82 14 47 50 66 41 95 58 86 7 91 56 49 100 24 28 5 19 25 72 84 38 62 25 9 86 37 1 29 53 78 36 69 40 15 91 99 24 85 84 58 52
75 62 74 43 85 76 23 60 84 23 0 78 97 67 67 52 2 81 82 30 28 99 82 40 87 81 11 5 0 55 55 75 44 40 48 96 20 5 63 18 5 78 81 84 2 100 13 34 11 29 24 43 21 99 27 29 71 14 59 6 62 27 52 31 12 90 1 74 19 89 13 46 35 66 32 40 95 31 10 28 90 59 32 10 98 67 0 86 58 13 40 98 86 92 30 18 85 63 3 43 74 14 22 56 100 33 77 56 26 36 50 81 2 72 65 25 13 44 74 91 37 0 4 76 100 6 97 49 89 21 39 56 66 91 84 23 7 92 33 88 87 3 75 43 65 78 8 54 35 68 63 83 16 99 67 92 76 35 9 23 49 60 75 35 21 68 62 12 45 53 0 48 86 93 59
57 14 81 65 12 6 46 12 60 90 18 45 51 90 20 42 29 31 89 21 19 18 91 95 65 9 78 24 26 93 68 69 10 83 96 42 35 41 47 18 51 65 12 52 85 69 68 65 97 14 63 19 78 82 28 45 98 7 38 53 74 54 72 19 6 4 50 28 55 48 7 90 49 7 59 11 83 23 20 85 53 20 29 31 93 85 19 1 76 26 11 23 57 68 64 9 47 39 68 0 4 27 59 80 57 49 17 22 60 54 66 6 89 12 61 78 89 21 47 5 17 62 63 30 83 66 57 89 54 92 98 80 47 99 99 83 8 19 20 79 73 29 47 51 85 78 60 69 18 99 26 29 62 21 24 95 98 15 2 40 76 96 88 43 49 7 54 53 82 31 90 22 73 32 88
94 18 6 2 33 86 10 86 61 72 31 25 46 58 39 62 25 85 57 68 15 88 43 8 48 79 2 41 9 13 69 38 72 88 60 0 40 94 69 17 28 62 76 86 52 31 68 2 78 26 54 88 90 77 35 92 69 1 46 34 74 63 55 0 13 57 68 55 67 18 31 10 38 26 32 54 53 1 95 58 36 18 68 52 86 52 26 26 38 10 62 4 74 16 60 17 55 86 4 92 35 24 44 85 94 88 29 24 13 14 83 60 88 64 62 69 95 15 20 27 58 27 45 47 57 93 0 46 20 28 48 100 95 22 8 11 3 42 52 11 34 39 18 12 65 4 17 88 41 40 87 19 70 64 86 82 94 5 22 29 53 79 54 1 55 21 66 100 77 79 14 74 88 52 99
15 73 40 19 90 41 83 83 55 25 28 93 73 76 54 49 63 70 13 53 57 22 75 97 61 61 5 100 37 0 86 81 59 96 11 76 37 76 46 36 74 16 87 3 20 32 11 29 17 92 10 68 5 6 90 58 41 13 28 85 51 46 92 28 20 6 54 47 66 89 23 43 35 16 33 44 3 21 20 93 91 47 40 95 81 20 25 51 4 4 25 96 83 15 77 13 96 72 46 58 17 10 56 41 96 100 73 72 32 58 27 48 62 72 92 74 88 22 7 82 51 3 60 87 38 37 32 74 33 86 36 91 46 40 60 75 25 46 94 30 99 8 0 84 10 66 18 45 14 30 53 67 84 59 76 1 31 98 71 91 94 80 42 45 76 58 11 92 3 37 74 66 17 8 49
60 99 26 24 42 14 49 54 77 71 60 17 56 83 16 85 39 64 54 5 100 78 7 65 31 75 77 49 19 31 56 80 16 3 51 8 70 73 7 92 16 52 85 54 38 67 9 65 74 81 5 43 92 29 14 16 78 58 61 40 69 73 27 53 19 78 7 46 85 81 5 90 16 34 53 32 4 77 96 25 57 80 71 48 55 16 53 35 65 56 63 8 36 22 24 77 27 25 78 88 32 66 91 90 100 84 14 39 78 79 45 99 92 0 42 39 94 23 77 7 34 69 4 88 89 38 15 25 49 75 97 97 96 36 25 68 60 35 96 5 60 15 42 15 80 7 16 60 37 39 17 32 65 36 50 54 18 88 9 29 36 46 83 43 84 7 36 10 65 100 67 24 21 86 90
21 49 20 24 99 98 81 6 11 0 52 11 40 91 25 63 95 94 49 49 6 78 39 98 35 21 75 7 18 17 9 30 66 95 97 43 76 56 39 50 88 72 7 11 2 17 10 22 90 68 80 4 16 61 58 72 67 27 20 97 9 96 63 92 7 24 2 39 90 61 22 36 35 46 91 90 34 19 92 77 3 83 86 25 100 66 11 19 95 42 89 3 93 11 76 9 38 99 89 21 46 33 60 64 20 49 21 50 45 3 13 89 42 41 39 64 50 70 0 50 94 41 38 62 22 39 43 41 11 9 70 47 36 83 20 10 14 98 47 72 97 91 71 99 82 31 24 95 2 14 91 84 90 88 39 58 31 26 20 82 76 69 96 18 79 76 19 4 88 85 46 6 83 49 51
99 40 31 65 18 68 19 1 92 65 81 82 75 27 89 12 43 80 3 45 73 47 97 85 25 30 58 69 80 36 6 63 16 48 79 36 81 63 34 80 90 55 65 70 30 83 42 68 39 99 19 10 92 56 2 95 86 98 2 17 71 40 72 90 100 91 24 86 58 22 35 52 94 39 29 43 64 53 28 54 78 92 80 29 98 50 52 70 51 76 46 2 78 29 45 60 33 13 93 90 18 41 31 18 9 84 58 14 8 53 67 40 24 21 9 34 0 28 1 52 53 81 96 75 15 99 20 97 29 36 78 80 62 65 76 100 66 47 0 90 22 39 11 32 3 85 47 56 35 22 98 27 50 32 0 35 99 72 70 10 86 54 74 52 86 68 63 72 29 72 54 71 85 90 22
17 64 98 49 34 5 46 19 8 81 2 46 64 34 61 51 15 37 79 91 59 47 57 59 45 96 34 99 76 100 29 27 6 43 85 38 89 33 17 26 80 58 38 92 41 26 46 69 52 32 45 12 97 1 44 9 79 24 51 67 36 41 45 5 97 29 99 42 54 74 32 48 78 8 100 19 95 39 44 25 5 32 44 98 68 5 45 96 79 33 75 63 7 76 18 54 88 64 29 71 35 45 51 19 16 59 81 88 43 1 68 79 46 19 83 93 50 12 9 74 15 87 6 65 96 78 61 36 3 30 24 10 69 61 91 83 38 91 98 27 9 15 9 68 82 22 19 63 13 91 36 82 34 76 77 90 33 100 25 85 48 9 52 44 62 77 11 42 97 58 92 30 88 3 19
47 12 5 76 73 69 47 10 30 65 19 30 31 46 79 19 49 100 53 49 82 34 47 92 53 31 80 18 58 11 97 30 5 84 35 38 62 93 46 53 44 90 46 56 14 70 32 97 4 53 44 74 15 94 52 18 19 83 29 76 42 0 45 91 26 99 10 62 67 6 53 16 70 53 17 99 24 5 61 62 39 87 7 17 98 72 4 79 23 63 48 69 59 28 54 83 40 32 53 44 93 57 90 70 15 68 33 48 37 76 43 31 16 98 35 44 16 55 65 86 99 48 10 70 82 1 25 65 51 88 53 71 88 17 45 45 17 44 39 64 3 11 51 56 5 67 99 86 32 16 14 17 53 79 93 92 65 28 97 56 38 74 40 77 23 28 96 76 30 33 97 11 63 10 25
23 5 72 73 72 31 49 84 90 95 72 80 95 86 90 63 79 74 90 33 82 13 7 47 3 10 37 41 20 24 53 91 54 51 87 81 0 80 67 35 10 75 31 83 37 0 43 93 85 78 51 94 91 15 45 85 40 91 66 12 77 18 23 4 18 100 84 64 3 69 62 86 52 45 28 98 67 78 41 29 78 61 0 68 87 77 85 83 7 57 58 55 4 98 92 97 22 43 2 33 63 10 6 82 18 33 39 16 17 63 82 17 55 0 79 55 54 35 96 73 99 54 70 90 60 47 3 68 9 28 75 75 48 8 97 93 82 93 94 69 39 68 72 24 19 18 12 0 14 89 71 30 74 57 18 1 72 38 21 4 3 1 91 4 32 19 54 100 57 89 50 6 27 69 20
50 42 8 1 81 40 12 9 47 56 88 90 67 39 95 90 13 77 71 81 61 24 78 30 45 65 35 30 53 6 17 45 35 100 65 100 93 91 61 42 82 85 25 89 64 13 98 95 89 69 13 29 66 21 12 7 92 92 41 20 22 61 15 52 12 76 80 68 49 21 45 50 75 83 35 69 39 46 99 88 73 75 21 54 54 57 41 40 18 64 73 44 88 85 98 18 61 41 79 59 83 80 93 58 0 47 89 20 14 71 32 76 76 54 10 5 49 64 13 38 56 92 17 94 94 61 67 19 30 3 30 25 38 79 71 66 35 91 40 88 31 43 62 39 84 29 20 51 24 61 98 34 48 38 53 73 62 29 86 57 31 67 76 36 42 14 52 39 23 51 13 74 9 56 29
44 66 24 79 16 84 48 51 68 28 7 10 62 12 18 62 62 49 88 39 77 97 54 45 9 20 44 84 12 66 44 47 79 4 37 47 18 18 65 41 96 66 71 68 85 37 80 80 100 100 77 41 61 42 74 23 4 65 43 21 88 27 86 58 60 14 59 73 5 29 59 97 42 10 85 77 23 62 84 93 7 77 20 30 53 19 1 11 89 6 14 77 2 51 13 54 62 0 4 68 13 70 3 76 29 26 95 46 25 94 74 44 7 76 13 7 10 48 10 34 51 28 88 20 18 26 65 52 39 52 91 12 0 32 52 12 30 88 91 5 44 91 25 69 0 14 56 7 86 66 62 14 36 87 26 88 64 23 8 30 94 4 27 44 48 43 24 56 93 17 68 62 39 30 26
41 67 11 96 82 26 100 67 63 65 67 79 61 99 19 66 9 95 56 81 97 82 79 93 9 61 76 33 36 36 13 37 73 17 12 65 5 12 84 74 67 61 65 70 49 28 20 57 93 4 61 33 19 34 31 11 64 94 33 67 76 45 61 47 3 36 12 38 54 65 35 21 87 57 58 40 59 44 41 69 10 22 18 49 7 11 14 37 61 51 100 95 58 50 46 7 23 19 24 3 32 96 31 36 13 34 88 49 10 61 91 58 28 6 68 64 26 59 3 60 33 39 29 78 24 0 54 83 42 18 81 12 4 43 46 21 75 23 57 98 15 73 84 76 53 51 83 23 79 86 12 12 43 2 87 6 2 95 28 33 44 23 42 10 50 4 63 59 61 49 40 89 36 63 78
52 81 57 82 44 46 29 54 81 26 42 76 43 49 33 53 11 21 99 5 13 86 24 58 22 83 80 57 83 50 76 28 90 89 12 41 68 24 74 86 38 21 45 36 85 76 95 49 76 3 81 96 73 28 70 87 19 25 39 29 31 83 18 2 94 73 22 41 43 72 47 1 17 44 43 77 75 78 19 72 60 2 12 23 26 29 30 73 45 59 62 19 90 17 68 43 65 95 61 30 96 22 37 51 91 55 16 44 37 74 99 73 65 62 72 23 43 85 36 19 92 60 57 35 4 48 75 59 3 59 10 65 89 21 47 27 75 58 44 54 25 77 80 39 67 85 50 58 82 2 72 84 71 43 1 89 10 45 48 46 55 14 53 77 49 43 52 67 50 75 75 62 63 41 93
48 88 9 98 99 28 3 7 96 22 79 81 37 71 10 66 44 54 72 57 2 92 51 33 85 84 89 3 73 56 88 94 58 42 4 44 26 5 99 9 52 35 6 13 19 79 21 67 44 30 77 94 22 16 53 4 50 39 3 14 62 54 36 14 31 100 95 74 49 21 22 81 67 98 18 83 1 45 84 49 89 79 36 20 76 29 89 27 73 55 43 1 60 42 59 43 22 52 31 50 14 22 47 93 1 88 54 94 75 26 54 86 53 28 47 20 74 56 20 14 56 86 19 78 89 88 89 71 83 83 33 11 84 74 32 89 18 73 73 78 71 44 15 46 13 28 27 71 4 13 89 71 56 36 40 37 0 41 59 64 7 31 43 32 87 25 98 43 5 21 76 52 97 89 74
55 88 65 36 8 74 43 44 52 76 59 22 34 83 10 3 44 98 64 46 29 8 75 49 29 25 16 59 53 18 9 64 62 85 61 4 42 94 71 50 78 5 94 2 15 15 27 18 11 93 53 62 43 29 10 58 68 6 78 82 24 98 74 87 20 17 38 0 66 100 87 10 25 14 100 11 40 96 42 48 66 61 31 33 40 66 5 19 83 100 46 77 33 0 92 71 19 17 30 70 60 86 3 56 70 50 23 18 59 47 50 47 90 22 76 19 15 49 28 87 31 99 27 15 82 13 17 84 91 51 74 40 86 63 28 70 83 6 86 54 13 23 55 23 84 35 92 82 41 70 83 39 70 28 29 62 33 64 33 58 20 93 7 2 72 11 99 13 33 89 47 61 49 89 84
63 54 36 69 100 20 43 53 64 22 90 4 94 55 8 63 76 74 90 3 100 54 81 62 93 64 74 92 98 1 61 12 78 69 25 57 55 80 35 44 11 66 39 21 13 65 42 49 86 51 92 100 94 96 23 35 79 6 29 21 24 61 37 21 3 95 30 83 26 38 67 51 32 89 41 72 47 84 14 11 80 69 9 72 62 38 100 58 89 69 81 90 1 18 84 57 32 50 91 91 30 65 5 67 24 63 67 92 1 26 59 2 29 40 42 57 10 59 84 75 63 100 5 100 44 26 51 87 72 2 59 24 7 92 14 48 69 51 18 84 76 50 1 68 70 24 79 62 72 14 39 27 45 20 98 87 43 2 61 93 57 32 89 32 39 52 67 57 40 74 90 67 42 68 92
47 93 32 25 86 9 0 25 14 86 91 53 74 19 90 10 23 65 30 96 8 9 12 55 69 25 94 99 78 5 96 69 4 17 59 89 62 7 13 87 42 77 45 0 42 93 20 42 1 16 89 100 4 28 10 68 62 68 73 65 69 85 67 35 54 55 46 38 75 55 71 76 87 40 2 50 82 49 99 13 95 8 27 34 64 42 95 33 20 41 78 23 27 44 75 20 11 4 83 22 7 58 68 42 37 32 0 83 1 87 78 35 20 90 91 13 77 74 65 22 41 29 41 3 82 51 5 75 22 96 73 85 68 37 7 47 97 78 85 45 86 73 94 98 40 2 38 55 93 100 30 95 18 74 19 30 57 47 21 26 50 24 45 8 1 33 48 3 86 29 27 68 76 54 20
76 65 66 83 7 91 78 12 82 86 8 77 42 47 8 17 39 30 13 89 57 67 98 38 83 90 21 63 87 66 49 62 51 26 71 68 87 9 90 1 26 67 83 52 45 65 63 21 15 71 29 58 13 69 23 9 19 68 53 8 44 92 79 58 91 82 99 90 99 80 50 67 53 45 20 84 87 44 95 7 32 34 71 27 55 17 85 17 84 61 5 12 89 79 51 26 95 81 4 86 60 19 65 2 86 100 30 97 22 56 50 56 17 65 6 57 17 30 97 86 16 51 76 20 2 45 45 25 23 22 81 11 11 34 42 55 82 62 51 63 91 23 100 83 80 27 21 12 19 91 3 86 77 97 33 80 26 68 24 62 46 23 6 24 99 26 18 4 68 37 12 95 70 27 42
65 39 68 85 4 96 47 61 30 64 30 13 85 80 21 98 35 79 80 87 22 77 79 89 1 64 7 40 57 39 21 43 95 72 43 90 23 38 43 45 10 63 44 95 83 71 80 70 26 57 50 77 79 61 30 48 72 47 79 40 64 42 2 90 31 38 93 91 67 97 69 16 10 33 61 33 51 50 40 81 33 53 88 42 53 42 74 20 67 60 99 37 85 60 55 65 63 74 60 7 29 82 42 22 75 43 23 57 81 42 33 20 21 94 53 79 94 27 62 8 41 97 68 36 96 19 16 81 39 56 21 76 72 51 73 100 7 71 40 12 95 60 59 95 72 13 34 71 59 74 23 85 93 10 93 5 88 14 39 0 95 51 90 91 22 100 73 69 64 57 50 15 7 87 87
27 0 96 47 30 34 20 15 94 67 67 16 48 16 43 6 71 17 39 85 48 22 61 12 29 86 78 15 86 19 89 57 62 82 35 72 43 29 72 55 78 28 13 74 77 11 89 63 47 67 92 61 95 71 43 2 38 7 90 59 91 43 66 81 64 20 42 31 27 88 42 51 72 8 22 52 23 32 69 44 46 23 21 78 36 81 26 75 1 44 19 88 56 1 81 72 72 23 94 30 16 61 77 30 18 77 93 39 95 78 55 71 24 2 67 100 94 58 50 16 2 7 0 83 2 22 79 85 29 17 95 11 84 60 20 71 95 54 50 5 55 76 49 59 87 90 10 34 24 45 69 96 41 12 36 14 22 72 20 15 13 43 24 15 54 81 72 70 74 4 8 62 66 54 91
78 78 45 72 46 68 20 71 36 34 80 98 18 76 33 60 57 22 66 2 12 47 54 7 28 26 56 96 17 65 33 24 72 39 87 27 49 56 8 12 26 38 39 71 89 1 56 52 2 70 63 92 97 32 87 93 33 34 2 95 5 97 64 34 67 98 64 41 43 75 70 79 52 27 93 15 75 41 34 6 5 16 38 10 93 12 100 27 54 27 54 54 98 50 35 65 19 61 6 53 60 85 0 61 12 81 98 13 52 55 7 17 70 28 17 81 53 20 26 71 7 75 70 61 96 16 44 1 27 81 69 16 80 53 40 99 38 91 42 97 26 44 73 33 13 30 32 43 36 18 66 37 46 34 56 74 88 50 91 92 2 78 10 11 92 56 62 96 5 58 61 68 63 84 50
26 95 88 60 45 57 36 11 13 41 43 63 24 12 97 9 55 44 26 36 76 52 100 83 70 72 62 87 9 82 40 13 20 96 71 78 47 90 87 84 69 81 71 86 57 31 8 2 67 32 52 48 94 89 36 39 62 12 46 90 34 53 16 55 14 59 87 39 93 59 65 39 2 45 42 3 80 71 85 2 39 12 40 8 0 14 95 21 66 46 83 48 53 39 92 80 98 52 64 79 9 2 52 79 11 17 50 76 9 43 56 54 73 74 88 91 51 63 74 67 75 14 44 5 41 26 38 45 54 44 18 88 16 0 74 60 26 31 26 82 76 80 71 45 51 0 56 67 66 37 59 12 98 23 54 78 100 98 77 100 32 92 14 23 3 33 1 25 19 57 69 1 46 94 6
8 76 0 17 94 29 53 41 70 81 43 70 82 94 34 14 11 79 95 72 43 19 55 63 42 76 1 10 26 53 60 19 91 80 91 72 12 41 54 9 28 61 29 21 40 100 18 47 45 28 61 0 48 11 5 55 86 5 77 12 90 88 31 23 56 3 70 13 32 94 40 67 41 60 15 70 83 31 60 99 14 54 54 66 25 68 72 74 61 97 8 39 62 7 29 84 65 100 64 2 89 73 27 93 20 15 11 28 53 92 30 78 14 80 52 28 92 88 6 22 24 96 78 78 30 79 86 13 62 13 34 5 57 75 50 30 61 69 54 15 4 92 28 94 38 65 81 12 80 91 71 77 74 96 60 18 29 18 23 98 51 7 15 37 15 18 41 27 71 87 79 1 12 81 52
47 7 72 80 55 45 1 56 65 23 25 70 88 40 49 16 47 5 70 49 52 32 22 28 97 44 37 73 8 76 79 8 43 27 56 59 100 41 75 85 36 62 44 37 51 76 31 42 41 75 75 78 36 82 40 86 29 72 26 23 56 45 76 10 14 24 72 18 69 24 24 8 77 17 17 79 32 15 75 27 21 67 70 31 53 49 12 30 62 28 27 77 27 64 37 86 62 33 39 16 75 81 26 4 65 99 73 54 93 90 61 95 17 13 11 71 26 36 74 46 84 66 55 47 22 47 27 16 23 2 48 77 83 90 71 85 56 51 59 82 75 22 46 95 30 70 94 37 18 45 56 46 22 14 94 84 64 71 86 85 43 78 10 92 92 21 91 63 92 47 91 44 73 81 45
25 28 72 98 62 97 89 85 84 12 89 11 94 26 22 74 94 29 27 67 89 9 18 17 18 32 53 16 100 7 10 75 33 23 55 2 37 88 60 40 44 35 46 40 91 2 28 39 10 7 50 65 27 78 91 80 82 4 19 0 48 90 19 81 52 6 42 76 87 75 19 89 8 36 43 14 70 64 40 47 69 84 95 15 43 27 20 15 84 48 18 49 33 6 53 36 75 44 7 65 24 76 14 88 63 90 58 57 76 100 21 92 58 39 42 43 59 65 70 75 80 62 60 84 15 70 54 28 68 41 58 33 0 53 79 83 46 14 85 21 5 2 23 38 60 89 99 56 38 98 73 17 76 6 49 24 86 43 30 48 73 97 64 43 62 76 92 13 94 83 26 38 62 28 83
51 75 40 52 85 94 19 86 79 0 18 96 43 15 94 13 53 7 66 4 0 54 98 31 82 29 94 37 80 59 61 64 32 81 79 51 13 82 42 90 81 20 97 28 97 1 96 76 100 51 92 8 83 43 74 45 84 18 61 4 62 17 45 19 49 55 51 95 93 5 31 28 70 5 37 19 54 78 38 70 100 97 90 39 35 17 59 77 77 91 88 43 45 0 3 69 13 14 27 99 54 62 9 42 69 48 44 85 68 8 40 8 15 72 67 48 10 78 94 47 74 60 27 58 6 52 58 72 93 23 67 92 71 60 65 7 69 27 48 69 80 8 5 11 65 30 73 87 18 45 79 63 76 87 47 23 44 27 72 18 39 76 80 94 52 9 41 45 74 23 40 5 72 61 16
46 74 2 53 61 38 1 39 90 50 20 49 13 27 89 83 90 79 49 67 83 91 21 73 38 87 64 81 63 90 47 91 56 47 72 45 79 56 45 59 93 91 23 81 86 33 74 90 58 79 84 82 59 33 73 65 78 100 92 59 45 62 80 57 15 63 98 1 86 100 84 60 42 61 50 30 81 96 76 20 49 80 20 57 11 26 49 93 4 13 28 99 16 71 37 80 92 91 99 97 35 46 86 1 4 37 37 21 100 8 0 15 94 94 15 2 46 42 71 12 9 52 74 0 11 68 8 54 74 24 63 47 23 11 65 2 11 41 27 3 57 12 46 63 4 47 63 26 3 42 90 39 54 0 4 43 24 63 13 5 31 89 48 45 23 45 84 23 46 86 15 93 38 89 11
82 79 92 83 66 18 60 100 100 63 87 3 5 64 16 4 95 68 13 23 91 90 12 68 81 22 48 79 62 66 84 25 56 89 79 25 60 51 39 14 52 52 72 20 17 19 96 19 75 0 20 91 14 78 61 97 54 72 49 0 17 84 26 2 13 54 21 97 56 94 63 55 37 81 66 100 39 52 85 98 40 40 47 2 79 22 55 12 10 46 71 87 60 25 81 35 47 99 47 20 29 18 43 2 91 32 60 68 95 25 92 16 47 7 85 7 64 91 6 85 41 65 17 86 32 24 6 46 98 73 71 75 92 85 61 72 5 55 81 64 74 65 16 100 67 47 65 96 66 58 94 92 71 0 17 28 30 13 29 69 15 99 94 14 26 49 89 82 5 83 5 22 92 90 7
84 77 23 94 25 20 4 0 35 76 35 32 79 66 38 66 90 79 5 60 80 80 33 27 64 85 41 57 91 87 30 63 73 9 28 86 25 12 57 17 73 55 80 21 68 85 59 44 51 52 9 35 27 76 55 23 13 8 38 93 31 56 8 76 66 55 63 92 92 95 27 43 82 62 8 67 0 23 9 7 17 69 39 53 50 11 78 48 8 3 54 24 88 98 81 73 48 27 44 72 5 91 12 59 90 13 69 22 3 42 91 9 58 73 64 7 19 0 66 34 60 86 73 7 72 21 20 57 52 63 65 40 22 50 8 40 80 77 34 22 74 56 87 9 0 27 41 98 70 95 82 22 68 79 32 89 40 78 32 38 63 97 91 84 83 91 53 60 73 19 33 11 37 83 14
30 67 32 16 54 6 11 99 40 64 4 64 4 56 85 8 74 77 83 78 19 84 76 93 91 35 7 1 92 84 93 79 3 40 58 6 24 60 85 42 82 93 1 96 11 0 66 89 97 84 33 32 75 50 70 31 80 93 83 71 78 98 5 12 6 45 34 31 15 37 4 39 16 16 73 83 81 4 14 55 72 93 8 67 79 22 62 71 38 0 98 36 87 30 28 29 21 11 46 18 51 88 9 33 86 98 72 77 73 94 96 75 13 55 9 6 62 20 30 30 18 53 74 48 38 12 47 72 89 66 41 74 27 3 10 23 28 10 60 6 66 4 52 21 38 2 17 83 5 7 34 26 100 81 79 77 34 21 59 57 88 26 1 75 41 47 6 69 5 7 91 70 28 54 67
45 86 12 61 55 82 28 28 98 24 35 95 43 43 77 0 16 52 55 60 22 4 9 3 25 54 31 66 100 81 99 20 72 85 27 56 98 55 81 5 26 41 70 34 42 40 24 51 1 30 48 54 62 83 40 72 1 100 97 85 83 80 60 92 49 43 30 63 12 30 75 83 78 66 7 55 10 78 47 72 20 72 66 90 26 27 10 8 28 72 60 36 75 29 35 36 77 36 5 23 2 33 84 85 85 39 66 85 66 79 60 66 84 28 46 74 55 97 43 87 22 29 62 0 91 73 94 41 49 100 12 5 27 61 5 38 86 92 64 55 74 52 86 93 53 45 23 91 3 6 36 52 50 85 32 93 95 83 53 42 69 20 71 93 62 5 17 59 78 70 49 67 72 19 94
61 4 12 87 39 56 61 98 69 76 2 60 25 34 7 20 94 25 7 27 57 65 62 92 78 21 40 77 85 41 54 67 16 17 8 18 17 65 29 51 58 28 89 11 15 38 48 27 68 3 99 66 76 61 52 55 66 76 25 7 7 62 70 11 27 93 15 57 63 73 26 0 91 74 42 61 90 62 6 45 50 3 74 52 18 64 56 73 64 21 8 17 57 5 96 40 79 54 7 80 35 50 87 27 82 93 56 53 97 6 60 49 68 45 10 25 66 17 63 83 85 8 35 32 13 54 62 31 38 65 43 1 20 80 12 34 3 67 16 26 75 82 15 51 83 81 47 10 36 72 89 66 85 48 96 59 78 39 34 59 5 11 15 23 5 53 81 66 36 72 54 49 14 7 20
80 67 79 77 76 83 54 22 37 10 84 34 3 66 28 56 84 96 2 62 92 35 12 24 89 52 82 95 61 5 11 33 61 23 2 38 63 73 97 71 36 43 70 4 15 11 5 22 55 8 14 1 70 44 15 87 30 28 28 4 34 6 82 16 57 48 35 51 86 100 78 66 13 35 5 88 57 12 66 68 86 97 21 57 16 76 7 23 65 43 58 52 24 11 22 0 66 55 18 8 59 97 88 83 2 90 77 48 97 18 70 78 12 73 98 57 7 37 47 29 33 29 47 35 8 9 6 70 39 6 66 71 78 62 11 11 100 17 55 6 7 53 14 25 86 7 36 17 77 65 57 33 59 29 91 5 65 42 38 10 54 53 78 49 48 62 31 91 77 11 49 99 26 86 49
76 36 64 83 26 41 34 5 55 61 42 3 9 3 49 58 58 48 64 48 23 83 44 92 57 48 50 98 32 70 61 29 92 2 89 40 94 94 7 25 6 3 5 24 98 40 0 10 5 40 95 16 85 62 66 27 33 73 32 54 41 20 100 68 60 91 85 83 2 91 25 29 66 20 49 10 83 27 61 39 69 66 77 74 13 14 61 6 10 4 58 63 32 29 52 81 25 73 20 94 39 34 67 89 69 99 26 57 76 43 78 40 31 73 54 58 64 16 100 77 56 97 90 42 34 93 15 55 43 86 56 71 58 9 23 40 42 1 3 64 77 80 11 62 60 35 47 56 23 100 78 99 29 16 47 38 74 3 79 93 99 99 98 18 37 0 81 68 79 88 32 28 32 4 85
4 38 4 89 71 57 42 58 88 45 31 72 40 73 15 84 8 52 49 58 23 80 19 31 95 13 24 4 84 78 56 12 66 45 59 57 11 15 59 83 11 40 95 72 3 38 23 10 97 69 42 83 13 72 32 81 74 37 13 44 77 36 43 88 26 21 0 72 77 77 57 83 23 75 80 99 74 63 4 77 32 62 71 29 96 32 55 65 26 18 57 57 30 90 94 100 33 24 87 62 8 94 62 31 38 62 26 24 2 1 46 55 90 96 17 12 19 43 38 4 11 49 87 35 16 20 51 31 71 22 6 43 92 68 25 80 11 13 49 64 55 20 14 82 59 29 69 68 90 97 29 41 46 58 18 11 65 16 33 30 0 73 42 87 23 15 66 6 22 59 69 94 56 18 1
98 16 28 2 32 43 14 55 35 92 57 3 6 74 5 91 14 70 98 66 84 28 41 9 4 39 28 79 5 33 42 100 64 63 86 83 17 74 52 92 30 69 25 46 86 90 9 10 80 94 4 30 40 50 50 37 41 19 47 40 68 60 68 13 70 30 79 95 20 49 23 11 49 24 47 6 60 74 47 18 56 58 93 1 90 52 68 55 98 80 28 7 51 16 49 81 22 87 10 86 14 1 9 88 21 64 43 26 78 55 96 29 56 49 1 87 77 100 31 20 11 47 83 31 44 66 82 78 52 41 36 17 11 69 32 6 91 6 62 95 48 2 30 95 50 91 40 71 70 48 5 95 53 48 45 82 45 25 6 10 8 62 28 38 39 46 99 2 7 3 39 12 1 26 94
34 56 69 63 80 3 46 28 17 15 28 39 2 73 18 11 88 63 33 4 28 14 52 83 44 22 44 62 73 46 38 6 6 21 85 81 88 99 86 83 57 19 61 42 1 8 14 22 81 13 44 73 39 45 13 98 69 52 25 84 72 46 79 7 77 14 89 8 69 93 88 16 84 70 73 54 99 77 46 66 11 30 4 4 17 6 69 49 71 98 22 10 65 18 77 39 40 26 45 20 81 51 34 11 76 85 60 25 41 88 37 8 55 74 44 10 70 62 72 60 52 11 57 38 93 66 20 94 60 1 95 13 82 4 96 36 98 75 71 42 46 34 57 53 79 36 67 21 29 42 16 55 69 31 83 48 76 41 66 72 78 60 17 52 86 0 75 54 59 52 99 16 90 95 25
63 96 100 32 41 20 53 4 69 50 2 92 78 80 44 75 0 43 64 95 52 30 60 8 87 1 64 88 97 20 49 37 39 12 24 86 16 18 16 17 84 72 99 75 96 81 38 43 27 31 83 3 42 82 10 28 82 84 86 94 71 100 45 75 22 92 72 23 93 10 13 46 70 98 76 45 95 2 98 71 70 26 74 55 85 62 71 80 88 62 76 100 87 98 22 32 0 95 49 43 87 71 25 36 71 60 46 10 1 3 25 85 16 4 76 71 96 29 62 76 31 60 35 99 27 7 24 5 66 8 28 94 96 13 69 85 75 62 75 9 0 35 18 89 56 36 23 96 99 56 72 47 86 81 87 61 90 7 30 42 31 25 67 83 94 75 57 23 2 62 34 1 81 33 12
89 55 100 82 73 26 67 5 25 72 5 93 3 21 42 57 9 52 69 77 0 13 25 41 53 3 27 49 88 26 26 30 68 92 100 74 38 74 41 64 56 28 95 40 13 73 19 25 64 46 68 0 84 52 84 30 48 20 44 6 53 78 1 68 74 54 5 77 27 60 66 63 72 58 34 87 25 66 80 56 12 6 84 79 6 74 3 54 40 70 13 5 1 84 80 29 11 50 53 61 6 31 65 52 32 19 89 65 43 32 68 70 79 56 14 7 8 6 85 33 74 61 80 47 58 34 50 68 13 95 38 89 77 75 40 6 90 19 59 90 54 85 76 84 50 49 32 27 72 54 36 32 47 27 91 12 41 83 93 78 2 25 34 30 4 39 5 52 18 94 14 94 25 97 95
65 92 75 71 34 12 15 74 32 93 73 98 19 6 0 85 79 2 41 84 15 75 38 89 58 22 54 60 24 46 50 20 98 53 33 57 6 80 71 14 1 44 96 0 31 15 74 35 71 69 59 78 9 15 59 97 76 62 60 92 76 27 41 89 87 31 60 65 79 42 82 13 98 14 59 64 69 66 73 54 4 41 73 51 90 35 83 47 85 85 21 48 10 72 85 88 65 29 54 29 51 64 76 36 64 40 3 20 47 56 53 29 43 63 77 65 65 7 42 43 0 54 65 76 25 26 36 43 83 11 47 48 16 24 62 73 52 13 12 43 82 7 48 70 71 19 75 17 63 3 87 75 100 95 1 96 45 86 22 35 9 71 20 92 94 25 30 38 36 37 76 69 100 20 76
52 70 73 17 93 63 84 80 75 55 0 27 4 22 43 27 40 73 56 13 21 71 36 13 26 46 36 74 99 84 0 59 0 5 26 70 63 73 35 67 95 11 53 43 21 20 18 57 72 100 26 32 36 80 17 25 56 83 32 7 92 54 29 14 100 13 41 22 64 12 20 58 46 100 4 60 67 98 22 3 34 91 76 45 37 22 5 42 90 41 6 47 73 57 59 35 75 97 90 45 88 89 15 2 30 56 79 38 92 93 48 24 6 25 87 89 3 37 91 89 73 71 91 71 96 84 28 35 2 97 7 90 77 34 50 35 1 29 11 49 3 32 34 0 81 92 49 7 17 31 56 4 88 75 25 1 61 85 8 36 2 44 26 49 0 80 67 25 28 15 92 76 87 51 69
94 69 29 34 11 11 48 86 76 56 30 43 10 48 48 42 96 60 51 51 82 93 78 12 95 92 16 0 84 70 42 78 66 34 91 78 67 94 13 60 5 27 28 100 46 18 18 99 71 100 39 46 80 67 100 42 53 29 23 32 18 96 65 69 7 14 56 24 51 55 84 85 58 67 17 32 71 59 86 56 69 53 34 83 47 22 50 62 37 79 95 53 71 24 0 98 75 53 90 25 37 50 79 62 90 78 56 63 71 20 39 41 19 75 45 7 87 4 74 46 18 28 71 11 2 9 31 80 88 39 75 80 54 37 30 13 79 48 40 9 42 8 39 77 89 66 23 20 5 16 64 73 0 82 29 32 5 18 92 7 63 59 9 79 17 77 51 42 30 82 63 29 86 73 91
83 49 20 79 19 63 0 81 56 87 50 54 49 81 37 83 11 58 57 27 82 95 100 86 77 69 42 81 0 21 98 36 9 63 26 24 61 18 34 92 4 39 69 70 95 33 12 96 31 85 54 41 64 66 58 74 25 39 9 67 34 86 73 1 40 68 61 43 65 35 69 84 81 14 83 49 66 37 53 64 39 53 8 53 75 68 11 90 84 27 62 88 3 42 59 42 5 69 3 100 94 16 52 60 34 85 27 34 97 61 74 67 69 7 7 78 37 51 36 76 51 46 36 7 46 35 37 80 80 45 38 21 18 53 100 77 31 38 38 32 45 14 22 32 84 52 86 99 57 32 21 54 76 37 13 30 61 80 53 27 29 51 4 63 36 33 3 63 0 58 98 99 26 3 40
73 44 91 10 8 91 82 37 13 32 6 20 15 39 66 30 85 87 27 6 92 55 85 99 92 55 62 9 45 74 70 95 86 48 37 48 89 89 84 67 39 1 86 40 66 31 12 59 82 90 85 31 19 92 16 52 99 64 97 19 45 67 0 99 26 40 51 30 86 14 46 36 22 16 62 32 93 57 34 19 29 41 81 9 80 39 67 23 89 56 14 43 42 98 47 63 42 32 57 69 91 63 66 57 35 78 10 79 64 66 79 44 35 0 46 99 17 10 45 60 67 88 88 87 30 48 74 3 36 28 46 78 65 85 27 100 29 35 55 42 29 59 43 68 91 62 69 81 22 81 55 78 66 75 6 93 4 30 77 0 7 30 35 58 65 91 7 81 11 10 94 1 45 15 33
2 78 99 39 9 83 42 24 19 65 85 82 64 24 14 81 21 95 63 13 33 23 79 68 61 73 43 93 83 96 67 5 10 89 15 2 91 62 22 78 80 96 11 51 30 87 4 85 58 54 5 37 37 55 84 7 83 37 19 22 14 38 16 53 86 92 43 59 100 54 17 4 99 59 63 29 28 72 46 58 34 36 58 100 7 39 90 87 99 85 35 12 60 40 0 10 5 57 39 12 4 78 61 54 84 49 23 96 82 83 7 17 45 58 36 52 67 33 7 14 65 95 3 76 87 21 64 92 6 65 61 80 9 43 46 5 59 56 68 82 78 75 73 96 42 96 91 30 33 22 53 71 58 81 30 95 41 28 29 6 88 9 95 58 58 95 13 54 5 40 89 87 17 40 49
39 94 73 20 72 0 79 65 39 55 60 14 76 95 100 66 12 49 6 91 35 17 67 24 8 67 12 100 24 18 42 74 82 77 45 69 41 9 39 9 19 87 53 34 74 74 81 74 41 89 79 49 59 8 38 66 24 47 59 35 40 43 57 48 7 35 44 17 38 70 58 89 79 53 80 6 94 30 59 44 37 25 37 41 46 10 99 39 60 5 8 68 87 11 64 21 13 83 1 21 56 71 86 63 19 54 45 52 80 66 48 92 25 88 61 10 58 71 23 81 4 36 61 26 58 81 48 82 63 60 24 37 29 99 54 0 43 95 37 4 14 78 73 24 62 81 66 70 24 38 0 84 86 42 1 95 27 100 78 75 92 88 81 55 95 79 81 27 77 38 28 21 83 18 24
40 74 70 78 56 19 82 35 28 25 25 40 78 83 2 95 10 30 72 61 72 46 68 84 78 28 66 38 74 93 100 20 92 15 83 76 20 40 81 51 10 50 52 98 93 2 72 64 39 14 55 54 38 80 84 82 68 97 49 43 21 9 9 67 55 1 40 10 69 56 28 19 78 24 97 79 17 80 12 37 11 79 23 98 7 54 11 93 16 77 80 28 80 4 37 77 11 47 31 8 24 81 38 13 40 0 100 73 32 68 58 65 62 11 12 20 20 59 57 92 26 40 24 84 13 81 92 24 61 76 32 54 17 55 94 23 48 7 63 46 41 63 55 0 0 57 56 67 18 94 39 7 7 85 46 56 27 80 90 57 18 53 36 33 91 49 23 7 99 96 3 76 14 36 51
81 94 32 11 71 59 57 33 57 10 33 13 98 69 89 21 54 56 22 96 46 25 78 97 56 99 88 98 74 81 34 82 43 46 57 62 19 64 45 52 70 100 8 95 86 66 39 86 24 1 1 98 15 84 100 33 98 12 89 66 8 53 47 27 67 28 73 62 76 34 10 11 24 37 63 92 52 94 74 76 27 34 10 68 42 33 13 50 6 5 1 27 17 88 36 46 93 85 47 63 27 54 29 72 88 2 88 76 69 59 85 51 71 70 43 48 45 64 67 81 90 76 18 27 33 45 20 100 0 73 21 97 31 62 61 96 73 96 64 3 18 48 32 88 62 60 85 2 38 100 88 27 74 51 9 11 5 46 88 54 6 13 70 93 0 78 26 27 71 6 80 87 80 2 87
14 3 51 77 65 30 46 84 29 56 73 57 10 45 70 21 66 51 27 56 53 43 10 37 9 99 78 99 63 40 87 69 10 1 56 88 80 51 22 38 25 46 50 33 24 39 55 85 79 32 70 49 81 24 65 15 52 7 90 44 47 28 6 40 67 75 12 70 40 68 65 88 18 30 55 59 43 49 15 55 14 30 32 91 43 53 9 39 48 74 83 58 77 75 94 52 54 24 99 82 70 76 74 15 20 95 54 97 6 51 43 87 48 81 98 69 55 57 86 76 84 28 6 46 64 45 0 73 72 94 29 10 42 25 42 75 40 94 96 27 68 72 97 26 30 23 72 85 76 55 63 58 66 37 64 8 90 1 21 11 30 52 23 77 17 41 73 8 65 64 29 75 56 17 87
37 58 77 95 1 58 40 64 41 49 72 88 69 50 83 4 17 67 17 1 45 88 36 63 56 25 63 49 61 41 17 56 13 11 4 6 100 27 39 76 41 51 48 44 31 48 4 70 28 75 0 58 23 68 24 27 41 12 54 52 42 8 11 73 67 66 94 47 42 49 42 95 100 83 72 100 87 92 52 3 24 100 66 33 42 38 43 40 79 44 5 13 75 2 8 65 19 25 9 19 63 16 96 53 18 37 74 45 26 30 5 3 62 77 29 74 36 39 77 88 93 0 90 48 5 87 60 8 43 29 80 25 90 7 77 84 43 43 64 19 12 15 27 6 16 63 18 8 0 72 93 6 26 73 0 78 25 11 67 69 85 41 70 43 37 35 83 84 80 92 56 51 30 58 100
86 42 91 59 68 4 69 68 86 95 59 95 70 60 5 31 6 86 14 98 88 82 36 49 45 31 18 14 3 66 72 65 70 81 85 51 62 2 9 73 48 48 83 19 82 12 19 65 82 54 78 65 85 85 17 16 7 28 5 31 19 61 73 92 15 81 41 1 0 11 33 70 74 22 68 0 68 54 90 7 60 36 64 100 44 26 95 12 61 14 77 52 86 76 39 19 70 86 55 28 36 8 57 50 27 62 95 74 84 27 40 28 2 16 15 64 81 16 84 19 26 37 29 14 1 71 12 80 13 81 36 48 5 72 42 50 31 56 64 28 17 19 50 54 21 25 60 97 65 11 23 71 54 66 79 44 82 94 26 9 9 28 50 88 32 93 93 9 17 36 22 66 4 87 56
1 40 23 2 70 2 100 1 94 38 81 39 40 18 57 87 43 28 76 66 15 36 91 23 31 9 32 4 34 9 4 95 25 46 32 99 70 34 65 35 24 75 51 50 77 82 4 79 79 72 34 55 52 63 43 55 21 57 86 90 93 51 25 2 23 74 12 35 93 11 10 52 65 48 60 77 62 21 22 57 74 32 94 17 17 3 85 37 69 61 42 56 72 88 8 67 61 20 14 43 77 13 38 51 25 93 70 59 92 41 43 8 78 55 95 63 11 2 42 45 62 25 37 99 50 27 53 60 58 76 0 57 58 66 46 71 68 96 83 19 98 31 7 83 74 75 90 32 99 85 14 51 84 19 10 90 92 7 7 59 35 21 13 4 30 11 80 59 46 23 44 67 66 61 30
74 77 72 73 28 81 2 7 42 55 15 93 21 56 54 62 46 15 51 18 21 81 16 83 37 91 87 31 26 8 59 42 61 13 12 10 11 68 30 16 86 72 47 78 28 4 19 35 48 62 74 23 51 51 5 8 66 35 50 40 70 52 2 73 20 87 34 88 12 68 22 64 14 50 81 96 83 30 47 99 5 3 37 81 99 19 43 18 90 66 66 63 32 69 50 42 75 99 17 47 39 25 69 20 72 33 70 40 80 72 6 39 28 48 52 57 67 65 64 15 50 3 82 53 13 95 47 72 69 42 63 14 83 5 35 24 70 25 49 98 65 36 92 75 26 9 16 94 99 24 94 15 16 33 27 38 34 95 34 100 87 41 23 20 7 95 44 82 80 20 71 26 40 21 47
64 75 15 48 73 45 62 4 44 22 3 22 0 32 42 40 45 30 64 12 60 100 23 38 76 43 22 74 4 24 10 53 1 38 6 88 19 12 92 52 83 48 17 43 70 18 62 1 85 52 37 37 91 88 1 13 5 75 68 56 98 93 26 12 87 23 36 80 64 93 35 79 44 22 51 19 16 23 13 89 11 93 14 34 18 3 85 55 59 30 59 95 46 22 42 11 81 30 8 25 22 30 42 56 34 23 25 83 15 68 74 48 10 79 61 9 69 5 57 57 86 56 54 79 69 34 21 50 24 77 58 33 14 43 6 72 52 7 38 64 41 61 54 80 57 49 29 38 73 88 71 0 14 41 56 22 92 100 33 88 74 17 58 48 43 76 79 46 29 56 99 15 30 73 88
99 15 41 23 8 40 39 89 82 88 32 45 70 59 100 72 47 85 2 86 15 11 27 56 13 37 3 86 56 71 0 4 0 89 52 68 95 88 60 90 9 35 38 7 7 35 94 22 68 3 62 67 2 72 0 54 58 9 26 7 5 85 76 71 97 35 23 1 88 9 98 33 10 38 7 34 37 51 65 56 41 38 32 80 49 34 82 88 50 41 95 78 40 89 31 53 22 9 38 38 93 8 26 38 9 43 10 68 48 24 75 49 16 75 25 100 37 83 93 39 68 55 87 100 43 25 58 82 98 74 67 67 4 14 0 16 3 72 7 74 1 53 85 0 3 82 9 9 8 66 51 28 48 75 43 17 48 15 91 58 80 40 97 48 89 27 22 44 55 98 74 93 64 66 19
23 88 57 57 3 44 55 93 46 42 92 16 80 40 68 28 80 50 40 49 31 41 19 30 95 92 55 95 2 26 94 24 93 48 77 85 86 22 22 74 71 69 53 53 15 30 37 32 59 28 56 21 93 44 31 95 79 47 18 37 27 53 94 75 16 0 35 77 61 59 27 8 18 15 92 53 25 44 64 59 65 27 34 33 24 46 57 56 93 70 99 81 7 35 82 65 21 69 82 75 59 10 4 93 8 21 76 33 63 12 29 37 93 60 79 14 37 52 27 44 5 29 67 18 87 73 89 21 88 70 68 40 13 56 29 38 39 27 12 62 55 1 71 10 92 57 0 44 76 73 98 3 59 51 52 31 70 14 54 67 54 61 84 98 1 56 49 73 30 77 42 25 0 71 47
53 54 72 17 70 64 2 51 85 86 59 15 4 56 66 40 41 13 80 28 22 62 72 88 59 99 49 3 33 47 61 52 59 22 92 56 23 31 3 21 59 16 75 62 14 55 33 89 19 89 70 85 94 66 90 51 15 18 59 79 0 76 35 84 67 67 17 75 42 72 84 81 20 22 26 81 17 8 27 56 39 93 31 17 88 61 95 28 63 82 43 78 18 88 100 71 30 95 82 72 29 91 70 1 61 89 16 19 85 28 87 8 35 16 52 44 97 6 40 63 35 94 79 40 84 20 61 83 82 28 65 8 61 70 98 80 76 59 94 60 93 45 54 73 24 5 38 4 77 98 68 97 81 36 61 51 65 11 83 12 58 46 47 25 36 48 23 41 30 29 9 57 52 49 97
81 73 58 86 5 97 48 76 60 12 30 30 66 83 13 12 4 27 52 14 38 15 19 77 12 32 43 41 98 86 68 43 43 85 27 45 100 58 7 0 2 62 0 86 72 10 90 14 78 48 11 61 74 10 3 94 15 66 98 75 24 20 34 79 63 92 27 96 52 76 63 38 67 78 4 100 96 78 74 96 71 78 51 88 55 30 38 39 46 98 92 48 40 70 45 66 56 38 15 32 51 37 40 64 74 24 49 98 0 45 88 15 1 24 72 47 42 68 36 92 48 84 48 85 62 43 87 32 79 4 88 0 96 65 45 84 80 58 0 73 69 9 80 22 45 65 48 44 31 80 86 78 63 73 42 15 18 34 85 71 54 43 73 52 85 0 3 33 36 94 73 26 65 73 84
45 54 73 49 0 37 96 13 50 10 79 22 34 27 43 70 64 10 48 78 31 52 70 79 80 71 82 9 87 2 90 89 52 55 29 93 28 45 59 17 90 28 11 39 91 37 42 35 40 12 37 50 97 52 36 53 34 58 60 99 21 10 58 15 42 24 97 83 25 63 97 6 58 17 87 13 67 61 29 84 27 68 76 29 32 93 95 97 1 9 81 78 17 69 68 61 45 17 58 21 17 13 35 84 63 33 45 76 62 10 35 95 99 18 86 54 77 18 27 69 56 28 82 51 29 51 72 34 56 70 67 86 9 33 61 34 99 77 57 14 54 52 35 96 71 97 4 41 94 26 56 69 74 67 73 69 98 26 87 4 75 80 25 66 71 82 54 84 53 0 11 33 75 2 32
35 59 2 63 41 58 24 34 5 19 49 45 24 57 26 97 43 97 36 52 79 47 69 30 44 71 38 45 92 13 16 85 6 19 36 17 98 92 7 54 27 3 14 36 84 25 87 90 92 15 36 2 63 62 26 65 11 38 52 37 69 80 89 61 31 51 67 52 32 72 9 86 92 64 29 60 16 68 59 90 82 82 35 64 98 84 66 48 93 76 3 49 98 66 61 39 14 94 48 12 61 14 64 61 62 3 39 20 45 91 53 87 86 81 69 85 77 77 81 85 60 8 75 56 96 88 11 89 82 36 82 63 3 84 64 83 23 71 34 89 76 46 75 90 61 55 56 37 64 8 16 2 17 94 78 52 13 73 47 67 45 44 57 93 23 66 35 54 31 52 42 49 22 72 53
67 96 11 27 20 16 71 61 44 22 80 70 1 54 42 8 71 68 51 7 85 52 74 71 65 78 13 26 57 86 97 50 10 55 5 65 11 22 71 71 61 93 90 76 49 84 20 53 15 40 30 99 47 68 62 81 96 9 33 23 28 11 94 5 30 40 51 75 93 79 56 60 65 3 76 64 31 32 11 13 37 3 67 11 91 33 81 12 64 27 1 63 92 19 26 100 41 92 64 5 19 28 16 51 79 27 78 67 99 90 52 18 78 76 76 39 18 96 15 77 13 39 62 97 44 80 37 13 95 89 56 50 68 100 71 29 89 49 64 39 26 12 68 75 77 26 69 26 78 78 65 53 86 44 91 96 55 61 16 80 10 27 87 49 9 45 50 82 11 20 61 95 43 8 14
68 100 71 46 80 17 39 60 99 7 75 91 40 5 25 15 8 73 80 16 22 82 67 61 11 90 81 46 45 63 46 47 44 51 25 92 48 56 78 28 90 45 34 15 71 43 75 55 42 73 67 69 89 70 53 6 4 2 64 84 26 53 38 35 42 2 96 11 78 37 94 10 94 23 50 58 51 99 100 66 43 63 49 34 51 88 81 98 62 42 7 45 23 72 7 91 73 69 70 85 57 72 21 96 50 38 33 19 80 87 9 97 59 42 52 74 46 55 28 25 27 18 42 6 91 88 88 21 2 90 4 76 36 55 53 36 84 27 2 58 93 23 90 64 5 99 78 84 86 44 99 63 7 25 95 78 35 16 51 66 47 30 97 39 90 81 59 71 99 0 51 88 23 62 79
6 8 40 19 83 24 68 7 87 99 76 24 7 17 51 57 49 12 9 65 45 34 14 24 100 73 43 75 1 74 11 39 70 52 23 67 96 10 59 42 43 75 71 59 49 92 2 5 39 51 50 86 58 80 46 65 74 7 34 72 90 73 5 22 49 2 66 63 54 5 2 25 31 99 52 58 2 75 37 57 38 34 94 29 0 47 18 99 68 36 37 59 68 42 69 66 79 46 45 41 38 93 18 59 78 99 18 36 9 16 95 73 81 16 94 70 52 13 49 66 77 7 79 80 71 24 17 77 74 72 78 59 9 0 85 98 100 80 3 45 18 49 66 6 98 23 5 39 56 47 0 80 42 7 73 81 51 87 36 96 37 88 70 96 42 72 58 18 8 67 91 92 17 12 92
63 41 8 54 89 53 81 42 39 24 97 16 96 85 56 12 16 45 8 64 60 6 43 18 8 43 53 11 89 78 98 75 67 4 65 75 35 7 59 8 62 37 23 42 30 51 79 7 66 17 74 4 47 48 33 78 99 68 1 38 9 100 71 90 94 9 59 52 89 89 53 44 84 54 79 5 5 59 66 68 74 25 80 53 41 79 63 90 51 48 84 31 37 94 61 97 81 39 24 28 100 28 94 76 6 44 76 36 0 29 37 12 1 90 53 19 25 37 74 23 32 1 0 36 45 74 34 78 56 8 85 90 61 98 100 0 5 37 93 66 96 64 96 1 81 95 79 91 56 89 88 36 87 61 19 94 65 39 31 82 20 33 4 94 18 43 98 83 13 25 47 75 23 39 69
93 89 88 33 69 6 12 1 97 8 73 13 3 67 40 26 63 66 89 99 62 76 61 13 61 11 41 67 93 60 51 54 61 19 32 11 66 63 1 62 74 85 42 41 38 37 1 38 27 83 75 27 22 81 46 51 61 76 49 47 14 2 54 21 31 64 63 6 27 12 70 22 30 57 11 15 81 3 40 69 82 48 56 27 37 99 80 97 2 44 38 81 61 47 50 44 30 41 20 87 73 91 74 15 84 78 73 52 50 34 10 35 45 74 69 87 89 69 9 80 96 33 41 14 30 9 79 83 3 26 26 49 82 100 1 4 0 11 0 8 71 63 6 44 74 100 30 71 52 39 89 85 59 45 2 5 33 46 61 43 62 40 71 76 69 50 56 55 68 55 64 12 92 57 44
68 60 79 25 54 21 55 75 43 78 56 85 11 11 56 13 57 49 22 45 59 54 60 73 12 64 48 91 8 31 53 63 9 94 80 40 92 38 70 7 24 45 97 52 17 62 97 59 79 97 69 26 17 80 70 77 26 11 88 97 83 15 18 0 54 59 50 49 44 61 90 78 68 82 51 11 16 27 58 56 51 39 51 49 21 25 99 33 62 100 87 35 60 13 98 84 94 83 40 17 57 33 84 75 63 79 30 13 95 90 21 69 47 56 9 3 34 51 24 60 71 40 29 23 93 75 88 7 13 88 31 13 92 15 23 89 13 33 18 34 62 41 2 20 61 66 94 17 23 25 37 52 43 11 0 90 64 66 91 79 56 9 12 83 56 52 29 46 51 1 55 8 86 97 83
71 97 52 31 39 100 17 97 7 11 47 71 77 70 97 30 65 46 44 82 2 95 89 90 9 88 53 3 49 29 77 13 8 33 23 0 71 29 3 74 15 75 9 16 17 5 93 64 43 18 97 27 23 78 24 9 26 12 3 62 46 75 27 42 18 50 2 10 1 73 82 69 16 2 89 86 35 79 55 80 62 46 99 48 34 59 10 20 72 28 0 63 24 89 49 23 98 77 91 26 78 94 92 14 20 21 14 0 57 92 95 12 69 59 77 68 27 33 75 1 48 48 99 20 62 85 79 67 44 4 76 23 79 64 99 9 84 25 43 68 66 72 55 64 51 13 3 46 0 44 58 3 77 6 62 31 35 68 17 90 30 92 63 76 62 67 71 77 64 41 77 92 64 24 31
17 28 56 7 44 67 24 20 94 36 50 79 11 64 20 39 42 28 33 23 85 76 28 48 49 25 66 78 4 97 15 61 20 0 54 96 31 42 50 0 62 37 80 45 4 9 6 65 56 88 69 82 57 3 81 35 97 93 27 88 43 48 21 23 35 72 33 6 42 95 90 51 32 44 26 9 82 35 46 46 79 81 47 0 61 15 34 48 87 7 23 89 58 95 98 29 86 69 87 54 23 3 27 47 88 1 37 22 46 13 60 78 82 33 49 97 25 69 45 46 93 52 23 72 92 82 61 53 72 47 9 21 13 24 65 44 20 40 45 50 55 78 46 7 1 18 71 76 68 44 17 62 31 56 89 8 25 20 0 94 70 52 91 85 19 77 28 52 84 79 78 27 41 69 69
90 70 1 78 82 60 3 92 38 63 38 74 64 38 36 26 88 20 30 10 66 44 20 27 94 76 95 80 50 61 69 55 34 39 90 3 81 70 64 57 90 66 64 74 29 36 8 72 38 46 43 9 84 3 11 84 69 13 33 43 14 43 11 50 56 26 5 9 19 25 64 5 80 62 34 50 90 50 45 89 71 65 28 35 19 37 92 23 92 41 27 12 92 27 68 61 67 64 83 80 41 50 57 100 85 26 77 1 7 31 8 64 58 70 95 60 13 98 68 80 6 97 61 24 13 88 93 98 24 64 57 90 67 50 51 10 89 36 90 45 75 26 88 95 10 2 75 86 57 29 65 11 89 100 98 44 12 22 42 21 4 92 72 91 46 89 56 78 45 47 42 100 85 38 58
32 79 22 27 51 62 74 9 95 15 35 53 43 29 31 73 100 67 32 4 49 3 85 80 51 84 37 4 80 98 2 52 71 87 6 91 90 8 72 9 63 65 0 88 16 42 32 88 86 17 82 45 52 27 74 33 59 29 99 91 99 89 79 71 50 22 59 30 22 64 4 10 90 88 52 25 24 23 58 13 23 39 40 62 10 41 18 26 52 29 67 10 97 46 38 41 0 56 94 81 89 33 61 72 76 11 63 66 63 9 49 77 23 93 62 56 10 55 95 29 99 12 77 19 33 52 3 72 30 53 90 87 94 48 49 96 61 30 5 1 30 12 41 24 23 51 29 70 78 73 46 25 71 33 30 89 66 47 59 17 53 81 12 95 9 41 40 68 93 82 4 82 77 5 99
79 62 9 39 2 2 35 40 78 92 11 53 96 43 64 27 94 5 47 94 72 13 66 59 11 72 88 45 98 80 35 73 99 17 36 21 22 52 88 42 8 70 33 28 88 26 22 26 43 31 14 15 77 100 44 62 27 75 48 89 78 71 88 52 77 9 41 54 11 98 37 100 43 49 50 92 57 3 88 14 83 30 5 26 94 97 99 52 0 11 67 88 40 88 45 77 22 33 78 86 15 91 57 28 4 66 70 72 85 2 53 58 50 37 0 76 25 69 1 67 63 19 27 78 64 29 69 81 64 32 73 96 24 43 7 28 30 63 52 83 8 13 55 41 98 19 99 55 72 87 94 92 66 55 23 9 48 54 66 47 38 46 27 18 44 70 23 77 58 8 20 47 71 80 43
71 7 19 49 85 45 41 61 63 45 81 84 95 89 6 76 9 2 80 92 28 56 94 67 18 66 25 74 28 22 60 51 4 82 45 87 100 3 93 45 30 81 36 10 24 24 25 77 72 58 81 52 4 24 49 82 91 78 14 19 28 56 27 16 18 71 57 45 76 61 68 95 37 76 95 32 50 88 24 65 97 76 33 29 56 76 24 40 74 69 95 6 94 18 68 30 38 49 19 4 71 31 10 16 27 1 67 55 45 95 71 64 19 74 49 59 75 50 35 7 58 69 95 51 69 9 40 90 72 88 49 31 93 89 60 82 96 30 51 7 24 42 67 41 67 60 99 79 17 67 38 18 85 4 6 93 1 31 68 100 55 79 80 11 28 25 54 75 79 57 84 83 76 91 7
46 86 62 99 15 84 86 64 99 69 34 72 2 58 3 39 67 88 58 25 73 51 93 70 9 63 29 47 48 46 32 71 24 77 8 39 89 85 28 79 38 6 88 77 68 58 41 38 69 27 83 48 84 81 45 37 20 0 37 71 78 13 63 49 6 10 40 88 21 48 10 98 89 32 2 42 76 83 48 91 35 33 75 73 38 26 63 66 22 83 57 2 6 35 59 96 46 20 67 39 88 83 31 97 39 65 61 59 67 68 70 20 25 67 37 83 59 31 7 60 88 63 65 3 2 89 45 99 40 97 83 42 74 28 25 86 84 12 60 54 53 38 17 97 88 36 11 16 61 70 48 17 69 19 13 28 18 85 52 29 33 30 67 40 95 90 81 71 31 10 77 68 65 3 72
58 51 37 14 36 31 99 57 53 72 2 21 54 8 57 83 3 82 53 48 55 98 98 66 48 73 94 61 75 16 22 92 43 53 78 28 62 94 74 17 90 5 20 43 23 49 19 56 80 73 18 42 63 55 100 59 23 55 4 83 100 58 33 83 78 56 44 17 45 63 17 88 47 23 97 92 45 57 76 85 49 24 51 2 20 23 45 64 72 93 41 5 95 94 10 60 99 33 37 26 79 21 24 36 89 52 28 73 67 94 38 3 68 15 49 94 40 22 60 30 32 92 57 31 50 88 32 71 26 57 8 54 26 61 23 60 67 100 24 58 32 28 48 4 95 29 44 24 9 23 76 23 49 37 74 5 19 64 74 74 31 35 58 13 92 11 76 25 95 93 53 9 29 59 69
90 7 8 58 27 45 69 71 85 86 11 9 6 54 76 97 55 12 42 66 65 43 56 37 26 59 100 1 67 60 29 55 37 48 84 99 1 51 87 64 50 35 62 46 61 68 12 48 51 40 24 61 2 23 33 66 77 48 80 89 57 82 30 86 12 81 88 78 95 38 83 62 71 15 40 77 25 98 84 36 82 88 6 6 85 81 10 13 19 42 98 91 51 65 41 61 43 43 76 43 5 48 97 88 41 21 30 14 68 14 89 62 42 28 38 17 80 100 57 98 43 65 20 19 34 6 39 45 86 96 73 70 76 37 53 3 43 87 40 79 21 96 97 98 82 67 52 10 54 82 50 70 29 85 32 2 71 97 24 41 0 58 24 6 23 83 67 49 60 12 94 66 54 67 40
9 86 63 9 0 54 66 70 54 17 43 6 90 5 52 74 45 46 29 24 16 17 67 54 13 3 75 69 11 29 16 53 92 9 13 79 2 18 1 3 74 91 94 53 97 17 31 86 54 88 87 41 94 28 42 10 34 52 40 83 69 2 34 45 38 24 48 2 51 33 84 100 49 10 2 19 17 55 7 77 91 6 58 30 17 50 92 74 91 25 19 18 17 34 14 30 41 50 23 12 18 52 23 83 51 76 95 36 71 9 42 37 97 48 25 57 77 41 97 71 20 46 34 78 91 19 2 66 54 40 24 42 66 73 78 13 68 83 58 54 80 46 1 64 60 63 61 95 66 85 41 0 67 55 46 20 81 83 80 67 10 70 41 33 25 34 36 23 12 42 92 100 49 99 11
48 7 31 12 64 34 35 0 29 100 92 32 20 81 100 21 50 50 29 49 72 31 17 38 54 37 65 18 87 28 0 62 89 82 44 27 99 7 43 82 24 12 95 21 55 23 99 82 20 26 12 94 29 67 10 18 51 4 27 21 41 63 14 4 91 82 37 78 22 100 29 43 19 22 50 2 28 87 10 0 40 4 21 83 41 23 99 57 42 16 19 95 40 32 33 56 26 48 1 98 77 37 49 90 83 9 5 73 35 90 51 73 2 31 36 10 15 81 63 91 15 74 70 1 33 17 57 66 11 5 95 48 31 49 56 49 85 17 6 16 54 81 49 53 36 0 85 38 8 45 42 65 96 70 38 51 21 37 61 79 19 30 78 66 57 71 29 49 53 28 76 99 49 96 83
11 72 88 85 93 31 19 37 22 12 29 86 15 0 82 50 1 40 99 75 81 74 93 23 94 78 44 34 32 53 62 26 25 42 45 21 15 70 46 85 76 65 14 97 46 23 17 39 30 48 98 94 87 6 7 24 67 55 15 9 68 21 29 75 86 25 56 46 34 62 4 54 98 51 3 37 48 34 68 41 52 48 29 32 38 93 61 96 13 19 45 75 0 28 56 30 100 34 81 79 91 55 31 14 94 31 30 94 63 95 17 46 9 13 20 39 76 15 71 70 19 4 48 26 7 39 11 77 46 74 52 41 93 51 35 95 80 15 1 65 12 68 47 94 49 25 25 27 14 97 77 22 99 76 57 22 32 35 23 36 56 11 88 34 96 72 31 7 91 11 62 96 88 47 1
72 86 21 29 31 36 87 80 16 70 99 20 26 31 0 12 52 59 97 0 40 40 74 73 54 81 96 58 51 4 75 81 87 12 33 42 53 4 94 22 26 32 54 55 53 99 70 71 60 32 59 2 64 100 100 4 28 98 54 30 56 75 93 33 38 25 68 74 46 75 42 50 90 11 46 97 15 73 0 95 70 19 85 25 48 96 74 60 98 25 53 67 80 71 71 64 46 50 0 79 82 96 12 78 96 2 90 86 47 90 54 5 88 70 6 87 25 95 58 75 31 66 2 19 37 13 40 48 77 98 19 92 49 63 96 70 70 96 81 43 93 83 93 20 5 83 91 70 73 33 7 87 76 93 87 60 59 19 8 71 29 38 70 47 48 33 61 11 1 57 46 77 61 94 49
17 20 31 67 71 5 76 74 66 94 29 4 12 77 6 58 75 57 50 97 3 29 29 16 54 66 45 75 51 65 14 100 100 73 42 83 11 90 18 80 95 46 39 79 1 97 89 68 18 27 1 28 61 65 32 42 5 92 64 0 10 8 89 69 71 18 68 12 38 100 99 38 58 50 15 61 89 0 27 51 26 93 33 76 22 49 85 98 26 45 3 78 97 48 72 46 82 51 59 94 79 61 98 31 43 21 43 4 79 59 61 40 7 3 51 28 20 16 74 59 69 55 19 72 76 83 74 2 55 46 47 100 4 56 43 4 52 98 58 19 0 55 61 30 84 6 68 14 98 28 14 67 45 92 81 6 21 17 76 36 87 7 2 83 34 3 46 47 14 26 94 92 60 9 79
3 79 61 96 91 50 0 1 24 55 37 76 72 29 60 99 52 33 10 71 14 98 0 65 20 0 15 81 91 42 35 85 96 68 41 24 69 66 6 17 28 87 43 86 60 15 87 70 27 5 79 84 75 87 56 45 17 69 88 21 51 51 38 57 21 92 30 6 38 35 60 37 72 35 37 13 31 29 60 52 33 42 6 69 22 27 67 76 9 4 76 23 6 31 5 3 20 62 81 15 68 52 5 69 76 12 69 36 92 3 82 42 22 69 98 34 99 34 90 88 61 43 52 93 68 22 84 23 42 20 75 44 52 16 1 42 69 26 86 49 47 75 51 57 82 59 63 25 9 8 78 18 56 77 51 69 42 69 77 41 27 33 64 2 53 10 86 36 21 9 90 24 11 82 19
