60 2 87 40 44 36 62 28 23 9 2 96 72 60 31 88 23 23 62 3 42 42 77 50 44 9 91 42 79 85 4 21 97 8 40 84 26 20 26 8 84 40 100 48 87 68 79 30 82 52 63 19 26 63 14 7 20 8 48 59 35 68 44 56 66 63 26 34 11 86 23 14 19 90 74 46 49 22 71 68 41 67 52 41 92 15 33 65 50 22 96 33 80 100 73 66 61 39 18 32 42 29 87 89 75 90 12 80 79 78 3 6 54 34 66 29 82 58 32 4 40 92 9 74 23 24 62 35 79 48 25 57 70 79 27 70 53 70 67 79 59 17 57 87 73 14 4 18 3 61 28 33 65 64 58 91 60 66 83 4 90 16 65 95 67 60 14 9 56 47 10 58 63 19 94 86 94
38 4 87 13 82 31 54 90 93 77 6 66 47 29 5 89 79 29 47 54 1 92 55 8 98 15 19 10 96 55 9 23 5 97 65 28 35 60 21 14 87 66 44 91 5 53 71 73 87 93 5 3 96 4 7 78 91 61 45 51 11 25 18 30 43 36 12 29 62 10 61 86 32 75 49 5 34 41 97 74 69 2 93 37 65 68 99 37 29 71 52 61 81 3 2 64 68 94 47 74 15 71 68 31 69 67 45 8 4 79 45 27 67 86 5 63 93 85 46 69 53 58 62 70 86 65 81 48 60 25 2 93 82 54 43 73 97 70 88 32 41 31 2 31 65 28 81 98 56 4 33 79 54 27 73 63 0 22 81 43 82 90 82 68 6 67 30 13 89 59 7 54 45 85 59 41 69
16 11 75 33 2 23 40 7 13 64 42 85 43 1 36 25 82 38 95 47 4 81 12 64 89 59 27 96 71 73 88 59 94 22 93 56 91 66 83 35 60 57 58 74 85 26 36 19 80 89 13 48 41 70 40 42 85 45 100 100 3 24 9 37 55 24 7 60 66 28 50 81 9 72 48 99 84 89 0 1 54 10 45 12 54 2 51 90 39 76 86 39 31 48 89 77 18 42 54 19 97 78 43 100 15 91 36 39 48 55 41 56 46 51 80 32 70 77 21 30 76 57 5 40 69 30 69 71 27 95 71 73 26 22 83 96 91 27 77 0 69 3 89 60 62 18 86 62 12 66 27 36 80 46 73 99 0 62 11 36 8 89 36 22 74 65 46 29 60 34 48 29 69 48 8 82 38
88 96 86 82 87 68 93 28 8 53 13 44 61 74 23 35 81 6 11 59 74 52 56 9 33 78 87 59 97 6 23 34 71 74 61 37 99 34 49 67 63 10 7 5 75 68 58 65 43 88 90 67 23 18 1 15 2 43 99 35 12 41 33 93 97 40 26 66 42 70 72 56 60 83 66 70 94 41 91 32 7 56 62 76 11 71 28 38 99 67 60 29 28 98 76 72 91 54 69 25 39 14 80 94 26 70 18 71 43 7 40 57 18 59 43 98 94 65 40 42 47 67 62 20 44 6 52 99 25 76 37 89 19 36 57 71 20 56 38 8 91 47 9 83 56 52 98 86 33 33 16 56 3 59 20 53 75 1 16 59 91 76 53 74 57 72 68 90 1 97 79 13 92 78 34 55 40
93 76 30 81 83 82 87 60 57 96 39 55 54 23 22 39 46 18 56 1 79 15 89 40 94 12 74 94 8 7 71 68 9 65 88 23 57 5 64 85 54 72 3 62 38 34 31 3 16 74 5 82 91 43 72 84 44 23 5 15 95 61 25 11 31 83 92 5 84 53 57 5 90 84 23 17 78 77 28 35 74 99 22 6 32 60 2 23 94 55 80 67 26 24 95 55 100 54 96 23 2 43 44 58 68 68 52 38 97 80 84 52 33 82 56 1 25 41 15 63 3 74 37 25 25 82 61 72 87 74 95 50 52 59 94 58 52 41 18 48 69 66 40 1 92 52 60 84 35 95 13 96 15 12 69 95 67 18 38 78 64 91 30 39 79 91 59 50 25 39 67 67 37 92 17 68 65
31 58 47 11 99 36 43 91 69 38 29 93 71 85 0 100 3 62 4 63 77 3 3 90 86 40 100 37 57 0 45 41 77 4 29 67 17 53 6 64 50 64 46 39 22 82 27 60 6 10 96 24 18 91 62 87 17 82 84 1 40 22 28 25 15 58 85 79 34 87 64 9 38 88 56 7 54 47 54 85 93 6 46 16 22 82 45 25 62 62 29 18 56 47 42 72 36 56 15 46 9 37 68 26 90 64 84 27 64 46 37 14 63 3 10 64 0 28 14 84 6 100 14 32 23 33 57 26 82 49 12 51 61 67 37 94 98 61 79 86 28 79 4 54 53 23 100 47 21 58 85 9 50 42 49 3 62 53 31 95 37 48 80 26 4 55 96 0 87 23 36 98 76 69 30 22 100
60 63 25 67 76 50 83 90 43 56 78 77 95 26 38 69 2 80 16 22 33 88 82 93 93 20 23 66 65 69 66 22 97 72 85 90 35 41 52 65 25 45 4 69 30 36 44 11 97 2 91 76 88 7 24 60 10 25 65 42 83 4 28 80 75 61 52 42 36 87 25 6 71 82 51 62 93 88 39 90 61 60 83 43 24 54 36 98 48 49 9 33 85 12 81 100 56 89 19 22 17 82 67 4 71 90 82 63 86 19 23 48 53 3 68 83 76 23 98 8 100 47 52 22 13 29 77 78 7 48 81 89 19 14 34 48 27 4 2 83 47 97 70 1 98 41 59 6 93 20 94 9 51 67 85 58 1 50 85 38 17 47 72 8 49 1 63 26 32 26 47 14 47 81 65 52 89
25 37 54 74 57 57 1 77 52 33 26 75 21 22 18 44 2 37 99 53 78 63 15 86 22 18 82 59 32 12 46 58 97 34 7 50 39 14 90 63 63 80 36 32 89 54 26 96 36 62 19 94 8 99 10 54 16 88 34 58 88 31 34 56 11 80 38 75 72 86 37 23 97 70 34 30 32 71 49 53 27 15 18 69 5 80 38 8 12 95 61 93 27 92 28 81 86 97 8 91 73 98 61 13 90 86 16 2 76 0 4 71 71 65 85 25 20 68 70 80 86 18 16 76 19 97 97 83 74 28 68 19 21 10 24 67 30 70 29 61 55 77 47 24 72 45 84 25 88 37 70 26 96 49 66 27 79 96 62 55 92 12 1 44 10 61 42 98 63 66 45 74 88 9 10 88 46
31 18 50 59 1 49 17 33 83 100 40 1 55 35 73 16 17 19 53 30 31 15 95 82 32 91 62 51 58 42 93 1 30 62 47 93 45 13 19 18 10 20 93 46 10 48 91 96 64 23 50 100 99 62 2 34 49 62 39 65 27 92 27 98 32 52 18 98 42 91 2 59 60 90 22 63 94 46 78 22 85 26 93 20 8 44 48 99 77 71 44 18 40 46 67 12 38 13 72 35 5 65 31 10 33 96 24 8 19 51 94 68 25 78 42 63 42 10 69 24 61 61 63 48 49 63 57 12 64 79 14 80 31 88 87 63 62 63 24 34 50 32 9 77 33 37 64 49 3 87 18 67 35 74 10 68 77 10 35 42 13 35 43 89 60 49 46 23 74 61 41 39 62 43 81 60 89
53 19 40 17 42 32 7 36 91 39 34 57 87 38 67 42 46 45 70 83 35 68 87 43 71 74 13 6 9 91 36 94 52 50 2 98 50 39 19 50 8 63 22 25 90 27 62 23 93 56 73 15 74 18 53 98 18 27 92 3 77 63 71 67 75 80 50 33 88 62 57 33 49 32 59 13 48 43 71 55 83 4 26 1 49 26 37 67 16 86 71 35 14 15 19 26 91 46 47 64 54 30 74 7 74 26 87 1 23 32 35 57 55 75 72 76 24 9 71 25 24 92 9 43 49 60 20 3 32 23 36 70 71 4 49 70 60 10 60 78 100 61 13 3 0 87 50 13 31 50 70 81 72 37 63 6 91 5 95 36 11 79 10 79 58 57 90 25 0 45 38 19 7 24 10 86 10
9 47 47 22 5 52 0 92 49 90 60 80 28 91 52 29 95 51 98 41 34 29 94 28 85 42 79 38 26 64 11 85 69 58 64 55 84 62 94 0 77 70 52 70 53 38 66 84 70 96 54 13 68 78 89 24 51 76 52 92 90 15 67 23 2 37 68 100 39 75 88 33 100 11 57 49 90 17 60 23 36 78 55 26 24 97 48 97 92 91 19 29 12 69 80 89 71 51 29 5 61 63 35 31 49 28 9 83 47 75 35 28 76 37 71 40 47 8 78 4 25 13 90 13 85 30 73 37 0 79 72 35 23 11 58 30 52 46 83 45 100 18 22 41 99 36 63 29 97 32 62 85 87 57 23 99 59 66 42 67 11 23 70 55 94 98 5 85 52 77 98 47 19 87 73 25 48
4 1 40 15 82 35 94 34 23 19 92 10 5 96 67 71 21 35 79 100 12 77 33 93 61 8 15 30 27 9 27 88 3 8 69 62 3 83 99 41 93 94 18 40 15 33 99 99 17 32 9 39 9 56 93 61 27 61 43 24 90 17 58 90 66 76 47 51 29 49 31 75 2 24 62 93 73 18 16 62 80 87 61 72 65 69 5 3 1 56 19 80 100 69 4 63 88 17 49 22 17 17 90 13 40 41 97 58 98 24 54 44 51 35 84 11 22 66 95 21 3 41 57 49 91 99 90 58 72 90 41 96 86 15 31 0 69 30 100 58 37 33 51 100 85 59 5 91 26 44 57 13 97 7 65 95 29 59 48 12 39 80 64 42 94 12 88 20 85 32 9 10 3 2 91 20 75
5 35 64 75 50 68 35 6 71 69 16 94 73 92 76 78 32 45 96 67 67 32 64 96 43 23 89 55 16 50 30 17 70 17 88 45 57 26 23 33 40 33 50 47 18 74 38 44 32 49 58 34 31 29 13 37 99 3 20 50 88 48 43 6 55 34 76 98 31 77 66 78 11 23 43 69 69 76 17 82 90 49 12 84 57 14 34 46 31 96 85 85 7 43 41 67 87 68 77 67 79 4 45 0 22 24 45 12 75 44 56 73 78 58 31 72 97 51 76 98 89 76 35 38 85 16 61 39 65 4 72 63 98 44 15 31 6 2 45 70 34 63 62 10 5 46 84 27 71 12 94 6 99 12 81 73 37 72 82 19 36 85 43 87 13 4 51 78 0 93 83 40 88 12 12 44 66
12 23 94 100 60 83 35 94 81 79 82 88 25 94 79 74 38 7 19 88 3 69 23 5 12 70 82 16 9 25 44 53 77 13 94 33 62 19 25 61 82 84 2 97 27 26 84 62 30 6 38 15 68 46 85 46 21 95 17 20 76 55 77 17 88 96 62 100 26 19 11 43 46 55 82 11 60 44 33 3 89 53 35 33 99 18 62 29 36 82 58 70 77 94 43 2 39 67 13 76 95 31 77 100 88 2 34 9 50 99 4 69 36 7 37 73 89 63 77 98 6 56 36 85 89 51 45 48 69 31 3 89 77 60 54 97 15 4 63 7 4 59 37 33 53 55 77 40 23 44 67 27 10 42 10 16 55 10 76 58 45 15 73 59 19 36 46 40 76 15 4 90 86 44 24 25 74
43 62 28 37 70 66 43 28 78 50 67 39 57 38 40 78 58 6 100 76 75 0 60 95 64 42 93 39 12 46 85 14 68 12 71 43 37 30 61 41 38 57 87 7 41 17 18 62 34 77 70 34 8 38 69 97 85 34 85 6 28 15 2 4 59 86 8 60 73 94 59 56 50 26 0 14 60 1 94 22 39 13 4 26 19 82 19 29 22 89 94 29 90 90 57 75 7 6 45 56 98 31 70 69 95 53 54 36 34 100 91 21 84 33 75 5 13 58 52 52 2 65 67 46 27 3 33 40 91 29 36 98 76 3 11 16 14 47 77 3 95 20 16 37 55 26 95 40 61 100 98 99 64 76 52 74 73 83 97 42 89 28 66 88 28 77 2 56 94 61 48 22 62 33 15 35 80
5 42 85 19 71 40 52 9 6 84 90 91 52 12 36 26 54 98 52 60 14 3 11 8 5 83 30 19 61 77 69 71 63 42 60 77 97 48 81 9 25 89 10 9 61 92 44 78 77 12 64 27 37 66 28 25 79 54 72 63 71 22 10 76 76 90 80 33 87 96 46 38 98 26 91 55 16 93 8 2 39 1 92 67 95 14 23 17 29 44 73 67 100 65 87 40 76 39 7 35 29 39 71 58 95 80 82 56 77 44 80 36 95 11 66 27 15 17 4 6 31 54 93 66 68 41 47 96 49 79 82 42 8 91 30 19 51 36 50 37 46 89 54 66 92 79 48 24 5 35 97 96 68 26 80 49 31 37 72 81 21 63 2 86 29 59 16 89 23 55 77 0 36 24 12 66 68
22 51 100 5 92 20 15 18 80 59 24 73 76 81 59 48 87 44 10 71 77 46 40 78 19 67 42 92 80 81 82 89 13 86 95 46 1 57 59 33 43 72 64 75 86 37 45 11 91 72 92 69 84 43 87 55 55 94 95 96 14 22 32 3 70 84 12 48 69 88 45 38 66 93 9 81 76 65 17 16 68 29 30 30 15 14 6 16 79 5 65 76 36 51 38 0 82 29 58 86 55 95 16 63 47 3 94 56 50 79 2 44 12 76 24 21 13 41 24 71 34 35 5 84 1 37 33 42 2 23 97 48 91 62 63 85 88 44 32 23 13 72 82 48 37 11 29 17 89 24 48 2 73 40 33 72 26 80 56 88 88 5 65 36 96 42 96 74 21 44 39 50 40 53 39 29 40
22 10 100 57 84 43 24 47 40 0 15 82 30 60 8 30 99 46 75 74 46 67 20 34 90 56 71 67 29 9 11 70 7 39 55 45 41 14 91 39 41 67 38 53 32 89 40 89 73 74 53 32 28 61 58 74 24 77 37 56 50 22 26 55 54 94 73 74 85 40 77 21 99 34 47 22 7 29 99 7 37 52 65 96 40 30 28 64 86 65 29 69 32 7 13 60 24 25 83 42 63 60 64 13 14 56 79 81 84 33 28 40 90 86 69 5 55 43 85 62 36 85 18 5 22 4 94 66 9 88 41 64 35 48 64 88 16 52 57 56 76 58 98 41 61 43 58 64 34 51 24 83 34 39 35 70 82 60 6 57 44 23 60 69 40 26 56 2 99 48 13 1 33 41 47 79 56
22 21 51 92 59 27 51 22 29 30 60 31 68 75 60 17 95 20 2 52 71 36 40 42 52 50 34 97 37 12 49 53 19 81 95 80 22 29 77 28 80 94 2 99 78 34 58 43 79 60 64 69 39 21 49 82 24 51 62 83 15 69 12 89 69 1 11 55 23 44 94 83 49 50 68 42 48 51 9 80 82 60 1 31 62 13 80 12 2 2 1 0 5 0 75 93 16 18 91 95 1 44 66 18 62 21 56 28 15 39 58 100 16 5 42 56 44 6 7 17 63 57 61 96 78 100 42 76 77 98 72 80 53 3 85 95 77 1 65 36 36 49 41 60 70 3 26 82 9 29 14 31 54 65 78 12 83 50 64 51 39 38 39 70 62 26 48 47 69 12 11 33 66 73 11 94 12
3 27 93 87 78 46 2 21 55 13 97 27 30 40 37 18 89 2 38 46 21 59 8 91 53 39 33 10 100 10 60 2 55 75 24 78 52 76 57 44 47 96 73 2 22 46 86 84 31 26 42 91 4 35 16 35 41 95 88 83 62 95 34 65 63 49 64 69 4 76 22 48 12 53 89 79 23 53 39 78 56 40 18 70 54 13 22 95 60 32 92 79 62 21 2 84 79 68 71 75 22 86 13 57 36 8 79 22 68 58 52 78 72 67 2 43 76 34 2 95 72 4 86 73 80 41 13 23 7 95 9 43 15 96 32 81 71 72 96 89 81 0 6 49 27 19 80 1 96 25 69 51 64 71 50 26 22 77 7 65 1 39 49 42 43 55 3 79 62 80 14 28 75 62 67 75 87
20 62 15 73 15 76 11 40 61 59 70 47 46 90 44 35 72 87 30 40 39 76 96 74 16 64 38 96 64 28 89 100 76 2 51 5 9 71 71 18 80 38 88 45 47 30 71 91 64 19 97 5 43 0 92 90 52 21 85 56 52 52 1 38 88 18 0 67 36 63 22 75 3 91 57 85 67 3 50 1 15 32 35 4 38 94 45 23 50 8 95 60 51 26 14 4 44 69 99 49 51 35 27 24 67 85 89 24 78 53 9 28 34 63 2 41 51 47 51 48 93 27 53 14 6 61 60 49 48 53 19 60 85 94 16 73 91 25 42 36 100 80 10 12 77 25 3 51 73 41 88 48 59 7 100 25 26 52 79 49 90 99 38 72 23 78 29 19 33 49 51 80 70 9 13 58 55
81 26 4 74 24 6 78 31 15 8 5 99 5 98 37 94 69 78 37 44 10 27 72 10 28 65 26 19 81 69 64 38 15 29 74 24 18 49 77 82 26 48 50 66 95 89 97 75 97 55 22 79 5 88 44 55 63 18 42 63 27 83 97 85 67 18 17 92 32 34 36 8 8 16 82 6 13 52 87 49 40 2 36 45 35 70 48 33 6 49 30 50 26 55 39 78 33 10 69 60 23 73 76 35 7 74 84 9 30 3 32 13 88 79 49 1 23 32 74 93 74 75 32 40 28 26 54 80 2 48 28 96 48 16 40 33 59 1 46 95 86 68 95 65 8 62 63 11 48 16 91 58 75 100 81 42 36 46 84 84 96 97 54 35 78 36 11 96 5 37 1 25 95 94 70 53 22
81 11 81 99 65 54 6 69 66 12 18 16 85 29 65 48 7 11 68 52 56 18 61 0 79 16 37 41 17 27 87 18 28 92 86 76 74 49 48 76 8 43 2 2 85 40 22 63 59 12 89 34 13 57 57 61 32 11 42 64 31 60 99 2 94 92 91 19 25 45 56 50 43 13 15 12 48 24 17 1 9 7 84 55 100 51 82 51 49 81 98 31 1 10 81 87 1 79 38 78 90 1 1 96 89 50 30 57 1 27 96 70 33 21 51 65 64 59 58 23 38 91 48 1 26 91 83 70 32 16 65 3 65 18 80 90 19 38 39 55 30 15 12 71 46 77 80 70 18 9 95 38 64 11 5 28 79 27 53 47 44 25 26 39 41 62 70 28 21 44 43 11 27 41 36 25 6
90 31 77 84 59 66 58 49 60 98 12 78 48 68 87 85 58 73 27 1 87 9 12 57 16 48 32 82 64 27 59 68 63 94 23 100 80 23 1 93 88 14 76 69 50 29 31 22 4 25 34 84 95 91 64 34 2 98 31 36 73 40 30 12 22 32 71 17 56 87 93 59 69 64 27 95 42 8 57 14 16 88 1 3 30 28 97 37 55 26 58 56 75 95 70 97 64 72 100 41 29 26 15 80 60 36 20 89 40 68 79 17 96 26 60 1 89 63 40 37 76 1 44 51 93 28 35 44 14 13 95 36 10 91 19 88 68 0 35 33 96 49 83 57 15 60 25 28 0 43 20 38 32 46 11 23 1 86 69 5 46 30 10 62 30 98 74 77 86 85 26 59 64 98 95 92 16
6 42 54 81 53 20 87 36 28 15 30 32 2 35 54 47 31 52 63 64 29 60 97 6 26 11 60 94 4 39 30 2 71 7 40 73 77 39 83 95 88 94 71 63 96 83 39 23 76 25 79 6 91 24 67 23 92 38 63 79 92 37 45 61 70 51 95 67 86 24 45 32 70 41 90 42 78 37 82 5 26 6 79 5 97 57 68 80 66 22 7 21 54 69 60 91 14 23 52 13 16 99 46 66 27 76 77 68 57 80 78 83 2 17 60 57 8 86 14 81 58 27 46 28 37 54 13 21 89 74 97 29 76 3 98 44 99 30 33 10 0 73 53 68 38 34 64 33 70 56 57 45 36 26 12 28 85 94 65 97 34 72 53 78 100 53 57 10 85 26 84 61 33 25 11 43 89
98 34 75 19 29 51 29 0 27 53 18 22 85 35 55 100 34 37 96 9 0 16 10 20 9 74 80 58 79 85 44 48 16 8 8 61 8 66 31 63 42 88 10 70 59 18 52 7 45 30 36 0 50 97 61 20 55 71 18 20 4 60 13 52 3 5 97 12 27 79 98 62 89 44 55 38 20 63 57 77 3 72 2 11 80 43 11 12 0 44 43 44 34 4 86 44 56 30 78 38 28 10 31 15 62 82 11 98 66 69 76 23 67 78 62 90 31 18 44 8 26 71 56 90 30 20 89 11 37 45 46 45 19 5 41 30 26 79 1 83 91 52 23 34 24 24 93 66 6 43 22 28 61 10 92 0 27 64 20 99 40 54 40 99 61 17 66 31 10 55 49 77 65 43 81 78 28
48 3 12 49 51 72 11 16 46 28 96 24 10 76 67 46 100 83 98 24 50 96 95 8 64 8 93 71 92 99 4 80 35 93 37 85 41 85 29 12 94 44 16 61 34 7 66 21 73 13 28 44 17 12 38 21 45 98 55 75 35 47 88 91 68 20 23 46 89 79 67 93 95 45 17 47 40 61 12 26 74 39 79 5 92 16 46 34 61 11 32 82 63 43 79 54 38 78 84 71 92 5 16 13 79 45 54 66 49 48 8 19 69 91 94 50 69 3 14 14 98 59 37 48 47 53 67 9 60 16 65 30 23 49 77 34 13 44 35 20 18 6 56 43 41 63 8 66 55 80 51 42 65 38 51 34 14 12 73 58 20 84 45 54 100 52 11 18 83 58 55 57 18 88 22 78 50
45 23 89 34 55 94 51 20 54 78 39 38 100 98 81 60 58 49 47 23 24 70 58 38 49 12 15 56 21 57 66 77 95 7 67 86 31 20 98 16 23 95 57 52 13 81 1 73 85 89 56 17 58 9 27 72 74 79 79 16 47 3 63 70 94 59 1 51 60 55 87 97 60 83 19 97 59 85 62 57 53 94 86 19 95 1 1 43 11 16 88 5 74 51 16 65 100 17 1 94 58 9 0 24 61 27 57 81 77 97 65 31 67 92 72 66 5 33 71 96 71 55 71 49 29 80 10 47 25 0 95 95 73 33 95 16 27 37 71 48 21 13 79 44 55 23 13 43 100 26 74 32 85 40 47 42 5 65 21 90 27 56 83 65 86 8 83 30 42 76 9 32 3 90 69 43 78
43 33 92 44 69 20 66 88 17 42 91 1 94 6 26 74 23 91 10 85 24 9 7 33 35 22 51 36 28 15 77 26 19 4 29 27 26 62 13 37 17 19 33 41 11 73 79 15 50 5 87 29 48 99 97 6 97 61 91 55 11 12 11 43 35 86 92 75 37 59 27 73 91 47 57 29 98 84 28 46 17 97 3 61 97 22 79 26 18 31 50 80 62 65 19 34 18 7 10 61 36 87 15 6 25 33 10 67 41 52 92 28 57 50 91 1 29 38 9 89 95 95 87 37 82 83 62 73 61 97 87 57 24 60 80 47 21 58 32 68 25 44 45 52 5 79 62 5 4 15 100 35 17 58 79 67 62 46 32 64 6 80 72 5 17 60 31 68 22 18 15 21 4 73 57 76 27
14 39 73 25 64 58 85 87 9 33 88 89 98 20 5 73 93 99 47 2 54 71 2 12 14 69 69 94 30 9 27 57 31 76 66 20 55 94 85 33 76 32 46 14 86 20 13 15 64 28 31 12 1 59 36 93 11 0 60 3 36 44 42 8 90 21 93 63 11 6 24 77 79 54 35 82 84 71 26 57 21 41 15 43 67 83 61 72 28 90 93 80 34 88 57 50 72 67 32 96 13 13 95 78 62 12 68 20 84 58 12 69 93 16 66 4 2 4 27 44 40 32 6 25 35 94 30 21 66 88 14 9 15 72 15 1 24 61 29 48 4 68 79 73 55 29 34 78 69 100 22 13 69 8 94 60 79 99 37 6 98 99 14 36 95 36 22 51 31 94 19 47 2 67 41 77 6
47 32 53 39 42 16 44 33 93 53 31 27 21 32 18 38 0 70 65 18 74 11 69 33 96 10 12 53 15 67 88 88 10 71 63 79 13 94 4 27 93 77 83 22 39 40 38 18 9 75 82 9 89 12 39 58 71 52 50 40 63 84 28 82 92 77 85 67 5 43 74 49 42 35 58 56 88 16 68 29 22 10 49 45 34 86 85 24 8 89 37 87 42 79 94 52 59 63 76 89 33 21 50 63 24 73 58 1 100 86 98 20 45 79 41 44 76 1 44 25 83 100 45 64 64 91 99 16 86 47 98 44 41 21 45 78 52 78 61 59 57 75 19 88 51 29 44 92 39 68 79 75 82 18 19 79 91 92 59 17 96 99 54 3 94 96 50 58 85 20 30 56 33 13 29 47 82
22 93 14 85 10 36 13 95 41 89 4 25 72 2 98 59 33 40 30 70 63 13 17 4 84 47 5 66 80 47 1 85 62 40 53 32 3 28 80 50 82 48 4 36 35 90 38 58 33 28 29 20 44 24 46 54 86 16 76 23 4 97 91 46 5 39 39 88 100 56 56 11 5 20 2 45 97 90 74 30 8 6 47 96 82 46 26 30 81 2 64 12 31 0 22 61 24 76 46 15 67 43 4 45 49 26 5 69 48 5 55 40 77 90 51 44 72 19 28 3 85 28 86 16 40 10 22 15 2 3 55 9 53 28 59 94 83 44 67 24 97 33 41 12 56 19 38 24 28 22 65 56 73 65 56 0 55 26 93 30 72 31 47 19 59 90 21 32 79 75 47 3 43 96 58 62 34
38 33 45 75 94 47 6 21 100 70 62 41 24 74 21 71 24 50 79 82 7 95 78 57 9 9 49 73 86 67 24 40 16 71 79 18 42 86 35 90 84 40 27 12 70 62 18 34 76 71 42 42 63 25 28 59 77 53 50 82 42 88 52 32 81 24 74 79 88 42 100 23 43 55 81 47 13 20 23 89 52 82 99 98 17 76 82 93 25 94 20 95 91 19 63 87 27 67 6 38 82 51 11 4 56 96 47 29 61 28 58 88 5 3 52 75 96 83 32 75 52 39 67 60 31 77 59 71 79 75 21 8 3 47 95 89 30 25 76 46 19 32 94 74 62 14 11 26 36 73 38 72 90 60 52 12 41 75 99 49 60 68 31 6 64 7 80 36 47 4 52 97 4 8 52 83 23
87 96 9 79 14 11 96 14 48 63 46 97 56 2 97 3 22 30 48 57 4 75 62 62 11 17 3 47 26 53 73 78 26 74 65 31 98 66 92 10 97 80 12 37 19 90 39 33 40 55 66 59 0 31 82 18 61 63 86 42 37 32 70 89 93 68 46 48 67 53 90 66 92 18 32 96 78 34 89 91 15 91 88 38 26 6 59 84 9 5 90 78 94 26 93 45 31 5 15 66 16 13 13 43 87 87 1 36 6 99 5 74 28 17 83 13 45 20 69 21 84 73 52 24 70 86 10 26 16 89 49 13 82 36 52 78 4 24 98 85 97 95 89 42 64 89 82 55 52 88 33 97 11 49 25 58 20 78 12 50 49 4 62 80 85 23 97 37 6 81 7 35 96 40 75 24 65
18 21 71 3 25 34 13 21 50 16 49 20 66 72 70 63 33 30 3 23 49 96 77 40 44 91 67 23 24 34 45 14 88 15 36 44 37 57 66 63 9 61 51 45 20 27 74 75 76 5 28 92 86 44 93 23 17 73 96 16 69 28 10 91 27 1 3 3 82 4 53 5 55 76 64 60 65 27 34 0 44 69 87 57 3 86 99 73 40 80 11 72 17 3 48 86 29 45 30 1 7 22 62 29 67 22 45 80 48 85 10 27 76 60 90 16 88 80 95 9 57 22 13 75 3 30 95 58 39 9 27 81 17 5 52 34 55 91 34 96 3 35 54 81 54 45 73 98 82 55 77 82 37 8 99 77 3 14 30 20 49 64 78 23 19 82 73 12 87 0 50 61 88 58 28 35 15
11 25 40 21 88 60 35 74 33 58 65 79 65 10 80 63 57 30 68 79 73 27 77 75 23 9 78 76 100 46 8 27 16 59 88 15 31 62 20 76 73 70 86 100 50 48 19 20 73 30 42 17 38 31 29 55 60 68 25 14 55 55 92 56 39 6 22 25 90 95 33 98 38 48 85 82 81 7 76 81 64 47 78 69 78 67 41 28 12 39 24 22 68 30 26 25 16 65 65 9 98 22 76 20 56 46 72 75 38 14 67 99 44 18 58 67 27 37 41 97 10 59 15 59 47 20 77 52 84 69 49 96 27 84 17 24 28 93 27 8 90 78 75 87 52 47 55 23 19 39 70 69 97 71 24 27 38 72 4 20 71 73 45 89 78 73 59 3 75 41 80 21 20 58 55 81 100
4 94 24 38 41 19 62 41 69 58 67 70 53 54 89 51 3 77 75 53 86 60 1 67 64 93 56 10 65 97 71 1 2 3 39 12 61 48 86 10 91 77 76 73 86 4 79 94 18 46 16 77 47 45 61 69 37 54 67 30 45 89 38 58 61 55 33 39 63 42 98 54 57 34 65 99 91 52 65 7 57 67 44 24 45 42 26 66 32 75 89 44 98 30 53 64 41 2 97 58 45 65 86 55 37 71 16 17 15 51 41 65 41 100 55 53 26 33 23 29 58 98 26 93 52 5 75 50 16 43 23 9 30 72 58 15 60 6 28 89 69 30 59 42 47 31 96 61 99 18 11 72 89 73 82 89 97 7 51 65 6 13 47 57 62 73 23 60 95 91 100 89 4 30 58 9 22
87 85 91 4 25 36 100 34 72 84 64 87 47 82 34 32 83 73 8 9 47 15 20 13 19 94 39 71 56 71 1 21 77 90 38 38 38 54 20 29 84 21 49 41 51 92 16 79 13 96 66 59 3 94 10 79 9 87 82 72 93 99 36 95 19 56 5 3 10 50 45 78 79 71 94 47 58 44 4 17 98 3 25 59 0 76 43 68 90 65 40 85 80 78 68 30 79 22 50 23 18 7 13 2 32 82 50 64 12 65 9 35 84 91 87 44 91 75 60 26 65 74 64 21 37 65 60 11 88 81 95 61 93 31 71 31 64 21 96 22 32 34 61 46 40 36 28 79 82 43 66 87 60 96 96 68 46 26 60 65 29 80 51 63 78 4 53 2 38 6 19 95 10 57 85 15 51
18 68 21 9 28 46 14 98 35 64 63 37 46 97 16 87 54 88 3 58 18 55 79 62 86 68 2 79 33 15 88 69 40 64 45 26 26 90 39 32 45 68 99 14 86 92 54 0 25 61 8 46 50 74 60 26 60 58 100 55 3 77 73 13 51 87 22 54 0 54 29 11 36 86 73 51 32 53 71 57 75 0 89 83 51 4 4 57 39 13 65 72 1 96 85 43 33 29 26 68 56 85 82 69 73 89 82 14 97 13 60 61 82 28 40 34 87 97 48 80 59 64 11 60 45 73 57 100 68 37 35 77 98 25 45 83 81 24 21 88 22 29 12 71 91 28 70 18 32 56 92 56 85 76 23 67 59 4 25 73 77 94 45 36 33 3 51 71 69 81 72 31 92 28 90 70 22
40 44 17 54 13 67 19 48 73 11 48 63 18 60 94 57 99 65 31 62 48 80 46 64 63 79 64 84 94 92 10 42 41 15 49 34 10 63 76 7 71 78 32 77 32 66 2 21 77 83 19 81 65 72 16 36 82 75 62 99 73 36 81 17 93 65 91 91 47 59 100 98 46 39 42 4 26 53 97 21 100 29 13 31 26 76 60 10 76 36 81 44 36 35 22 5 100 99 25 86 44 32 87 29 34 99 68 40 90 3 92 55 9 55 88 60 87 70 82 3 27 38 32 47 9 0 74 70 72 29 80 75 48 27 56 32 78 61 14 0 6 88 68 71 91 11 20 50 99 46 2 26 12 41 3 12 34 25 58 41 9 85 17 11 24 79 90 14 39 15 11 73 73 46 44 38 70
6 47 86 53 67 5 16 46 88 30 15 41 100 20 5 38 89 41 45 92 2 38 61 68 65 38 69 86 91 61 35 15 0 28 93 18 94 18 92 26 13 1 69 66 11 98 25 63 66 60 20 3 65 32 90 13 63 1 31 11 41 69 34 76 33 62 22 61 26 33 96 10 47 82 85 94 58 7 59 22 5 17 27 12 56 43 89 55 62 92 57 20 49 82 44 88 43 66 19 21 92 79 91 73 90 36 66 79 2 88 61 21 20 50 66 55 91 33 25 99 81 97 19 23 18 2 59 2 8 25 70 3 96 34 74 58 100 91 49 3 23 36 26 61 1 51 16 72 31 5 85 53 25 55 22 99 25 60 49 100 54 7 40 5 76 50 69 47 93 48 94 87 58 35 4 85 14
86 84 61 18 43 84 79 95 38 26 23 29 48 87 68 84 42 2 54 94 5 85 73 86 47 46 85 69 97 41 82 69 35 96 25 39 98 28 42 3 63 90 68 15 39 18 46 18 35 4 68 80 15 40 22 89 10 23 76 79 59 81 94 71 36 75 66 21 69 17 42 15 99 29 86 71 1 79 82 96 38 37 43 15 26 59 8 69 14 79 62 79 58 1 55 66 62 19 7 18 87 70 11 50 10 2 81 96 3 14 31 24 47 21 19 15 66 9 15 98 45 82 70 15 54 67 53 14 86 88 20 55 85 26 3 30 72 51 100 46 44 26 67 13 73 79 19 21 63 75 33 79 61 30 87 70 98 96 95 27 43 30 47 32 23 13 24 44 22 19 20 88 46 6 72 88 30
66 50 99 47 5 27 64 89 12 41 32 92 31 14 61 59 5 33 93 80 98 72 52 44 82 96 92 69 49 36 75 70 63 97 19 36 30 79 32 3 99 80 18 92 62 91 63 86 3 51 28 45 32 60 80 2 79 90 89 39 55 38 64 66 75 4 86 40 37 28 93 14 16 37 83 46 0 1 4 9 17 39 24 7 41 50 72 9 68 74 59 35 31 79 49 9 91 21 57 43 39 46 9 20 89 2 39 23 14 100 5 69 72 82 37 31 87 11 6 23 8 55 36 42 51 95 78 77 85 96 12 38 76 55 94 61 7 71 15 37 13 23 23 94 93 21 50 20 7 68 21 43 44 26 12 45 55 93 60 16 37 90 95 60 14 4 30 78 28 42 50 52 66 15 99 8 47
45 32 15 85 92 55 9 76 85 18 89 1 45 65 44 81 85 81 1 82 38 26 38 25 28 81 64 81 7 88 37 58 66 45 1 67 5 70 80 77 71 20 70 11 51 79 6 17 23 76 68 40 51 90 2 10 56 82 60 25 85 70 12 80 39 92 98 60 30 28 61 87 35 40 13 9 69 18 42 99 85 70 88 83 54 41 45 89 47 88 47 62 87 6 70 6 4 44 53 76 96 15 89 66 40 67 29 56 32 100 80 10 36 47 6 59 35 71 70 62 63 14 27 100 36 81 68 78 5 86 21 25 80 91 83 3 97 23 39 100 90 64 47 33 91 3 65 94 20 44 9 21 21 11 7 89 15 67 22 48 75 70 81 75 28 80 99 15 17 67 62 46 27 34 49 99 81
94 17 32 69 10 52 16 2 80 11 75 71 70 40 78 50 14 70 72 62 2 68 89 69 34 71 78 71 65 79 6 26 4 14 69 9 81 7 37 11 58 15 0 65 28 72 41 15 99 76 42 27 79 14 91 97 4 98 81 23 39 23 81 94 7 93 90 75 18 21 84 64 41 26 86 67 81 13 71 88 62 55 35 19 30 71 63 41 3 77 86 84 4 92 72 68 91 49 93 18 29 44 69 51 54 89 71 68 61 59 95 48 37 68 7 95 41 60 12 76 15 23 67 94 90 88 9 18 79 2 94 13 93 61 59 93 52 85 72 17 64 8 14 32 97 4 72 51 56 4 82 2 86 39 90 98 19 59 13 30 5 73 85 78 12 69 50 50 36 79 17 52 18 85 89 4 58
85 56 91 33 82 54 48 71 73 96 60 84 11 79 76 30 44 58 30 40 67 43 50 7 18 36 40 13 40 69 28 22 34 29 28 34 67 37 20 74 36 92 98 58 24 52 40 82 44 9 84 16 63 40 90 9 4 7 37 44 86 77 27 32 83 43 5 96 61 100 74 88 81 99 8 68 5 55 50 28 30 10 97 99 78 76 38 85 40 41 69 71 55 10 9 61 24 46 93 45 97 22 17 92 82 0 14 84 8 91 49 22 2 15 47 5 63 41 15 98 100 9 6 25 45 94 77 1 82 96 64 29 84 49 80 51 17 29 33 39 18 66 82 74 90 33 97 94 59 51 13 50 99 33 97 48 99 83 9 9 86 21 53 7 45 96 99 100 19 86 27 98 46 2 8 58 74
84 37 75 25 26 14 49 23 39 70 83 82 43 89 49 51 54 12 50 83 3 49 64 78 29 92 73 63 23 44 33 60 75 73 5 24 87 4 46 43 23 26 22 34 12 65 39 59 78 98 8 13 52 63 10 12 11 60 21 60 93 58 86 40 29 19 40 4 26 31 64 85 78 28 36 66 5 15 32 18 73 100 3 3 52 13 75 41 99 76 48 100 23 91 57 50 18 55 15 17 34 41 74 98 37 44 60 76 19 3 50 29 26 9 7 57 27 95 84 42 54 81 37 65 71 22 77 92 31 68 28 86 10 25 25 46 29 51 7 69 74 17 16 29 32 62 74 73 4 33 97 78 28 73 21 72 33 39 100 51 11 41 4 85 12 51 52 12 68 6 19 4 70 16 98 27 45
37 93 76 98 61 79 81 48 47 54 75 25 32 37 0 11 0 42 34 88 96 86 13 81 83 20 76 16 98 7 55 61 55 50 29 37 29 63 79 35 24 16 9 49 77 26 81 11 88 50 52 7 65 10 80 67 100 18 62 32 87 63 11 25 55 10 43 68 54 22 17 36 18 73 31 98 94 18 80 74 27 17 67 79 61 92 98 41 38 81 33 26 36 3 92 87 4 92 68 0 15 79 38 74 53 99 38 78 48 60 99 51 86 18 88 29 77 98 29 1 83 72 34 85 64 97 64 48 24 50 5 5 78 93 53 59 14 1 7 79 10 63 92 41 71 56 2 78 61 91 0 14 16 74 14 62 43 29 61 82 85 69 45 72 60 32 83 87 46 24 82 7 29 66 80 100 28
5 62 93 82 82 30 21 34 33 89 62 47 50 56 45 74 85 49 97 34 96 94 10 82 11 83 69 81 26 25 42 31 30 55 49 96 76 96 9 99 63 97 97 53 3 24 95 51 78 94 93 72 93 22 2 21 55 43 51 100 29 84 1 8 75 30 28 24 30 25 91 88 8 25 73 43 100 78 19 65 73 80 49 9 94 33 87 75 31 100 42 81 17 30 30 94 88 91 4 97 19 47 49 51 92 72 42 47 62 12 11 40 65 32 56 67 4 24 96 41 8 95 65 57 11 3 81 35 10 39 98 51 66 17 35 94 61 74 85 0 16 99 29 96 29 84 27 9 91 47 65 36 79 2 75 58 74 85 9 58 18 4 33 70 97 4 76 85 98 68 70 38 50 0 87 19 61
64 25 4 75 86 25 92 58 4 14 46 12 89 81 62 92 84 93 94 42 34 68 8 72 74 93 87 35 8 62 18 35 99 28 0 58 60 4 95 91 23 23 54 3 41 84 27 88 55 44 84 42 40 64 81 66 43 5 66 5 2 1 36 72 10 80 76 1 88 95 24 69 1 14 11 21 21 4 70 64 14 61 11 4 75 6 53 72 37 7 33 82 13 71 1 42 13 87 28 86 23 86 23 13 97 33 37 65 89 22 38 32 62 67 8 40 37 64 42 73 86 20 55 98 28 23 19 81 85 73 28 36 78 91 55 24 37 78 39 16 1 45 36 73 49 78 0 33 38 6 91 45 12 11 41 16 4 8 33 5 77 12 64 25 93 89 31 34 77 4 39 3 24 86 98 44 72
51 43 53 63 82 48 54 31 31 56 60 74 11 4 18 49 22 20 21 95 12 4 91 29 22 71 94 29 23 22 40 6 38 74 27 54 7 9 40 80 39 47 60 75 75 71 43 17 6 3 75 11 87 77 41 87 15 2 46 61 54 55 21 69 86 46 92 38 9 87 47 39 29 94 62 25 50 66 16 19 65 60 28 98 84 90 66 16 11 36 6 28 46 78 2 15 83 9 17 66 69 71 65 64 64 5 20 62 69 83 53 28 68 50 77 8 67 85 58 58 88 85 79 68 14 75 13 97 89 0 20 29 76 15 30 64 48 21 41 77 32 90 40 26 7 13 68 51 82 49 88 81 87 22 50 8 85 94 84 69 94 3 19 67 43 84 73 47 6 69 61 96 73 2 30 41 36
83 91 70 51 17 4 12 24 66 10 21 77 76 11 11 55 41 84 49 49 36 79 94 47 99 83 93 72 33 3 14 1 17 41 72 16 32 96 8 36 69 87 74 56 34 80 74 93 92 55 13 7 72 55 81 84 62 87 52 61 77 53 41 89 67 52 62 79 75 51 18 88 19 85 65 88 69 6 40 98 80 76 64 14 16 19 98 62 49 20 53 37 52 60 43 6 91 35 33 79 14 88 16 5 70 97 62 88 66 98 57 56 62 1 93 35 30 48 23 83 20 62 4 37 91 13 53 65 29 57 45 15 94 96 48 53 75 71 49 5 21 14 60 32 57 58 59 86 82 67 37 74 9 63 99 72 88 97 85 64 76 61 70 1 2 59 80 89 76 39 56 85 65 92 16 8 54
49 4 62 98 45 68 94 88 77 88 68 65 18 95 40 37 25 24 18 56 15 51 18 42 32 28 79 84 47 47 5 0 10 6 19 79 37 76 60 83 60 5 85 41 9 54 43 70 22 85 55 40 43 44 40 24 18 60 17 7 86 74 46 50 37 57 12 90 65 20 8 56 64 13 84 82 4 19 61 12 99 22 11 92 5 17 33 53 8 15 51 32 4 84 68 98 10 21 52 33 30 77 100 39 76 22 75 29 25 24 98 10 56 66 23 20 60 11 74 39 28 12 93 82 87 86 34 78 5 66 62 71 38 54 75 75 88 99 68 82 4 72 98 6 22 16 97 46 66 55 94 81 46 98 59 22 2 30 70 76 47 49 29 21 40 65 47 85 36 100 20 39 49 79 5 79 42
51 72 59 40 80 25 17 36 85 17 41 30 52 97 84 77 72 90 68 95 1 52 75 46 92 11 16 5 83 60 7 55 1 40 43 86 73 87 95 10 38 46 60 80 12 67 86 71 50 39 68 85 82 59 94 50 28 93 8 79 3 31 49 43 39 59 61 36 78 72 95 24 81 51 66 18 62 47 67 31 34 43 42 64 38 92 58 8 67 54 13 20 87 4 58 15 21 22 37 14 80 55 1 66 97 96 93 97 68 47 83 55 5 16 1 9 40 100 30 94 37 17 17 53 91 54 58 79 54 87 91 34 83 33 48 63 67 60 14 58 60 35 11 38 38 16 79 1 88 40 81 50 98 94 28 12 76 97 66 65 39 9 2 39 76 86 18 32 14 81 100 12 27 42 90 3 18
23 50 100 76 69 35 43 3 67 15 32 75 35 75 32 8 70 93 84 19 53 100 38 43 36 23 74 41 39 60 67 95 35 63 25 41 27 94 60 28 10 79 64 16 65 90 49 51 91 46 25 17 84 97 96 68 60 63 29 97 25 16 29 26 82 36 10 38 8 54 16 77 10 57 12 56 7 71 49 78 42 54 32 84 88 76 43 15 64 74 36 74 8 28 35 18 22 33 11 15 31 51 95 61 18 70 67 95 65 78 48 11 87 47 67 58 77 38 96 52 50 84 31 19 29 8 38 77 3 10 26 90 57 44 45 98 65 44 49 23 61 87 86 84 45 86 19 72 81 62 96 12 91 17 35 70 69 2 52 100 61 42 51 26 41 20 59 15 54 34 91 15 100 5 54 10 44
97 25 41 41 94 43 14 54 73 82 34 72 0 25 70 39 92 0 3 22 31 29 15 24 69 6 30 48 28 4 62 73 62 27 38 23 83 5 74 79 61 71 72 93 34 91 71 41 90 21 50 7 97 6 71 81 3 66 41 50 28 66 59 95 13 1 55 10 52 82 78 41 5 5 71 30 54 95 32 5 7 7 36 8 61 95 22 81 30 84 88 4 39 83 13 13 67 7 40 73 74 76 97 87 39 46 86 46 46 35 29 72 94 66 3 54 36 33 41 49 55 2 3 24 12 72 28 8 53 51 81 23 29 18 6 62 100 64 74 86 23 14 82 99 24 27 75 55 48 58 60 5 79 14 94 2 42 27 12 4 30 3 56 48 45 15 16 99 63 27 94 50 95 96 57 37 69
10 20 21 62 28 62 98 60 27 30 90 21 23 95 66 89 88 90 58 79 92 21 27 13 78 28 23 88 46 23 8 39 41 81 20 11 36 63 11 30 47 3 61 3 68 32 43 58 38 4 46 33 80 57 20 32 99 84 41 18 94 93 52 38 60 32 74 70 16 55 100 48 76 23 37 79 22 7 72 17 22 58 58 100 7 89 31 88 47 4 5 10 15 90 15 21 27 67 71 55 29 36 38 66 14 19 1 14 93 84 9 79 32 54 49 19 77 67 77 0 99 86 46 46 79 35 17 13 71 69 52 49 1 31 27 43 84 33 48 18 91 42 27 37 28 47 42 74 3 14 33 27 92 20 56 43 95 25 8 56 30 56 38 99 8 40 21 88 77 78 82 39 88 42 69 44 87
16 63 72 96 49 85 13 23 63 93 37 77 28 77 61 2 99 53 51 81 64 37 93 1 11 65 50 60 96 94 36 44 68 45 87 66 54 54 22 38 34 57 66 38 28 55 87 67 15 76 2 25 69 100 77 12 39 11 32 100 53 58 60 73 91 41 79 16 15 100 27 46 14 29 29 8 20 63 31 29 81 68 22 64 36 45 14 73 47 78 29 85 85 8 20 6 33 24 96 87 92 10 4 85 35 72 2 24 14 44 77 16 55 12 29 60 85 13 77 49 2 77 16 78 71 95 87 15 93 47 87 29 52 56 13 5 67 98 7 37 41 78 34 71 41 77 95 69 63 14 0 97 12 98 39 69 4 78 66 29 96 83 50 35 19 85 7 92 51 30 28 45 26 46 69 9 28
60 75 17 47 74 11 32 89 97 2 3 40 36 61 18 28 16 64 84 35 30 55 76 96 27 10 3 83 54 30 61 90 49 44 95 37 10 24 34 89 40 55 55 78 63 41 76 73 81 93 30 25 69 55 97 18 91 28 76 80 88 90 42 29 1 78 95 61 0 83 47 21 10 80 33 58 73 1 85 91 90 83 60 71 82 56 29 22 42 24 83 11 24 65 62 31 79 58 42 84 14 0 58 4 46 82 74 76 3 91 28 37 74 86 46 33 8 76 2 25 35 27 59 54 47 9 19 80 93 74 75 77 60 81 25 80 68 16 54 69 34 67 68 0 6 100 55 75 50 16 52 37 74 3 2 37 92 24 62 87 76 84 5 47 48 53 38 69 79 17 77 14 72 50 31 0 56
87 5 97 21 53 50 27 65 52 77 53 52 30 11 21 60 10 23 64 40 88 50 7 69 19 62 60 51 2 31 73 36 5 84 96 45 4 10 24 33 99 67 75 36 54 1 60 7 25 77 8 87 93 69 21 96 34 56 24 4 11 67 57 71 57 15 45 71 17 86 89 55 75 64 56 4 43 96 39 96 16 95 55 8 51 7 89 54 38 58 77 1 37 77 96 22 97 73 82 45 55 37 94 88 54 97 16 92 85 4 69 34 14 3 39 45 80 52 98 1 30 50 87 12 82 59 80 43 44 53 51 40 29 18 100 85 60 28 23 13 40 72 85 86 76 14 80 27 55 95 20 55 79 35 98 18 13 11 79 98 40 94 67 89 11 10 33 69 70 22 91 97 52 36 11 58 5
54 69 81 49 96 7 51 54 65 66 1 57 37 14 32 5 8 43 100 45 64 29 92 87 36 90 44 94 84 70 15 84 48 97 100 71 43 16 24 20 31 23 91 58 29 35 72 86 67 84 40 95 43 75 71 38 11 10 23 42 54 71 37 40 6 86 45 6 61 63 99 21 93 81 37 26 66 74 87 38 71 20 71 100 64 35 8 2 20 40 41 9 87 27 96 84 3 3 22 12 90 52 57 89 14 15 33 43 8 82 83 24 32 95 58 95 39 1 62 61 20 66 19 32 81 51 12 82 92 86 72 76 42 68 88 70 41 29 33 57 27 34 35 46 95 92 22 54 55 69 24 11 62 31 23 49 31 55 62 24 4 78 70 78 65 66 91 66 77 18 9 30 58 72 59 12 20
13 74 92 6 55 89 28 55 38 2 91 33 58 13 42 19 83 40 32 69 51 67 89 63 85 85 100 20 94 51 24 30 100 33 31 4 36 10 42 80 58 84 36 11 51 71 68 43 72 59 45 13 45 47 24 81 5 33 80 22 80 88 48 75 83 62 84 8 3 88 35 66 95 33 82 25 28 81 91 63 9 63 92 56 56 20 51 29 8 23 60 85 2 24 6 83 20 25 0 96 65 48 73 22 88 7 28 15 6 54 14 67 17 58 40 17 83 65 82 14 21 99 30 88 34 83 38 41 88 85 26 78 41 39 59 88 11 9 63 69 42 99 7 50 66 72 26 36 66 53 64 59 59 76 51 45 58 14 97 94 4 96 51 24 52 45 8 57 26 77 53 24 42 79 98 85 73
39 26 83 42 55 32 30 12 80 17 62 82 20 14 35 57 5 45 35 53 66 77 53 24 0 53 2 25 38 73 73 94 72 95 95 94 86 47 88 14 69 77 26 59 40 63 87 45 39 35 3 79 55 80 99 86 58 57 98 76 94 52 84 94 52 5 34 41 79 98 14 76 85 50 2 84 76 87 98 62 47 79 72 72 71 59 81 47 92 79 65 5 83 41 11 43 68 3 76 69 34 30 64 54 24 27 26 68 73 2 66 90 20 71 81 97 56 14 33 96 16 43 15 28 81 37 80 85 92 64 10 70 24 14 33 86 42 33 73 46 61 81 14 10 63 46 100 39 67 23 56 94 89 84 54 19 34 72 65 60 75 8 58 64 85 27 99 23 15 44 74 42 76 4 92 57 86
29 97 56 21 50 36 31 5 100 74 30 28 10 86 91 55 86 45 3 10 93 60 49 66 48 66 21 64 5 20 14 92 100 99 91 66 11 8 49 4 70 84 6 39 97 93 90 20 82 41 17 7 9 5 72 30 47 80 92 33 54 39 63 27 1 4 0 48 78 100 92 17 95 75 60 30 83 71 61 98 72 87 52 70 33 28 33 24 86 54 79 96 2 70 4 8 60 11 81 48 90 37 56 47 60 28 52 80 63 52 54 33 20 17 54 90 6 95 38 33 62 8 55 62 32 56 65 93 86 15 14 71 65 71 89 55 0 2 58 13 27 5 78 75 37 96 5 60 14 18 95 11 98 82 63 53 89 43 65 3 60 61 10 75 39 28 75 79 99 88 52 25 35 51 82 48 96
31 52 8 48 67 19 61 100 8 13 23 92 60 58 17 85 75 91 31 39 16 89 89 39 18 34 22 38 53 62 93 85 88 26 51 17 79 57 28 41 11 28 37 61 21 35 4 28 38 8 58 96 39 50 51 85 27 19 15 49 43 82 63 18 66 3 1 97 45 56 69 75 11 0 9 32 27 48 88 88 64 27 64 71 82 78 74 54 87 31 66 6 13 34 22 53 64 99 100 76 6 74 84 71 79 62 27 14 11 69 95 29 26 21 25 38 46 20 99 66 20 7 14 36 39 79 14 83 45 55 23 82 21 0 98 0 45 83 70 33 33 100 14 36 52 57 37 45 42 92 42 91 17 59 81 17 94 96 10 67 81 54 51 50 46 91 10 94 84 15 68 16 12 9 10 0 10
31 97 24 34 67 14 72 93 76 21 8 54 77 35 87 49 90 91 70 60 14 20 95 12 21 55 9 80 32 0 62 13 19 54 88 23 26 88 82 0 46 98 56 74 76 47 34 81 65 7 97 70 67 2 61 62 58 44 23 60 73 20 20 61 92 45 86 95 29 3 14 43 11 18 59 87 84 44 30 90 87 44 100 23 33 39 49 63 0 8 5 16 4 27 50 38 15 28 49 95 13 42 84 17 8 38 68 65 36 91 11 66 51 1 94 23 48 17 99 48 4 82 5 49 32 9 17 54 52 53 46 45 81 86 95 51 61 12 23 88 13 11 67 53 33 13 17 57 43 69 50 69 8 32 61 65 94 7 54 17 53 92 84 36 28 24 7 89 5 98 83 21 36 87 11 9 38
76 83 77 9 2 72 97 41 9 26 13 87 74 36 47 28 17 97 30 73 17 28 85 76 60 36 99 98 60 96 16 1 76 39 47 27 10 67 100 49 18 82 55 57 65 21 36 29 94 80 39 47 17 48 71 70 68 43 53 90 83 4 34 24 64 0 41 42 12 80 93 38 44 17 41 52 44 38 86 20 66 30 25 88 51 42 62 37 70 88 71 34 23 21 13 14 88 94 95 67 4 64 27 53 56 16 3 29 21 54 85 78 33 45 67 20 82 4 59 63 56 72 100 49 12 64 57 23 47 58 59 40 79 71 4 59 97 86 81 41 79 30 63 46 71 87 38 16 70 23 23 7 75 33 75 70 4 18 58 22 18 14 49 44 8 40 70 44 89 38 80 78 98 74 1 33 28
44 0 18 83 64 93 50 52 35 32 35 55 76 36 93 18 99 32 47 62 23 0 53 53 15 3 25 9 68 65 41 23 38 89 64 60 90 31 4 80 85 83 18 26 53 65 34 62 67 79 11 18 66 64 70 12 92 13 53 75 64 74 92 22 60 29 12 55 66 94 86 49 2 47 55 2 96 40 40 14 46 53 95 60 95 72 73 8 10 38 89 93 24 53 24 26 73 4 67 52 58 33 85 93 35 32 40 61 59 14 27 25 9 93 57 13 92 3 98 19 5 63 32 71 19 95 88 58 5 73 13 42 18 2 99 45 13 16 52 28 6 19 24 32 56 67 76 53 30 89 83 87 2 87 46 26 99 72 61 17 42 18 55 38 6 37 78 12 66 68 60 98 73 76 59 37 26
41 94 40 28 90 13 23 59 63 100 42 0 78 14 4 22 27 80 13 28 44 28 93 44 5 97 50 38 49 31 6 79 80 46 31 51 11 11 53 50 43 28 54 19 34 58 10 88 89 41 53 48 66 44 7 71 31 0 17 37 37 18 42 35 64 9 80 21 61 22 30 95 23 61 17 81 18 93 51 8 94 65 92 69 73 2 19 86 23 66 17 94 6 32 28 82 38 38 62 9 65 47 98 14 82 69 6 87 100 76 11 86 27 33 5 66 90 66 23 63 32 74 23 33 12 11 70 49 55 13 66 83 14 75 71 3 26 14 77 28 77 80 34 12 13 97 1 63 19 100 38 84 57 81 20 53 21 8 77 49 100 94 54 55 36 21 49 84 8 54 67 65 74 76 98 60 5
16 35 87 35 11 13 80 32 87 5 59 71 88 70 68 4 35 84 27 91 16 64 58 93 73 67 80 99 99 97 75 89 50 61 95 99 32 92 57 33 54 42 25 15 68 93 17 70 38 22 27 79 40 54 56 1 73 46 60 56 20 98 6 42 58 3 48 4 52 70 75 29 27 14 12 22 55 67 12 90 2 74 90 72 8 99 87 55 94 62 9 45 52 5 17 81 33 41 74 86 15 39 34 6 95 85 2 31 60 26 92 44 36 28 17 59 81 58 80 6 34 37 94 24 52 33 9 5 37 43 29 59 83 5 6 59 63 68 100 81 90 82 27 31 69 57 73 74 82 13 66 65 12 81 74 46 67 76 11 52 88 81 78 69 73 30 26 78 80 24 97 22 58 60 10 42 0
8 96 3 62 83 83 32 24 71 9 46 6 13 1 87 46 97 34 52 55 37 1 87 8 96 87 90 42 67 29 11 11 94 86 81 92 28 22 36 70 19 36 81 24 57 85 1 89 47 82 22 21 43 54 20 29 75 7 70 94 73 82 48 51 49 70 55 80 63 14 50 34 98 60 79 73 2 79 10 53 38 71 72 19 81 20 84 12 31 24 43 53 68 58 33 54 31 56 36 43 91 93 25 83 76 25 90 85 52 53 87 17 31 83 50 61 10 69 10 10 32 42 11 54 9 18 35 66 14 46 3 29 26 23 8 11 6 13 90 100 23 67 92 92 75 59 15 12 38 24 89 35 9 24 59 89 13 27 60 29 84 86 40 50 95 46 19 15 34 31 87 59 78 58 91 19 73
23 58 54 62 22 50 89 80 26 31 84 3 71 70 94 79 62 85 9 76 96 28 51 20 54 19 98 44 61 87 49 76 84 65 46 16 90 93 96 12 58 99 25 92 79 92 76 63 74 89 55 19 51 66 48 99 52 22 69 86 38 46 80 67 58 15 92 87 8 52 25 79 48 69 0 56 8 81 97 71 29 17 96 90 92 4 50 10 50 84 94 3 100 10 10 84 59 64 11 25 39 13 88 89 75 33 21 14 86 93 87 33 53 27 60 97 49 1 97 90 27 23 80 37 9 100 62 89 4 77 92 32 61 29 39 66 75 57 33 95 20 62 55 8 84 79 53 28 43 30 9 55 28 66 49 73 0 16 52 82 56 94 34 38 79 85 22 49 58 18 0 80 43 73 39 6 58
31 21 17 12 41 64 59 51 73 88 61 30 53 9 63 76 33 30 36 43 52 81 61 50 52 24 22 35 88 17 12 89 75 31 80 95 8 30 64 42 60 67 53 41 12 70 61 29 80 83 6 37 58 12 90 83 29 79 51 60 78 15 20 76 61 7 29 30 88 63 27 59 26 83 2 93 63 0 0 24 47 16 45 25 13 11 82 38 49 43 48 56 29 18 10 73 58 20 79 93 4 6 100 59 41 10 44 28 65 12 89 47 41 47 75 79 35 11 11 33 99 24 51 92 18 7 99 19 90 26 2 79 100 8 72 47 74 40 96 0 19 16 23 25 51 83 29 50 70 7 9 34 21 52 72 3 53 86 10 72 76 60 64 93 32 60 13 62 64 49 43 61 22 90 89 73 97
21 0 82 19 81 8 60 71 86 90 21 53 80 4 49 0 92 64 56 1 65 82 68 92 39 10 72 100 56 20 75 48 15 20 21 61 18 98 38 77 40 54 15 13 81 48 80 33 82 37 66 14 1 32 58 76 76 14 52 41 5 27 93 42 37 38 36 10 41 5 94 83 73 92 90 16 22 24 76 0 6 15 49 59 38 13 4 53 77 94 93 47 24 72 92 34 58 4 4 22 85 47 13 94 46 24 26 95 7 64 83 45 27 32 19 51 33 1 9 64 22 64 13 83 32 36 58 59 20 45 16 59 82 82 77 51 37 82 58 95 54 33 23 43 2 34 67 58 3 92 23 85 95 27 78 41 25 97 65 91 48 70 39 70 28 97 68 7 12 97 45 86 89 38 66 99 4
17 82 69 17 65 21 90 70 46 32 42 62 40 62 95 53 5 28 30 68 42 29 97 30 28 1 55 39 7 36 85 21 42 95 97 81 43 96 69 72 36 69 41 20 40 9 35 39 85 1 70 39 20 5 98 23 24 4 18 6 31 44 32 4 12 96 90 49 14 97 100 52 79 49 68 10 8 50 90 56 96 17 61 53 91 71 29 5 62 55 14 57 52 18 86 79 46 79 85 1 50 73 99 86 54 59 24 27 99 16 98 8 48 83 99 88 2 53 41 15 10 68 10 32 72 17 79 34 78 71 93 79 40 23 86 54 72 41 32 38 51 98 47 94 91 9 60 37 77 26 27 24 70 52 91 91 44 54 84 31 44 93 77 6 43 30 35 94 69 97 64 77 26 100 60 37 64
51 87 4 62 75 61 93 38 50 63 6 76 79 98 73 57 25 30 94 13 77 78 70 52 72 85 53 26 100 60 80 30 24 15 19 85 15 72 25 83 86 22 82 94 90 40 45 93 92 65 15 89 17 23 66 77 59 25 63 3 8 76 97 25 65 14 6 4 30 85 15 21 28 38 6 73 41 42 7 2 16 34 47 3 5 79 83 12 86 70 31 42 77 34 71 97 37 97 23 20 96 74 32 14 14 35 55 95 50 55 41 85 67 80 47 19 91 35 32 76 17 54 18 71 1 86 7 42 90 39 20 73 3 71 95 19 83 99 37 98 38 66 87 31 66 25 57 39 22 29 32 9 7 47 55 77 28 65 47 7 31 68 89 19 16 8 23 84 20 8 46 67 86 16 78 96 17
1 19 89 56 95 7 38 35 38 27 36 45 95 78 40 98 53 22 11 52 17 79 64 66 28 36 17 45 80 27 7 8 81 15 59 92 8 41 88 29 4 7 39 84 66 29 51 19 48 94 2 11 65 56 45 2 79 18 86 54 89 98 93 21 66 12 54 92 49 2 40 14 47 35 63 24 43 100 91 94 63 70 84 6 48 98 95 1 67 57 96 100 16 46 52 38 59 14 21 90 37 89 22 84 47 2 0 25 5 93 94 93 21 69 80 63 71 55 11 37 15 10 96 78 1 69 60 85 76 76 62 39 19 31 72 34 21 15 55 65 4 81 50 56 67 89 100 70 86 60 96 98 48 74 85 77 0 11 21 44 73 17 19 62 68 73 1 32 12 4 67 9 98 27 9 0 0
55 9 89 84 42 1 21 59 19 77 77 84 90 14 1 73 57 42 89 39 45 79 93 76 26 62 68 15 95 50 43 47 85 56 94 18 69 90 76 48 46 22 34 29 57 29 45 69 49 80 61 45 10 73 61 64 18 93 43 78 86 44 30 6 50 55 79 17 55 64 74 52 80 45 30 88 38 43 20 22 80 49 49 31 55 14 8 87 56 67 27 78 82 4 65 85 100 9 33 29 47 32 24 78 22 86 46 6 89 31 97 76 80 25 22 41 14 10 92 23 53 82 51 95 67 48 26 78 59 86 73 27 25 72 49 55 17 41 9 61 50 45 73 17 77 35 32 73 40 76 85 89 19 95 99 11 77 50 62 21 94 45 62 78 15 11 45 92 50 4 43 76 41 45 86 58 87
89 30 20 72 58 91 74 92 6 78 52 78 30 81 39 69 7 48 96 1 65 81 56 20 44 70 48 55 18 41 38 49 44 44 91 86 71 74 56 59 31 77 7 4 15 15 18 69 76 79 79 25 22 64 64 24 13 11 32 14 75 23 58 48 60 20 92 0 58 35 52 27 8 68 45 17 53 72 58 77 63 89 87 78 57 38 93 18 11 1 30 38 89 25 99 0 76 74 88 32 70 33 26 31 67 52 29 91 63 96 52 23 46 8 48 69 41 58 82 76 77 57 58 25 59 70 52 56 84 30 29 92 98 23 52 82 17 49 26 17 29 31 64 69 68 75 39 60 65 49 12 86 50 64 63 12 19 93 10 88 45 81 78 23 21 21 89 54 78 60 36 41 74 5 72 15 49
38 2 23 17 13 91 24 98 57 69 83 70 29 12 19 35 43 84 36 44 100 62 61 26 47 33 97 39 59 82 32 58 8 65 42 92 1 29 82 73 53 21 74 76 34 45 21 48 63 3 49 40 78 57 13 75 61 48 36 40 40 0 32 4 15 13 6 43 58 76 41 81 52 70 45 78 9 54 84 94 56 5 17 100 74 38 57 56 2 64 54 50 81 6 86 20 72 17 7 56 16 56 13 57 38 10 95 19 72 94 72 42 49 27 23 89 63 38 81 23 83 43 65 56 29 99 97 100 37 6 51 13 0 54 62 73 94 39 43 99 83 18 27 96 47 51 21 77 66 72 64 62 92 30 37 20 47 10 3 92 17 83 33 28 40 58 47 0 20 24 96 63 29 42 100 88 75
41 14 52 96 34 59 18 2 42 23 100 17 84 65 96 8 73 95 73 86 62 63 62 75 12 80 72 85 47 35 84 26 54 20 40 64 5 73 95 73 90 17 42 88 15 49 58 52 58 78 5 30 94 77 56 27 80 14 72 88 47 57 50 23 34 40 25 80 96 38 94 51 60 88 100 91 65 71 62 25 34 57 90 85 93 68 67 66 24 50 72 64 8 56 40 98 80 80 49 93 51 12 96 84 15 6 75 68 37 86 22 82 53 32 89 1 35 21 22 34 29 51 28 55 14 46 24 35 81 17 79 81 47 87 81 53 69 34 87 23 99 97 49 85 60 33 53 41 91 73 49 39 43 38 55 55 41 84 23 83 38 38 93 45 9 36 8 43 93 45 97 21 38 83 45 5 84
54 16 20 28 58 90 25 75 56 73 52 15 0 95 83 21 64 22 12 30 31 16 75 80 82 44 34 24 76 85 94 48 31 61 28 12 82 10 25 98 34 66 81 97 45 5 72 3 5 25 19 97 38 83 39 16 98 20 90 10 71 77 65 29 41 86 32 35 60 88 58 74 92 52 3 74 0 96 52 88 17 64 98 21 4 26 3 99 35 10 14 38 1 58 11 79 64 21 10 94 47 9 36 63 54 1 92 82 12 97 16 77 56 21 29 62 24 36 25 80 23 98 53 91 21 11 88 18 51 93 17 37 16 28 29 58 100 21 20 27 42 33 66 74 35 62 46 83 3 90 23 92 52 16 87 11 56 79 50 1 13 82 16 84 61 94 29 59 25 89 97 24 78 58 88 75 63
72 84 30 26 30 58 75 60 18 23 93 84 22 11 97 100 72 70 97 89 43 12 36 42 60 81 17 12 26 60 97 78 20 68 76 70 54 4 41 71 62 52 73 21 79 6 63 22 19 51 22 98 19 64 74 30 89 87 11 30 77 14 72 14 74 37 71 44 86 90 98 19 13 34 12 96 58 73 96 54 33 88 99 96 62 82 32 31 83 33 60 20 20 48 90 99 92 38 87 32 70 76 50 35 19 53 0 86 84 94 10 41 30 97 100 42 62 36 100 41 23 100 34 23 40 68 99 55 32 72 16 45 66 64 97 22 19 11 45 45 66 25 73 92 29 41 93 29 96 59 74 15 67 3 16 22 71 42 81 38 68 28 12 81 10 40 75 30 98 77 18 24 39 91 75 78 69
68 22 32 12 91 7 48 100 78 44 91 16 54 7 37 89 36 68 88 71 28 41 75 81 84 74 12 93 95 38 58 48 84 15 60 69 59 3 1 32 14 54 100 50 94 49 74 30 20 79 27 66 26 47 93 43 62 41 42 35 65 81 31 78 92 13 38 71 98 79 17 9 88 12 47 31 43 12 59 36 31 47 93 98 86 62 45 4 72 71 56 9 58 78 43 10 4 14 85 81 77 51 8 61 92 28 68 63 40 66 31 100 19 49 40 74 16 29 45 72 85 49 28 86 33 68 82 32 88 25 99 82 26 3 30 35 55 59 47 88 42 36 60 42 8 33 30 82 1 25 38 57 60 24 25 46 26 95 43 22 39 30 74 6 59 42 90 16 72 9 32 95 57 2 33 20 36
87 41 68 16 0 61 12 12 16 76 40 55 96 33 93 61 79 60 33 30 96 75 81 87 90 84 85 4 40 79 57 51 11 3 48 2 4 49 11 99 49 92 6 46 56 13 53 57 25 38 27 2 25 51 97 4 59 30 15 17 89 19 38 40 52 43 65 94 45 89 54 87 64 45 8 5 10 86 31 16 32 16 6 52 94 36 100 62 79 51 40 95 8 19 5 32 41 53 20 24 100 15 91 55 48 51 14 52 75 78 57 49 63 88 37 0 51 88 27 28 40 48 55 46 48 88 42 14 98 50 89 33 93 84 33 25 66 68 4 26 81 94 30 0 47 65 38 16 38 99 81 7 6 35 49 69 93 49 52 84 61 56 79 93 56 67 89 27 100 43 85 57 57 74 88 97 43
66 95 33 0 55 2 66 91 45 20 76 6 26 51 27 45 81 32 31 90 44 10 13 36 19 32 96 52 15 61 54 42 30 1 62 10 23 35 9 79 1 1 57 72 43 45 85 53 16 31 9 40 61 50 94 25 73 29 80 28 9 15 1 70 100 64 40 30 40 82 18 82 77 6 82 76 80 74 87 91 76 81 50 16 52 82 36 75 13 74 58 81 52 4 14 73 2 65 78 21 26 98 77 51 20 78 63 14 58 46 52 32 3 84 85 98 83 95 38 38 93 6 10 69 90 78 51 60 77 85 42 65 24 98 57 25 51 94 47 5 10 68 19 21 90 91 35 47 14 38 71 82 84 14 73 98 5 67 79 13 37 59 14 13 90 38 79 47 44 2 100 33 74 34 22 41 67
49 40 29 93 65 17 95 100 97 40 99 16 42 31 80 23 61 4 79 1 73 6 69 99 24 21 72 28 75 3 25 26 63 33 55 52 97 39 38 76 11 0 62 4 51 94 3 20 28 56 14 81 8 21 82 48 17 20 38 52 86 9 38 80 21 90 15 40 39 66 16 28 95 85 5 38 29 88 85 92 68 85 53 47 96 85 93 42 16 9 9 12 13 45 97 49 95 19 26 26 93 71 27 90 0 91 2 68 23 39 2 64 61 14 1 61 82 1 12 32 48 56 73 28 82 23 4 91 52 30 95 96 45 98 51 24 57 41 39 58 79 85 49 58 24 21 23 41 34 30 95 16 23 80 77 56 22 93 8 48 93 97 47 37 42 49 53 54 48 48 58 12 58 21 92 98 46
32 32 20 64 80 53 27 42 30 93 43 6 72 51 10 2 3 50 88 91 38 66 80 57 50 57 85 33 76 8 11 5 64 84 43 77 81 100 17 76 12 9 78 39 82 85 73 9 23 75 65 85 28 12 31 28 6 69 78 48 38 59 36 79 91 14 53 87 34 74 55 49 86 52 59 94 70 55 87 27 8 11 30 34 44 25 65 86 69 75 30 4 35 81 85 46 66 90 94 89 19 49 28 85 96 8 3 26 39 4 52 20 73 1 13 55 39 91 73 92 100 1 0 31 17 17 78 59 9 81 39 41 91 96 12 5 44 86 91 68 84 9 36 11 94 22 89 61 99 53 89 92 75 100 14 12 76 68 6 39 51 72 79 89 95 80 22 98 73 71 6 43 99 86 81 51 69
34 67 22 2 2 67 37 48 27 80 11 44 81 93 36 32 59 9 87 76 38 2 39 87 57 40 55 43 39 97 0 68 43 91 70 29 1 90 39 20 81 33 25 2 76 69 33 31 57 11 74 89 41 80 73 75 42 29 20 58 38 53 26 72 56 39 57 38 98 30 58 36 46 45 42 56 14 83 90 26 8 78 90 63 62 85 45 2 49 23 53 0 17 89 76 80 56 38 26 11 90 52 88 96 39 22 74 83 30 95 13 50 49 96 4 77 73 15 10 47 71 12 90 0 47 28 57 87 89 24 44 46 38 24 83 6 92 8 44 59 20 92 88 90 39 76 76 72 47 80 90 20 52 74 77 33 30 94 88 18 61 62 44 22 6 73 37 73 72 35 87 37 61 26 49 35 31
81 47 90 53 64 43 29 56 65 13 30 23 3 1 43 20 73 63 11 66 91 76 98 8 64 42 62 39 55 77 70 85 14 59 33 68 57 56 5 65 5 98 22 87 81 8 32 51 50 90 63 37 78 54 17 40 80 88 96 62 42 73 58 30 86 17 57 79 79 81 27 77 9 40 70 74 82 76 80 78 89 53 79 87 9 80 31 97 29 79 85 64 49 100 30 30 7 64 100 29 95 35 61 11 77 93 65 87 42 66 81 89 33 51 13 22 36 32 21 44 77 7 25 83 79 88 35 30 20 28 49 86 76 69 98 15 31 60 80 49 38 76 13 100 93 12 99 45 73 6 42 34 84 66 59 48 45 2 79 92 85 71 50 19 73 30 91 94 11 54 75 0 8 51 30 81 12
100 3 79 100 28 3 92 21 81 32 18 41 21 59 24 45 46 1 86 44 14 18 49 86 7 20 98 50 20 14 29 2 50 59 40 47 17 79 76 19 95 26 83 4 78 73 12 18 69 67 80 29 98 20 87 9 73 42 56 19 36 28 0 77 95 83 69 62 27 83 36 83 56 8 95 16 40 82 82 27 31 62 8 90 83 12 34 76 87 43 72 8 44 22 24 11 20 49 28 9 70 92 12 75 54 13 81 44 70 14 50 86 93 99 40 39 99 85 99 63 89 49 84 86 96 55 14 39 23 51 72 21 72 53 23 59 40 60 98 16 83 40 65 36 13 3 33 25 8 73 38 10 90 38 4 86 37 83 15 32 98 53 30 78 60 62 17 48 28 100 51 78 12 88 62 46 40
18 77 97 72 47 38 37 42 26 66 66 71 30 12 90 31 15 53 1 97 60 41 39 22 35 48 36 92 25 1 97 19 32 76 82 70 83 18 15 61 7 75 64 90 73 33 40 54 79 52 89 92 93 91 49 91 85 15 18 89 34 70 91 3 85 85 90 74 46 43 95 48 32 31 76 25 80 12 17 0 85 97 13 27 40 24 64 0 40 94 57 73 24 84 21 100 91 33 49 39 84 39 67 16 47 82 34 99 94 27 78 84 100 1 18 97 48 17 43 84 16 94 65 18 34 58 100 91 69 7 23 8 81 49 67 12 74 12 12 73 46 33 42 65 87 12 44 14 34 38 62 24 51 94 74 39 26 15 37 66 44 87 42 91 89 16 72 77 41 55 72 32 61 40 28 54 29
49 92 29 8 45 17 59 100 67 29 51 91 92 85 69 14 19 57 18 51 41 81 56 60 79 0 89 18 12 38 55 75 59 19 20 47 52 52 47 15 63 32 49 29 99 9 77 37 47 82 9 74 47 91 16 83 76 33 18 78 67 84 65 90 17 13 62 5 91 53 42 3 71 46 59 61 40 55 95 76 32 21 60 47 30 5 23 37 40 44 60 53 47 3 94 35 92 50 86 62 12 26 85 44 49 16 49 53 73 31 48 95 92 96 34 94 65 87 26 7 83 95 38 89 35 23 48 11 65 79 26 84 67 46 24 89 85 23 32 25 80 19 42 71 20 66 51 61 19 61 23 53 69 35 69 72 58 40 65 25 51 40 59 14 91 43 59 61 44 28 89 3 38 59 73 58 72
19 4 58 5 99 73 32 8 41 91 2 69 16 34 55 30 70 40 3 35 97 80 95 23 58 6 21 80 14 91 13 84 31 35 27 12 25 77 44 99 77 9 60 67 5 3 21 77 45 66 74 96 81 53 58 5 33 72 45 82 77 89 71 99 19 55 85 57 90 56 26 84 99 58 62 21 91 22 20 59 73 23 18 16 44 75 70 91 42 23 61 3 42 19 55 65 44 43 25 38 95 23 77 42 90 14 48 93 7 18 24 79 45 0 48 58 31 6 71 16 90 70 4 16 88 37 85 14 88 65 55 18 20 16 14 80 95 15 89 10 95 2 49 49 47 74 43 56 80 90 59 83 30 79 13 20 83 10 67 49 35 88 64 7 77 69 24 50 23 66 40 98 5 79 87 66 19
34 34 89 52 34 64 23 36 51 69 65 57 50 7 11 75 96 56 80 60 12 19 86 79 76 21 93 30 72 22 48 46 78 4 89 9 14 41 83 2 15 9 38 40 81 14 16 44 50 41 61 39 25 91 39 26 41 55 35 2 16 87 7 75 72 87 80 65 6 69 36 52 68 19 95 52 75 33 8 93 51 51 28 29 79 98 14 33 33 33 8 81 83 51 17 60 20 62 34 1 54 23 30 25 89 67 59 42 15 12 9 57 95 50 70 16 33 7 53 5 48 61 52 92 61 3 2 9 17 34 39 47 11 76 79 70 17 32 62 38 48 87 17 90 50 13 38 77 28 26 69 39 6 100 71 73 96 92 24 28 80 78 15 66 72 26 0 55 51 21 86 0 15 4 51 86 8
53 89 97 1 5 66 81 81 79 30 51 87 36 33 48 63 15 30 6 59 16 4 55 85 47 74 28 2 22 32 71 70 99 9 40 58 33 28 83 28 59 57 39 14 34 14 59 32 40 87 10 52 86 45 46 97 81 48 32 28 31 20 65 39 66 18 83 62 70 2 3 14 48 51 78 81 14 4 29 35 92 72 30 60 50 30 13 43 11 77 21 6 47 21 6 79 77 0 43 12 79 89 81 8 35 88 76 22 37 91 80 31 5 72 36 4 95 61 10 89 4 61 21 62 99 64 70 68 88 88 45 97 95 34 5 12 5 82 25 100 17 27 0 54 9 85 85 26 25 17 56 55 0 36 81 8 34 97 34 81 11 70 7 22 9 85 96 4 35 68 98 19 86 21 61 89 11
49 57 16 59 61 98 55 85 30 27 80 49 30 8 50 35 59 23 47 84 53 62 85 29 6 2 8 91 100 18 56 8 32 76 41 75 31 16 65 8 50 45 57 4 84 19 38 79 63 55 67 34 6 33 87 88 25 60 24 19 32 3 3 40 19 13 34 61 79 8 44 33 29 61 3 66 86 41 56 55 97 62 9 12 58 87 100 63 81 47 37 5 41 68 33 27 55 60 36 19 71 12 25 81 60 43 38 70 93 49 29 83 61 7 87 51 92 13 67 73 2 79 64 23 56 99 90 72 46 12 79 83 59 74 32 23 18 29 26 74 86 47 19 31 0 92 29 3 44 94 44 75 28 93 44 72 80 66 54 97 31 69 70 8 57 63 69 65 99 60 9 96 16 21 26 17 65
47 20 97 37 96 20 4 91 81 9 77 79 94 82 67 79 58 69 91 86 31 88 24 99 47 89 71 29 6 3 46 69 100 89 2 8 0 59 99 50 52 23 94 58 76 42 77 92 53 63 11 8 30 70 31 60 72 22 24 3 72 24 1 82 24 41 34 73 44 91 80 38 59 91 21 8 38 74 42 88 46 97 68 42 91 69 59 65 2 71 80 50 11 29 35 63 60 88 22 23 23 75 17 9 5 31 70 47 58 88 1 65 16 0 11 76 98 12 6 19 63 9 8 46 57 65 7 55 47 50 90 60 63 39 95 78 77 44 56 92 22 88 60 74 45 38 46 86 82 41 51 55 23 37 34 10 12 52 88 12 50 16 99 45 23 11 77 49 98 9 93 90 100 15 73 82 87
91 50 1 12 7 13 65 95 60 67 81 84 57 60 19 63 32 98 7 31 55 13 74 63 88 8 59 77 68 95 36 62 13 14 40 19 65 15 12 0 4 55 89 39 67 83 51 89 95 65 72 3 78 33 9 13 9 14 60 52 59 16 57 20 46 88 11 15 89 15 73 21 39 35 61 88 11 41 77 38 67 7 34 1 66 33 47 73 52 41 64 25 97 79 89 31 19 85 40 77 69 59 4 59 46 73 91 7 46 14 97 44 0 80 35 92 23 36 34 28 49 0 69 32 3 51 1 22 94 21 77 70 98 24 0 13 37 66 0 1 75 51 30 41 9 68 58 33 43 29 31 25 57 35 74 15 63 34 23 37 24 83 45 77 27 69 15 11 35 85 75 87 75 93 88 15 100
81 81 84 60 37 64 24 1 55 49 64 4 87 5 2 3 52 88 36 100 99 96 92 52 80 48 16 40 0 49 8 0 10 30 89 87 83 42 42 56 60 54 38 36 64 0 73 91 53 72 23 79 90 98 64 40 61 90 51 94 89 16 69 34 52 68 21 18 4 58 72 75 90 39 41 1 40 11 45 46 27 25 37 82 14 10 27 81 1 8 93 17 43 0 7 91 100 86 47 19 51 93 46 97 15 23 89 75 26 28 93 38 86 79 2 93 3 21 96 38 31 7 43 0 8 17 10 38 94 4 31 77 34 6 58 21 24 45 98 54 5 15 68 50 41 66 5 60 12 57 19 51 3 89 1 77 34 76 13 13 32 50 84 7 19 86 96 59 66 1 13 44 38 51 0 62 14
74 12 92 45 49 81 17 0 71 61 44 62 15 70 84 51 18 98 85 26 18 54 35 27 20 82 71 36 28 5 67 45 19 11 100 14 7 74 50 34 7 62 34 28 4 43 72 52 74 75 16 55 27 84 82 90 98 48 78 8 51 39 31 31 1 9 28 11 36 40 38 48 17 63 88 93 21 64 44 59 76 54 69 86 34 45 21 43 69 26 71 96 87 43 4 59 13 26 40 36 52 43 5 0 33 55 29 90 74 77 73 44 29 44 11 38 26 61 15 67 61 80 18 52 75 34 75 36 66 94 88 43 33 3 58 44 23 84 18 7 26 56 97 98 74 84 93 58 98 37 19 35 3 54 22 59 18 70 96 21 32 47 47 31 11 32 75 51 86 89 1 3 91 37 4 12 3
78 53 14 16 64 61 57 9 52 86 64 61 21 59 3 39 28 56 79 98 51 78 58 5 73 19 51 17 38 45 63 86 100 53 31 0 9 11 28 71 100 62 71 21 68 4 82 24 32 67 53 37 32 54 30 3 6 26 26 61 43 64 80 82 6 85 75 20 12 48 56 77 78 48 5 52 48 53 85 74 70 97 13 91 37 70 96 25 86 12 21 77 95 4 62 65 25 86 27 72 52 72 65 96 69 34 31 47 8 54 66 37 92 76 89 66 87 9 53 41 90 64 27 72 76 36 12 77 59 70 20 84 77 48 28 62 66 6 27 55 2 9 86 57 29 80 54 61 99 42 2 98 4 67 29 63 2 78 22 87 8 89 53 29 25 61 63 88 28 37 56 91 60 79 19 83 27
68 33 76 80 100 66 54 91 59 9 21 82 88 60 11 13 74 42 49 33 98 26 34 69 4 50 48 62 2 6 71 45 7 93 37 50 1 54 36 70 61 31 51 15 30 50 73 16 77 75 2 24 55 97 9 97 35 39 42 99 13 81 43 99 71 86 35 42 73 44 6 27 1 76 25 57 73 92 66 90 62 89 70 62 67 73 38 98 17 40 31 6 68 51 32 23 23 70 48 76 7 76 75 91 84 7 73 96 52 93 86 5 92 12 60 77 83 0 100 81 87 28 73 52 17 76 3 5 46 80 41 77 35 89 81 6 71 21 10 89 90 37 33 60 60 97 61 8 89 27 63 95 69 18 65 87 67 100 80 95 22 31 96 5 74 58 68 89 51 82 39 94 87 14 69 12 18
26 9 86 91 67 9 9 17 98 37 60 47 26 68 40 74 79 51 51 87 1 67 82 93 50 49 76 73 96 85 36 0 70 86 80 68 92 52 62 72 90 44 33 69 31 90 98 86 63 81 84 66 21 32 91 90 17 97 53 78 43 69 66 1 4 60 16 67 26 64 95 82 80 72 86 21 100 27 85 63 62 99 48 99 23 29 15 93 18 31 27 47 29 56 99 12 82 62 73 80 55 29 28 68 21 61 11 72 86 89 14 20 77 94 67 60 5 50 19 93 98 81 25 73 25 25 19 8 48 81 97 16 14 79 78 1 82 38 16 61 56 56 70 15 100 75 73 67 65 10 95 19 2 67 39 44 88 9 38 13 67 20 89 76 48 15 0 39 0 78 18 64 46 55 42 6 64
53 30 90 41 78 0 36 59 64 27 10 8 7 81 41 3 38 35 51 49 64 93 97 21 37 50 24 73 93 54 2 33 44 84 59 100 40 50 2 8 68 71 65 17 67 93 92 100 6 91 75 92 65 41 76 100 72 9 2 59 11 28 5 8 5 74 49 57 76 80 15 52 59 63 64 84 27 68 1 52 24 62 52 44 38 37 95 99 49 9 67 96 44 3 89 91 8 80 27 69 40 42 27 59 89 68 31 57 20 34 26 69 72 7 34 94 100 30 25 38 76 73 42 86 100 70 96 53 16 49 38 55 98 84 43 82 90 19 83 3 97 63 37 3 20 17 5 97 26 20 68 53 68 48 80 3 53 32 35 48 100 74 26 56 12 90 5 64 93 63 8 49 85 45 9 11 30
8 80 10 65 25 49 35 75 58 90 34 59 7 45 43 41 9 33 73 43 60 57 80 2 70 57 69 52 22 88 67 6 51 62 9 45 75 96 47 49 89 1 15 17 62 36 54 4 98 82 29 90 86 92 57 30 76 61 6 13 17 84 68 76 29 49 90 83 65 69 18 3 36 78 86 27 75 79 26 40 9 77 32 79 76 88 36 74 60 8 89 15 87 38 54 95 57 78 81 62 63 45 12 74 53 55 14 8 19 93 96 75 12 66 82 91 59 63 78 15 59 50 54 59 62 41 71 73 95 34 16 12 73 45 75 91 77 61 65 76 18 55 9 10 21 89 74 53 94 70 71 84 30 63 68 32 27 48 43 24 74 5 45 99 40 83 76 28 86 99 69 86 35 53 10 2 18
82 52 82 20 43 89 62 45 27 41 23 39 70 5 67 87 48 2 15 22 46 30 77 10 30 79 20 31 48 52 76 11 98 32 29 48 44 6 15 38 15 14 15 62 99 59 27 22 38 0 52 52 63 83 33 11 28 65 64 23 35 52 50 47 72 77 67 8 68 92 47 36 3 88 10 76 47 82 8 64 39 88 18 3 65 58 54 49 19 53 8 75 37 64 28 71 22 13 80 12 15 73 15 7 6 38 92 33 94 72 72 42 67 16 55 16 42 73 91 83 54 0 100 28 82 53 68 60 100 36 13 11 94 74 29 5 78 2 23 95 35 24 63 3 33 87 41 2 63 59 77 57 42 19 97 85 38 49 67 81 41 65 16 1 84 28 52 38 23 48 30 13 24 15 42 37 25
58 8 75 30 79 34 25 85 5 36 59 36 17 92 61 8 79 14 72 51 69 45 27 53 42 30 57 100 97 60 45 15 84 37 83 100 54 8 97 97 49 76 35 92 9 11 59 100 56 83 82 86 44 47 58 81 2 72 47 58 97 4 84 62 72 97 12 99 23 23 35 36 53 45 79 44 72 24 81 47 84 9 67 93 99 62 11 6 67 54 99 100 80 42 53 11 62 83 21 31 79 95 100 23 15 71 80 88 30 79 8 84 60 64 37 72 74 48 87 51 78 63 96 71 65 99 65 62 57 4 3 83 74 34 44 64 62 97 8 31 59 71 57 31 8 25 68 45 93 81 48 73 51 59 9 99 11 39 30 81 74 77 4 58 84 45 53 6 61 27 47 66 18 1 20 9 56
8 93 42 22 10 82 45 85 98 70 38 43 82 43 40 95 1 53 68 91 45 65 47 83 2 3 2 6 66 37 67 60 99 80 59 59 49 27 16 18 38 71 90 35 59 96 56 95 71 73 30 38 57 29 68 19 98 72 53 17 5 71 37 28 31 13 92 40 35 49 93 66 68 11 92 12 44 38 7 24 64 38 0 64 48 51 22 29 61 8 44 81 89 26 16 73 78 54 16 19 19 47 43 89 57 31 22 78 91 8 19 47 16 15 53 50 35 71 89 28 70 96 48 76 69 96 54 45 74 29 63 13 11 91 2 74 69 65 100 71 0 87 34 14 57 18 47 93 89 69 16 66 41 37 22 87 85 19 78 83 15 90 67 22 56 81 68 41 26 46 55 23 49 27 31 51 30
63 38 72 50 32 78 46 31 72 79 64 79 6 86 97 46 15 84 40 4 8 61 19 49 14 71 46 69 67 29 49 10 7 67 79 100 68 14 20 61 86 14 39 90 76 75 5 1 49 30 54 31 79 99 59 4 43 57 86 99 95 49 65 44 4 68 34 25 37 25 32 82 86 91 36 66 16 65 45 0 90 95 28 51 32 66 56 19 39 63 1 53 5 83 38 46 18 76 69 36 27 48 64 55 61 34 36 45 84 49 23 29 48 51 6 86 82 37 7 77 47 88 1 49 92 34 39 1 17 74 53 30 47 98 62 63 17 29 0 51 7 45 3 8 42 21 96 79 14 23 92 48 24 95 24 17 13 35 15 38 39 11 89 41 60 13 41 17 84 61 7 87 100 73 60 10 1
2 59 19 36 61 8 46 79 10 13 64 53 19 31 14 75 43 34 97 9 36 47 96 87 44 37 100 57 36 4 34 48 35 78 17 20 58 93 27 32 33 55 86 80 40 60 98 32 28 15 27 58 93 28 10 32 3 21 67 92 48 3 12 44 21 25 31 78 98 44 47 36 40 56 77 65 16 35 53 87 37 69 79 81 52 85 93 22 4 75 78 3 71 33 60 91 89 59 58 65 28 19 58 67 8 87 3 17 93 85 22 9 34 22 53 34 90 19 32 57 57 5 37 75 51 100 12 22 18 72 80 26 21 15 37 34 78 42 41 21 33 4 19 77 59 50 40 60 8 31 42 24 0 89 41 9 77 49 72 29 26 97 27 69 31 10 46 21 97 27 70 59 21 54 34 16 45
56 52 16 75 44 60 66 14 78 11 53 64 88 61 84 56 3 79 37 66 43 42 83 57 73 16 61 100 84 66 29 69 27 68 89 52 100 62 81 13 91 56 62 57 19 66 52 51 56 21 6 92 31 26 36 49 45 6 58 1 47 81 66 15 30 80 51 65 9 13 84 83 5 72 61 18 53 7 60 9 24 53 3 17 78 83 64 86 39 29 52 33 89 56 33 2 72 75 36 98 45 0 6 43 67 63 17 76 89 86 21 98 57 43 1 91 80 52 1 33 20 8 85 64 17 88 4 65 82 72 43 75 33 5 1 17 72 37 84 40 7 47 33 88 33 56 73 85 81 38 80 45 72 3 98 97 7 61 47 46 91 2 55 48 36 4 33 51 9 93 18 9 81 83 34 3 3
28 56 48 40 44 93 6 6 36 55 35 13 0 93 14 93 43 64 67 16 40 36 22 36 84 25 9 18 69 10 15 28 53 59 58 79 30 63 92 18 89 15 97 15 85 99 19 89 93 26 86 74 29 18 78 97 49 81 72 67 88 16 56 96 91 22 79 64 31 84 23 39 76 50 50 54 67 31 67 45 52 71 66 38 80 83 10 7 56 20 53 69 5 69 68 53 38 59 19 10 76 68 63 1 10 56 84 37 12 74 72 12 14 65 54 77 71 32 43 57 78 6 28 54 22 46 30 67 73 76 53 33 1 78 46 66 73 24 81 25 20 51 27 74 57 44 52 61 67 96 16 22 29 77 89 76 33 59 66 57 3 85 29 77 62 65 40 43 81 22 87 60 71 31 97 6 43
6 46 46 82 98 81 39 30 65 22 82 9 45 58 60 78 11 94 21 52 97 53 34 29 22 91 80 89 21 67 6 87 65 95 9 98 69 95 47 73 11 60 19 42 43 77 12 81 47 50 62 59 69 99 40 39 52 5 50 21 77 20 59 69 36 16 96 14 9 1 94 89 14 77 69 45 51 18 91 39 92 17 47 53 83 13 87 78 47 87 60 13 51 60 80 10 54 64 77 46 21 29 58 59 82 95 45 7 27 59 96 56 87 95 63 54 72 46 19 11 55 74 88 12 1 17 29 82 15 0 66 37 99 2 40 48 91 86 23 41 82 55 87 66 51 54 74 99 13 0 34 2 37 21 88 70 56 29 82 0 5 96 3 66 66 88 85 79 7 12 89 82 11 45 72 52 92
66 35 69 21 92 10 76 97 86 55 74 18 79 72 38 55 98 65 54 65 17 73 27 47 61 98 84 27 6 48 23 65 48 75 4 52 24 27 34 43 13 59 14 7 10 84 41 3 34 16 41 50 89 28 36 85 66 77 1 13 33 36 71 53 9 96 6 21 96 56 47 8 6 26 82 6 19 65 28 49 92 57 85 60 73 27 18 73 81 74 13 60 53 75 0 69 83 46 83 57 52 73 76 78 14 86 88 73 81 92 0 61 40 78 80 36 100 63 52 88 54 9 27 26 77 16 5 93 93 82 93 69 92 22 52 72 17 32 63 56 96 29 33 69 60 6 93 20 38 35 24 67 52 99 71 28 96 84 13 70 99 60 63 10 4 53 5 59 100 7 63 47 57 29 37 25 27
26 78 32 25 72 79 4 59 91 69 29 30 89 0 44 66 64 46 27 63 34 54 31 65 42 24 0 68 4 25 91 46 21 12 97 4 79 44 16 94 44 61 52 96 3 59 0 52 53 78 62 11 21 63 15 3 62 5 55 53 68 33 61 46 94 71 82 84 26 24 88 47 33 73 2 86 74 30 96 35 59 31 7 95 9 21 2 41 1 36 81 98 84 42 11 11 95 53 48 38 46 82 56 34 93 97 90 4 16 3 32 23 68 92 3 49 9 67 85 25 55 51 35 39 26 23 46 43 93 32 98 76 29 5 25 7 32 8 49 72 8 56 37 79 30 29 46 98 85 30 54 69 87 36 23 91 30 96 14 58 75 52 100 9 94 75 86 71 63 95 67 58 52 61 84 46 13
51 2 6 30 67 43 36 9 31 83 76 7 9 69 93 74 91 86 63 17 72 23 16 37 54 22 50 49 63 3 43 47 14 47 93 68 36 30 2 86 7 44 27 36 66 49 75 6 59 76 32 2 62 28 23 10 24 57 9 71 19 85 38 32 5 67 71 87 61 31 17 26 50 20 55 80 33 3 35 67 70 36 82 76 4 73 27 52 41 49 65 43 26 1 20 0 23 48 51 57 16 34 56 84 90 52 11 97 22 33 64 52 57 67 39 39 71 55 30 29 64 44 57 16 33 42 35 98 6 66 61 31 26 1 96 38 0 30 33 86 7 30 70 66 7 10 8 64 7 12 62 32 76 98 77 73 15 45 52 8 71 78 92 84 12 22 58 58 82 96 34 33 50 27 46 0 68
60 69 36 72 55 47 73 58 12 57 34 22 30 98 39 32 49 48 61 61 13 19 27 57 4 39 99 86 17 62 40 37 45 96 50 49 49 3 19 39 60 91 35 89 29 73 60 8 21 13 86 40 42 80 27 70 7 9 64 71 26 91 11 91 57 55 4 41 53 54 13 3 85 59 3 43 31 60 80 21 14 49 85 26 58 48 100 80 27 90 5 10 2 29 49 7 81 29 84 97 52 83 49 56 13 23 88 55 96 4 37 58 69 45 86 42 15 93 40 3 0 17 14 34 62 56 24 79 59 13 1 1 47 81 72 39 92 100 4 18 15 17 37 63 42 58 0 25 36 80 71 58 7 20 97 34 100 78 84 25 93 90 87 27 64 12 75 42 80 92 25 75 12 47 96 38 49
16 36 44 6 2 5 84 19 32 51 15 16 98 95 51 39 36 97 66 34 56 97 32 4 73 59 75 71 98 1 58 35 8 88 56 66 42 38 53 71 24 55 8 22 32 94 33 75 83 48 95 92 29 12 87 27 91 49 79 87 53 10 23 61 1 18 47 87 77 6 9 4 60 31 82 2 47 32 70 43 45 63 78 71 9 83 34 55 76 93 38 74 48 85 15 0 14 0 61 10 48 74 76 95 80 99 27 53 48 64 25 2 32 3 81 16 71 65 96 30 52 70 53 89 100 39 48 4 53 71 98 20 8 71 99 28 44 6 40 91 16 42 61 56 50 46 60 72 9 20 54 78 23 60 36 12 18 12 91 83 82 70 77 19 79 75 92 12 47 84 24 31 38 82 66 73 70
22 16 22 46 48 7 23 64 18 41 56 21 20 27 66 83 62 53 82 4 13 12 62 55 87 80 76 26 50 19 0 87 67 91 71 40 83 46 45 19 37 71 23 49 86 25 3 96 9 71 91 19 13 5 11 34 18 85 45 23 47 55 78 50 53 99 32 5 54 100 28 94 41 12 56 41 24 20 13 62 91 61 97 82 82 66 85 26 10 57 98 47 20 49 57 64 29 57 1 94 2 95 72 7 82 98 56 63 17 59 97 43 57 70 58 91 17 96 57 57 17 14 60 12 33 40 69 54 19 43 25 83 1 40 51 62 3 22 26 8 20 32 44 79 36 53 50 60 89 80 5 82 13 88 29 91 61 10 50 59 51 77 23 61 82 69 11 11 48 35 9 63 18 74 74 45 4
52 0 49 63 65 81 25 32 34 32 25 59 4 5 3 55 13 68 92 2 19 8 88 77 63 69 28 94 55 84 16 54 89 64 97 23 81 55 44 6 75 82 97 80 92 22 61 17 79 76 23 99 77 91 99 16 66 29 24 44 3 99 72 23 68 62 28 22 61 46 16 98 35 16 46 55 67 47 69 21 33 86 49 75 20 51 99 2 40 17 84 54 70 53 58 0 67 35 92 38 24 44 13 39 92 33 23 14 65 52 67 74 49 94 25 84 72 93 54 1 17 68 67 80 26 16 18 16 22 91 27 3 59 52 24 28 10 99 2 80 11 39 77 23 97 17 22 15 6 8 12 22 8 32 67 79 63 54 41 100 66 66 41 22 80 7 12 5 84 28 31 14 75 24 28 10 86
16 79 70 58 71 8 43 91 63 65 50 50 99 100 2 100 78 51 26 81 87 21 41 95 9 33 24 2 9 22 1 13 23 87 24 31 87 52 20 66 0 69 59 71 56 89 58 7 88 9 78 14 14 86 62 87 84 11 46 49 40 71 5 56 74 31 21 89 83 42 55 39 11 69 4 22 99 84 88 5 99 20 29 13 57 29 45 34 26 76 14 25 82 5 43 88 75 1 31 29 96 57 82 64 66 8 25 51 55 100 90 22 38 91 62 11 12 95 87 57 47 24 99 85 97 15 70 94 49 70 63 5 57 91 70 32 55 66 94 48 66 99 95 83 93 0 27 68 49 100 1 76 25 59 49 58 50 18 100 100 51 97 56 65 6 14 90 13 92 60 56 85 5 22 37 65 43
49 84 2 31 30 31 60 30 30 14 67 22 16 78 25 71 88 58 65 11 51 81 4 42 28 35 86 65 5 29 22 42 65 63 27 80 2 60 71 38 95 97 90 27 57 31 2 63 71 12 63 33 36 41 24 82 11 56 22 86 14 66 87 6 54 92 99 78 56 37 55 56 30 9 9 64 87 51 82 35 69 2 60 78 38 30 50 41 29 60 84 4 65 53 7 82 88 13 100 74 60 25 6 82 53 44 92 57 81 55 60 37 88 15 7 6 21 24 6 62 36 57 61 46 33 41 96 61 12 42 95 9 77 81 92 55 52 90 14 67 53 5 58 11 48 59 51 19 45 74 70 2 26 38 22 98 68 87 56 59 28 57 55 38 8 44 40 34 67 9 18 39 11 30 59 41 86
96 25 4 74 60 13 45 64 46 89 83 41 20 83 12 77 35 80 39 96 79 35 17 11 99 41 28 47 42 63 89 30 76 72 16 10 30 56 9 87 27 13 2 87 18 8 54 21 6 71 36 67 39 59 26 51 45 82 12 74 65 44 78 84 72 5 12 85 22 64 53 71 14 94 76 57 78 80 8 27 15 28 36 15 7 83 15 15 56 1 20 74 43 3 86 73 77 96 51 84 37 85 67 65 94 87 79 27 63 95 5 3 69 71 35 90 82 30 44 69 36 63 17 6 17 9 99 54 21 89 26 75 50 79 42 55 11 98 42 48 34 98 92 100 47 73 39 38 27 18 68 35 68 64 31 62 25 9 70 25 66 11 45 52 3 51 3 42 1 45 38 33 32 46 76 44 54
58 97 35 79 61 77 55 37 59 5 27 53 51 7 29 77 37 54 30 32 66 11 14 70 80 98 71 58 25 89 77 57 40 66 32 21 49 45 71 66 57 2 60 34 72 36 65 5 77 59 47 76 35 88 72 20 53 94 99 17 44 53 10 69 17 8 50 23 59 80 0 54 5 84 30 69 46 0 66 70 34 20 90 50 34 26 31 92 21 71 44 36 80 37 32 40 50 4 52 74 5 51 82 28 79 30 62 90 87 5 35 41 34 68 23 3 45 59 64 78 61 99 65 53 66 85 37 27 40 31 25 94 88 18 29 99 25 17 62 61 12 46 17 30 100 4 76 83 16 27 28 68 20 48 56 41 34 39 77 62 35 41 40 58 30 31 68 87 17 72 60 35 7 76 89 59 69
36 18 15 63 79 8 36 19 99 70 24 22 56 8 11 97 15 44 73 10 27 81 38 63 91 72 19 91 58 50 19 28 26 38 45 27 2 6 32 72 68 15 60 63 81 33 53 74 63 1 40 87 53 46 11 63 3 15 27 44 95 6 100 63 90 42 78 51 13 81 56 69 24 94 47 54 96 86 1 75 96 25 41 31 19 16 81 52 1 80 48 44 13 56 80 56 79 43 40 6 82 77 96 61 26 52 65 72 8 63 95 35 48 43 45 14 4 43 40 67 53 4 88 39 60 42 60 100 34 20 22 35 47 49 34 57 54 5 17 21 41 39 93 73 47 97 55 25 43 42 44 90 96 31 52 49 12 56 94 5 84 3 60 43 19 93 47 12 68 14 78 72 64 25 38 60 49
40 76 9 68 59 80 66 76 45 94 77 55 42 73 50 34 59 52 44 3 90 78 97 26 7 11 68 31 65 84 56 92 19 70 48 91 3 59 85 91 38 88 58 28 46 61 13 20 24 83 33 96 14 93 88 68 44 13 72 71 55 81 10 99 52 41 82 77 20 22 3 90 74 8 23 36 76 56 50 12 99 20 7 42 58 23 55 77 18 49 8 95 64 4 52 92 5 31 58 10 77 13 84 36 52 62 4 98 3 26 92 65 13 78 24 74 94 85 29 42 8 92 11 13 69 78 46 65 56 50 89 47 84 37 58 33 61 91 56 65 30 87 8 74 19 27 31 32 26 92 56 69 86 76 66 5 58 89 65 56 28 17 82 29 34 4 96 1 76 28 63 62 2 95 63 82 63
1 36 99 65 99 47 99 54 66 74 3 75 20 11 99 64 94 44 25 99 14 74 90 22 22 71 43 44 17 52 65 70 53 5 85 72 57 15 54 19 89 24 95 56 89 60 86 89 49 96 57 97 72 2 34 72 83 92 33 31 93 54 41 39 19 3 54 28 42 5 51 94 34 33 43 22 33 61 44 12 7 15 92 9 71 92 42 55 92 18 0 28 11 89 56 63 100 62 93 94 84 78 29 96 91 70 94 10 56 76 44 48 99 84 91 15 83 42 39 6 100 66 47 70 17 68 10 77 60 69 56 3 0 28 58 100 14 40 34 36 32 33 1 22 100 54 2 72 58 82 3 61 12 58 0 65 88 15 49 66 93 54 44 93 90 57 91 17 26 41 3 7 41 20 70 86 38
55 71 32 84 1 58 38 27 67 40 70 28 50 71 57 41 37 94 10 84 36 79 19 41 85 18 53 62 24 65 73 9 81 35 60 23 42 27 7 52 98 72 0 26 13 94 2 26 100 35 2 30 33 82 24 43 2 59 24 58 45 62 67 11 39 89 17 31 25 37 74 74 70 34 63 3 61 52 59 34 21 82 52 39 54 64 40 10 13 37 92 40 87 14 52 2 86 38 54 81 73 59 36 9 79 37 40 54 72 82 56 71 32 27 42 13 27 11 2 19 0 71 20 91 97 58 99 12 28 95 28 0 39 42 6 52 7 80 84 88 56 40 31 56 90 93 52 34 25 41 14 2 44 84 75 76 32 64 63 37 25 73 79 43 32 43 31 40 72 63 56 8 89 46 28 29 27
87 65 33 11 90 1 95 40 13 42 8 17 50 75 55 86 84 99 75 53 93 41 10 68 6 48 22 39 57 93 45 31 71 77 63 55 48 55 56 36 33 27 96 91 84 93 43 10 57 7 41 23 32 70 6 88 71 71 26 47 12 98 2 54 28 11 67 57 41 24 86 89 14 7 98 26 86 65 32 6 21 32 26 41 31 94 53 49 3 82 59 56 95 13 36 35 38 38 79 29 29 88 50 28 96 71 76 88 73 60 51 33 50 23 82 76 0 59 86 93 54 80 61 58 29 66 48 53 38 18 99 7 36 93 85 30 5 15 52 24 81 81 79 93 19 45 18 63 83 25 34 51 10 62 40 35 10 18 73 11 84 30 27 56 81 92 74 62 50 4 96 71 98 50 94 8 8
48 44 82 43 8 73 41 50 73 98 64 23 75 30 64 9 71 1 5 6 81 52 3 2 65 18 48 85 38 49 26 8 96 94 48 30 46 26 21 12 93 22 23 41 16 42 39 16 53 72 92 55 28 81 28 82 35 91 81 1 94 26 52 61 88 94 94 75 67 34 96 87 89 30 9 22 43 88 12 81 64 27 74 53 98 11 8 5 24 10 45 6 80 57 39 56 42 14 81 48 43 49 46 68 32 97 33 43 1 71 16 58 17 85 8 5 84 54 15 72 11 85 94 28 74 32 11 17 56 17 91 88 71 90 0 23 58 26 19 79 56 87 27 70 100 65 66 66 39 85 86 78 35 96 91 52 49 38 67 28 13 31 27 3 72 67 97 66 67 38 23 28 81 4 66 97 75
65 93 44 7 64 9 36 9 14 29 62 65 8 67 2 77 90 2 97 72 98 82 48 11 63 71 78 79 93 24 78 53 65 99 1 41 99 46 28 50 34 87 75 95 90 61 67 3 8 25 12 59 61 48 68 6 4 71 40 94 81 86 22 94 82 48 60 16 97 40 71 70 22 7 39 0 19 4 96 44 60 87 41 91 28 87 98 20 96 6 58 39 64 28 61 78 20 2 94 16 59 39 22 67 97 66 24 77 75 93 36 94 20 16 65 33 56 65 85 43 0 16 75 28 91 20 44 46 45 72 31 77 50 31 93 64 61 8 94 39 79 14 55 2 5 83 11 9 79 80 99 54 14 66 3 69 47 24 18 98 81 20 17 45 24 73 94 21 90 82 89 30 0 8 16 35 85
7 73 88 16 22 46 10 22 31 72 62 74 11 69 36 70 62 32 75 55 82 6 6 18 19 45 86 53 5 73 46 62 51 82 10 3 96 32 71 56 40 37 93 57 56 19 17 3 52 100 40 85 90 31 88 53 35 16 10 29 80 51 41 24 78 89 63 28 30 48 57 13 43 96 19 23 69 97 59 55 37 7 96 0 76 41 64 18 71 72 32 36 82 16 96 14 42 73 65 16 98 2 62 42 68 63 80 9 0 99 54 33 11 54 76 66 55 53 19 35 100 70 94 19 38 22 76 94 37 21 53 37 1 41 58 51 90 70 77 41 94 86 65 99 74 73 66 27 88 83 64 66 94 68 19 56 85 79 75 52 95 92 97 86 40 55 10 47 65 86 54 11 82 44 25 95 69
44 93 92 100 28 9 40 55 91 72 67 72 85 89 74 73 44 56 42 73 20 89 83 81 7 95 92 41 56 49 75 5 16 88 46 87 48 41 5 88 18 78 19 24 57 81 99 91 98 99 94 59 90 66 25 75 29 80 62 21 75 90 6 31 43 44 18 91 96 11 83 39 17 50 34 57 78 32 33 76 100 65 74 63 85 28 38 56 68 84 2 58 56 82 54 28 52 59 98 25 13 84 45 36 17 2 43 19 23 4 89 95 31 59 95 31 70 86 50 78 64 58 40 24 86 96 39 97 44 84 17 26 71 3 26 77 9 21 47 1 99 89 65 93 92 44 42 70 10 27 77 86 10 97 48 36 91 46 62 78 81 80 56 26 59 0 20 51 30 11 51 0 21 11 8 36 14
60 68 65 45 58 48 38 1 21 72 67 30 90 5 48 69 67 46 72 88 38 67 60 78 75 65 35 29 100 19 38 55 1 57 78 58 85 62 40 75 11 100 72 43 19 53 94 84 91 10 13 100 80 0 92 26 45 33 49 50 73 50 38 56 16 7 70 45 89 20 62 88 65 60 26 75 18 61 22 64 19 38 75 90 24 60 8 42 17 21 33 28 25 68 27 26 48 41 83 35 33 62 99 95 79 37 67 77 3 100 76 75 63 23 18 23 1 62 71 81 23 55 19 97 59 81 24 35 28 26 76 57 57 47 57 21 89 41 50 21 41 98 17 52 72 37 40 88 58 13 80 19 26 91 30 16 84 54 61 58 12 35 83 40 64 11 42 87 70 6 2 6 7 60 36 22 56
57 95 54 1 0 3 98 59 37 65 13 63 33 60 2 49 89 13 59 5 93 44 16 65 45 28 60 52 77 54 28 10 5 21 30 76 55 34 75 71 14 44 27 81 75 7 83 22 6 45 77 89 67 74 99 11 30 84 29 24 19 67 52 17 16 63 26 88 36 11 73 55 95 10 74 9 10 74 41 43 54 33 82 34 22 39 35 13 50 84 35 37 36 31 27 83 57 56 94 45 34 56 76 24 57 55 27 91 69 49 44 40 22 3 82 5 84 17 97 75 94 35 11 8 56 26 40 52 42 6 11 69 97 46 21 57 46 2 9 71 46 94 35 1 66 8 74 8 59 96 6 58 75 95 94 13 42 2 13 26 52 9 61 58 30 13 53 75 81 48 46 0 67 44 86 52 18
44 47 9 95 29 61 75 14 44 29 59 57 53 72 35 56 0 23 64 79 57 14 86 41 12 48 47 18 87 29 9 63 1 24 83 66 41 25 77 94 60 24 2 60 40 33 47 30 23 51 50 17 14 32 85 2 86 51 85 46 45 12 93 62 38 71 31 57 45 84 9 21 77 8 5 38 82 86 70 77 62 36 62 56 74 31 5 35 94 14 2 54 80 22 56 94 45 88 80 9 9 43 85 74 13 82 58 77 63 21 22 95 84 22 35 57 7 52 23 20 27 94 28 1 26 24 87 72 9 6 64 62 90 96 75 45 93 7 21 69 72 27 65 96 93 1 97 37 95 55 91 2 8 0 65 70 76 11 77 22 99 69 11 13 18 18 92 35 83 13 38 16 78 16 21 44 80
67 8 3 56 86 78 18 12 79 66 8 19 55 14 75 32 32 83 69 25 6 67 5 61 5 43 30 44 91 20 36 55 47 98 7 29 27 34 58 90 72 45 5 9 70 43 49 29 49 25 81 8 69 84 2 89 8 15 40 40 11 19 21 80 21 33 59 52 68 71 97 79 76 30 67 20 46 2 54 38 54 97 18 80 76 67 90 3 14 10 21 12 20 35 7 99 72 34 25 72 10 33 12 78 42 34 40 87 51 2 100 53 58 71 78 47 36 66 79 94 20 66 57 82 39 48 6 22 8 89 82 69 21 77 26 32 65 20 25 31 7 49 62 29 65 14 35 13 91 65 63 56 30 30 54 20 8 48 94 97 90 7 90 25 7 86 86 60 24 30 46 70 57 67 17 55 26
5 74 19 57 99 96 2 2 89 64 2 100 51 92 10 45 87 91 38 25 53 42 84 51 8 52 39 10 78 28 47 77 97 99 89 100 33 97 32 52 33 63 5 33 13 7 65 2 96 81 69 89 58 81 0 62 62 31 93 26 90 13 88 11 7 46 5 87 28 88 79 52 69 65 89 28 98 65 50 50 1 50 47 36 7 62 40 71 89 64 17 54 28 25 22 88 99 48 36 93 61 15 47 13 46 58 82 34 12 10 29 71 32 60 91 17 28 69 82 6 2 89 29 4 49 99 83 2 52 90 89 74 42 70 93 81 15 53 15 29 56 70 55 89 39 58 27 73 52 25 29 83 3 15 1 87 30 33 1 60 50 83 12 60 64 48 64 56 84 59 54 8 97 70 44 85 27
84 97 61 30 19 53 82 11 6 40 52 52 58 66 96 5 5 97 59 43 20 44 93 91 41 70 85 8 98 57 78 81 20 75 24 12 65 88 8 68 3 60 12 49 24 13 57 37 22 22 19 70 74 4 1 15 16 72 26 46 41 62 72 59 49 38 85 84 88 100 71 15 67 40 21 31 29 63 88 11 80 56 34 29 63 85 24 18 7 12 2 52 27 46 39 45 1 37 77 49 64 66 83 40 52 26 65 67 74 76 6 99 16 25 9 55 30 20 26 9 86 98 19 34 1 94 4 64 58 84 38 9 27 98 94 47 71 81 28 94 9 68 70 35 9 63 23 63 10 5 41 63 92 4 57 74 55 24 45 71 2 70 7 38 28 95 47 39 9 48 86 5 96 47 10 63 54
52 73 67 2 91 75 97 34 42 39 55 24 91 56 28 13 19 26 42 18 5 84 82 46 98 62 1 28 94 30 7 59 5 20 52 62 1 41 7 11 25 33 20 98 43 23 76 73 51 56 69 87 22 2 3 72 7 56 3 73 3 17 70 33 88 2 96 52 82 44 87 33 42 43 69 29 35 16 41 20 15 25 14 90 12 30 94 46 27 0 6 83 6 95 39 34 24 40 41 14 34 70 60 89 6 30 97 25 45 42 5 20 54 59 73 7 80 96 37 59 70 36 63 21 0 72 11 56 4 84 65 7 27 91 76 32 91 13 94 0 54 25 45 88 27 35 45 91 50 40 54 96 67 96 88 35 72 35 61 52 60 6 81 32 35 99 30 96 79 53 15 31 1 10 14 47 21
37 86 88 60 31 59 30 88 65 25 100 68 5 75 36 13 69 31 36 80 21 79 86 9 67 41 37 2 63 36 29 34 79 59 90 62 15 7 86 67 62 90 25 96 98 41 84 72 10 79 62 63 18 99 69 57 85 28 0 96 42 85 73 70 95 53 98 85 26 92 70 30 97 1 51 9 1 28 93 6 53 73 33 62 73 62 70 51 20 99 51 54 31 5 91 99 51 30 60 66 90 22 99 67 48 68 78 25 11 72 87 92 31 8 68 73 13 5 9 42 17 45 90 15 19 32 34 28 3 16 2 84 85 62 43 61 36 72 1 26 40 2 0 34 60 53 13 25 16 76 22 92 26 52 0 21 27 55 78 53 8 22 52 3 2 63 58 58 35 55 93 87 53 19 73 8 33
9 65 70 26 76 67 65 72 67 46 74 71 20 100 45 92 99 25 5 28 57 28 49 41 89 30 86 48 43 98 0 88 83 29 33 81 50 60 51 97 96 39 48 2 46 31 75 42 15 19 14 42 77 21 14 34 1 32 44 25 81 4 56 38 70 33 98 50 10 65 56 91 99 19 10 100 88 41 78 92 16 63 23 61 26 71 59 51 80 95 10 3 12 33 50 38 19 28 67 73 81 81 44 21 99 30 25 30 66 13 62 31 64 34 56 89 21 10 23 50 33 22 94 9 82 100 55 63 81 45 59 1 76 10 33 22 35 93 86 3 91 11 4 65 61 4 24 7 20 42 83 16 80 68 18 91 10 29 6 57 22 11 16 44 2 58 58 65 92 10 63 89 91 20 6 28 67
56 73 88 69 78 48 52 94 67 55 28 46 4 62 35 50 36 99 67 8 12 22 66 56 92 11 68 97 61 60 21 76 99 99 60 49 39 54 95 96 62 92 20 78 63 27 73 39 30 97 46 25 84 72 37 44 58 73 56 49 1 12 59 34 71 26 24 27 51 73 73 80 94 90 26 86 27 29 79 80 76 39 21 5 92 58 80 55 2 49 33 76 54 0 59 83 45 96 86 100 47 34 38 96 27 41 25 48 8 52 68 57 26 41 69 55 5 85 95 55 27 0 19 17 33 82 59 46 0 6 94 65 29 12 79 58 24 4 44 68 33 21 59 44 87 19 90 39 56 89 95 59 30 71 14 25 37 4 22 35 52 92 9 58 93 72 88 52 94 37 16 27 92 39 42 0 27
52 13 45 41 2 79 6 96 26 63 11 17 71 72 22 30 99 57 24 26 45 71 35 78 49 77 12 0 99 37 83 8 10 36 14 73 29 72 4 56 20 11 68 61 6 39 99 43 15 12 85 18 100 29 11 64 56 67 16 61 13 82 17 11 90 96 78 50 16 10 28 69 49 17 54 0 46 17 18 66 65 29 16 65 6 91 29 53 53 17 95 46 26 25 37 42 73 95 62 35 73 54 98 53 97 73 17 94 93 39 5 84 21 70 6 98 86 43 61 53 32 1 8 48 25 60 42 45 59 30 99 44 35 96 76 100 11 22 87 53 38 98 60 5 48 100 8 82 1 45 1 81 61 35 81 48 26 20 99 92 31 96 3 42 68 52 68 64 56 56 56 85 15 38 70 98 41
21 61 63 22 20 31 90 49 44 3 95 65 11 13 46 42 54 52 100 4 61 57 51 58 85 57 16 3 99 0 90 23 67 5 28 56 78 37 99 9 70 96 51 11 29 77 14 68 99 92 63 36 72 8 13 84 2 26 83 37 7 5 90 95 94 18 87 14 81 15 84 40 81 17 33 88 94 19 13 51 23 60 2 50 29 38 78 37 49 38 26 72 74 64 17 39 24 54 27 88 42 25 22 13 84 19 85 85 86 37 94 63 35 81 67 66 17 2 82 53 95 61 51 3 81 12 98 69 46 44 9 12 27 71 65 93 70 82 22 77 18 46 22 5 9 75 14 99 47 22 42 24 12 39 18 73 85 16 5 63 29 35 57 67 38 13 87 88 85 30 54 82 73 27 72 87 25
43 61 34 31 46 4 75 95 29 37 43 84 39 29 99 86 4 70 10 79 20 98 25 16 62 89 85 33 93 93 45 68 47 1 59 87 33 5 78 91 59 81 53 71 36 100 20 0 38 10 52 62 62 70 58 19 14 76 25 56 92 65 24 97 85 49 93 66 68 29 9 5 98 96 73 1 13 81 13 26 100 12 53 58 0 70 23 87 42 29 62 90 83 34 43 62 74 68 96 95 62 17 78 72 49 50 24 77 63 35 71 62 89 45 19 34 34 91 92 63 67 85 51 28 1 45 19 32 97 8 13 54 72 34 91 78 13 32 45 88 88 7 10 46 92 57 87 63 79 16 29 25 65 96 38 55 26 39 34 21 55 83 38 97 87 76 29 76 83 76 33 80 98 47 94 100 72
73 82 85 16 17 30 43 52 6 77 91 65 34 41 49 33 92 79 93 91 74 15 77 34 71 59 90 88 77 24 44 25 24 92 55 71 21 12 92 39 66 51 85 80 27 12 6 68 10 68 99 41 0 57 95 22 60 76 42 72 9 77 41 21 12 24 5 50 70 25 61 58 55 51 92 54 67 11 47 49 61 31 79 8 27 2 19 43 92 73 38 40 42 96 80 68 32 94 43 84 1 34 95 34 72 45 3 52 30 26 36 49 9 15 50 59 32 88 75 83 63 98 26 33 22 77 74 29 81 46 10 5 70 21 62 86 54 2 42 79 55 3 84 77 39 94 78 85 21 56 84 38 76 26 67 74 75 98 42 36 17 4 43 10 60 94 60 60 56 16 71 90 45 8 1 36 43
61 21 47 64 25 10 67 75 26 29 95 96 46 25 69 55 26 0 47 43 12 94 9 78 73 42 71 99 7 19 19 9 57 12 76 86 52 58 4 73 76 33 1 72 12 53 9 29 78 47 65 71 39 20 53 5 100 43 4 39 25 84 2 71 49 18 91 44 46 43 1 12 22 88 71 22 76 45 34 95 28 13 7 15 33 82 8 87 91 15 23 58 35 58 81 50 86 3 74 73 78 98 21 29 83 40 62 81 42 11 24 26 34 70 44 81 23 17 71 79 26 35 20 18 35 90 40 27 46 90 47 10 52 9 78 65 96 44 79 31 64 62 98 2 36 79 64 35 84 0 30 3 35 12 2 23 13 21 35 53 16 14 6 28 41 55 81 83 7 70 23 28 10 90 47 21 44
14 80 13 21 69 48 42 97 27 60 16 26 52 6 45 89 78 58 34 31 96 80 83 28 63 23 43 31 6 62 45 3 88 71 86 20 1 20 29 76 31 4 54 26 69 96 53 80 34 47 33 11 5 14 30 56 28 97 2 18 52 8 5 81 0 59 8 61 18 54 72 30 61 51 73 23 63 37 32 35 8 51 20 67 2 96 45 71 83 97 7 43 88 79 76 70 27 47 53 76 7 76 51 49 72 82 69 50 18 1 98 68 13 88 95 0 81 3 28 26 67 97 50 51 6 34 61 80 53 61 12 12 86 66 55 9 14 30 3 81 80 16 83 25 95 11 18 48 99 17 100 87 10 45 31 2 91 49 58 51 61 12 68 67 93 78 4 0 96 84 42 24 11 17 100 61 23
52 98 32 97 85 56 94 87 55 61 30 47 45 73 79 70 9 52 98 73 5 1 45 63 51 35 20 32 71 31 15 62 42 19 64 11 51 97 4 33 82 14 46 56 37 100 34 84 40 82 5 10 94 48 98 90 26 63 8 86 26 0 35 97 20 40 26 48 76 91 89 40 67 89 84 7 13 6 77 94 27 10 43 1 70 57 25 12 98 71 45 36 34 44 37 36 75 86 24 1 93 86 87 23 41 83 25 87 62 44 45 22 76 80 64 79 64 55 73 60 54 88 53 3 7 53 74 19 24 56 30 85 53 6 7 80 72 6 40 74 79 92 4 19 79 6 59 53 64 20 23 15 23 44 76 17 94 15 77 61 15 33 99 7 16 10 32 3 87 44 45 60 14 96 34 27 40
54 39 2 53 36 69 18 75 76 64 47 77 12 47 13 37 20 41 50 67 89 68 80 20 2 10 61 17 28 11 97 31 48 0 27 41 6 85 96 76 25 65 9 70 52 44 95 50 63 23 6 69 21 31 84 37 15 60 67 21 42 95 98 98 63 38 0 24 15 9 62 6 89 35 0 53 44 59 87 67 67 28 10 98 53 19 90 64 86 92 61 28 45 91 5 50 10 95 9 89 85 29 8 40 100 38 20 15 64 7 24 63 88 88 65 66 36 88 31 51 64 83 27 87 54 5 26 57 72 55 78 20 61 49 0 0 95 1 87 25 47 99 32 73 6 3 3 83 71 97 85 22 54 60 8 12 27 12 0 78 9 44 54 48 36 69 10 32 81 50 32 85 22 51 63 29 60
6 53 46 11 60 80 65 20 25 47 44 43 67 25 61 43 99 39 32 41 23 19 100 27 86 45 42 83 38 27 64 29 74 55 88 6 87 32 47 32 73 21 78 68 46 48 90 74 82 58 32 87 31 37 63 9 6 7 40 1 87 77 68 44 7 92 33 58 92 47 25 86 75 85 30 45 13 55 81 70 23 46 41 72 63 41 84 78 44 23 22 77 3 63 25 41 97 62 63 69 96 91 98 82 8 85 13 94 35 7 4 86 99 46 62 1 83 30 20 50 13 24 81 21 93 3 78 91 8 45 34 53 63 75 18 40 44 99 69 85 36 24 46 70 76 58 20 22 60 33 82 53 18 60 65 54 33 3 16 95 99 4 16 92 20 62 39 7 24 82 2 19 67 95 1 41 87
75 52 75 41 39 57 53 73 34 40 48 23 100 79 7 97 9 88 36 86 5 22 80 58 39 54 40 58 40 7 36 3 10 46 19 75 26 44 92 28 100 82 20 34 39 11 78 74 26 83 83 11 38 9 93 42 51 12 39 15 98 4 93 42 43 7 85 17 18 15 91 58 33 57 84 3 84 95 39 97 79 54 15 42 78 69 80 18 83 50 48 2 93 49 25 31 69 48 25 52 84 62 75 35 42 24 47 51 98 93 16 45 27 24 81 40 67 44 31 68 15 18 24 48 100 7 29 100 65 97 17 65 13 45 91 82 60 45 81 80 59 63 64 51 36 99 48 15 79 62 82 33 5 23 21 95 16 9 15 39 8 58 37 73 63 2 96 10 72 61 27 4 59 1 2 69 90
0 53 97 70 77 56 24 75 42 92 14 73 87 29 47 75 5 12 30 80 65 91 47 68 18 95 28 95 64 97 77 85 85 51 63 42 18 36 92 63 2 58 69 44 95 1 17 23 45 83 91 42 57 27 41 82 60 64 70 37 51 88 77 93 20 48 17 57 35 4 13 71 94 21 2 13 95 16 77 6 14 27 50 97 79 27 84 44 4 67 12 4 91 58 67 79 26 66 63 54 89 79 70 20 84 88 30 2 11 46 22 57 100 29 48 32 44 26 85 42 32 2 26 5 57 45 71 93 31 48 28 49 94 51 16 24 13 37 55 53 37 19 34 82 72 39 96 32 0 5 3 41 70 0 100 32 27 9 48 81 50 38 25 38 94 4 3 46 100 68 9 51 31 59 77 0 50
9 52 79 94 60 20 38 55 98 76 91 97 75 40 27 33 44 35 65 73 14 46 89 76 12 48 60 70 45 93 15 41 61 26 33 14 97 78 28 22 86 77 15 18 89 21 65 44 29 66 17 65 15 38 75 59 58 50 88 45 35 52 84 52 49 44 35 23 54 96 23 37 2 61 82 36 11 95 25 40 43 7 39 17 1 83 70 63 49 35 24 45 43 61 61 56 94 32 13 14 91 74 60 62 8 97 36 40 6 3 12 65 2 16 16 24 65 23 63 54 61 84 51 11 28 85 100 72 58 39 65 89 29 84 55 32 70 83 29 99 92 97 68 26 56 6 61 13 42 85 47 68 12 11 5 18 31 22 5 76 24 82 58 88 91 94 16 89 42 68 22 26 55 24 52 58 89
94 98 45 96 56 33 44 99 15 78 8 23 48 28 78 6 67 96 100 30 25 81 97 83 88 32 8 2 30 87 94 27 13 53 27 90 9 36 79 9 52 6 28 58 0 28 36 87 91 22 75 3 55 17 46 24 63 84 4 2 54 13 61 41 21 77 37 42 74 81 74 80 41 39 81 6 4 41 36 68 77 78 41 98 61 43 33 12 84 64 94 68 79 43 27 37 85 62 98 51 18 26 74 90 5 72 77 79 89 31 19 84 3 90 8 2 28 44 74 31 23 38 15 59 21 67 86 20 94 16 47 52 37 18 8 96 99 33 25 95 55 71 67 1 89 41 49 74 3 57 87 5 11 42 20 96 27 48 23 78 27 39 59 20 10 96 72 2 62 22 47 52 79 59 23 64 86
66 66 43 88 29 14 83 91 72 88 14 92 91 21 22 39 23 58 83 42 25 10 98 83 84 47 19 0 50 48 18 87 69 35 80 41 82 49 11 71 6 6 69 67 91 33 10 26 8 5 57 2 11 55 78 17 82 89 46 100 38 27 13 28 76 37 72 66 88 97 75 86 87 95 21 18 72 82 98 84 65 57 93 6 11 17 79 58 22 87 73 23 1 74 81 38 79 48 19 76 47 71 35 67 15 35 71 11 16 31 1 83 42 42 39 88 88 80 31 12 72 13 57 78 35 92 72 9 55 75 6 35 34 75 66 89 69 97 5 48 80 43 55 61 58 28 67 3 57 69 35 78 20 76 88 98 9 46 23 9 17 81 19 35 3 26 89 45 2 3 94 29 24 96 49 38 90
48 72 59 71 65 46 43 72 95 39 19 48 20 60 59 24 0 94 75 51 85 23 88 52 79 78 71 53 52 35 79 54 10 23 31 6 2 6 51 68 64 28 72 71 1 33 12 62 98 63 85 15 89 0 22 57 28 44 55 8 99 22 16 48 74 70 31 24 4 41 55 14 36 7 63 17 22 45 61 39 98 4 65 41 3 82 24 3 85 18 46 84 59 73 86 72 12 81 16 37 66 9 31 99 82 58 26 19 70 29 78 82 19 77 100 100 29 58 8 71 41 97 100 54 67 2 6 53 26 96 74 67 28 29 74 84 58 22 46 65 42 12 40 44 52 97 59 61 64 43 87 44 98 34 25 85 24 8 46 58 34 51 17 77 61 35 8 6 0 39 16 66 9 78 32 47 12
15 23 74 66 66 22 26 61 34 83 86 97 48 73 98 59 25 80 28 73 62 82 79 93 83 29 93 95 75 2 32 40 11 64 96 76 26 69 19 97 62 41 13 41 10 28 42 94 7 85 72 37 60 3 67 86 75 24 35 5 3 97 7 36 8 99 64 81 8 35 64 6 40 40 24 34 66 95 43 1 85 50 75 45 62 24 30 96 13 67 100 42 64 88 41 79 6 36 7 19 99 8 46 91 13 42 35 54 92 86 34 63 88 79 79 65 82 74 72 4 85 17 68 59 66 0 70 33 97 81 82 64 42 63 92 82 75 50 45 89 93 5 51 41 68 83 13 88 61 94 42 41 59 17 43 80 50 39 22 10 12 57 51 9 21 19 55 79 2 42 27 1 16 12 83 58 39
10 71 82 91 47 21 66 22 84 17 0 21 34 43 33 74 98 23 11 45 97 88 60 0 77 36 25 79 17 73 36 62 59 12 28 72 26 51 14 47 15 76 54 6 95 17 19 23 74 91 73 33 71 91 66 86 49 74 12 58 74 24 30 0 81 19 31 5 39 85 71 32 45 40 22 79 28 8 45 57 53 15 57 21 35 28 95 43 43 25 17 27 35 9 69 2 24 6 72 59 44 93 79 61 66 51 47 84 24 15 7 15 96 23 14 12 47 0 30 89 25 29 24 67 48 40 16 55 90 47 10 6 80 27 7 41 36 86 76 93 86 51 93 22 18 45 53 90 89 39 89 83 42 22 53 60 91 74 54 31 86 21 93 26 94 33 40 0 42 41 69 16 61 98 87 20 76
31 24 8 68 92 59 95 94 26 54 65 83 50 75 52 45 95 3 90 77 55 5 43 45 98 32 59 74 50 6 3 6 88 50 48 38 38 46 69 56 33 38 13 83 49 50 17 44 1 21 6 27 30 32 80 65 81 1 90 21 29 3 82 55 4 17 13 92 46 90 24 22 8 26 64 30 85 41 38 2 83 68 74 56 80 83 99 7 46 28 55 0 40 6 22 41 40 57 27 27 28 58 25 99 17 49 11 26 63 63 39 90 2 98 37 89 54 29 14 61 19 32 81 42 36 81 77 38 87 24 68 93 47 88 18 85 92 5 34 79 73 33 0 8 60 21 68 95 22 56 84 43 53 57 83 73 83 48 87 16 98 62 10 54 67 43 45 28 92 30 24 56 88 68 76 38 48
23 82 49 25 94 95 75 4 56 77 54 63 68 88 1 61 17 79 95 58 100 60 41 24 74 35 43 17 17 45 81 80 49 28 82 55 31 17 47 87 77 86 55 77 67 89 49 16 22 25 19 8 97 24 18 25 27 4 18 67 11 56 55 17 17 65 42 36 86 22 98 72 0 34 34 90 29 50 51 85 22 12 6 67 83 13 27 98 100 85 26 42 54 91 90 0 1 23 23 64 69 12 15 67 66 5 22 35 77 13 97 91 91 45 63 64 26 49 35 51 84 60 33 81 91 87 55 73 27 16 71 51 74 17 100 69 93 73 76 22 46 100 79 1 60 80 90 67 91 9 8 15 34 13 100 38 75 3 23 28 0 11 90 83 93 12 60 26 57 28 2 79 59 91 35 91 47
24 0 100 3 26 96 46 100 34 93 14 13 9 51 4 82 81 73 44 12 29 55 85 62 59 58 29 81 83 56 58 48 18 13 100 82 26 23 68 84 6 17 7 4 70 16 97 83 23 79 32 76 33 10 73 76 92 35 2 30 16 23 94 48 30 42 69 52 68 85 61 74 42 20 11 17 87 3 13 69 30 63 55 2 18 52 21 79 20 64 37 54 86 9 62 54 70 73 97 54 49 53 38 61 2 19 27 81 19 62 35 55 17 48 86 3 7 35 6 77 68 12 72 11 62 50 75 23 9 37 82 9 86 26 54 40 23 71 93 6 14 29 79 62 70 48 47 69 0 79 34 4 83 44 71 75 99 4 18 55 61 12 28 90 50 79 71 53 34 83 90 72 49 49 34 29 59
1 48 83 77 97 62 1 34 10 15 56 66 55 59 48 5 3 95 79 68 33 55 94 32 49 42 10 73 42 51 67 38 72 64 57 17 87 19 79 31 89 90 99 36 71 30 99 73 30 43 3 38 72 49 63 93 79 52 46 25 26 64 60 16 39 56 56 18 94 1 30 89 21 80 13 56 81 79 8 68 99 100 33 57 48 89 91 14 81 61 14 49 59 18 13 92 34 85 92 11 44 79 30 43 59 85 72 7 56 18 92 52 51 56 11 77 7 51 98 44 11 22 64 87 93 32 95 37 54 46 77 76 37 9 42 18 65 55 59 22 52 49 74 7 6 32 52 10 69 51 27 28 29 99 19 78 5 62 76 46 19 60 39 53 51 3 71 14 0 54 0 25 1 93 94 79 5
48 26 23 93 3 39 20 45 42 33 76 12 36 17 33 38 69 73 41 70 53 18 53 14 9 44 3 24 87 50 97 91 52 13 31 100 79 18 50 90 6 67 55 98 93 49 68 51 47 18 38 47 27 44 13 66 16 87 94 67 39 74 9 96 85 46 28 1 54 15 36 96 17 91 5 77 56 9 23 71 96 17 50 64 70 9 19 14 84 33 92 0 23 29 10 61 13 47 58 76 45 75 1 11 15 7 82 3 20 67 21 26 44 71 48 26 34 53 89 76 37 70 46 51 39 20 22 47 33 2 89 71 77 53 22 48 25 29 11 7 84 55 8 90 3 15 50 15 31 39 0 45 34 36 53 37 19 20 1 4 14 60 18 19 10 84 35 77 39 33 59 43 38 75 67 25 45
66 80 90 45 86 64 57 58 17 19 83 80 70 4 98 76 59 26 20 96 94 9 99 85 95 49 25 76 50 81 34 1 97 22 61 72 36 96 30 12 11 87 81 88 83 31 66 75 23 57 7 57 26 98 42 52 86 16 17 100 99 54 91 60 63 69 84 6 47 12 68 64 76 71 62 56 50 12 91 69 7 32 80 51 41 38 61 16 24 84 0 24 5 7 83 42 60 32 10 51 47 55 3 29 44 78 54 5 87 91 81 40 35 22 52 4 73 88 49 30 8 40 69 49 39 13 75 68 4 95 87 18 43 71 83 90 18 93 12 14 46 9 55 38 87 83 11 87 68 15 9 69 61 5 71 72 93 12 28 17 87 74 74 40 34 70 14 42 51 24 79 66 56 21 16 14 43
24 5 90 48 16 12 99 52 70 50 6 54 12 78 47 25 64 52 47 51 64 52 52 66 2 29 48 3 65 96 88 80 20 92 44 98 39 3 38 57 27 98 54 73 2 64 6 41 37 76 42 54 74 74 83 30 96 20 64 0 12 14 31 90 42 87 38 61 22 95 94 42 24 55 23 51 19 91 74 58 55 41 47 73 14 87 26 84 22 5 28 49 95 33 12 96 32 81 91 91 7 58 96 45 92 85 97 83 55 87 87 37 72 63 41 18 48 44 99 34 70 72 41 58 45 1 68 17 13 10 5 41 93 4 23 69 32 7 29 96 24 97 64 7 6 78 6 70 100 69 30 65 55 23 49 59 95 63 28 20 16 39 92 39 52 9 54 27 98 10 34 48 8 99 39 16 20
27 22 74 24 68 43 53 93 43 65 37 62 35 54 45 25 62 92 3 45 46 8 9 4 45 9 84 92 17 79 24 38 8 91 53 33 86 42 52 46 92 85 39 15 9 18 35 60 16 48 40 77 23 67 75 47 33 30 7 44 42 48 57 22 54 84 92 12 69 61 74 84 100 98 5 90 57 93 61 3 30 16 63 61 11 6 25 24 66 14 98 49 79 3 29 9 2 90 55 53 5 49 51 13 25 20 21 59 92 32 17 12 64 6 64 12 7 90 18 32 86 81 49 20 65 69 74 90 85 39 39 48 6 11 85 8 65 22 67 40 34 76 25 40 25 76 81 91 56 25 17 25 69 18 37 85 52 51 12 22 43 11 75 59 0 67 93 71 72 3 92 53 14 1 2 51 79
45 35 93 65 35 44 71 59 94 29 9 100 77 40 44 64 36 21 93 31 94 96 63 16 35 55 83 20 30 4 17 46 70 5 99 31 99 39 36 5 13 67 36 61 43 34 42 98 8 69 96 67 80 58 69 3 88 92 52 90 48 78 14 55 80 10 1 90 51 0 12 9 51 16 84 88 63 28 79 10 83 75 90 71 4 6 64 3 49 25 52 62 49 82 94 31 45 11 82 8 5 2 1 99 15 84 27 25 8 53 43 41 81 12 60 72 0 18 82 8 62 61 43 6 81 21 6 40 55 51 93 34 91 91 83 14 96 2 60 12 52 100 91 78 74 35 6 3 19 42 89 71 98 45 24 46 4 20 80 64 25 58 68 96 2 54 92 67 74 45 4 19 50 46 39 40 18
4 35 81 59 37 11 53 1 77 88 93 90 15 29 71 13 9 55 38 25 97 38 20 95 59 61 77 90 63 64 26 86 36 38 45 47 34 18 24 31 0 75 43 64 0 54 78 69 31 77 38 46 100 95 4 19 90 76 0 40 23 81 21 46 42 35 24 86 91 71 72 82 99 7 83 70 84 0 73 25 62 43 23 44 84 35 36 74 74 63 44 54 77 27 36 100 23 29 76 8 70 55 44 6 29 90 10 1 72 100 1 41 81 47 4 66 25 19 46 5 30 42 21 98 64 98 45 27 67 80 99 80 93 50 79 15 71 86 52 57 30 69 75 89 23 68 14 6 55 44 36 66 23 19 88 74 59 70 47 55 89 23 41 2 68 35 71 3 24 97 38 99 100 64 45 43 36
22 88 20 58 30 39 3 34 48 22 50 78 97 90 77 25 17 22 73 6 77 55 4 42 4 87 43 42 86 30 52 59 74 4 44 46 69 2 75 58 30 59 31 54 48 50 30 23 45 46 88 61 13 80 59 57 88 55 78 52 85 76 87 11 56 10 73 17 75 45 4 0 20 62 40 98 79 62 91 72 84 84 11 82 44 53 15 85 46 98 70 26 19 31 61 54 37 21 75 66 55 9 75 9 95 29 4 21 79 48 77 21 100 59 56 5 38 86 89 90 35 87 10 58 83 29 71 74 88 97 48 77 54 9 35 10 24 71 54 14 47 80 70 87 61 56 69 89 78 64 62 85 46 5 62 73 63 43 70 2 85 74 73 62 19 62 81 97 33 99 60 81 45 45 85 77 3
80 89 74 34 40 77 11 62 20 79 35 65 16 72 43 91 4 81 92 4 52 68 85 81 12 39 96 31 82 44 17 10 9 65 91 26 37 3 13 51 19 41 19 7 37 74 39 100 44 91 83 20 29 84 31 74 19 11 32 53 23 87 39 88 70 26 62 0 71 40 22 6 35 15 0 13 91 15 24 32 31 33 1 34 17 95 96 14 75 82 83 41 10 24 50 36 85 38 34 46 94 62 28 33 32 72 48 8 71 34 42 21 85 39 97 41 86 17 30 94 42 31 55 13 32 75 78 7 46 96 53 32 84 62 40 34 10 94 89 31 100 82 65 93 83 71 58 36 43 79 60 99 34 41 52 8 66 61 10 62 90 18 98 45 12 51 71 23 73 25 65 17 61 46 57 100 87
13 38 7 26 69 62 95 35 58 23 59 40 40 13 69 27 71 84 54 29 75 3 45 17 0 81 76 31 63 87 17 72 28 13 56 9 38 37 97 78 88 24 7 85 86 52 34 81 65 88 37 30 37 9 98 74 92 44 90 69 84 74 68 64 53 35 74 54 34 75 69 35 39 71 96 2 82 66 77 46 66 71 67 55 26 94 100 99 74 35 75 82 21 78 98 85 27 2 87 45 43 34 82 46 65 60 29 40 43 69 20 9 47 52 27 69 27 37 77 48 6 40 86 46 23 39 71 54 0 55 84 40 30 30 95 39 36 75 12 15 75 12 87 22 36 45 85 25 31 58 64 27 87 95 74 36 100 32 38 75 82 91 99 42 91 45 31 13 89 44 16 11 71 37 96 11 42
49 7 95 76 60 86 80 2 61 15 32 80 39 52 11 92 80 59 99 97 99 88 91 53 12 59 72 29 57 92 11 38 85 92 96 21 60 76 54 46 18 70 14 78 77 98 25 6 23 8 13 21 20 34 21 12 44 5 96 0 99 97 100 84 29 60 9 94 77 72 27 63 12 67 74 84 74 32 72 27 46 27 6 65 81 58 90 60 85 53 46 69 86 100 34 14 90 6 18 75 56 85 1 51 67 34 66 81 76 76 44 31 89 88 57 40 69 73 2 20 35 68 38 75 68 6 58 89 9 80 76 7 3 97 61 35 70 42 47 85 14 81 57 29 52 0 16 31 14 89 65 32 88 43 1 25 51 31 64 4 90 5 31 93 52 43 43 96 56 57 90 79 35 50 6 100 56
66 66 100 3 57 92 86 38 20 80 18 20 35 6 33 11 63 40 8 8 12 23 65 2 64 90 77 24 75 61 54 20 91 74 11 9 34 8 85 23 5 63 76 40 32 24 79 56 89 29 79 97 33 22 33 89 35 35 27 39 76 5 12 73 35 10 98 100 54 23 99 12 0 99 92 3 32 55 91 10 88 44 72 30 91 41 4 72 1 5 74 71 38 97 20 61 29 23 20 62 59 10 24 19 67 74 87 71 59 78 59 87 8 23 44 87 74 22 95 17 38 93 85 76 18 55 60 27 18 99 45 44 21 58 30 88 31 95 0 78 94 9 51 19 5 71 39 55 28 31 46 45 39 0 3 89 73 88 63 73 10 100 80 27 42 64 95 92 24 71 72 72 84 100 46 88 97
92 88 85 54 14 9 7 77 92 5 49 27 41 74 66 22 24 10 26 60 29 35 69 81 73 77 28 20 72 79 14 97 89 47 84 22 2 58 49 14 90 23 49 10 32 65 34 98 16 76 15 71 44 65 65 68 15 32 84 42 69 53 69 17 97 72 40 1 16 32 76 76 8 76 86 6 84 9 56 6 64 14 12 53 20 82 17 93 79 84 18 1 39 25 28 44 33 85 46 33 51 3 66 28 34 25 76 48 40 28 35 44 1 96 32 20 18 28 92 57 86 13 25 79 32 64 63 99 50 24 95 95 13 76 98 76 72 68 63 59 59 10 22 62 65 80 28 25 53 27 71 14 71 35 34 0 19 24 1 33 30 6 70 54 21 32 34 39 32 98 89 13 31 66 85 73 99
