44 72 47 92 51 21 46 18 54 41 12 98 12 2 20 76 67 7 45 10 33 62 97 56 54 20 77 97 7 11 1 45 32 44 53 46 14 64 30 38 96 11 75 91 50 7 79 57 55 34 17 65 100 7 50 70 16 15 50 79 84 8 84 86 32 81 54 52 54 14 72 31 60 96 89 23 5 91 46 96 87 17 91 17 35 92 68 78 84 65 77 84 23 82 33 4 33 67 42 27 11 9 80 62 50 37 56 5 63 6 100 25 77 0 52 78 33 7 6 76 88 44 5 49 34 86 76 31 41 37 94 0 70 85 46 16 2 11 61 8 61 96 86 35 23 50 62 36 95 34 62 51 87 23 90 20 38 12 34 11 20 51 48 74 91 14 71 62 37 52 9 98 41 34 10 19 33
39 44 30 61 24 69 99 20 59 20 38 71 78 90 87 68 59 30 59 84 63 42 5 46 4 80 82 44 77 90 44 18 77 41 41 79 95 13 84 96 22 42 92 33 60 74 97 9 72 14 84 3 94 64 71 80 84 25 14 95 24 60 5 97 55 34 95 71 75 92 21 93 91 16 34 1 30 96 65 73 95 33 82 42 19 54 57 47 96 77 64 20 54 15 34 0 45 69 93 3 91 8 63 37 6 50 76 49 10 32 39 21 37 42 69 62 18 74 8 28 22 93 45 27 70 45 37 58 70 26 49 61 45 84 20 31 18 39 9 21 72 40 8 15 12 29 45 70 19 18 9 82 88 54 19 45 23 61 90 76 100 10 23 3 7 22 53 15 28 10 27 62 16 88 6 98 71
61 10 58 54 46 82 78 54 45 5 58 16 68 83 12 95 53 86 80 87 1 66 53 10 95 14 55 54 67 81 13 75 21 90 73 67 64 33 67 59 16 68 75 48 83 86 20 100 94 6 20 20 34 77 28 63 30 46 98 73 9 43 67 49 48 48 100 2 23 18 97 18 10 25 46 4 30 65 99 47 3 67 82 41 7 55 80 95 9 98 63 89 51 23 33 20 74 71 66 8 85 27 67 58 42 9 66 11 50 86 75 9 18 4 96 12 45 54 75 62 8 34 53 38 23 77 6 77 82 23 61 34 90 66 80 57 16 95 100 29 43 14 12 71 56 91 83 83 12 58 86 58 11 74 39 82 38 27 80 25 26 95 68 2 67 31 18 4 64 58 39 25 79 6 11 23 78
41 90 14 37 42 74 54 73 71 16 23 34 43 52 49 50 13 11 12 86 77 90 27 76 11 84 46 72 49 26 55 12 11 78 35 60 7 92 1 79 81 19 30 27 67 93 68 64 38 29 43 3 96 58 28 86 6 98 83 84 20 14 51 89 39 26 11 98 43 100 75 46 31 1 34 34 17 3 83 89 98 77 84 20 6 36 9 96 83 1 1 0 8 20 76 94 39 40 64 63 31 34 95 40 82 76 9 13 21 12 67 74 94 81 46 12 55 75 75 52 71 98 38 91 72 32 88 32 31 0 97 29 20 36 1 99 81 55 11 45 39 92 100 55 61 94 10 12 56 55 59 71 57 6 18 24 17 32 33 11 17 14 95 54 14 70 75 1 66 24 99 55 71 44 37 14 29
63 87 68 63 78 0 39 53 65 32 28 65 20 29 88 49 53 33 98 90 94 14 51 47 95 39 83 40 89 60 50 12 77 95 31 80 86 86 54 33 15 53 4 69 56 59 21 0 20 1 93 56 1 74 47 31 11 77 76 50 32 23 86 9 41 99 44 69 55 76 23 26 40 18 93 34 0 28 80 59 5 34 13 95 53 46 90 14 96 79 26 97 42 33 33 76 91 18 58 56 18 74 67 92 6 62 29 21 90 31 90 32 68 53 60 71 6 75 2 95 35 16 1 43 2 1 71 37 85 96 30 15 44 12 13 20 7 76 66 78 92 98 72 59 66 84 43 50 48 35 10 49 21 9 27 36 40 42 75 71 18 43 61 86 84 2 40 79 13 27 79 81 70 35 67 98 40
21 60 54 4 59 42 7 76 6 48 79 21 81 40 72 57 31 44 85 41 35 68 83 94 1 14 41 22 21 74 50 15 28 84 65 86 60 2 80 88 80 18 31 50 53 34 88 79 44 13 20 82 88 39 26 90 50 75 83 94 11 8 25 45 92 95 43 15 76 32 88 7 45 23 73 94 70 13 58 62 89 4 98 27 33 35 36 32 90 29 76 74 54 2 56 63 96 38 82 0 0 14 66 72 65 68 91 71 18 29 24 12 5 31 88 50 5 89 3 14 38 38 97 80 37 35 5 84 43 22 15 5 75 92 100 56 96 11 10 10 84 1 53 100 55 80 34 39 88 89 96 20 33 49 71 76 15 6 72 85 44 87 88 88 13 53 7 93 81 65 77 97 83 66 61 68 57
99 94 62 14 85 38 6 28 62 53 46 91 88 20 43 87 18 78 74 7 100 28 35 63 37 49 51 41 19 15 98 88 88 38 9 49 43 61 17 95 93 36 78 85 75 24 3 26 88 39 14 98 52 89 69 64 19 40 67 60 100 80 13 31 41 31 80 21 64 65 0 77 4 11 43 55 17 19 76 19 81 51 12 26 88 25 17 22 8 5 94 61 13 37 18 58 63 34 61 44 84 42 79 81 26 88 30 21 71 4 12 28 56 93 38 24 97 40 24 71 93 55 52 53 81 55 1 39 86 36 42 68 84 35 69 30 86 63 20 51 82 25 60 44 21 91 11 87 42 81 75 88 28 16 1 67 68 52 26 75 30 15 41 1 76 81 92 10 39 30 35 28 30 67 24 41 28
72 24 98 11 87 44 69 47 9 16 39 19 47 8 31 32 88 53 26 41 21 7 35 67 35 37 68 18 25 97 11 100 72 21 29 53 66 93 83 43 77 79 91 54 14 28 95 20 27 98 56 40 25 17 45 10 21 56 22 49 71 34 49 15 51 86 1 19 23 46 21 44 11 16 34 79 65 30 73 10 75 27 80 95 78 11 87 57 98 23 46 93 22 91 42 50 74 54 47 12 57 57 47 71 20 93 50 99 56 82 33 100 87 6 22 36 13 97 57 72 45 47 90 1 60 86 28 14 44 3 100 94 100 46 46 62 62 83 50 93 43 61 57 79 20 39 95 66 55 51 75 14 38 58 24 96 73 48 83 18 4 71 43 32 12 23 34 36 50 86 6 64 37 16 94 9 83
0 65 5 23 15 7 62 30 72 95 32 73 85 5 51 52 68 46 20 56 32 78 44 89 65 87 99 96 97 52 15 1 82 15 79 8 13 43 76 60 77 14 56 92 14 8 90 10 91 51 96 94 55 83 22 75 73 54 50 67 26 17 44 38 0 37 3 24 8 31 8 67 61 52 56 35 1 98 72 61 14 69 98 11 80 3 73 20 24 90 13 55 61 6 33 40 8 10 48 12 30 0 70 19 96 66 67 32 53 19 55 43 17 95 5 80 92 73 51 30 68 63 24 68 64 91 88 10 18 20 91 17 35 12 4 67 6 66 43 47 14 21 80 5 7 27 29 62 51 26 75 62 73 45 23 16 37 68 59 85 33 88 61 34 61 10 68 56 91 68 28 28 7 75 99 63 61
95 40 79 88 62 22 55 87 41 15 20 98 46 54 100 91 4 34 1 40 71 95 90 20 63 70 71 3 54 77 30 90 62 21 55 20 68 73 1 74 30 90 30 49 44 83 5 27 17 68 84 3 93 40 24 74 32 82 64 71 27 39 84 15 14 24 81 33 43 34 86 38 91 9 29 16 48 47 4 24 26 67 69 84 77 1 48 57 43 63 75 31 93 42 100 62 7 94 25 43 41 27 14 2 20 19 40 27 63 57 9 83 52 61 57 85 80 88 9 17 6 42 57 90 61 83 94 82 36 82 18 90 89 78 0 68 43 25 68 56 46 5 11 66 89 45 3 78 17 3 82 5 44 29 88 67 86 36 93 75 99 13 73 75 68 35 45 70 16 54 98 100 65 12 100 20 13
61 3 17 70 24 1 18 65 36 13 56 51 93 11 30 59 83 80 76 40 42 52 51 55 84 98 44 26 76 93 84 52 100 52 29 32 51 31 63 94 83 72 53 31 77 47 73 25 9 8 55 65 81 94 3 32 37 8 89 30 48 78 72 31 5 74 87 17 47 36 56 98 45 30 24 88 34 4 100 98 86 44 94 41 61 68 18 86 100 0 1 63 9 15 40 53 44 10 0 35 77 92 98 72 82 93 73 74 38 2 4 38 69 56 9 39 100 52 9 28 58 86 66 29 70 87 37 20 28 43 24 45 92 23 69 82 16 79 36 2 62 44 90 5 89 57 48 52 20 4 85 11 14 76 13 96 36 50 90 97 100 96 68 79 43 6 74 44 80 49 50 12 36 69 2 16 97
41 59 64 61 35 39 89 17 70 42 37 13 80 67 69 55 37 61 18 22 29 40 5 8 7 35 18 88 65 67 48 26 12 44 55 95 21 51 24 50 72 95 9 32 66 35 19 83 25 9 27 67 54 74 58 39 76 82 23 46 87 12 38 35 92 44 76 52 60 83 9 26 88 48 16 11 52 59 55 61 0 34 63 43 4 99 95 73 0 87 30 13 92 28 90 85 18 24 96 7 55 50 10 73 14 68 93 99 87 95 55 1 87 83 24 39 48 74 11 97 20 50 38 72 92 12 55 46 58 10 64 3 51 38 51 11 39 54 91 42 79 41 42 19 95 17 37 18 72 82 48 38 63 47 19 9 81 100 36 25 29 11 71 61 72 94 47 4 37 77 97 98 92 89 73 92 55
12 28 73 45 11 69 57 44 32 32 20 93 96 30 86 36 25 72 75 70 44 55 82 53 23 42 37 93 95 35 52 20 60 20 61 73 89 73 43 14 20 71 58 6 65 31 16 93 88 77 77 54 78 78 39 93 31 51 30 61 23 82 14 56 62 43 96 37 13 80 51 4 94 90 77 53 70 60 28 85 96 99 42 23 27 27 45 80 19 97 58 0 98 26 9 39 27 9 41 91 11 11 30 97 25 51 54 91 78 51 95 29 34 71 29 53 60 86 16 55 20 39 90 1 28 54 19 93 68 37 63 67 25 95 68 12 6 55 7 97 77 47 59 78 44 65 45 14 93 68 27 18 16 64 46 43 72 91 99 45 20 16 8 32 85 96 100 96 78 44 8 100 60 60 19 68 39
74 29 63 72 8 41 75 79 24 46 51 82 83 48 18 6 33 57 40 58 34 23 50 8 67 57 12 57 61 13 86 16 47 72 17 0 76 89 92 12 32 59 18 43 48 81 24 94 3 15 41 12 87 10 54 65 60 10 29 72 84 87 15 30 76 18 46 13 10 27 59 65 27 71 32 81 90 88 70 83 96 12 63 24 70 26 16 68 37 60 13 94 88 70 76 4 95 11 36 87 7 83 78 77 89 15 82 86 64 82 73 34 79 69 94 75 24 35 4 62 93 35 3 74 62 76 43 66 71 55 86 20 40 39 17 78 0 4 40 24 49 84 14 81 73 58 100 68 100 39 29 12 66 59 80 87 19 32 83 61 28 63 63 0 79 2 97 100 72 54 82 20 94 58 53 43 61
57 64 8 99 90 53 53 75 37 95 92 78 25 61 58 92 89 91 97 57 73 2 91 6 96 87 37 13 56 40 99 28 93 72 90 56 57 62 58 97 68 18 68 91 54 7 70 38 83 35 69 80 66 51 12 11 6 86 70 65 72 90 60 90 39 1 64 86 50 39 14 17 38 15 17 42 69 31 27 14 68 70 99 87 20 66 52 86 100 96 52 0 11 90 96 48 87 74 15 89 45 29 79 18 54 79 12 84 2 81 55 16 23 36 50 92 81 90 26 51 47 74 27 91 66 98 85 40 14 58 47 19 27 37 38 61 77 93 9 15 67 83 45 6 24 78 99 93 64 83 76 93 44 62 31 30 59 90 40 43 96 73 70 35 44 72 30 0 69 17 66 56 44 87 62 41 41
2 19 42 57 20 29 93 38 42 22 91 19 65 71 49 68 25 74 74 94 68 17 33 66 94 58 58 78 73 0 33 96 45 68 76 8 10 47 71 4 46 95 19 1 100 28 69 4 51 97 52 65 67 60 11 93 77 24 100 1 79 81 37 76 37 23 90 88 37 28 15 15 100 13 36 13 71 78 14 81 48 51 29 79 38 48 11 74 29 59 78 93 14 8 55 15 20 52 88 99 78 29 3 29 100 2 20 6 82 81 64 81 25 72 68 34 59 57 77 74 85 20 56 35 62 80 85 3 24 96 51 7 39 85 91 99 99 97 2 24 58 27 75 44 60 44 52 10 48 69 82 26 36 69 56 25 74 78 24 32 14 68 77 27 31 38 68 35 51 88 0 72 0 26 92 68 34
75 29 21 4 12 15 46 62 42 79 87 33 65 15 73 1 85 91 10 80 17 97 3 94 53 12 44 36 27 54 96 42 98 65 61 52 99 9 97 81 29 92 2 28 28 43 64 3 75 10 49 23 69 1 45 72 7 80 57 83 36 53 4 89 85 31 90 78 58 90 7 83 52 90 19 84 65 52 62 46 7 43 36 59 99 54 54 83 70 81 34 50 21 18 87 70 96 95 60 47 95 86 93 65 57 100 0 70 56 48 90 51 100 29 70 1 45 24 91 8 5 6 95 83 30 28 72 47 10 7 79 76 24 69 60 44 33 16 79 51 97 94 89 75 86 87 22 14 96 22 49 23 59 21 53 93 96 5 66 14 23 73 84 44 90 41 16 52 27 74 54 52 92 94 4 98 41
36 100 47 9 45 93 34 45 85 30 7 7 59 29 27 60 36 72 71 74 49 65 63 2 54 88 25 28 47 49 26 69 21 29 83 8 2 42 58 82 80 94 12 33 37 64 53 59 94 30 45 67 3 57 50 36 32 19 39 20 79 22 44 82 79 35 0 18 75 45 82 72 76 89 41 74 59 85 67 64 71 73 46 14 65 29 36 20 9 26 39 65 45 22 4 24 51 31 86 14 40 72 44 85 11 91 43 95 10 58 31 10 18 15 71 38 55 66 44 5 93 17 5 15 19 67 54 30 33 42 29 60 84 11 18 2 54 55 80 42 22 98 16 6 77 67 20 93 80 57 26 89 100 5 73 47 75 28 13 50 65 65 10 70 2 27 37 30 52 50 20 6 9 26 50 24 79
78 88 82 60 83 96 1 79 3 42 12 28 77 42 86 65 82 57 98 88 77 70 57 80 61 96 62 80 70 32 21 2 7 9 72 90 60 74 64 45 12 36 41 68 80 59 27 44 92 41 29 39 7 100 8 88 95 25 43 91 9 70 14 55 58 63 66 48 2 69 68 2 58 46 45 31 43 11 94 90 38 22 4 21 54 85 31 8 8 52 91 72 47 67 55 56 22 10 13 51 67 14 94 38 38 86 78 2 87 27 9 6 24 94 80 3 27 39 85 85 38 62 5 94 49 52 35 68 44 77 8 64 32 24 66 13 40 10 42 35 59 40 46 10 92 29 45 71 27 50 95 84 39 25 58 60 73 15 97 9 67 84 45 56 70 47 95 6 12 13 98 83 7 88 23 94 91
83 79 13 35 21 63 74 41 14 91 42 42 20 62 48 47 37 20 9 54 1 25 22 5 17 99 0 77 43 10 68 57 62 74 7 21 55 66 56 63 37 8 30 60 37 40 3 22 33 41 40 98 59 55 76 63 36 17 99 32 61 46 17 11 38 26 5 49 28 26 40 34 74 6 98 35 24 32 54 44 86 58 95 89 62 93 60 100 15 97 74 47 59 9 34 77 77 38 17 77 61 46 8 60 54 16 66 38 78 31 24 67 37 90 51 31 11 11 43 44 89 3 69 32 85 77 52 74 47 96 32 70 16 6 44 48 27 13 95 80 87 84 36 82 82 60 64 89 26 19 41 86 11 84 98 61 0 22 11 90 91 91 5 48 29 14 55 21 48 60 93 66 39 45 61 40 6
96 85 11 54 98 46 86 34 65 97 84 23 12 100 57 17 6 97 88 47 97 21 90 28 64 54 66 11 42 18 7 66 46 99 27 70 99 62 93 93 35 37 44 39 63 24 86 71 67 56 20 32 40 38 48 61 80 87 93 67 80 14 53 37 45 52 70 36 61 25 74 76 75 6 66 23 49 73 25 17 100 77 8 58 52 12 22 82 42 52 56 65 61 10 14 83 28 58 42 51 92 64 34 18 64 61 45 93 69 8 65 93 53 44 14 2 94 97 86 50 100 61 6 91 33 32 24 21 98 45 70 62 99 68 87 79 4 71 23 65 57 30 100 48 24 11 25 29 19 59 65 79 41 52 35 57 2 60 62 69 92 28 68 74 54 89 99 60 84 70 28 90 19 77 27 88 58
28 20 15 49 97 42 25 52 36 87 46 60 9 52 47 80 99 82 45 7 20 58 23 16 73 49 47 51 10 57 57 79 77 100 97 59 77 13 5 94 29 76 5 4 29 16 47 9 9 92 64 35 78 65 41 45 27 34 17 35 35 37 49 1 71 99 64 27 99 62 94 78 39 11 93 51 8 47 27 30 26 43 10 3 89 83 39 23 10 83 62 7 34 47 50 31 50 45 63 95 7 76 29 99 42 86 8 84 51 29 95 79 26 84 56 21 54 77 85 75 72 97 49 56 86 4 92 72 96 57 9 91 30 21 79 93 24 21 78 57 21 46 34 69 20 84 28 98 77 36 83 24 98 28 93 31 34 65 56 60 49 17 26 39 40 79 33 86 100 85 56 38 83 94 26 95 2
9 71 10 0 16 22 20 17 31 61 49 3 35 15 78 37 72 11 7 31 23 85 47 39 11 14 2 46 43 58 22 98 46 84 26 7 83 33 91 3 87 82 14 12 1 47 36 87 19 13 28 48 97 24 76 7 36 6 91 32 95 57 7 37 52 10 61 46 0 34 74 90 13 50 32 11 78 84 61 23 2 33 9 77 0 21 97 36 8 24 11 86 50 21 100 35 27 21 89 71 49 8 52 75 89 89 46 70 33 95 29 61 91 16 89 58 3 8 39 38 43 33 95 49 63 81 88 1 52 60 84 69 85 75 10 27 47 26 54 96 4 33 72 88 6 6 68 54 100 99 31 74 39 19 22 13 18 84 10 66 26 92 75 9 91 1 39 29 28 60 67 66 38 77 86 13 79
37 54 33 5 2 62 66 57 79 84 100 5 56 83 46 43 11 61 55 91 86 66 37 79 95 88 50 70 66 48 37 69 92 9 41 29 57 52 100 12 16 89 72 99 96 49 69 47 96 89 6 60 46 87 4 72 38 3 43 61 6 17 31 0 87 97 62 80 70 58 71 64 46 63 30 80 43 46 40 99 74 94 92 38 10 40 6 1 43 65 63 52 6 9 98 83 1 59 90 35 49 83 14 85 39 86 42 70 16 74 61 24 70 67 32 40 53 3 17 99 100 13 10 100 21 20 43 27 58 56 15 56 3 71 15 33 11 96 43 44 48 56 22 96 42 30 36 42 75 44 73 12 12 28 2 84 98 5 72 48 82 21 64 9 13 34 69 60 94 85 37 2 88 17 97 13 12
39 68 40 65 61 13 28 5 71 10 32 23 75 100 29 61 29 81 25 69 37 74 11 16 50 81 80 29 43 13 37 31 26 55 69 15 2 59 91 26 7 23 92 2 88 76 32 17 31 79 45 57 29 100 36 78 24 5 31 71 52 50 31 26 71 33 98 7 64 61 10 62 53 53 20 16 21 20 61 1 76 92 30 15 90 25 11 55 17 88 9 64 61 75 83 82 92 71 42 6 42 85 83 75 50 3 76 85 13 58 69 6 95 77 6 98 57 45 63 47 86 13 73 11 47 42 58 14 93 3 28 31 68 49 63 35 29 43 39 47 68 43 31 39 4 53 2 38 86 60 71 4 93 73 66 70 94 53 10 19 75 22 21 62 5 24 30 97 39 27 53 76 63 25 79 39 64
57 79 84 11 26 43 91 43 6 54 94 68 94 89 100 40 79 13 12 34 50 7 69 51 92 1 87 93 65 62 23 45 37 73 1 8 2 32 85 63 38 74 84 74 84 54 88 13 88 70 84 50 35 42 96 42 79 24 88 57 69 60 86 54 68 100 84 10 71 76 36 31 27 14 3 22 59 45 0 13 92 63 23 58 67 94 61 77 29 97 68 68 44 44 91 30 31 63 82 42 100 17 53 42 47 24 8 24 77 62 69 60 82 62 17 79 63 37 67 3 62 13 1 81 0 89 50 72 6 28 43 35 89 57 99 43 61 80 15 80 3 37 73 79 91 96 89 92 31 15 39 49 85 51 69 63 1 23 73 88 44 95 11 56 21 100 72 23 25 81 48 73 30 2 47 97 81
1 15 60 50 53 67 54 48 15 10 80 50 83 30 42 24 31 4 35 14 97 42 88 85 42 74 65 27 51 66 36 4 88 12 75 8 41 94 89 65 16 56 12 32 97 28 47 97 26 3 48 38 47 95 78 84 29 36 64 89 46 90 50 27 21 10 80 61 1 31 47 5 98 33 13 100 64 40 26 43 62 10 74 38 93 6 34 95 63 51 52 32 48 44 57 9 43 61 6 41 57 99 30 89 30 29 68 81 84 71 49 23 100 42 82 11 45 89 43 24 78 88 36 44 63 4 82 43 45 100 52 34 18 30 46 47 77 2 95 82 91 10 87 15 79 32 24 76 65 14 33 78 51 9 29 27 48 68 79 58 67 37 77 88 31 2 67 88 28 9 18 53 78 40 34 60 81
89 18 1 52 86 6 35 0 23 17 61 14 98 68 58 66 18 97 98 57 54 20 17 80 28 39 0 91 58 59 41 2 100 77 47 32 44 85 58 66 63 71 100 18 71 78 90 37 49 67 66 11 91 62 28 41 0 23 11 46 46 52 97 54 41 6 34 54 15 21 58 14 80 31 28 13 89 28 21 58 95 86 33 46 29 77 42 58 50 88 37 54 3 72 21 64 64 83 12 37 50 77 43 26 10 35 99 52 56 83 97 18 27 60 14 49 38 14 63 22 24 53 1 96 66 94 55 19 48 63 28 54 35 75 76 28 2 88 31 68 74 25 15 96 79 30 14 44 11 97 2 23 53 76 72 75 67 49 96 28 85 70 37 74 88 26 1 7 92 98 84 38 55 13 45 55 18
45 19 43 72 84 15 57 0 21 24 27 33 27 30 23 6 50 95 71 79 75 5 16 77 65 70 82 21 94 78 23 79 92 42 23 88 34 92 91 86 41 62 36 47 60 59 77 41 37 0 42 14 76 72 33 54 60 53 14 18 27 97 55 79 33 14 29 65 100 23 40 18 0 69 69 16 73 69 50 65 79 16 13 84 48 73 37 27 74 84 25 17 98 81 48 84 88 29 32 47 45 64 32 4 78 86 41 23 63 9 85 81 79 78 18 36 78 44 64 15 47 56 78 50 45 13 26 0 57 86 12 93 69 2 99 85 89 99 34 78 1 65 15 1 29 16 11 38 97 34 93 46 65 14 74 36 36 35 16 8 58 91 35 9 85 21 63 51 63 98 74 46 51 8 95 26 25
58 85 77 53 0 4 33 91 64 4 32 71 16 75 99 5 100 15 49 47 46 4 34 46 47 49 26 69 77 73 16 56 41 25 25 36 55 87 47 20 83 16 83 57 2 40 88 66 19 84 42 10 31 12 72 7 67 35 16 96 2 65 50 69 41 8 72 1 41 52 8 16 11 2 22 32 11 85 82 15 46 2 86 15 98 84 44 0 13 27 76 54 29 95 7 26 4 57 48 15 18 86 57 78 64 27 17 72 71 40 85 77 53 12 67 50 39 83 69 99 84 62 12 63 51 4 30 85 55 68 82 80 61 2 16 20 7 5 52 52 49 0 2 51 4 14 56 94 50 18 81 47 80 58 15 79 97 1 93 55 31 52 17 8 30 85 46 17 93 82 46 8 11 43 27 52 60
49 96 10 12 53 42 73 34 24 9 71 44 87 96 38 84 8 24 84 11 51 12 6 11 26 98 28 66 60 74 16 18 48 23 71 11 46 64 75 79 38 91 10 0 84 65 7 32 66 52 87 60 39 46 83 91 22 31 73 3 77 2 19 8 50 36 56 98 15 93 82 78 47 96 47 67 64 15 61 80 2 7 37 92 42 75 84 27 15 69 32 57 28 23 88 64 1 6 48 20 69 80 68 14 21 68 65 70 18 23 73 57 34 83 3 77 29 27 31 40 3 20 70 36 1 54 68 74 42 78 34 16 83 69 45 48 98 88 48 69 63 87 41 18 92 50 41 96 18 17 19 49 87 34 96 44 12 10 36 65 61 19 25 9 56 40 16 3 84 93 72 4 0 94 34 10 69
0 46 72 32 84 54 11 50 2 49 26 27 38 92 56 36 57 79 71 37 0 89 77 77 4 76 87 35 53 70 48 11 90 50 73 26 7 26 16 35 18 97 28 23 26 0 14 10 82 26 40 33 46 65 34 70 19 67 51 74 15 70 84 85 31 35 65 77 7 74 23 78 73 21 59 30 89 80 24 62 97 51 45 5 65 20 32 89 98 24 52 98 90 99 13 25 72 26 99 74 74 44 16 32 16 95 27 94 35 33 51 37 82 35 31 4 40 64 3 29 57 90 21 28 34 47 80 27 56 44 9 14 64 54 3 7 86 5 63 29 77 100 79 64 76 49 53 27 85 78 99 96 50 12 47 33 42 56 36 59 1 43 98 89 75 1 70 75 90 27 56 57 50 52 92 88 24
29 82 50 57 22 72 87 51 16 57 93 18 35 46 44 18 20 35 26 98 2 13 74 58 80 29 32 64 43 78 5 5 12 82 48 83 85 63 46 71 84 64 2 30 47 100 3 86 79 12 14 44 62 16 95 7 73 20 42 50 20 21 17 29 39 24 60 25 12 40 0 79 12 70 16 65 69 22 51 33 89 60 18 100 28 65 58 32 9 63 26 97 25 28 69 33 25 37 92 3 18 96 41 70 76 80 34 6 84 5 53 0 83 6 51 48 78 70 59 24 99 34 24 52 94 89 73 34 55 33 45 45 10 35 52 6 39 95 43 12 67 59 21 39 40 85 85 88 67 36 15 84 81 19 55 32 28 83 1 80 94 3 81 91 2 57 16 17 12 76 55 98 57 26 2 13 49
15 87 75 96 13 29 49 36 45 56 36 94 34 98 50 6 16 32 2 97 56 38 1 65 60 43 15 45 4 88 67 72 0 30 77 100 32 16 79 50 66 68 70 47 34 7 64 46 88 93 82 77 87 85 16 63 78 5 47 45 86 55 74 74 71 93 0 91 4 76 26 38 16 100 14 59 21 15 37 93 24 58 31 61 27 18 78 35 94 18 68 69 16 75 96 81 24 0 89 13 84 27 29 21 48 95 94 61 65 81 84 37 75 48 47 73 89 10 94 40 84 39 90 100 38 60 1 53 62 45 76 85 46 96 3 15 32 59 17 5 68 40 47 49 34 27 23 74 90 89 99 74 100 98 39 27 71 51 79 83 48 33 11 100 97 85 6 79 79 20 29 27 14 19 86 32 73
36 43 31 6 44 30 36 88 37 88 96 32 92 20 61 80 12 75 93 46 31 21 60 26 90 14 93 37 93 90 52 71 36 63 60 95 1 75 14 88 3 42 96 59 1 53 71 97 5 15 31 51 12 55 13 28 15 10 23 44 37 41 3 87 46 97 41 4 82 82 14 93 13 30 93 37 84 38 6 53 55 58 12 79 53 96 6 54 61 35 14 88 75 0 46 39 3 68 70 43 78 83 8 69 34 85 26 8 11 69 65 93 32 61 57 46 46 100 97 12 53 96 42 73 49 48 46 90 57 95 5 94 56 40 47 32 85 10 91 39 79 57 34 21 3 70 87 49 59 48 97 13 33 100 57 11 37 46 42 43 52 90 1 71 10 84 87 38 76 79 55 19 84 25 33 30 65
9 11 79 4 48 33 57 42 38 77 13 38 69 27 54 18 45 58 40 15 44 26 15 25 22 85 11 72 34 88 95 52 96 24 96 47 26 52 65 49 34 42 75 98 77 100 62 34 2 2 62 48 32 62 74 53 21 32 96 39 5 69 65 74 85 66 24 26 20 51 46 65 48 53 82 73 66 17 47 57 98 70 23 73 72 40 38 69 66 37 100 93 85 74 53 30 84 37 38 58 38 75 12 90 33 43 20 85 42 11 65 43 11 68 42 31 31 23 0 79 24 70 9 82 61 14 23 37 14 21 47 31 91 5 14 47 40 12 98 56 68 2 8 55 80 50 42 55 29 91 32 77 20 25 62 28 35 24 35 51 99 20 30 73 45 63 13 4 41 8 71 55 96 26 4 95 99
57 45 78 18 65 18 92 19 96 18 14 25 16 69 55 84 64 76 48 44 99 29 84 56 8 33 13 16 36 76 97 85 41 17 86 17 63 35 79 87 23 49 62 72 93 7 11 76 29 91 66 57 25 56 91 55 56 98 41 98 74 76 16 65 22 43 73 61 20 79 55 30 65 31 100 33 44 52 81 74 92 9 71 3 26 81 6 32 95 87 94 45 30 66 40 7 13 0 69 11 67 62 75 85 63 74 95 11 81 31 52 20 45 15 52 0 84 49 3 22 96 48 57 70 92 67 51 76 64 17 7 2 31 57 12 38 22 40 65 5 0 22 36 22 98 29 87 24 85 56 8 67 44 3 14 33 86 54 21 69 50 29 30 46 88 94 26 19 28 93 32 57 96 26 75 66 29
75 30 73 57 21 83 86 56 1 60 56 69 59 44 89 72 78 57 16 83 85 14 21 81 76 74 85 46 13 98 74 25 83 58 54 18 94 27 27 25 38 56 75 60 53 96 83 47 69 27 90 91 61 79 20 24 86 90 24 29 27 36 64 9 15 85 79 53 71 51 99 2 55 29 80 9 63 54 76 78 22 50 37 51 46 56 94 29 82 69 34 65 6 25 36 13 75 7 94 20 57 82 91 30 2 9 64 37 87 81 33 31 95 82 11 22 96 68 76 62 92 6 85 36 30 85 68 16 10 50 18 23 36 74 84 53 77 64 90 31 91 19 92 22 81 88 65 89 57 76 69 70 40 41 24 2 46 14 2 26 15 68 82 82 2 94 94 19 25 70 80 49 47 54 53 6 75
15 46 28 99 89 11 58 97 86 20 16 28 98 16 74 44 78 49 65 56 65 30 33 21 75 2 13 63 69 76 26 49 49 86 53 88 50 80 91 98 38 62 60 63 6 61 18 39 1 90 62 17 4 66 56 90 35 74 27 79 86 3 70 70 61 18 30 7 7 41 54 3 54 63 32 64 91 88 89 49 19 87 63 31 16 24 23 26 73 15 70 64 97 25 52 19 84 22 40 30 10 5 35 61 21 94 57 86 9 84 4 59 62 90 12 36 10 5 62 40 96 91 58 17 58 8 68 12 13 96 35 30 37 83 59 65 2 60 36 8 27 19 47 35 69 4 54 20 35 79 95 34 20 6 76 32 60 37 59 81 35 68 19 11 12 73 17 90 50 55 77 23 86 100 39 98 57
60 9 44 88 19 5 4 63 26 89 0 97 83 28 39 77 71 28 16 70 33 64 97 79 52 89 66 41 45 95 69 8 61 14 63 91 94 6 7 73 65 77 54 51 3 27 38 44 82 67 71 33 92 86 8 23 100 80 0 66 55 4 71 22 56 54 45 42 81 11 86 33 70 71 22 40 88 27 8 68 77 89 100 2 29 64 88 88 72 59 70 8 37 23 46 19 61 12 16 25 70 78 70 17 28 44 46 6 47 30 19 15 39 84 68 37 24 14 67 100 15 48 29 80 26 40 70 44 12 59 44 50 12 99 89 35 50 67 60 49 65 29 55 85 68 24 99 99 24 95 57 72 31 71 57 97 77 91 92 42 30 34 18 11 13 4 38 45 11 59 55 10 6 10 55 32 2
77 50 32 24 15 15 13 43 59 24 53 59 22 43 43 8 76 57 25 69 73 54 91 23 7 25 97 22 92 94 84 27 87 2 40 37 73 57 46 83 78 95 94 49 22 41 41 33 96 38 26 7 60 61 61 75 85 66 82 71 78 99 26 65 30 66 93 46 18 0 83 100 87 67 37 31 45 86 56 93 33 2 30 15 95 53 87 89 42 44 30 100 98 34 87 25 93 81 46 0 72 80 0 15 46 12 78 98 64 13 65 98 88 89 28 74 16 98 30 64 36 100 19 80 13 4 5 24 38 7 49 22 44 79 91 13 37 27 50 14 3 52 76 53 63 67 27 89 64 34 30 49 59 27 31 47 66 83 84 76 73 60 8 77 56 64 41 26 47 31 38 67 31 87 88 18 92
44 25 35 100 17 11 51 79 15 65 95 25 10 28 46 25 93 35 78 65 20 31 1 2 63 85 19 54 61 39 19 95 48 38 81 56 68 58 56 22 3 36 23 11 0 10 1 78 68 8 58 54 98 74 42 71 65 89 81 60 74 40 6 84 15 96 39 46 39 42 34 50 28 62 48 100 39 37 21 16 10 61 35 94 29 32 8 7 30 35 28 10 100 60 32 11 34 78 85 59 67 25 69 49 66 66 14 6 86 30 2 43 5 87 70 32 88 28 68 61 49 63 77 96 93 74 36 5 67 4 25 90 92 51 29 39 96 14 10 38 14 90 85 66 60 68 74 82 63 49 81 22 40 6 45 78 28 8 54 3 88 91 21 60 58 70 56 8 87 21 20 3 43 52 2 98 8
50 80 5 51 82 16 18 92 91 7 79 33 33 47 35 42 56 57 18 85 99 58 5 68 37 92 68 13 67 8 93 47 43 37 93 51 56 66 96 13 41 11 52 55 57 21 77 97 56 55 99 4 30 19 52 12 63 21 97 74 34 43 10 3 100 38 52 56 17 50 90 67 43 18 42 80 69 32 93 32 38 73 99 28 34 94 94 82 66 28 62 20 52 100 59 74 35 50 0 79 56 98 73 62 33 31 6 61 8 63 31 83 25 80 6 11 87 42 61 29 32 33 24 73 38 58 48 64 97 78 63 18 100 96 15 20 61 24 88 53 8 55 34 80 89 86 20 45 11 89 8 56 46 30 80 6 65 81 72 95 10 53 70 87 93 69 50 47 10 16 60 82 62 12 31 91 22
59 96 17 39 27 38 57 45 41 14 66 91 91 92 82 17 90 22 75 51 67 80 75 11 39 23 10 23 47 53 51 87 75 37 89 20 41 69 64 68 7 2 9 59 15 63 82 43 69 18 91 64 3 92 58 18 53 26 85 53 25 74 74 6 74 40 11 16 70 64 76 37 39 58 28 26 50 93 42 19 57 41 19 53 49 32 88 19 15 74 16 76 63 25 49 88 2 32 79 28 96 7 50 54 26 40 58 3 66 23 12 68 0 53 83 1 43 38 44 38 85 28 12 30 22 49 4 56 62 94 23 67 83 8 48 100 11 0 99 88 45 70 1 32 0 34 72 0 98 57 68 13 11 51 91 19 12 45 27 28 9 28 50 66 7 68 0 96 91 86 100 14 40 78 9 16 90
34 80 80 43 95 57 46 5 89 93 15 90 52 70 20 9 9 92 2 0 6 4 32 89 35 2 69 33 6 11 17 43 63 46 87 75 48 16 39 43 87 27 5 90 91 15 0 86 21 40 4 33 99 14 62 53 47 29 11 74 30 95 68 86 77 67 69 19 46 53 85 57 46 34 12 37 17 29 87 15 26 5 61 41 84 22 30 33 39 47 54 47 17 95 3 58 14 58 57 22 71 67 99 23 3 93 98 87 30 17 62 80 79 17 62 72 61 69 12 31 55 24 3 16 9 47 96 39 52 52 23 60 4 54 86 70 29 27 100 41 21 17 69 16 67 17 17 79 16 16 9 66 30 76 23 11 68 72 14 62 2 81 13 82 23 19 58 45 72 17 42 29 19 87 20 14 64
8 70 2 23 13 69 45 61 36 66 0 73 64 66 98 90 50 55 56 37 23 88 37 3 44 58 41 34 32 70 93 54 67 45 27 35 76 96 48 59 12 95 17 74 14 98 95 52 32 55 92 74 6 47 22 73 95 76 76 57 8 22 27 89 28 92 20 27 19 60 90 37 1 85 13 69 94 61 28 66 49 45 36 33 23 44 42 23 95 52 68 58 61 15 37 69 32 72 26 7 49 57 69 69 46 9 30 89 43 93 24 94 75 81 60 18 90 100 80 65 5 47 13 47 19 22 44 1 22 85 50 33 47 39 46 49 17 57 59 65 18 69 52 62 40 49 23 3 70 40 88 53 48 14 61 2 99 42 40 30 63 44 78 60 70 17 23 24 66 74 32 78 83 27 3 87 76
97 18 14 96 95 18 88 77 49 31 75 80 17 2 51 94 55 31 61 93 54 51 97 83 57 51 38 32 40 28 44 73 36 34 71 80 21 3 66 20 20 100 47 35 28 23 59 100 72 8 38 13 10 20 26 14 26 70 40 78 91 40 6 100 16 3 8 32 56 29 34 87 83 73 66 78 55 36 27 30 11 26 34 14 13 0 84 26 63 63 71 36 54 93 60 28 60 31 2 12 78 87 63 43 65 48 43 54 70 18 59 93 76 94 19 24 62 62 18 30 30 47 78 73 64 82 20 1 19 9 17 88 55 40 1 53 1 5 89 51 38 14 89 5 8 63 97 86 44 45 42 87 55 90 58 89 53 3 43 70 72 36 97 79 88 90 11 37 76 18 0 7 59 51 32 92 89
85 4 75 29 80 55 59 48 68 97 60 33 98 84 83 97 29 4 77 58 50 79 40 17 81 39 45 95 65 35 65 34 46 5 21 60 61 41 10 31 55 39 32 64 11 39 12 73 36 50 28 40 38 27 68 7 77 13 71 14 95 21 62 30 35 81 39 54 39 20 33 37 36 84 95 68 1 95 17 90 58 25 75 97 89 47 41 28 64 69 29 79 86 67 43 27 26 95 58 64 16 71 81 49 7 34 37 73 89 49 18 4 79 15 51 94 2 68 57 57 19 42 80 21 7 29 44 91 99 14 34 30 90 51 77 64 43 55 27 9 5 29 87 44 45 29 44 48 78 12 77 4 68 76 17 39 43 88 63 20 61 68 43 48 80 0 35 10 79 13 63 12 54 47 2 98 93
72 85 50 74 73 15 45 71 49 27 93 74 45 72 25 58 44 88 60 34 34 12 61 66 41 17 6 1 98 44 14 95 22 95 37 30 98 26 21 58 20 39 32 90 49 88 13 24 59 18 75 66 8 49 49 24 67 96 49 20 49 92 51 54 31 99 82 67 94 13 12 79 72 25 14 32 75 32 5 70 42 56 80 52 48 71 54 77 76 3 23 57 10 54 40 39 97 2 52 99 57 62 62 3 55 32 44 54 14 62 12 45 47 36 88 64 12 51 94 83 26 63 76 94 28 2 50 96 19 33 17 70 23 23 9 78 89 95 67 36 80 95 91 30 36 42 57 5 44 29 100 24 76 30 90 15 65 6 90 76 50 43 82 91 49 79 55 61 40 21 73 62 16 74 89 1 85
44 58 93 72 42 26 97 68 95 79 47 42 88 33 7 38 11 19 97 25 26 69 79 62 65 86 34 16 23 53 2 58 14 39 83 13 8 88 55 58 21 51 69 98 75 84 53 6 5 13 55 79 77 44 75 40 41 63 5 43 57 63 54 22 11 53 96 14 46 99 1 46 1 91 21 32 22 31 84 23 22 22 68 49 99 38 53 20 62 49 58 24 74 50 5 63 70 64 83 78 90 88 94 47 54 59 23 27 86 5 2 16 69 74 39 70 97 21 9 95 9 52 21 46 45 60 6 66 30 28 26 94 51 57 68 22 37 72 57 55 81 48 15 2 88 76 93 73 47 15 38 97 84 26 97 81 71 54 7 55 18 26 98 69 25 86 25 97 86 3 83 30 95 53 59 68 59
89 66 16 72 10 99 27 16 36 68 3 86 24 100 79 76 97 77 50 92 46 5 95 96 71 6 68 29 52 38 47 64 77 34 85 69 28 93 79 37 50 58 82 66 20 77 40 68 41 25 29 23 89 23 92 34 43 97 44 54 14 56 39 42 6 4 34 42 43 16 2 55 3 15 96 85 84 71 42 61 79 35 22 34 55 2 85 9 3 60 21 86 66 64 54 7 48 30 90 10 23 100 85 18 61 87 100 10 51 60 54 40 30 24 32 4 48 95 25 23 16 24 40 13 60 88 94 61 29 6 84 54 32 64 69 3 25 35 30 87 81 70 49 21 43 30 74 94 91 17 60 78 34 9 73 75 56 26 99 35 39 62 96 33 53 81 75 1 23 76 51 70 4 60 7 81 76
0 16 62 36 5 90 68 9 58 20 37 8 43 17 14 53 41 25 86 27 34 95 61 7 41 0 90 68 97 57 12 74 50 64 20 75 29 35 19 79 1 26 50 51 78 25 81 26 61 29 30 52 75 65 79 97 19 61 3 26 23 73 6 82 25 78 76 52 31 18 3 7 60 39 86 21 54 90 12 4 8 98 53 18 81 89 68 0 41 5 4 6 60 23 10 67 76 74 87 64 22 0 98 56 44 68 21 49 6 74 34 42 89 43 86 14 92 40 10 8 68 69 29 55 42 83 38 16 25 52 75 37 78 1 50 72 22 84 10 30 20 66 9 1 18 21 42 90 42 69 94 65 85 80 50 18 6 10 29 51 28 14 87 72 74 96 36 3 11 77 16 55 59 83 86 9 95
53 72 55 62 54 87 6 26 29 25 55 33 33 33 45 80 41 35 34 83 73 99 1 62 53 97 94 98 69 26 22 17 3 28 43 19 87 9 57 74 87 40 53 78 68 57 42 83 83 20 55 62 24 11 46 12 97 29 32 81 0 51 12 80 88 17 58 25 86 95 67 63 39 10 16 73 81 16 44 37 9 17 15 83 16 78 15 11 91 27 78 93 94 14 29 95 91 69 30 85 67 41 14 18 86 47 31 16 6 48 1 35 96 98 85 65 54 15 26 54 75 91 5 22 10 96 39 40 90 11 93 23 34 75 63 52 99 59 62 74 57 38 93 31 65 23 20 0 30 79 40 16 89 49 7 2 14 41 11 87 4 93 69 45 49 18 26 32 48 32 90 74 49 63 6 4 33
2 75 32 5 80 1 96 1 45 38 79 63 73 73 99 90 54 38 33 98 82 73 12 26 2 33 14 92 21 20 7 32 53 9 13 95 4 97 91 56 24 20 0 71 89 71 41 70 1 62 38 94 14 94 15 35 86 53 98 26 0 47 91 24 50 66 10 49 39 76 92 52 80 30 89 62 49 19 18 71 97 65 97 61 92 19 9 69 72 35 22 98 42 89 33 94 36 6 41 7 42 82 49 100 84 47 52 96 13 25 65 11 34 47 19 19 62 15 87 69 79 75 66 57 92 86 6 36 11 44 20 87 60 41 17 21 18 36 2 67 3 40 14 96 72 58 23 83 8 86 69 26 31 34 88 75 15 21 19 0 38 32 14 3 75 25 90 41 79 59 92 14 93 74 59 40 12
53 88 33 63 83 27 88 12 26 91 10 1 13 4 94 19 74 57 5 34 83 51 56 35 80 32 24 80 87 64 96 18 49 11 3 82 79 98 88 50 39 41 61 89 30 72 68 80 43 65 41 62 94 80 68 97 24 30 9 68 10 74 54 99 26 31 96 76 90 45 94 61 29 15 38 2 100 35 17 7 12 82 11 66 79 86 37 82 97 86 12 64 69 48 50 77 53 88 0 58 27 100 78 65 91 48 53 6 83 50 47 72 45 63 63 21 91 27 89 2 61 83 57 60 30 15 60 23 8 74 90 0 95 3 33 79 62 87 2 76 47 90 43 29 50 64 75 18 94 38 53 39 7 78 88 44 91 60 74 76 21 92 32 99 19 23 44 45 29 86 84 27 65 77 9 50 61
15 81 98 76 65 81 69 13 22 48 22 76 70 56 13 23 8 29 10 13 32 17 67 50 71 96 38 11 27 57 60 85 98 17 8 62 15 28 5 7 33 98 3 29 47 93 46 35 56 50 34 13 16 83 89 47 54 61 70 75 36 46 54 10 100 34 15 50 15 45 75 23 91 54 72 63 11 26 90 25 67 45 90 6 89 28 99 17 55 81 54 59 61 2 89 26 53 3 93 61 3 63 11 55 12 87 13 29 10 51 79 69 65 31 9 48 42 86 58 33 9 86 52 72 34 48 71 83 79 60 76 72 43 3 57 12 60 14 18 54 19 51 92 88 50 11 42 6 42 7 97 28 56 91 91 33 80 79 93 2 88 27 92 99 92 45 12 61 42 17 39 8 92 22 9 40 48
72 98 76 72 81 61 85 38 85 80 31 63 71 21 82 19 97 50 32 24 65 75 83 82 39 92 20 97 71 44 17 6 0 2 96 83 81 96 11 93 35 41 85 26 79 96 32 57 22 0 96 71 17 43 62 52 3 10 96 24 26 76 51 85 68 14 36 93 25 29 74 96 52 8 96 41 39 50 64 97 87 34 15 97 80 16 33 74 38 65 70 82 11 25 4 41 35 69 64 91 39 35 55 18 83 3 50 60 88 62 6 83 86 0 49 85 38 43 23 22 57 42 100 7 3 20 77 8 0 66 71 5 14 17 69 73 78 9 41 87 29 87 5 16 89 46 16 63 50 9 70 94 86 47 55 55 15 93 1 20 24 93 93 60 37 60 74 44 94 37 63 7 14 92 14 31 31
44 15 5 82 58 24 25 40 15 72 49 29 71 11 45 23 94 11 18 14 32 9 17 89 71 90 52 34 9 42 47 84 56 96 23 85 75 81 86 82 96 31 66 87 0 60 58 86 66 60 23 86 7 37 43 73 37 50 14 14 72 37 23 17 81 54 16 8 75 86 6 88 69 60 84 43 28 11 64 96 2 84 14 85 14 92 22 76 9 74 15 69 31 16 35 75 93 69 91 77 58 80 76 29 95 34 32 9 48 25 39 45 88 16 35 4 83 66 28 80 25 45 50 11 83 21 74 29 44 33 38 36 75 65 90 39 73 30 49 91 65 38 44 69 21 63 89 35 87 66 33 7 39 86 47 55 56 21 87 26 64 32 11 43 34 87 49 52 34 61 59 46 100 26 36 82 57
96 45 68 86 98 79 67 86 51 3 19 87 19 21 98 68 19 87 76 32 51 81 70 81 99 20 95 0 94 61 19 89 61 44 30 39 93 100 10 82 32 47 28 74 99 71 3 39 39 71 32 28 55 36 18 80 54 83 88 79 26 32 46 25 24 80 77 4 44 67 34 24 95 4 18 1 55 41 63 20 39 64 18 57 17 29 38 3 27 29 2 62 50 85 22 73 47 26 32 90 3 30 42 78 37 67 47 91 1 15 39 67 53 20 82 34 36 31 52 69 65 62 19 74 89 16 82 15 88 29 48 14 25 18 44 65 11 46 46 40 41 88 47 68 36 62 73 2 64 53 74 31 64 15 84 92 40 59 43 42 87 65 45 15 44 80 23 74 2 77 51 86 96 17 9 40 89
89 44 65 40 82 57 56 77 43 94 1 59 6 42 5 51 49 58 84 50 87 82 29 76 95 95 6 35 4 92 98 55 4 6 35 31 78 16 78 23 66 53 50 38 25 29 25 40 70 100 100 20 71 5 5 55 95 69 48 40 19 63 67 20 99 29 3 2 26 63 36 61 73 3 99 89 45 88 90 23 42 55 97 83 17 36 43 35 51 45 73 92 80 93 42 43 3 42 45 60 57 11 9 87 30 36 25 81 39 24 32 8 8 40 10 9 38 94 30 31 53 42 96 9 19 52 93 73 37 80 72 56 64 79 37 63 80 80 39 53 33 70 82 84 94 65 68 47 5 15 88 59 65 70 5 84 52 79 33 20 80 17 85 63 61 46 0 34 52 28 45 8 10 95 49 53 88
51 87 88 51 25 83 14 79 0 73 28 49 49 71 97 71 60 49 97 39 99 47 59 67 94 22 67 11 93 36 43 77 95 96 100 51 46 13 71 70 25 64 88 5 3 78 72 1 0 70 35 44 87 41 75 98 3 59 22 74 54 71 96 31 31 34 49 90 88 96 50 59 94 53 10 43 41 83 19 23 33 8 38 90 25 86 15 73 61 86 94 90 38 99 91 20 96 15 1 29 22 88 98 14 96 44 90 14 29 70 75 9 46 22 99 96 40 95 16 41 22 52 72 59 81 62 59 14 73 54 4 64 57 54 22 75 62 53 60 5 82 54 86 51 98 34 9 13 36 86 58 84 69 44 97 43 87 85 36 58 37 43 69 64 57 37 44 87 50 33 43 42 34 85 87 17 8
78 98 95 53 20 97 8 32 74 35 69 61 99 84 19 77 11 78 92 8 38 46 16 34 34 19 88 12 87 71 44 13 0 71 16 67 92 83 10 29 56 34 84 69 51 6 62 34 60 57 5 48 21 47 39 94 17 5 87 74 42 96 38 47 98 2 28 63 29 13 31 61 37 68 91 72 17 62 5 18 35 55 77 68 47 50 63 56 76 10 33 21 89 51 38 60 75 36 73 35 70 30 78 87 94 40 89 55 20 38 1 61 20 59 67 32 16 89 76 43 32 64 47 93 91 5 44 37 39 64 26 3 42 30 49 62 51 80 72 75 42 21 69 28 23 80 52 79 56 77 8 31 84 27 92 57 20 7 25 15 42 0 79 64 88 15 13 0 76 99 19 78 63 97 87 47 35
52 94 69 68 61 5 73 94 29 39 85 28 35 33 12 41 94 11 30 16 7 10 66 58 64 84 58 92 11 22 42 47 26 31 73 17 30 69 71 12 87 25 14 96 26 13 22 26 20 92 86 71 17 19 54 41 81 65 46 9 30 4 94 23 0 7 55 8 10 63 37 51 50 55 81 33 56 66 36 36 74 36 91 67 28 24 100 8 43 81 16 78 33 15 99 62 24 80 18 23 8 92 96 85 47 12 21 67 73 5 98 92 24 40 5 93 49 33 38 25 2 47 41 43 3 76 13 66 51 40 32 48 17 87 98 41 98 14 48 47 29 88 55 63 47 93 0 75 12 91 87 71 96 32 70 9 79 78 1 79 16 45 54 18 86 43 36 96 63 54 96 59 60 8 85 67 42
28 55 59 37 38 94 10 34 95 42 22 2 54 33 66 94 56 43 51 35 90 66 18 1 89 54 99 9 33 53 55 53 93 60 47 97 85 3 80 22 23 6 87 95 38 3 76 47 59 52 3 58 65 94 14 43 97 84 29 3 59 71 45 13 92 82 35 60 41 22 69 7 91 27 36 29 22 65 15 79 94 99 93 63 10 8 55 93 15 82 92 85 11 31 42 0 3 4 31 36 9 34 58 20 95 8 77 21 74 50 38 69 21 41 12 72 82 98 15 7 59 98 85 73 31 85 26 10 80 25 93 39 89 25 22 56 55 40 86 83 89 52 27 55 42 74 52 72 76 9 75 87 70 93 29 41 67 76 16 98 57 41 17 81 2 24 54 55 83 60 55 99 80 90 19 89 28
23 26 17 29 68 25 39 30 19 39 45 25 80 37 56 99 25 98 97 64 5 50 100 58 34 88 15 92 14 98 40 11 50 4 69 20 12 13 85 26 68 46 81 64 53 91 25 45 80 46 62 78 65 80 60 86 20 67 17 68 49 7 58 14 52 98 23 57 85 8 19 57 92 96 1 4 36 26 21 67 80 36 96 8 79 71 6 75 37 1 75 13 57 79 20 39 40 52 46 43 84 96 32 56 60 13 69 71 80 20 64 71 48 62 2 93 87 90 82 41 62 16 10 80 35 59 30 38 42 4 97 5 65 65 55 29 96 5 20 99 11 75 40 54 50 73 80 85 64 84 97 18 74 32 83 9 38 21 33 31 92 6 77 74 86 71 100 33 96 32 73 72 40 1 33 82 66
53 27 68 17 51 34 50 14 54 70 1 95 86 29 45 70 33 51 96 27 59 23 65 89 79 68 38 0 20 77 100 7 56 68 67 15 86 46 1 84 8 92 19 9 43 73 75 18 57 37 4 19 99 93 25 77 42 57 49 46 16 2 42 79 88 88 50 59 12 63 80 98 88 22 84 31 35 86 73 76 30 92 31 43 31 58 39 52 31 92 44 72 74 78 85 39 46 21 86 4 57 69 50 95 68 37 72 62 89 4 40 93 15 62 100 32 99 58 77 67 99 97 13 78 26 53 46 36 8 59 59 48 2 52 23 99 40 62 45 97 3 84 0 28 12 76 71 6 41 51 55 46 9 74 61 66 76 52 2 27 52 4 96 76 56 38 48 12 15 28 91 90 24 18 91 28 6
14 28 90 45 41 41 11 1 62 84 14 6 63 97 7 62 57 25 17 89 4 73 88 28 91 70 9 79 92 41 79 83 10 31 82 91 21 73 90 10 16 96 91 86 76 66 33 91 7 53 43 7 91 50 56 94 39 32 12 37 99 16 96 39 55 34 85 40 10 0 92 91 35 31 41 34 56 80 46 70 94 5 91 92 56 36 59 27 97 12 67 84 79 92 29 87 56 76 58 32 9 18 67 55 20 48 78 95 87 86 5 94 39 41 98 83 11 0 69 62 0 10 93 6 81 4 88 61 8 24 70 61 66 16 84 82 10 12 21 82 45 27 77 55 74 65 62 21 53 54 81 34 59 38 20 49 16 61 47 52 61 9 74 84 0 27 31 40 9 64 84 22 57 92 84 2 48
0 32 100 13 55 67 1 19 100 28 46 81 71 48 18 80 34 1 66 17 65 63 26 37 73 39 59 16 32 21 95 93 7 16 66 29 53 68 47 29 78 43 100 47 17 83 31 23 64 65 49 33 38 68 16 79 10 60 99 58 81 63 54 95 84 6 61 89 20 45 47 64 5 27 53 81 4 9 34 75 83 21 47 62 42 74 62 67 23 93 1 27 70 0 7 40 28 71 35 47 61 32 45 7 4 52 15 98 14 78 95 81 16 24 63 88 96 90 18 50 92 96 38 63 44 50 8 33 5 19 35 50 78 83 38 85 48 20 60 33 66 52 8 66 65 91 82 31 61 43 88 71 39 94 61 91 11 74 76 0 47 86 85 97 4 77 91 86 66 64 66 16 58 33 50 18 56
81 98 48 40 94 14 15 59 73 74 53 7 93 19 0 97 53 65 43 18 19 67 42 61 25 43 98 70 46 69 66 66 53 40 73 12 4 8 28 72 65 58 25 9 30 75 18 72 82 71 26 36 1 84 8 63 97 37 57 42 15 45 66 43 38 31 77 18 10 67 57 89 78 24 84 97 13 36 64 18 25 39 34 69 98 34 57 44 41 9 93 49 16 17 58 77 49 19 88 55 87 29 86 63 10 32 89 100 57 26 73 43 28 24 65 24 63 100 4 25 9 3 27 1 21 66 24 5 100 76 77 61 53 11 67 39 32 72 20 16 97 51 31 3 81 81 0 78 55 45 75 19 27 17 0 38 87 35 99 92 90 57 72 88 15 83 75 83 77 20 75 87 63 50 5 33 12
58 22 45 79 70 12 75 62 25 15 2 50 17 55 27 33 62 34 4 99 74 93 93 20 97 66 94 23 0 0 99 93 7 63 46 25 26 93 66 93 7 62 75 95 8 63 35 4 47 88 20 53 63 42 41 78 36 50 50 57 40 85 9 62 33 26 21 84 70 3 6 71 48 89 46 14 14 38 26 82 65 13 8 64 80 16 39 57 65 26 43 26 10 95 35 10 53 10 37 6 64 34 82 87 46 44 85 64 8 18 100 41 52 17 58 77 39 18 47 73 46 51 8 45 53 98 98 55 58 56 96 10 38 61 82 34 21 71 39 44 47 6 62 95 83 92 92 88 69 62 99 52 57 22 11 24 69 73 59 76 92 8 56 98 12 71 65 66 55 23 72 35 69 37 76 71 81
6 86 69 19 76 3 19 27 31 27 44 58 47 9 85 8 85 74 36 1 54 100 78 70 59 52 82 89 14 1 9 52 2 1 25 95 54 1 35 13 12 84 3 7 71 58 65 40 57 67 89 46 53 42 43 54 33 22 90 85 32 86 11 98 37 62 53 91 15 35 50 81 73 15 60 92 21 45 9 51 16 95 37 14 47 74 67 92 79 65 25 92 67 0 41 93 0 21 44 49 56 28 36 1 8 60 13 53 72 76 31 69 47 97 5 18 4 52 81 80 89 33 2 40 43 54 91 34 16 93 91 62 73 22 50 36 98 40 84 40 34 97 77 97 45 65 69 99 63 35 58 100 91 1 57 87 99 19 38 91 70 63 98 17 37 0 47 40 3 32 52 4 18 33 88 22 34
68 93 30 35 37 93 70 27 20 9 85 94 27 38 57 98 92 1 21 88 28 66 55 15 34 56 99 12 93 89 94 17 49 82 13 23 66 88 20 13 4 99 77 32 65 53 93 22 23 40 69 80 9 99 21 93 26 7 72 83 68 47 96 63 8 13 94 48 91 47 1 13 75 97 30 99 23 11 38 71 21 86 1 57 0 90 8 5 87 56 74 10 90 35 70 99 23 58 97 55 56 68 34 81 0 56 38 28 32 65 58 86 88 26 28 70 79 79 22 97 93 92 82 12 66 11 19 23 41 69 50 14 81 14 1 55 61 80 38 91 11 28 40 14 92 52 52 27 11 52 95 1 11 95 90 97 75 89 6 11 88 26 11 78 76 27 71 14 7 46 16 6 18 18 24 81 1
7 25 85 31 1 83 98 6 43 1 10 40 67 97 68 77 52 90 93 34 73 62 1 29 68 8 84 13 94 41 100 39 29 17 53 56 52 1 98 78 46 22 44 94 21 91 27 57 11 9 2 28 13 57 41 13 29 49 83 13 80 59 6 62 56 89 3 28 36 99 84 20 63 13 60 30 85 24 4 4 65 23 76 31 47 64 82 77 84 15 89 59 21 84 65 47 96 67 80 36 59 75 42 9 30 67 87 49 73 59 68 47 43 21 35 95 17 58 40 99 58 10 24 29 25 24 20 97 29 63 41 7 72 15 74 32 38 20 33 81 35 47 96 98 77 76 89 66 80 65 63 63 94 15 93 34 31 14 57 16 64 33 88 12 39 53 61 78 61 53 69 32 87 51 83 24 86
7 11 100 22 94 41 22 73 57 74 48 66 28 38 37 3 4 47 8 1 64 80 53 14 83 17 13 60 58 2 50 7 90 50 50 61 79 56 67 44 22 2 19 28 8 85 69 24 56 78 37 82 18 81 69 34 4 98 18 45 19 19 47 86 34 42 57 21 77 2 40 88 38 90 35 26 44 41 12 42 29 37 66 7 57 83 79 45 99 10 4 99 45 26 74 23 34 21 83 73 23 42 98 65 82 41 36 85 17 85 13 90 42 74 45 28 63 91 84 20 88 86 4 39 82 78 30 78 8 52 49 39 91 73 15 29 100 10 15 93 60 72 46 92 61 51 98 94 51 23 65 94 100 51 50 97 89 68 42 55 5 80 27 20 13 91 41 30 27 66 48 35 96 31 32 55 37
68 20 66 98 86 33 5 60 83 37 59 29 20 42 9 16 2 20 76 84 56 99 2 46 73 29 43 97 18 10 58 90 28 4 70 20 67 60 58 24 79 13 71 9 38 44 76 74 50 99 87 15 21 76 52 95 42 15 88 39 85 12 21 55 21 41 17 66 16 85 68 34 56 23 73 23 45 25 25 18 37 16 81 82 59 58 65 32 71 62 11 65 7 97 77 64 24 15 60 62 61 40 55 71 81 95 85 12 40 67 63 18 29 56 19 69 6 60 73 89 98 29 37 30 51 67 81 67 7 6 63 7 55 35 98 54 71 91 36 70 20 63 32 39 27 19 32 33 85 61 11 49 95 86 22 78 24 14 21 62 71 73 9 57 68 20 2 70 31 1 82 2 90 16 49 73 56
56 49 18 87 86 77 93 7 50 70 50 39 0 32 42 62 96 22 13 82 31 35 59 15 18 55 24 14 27 24 81 0 75 40 33 42 46 98 92 88 75 8 54 2 32 50 97 14 47 80 61 72 19 45 69 14 16 9 52 23 8 38 83 2 90 12 67 40 34 69 100 43 77 2 86 3 98 5 50 52 25 92 4 4 48 89 11 2 18 78 67 26 16 14 92 61 47 86 78 44 27 92 66 0 8 71 89 61 79 20 16 94 100 82 64 12 67 91 85 32 85 91 20 56 12 71 43 24 60 26 54 2 57 18 22 82 62 58 19 5 85 61 30 22 68 76 94 32 8 25 19 52 37 2 33 66 98 88 67 9 38 82 54 67 62 29 57 62 77 17 85 30 91 99 2 56 79
13 85 91 100 23 43 1 9 44 82 57 36 23 87 95 72 81 2 9 89 53 77 70 41 95 12 44 79 6 65 30 36 33 82 20 34 70 19 81 94 90 41 89 83 36 52 9 26 92 61 15 5 87 25 73 15 94 59 41 53 30 42 33 11 91 8 92 13 36 26 81 9 87 70 5 11 27 46 14 25 34 67 96 68 15 46 1 4 27 1 14 41 49 59 80 61 78 72 28 66 55 72 73 52 56 43 9 94 9 5 87 73 39 57 55 19 38 10 70 34 30 16 15 53 94 16 71 75 33 38 9 60 52 75 56 79 59 15 26 53 15 1 58 89 89 41 45 67 20 55 77 99 100 4 16 49 21 45 88 60 50 87 78 68 62 10 19 82 67 72 25 56 51 11 6 94 9
22 82 5 93 7 71 43 91 65 2 16 87 78 79 24 52 78 49 75 85 35 55 81 11 25 71 66 80 10 82 5 38 45 47 39 48 21 57 12 48 11 66 74 6 26 56 71 22 65 69 66 69 27 66 90 50 4 22 77 24 23 63 39 4 16 42 90 87 37 1 68 36 51 58 31 62 23 24 7 76 85 72 28 100 63 57 31 2 89 72 29 62 20 80 30 88 98 64 52 44 40 20 30 53 0 2 62 77 83 75 96 93 93 4 9 87 64 28 67 20 93 14 92 86 33 15 32 90 5 17 41 99 89 74 97 5 43 49 51 95 75 62 28 40 47 87 47 95 97 6 93 71 54 19 89 49 100 3 95 85 11 92 51 31 51 27 97 7 88 62 92 42 33 80 20 95 16
80 33 67 69 28 87 1 49 3 100 45 5 73 42 95 64 21 42 61 23 71 63 44 60 70 25 75 67 24 66 58 17 81 36 28 45 38 3 44 4 28 74 56 16 39 58 16 36 56 35 91 58 51 33 100 27 31 75 0 83 80 6 56 52 36 100 86 79 32 86 98 8 73 89 85 9 94 64 83 50 61 20 48 42 13 13 61 29 81 96 23 93 12 7 79 94 93 50 99 6 74 8 86 58 92 13 44 100 91 54 74 60 86 30 66 81 58 72 49 78 6 39 28 28 78 67 26 53 99 93 2 56 94 71 12 17 63 39 60 92 55 61 85 88 80 84 17 78 26 90 80 19 22 85 46 33 84 43 12 85 76 7 56 85 40 86 69 91 87 54 13 97 15 48 42 4 12
94 4 19 16 30 63 79 3 80 99 18 98 82 71 64 28 26 90 81 48 8 46 29 33 64 52 31 70 35 33 40 34 92 81 90 24 48 29 78 91 81 23 34 50 64 16 47 37 5 56 91 12 47 71 17 4 11 12 99 6 13 16 94 0 0 94 55 31 82 90 78 80 86 98 68 52 5 1 36 42 66 64 79 68 44 5 67 58 59 52 79 7 33 4 97 29 79 49 21 13 29 3 48 13 36 24 76 65 8 80 100 94 62 84 13 79 77 44 27 52 28 65 88 24 59 8 48 17 61 72 40 42 89 6 73 15 93 95 74 1 43 21 54 48 28 0 45 46 98 38 51 80 67 67 40 97 31 43 19 11 39 52 16 88 1 3 15 24 100 79 51 32 11 27 59 30 31
78 90 94 82 85 73 62 8 59 92 56 89 70 30 41 94 24 87 2 15 7 78 52 59 10 70 36 21 82 27 81 10 41 8 90 68 14 82 91 88 11 95 86 12 98 39 81 81 24 64 31 49 94 76 75 16 94 66 36 68 33 87 90 19 99 70 34 66 32 52 41 4 9 18 75 7 23 11 21 92 81 57 67 8 57 70 38 76 4 80 49 18 44 76 61 79 13 6 39 43 77 9 46 63 37 59 49 78 11 78 25 28 37 45 1 91 38 31 4 46 83 89 77 24 13 38 68 12 84 53 96 73 80 20 73 61 78 82 14 48 97 50 56 22 77 2 62 55 7 68 76 89 0 23 92 31 30 59 37 56 55 91 78 75 73 24 45 60 18 75 47 79 77 37 89 78 8
77 45 39 2 13 7 46 37 75 49 19 38 92 14 74 40 69 0 86 72 46 59 60 84 37 75 73 33 61 22 21 20 25 17 74 31 14 86 38 41 68 22 36 16 28 87 90 2 50 90 56 48 65 31 65 64 41 0 88 41 45 74 84 95 6 60 50 45 25 93 81 54 25 70 81 55 53 65 2 81 69 91 58 15 44 67 5 3 14 18 55 23 25 54 58 62 84 28 95 91 29 5 37 3 34 31 56 59 95 79 32 73 67 60 12 66 27 27 75 29 60 70 95 5 35 94 78 8 3 94 36 55 12 87 45 82 62 38 99 1 42 85 47 44 45 24 51 84 73 39 18 75 69 77 40 13 63 49 25 65 5 21 11 27 88 30 20 37 37 47 57 0 55 3 31 26 2
43 79 90 49 69 28 32 48 75 97 44 94 37 61 12 40 53 54 83 17 49 34 88 58 1 63 27 94 51 66 18 62 56 58 26 80 31 81 65 52 20 39 0 20 68 27 40 61 56 97 68 89 59 16 70 70 70 76 0 86 16 84 41 15 7 97 70 96 31 42 94 20 62 10 12 27 93 15 59 20 94 78 35 63 34 76 70 85 34 71 91 21 70 91 31 37 9 13 46 63 30 74 24 91 22 16 68 90 51 6 26 75 66 91 97 70 55 33 1 2 25 54 68 55 93 92 96 28 66 59 32 66 63 21 37 2 33 46 5 39 18 7 19 36 13 19 25 80 19 66 88 84 89 31 53 43 43 3 72 89 20 92 33 53 47 48 38 35 28 32 25 79 50 33 84 49 3
88 24 56 37 33 23 29 0 69 24 82 38 1 98 60 14 30 34 59 4 58 19 70 90 80 86 49 92 79 93 6 70 75 58 2 95 42 92 33 62 10 56 75 86 64 8 64 32 41 81 84 19 87 36 6 46 87 23 72 27 0 21 83 22 32 98 68 87 40 30 92 64 17 81 59 8 54 98 71 56 67 7 86 14 31 86 84 59 67 99 54 70 28 33 50 39 68 28 87 31 14 50 86 66 36 93 97 43 85 8 89 11 92 15 45 20 68 37 33 26 5 45 11 75 70 37 85 80 87 19 64 47 7 64 82 16 83 87 44 19 66 31 54 99 58 68 85 30 30 88 73 14 6 29 54 8 96 64 78 92 36 11 86 31 32 67 8 36 36 92 39 69 23 18 53 98 95
13 48 45 36 23 48 17 70 35 27 84 45 12 32 9 48 53 47 81 32 95 25 62 58 56 20 79 43 55 20 18 7 83 29 99 85 38 27 74 33 21 60 30 62 43 55 93 95 35 22 64 10 84 31 79 57 57 60 66 36 37 6 45 31 82 99 93 73 81 23 51 36 50 16 23 57 64 26 13 40 86 43 22 99 70 74 24 63 1 7 90 88 33 58 89 17 69 16 64 59 26 24 61 42 19 67 32 54 68 38 7 11 78 37 27 79 55 28 68 7 68 81 10 49 39 87 59 23 77 71 49 69 62 78 61 61 28 65 80 18 49 59 85 28 6 21 93 65 10 54 6 95 5 12 95 44 6 26 43 5 100 4 51 17 16 71 69 51 30 66 24 23 3 77 10 19 31
2 97 90 65 98 37 99 40 56 79 50 10 25 73 14 15 33 0 57 66 20 36 0 98 9 21 56 100 7 70 13 14 59 55 15 53 64 73 34 57 79 16 13 95 98 78 91 28 35 8 14 3 22 40 5 58 20 19 86 95 85 22 73 55 27 98 24 34 99 74 75 83 99 21 21 10 56 30 40 70 19 16 34 53 86 91 33 56 23 21 22 62 2 56 46 36 45 23 82 72 76 46 96 4 35 14 43 48 12 35 77 62 12 80 8 8 89 5 17 11 86 26 43 45 31 86 44 75 57 14 73 73 68 68 81 25 43 68 78 99 52 70 81 55 24 83 40 52 7 86 6 91 79 58 46 6 49 74 91 23 48 5 98 50 3 20 21 68 99 91 100 100 13 50 47 66 69
89 24 97 4 72 12 96 9 88 57 32 38 79 69 82 43 75 56 58 69 12 36 43 82 96 69 12 98 96 48 14 45 14 12 24 79 1 62 99 16 11 65 46 61 42 65 94 71 17 85 82 63 49 37 15 62 91 39 46 7 92 86 59 56 7 75 96 65 67 7 30 65 30 13 4 4 61 54 56 9 76 82 2 11 91 22 93 34 68 29 89 49 24 34 59 41 92 50 45 76 21 18 90 90 31 61 59 68 19 68 5 65 44 45 34 84 29 52 19 51 78 89 89 9 24 65 83 4 49 89 34 66 93 73 6 1 3 6 73 9 18 57 94 33 24 52 13 5 14 47 80 0 5 46 73 26 46 61 28 23 48 45 40 9 13 76 74 75 86 7 23 65 3 53 19 47 72
44 67 58 15 72 29 35 72 82 5 5 44 75 96 75 50 90 78 34 26 69 2 85 93 23 53 26 46 76 39 93 79 39 82 49 57 87 29 58 86 1 43 24 30 72 4 100 12 24 4 84 22 71 24 85 12 0 85 44 95 40 77 9 43 30 84 31 37 14 43 11 40 54 28 59 47 56 64 3 19 17 77 69 23 27 35 33 20 51 62 28 21 61 76 72 96 63 74 68 14 79 51 69 97 96 61 22 36 31 1 24 19 88 100 55 11 7 96 32 2 97 53 42 3 44 89 45 55 84 29 34 13 99 6 65 2 51 78 12 14 56 6 87 64 49 45 79 5 31 67 92 3 2 77 45 63 77 27 65 29 40 50 0 88 99 24 2 87 33 12 15 40 21 9 15 52 34
43 59 2 11 59 40 57 91 15 83 28 95 3 22 66 26 84 41 16 59 30 41 68 66 99 28 40 54 96 73 50 80 65 45 35 10 30 71 59 41 70 28 48 88 10 34 58 63 5 37 73 76 34 60 71 71 69 95 21 4 36 62 87 33 8 57 26 100 51 74 12 39 48 27 85 70 20 78 66 47 54 93 94 96 40 63 24 82 87 1 50 77 38 17 49 6 94 48 33 90 53 48 0 62 42 51 87 67 87 15 12 86 9 8 15 34 6 6 83 8 64 72 79 2 26 69 14 44 93 80 95 33 59 77 55 94 8 99 81 54 51 33 23 25 92 31 12 17 22 33 25 50 90 70 51 56 34 39 98 1 5 66 64 17 68 52 87 74 47 33 13 58 84 34 99 71 73
71 98 89 63 40 39 45 15 33 88 63 13 37 37 14 42 83 76 58 74 12 43 51 0 55 11 37 89 75 21 26 96 75 100 45 81 49 97 89 8 63 47 52 17 12 0 28 42 54 85 25 98 41 97 23 36 73 24 25 41 58 75 83 45 44 61 68 68 95 11 4 93 5 10 30 86 82 98 97 54 49 72 28 37 92 18 33 20 95 96 83 56 3 21 39 50 87 64 16 51 32 50 70 36 42 38 19 48 92 90 63 87 19 61 95 77 6 94 34 92 98 100 58 76 30 8 62 9 59 47 21 35 6 76 97 97 61 82 63 33 99 2 93 49 2 93 60 47 42 34 98 92 81 73 0 22 27 87 95 61 45 21 35 96 76 17 53 65 96 54 38 5 15 21 79 65 15
40 79 3 94 81 64 82 43 41 7 84 26 42 83 31 44 85 46 66 50 60 71 100 79 77 95 91 72 0 95 81 24 48 10 52 52 46 62 30 27 1 61 78 87 54 73 86 47 36 36 100 53 18 74 99 86 52 53 33 90 66 81 63 46 80 96 38 61 54 99 13 48 7 94 86 87 82 40 37 29 62 91 84 90 75 29 64 8 38 34 18 80 22 11 53 50 22 42 16 11 32 31 80 37 62 73 56 27 31 24 84 89 56 90 90 54 100 64 94 95 0 30 38 96 84 47 63 47 68 19 93 91 77 13 75 54 33 49 72 21 99 98 5 39 10 92 42 50 69 18 78 54 40 22 90 19 28 8 54 96 86 92 57 83 41 31 13 12 81 23 51 16 30 78 93 92 6
23 83 90 72 2 70 11 36 74 26 51 92 83 19 27 31 90 61 61 56 61 1 62 64 65 50 61 29 60 27 17 28 10 86 46 86 59 84 0 66 31 49 37 34 54 62 12 83 80 61 15 70 80 62 70 76 20 20 65 51 31 56 42 21 60 28 89 19 65 33 68 7 46 19 12 22 33 61 87 29 94 89 48 80 8 42 63 64 27 47 43 19 81 33 64 12 49 11 85 12 2 7 90 61 70 34 32 52 23 54 59 52 71 19 25 26 80 69 99 80 70 89 65 63 50 88 18 61 85 79 61 68 55 87 18 52 19 11 53 89 12 61 72 84 45 58 89 24 59 62 65 66 35 65 80 84 17 47 87 25 61 41 91 27 47 40 41 12 97 93 78 75 44 25 32 25 46
49 100 88 79 99 83 64 45 80 33 36 79 83 40 79 35 48 41 79 63 95 24 3 34 65 37 88 80 35 60 64 54 51 54 45 92 71 54 37 85 4 2 23 88 2 30 9 56 38 46 98 10 54 13 9 11 30 3 92 54 30 54 58 92 90 67 30 80 11 100 51 26 99 9 86 29 77 16 12 14 21 57 66 47 51 20 27 74 19 97 50 85 11 78 100 93 89 87 12 29 25 36 30 26 32 8 100 8 76 3 77 30 53 93 5 67 83 54 27 92 98 11 30 66 77 83 1 56 63 48 62 3 83 54 8 50 95 53 98 25 49 35 2 19 37 79 46 88 46 90 12 76 77 98 87 36 83 28 38 44 31 97 77 38 58 62 33 99 98 33 72 56 11 30 85 51 34
67 12 67 77 46 18 50 96 46 30 10 73 48 62 84 16 66 80 29 42 92 14 53 75 11 12 85 45 0 23 97 84 4 0 67 21 90 93 8 97 48 56 73 17 54 86 64 86 31 17 89 37 1 81 39 51 3 13 7 71 13 63 59 36 57 47 96 58 49 65 50 46 50 20 75 81 83 96 71 52 32 67 51 88 91 6 49 64 76 12 96 65 72 73 60 51 70 13 60 89 66 25 4 66 82 4 100 4 97 31 39 57 72 17 86 0 20 10 5 53 74 61 38 73 22 3 66 82 92 22 28 85 41 92 95 66 0 20 98 1 21 0 50 40 10 15 93 96 90 39 32 6 48 16 13 1 90 14 69 96 29 95 85 50 81 65 24 4 18 93 75 65 62 26 92 10 32
91 4 97 39 36 85 45 89 40 7 99 32 76 58 48 34 95 11 72 28 47 100 70 64 100 55 10 29 58 82 31 62 42 15 54 49 15 70 41 61 40 23 76 71 19 96 34 29 32 26 3 66 52 33 88 90 89 91 84 94 54 28 63 89 84 74 86 24 73 29 72 0 33 6 38 94 36 24 65 79 57 20 66 64 81 74 39 4 61 93 50 88 19 24 6 29 30 77 85 26 44 54 93 73 19 10 52 33 37 25 28 58 53 72 29 16 82 7 68 62 76 13 87 59 95 30 79 69 37 16 91 74 54 30 40 23 100 97 63 31 46 99 44 63 24 41 48 91 76 55 55 79 44 63 70 21 2 73 65 34 84 81 8 32 51 69 15 92 4 63 16 82 50 95 25 3 56
55 74 6 15 99 84 59 75 86 83 97 39 67 37 10 88 51 62 75 51 62 93 68 46 32 2 13 64 58 43 38 38 68 37 54 76 72 86 98 73 28 77 15 52 64 86 8 17 17 73 1 67 9 52 88 73 40 54 89 47 37 14 33 23 94 41 55 74 62 36 92 45 10 54 26 73 73 9 14 42 10 41 17 77 3 80 20 17 99 99 88 99 21 74 89 26 86 25 66 74 60 57 38 37 15 6 8 33 76 65 88 48 99 4 68 15 49 5 15 19 4 35 49 2 43 80 77 63 30 8 80 91 1 41 94 52 26 28 61 77 66 3 26 62 7 84 3 90 12 56 78 29 8 53 64 39 25 2 24 55 37 19 48 43 78 79 14 60 27 9 56 56 86 66 61 52 70
99 56 54 34 49 60 43 83 96 74 91 31 25 45 38 21 2 56 81 45 4 25 62 93 2 24 26 89 64 1 94 67 22 47 97 75 34 76 46 47 29 78 8 29 26 60 81 82 85 56 5 66 17 25 84 78 9 13 0 11 53 61 62 54 29 84 18 82 5 79 51 17 74 27 27 63 78 67 24 12 8 67 13 98 5 86 30 51 59 27 76 60 82 63 94 35 82 8 24 67 12 33 65 74 41 36 67 38 13 5 44 11 21 60 57 88 94 87 71 17 3 21 44 37 57 21 9 90 81 41 4 74 37 95 50 30 6 1 68 43 35 78 61 9 34 45 99 58 28 32 13 46 63 35 5 82 30 97 5 39 14 98 82 7 5 72 85 37 28 85 36 91 19 5 99 9 16
64 91 22 91 7 78 41 47 6 47 17 27 95 0 60 17 44 82 29 67 56 21 94 89 0 2 51 93 45 45 77 5 38 75 93 42 54 66 35 10 46 64 41 83 47 66 85 5 27 85 88 34 59 84 62 95 28 62 92 48 15 76 30 23 52 7 46 14 79 89 30 11 86 86 47 17 49 29 89 74 92 72 12 81 3 55 2 7 66 56 56 16 39 60 23 54 56 43 20 73 71 71 85 64 69 99 79 92 46 63 10 6 55 87 7 58 75 75 41 27 62 100 100 75 93 37 15 0 69 55 36 74 83 44 14 82 42 65 74 60 66 51 15 46 76 97 12 50 81 8 56 30 24 7 96 99 99 88 43 18 82 42 31 12 62 94 95 67 64 78 48 23 21 76 45 63 58
52 94 40 99 68 34 35 29 90 73 62 37 73 20 45 85 0 9 36 55 84 9 89 89 98 41 44 1 35 100 63 64 84 65 76 1 46 46 27 29 86 29 65 79 94 66 57 21 36 49 31 69 45 76 91 42 34 15 10 65 56 45 73 92 30 73 26 80 67 84 22 59 49 52 82 59 91 36 22 26 76 54 68 43 6 64 97 14 98 97 95 94 86 19 24 5 63 53 53 64 23 11 88 66 61 5 90 50 78 99 52 86 6 53 36 3 74 48 84 43 8 4 61 92 19 35 26 38 49 57 56 38 60 67 41 63 98 84 34 90 93 62 37 54 65 12 12 58 92 61 81 19 39 13 81 3 77 87 31 89 12 65 86 74 68 59 96 55 66 99 67 96 30 34 100 88 8
65 38 4 54 95 56 51 61 67 60 99 68 63 37 28 74 29 24 36 57 57 1 97 81 93 5 38 47 26 2 85 67 45 8 33 11 75 44 58 61 16 83 66 30 20 97 27 75 83 32 48 94 79 10 73 68 45 23 72 33 32 96 71 57 77 99 47 69 96 58 44 12 69 91 23 91 93 91 8 48 97 90 24 48 42 47 18 52 62 9 72 15 33 34 37 91 1 17 6 33 17 33 24 86 19 95 69 35 54 33 52 34 63 69 1 23 25 6 97 12 98 80 42 34 62 37 15 91 95 72 64 77 30 46 69 76 23 30 75 71 14 72 88 91 51 69 38 34 3 89 58 38 44 71 67 23 57 86 15 5 88 71 31 21 32 7 91 41 4 37 52 78 32 77 71 77 19
43 55 82 1 32 14 51 59 36 33 97 24 46 21 67 54 69 54 80 27 62 22 57 53 88 99 91 9 85 81 35 95 46 28 34 96 9 18 56 2 44 8 54 46 46 83 13 50 81 65 96 97 38 91 94 34 48 17 36 12 35 66 44 33 70 37 67 27 17 64 70 96 58 4 74 63 59 97 19 58 46 66 29 37 48 7 41 72 44 56 48 92 21 16 23 5 45 54 26 97 31 76 37 52 79 62 15 67 6 14 70 98 95 10 22 36 82 25 36 80 63 16 52 66 76 6 34 60 50 21 61 44 28 45 19 0 16 17 81 31 65 80 52 75 82 80 26 80 13 16 84 64 8 50 82 5 63 47 62 51 25 56 91 48 28 100 3 13 56 49 85 18 18 98 12 43 31
88 52 68 100 47 89 32 13 100 35 8 37 61 55 23 29 39 29 7 34 6 66 46 95 2 80 93 10 1 76 81 45 39 94 20 91 77 60 4 33 76 69 8 15 97 6 61 3 36 27 85 73 43 35 44 14 82 19 95 50 44 7 33 66 59 0 4 2 18 29 42 16 45 89 18 11 100 50 100 24 81 41 27 92 74 78 58 52 28 36 45 92 35 62 38 57 39 46 62 75 56 85 10 68 35 21 15 29 55 84 13 54 42 81 11 81 90 31 44 34 32 86 94 84 1 6 35 34 55 16 13 27 34 54 12 11 40 57 21 12 49 42 30 40 63 80 14 62 56 38 32 30 49 15 84 80 49 1 47 32 79 68 28 25 92 75 80 74 12 60 28 39 43 30 36 64 50
4 49 30 32 68 56 64 72 9 71 24 64 60 4 41 19 1 68 78 36 5 18 27 58 58 52 89 95 64 93 7 38 58 56 25 23 61 88 95 67 2 28 57 48 57 8 3 10 62 15 80 60 66 23 34 71 33 27 54 12 21 90 36 3 71 97 4 60 40 52 99 84 93 38 2 10 21 93 77 54 60 54 77 57 41 80 49 9 12 76 18 55 6 53 97 6 61 25 87 5 74 30 18 49 28 72 20 75 97 98 92 16 21 50 32 81 89 82 58 44 38 26 6 11 53 56 96 86 18 73 52 98 26 89 35 58 64 99 65 26 8 15 1 53 92 89 74 88 85 79 33 91 89 18 59 19 6 40 10 70 87 23 58 37 55 95 63 37 44 2 86 53 95 49 68 67 38
100 45 65 81 76 76 10 40 14 40 22 28 1 99 98 87 76 4 55 57 3 90 75 96 84 10 83 62 9 51 44 44 97 67 70 86 78 77 68 59 56 24 12 66 99 3 21 80 75 49 0 23 99 93 66 44 36 5 62 85 88 15 34 20 29 79 65 73 20 32 59 76 10 19 60 35 84 21 52 1 91 44 43 63 7 8 54 94 81 60 8 14 10 61 68 79 2 45 70 58 31 44 46 4 16 47 92 93 79 62 57 75 76 33 49 36 85 78 69 42 52 38 51 43 37 3 1 84 49 98 63 96 62 52 86 25 19 75 85 14 59 31 36 81 51 26 0 64 45 76 26 92 85 56 54 68 4 97 38 76 28 26 6 64 9 22 24 15 57 63 66 32 86 61 56 77 42
77 51 20 17 71 83 43 45 77 40 13 3 86 68 100 30 45 53 20 33 27 33 41 91 19 12 14 80 21 5 42 39 99 71 88 6 61 99 66 25 5 4 8 99 100 90 26 97 55 81 64 55 45 15 25 61 9 13 73 16 49 100 49 75 65 68 1 8 97 34 79 33 39 39 2 73 50 3 63 99 24 10 96 18 58 78 51 81 91 7 73 56 74 38 81 83 66 9 100 92 37 33 64 85 64 31 54 81 73 48 88 46 18 56 52 34 36 64 78 32 60 49 41 37 56 45 89 29 76 26 7 28 19 74 92 38 3 16 1 51 62 14 31 92 98 14 33 16 48 35 22 57 11 32 97 70 93 48 37 83 88 100 12 18 97 88 51 77 99 12 44 44 73 98 94 93 38
52 29 10 34 83 100 9 28 7 57 49 18 1 60 58 43 83 48 28 1 65 93 51 64 4 56 64 64 81 83 58 60 82 97 65 99 89 69 85 76 47 93 71 47 85 18 30 41 1 88 21 8 97 54 21 22 22 6 96 1 65 73 79 64 52 67 92 54 41 51 23 49 71 7 32 9 42 96 19 60 5 21 54 84 35 55 57 41 76 71 20 34 17 80 13 13 79 78 46 85 4 21 76 26 55 59 72 99 57 83 38 22 4 86 44 57 86 70 43 51 60 2 83 47 47 54 57 35 13 41 11 31 83 82 42 29 40 10 88 13 84 34 6 6 8 74 85 90 79 45 79 56 73 7 91 35 52 26 37 90 37 100 30 0 17 63 20 100 40 96 6 30 91 52 40 3 55
66 27 89 89 2 25 63 14 50 18 40 55 3 65 71 58 35 13 29 23 17 50 77 47 39 14 19 21 81 1 68 55 57 14 49 16 24 17 52 15 14 93 23 21 66 50 59 24 38 82 53 77 85 42 34 29 91 79 22 50 80 68 17 27 62 78 52 86 35 31 66 11 12 40 56 51 71 16 10 11 16 83 99 47 43 84 46 8 50 25 3 89 36 76 77 44 94 67 16 33 69 63 78 43 27 77 49 36 49 70 73 91 32 60 51 36 54 33 25 22 91 78 54 80 40 7 50 91 68 65 90 34 61 94 5 97 99 11 31 29 46 76 19 44 67 17 95 10 51 45 93 65 2 65 11 45 26 60 94 36 57 90 16 86 11 53 16 78 55 39 6 22 2 82 11 74 77
23 61 32 97 60 32 53 74 31 56 44 95 16 78 9 89 30 34 69 99 7 24 2 62 65 53 94 44 74 33 3 10 64 26 11 77 57 52 55 56 99 40 24 77 17 30 13 0 47 28 79 40 24 47 77 88 83 64 12 43 41 18 57 57 5 57 33 59 24 29 38 28 22 22 99 92 73 27 99 55 61 92 58 83 81 28 69 17 21 27 46 18 19 95 91 34 52 10 0 28 86 88 45 85 13 6 76 30 72 95 17 56 22 35 5 84 42 13 90 86 45 99 0 39 21 71 92 10 23 64 81 81 32 80 25 15 28 37 76 32 10 72 33 34 42 1 22 83 40 66 92 4 76 67 91 23 45 47 95 32 51 36 88 41 41 90 7 66 95 32 8 41 35 81 35 32 41
7 40 4 28 5 45 15 10 28 6 51 25 38 1 38 19 76 87 82 20 30 56 8 62 82 17 70 87 99 44 73 40 73 14 62 20 33 82 2 17 45 82 19 70 5 100 19 16 36 95 31 38 87 47 14 30 65 0 5 78 17 6 17 38 83 0 100 64 75 85 84 100 53 41 60 56 49 89 100 63 56 44 38 32 66 46 77 51 61 41 46 50 96 29 69 58 95 54 8 99 80 54 29 2 14 5 29 19 46 44 54 8 95 48 7 90 77 47 41 93 26 39 2 60 11 46 100 19 3 18 89 42 72 54 7 27 10 18 49 12 91 7 33 60 39 26 65 94 88 86 85 43 16 25 26 65 26 82 60 24 11 46 85 97 70 83 11 22 8 20 27 29 38 16 0 47 24
96 67 16 37 32 51 47 22 15 69 50 97 94 54 50 92 31 49 13 22 87 100 95 27 37 58 55 76 20 0 52 77 92 91 8 24 42 33 28 61 95 4 17 67 77 84 29 62 39 86 64 12 39 89 71 97 62 28 2 81 46 52 97 13 84 76 49 44 0 85 29 71 31 37 13 92 56 62 89 76 55 85 91 12 7 80 25 12 19 84 75 38 7 67 40 10 80 72 61 79 42 33 26 97 30 14 2 96 83 26 91 12 100 87 88 55 32 4 98 93 70 2 94 95 14 24 9 46 51 84 55 37 96 17 46 61 60 11 78 70 68 57 74 96 49 38 99 61 24 60 90 92 15 21 95 48 91 2 32 43 50 23 80 68 77 81 8 72 77 52 47 88 43 87 19 48 32
25 48 65 96 74 58 31 60 64 77 85 46 74 84 36 63 59 65 2 16 11 28 59 50 35 5 2 18 16 26 33 83 87 11 78 63 75 35 75 28 24 46 53 8 9 7 30 64 47 16 12 37 65 2 22 68 40 72 69 24 11 71 88 53 30 8 97 24 61 90 73 19 81 50 17 88 83 41 74 41 84 98 75 24 63 98 87 91 52 97 100 92 63 43 18 12 56 72 60 66 89 17 31 60 5 19 17 73 58 74 32 25 47 31 27 18 38 64 34 40 18 49 87 96 39 62 23 13 76 50 20 100 74 15 10 47 51 33 3 56 97 63 96 73 26 56 40 68 27 76 26 34 33 74 74 76 22 17 13 53 62 4 45 72 40 86 72 98 41 60 96 71 71 37 33 30 72
87 92 83 43 36 95 93 88 79 78 28 20 39 53 42 32 3 98 77 62 51 43 80 15 42 5 87 47 82 0 84 15 41 88 28 64 29 99 51 46 100 70 57 52 17 20 11 16 20 77 30 17 14 69 49 10 11 18 34 9 7 40 96 46 68 78 26 3 80 9 61 27 2 71 91 31 27 83 37 57 5 30 57 99 33 39 81 37 94 7 29 49 3 49 79 96 75 53 85 10 51 83 55 77 50 82 5 68 75 3 50 8 44 42 91 1 37 82 2 35 5 93 4 56 24 37 81 77 19 61 93 71 28 58 8 56 61 17 93 7 48 44 24 2 14 40 31 28 28 61 4 75 22 58 74 99 58 20 45 0 41 39 8 3 44 44 30 77 93 35 65 23 58 30 86 49 90
93 76 14 26 70 58 98 98 67 63 28 15 16 33 90 45 48 36 35 5 35 11 38 26 33 20 64 91 77 94 23 40 71 0 82 30 18 16 42 26 67 18 19 35 89 46 66 10 48 21 99 66 20 55 57 90 58 35 7 67 72 37 94 96 77 40 2 48 36 4 41 60 10 93 29 37 27 34 93 8 37 95 88 1 29 30 92 42 96 36 36 46 46 73 36 57 79 66 83 10 57 41 86 6 27 53 56 78 11 86 76 76 16 38 19 67 40 99 45 30 100 82 97 40 81 58 76 38 50 44 59 9 88 7 87 46 54 98 87 2 54 25 47 52 47 15 64 65 73 29 91 4 74 68 92 13 27 75 8 63 64 56 62 99 53 62 50 36 82 94 35 67 16 14 64 21 70
13 91 82 95 0 75 13 72 92 92 57 43 12 11 96 38 64 98 63 27 14 17 77 38 64 54 33 63 48 24 97 1 45 30 41 74 84 75 71 33 95 30 68 47 4 96 43 39 41 95 67 82 76 69 35 14 2 47 88 36 59 86 71 46 76 23 34 67 28 77 45 7 46 3 10 12 98 2 26 86 50 20 2 84 60 24 63 11 25 19 85 68 55 0 81 87 47 75 7 53 7 24 85 84 2 9 73 51 64 60 79 54 13 15 37 45 83 67 55 81 56 28 19 36 14 34 6 94 96 21 86 89 86 75 14 37 36 30 90 11 83 25 29 41 63 70 56 18 90 94 69 29 72 91 93 15 11 40 80 93 97 98 43 17 26 61 25 71 92 38 19 46 24 49 66 9 21
89 63 52 49 38 12 42 51 91 52 63 59 29 42 30 97 97 71 48 78 17 56 88 39 39 72 30 64 76 39 15 100 72 37 99 18 80 18 81 46 38 47 17 77 26 89 80 21 74 76 100 24 74 46 3 78 47 2 96 86 80 88 23 30 18 12 53 50 18 59 46 99 19 66 93 88 15 97 31 27 20 51 96 51 60 1 55 52 28 2 83 100 58 46 50 97 12 16 22 83 86 44 84 99 8 80 94 40 98 2 81 11 96 71 22 79 89 8 30 69 0 55 43 28 66 14 22 43 87 19 90 35 58 41 35 49 51 37 63 54 90 71 37 18 40 91 29 86 16 38 38 20 49 3 86 28 36 37 87 31 72 87 17 63 74 74 60 56 43 57 46 74 43 71 27 94 87
49 49 88 94 25 4 87 53 81 55 47 57 13 10 6 84 46 5 87 3 30 93 84 94 46 27 23 42 20 6 3 11 12 34 11 32 79 100 15 73 27 46 99 76 80 12 28 6 35 57 90 40 62 88 56 77 81 29 39 43 73 68 69 39 83 12 94 2 45 57 14 84 10 18 55 83 86 82 48 53 51 95 92 65 37 40 54 20 57 14 27 48 70 8 89 24 54 53 32 75 65 54 89 58 22 64 95 40 43 85 87 49 55 81 35 56 60 63 0 78 34 7 40 67 74 47 44 39 54 99 67 61 62 99 1 59 70 24 72 9 26 39 16 23 32 8 28 65 99 88 20 53 53 81 36 16 30 7 15 58 71 29 80 30 49 75 16 2 27 1 22 2 31 19 87 89 72
18 15 23 81 12 39 89 48 20 36 36 89 18 44 34 97 42 91 91 31 75 56 49 31 31 53 61 67 7 73 31 85 34 28 0 83 74 100 15 77 1 6 92 75 96 13 20 98 94 38 97 92 75 35 50 5 92 4 90 73 58 61 28 87 94 73 47 75 18 25 42 83 75 89 53 24 38 30 98 61 54 7 87 52 64 98 60 53 54 33 39 11 73 70 90 48 19 35 5 33 52 55 81 82 42 30 76 78 54 33 28 97 0 68 94 5 45 47 77 44 37 41 27 84 34 89 1 92 49 49 25 60 62 90 77 46 16 52 59 0 90 55 2 2 68 84 23 26 62 85 36 79 1 29 82 11 50 80 86 4 76 87 85 34 13 55 32 85 68 75 16 93 18 68 35 38 84
30 49 18 90 58 14 82 9 39 79 71 42 30 84 98 70 3 28 37 14 67 46 25 66 81 11 76 1 1 38 0 8 68 23 83 51 57 23 32 46 20 52 24 48 58 20 63 89 100 84 86 48 13 22 50 47 89 16 40 70 32 48 13 30 84 51 24 68 60 52 13 72 62 71 15 94 23 47 100 98 7 39 4 16 39 79 58 60 88 54 24 51 47 60 61 24 100 60 19 93 28 17 81 18 74 45 64 48 84 22 62 95 26 54 74 68 1 49 50 64 66 13 73 13 52 70 34 67 51 68 35 63 28 71 46 93 35 71 25 97 96 18 63 99 10 0 66 84 55 12 60 37 43 95 76 61 12 37 68 40 67 28 15 66 22 13 38 87 74 60 60 35 47 28 86 37 36
18 69 80 22 46 65 50 45 68 19 31 32 85 76 48 13 16 65 64 72 35 21 88 20 46 57 37 73 8 14 90 75 72 64 6 14 81 75 21 93 3 40 6 12 13 80 70 46 50 42 45 80 31 67 92 60 86 43 87 44 34 45 85 72 34 3 31 35 44 39 19 25 28 90 97 79 5 55 68 57 40 39 19 58 4 80 18 52 63 18 36 65 91 48 2 17 100 69 8 68 41 28 28 15 49 27 0 83 47 74 41 92 3 0 87 15 15 72 32 15 63 2 64 48 13 56 91 96 72 53 79 26 21 54 54 35 1 75 30 70 36 75 48 3 45 57 26 89 3 90 59 76 23 47 69 13 16 25 100 76 21 54 49 45 84 90 67 21 79 42 1 66 61 19 34 42 1
78 29 90 29 22 60 37 19 8 59 50 12 52 22 79 0 13 89 1 48 38 93 10 0 65 14 58 91 43 17 0 76 29 58 85 41 22 75 18 78 86 67 37 82 55 19 72 21 16 76 99 95 87 43 22 10 5 73 60 76 97 48 38 32 7 6 49 70 52 64 18 56 68 38 31 61 13 65 0 26 98 62 17 35 54 85 45 19 42 74 89 72 13 61 44 51 25 91 97 54 52 4 10 19 26 29 10 40 30 1 78 76 86 71 16 49 93 4 68 62 51 67 86 93 88 97 88 57 84 4 61 59 98 88 80 52 74 76 40 70 86 86 43 15 43 62 6 81 92 27 82 25 58 93 89 67 43 7 54 73 56 7 82 80 32 24 15 25 44 98 29 25 67 95 85 69 61
54 84 87 98 61 14 67 93 95 3 74 73 94 66 66 35 25 82 20 66 29 88 71 90 84 100 5 24 7 82 59 80 64 15 62 99 26 50 83 83 35 31 51 55 35 77 47 35 19 29 6 3 69 71 7 88 90 19 21 69 51 68 82 90 72 38 73 12 31 73 72 47 64 38 27 80 93 43 67 72 44 26 83 47 43 84 69 4 92 77 84 54 49 64 73 98 78 36 40 50 40 20 81 3 84 43 88 31 0 0 85 36 15 68 62 36 8 60 18 71 9 72 6 41 86 81 59 16 95 4 98 57 17 34 77 51 92 5 61 28 3 17 27 43 87 0 91 10 96 20 55 6 18 75 80 19 72 69 35 83 8 41 83 59 64 76 38 13 42 35 20 16 89 58 42 34 56
72 0 2 58 98 13 50 79 9 58 97 47 87 86 40 8 90 61 77 10 52 50 47 9 81 93 63 79 15 74 86 25 2 75 7 25 88 33 19 18 41 60 15 62 81 45 88 50 25 100 41 95 11 77 13 6 17 51 62 10 26 12 91 40 16 21 90 90 50 44 4 67 41 88 82 1 16 0 17 32 68 10 52 19 20 90 23 46 98 67 52 79 32 59 39 13 0 72 6 75 24 63 72 65 93 81 94 84 85 99 83 66 58 95 52 9 30 87 65 97 16 41 20 64 66 4 21 73 67 68 22 96 20 23 30 89 79 82 46 21 18 94 75 12 51 98 9 46 10 8 1 67 5 28 54 7 64 83 29 82 41 99 8 95 84 24 72 9 41 67 93 47 66 33 49 30 60
54 65 14 6 79 54 54 12 30 83 23 13 25 6 24 9 32 63 80 85 3 36 31 0 59 75 31 77 50 7 10 52 14 56 67 77 73 5 13 41 3 47 86 88 86 18 83 18 23 7 91 90 39 1 88 48 44 84 25 24 51 1 100 99 46 95 41 92 45 93 53 85 74 10 36 2 36 8 73 77 49 94 10 27 76 97 97 22 80 89 4 27 98 77 41 31 74 20 82 62 37 1 100 72 1 84 77 73 51 46 43 28 29 0 60 24 100 5 69 59 98 56 63 52 38 97 7 4 66 79 46 43 89 91 14 4 9 76 48 75 75 41 20 97 100 56 35 88 36 35 79 9 74 15 56 56 42 73 78 49 70 60 9 12 85 8 23 38 4 22 44 33 81 89 47 51 54
36 97 28 82 57 49 71 12 90 30 93 87 32 100 68 84 68 40 11 21 0 97 81 66 77 55 90 62 28 0 91 56 16 47 13 12 47 96 94 22 27 89 64 44 48 94 14 78 35 80 90 1 74 69 46 77 48 18 81 83 92 56 18 46 0 61 12 87 28 86 59 87 82 0 9 45 3 97 21 42 21 78 7 85 26 19 99 26 7 40 45 11 38 3 18 0 35 5 96 1 3 54 84 61 10 45 81 4 71 3 49 89 42 89 82 66 57 32 47 24 47 28 26 25 2 51 52 16 37 23 76 83 70 45 96 12 20 10 84 20 20 3 65 1 52 42 86 48 4 96 74 56 61 3 56 86 62 96 44 62 40 8 2 45 4 30 78 70 72 7 11 89 59 19 12 83 14
53 96 15 82 57 96 18 15 22 36 82 67 3 88 44 91 18 78 47 78 0 34 29 49 88 28 39 1 59 21 19 92 74 39 83 37 82 93 89 38 64 82 72 68 36 64 89 50 84 100 88 51 26 78 36 18 50 12 75 57 19 100 63 2 66 69 76 22 74 20 78 39 39 58 42 11 47 56 8 99 65 22 42 32 39 39 72 44 55 7 65 14 84 21 41 11 91 63 84 43 17 35 86 48 12 20 69 18 73 87 73 52 28 83 43 84 57 28 26 31 90 5 59 35 18 78 45 83 43 6 18 90 10 93 24 100 22 96 61 90 0 13 39 91 10 24 64 77 61 57 54 13 43 24 21 78 98 25 40 79 6 69 55 100 25 4 13 43 93 88 17 72 47 37 64 50 78
87 19 42 6 60 10 31 63 67 56 88 74 72 69 87 69 54 72 42 25 72 28 3 2 70 69 85 0 66 99 54 27 66 29 54 93 38 29 69 6 23 46 36 73 9 16 41 0 83 53 36 24 28 28 82 15 89 97 55 50 90 75 17 69 44 67 39 11 16 82 3 54 86 57 29 7 24 63 85 81 70 90 3 5 0 67 47 3 93 44 60 84 50 63 97 73 58 22 34 67 94 84 5 93 31 26 55 13 87 35 4 42 88 89 29 11 55 7 52 8 27 89 3 41 58 37 25 75 98 40 37 45 13 63 28 16 39 41 72 86 31 79 1 27 75 94 34 18 89 10 45 63 61 53 60 72 97 90 67 63 96 100 22 94 62 28 24 97 51 9 34 66 72 86 7 91 81
23 18 58 37 0 87 3 55 47 75 40 89 74 92 71 53 85 37 15 80 44 10 51 7 80 25 21 83 36 8 87 16 55 48 27 95 100 24 68 55 59 99 98 27 55 31 76 89 40 39 67 36 8 100 8 33 100 88 26 65 66 77 69 96 85 81 78 99 29 71 98 37 65 99 35 67 47 23 78 32 49 6 0 13 68 67 30 39 49 53 58 82 68 40 49 71 51 42 41 3 70 53 23 62 44 8 47 18 71 45 92 61 88 5 69 85 90 90 53 52 68 76 31 13 48 46 1 9 54 44 10 76 61 39 38 22 30 94 87 27 90 25 33 61 34 4 84 37 61 36 14 69 20 79 67 85 16 65 77 34 27 67 70 12 99 53 77 77 7 71 70 65 79 53 93 58 43
54 38 40 24 64 88 91 0 46 3 62 50 35 74 7 63 49 68 0 83 58 63 52 48 51 11 80 37 54 40 75 61 81 88 16 11 22 20 7 10 39 82 77 25 69 65 71 28 89 59 45 45 48 30 99 81 77 54 100 95 53 15 83 12 29 2 26 17 23 53 63 3 37 48 65 91 82 7 42 65 3 15 66 29 87 97 60 3 64 85 49 82 83 45 59 23 36 16 6 22 23 82 56 12 86 30 46 25 4 0 59 93 28 88 92 49 77 57 52 81 20 40 34 95 61 45 30 68 23 12 65 99 48 59 15 27 36 54 67 18 10 29 85 51 84 12 68 1 12 44 15 7 22 51 73 69 65 25 43 86 69 36 55 42 71 4 19 33 74 95 77 25 48 46 31 64 64
50 16 83 74 17 53 80 49 99 80 56 56 47 93 2 35 98 21 58 79 99 98 75 77 57 42 58 88 82 92 81 34 99 5 50 8 79 28 64 1 15 13 27 62 33 93 88 62 86 76 24 95 84 33 82 57 74 72 8 19 33 98 91 27 84 79 9 28 92 80 4 11 28 45 44 7 63 2 89 22 30 89 99 39 32 60 50 65 42 70 20 50 51 74 13 92 63 85 89 32 3 63 85 88 49 33 12 14 65 96 14 95 47 51 17 89 85 81 58 94 72 5 45 39 71 49 84 88 44 55 84 72 86 60 94 51 81 29 100 12 80 62 34 26 49 46 30 89 24 93 84 85 56 37 78 61 98 31 78 70 27 76 27 1 53 70 98 91 93 45 61 43 41 45 42 45 96
65 95 83 43 5 22 39 14 91 99 43 15 61 20 30 84 71 63 10 22 4 1 42 80 42 51 43 28 12 43 34 21 84 47 60 52 17 39 64 98 89 21 39 38 59 92 77 35 30 5 41 87 55 89 25 22 97 24 67 89 86 13 21 17 19 55 100 48 41 66 80 39 17 1 58 1 22 35 45 95 59 10 16 34 45 0 0 41 28 9 82 40 3 14 7 7 4 19 10 14 21 88 0 33 97 29 35 27 40 28 82 39 42 10 77 67 28 89 42 17 2 46 56 4 35 69 23 59 84 80 29 86 72 78 3 15 75 67 50 91 32 64 52 72 70 43 83 46 67 73 44 20 2 20 20 84 49 40 56 65 82 71 50 38 15 57 61 10 37 19 45 98 81 84 25 3 32
41 31 29 75 32 11 87 86 100 92 11 25 92 69 64 98 35 88 10 38 64 92 38 89 51 4 71 8 65 20 94 67 74 58 36 51 3 56 49 13 63 98 24 99 76 82 67 21 31 48 63 22 13 84 44 60 5 20 24 21 90 83 69 27 56 16 71 24 18 31 12 23 11 96 95 75 6 59 22 2 41 2 32 5 93 58 87 54 52 86 68 8 96 75 81 64 6 35 16 38 85 79 19 91 63 79 13 13 90 4 51 93 51 0 17 71 66 39 14 24 84 5 35 16 83 13 82 16 14 39 2 36 47 10 12 80 4 62 75 81 8 58 78 56 46 74 60 67 82 6 68 71 13 68 63 35 44 19 20 20 69 30 3 9 76 0 4 44 34 95 14 65 90 1 50 68 20
15 28 79 17 97 36 77 1 61 59 22 45 28 44 44 79 81 24 32 23 91 23 76 87 56 93 32 65 32 18 92 80 82 17 70 5 43 76 58 77 51 98 36 85 50 91 39 7 1 4 78 89 46 6 42 98 17 42 10 13 5 40 22 48 8 0 74 72 82 70 55 9 28 38 55 27 88 28 97 6 13 79 95 79 9 64 57 44 12 26 98 89 98 32 30 92 67 91 8 82 60 76 33 9 40 31 57 49 99 47 90 62 89 18 71 0 83 64 46 76 27 77 95 1 100 6 91 89 70 35 98 99 62 9 22 6 18 51 8 1 28 44 35 7 28 40 25 7 92 60 16 37 48 28 65 93 61 24 8 31 68 70 73 52 29 12 14 40 65 12 10 44 18 68 73 46 49
11 78 35 37 44 29 7 98 60 76 26 76 95 2 63 1 43 2 23 59 57 28 84 57 99 6 12 13 18 38 44 53 72 13 71 55 100 60 8 45 99 50 23 46 17 47 54 26 6 67 6 47 69 92 68 93 62 25 75 79 4 57 39 90 94 91 87 9 33 75 51 17 22 61 12 98 53 62 49 40 16 43 76 35 64 82 32 43 4 4 90 91 7 65 13 31 16 61 10 72 55 34 8 80 15 82 55 98 9 46 15 36 64 40 73 35 16 39 76 19 35 64 33 82 95 56 51 15 72 5 77 33 82 61 8 51 95 85 67 79 42 35 63 70 21 4 24 6 27 36 37 26 26 95 37 85 25 4 58 57 8 47 61 75 82 79 70 95 71 24 77 87 42 51 67 17 71
10 42 9 44 78 23 91 46 4 32 33 30 92 12 84 64 15 73 64 59 93 92 86 78 83 68 7 56 56 41 87 85 91 10 59 16 99 66 25 98 78 14 29 63 27 5 61 44 44 24 12 92 11 41 62 69 43 2 74 92 21 9 41 53 9 61 70 19 60 40 85 95 81 56 69 60 35 57 23 17 27 33 93 20 28 82 57 56 44 58 10 53 59 67 54 76 19 37 66 94 22 100 3 38 17 16 92 43 77 7 92 57 30 65 91 22 82 31 72 51 20 52 21 100 82 47 31 79 53 20 59 51 74 4 76 73 61 79 95 25 14 19 53 34 87 92 11 34 89 100 50 9 52 34 7 75 0 99 42 50 41 84 69 38 30 73 54 27 16 100 21 25 63 93 48 67 27
11 42 10 46 37 60 62 78 22 86 47 6 27 58 71 36 90 78 57 49 72 90 22 20 90 33 5 12 55 87 17 48 5 84 64 17 63 83 42 32 86 91 31 28 34 87 75 96 9 97 69 100 66 76 39 96 20 19 60 41 65 8 83 80 98 5 0 19 24 67 97 65 98 49 59 62 48 94 16 36 56 57 89 59 7 81 17 93 54 89 10 40 88 66 53 44 36 38 41 80 7 66 10 4 7 12 56 13 0 78 53 27 15 74 14 44 13 56 89 0 87 14 5 2 12 41 13 78 65 75 63 37 5 53 75 42 16 82 12 19 70 90 3 34 97 12 62 19 75 98 57 93 79 61 58 41 57 14 96 63 95 74 13 80 40 42 6 96 61 90 100 9 69 94 95 42 81
16 24 26 27 10 37 29 40 96 20 54 73 7 13 26 65 8 30 1 85 51 31 8 1 99 42 23 2 21 33 81 3 74 60 5 30 14 36 35 2 23 62 28 35 65 27 9 54 94 19 16 77 66 48 51 64 77 73 78 30 96 36 96 71 40 81 46 90 13 50 99 24 23 0 30 84 62 44 24 64 68 76 33 13 21 13 77 6 60 51 72 63 21 26 97 73 39 51 51 53 24 35 20 10 33 66 85 85 8 76 60 49 2 37 12 52 94 40 89 14 71 64 98 74 22 23 35 53 0 91 74 84 31 34 65 88 6 4 70 3 85 71 97 75 19 40 83 75 80 25 48 9 81 42 82 54 17 61 100 50 89 68 68 14 42 64 2 66 38 44 37 81 17 76 50 35 21
7 60 6 99 43 37 68 77 83 44 25 21 58 43 55 96 89 1 49 31 5 89 20 97 21 67 47 7 16 32 44 42 51 56 59 5 86 88 51 55 21 11 79 80 24 56 73 40 69 65 75 100 3 35 22 89 37 92 6 19 34 11 7 64 45 80 2 14 47 99 96 73 16 99 12 4 52 36 34 58 46 70 53 2 28 54 50 76 95 10 91 41 97 54 85 0 82 63 44 61 97 94 88 33 23 90 27 37 61 85 2 94 69 77 17 77 88 56 5 99 78 97 7 73 58 57 35 18 99 36 22 56 42 69 100 98 44 45 35 27 67 37 52 92 83 84 19 87 60 100 4 2 38 87 76 52 22 99 59 74 96 72 13 85 25 87 75 22 33 12 77 97 100 27 12 66 64
100 34 57 76 8 96 39 60 59 36 1 20 98 99 26 98 42 90 78 21 92 77 82 15 85 100 9 65 84 21 82 37 91 17 0 29 95 47 6 8 36 2 29 17 83 79 48 79 85 82 96 47 17 71 69 66 28 24 87 11 31 12 37 90 76 22 91 17 6 17 93 47 45 47 37 6 88 76 48 12 69 45 7 2 28 12 12 16 78 53 14 35 32 100 68 80 26 23 58 16 62 48 11 75 11 15 71 75 35 92 1 29 67 9 25 89 48 52 99 60 76 33 9 100 100 49 96 100 79 86 13 81 9 59 72 32 38 87 96 64 82 85 68 70 73 34 71 32 77 99 96 8 20 53 98 44 39 6 32 76 34 89 82 39 43 34 42 62 87 57 49 80 89 13 2 33 65
15 65 94 50 42 45 89 84 97 27 62 2 93 66 67 42 28 75 6 27 72 5 78 89 74 94 20 5 95 96 63 77 96 67 80 97 15 14 76 34 95 59 84 61 9 17 84 25 26 43 4 10 61 96 4 73 17 10 25 23 36 26 7 5 97 7 9 89 64 85 87 36 47 87 14 91 58 36 74 18 44 5 24 3 55 2 26 52 27 37 59 10 84 58 35 97 44 36 14 93 11 84 60 8 51 43 54 7 56 14 60 1 6 20 91 27 18 6 86 88 79 5 17 87 83 97 75 92 16 32 4 10 12 66 41 66 62 68 73 77 84 64 43 14 11 97 64 91 75 1 79 99 64 84 43 45 31 75 0 58 68 78 96 95 18 70 53 31 1 60 40 29 93 16 98 84 2
38 24 69 26 40 7 29 97 67 84 36 19 9 35 83 61 26 27 47 21 75 97 47 24 66 55 53 70 80 45 18 82 20 88 28 96 49 80 40 47 63 54 71 80 48 11 18 45 73 78 25 92 70 92 74 4 14 80 94 56 87 60 34 85 84 96 96 48 53 87 16 96 5 71 79 88 65 82 82 43 68 56 77 87 17 33 74 16 57 94 69 71 9 24 95 99 86 45 70 8 14 75 34 13 54 99 40 6 82 47 79 13 26 21 19 11 13 36 46 32 99 7 27 22 97 100 94 54 87 86 52 38 75 97 92 69 91 50 92 34 27 51 4 92 29 67 74 22 63 18 64 56 57 95 52 64 86 22 14 97 69 87 38 67 77 13 30 5 17 12 92 83 54 46 76 77 30
19 72 16 34 91 2 63 14 9 51 86 84 4 91 66 30 89 92 14 24 50 7 66 12 14 37 21 45 0 67 56 52 63 48 62 41 33 68 90 93 46 34 44 75 40 62 7 73 85 67 26 86 99 39 99 32 44 14 76 20 58 9 36 68 40 18 15 70 27 8 58 35 16 93 68 15 63 6 81 35 26 25 56 22 54 40 68 39 62 39 54 72 32 16 96 63 13 66 34 30 75 56 21 34 40 98 79 69 37 67 80 4 80 38 9 73 89 5 89 25 34 47 27 83 7 89 95 47 38 42 56 87 94 92 1 18 28 74 65 76 51 77 0 42 93 89 95 14 56 81 3 11 44 59 3 2 96 35 80 86 10 19 32 75 71 35 17 47 10 98 78 32 24 18 84 19 82
7 75 56 41 21 99 44 58 20 11 80 42 50 7 56 42 11 96 96 96 30 63 6 76 25 29 48 37 82 0 38 98 45 32 64 41 18 39 94 80 37 68 82 0 25 89 64 83 13 44 79 38 14 11 18 33 59 45 91 80 69 16 33 48 17 22 92 20 81 53 43 60 98 67 47 76 59 97 90 21 51 11 30 77 24 11 45 39 91 66 75 5 26 52 62 7 2 66 28 90 38 61 84 6 59 55 66 95 10 11 87 70 37 44 27 36 56 29 83 42 13 22 44 43 46 6 30 88 87 49 50 94 14 8 73 99 33 27 27 51 34 77 57 88 45 74 7 98 93 85 29 100 91 50 32 46 0 65 6 17 79 16 12 23 58 38 54 33 12 52 51 22 90 33 20 25 68
86 81 69 57 31 73 96 1 70 90 80 25 91 85 89 99 29 11 89 88 4 54 4 9 39 51 1 47 5 38 63 15 10 32 44 81 26 97 47 85 41 71 99 51 68 84 73 2 35 73 47 37 10 82 35 9 42 86 27 46 15 92 66 99 22 90 67 60 43 59 91 32 93 57 25 95 6 30 41 67 47 70 46 33 62 11 41 91 11 8 5 90 83 91 97 20 22 32 34 69 33 54 8 60 8 44 85 83 36 17 71 69 74 25 64 92 9 60 98 35 84 52 27 83 92 31 67 46 36 58 27 24 71 80 31 62 50 2 98 75 55 28 49 84 4 15 10 62 85 64 13 83 96 75 13 96 40 84 46 90 93 59 48 39 44 68 13 16 96 54 17 96 44 14 94 68 72
91 69 14 11 12 94 8 16 100 61 29 81 10 7 57 13 75 85 92 49 19 6 98 81 36 64 44 41 64 14 63 76 47 28 6 16 19 64 98 56 36 58 18 55 0 46 71 14 31 54 58 36 80 26 53 95 88 14 97 75 84 32 64 51 11 58 24 31 93 0 51 88 35 8 2 95 27 14 89 79 65 61 0 3 87 73 88 13 11 73 9 98 52 10 94 0 5 81 59 51 2 73 70 1 57 3 49 70 54 71 62 90 68 69 49 3 51 68 28 51 75 96 21 1 69 74 88 87 6 24 50 2 57 14 99 40 83 70 94 12 41 34 22 81 90 74 1 80 25 35 32 72 50 28 20 47 64 94 16 36 74 63 34 43 13 91 47 21 92 90 90 41 23 28 75 59 11
9 16 79 12 24 38 49 44 10 64 23 46 47 83 41 46 96 71 2 30 77 29 16 64 91 63 68 83 7 87 62 27 46 4 36 28 43 57 57 8 67 21 46 40 8 99 2 58 91 3 70 26 10 59 6 14 67 73 36 56 97 70 89 30 27 90 83 44 23 25 95 30 57 90 51 32 12 72 48 41 4 16 61 66 100 90 8 41 1 44 45 80 39 20 34 51 5 1 64 88 68 6 28 21 10 89 54 11 92 97 91 17 67 96 86 13 5 78 85 0 77 3 37 9 12 4 61 97 73 17 22 33 73 30 57 55 10 88 18 90 29 96 70 70 18 92 99 70 57 96 52 21 14 57 26 91 98 74 48 61 7 72 64 85 7 8 81 67 11 70 37 11 21 62 74 41 28
16 32 18 33 96 30 98 95 55 68 39 58 65 27 24 61 85 59 76 63 63 96 70 93 37 18 74 37 63 14 59 12 91 81 83 14 37 35 11 53 73 80 76 64 31 2 98 41 1 1 6 9 39 43 39 12 83 97 90 7 92 69 0 85 1 64 70 1 51 86 55 78 3 37 72 66 91 79 85 79 34 6 56 34 1 32 80 45 36 74 89 69 47 84 5 57 44 31 79 54 7 47 28 94 89 53 7 61 10 32 23 21 74 57 59 40 30 80 31 47 52 86 61 49 12 83 3 10 55 3 3 91 50 7 0 38 55 94 25 16 17 49 36 86 70 58 73 22 93 63 60 99 88 41 0 43 93 32 76 65 19 60 27 74 24 89 65 63 2 56 16 13 43 42 98 17 5
57 53 81 64 26 73 87 75 14 57 9 46 60 0 45 97 1 54 5 98 95 76 21 40 57 49 10 37 35 0 33 41 0 77 17 25 14 21 53 43 87 17 52 95 1 99 45 14 51 30 60 36 53 47 59 56 59 82 7 85 55 67 77 24 17 50 53 30 12 19 9 7 97 54 81 36 79 90 42 27 39 91 15 53 93 10 10 4 85 60 44 36 21 26 56 40 2 42 30 7 44 83 10 94 27 95 43 76 90 56 47 50 4 83 2 19 45 87 45 3 7 81 77 88 27 72 48 88 21 63 85 54 4 19 27 18 95 17 25 96 99 40 54 97 53 28 75 71 1 96 84 41 11 98 36 49 58 35 43 68 61 100 20 95 14 99 39 89 89 72 79 52 52 25 35 75 17
47 88 60 33 96 64 66 2 21 50 34 47 87 74 89 16 60 43 98 53 84 59 41 78 40 67 24 99 14 50 14 7 44 33 86 6 31 65 0 7 79 30 45 2 36 21 47 48 11 53 8 82 62 81 51 100 84 42 42 77 69 57 48 1 50 99 10 72 81 80 44 77 24 99 19 93 79 56 96 90 25 63 92 52 35 19 52 28 48 56 59 18 18 89 63 82 29 23 27 68 85 95 53 15 74 68 67 29 56 81 10 19 22 34 76 71 17 59 50 83 98 74 6 86 49 54 41 88 13 31 60 28 70 50 14 62 54 78 47 15 63 84 61 50 22 1 81 92 6 72 67 93 2 58 50 60 50 83 11 67 74 35 94 12 49 18 69 25 99 4 41 40 76 52 15 89 43
95 69 44 22 97 10 7 0 3 9 84 26 70 28 46 79 9 45 32 43 72 69 89 14 43 70 94 45 21 87 31 87 97 75 58 44 18 74 44 83 85 52 7 12 65 60 52 30 65 79 84 54 87 79 81 58 72 91 82 69 21 51 19 74 69 87 13 65 60 29 27 74 100 88 93 9 21 71 74 58 68 74 3 31 89 90 71 41 32 60 32 57 48 92 64 42 82 32 80 93 79 55 2 47 22 71 30 48 71 63 60 80 43 79 97 38 88 13 62 98 23 8 62 91 53 84 41 32 63 65 40 91 64 1 14 23 3 17 81 12 98 46 64 82 60 81 97 59 29 59 11 65 17 88 76 10 37 40 35 22 37 16 44 87 12 92 5 58 63 88 73 97 67 75 56 0 87
83 61 92 1 51 95 29 50 96 64 51 14 67 36 75 66 24 83 63 11 75 61 27 51 39 43 44 4 58 46 75 86 54 14 52 81 63 96 31 66 3 38 80 55 25 58 39 10 38 93 3 69 61 25 51 34 86 65 12 95 51 99 1 78 80 72 15 83 37 35 9 16 48 67 28 97 16 17 13 40 37 100 1 23 67 9 14 13 95 30 82 10 56 86 49 14 39 0 41 26 95 36 83 74 35 39 66 60 14 75 69 43 67 13 65 90 56 25 89 66 63 72 36 37 100 6 73 98 97 64 17 60 45 13 92 65 61 14 36 96 7 6 52 93 81 12 11 7 56 56 2 19 23 51 39 44 36 55 99 78 21 25 73 25 37 0 58 46 0 54 83 1 34 79 84 85 53
33 35 54 89 39 2 31 8 68 76 62 45 34 88 56 33 76 17 71 88 73 46 91 72 5 27 35 7 1 22 81 42 90 75 47 27 66 26 30 93 80 74 50 25 28 84 36 4 4 90 84 12 43 14 6 30 32 12 21 18 87 48 28 71 55 88 86 48 31 87 75 54 81 31 66 25 89 73 62 75 59 78 53 24 18 21 36 29 60 10 47 60 44 28 83 52 52 84 2 28 0 30 34 79 37 45 70 34 98 40 97 29 83 79 69 90 42 93 58 98 85 60 98 56 47 27 49 75 71 40 47 90 21 78 77 85 69 23 30 14 8 11 8 55 38 93 96 34 11 31 95 9 19 77 41 86 76 35 59 27 1 89 5 81 63 61 34 35 34 98 24 32 63 4 65 71 77
58 10 64 20 3 81 78 34 74 12 65 15 23 24 34 78 53 8 30 71 56 22 25 51 12 83 64 3 71 47 30 38 78 50 3 43 17 44 81 60 91 90 42 20 90 35 48 48 58 82 64 44 23 37 49 83 33 2 41 76 64 31 47 11 68 11 45 1 48 59 82 61 81 50 5 77 95 22 60 23 17 94 91 23 40 10 35 33 15 4 35 94 44 73 59 75 17 89 6 74 10 48 78 2 55 9 98 94 33 96 17 98 15 38 98 23 66 43 80 80 15 69 36 56 3 67 25 20 82 80 55 86 11 41 84 90 37 56 36 86 4 6 16 42 57 43 33 9 96 46 19 76 90 32 30 19 11 5 89 63 49 16 37 49 18 65 98 34 6 76 69 36 64 93 97 33 88
76 77 88 20 59 11 91 91 40 10 34 81 17 44 92 32 52 72 41 40 36 99 24 37 92 76 77 86 70 49 86 2 13 38 86 34 22 46 56 39 40 90 14 59 62 0 35 87 52 77 58 17 51 7 1 46 10 7 36 51 39 97 58 29 99 60 89 74 78 23 99 91 88 33 59 6 60 37 100 22 23 18 58 90 36 18 36 13 11 54 77 85 10 18 65 66 35 80 23 20 16 10 40 2 94 18 66 35 87 14 88 34 48 21 31 49 84 57 85 57 96 47 11 93 14 10 93 46 67 63 93 57 55 97 66 88 99 89 2 98 71 46 48 98 37 63 56 72 38 0 44 33 9 28 90 25 91 58 62 79 68 15 87 8 97 93 75 16 96 48 55 57 9 49 8 45 46
25 1 39 19 88 4 80 14 19 17 35 22 54 67 81 5 7 89 17 94 4 57 56 66 49 13 33 41 81 91 48 17 70 65 0 91 58 31 35 63 76 94 90 81 42 31 17 91 17 23 92 85 38 0 63 1 94 12 43 1 34 7 72 87 80 72 70 51 4 17 100 38 66 61 96 85 74 61 50 10 77 4 29 43 43 17 4 27 21 58 77 60 37 69 14 98 78 19 96 40 32 63 55 96 73 92 64 30 10 5 46 16 77 54 100 6 94 89 25 74 5 55 48 93 19 74 31 60 51 67 23 24 14 36 55 80 80 61 6 88 65 37 94 8 45 89 92 73 99 3 4 42 86 87 55 19 62 69 91 85 12 21 5 25 66 100 10 95 74 67 77 87 11 10 12 94 82
70 29 1 13 34 71 30 3 12 61 62 24 15 10 38 62 93 82 26 80 43 75 90 75 15 50 66 63 77 35 29 77 42 24 39 51 81 85 23 14 12 0 49 100 67 82 46 31 7 56 53 13 37 17 66 17 66 11 16 15 6 71 37 59 66 86 94 23 18 21 37 54 73 18 94 90 66 55 53 63 43 22 44 15 68 60 11 99 1 59 6 34 54 93 92 26 40 44 93 96 14 79 11 80 30 42 88 64 79 28 20 35 44 34 24 1 69 75 20 7 17 60 61 65 97 19 52 2 5 78 1 1 100 87 65 35 95 100 69 8 55 94 1 34 18 82 50 59 73 74 3 90 56 76 32 69 12 35 86 7 67 33 81 91 65 47 34 25 10 59 68 74 73 6 1 71 86
75 74 67 54 79 4 24 2 11 47 54 42 18 46 9 58 89 87 3 84 60 25 32 36 49 90 14 82 33 24 0 2 76 47 21 61 82 45 53 76 21 95 2 29 24 75 77 94 31 17 39 13 27 46 63 69 9 82 58 23 84 36 54 93 52 70 53 58 70 87 50 60 91 66 92 68 92 45 63 13 29 79 48 97 79 65 52 11 10 14 97 37 19 15 62 67 17 4 24 69 61 10 82 45 12 76 66 6 65 25 38 64 55 93 58 79 74 93 61 30 38 61 67 48 94 90 18 26 18 86 6 41 38 71 18 62 63 29 54 45 90 95 36 92 34 64 99 33 9 80 98 13 9 50 36 21 21 84 24 49 83 90 40 39 43 45 20 87 66 7 1 99 0 98 72 57 99
43 14 85 67 98 5 79 38 99 36 40 60 43 45 61 63 4 25 3 55 15 41 35 32 14 58 1 55 55 88 46 2 79 8 98 46 20 67 42 77 2 23 72 20 25 30 91 5 22 57 78 51 37 6 76 26 76 24 78 72 64 57 4 70 6 84 41 40 43 98 34 99 73 26 83 63 85 1 46 80 6 55 79 53 99 97 30 32 14 40 71 17 37 7 69 96 93 40 10 70 67 21 56 23 42 67 3 9 44 46 20 18 23 91 2 91 15 64 24 70 1 51 74 4 65 63 44 74 67 23 57 58 80 77 25 47 81 86 24 26 82 96 18 64 28 44 76 52 37 31 77 75 10 34 53 65 10 40 38 78 23 57 15 87 68 89 77 7 30 8 20 59 97 3 77 3 89
93 15 61 0 12 32 97 43 47 10 92 0 28 30 15 23 23 29 23 28 5 2 21 12 37 62 17 60 100 83 71 9 6 42 60 96 91 52 76 50 57 99 11 57 74 92 14 71 87 30 35 58 3 10 99 44 84 18 41 79 21 83 85 46 94 63 44 79 100 76 49 2 32 87 51 27 23 79 7 4 67 74 43 99 60 62 81 40 58 8 64 78 20 29 55 79 79 87 54 72 9 9 27 26 2 71 23 30 50 93 38 60 42 61 48 10 4 71 52 18 93 85 64 34 80 22 65 27 49 91 82 41 75 88 9 81 83 20 44 16 55 83 53 66 77 90 86 40 65 25 77 40 57 73 62 31 39 7 17 9 13 6 3 33 48 47 18 26 61 86 33 17 45 29 63 81 26
65 92 99 74 74 18 49 83 1 30 100 56 7 9 24 17 82 56 68 52 26 86 38 5 9 81 88 65 99 56 10 68 28 57 53 28 28 89 80 56 98 0 33 45 45 39 59 53 60 3 3 28 20 91 11 16 75 73 37 41 15 81 69 23 88 3 72 15 76 73 38 24 93 17 77 4 91 37 27 64 54 39 7 1 33 22 16 10 73 9 16 23 67 48 18 66 89 59 59 75 88 77 54 6 74 4 33 28 41 78 86 54 16 57 62 6 81 2 3 6 100 32 65 11 71 73 66 89 76 19 9 54 84 30 32 20 99 47 33 84 97 23 16 73 34 17 96 1 29 91 83 49 49 27 64 65 63 80 12 49 80 19 54 45 94 92 5 26 20 82 46 30 35 97 9 56 47
98 65 37 19 78 54 98 6 33 80 43 85 1 18 64 47 79 77 4 46 71 45 9 53 81 6 30 66 87 95 67 15 68 3 4 33 77 5 59 79 13 3 2 39 12 58 6 38 58 9 83 25 90 100 79 5 19 26 99 27 6 6 88 94 21 14 81 48 58 29 12 76 23 38 41 85 38 56 46 24 98 66 81 83 42 39 61 78 19 22 2 5 31 68 89 52 70 5 83 88 62 83 43 13 49 95 15 19 57 38 85 76 9 33 10 10 76 29 73 97 38 4 9 11 61 44 65 46 43 74 76 50 75 97 68 51 77 35 24 83 87 26 45 17 71 41 67 60 14 12 99 44 49 10 72 33 21 52 50 85 28 17 94 71 54 64 72 58 4 64 71 97 5 18 11 18 30
35 90 7 78 66 23 93 88 52 92 81 50 37 12 38 21 73 99 97 69 54 20 45 54 91 53 95 17 14 75 89 23 20 69 39 93 51 59 71 83 50 5 61 12 0 46 54 14 8 70 41 21 17 39 55 40 82 72 23 48 38 91 71 86 93 73 72 12 85 21 27 0 47 0 97 47 52 12 6 33 46 9 22 89 21 17 67 19 64 66 77 9 78 10 94 22 5 72 22 69 76 61 100 86 68 63 54 28 25 55 93 8 45 93 61 24 3 2 81 88 51 30 1 81 91 88 17 30 12 63 19 12 20 7 76 18 43 23 41 7 5 57 24 71 94 77 53 39 61 78 91 2 4 79 16 42 49 95 32 10 70 29 55 94 63 57 84 61 67 99 20 77 52 11 60 58 68
77 31 56 21 43 46 6 66 46 86 50 62 24 36 52 56 3 55 60 95 79 70 93 47 72 14 68 10 66 36 48 26 92 14 67 92 89 20 60 19 26 29 72 74 69 96 91 45 36 12 0 99 28 78 20 38 38 37 54 85 91 38 19 62 13 22 78 28 84 85 21 8 76 47 66 74 56 93 46 85 79 30 23 73 87 87 5 40 12 52 81 36 21 47 32 50 95 37 6 25 77 46 65 42 23 29 74 27 56 90 20 38 18 8 97 70 50 90 58 2 37 69 96 61 71 4 93 81 39 67 77 19 51 75 4 19 72 22 7 3 69 10 31 73 37 51 92 68 80 93 73 83 75 34 11 20 91 76 39 100 23 20 48 56 70 72 50 20 90 11 62 29 86 8 10 71 16
19 71 87 34 27 64 6 44 53 93 14 62 92 64 84 75 20 93 37 57 83 48 67 20 59 57 8 53 95 21 100 83 55 81 44 1 39 100 44 50 28 8 2 65 72 47 93 16 43 75 95 69 97 20 29 9 15 51 66 88 13 29 3 0 24 54 31 91 73 91 78 71 85 91 16 73 38 42 60 15 5 11 58 3 23 43 38 28 37 20 70 5 95 59 69 58 36 85 97 80 69 20 37 31 1 54 42 84 44 82 19 47 2 97 0 26 58 72 16 96 53 100 63 68 82 65 15 92 14 73 31 35 22 59 88 39 10 50 47 31 17 90 64 14 9 38 12 92 31 31 94 56 0 75 55 5 76 76 72 69 71 26 42 16 55 19 79 89 98 52 42 38 7 79 8 48 55
57 40 9 77 28 85 92 0 90 94 5 11 93 46 9 66 42 31 58 96 36 78 83 55 50 76 95 66 3 2 46 25 60 57 41 74 90 99 41 44 28 2 36 31 27 90 84 74 63 88 9 93 19 90 14 36 44 63 73 77 11 81 65 39 51 76 30 93 1 3 0 100 84 10 4 40 81 11 100 97 67 89 48 68 96 60 67 67 45 86 24 75 8 26 21 46 23 42 13 96 96 52 66 78 24 56 71 72 3 96 33 8 94 57 37 95 48 5 87 10 90 54 79 24 94 29 22 49 39 17 56 93 75 82 99 35 30 51 64 23 43 30 31 55 0 68 73 80 11 31 61 75 11 100 63 62 64 49 50 53 95 59 28 67 64 32 36 8 78 7 12 76 43 58 36 14 40
44 57 49 3 28 65 12 4 10 32 94 90 81 27 85 98 85 0 51 97 95 18 78 20 14 60 35 86 16 31 95 7 29 49 26 98 84 44 66 58 76 27 77 77 9 57 93 0 38 73 74 38 28 100 73 93 46 79 11 57 12 72 57 24 73 1 61 80 57 77 77 93 85 73 94 75 89 21 39 31 18 22 14 100 95 79 96 9 52 92 63 91 57 51 60 91 60 55 35 56 50 50 92 69 40 59 34 55 66 7 1 48 97 3 77 54 84 84 32 60 7 5 31 30 72 25 94 44 40 49 51 59 61 70 76 19 16 43 50 99 97 7 23 86 82 68 72 68 57 52 16 81 43 23 23 16 99 95 26 89 68 96 53 88 87 10 84 87 7 25 58 23 94 89 16 96 42
31 64 58 24 70 33 24 84 2 60 56 91 19 48 10 66 22 55 85 76 55 55 68 43 70 77 18 86 98 99 70 65 37 78 49 73 36 59 30 73 63 52 10 96 86 89 95 49 6 16 38 34 92 45 71 1 32 14 76 69 54 5 57 20 83 10 0 6 65 72 54 20 92 79 88 84 48 5 18 19 73 37 87 28 6 60 42 35 31 66 1 45 22 23 72 45 65 76 79 96 49 6 83 98 92 72 19 11 59 99 38 33 86 75 66 40 31 71 60 61 57 28 60 1 22 32 6 6 98 6 12 8 98 62 28 47 55 85 50 46 39 45 40 50 88 47 29 24 49 35 36 30 61 0 67 50 2 2 36 75 31 93 45 79 17 2 25 42 96 5 46 51 53 46 58 34 7
8 51 3 76 30 87 68 86 85 61 66 81 48 28 39 80 5 38 29 96 74 6 51 36 35 11 82 92 88 87 32 76 97 50 6 4 87 56 25 11 29 6 37 84 65 8 0 23 47 52 100 62 64 31 53 37 72 56 70 13 32 68 50 25 58 100 86 32 1 95 26 58 26 77 68 52 25 94 25 13 81 32 73 26 49 92 50 21 42 66 88 1 9 10 62 61 87 29 72 25 24 69 23 19 12 73 1 1 0 75 81 19 70 35 73 54 74 17 36 73 44 38 43 91 95 50 8 37 13 24 10 29 34 90 17 32 46 79 76 71 49 32 56 23 61 82 23 51 53 34 69 44 15 70 0 84 95 84 9 43 75 61 11 15 75 59 1 46 25 14 35 28 82 36 74 45 83
42 33 16 53 13 40 40 67 92 59 96 19 86 28 4 98 73 57 25 99 76 50 39 12 41 92 35 18 45 36 70 66 56 22 40 97 1 86 96 67 57 15 79 13 10 24 2 77 56 10 91 61 56 27 32 24 65 48 3 91 90 28 2 24 59 70 50 23 81 96 33 75 70 90 46 82 40 70 28 0 11 91 55 11 74 50 81 15 82 80 13 55 97 60 99 77 32 96 35 25 20 17 96 20 100 69 56 87 55 12 14 3 87 75 43 96 36 59 48 14 51 47 64 24 11 13 65 23 94 6 13 98 95 93 68 1 61 8 10 21 40 66 24 37 95 51 31 2 31 4 84 11 95 88 25 30 64 84 7 77 86 96 91 27 97 17 39 19 30 25 62 20 44 70 65 35 74
59 40 34 99 64 17 78 4 29 16 72 51 94 86 30 81 56 71 89 94 77 50 78 1 64 2 72 75 76 15 94 75 4 76 77 65 29 8 5 20 31 53 67 43 17 62 89 0 13 84 7 2 76 63 99 98 73 68 57 42 99 42 76 66 48 5 58 77 64 39 99 13 85 95 49 98 33 83 19 68 42 84 69 86 69 21 74 3 50 98 62 28 30 73 87 73 91 18 93 18 48 28 60 69 24 49 3 61 97 5 2 19 93 2 80 20 81 96 55 55 14 56 55 53 19 5 24 85 42 11 37 63 82 91 81 54 34 77 97 66 42 79 0 98 29 75 3 44 50 45 91 10 40 21 25 90 32 25 19 53 14 78 62 85 89 75 44 72 57 50 74 72 11 71 74 90 74
10 27 50 67 23 62 0 22 9 27 93 69 88 48 73 79 36 95 67 52 96 74 76 42 30 37 50 20 13 15 27 47 52 67 38 9 86 26 80 55 51 97 28 56 8 82 28 70 46 47 94 27 0 25 53 7 23 27 62 51 52 56 26 86 69 42 30 28 46 2 93 29 29 91 50 2 92 1 26 41 16 41 54 33 25 76 94 39 73 12 61 18 11 41 47 29 24 31 91 2 57 54 44 68 93 39 49 86 21 27 49 54 99 94 54 96 27 71 56 6 7 66 51 21 72 77 48 47 25 33 47 43 20 54 47 93 76 45 2 9 50 78 57 2 3 10 15 21 65 40 32 9 0 38 21 62 81 17 21 26 91 29 41 38 49 22 91 38 94 97 67 49 100 57 53 44 29
19 5 45 97 10 37 33 31 16 27 0 84 16 21 23 64 5 38 15 77 29 40 14 22 48 66 16 70 2 43 35 91 47 85 34 51 5 81 9 63 62 95 80 56 73 48 58 34 39 49 76 76 59 91 72 51 99 28 86 69 64 24 32 79 92 72 48 83 2 10 63 30 34 88 17 85 99 20 10 50 67 80 52 93 91 41 15 47 9 44 37 100 47 65 29 48 92 18 36 77 37 3 75 48 16 15 93 61 84 11 32 31 96 49 9 26 89 6 75 50 65 89 53 13 17 15 15 51 42 45 75 71 1 46 45 40 78 37 61 100 32 43 28 60 74 50 71 26 19 44 2 28 62 65 12 28 68 34 16 41 44 31 47 53 85 48 49 76 22 1 5 29 6 46 99 44 40
41 77 90 62 4 27 87 41 6 27 49 91 63 76 25 72 45 20 16 9 60 47 96 26 82 55 72 97 34 19 64 80 38 48 21 53 61 16 72 68 65 56 35 57 78 68 60 100 46 100 65 70 66 53 40 43 100 76 58 60 73 2 63 73 50 3 46 84 94 37 37 38 53 1 23 14 39 30 8 48 53 56 17 87 92 6 62 20 7 42 2 32 49 36 8 77 25 8 89 77 26 73 81 54 84 32 67 37 56 98 47 95 100 93 32 70 39 60 98 89 19 83 94 68 5 28 5 15 82 15 71 28 61 52 96 67 16 75 80 1 82 20 76 97 13 6 44 34 79 96 45 34 72 94 44 52 58 59 12 22 4 37 93 57 9 48 62 31 73 70 12 95 49 92 97 39 92
47 82 30 4 2 66 0 66 41 9 85 71 16 57 91 65 92 2 50 58 73 21 86 13 28 29 51 29 65 22 60 85 87 56 96 75 48 62 95 38 50 18 45 89 7 89 29 51 4 37 45 58 25 86 71 33 60 66 18 34 57 22 15 68 5 32 67 90 87 39 32 76 51 49 15 53 71 18 94 86 2 47 44 1 14 24 0 14 17 56 87 76 96 8 68 75 50 30 81 5 66 85 46 29 60 4 66 25 87 80 100 41 38 10 76 36 15 3 61 34 96 74 78 60 87 3 40 68 56 64 91 42 24 15 39 79 61 74 47 86 76 35 90 94 3 36 72 99 7 17 95 0 85 33 34 80 76 97 99 31 84 25 40 39 15 50 44 74 39 97 14 78 38 97 50 74 51
80 29 90 72 16 77 25 53 41 54 40 98 70 94 36 72 53 58 90 31 40 81 74 96 2 72 5 49 64 8 95 79 1 90 82 47 23 14 96 62 17 52 12 69 26 83 19 95 75 95 47 32 20 57 71 59 62 18 6 11 35 19 67 52 63 79 89 39 88 61 70 96 25 82 48 32 11 11 7 64 7 47 42 43 30 79 87 17 46 34 99 15 95 58 33 87 82 61 28 5 6 21 98 34 15 37 64 63 67 36 45 93 42 39 32 6 52 89 68 70 91 88 22 81 92 52 8 95 25 47 82 73 42 23 56 87 97 21 6 8 12 40 37 69 72 67 59 78 87 56 59 34 26 46 1 77 78 69 88 8 57 73 36 59 2 8 8 54 70 63 76 77 72 14 74 80 26
55 84 3 17 92 80 70 33 82 86 95 16 41 77 89 51 91 31 82 35 51 19 67 61 78 9 35 95 24 31 0 12 50 7 82 8 70 43 88 36 98 8 54 84 11 85 70 62 2 71 20 83 64 35 23 75 34 57 81 34 90 26 25 47 98 90 91 66 62 47 0 95 54 92 60 62 71 76 87 7 78 10 43 18 5 48 38 88 24 17 58 93 72 1 42 53 82 79 3 2 95 99 36 87 48 85 99 51 36 84 46 76 13 40 80 81 19 54 3 96 17 3 26 9 20 39 10 13 54 90 42 82 9 87 75 57 39 27 30 59 83 17 54 91 12 76 97 65 22 85 48 18 62 3 54 69 74 16 45 48 90 66 8 58 94 15 42 10 34 93 52 83 82 35 64 71 64
4 70 54 2 68 0 17 4 6 59 8 57 76 4 45 44 83 11 14 6 26 75 29 84 26 48 31 47 67 58 81 3 29 98 41 32 39 9 20 99 36 41 83 11 1 1 49 55 55 56 41 41 21 35 26 29 19 89 22 15 30 20 9 86 75 31 3 47 4 16 64 44 87 84 36 76 16 10 87 99 5 14 55 49 71 53 58 41 98 26 62 87 64 88 78 6 12 15 18 86 71 44 67 7 16 3 68 97 59 22 16 93 23 23 36 45 75 42 53 22 82 56 84 89 61 79 75 30 86 49 0 59 76 53 65 0 0 79 9 7 43 79 76 50 75 45 76 19 31 65 54 79 4 32 20 9 42 90 88 10 60 60 2 27 100 68 27 70 86 75 50 18 76 100 70 39 48
30 92 68 46 34 71 92 36 32 46 19 74 80 22 86 46 93 62 65 99 91 7 68 78 87 8 94 1 43 10 28 60 72 6 86 65 14 38 49 11 43 53 63 26 93 59 52 99 34 88 36 6 47 70 85 31 80 95 96 60 39 1 98 81 32 86 43 47 77 83 3 6 31 49 97 2 76 99 84 10 48 4 33 1 20 14 67 69 0 49 78 3 25 84 74 55 8 3 68 87 9 22 76 91 92 88 75 32 61 46 47 17 77 77 40 42 55 27 31 43 9 40 87 49 85 64 64 41 26 43 45 56 79 87 99 9 95 57 89 55 35 57 7 83 80 88 61 54 10 15 90 89 91 85 98 69 52 83 69 84 84 49 37 3 20 80 23 11 73 15 46 88 15 92 69 80 94
