42 65 73 83 49 91 85 27 92 55 86 14 46 18 53 82 94 59 19 47 58 76 74 16 56 30 39 42 29 11 99 27 13 0 80 50 76 71 85 97 61 79 57 86 30 71 7 95 7 86 60 95 68 59 65 39 56 73 21 82 29 49 11 47 63 26 94 27 87 28 39 94 5 100 87 48 88 42 41 21 76 82 12 65 15 92 90 26 94 41 21 46 71 2 44 91 84 83 65 31 86 90 96 15 31 77 38 33 98 73 15 74 6 72 85 98 74 34 12 60 81 5 3 62 54 50 67 7 39 75 61 0 33 26 97 47 1 81 24 62 88 26 93 94 23 54 28 0 7 63 85 11 37 40 24 100 80 5 31 91 27 9 16 64 38 57 3 57 24 18 60 85 71 29 51 76 59 5 35 8
47 82 33 98 84 96 19 29 63 40 9 41 42 88 45 65 4 48 60 13 44 23 32 25 11 26 98 45 95 29 53 17 44 47 35 76 95 70 19 36 61 15 33 50 31 6 52 25 79 60 79 73 36 75 17 33 28 6 18 35 2 74 51 76 15 79 86 72 1 80 17 83 100 32 24 85 20 6 67 28 37 54 2 17 75 88 82 95 28 36 9 50 5 23 71 81 80 60 96 98 97 94 48 82 65 30 73 88 21 32 95 17 68 20 38 25 25 25 42 66 16 60 82 65 87 87 14 76 61 82 58 92 17 23 36 43 72 85 8 78 57 83 18 95 90 22 3 76 19 31 95 42 60 81 25 66 16 66 80 9 36 57 79 13 42 17 57 26 93 87 12 86 35 84 25 96 86 31 42 48
11 100 54 68 46 82 44 71 88 80 32 1 99 18 19 76 58 12 6 28 96 73 100 88 51 31 95 92 35 3 46 62 94 75 81 55 34 71 92 45 91 68 8 96 84 43 49 69 16 38 79 37 67 45 32 10 25 3 83 58 91 15 85 23 27 18 72 28 45 50 59 36 66 48 14 38 73 60 1 26 8 93 39 16 97 26 34 6 48 75 4 48 86 24 73 99 64 18 41 41 96 29 15 3 2 50 48 72 80 40 20 82 73 85 18 67 12 100 19 39 93 29 4 49 63 43 40 77 48 97 51 38 22 25 60 51 30 9 8 34 70 72 51 62 35 66 35 44 15 55 64 77 49 2 91 56 15 12 50 79 69 66 39 40 49 39 72 74 67 10 32 24 83 85 58 46 31 34 4 83
77 54 89 69 29 17 28 14 76 65 32 21 26 46 11 21 94 25 60 88 8 95 69 3 56 62 46 76 62 50 67 11 52 92 40 17 44 100 30 96 3 95 100 94 60 21 98 85 82 59 21 84 0 46 31 50 63 86 59 57 7 60 63 51 51 58 8 1 49 3 86 8 59 10 87 74 44 16 80 98 42 4 86 28 20 22 59 3 32 8 24 92 66 47 74 19 89 35 70 47 92 83 24 28 58 51 65 39 27 56 82 28 94 96 59 42 100 7 6 66 86 82 69 17 98 93 80 31 25 86 84 66 57 88 64 44 79 31 95 74 59 79 19 89 74 0 50 18 84 26 57 83 32 2 51 27 19 30 80 91 28 94 68 57 72 44 78 7 73 89 97 61 39 62 13 5 59 46 9 31
7 95 92 90 75 86 38 73 97 81 96 65 62 82 36 10 81 27 63 63 49 54 76 99 1 100 80 68 46 64 72 11 8 23 61 51 43 31 26 61 87 36 72 57 42 55 61 77 31 3 14 82 95 88 83 44 100 43 90 57 45 92 37 27 35 21 1 88 37 46 49 11 7 3 14 27 73 99 98 22 76 70 46 69 8 20 86 75 70 59 6 74 63 34 36 9 78 35 24 42 74 49 56 59 35 99 51 67 72 1 43 34 90 42 84 45 59 78 87 17 79 54 2 36 91 60 25 17 35 33 14 55 7 6 88 28 88 71 36 97 40 64 12 76 100 94 18 69 79 73 26 84 63 57 2 53 88 35 87 24 21 41 7 43 58 10 95 82 36 0 54 36 70 29 99 37 74 3 87 22
24 72 29 31 93 67 40 50 82 79 47 87 6 8 30 4 33 53 32 47 76 32 53 45 19 12 57 100 99 0 96 33 29 81 60 10 84 64 28 49 94 8 62 98 56 16 55 57 8 85 8 45 57 3 27 32 96 19 24 79 84 47 13 54 48 59 83 56 23 71 31 26 82 12 6 30 86 40 100 21 95 36 99 65 90 77 82 59 88 56 88 8 28 9 51 83 91 14 33 16 89 89 9 2 70 80 86 76 65 13 45 14 45 19 0 43 40 65 99 89 92 61 87 80 61 93 67 6 45 76 42 12 89 89 37 86 23 52 43 39 34 53 61 77 65 76 69 81 76 2 56 83 43 49 15 87 20 78 59 8 98 83 69 90 39 16 48 66 57 25 29 76 84 14 16 64 33 85 52 20
11 0 67 67 21 69 100 50 33 71 80 48 64 76 26 32 16 78 16 75 45 100 19 44 17 17 28 49 41 51 67 38 0 59 69 94 72 84 21 59 67 9 50 22 84 53 71 38 49 55 66 0 57 16 85 40 59 86 21 77 69 75 32 86 4 34 90 47 71 30 84 24 76 78 71 56 9 50 43 35 14 23 53 36 30 69 55 44 67 53 33 59 72 83 94 67 86 76 88 83 74 91 97 27 84 43 14 40 58 75 33 76 10 14 95 100 30 54 31 98 97 37 68 34 42 35 74 19 6 7 5 33 71 48 92 4 53 56 52 49 71 66 61 57 73 46 61 48 70 64 72 48 14 96 14 1 64 75 23 92 3 89 30 43 78 58 98 74 3 9 85 26 17 21 76 64 42 40 13 67
71 91 83 11 59 69 50 71 85 90 82 97 83 97 54 18 34 58 40 53 27 91 9 24 69 20 45 36 84 28 74 42 73 64 20 25 78 64 55 23 63 71 45 35 7 96 80 61 52 34 95 88 7 64 68 50 88 74 34 0 90 1 98 17 77 16 7 8 83 55 49 55 41 32 46 89 81 50 41 100 72 94 42 91 81 4 60 5 23 87 97 99 95 63 19 95 2 26 97 58 84 57 20 57 60 56 88 21 71 38 65 43 100 29 76 74 92 83 96 81 78 21 85 70 23 26 17 34 56 64 36 60 75 31 3 47 48 40 32 54 46 52 5 17 7 81 32 92 89 41 11 65 82 69 8 26 61 93 65 49 52 4 75 62 1 73 29 20 89 65 50 82 38 13 24 92 89 83 92 78
76 92 88 5 45 83 50 97 8 12 80 38 41 6 2 34 81 66 5 50 64 89 36 29 12 67 95 87 9 56 23 40 83 92 77 22 84 57 10 9 0 47 99 95 28 83 29 53 18 93 6 83 20 58 6 87 65 3 51 71 47 3 95 97 22 92 96 44 52 33 19 96 32 3 8 34 48 93 75 94 51 30 55 72 82 78 78 5 34 11 78 88 25 57 10 71 92 60 56 59 91 87 57 21 0 75 8 27 1 96 88 80 71 40 30 67 15 61 14 52 68 95 80 31 35 80 17 1 83 50 50 12 34 26 21 45 10 15 51 69 19 19 31 47 10 10 64 60 37 19 0 30 94 21 65 19 91 42 9 86 41 69 52 92 14 4 25 8 95 13 87 0 38 82 19 62 60 87 71 24
6 55 0 20 74 22 59 98 49 50 65 23 48 90 68 35 40 86 35 71 94 36 58 12 24 40 3 14 41 24 17 41 77 3 79 0 52 86 76 37 93 28 8 92 48 42 87 71 38 52 15 45 13 73 38 93 59 65 3 92 73 14 35 73 27 55 15 92 99 1 61 99 8 18 11 5 62 18 3 47 23 20 2 51 2 39 93 25 98 90 77 80 56 25 67 18 85 94 81 49 71 40 91 12 69 43 27 23 61 42 13 60 19 77 82 44 73 2 18 36 10 100 52 36 43 49 45 49 53 42 24 24 7 95 62 59 91 51 76 47 62 2 31 43 41 35 62 19 72 19 58 87 0 99 79 45 96 75 53 46 14 49 85 9 6 83 70 37 65 15 10 61 45 41 98 48 80 5 4 51
21 67 59 42 66 13 18 57 60 24 90 51 10 24 67 79 25 86 94 93 65 25 82 53 85 25 69 47 66 33 68 17 16 92 82 100 5 12 75 32 98 53 54 69 92 45 89 41 54 58 45 22 83 99 11 69 40 87 31 67 81 40 4 79 93 30 34 28 20 12 24 90 49 84 48 49 0 79 4 16 54 80 18 72 1 28 88 83 66 95 9 21 97 79 73 34 39 33 26 100 53 14 13 98 37 14 18 44 48 46 49 2 82 63 63 71 24 58 30 41 45 9 97 71 49 63 95 24 65 14 70 1 86 8 31 81 89 21 79 62 90 11 57 28 13 7 55 35 13 30 79 9 45 92 56 65 62 97 7 98 55 6 33 20 21 33 11 76 67 71 3 21 47 42 32 17 5 65 11 25
39 30 3 60 0 32 92 100 98 99 15 31 83 67 4 0 46 38 34 58 2 48 87 90 30 66 83 46 40 3 34 5 93 48 59 70 33 92 16 53 17 84 36 89 97 94 8 84 15 5 17 26 97 37 92 5 42 92 28 79 93 40 93 94 83 66 77 1 97 90 49 87 14 61 15 19 53 78 13 37 38 20 95 70 89 71 66 8 57 56 43 4 97 10 44 44 78 58 27 84 60 95 4 75 42 94 43 16 40 78 76 8 10 19 36 91 62 87 59 76 3 86 14 12 81 46 23 26 9 20 97 51 16 12 90 47 58 69 74 34 14 44 72 2 27 2 64 49 98 94 15 99 79 82 53 49 74 23 2 66 51 16 44 66 53 68 16 44 47 26 100 72 51 3 25 92 78 26 69 16
89 95 30 60 48 53 95 23 81 39 60 16 20 44 43 88 66 95 38 85 31 49 11 30 66 27 12 30 30 79 41 12 8 43 96 77 20 11 68 28 24 41 31 89 59 1 85 36 97 86 54 59 62 85 98 91 46 18 39 28 33 25 100 51 46 23 21 91 96 32 61 55 40 27 92 48 79 44 13 25 31 4 43 86 53 72 16 82 13 91 83 68 44 85 47 97 69 53 31 14 42 65 30 33 71 53 10 8 64 89 5 68 48 94 15 2 84 15 11 84 70 31 46 67 35 17 50 4 32 26 81 63 85 84 74 22 96 75 1 6 71 71 37 59 39 51 44 0 14 75 56 88 88 67 81 3 43 9 86 29 48 4 63 28 18 91 73 68 61 63 12 90 77 77 60 22 90 6 84 22
95 25 65 71 60 79 97 40 66 58 76 41 85 83 12 25 47 42 94 21 64 22 99 71 52 61 13 88 2 77 64 9 72 24 20 97 98 45 26 20 68 22 39 65 8 97 89 7 35 75 81 0 98 17 26 40 24 97 3 95 68 40 20 49 55 4 27 92 67 8 31 11 83 90 58 26 35 8 14 27 88 62 5 27 34 74 75 4 33 13 11 17 90 12 25 76 19 4 3 32 46 65 100 95 18 2 89 83 14 31 90 65 18 87 81 95 84 61 16 82 23 12 35 17 9 58 48 68 13 77 62 77 1 56 55 16 16 89 32 82 69 13 20 60 87 1 47 73 9 5 94 75 29 32 68 81 18 26 28 10 20 57 10 95 96 53 10 12 33 62 80 39 29 78 81 76 67 42 50 75
16 61 73 19 82 49 16 21 59 87 20 79 48 34 19 64 18 83 60 50 10 59 23 44 41 89 85 69 54 80 89 38 44 74 78 68 87 23 28 32 61 95 82 91 6 9 50 47 30 27 4 4 39 96 23 15 61 8 78 33 66 0 84 78 13 2 97 75 60 56 87 35 51 50 58 63 91 100 92 84 41 99 82 20 48 76 24 1 65 37 3 42 58 68 38 0 7 23 10 21 25 46 83 91 69 63 4 1 99 32 39 27 53 95 33 19 39 95 63 12 46 99 20 53 100 16 34 17 92 83 32 21 79 27 30 9 87 99 3 99 92 40 93 66 22 12 99 62 36 12 84 65 47 21 79 78 1 33 66 36 32 78 48 27 74 57 30 59 54 21 44 87 3 79 70 91 99 23 13 55
67 33 6 93 2 2 37 94 33 44 80 33 58 0 36 19 23 98 66 82 63 6 89 54 87 66 5 96 56 80 52 60 61 36 67 1 50 8 46 99 13 56 37 84 65 86 40 66 45 84 86 28 63 44 2 74 14 20 76 42 11 16 74 0 7 68 34 79 42 73 8 44 23 46 53 42 89 12 3 47 40 54 17 84 36 94 89 81 32 54 53 70 8 54 38 23 76 6 94 65 11 14 70 5 35 25 76 89 12 47 21 44 21 93 69 76 54 85 90 96 28 12 27 78 0 15 92 27 92 35 68 75 39 85 11 11 92 5 12 39 33 25 2 8 6 92 100 0 8 57 47 62 85 54 24 1 57 49 69 13 82 57 93 44 13 91 94 1 74 26 49 13 11 86 46 81 70 79 91 77
27 100 42 61 5 71 78 50 91 27 36 76 34 9 20 56 58 66 39 20 45 47 19 36 16 25 82 82 66 26 6 15 38 89 87 98 52 85 83 25 35 58 64 91 81 27 21 55 41 53 51 85 72 71 18 68 62 79 84 68 74 56 93 39 63 54 65 83 13 58 53 33 80 5 31 94 11 8 93 23 41 45 43 83 43 8 48 58 89 70 41 0 95 55 52 66 86 60 97 89 91 12 92 40 28 38 86 91 19 77 47 1 60 70 9 15 46 70 46 94 30 56 52 13 20 34 35 73 69 50 26 49 4 82 17 5 70 90 43 8 17 62 55 21 39 11 77 76 46 9 18 76 3 34 63 45 95 8 24 18 47 79 9 99 69 26 87 69 94 37 38 30 88 86 44 85 42 29 44 82
86 24 67 18 77 30 91 65 61 36 93 43 74 94 58 45 74 45 78 51 70 9 27 37 10 41 50 25 56 2 89 99 86 44 69 7 4 53 26 7 28 62 45 88 22 92 72 9 56 85 65 83 87 97 49 37 91 93 58 99 70 44 2 78 96 35 89 92 88 45 5 92 36 65 76 6 49 83 49 35 63 3 72 51 37 46 96 14 38 20 7 37 81 46 13 1 95 78 35 43 93 72 76 0 91 21 28 84 91 64 26 8 42 62 29 50 17 31 79 78 47 74 48 100 94 91 20 80 5 42 66 87 34 74 48 80 52 7 90 8 5 68 39 48 29 69 12 49 63 0 42 81 92 37 14 10 55 77 99 83 30 56 100 74 74 57 70 19 7 16 26 50 9 89 63 81 49 99 61 26
3 34 24 12 2 100 53 85 23 65 73 73 31 96 60 68 16 15 88 5 62 72 79 92 3 100 38 35 20 15 1 36 68 66 95 85 16 64 19 89 53 22 91 9 61 68 6 58 32 55 53 26 17 56 81 84 53 60 11 12 48 0 17 39 100 12 93 25 73 58 68 88 65 65 74 27 63 50 62 20 53 58 6 49 34 50 90 12 81 36 50 64 50 88 39 38 27 56 6 20 68 32 64 94 17 30 60 48 30 7 59 56 73 6 78 49 3 0 80 16 9 54 60 51 11 84 14 85 48 98 38 41 13 94 18 50 74 100 33 8 94 96 22 52 6 84 57 85 73 23 92 50 89 36 97 32 74 86 51 89 12 78 56 93 47 51 88 1 67 49 40 93 62 23 62 18 31 55 84 16
94 60 29 59 85 40 78 33 83 36 75 28 40 55 58 61 12 89 49 61 9 85 40 6 47 96 31 69 84 38 81 39 11 57 60 0 63 46 33 69 5 46 87 24 87 5 66 32 45 51 63 79 37 28 60 99 65 13 61 32 62 74 19 91 19 100 17 75 40 45 41 82 6 8 88 96 89 99 54 36 100 39 85 91 57 82 27 9 41 88 76 66 73 5 47 92 0 76 87 69 92 64 26 93 87 58 3 7 37 68 28 56 60 51 51 13 92 31 56 91 31 22 18 27 93 29 90 39 23 33 95 69 15 7 72 80 73 64 84 89 14 25 6 83 26 12 50 60 55 25 61 26 76 97 80 14 43 2 20 48 65 1 40 14 26 41 58 56 35 33 50 3 57 63 40 72 17 84 32 46
46 24 22 35 37 24 59 54 83 98 89 15 44 92 15 1 94 34 24 99 5 65 52 82 91 26 44 66 58 12 100 37 95 4 94 23 61 40 62 45 55 52 8 3 76 100 16 34 2 11 0 99 63 56 93 21 53 4 65 37 78 36 43 90 57 60 30 75 25 69 22 66 93 18 1 50 63 31 89 74 23 84 19 94 55 62 68 19 5 14 84 23 2 84 65 78 18 46 47 57 25 92 67 37 9 47 11 19 92 96 98 30 8 54 33 63 33 13 23 44 48 76 64 44 96 34 11 84 71 83 48 34 2 93 40 48 8 72 96 35 44 94 58 69 13 41 98 86 14 31 70 99 0 57 67 92 43 100 87 66 19 51 96 23 34 51 31 14 81 67 57 9 94 53 24 49 8 97 30 16
32 0 30 21 79 37 43 92 95 72 54 69 84 82 21 72 68 52 90 55 89 38 32 44 82 52 84 14 95 78 42 84 73 15 56 21 17 79 96 11 55 47 69 80 17 70 78 12 39 99 50 44 7 17 83 88 26 17 75 75 3 87 7 46 78 92 86 79 99 14 12 24 49 26 12 5 21 40 75 28 13 36 16 96 51 78 39 0 77 26 59 66 90 44 69 83 90 80 62 1 67 7 8 40 9 94 40 33 0 66 88 34 1 38 91 9 53 93 88 75 92 2 79 50 48 83 67 25 94 99 98 75 19 65 18 30 31 16 18 35 34 72 62 3 14 37 91 66 36 61 18 73 32 29 52 17 42 72 50 93 3 38 75 86 93 27 12 9 38 69 54 46 54 75 89 94 42 38 8 34
86 83 96 96 60 77 23 89 41 11 49 66 83 36 35 47 33 83 34 1 86 51 18 73 48 56 73 54 25 18 83 82 79 54 76 36 87 45 94 77 52 71 95 53 25 68 2 91 57 83 3 55 89 60 53 63 74 63 33 34 98 34 48 68 41 43 52 63 57 58 89 63 7 65 29 96 89 13 18 63 20 78 53 33 66 54 36 4 22 46 19 36 57 74 24 19 86 1 58 57 18 21 62 94 20 37 97 44 59 35 3 1 38 33 0 53 99 9 15 76 5 22 43 34 72 64 36 84 26 69 51 46 48 36 70 52 86 17 84 9 2 32 80 2 72 72 53 51 10 55 91 67 47 27 24 57 23 31 78 68 99 0 1 95 52 85 65 27 30 34 88 17 53 14 96 91 7 75 86 18
52 45 1 39 82 91 64 80 98 53 47 6 47 19 23 87 27 5 16 28 99 54 82 100 13 14 21 48 42 43 32 69 95 64 95 28 25 68 54 26 71 67 82 66 4 94 13 81 75 89 35 2 53 34 7 74 54 28 44 18 20 44 27 26 33 81 35 71 57 28 77 94 85 88 41 20 3 2 21 51 13 40 0 76 29 43 8 9 18 97 1 3 7 73 18 97 54 37 68 79 89 69 67 57 5 94 19 91 86 23 96 96 85 74 53 82 73 0 40 82 62 4 97 76 89 100 6 88 26 24 89 16 58 94 72 90 89 40 29 78 100 37 96 57 80 54 8 76 81 90 2 93 83 88 74 88 81 7 85 21 85 76 24 68 76 63 22 45 100 90 91 16 65 51 16 80 77 18 66 89
9 28 100 20 94 41 56 23 68 43 13 61 5 8 80 62 74 11 78 9 100 74 39 90 41 20 8 89 59 89 38 92 67 57 29 77 53 7 80 1 22 72 41 42 55 75 81 1 6 3 35 42 75 43 94 65 89 61 43 95 25 75 35 16 81 40 33 20 74 67 40 52 66 0 8 21 13 59 53 95 25 48 48 60 81 55 11 15 15 32 91 40 48 54 9 10 47 93 47 52 64 87 5 27 50 43 55 18 1 1 97 21 10 2 77 76 88 47 22 31 20 81 91 39 30 23 23 2 65 57 8 8 4 5 29 84 50 43 61 12 16 38 26 61 17 36 70 20 1 42 72 12 84 90 18 54 71 83 22 88 68 42 17 79 53 81 90 72 26 79 75 93 5 2 15 50 51 66 47 71
97 92 24 3 52 2 20 98 65 48 37 64 72 91 25 42 29 55 58 21 73 3 12 57 24 46 5 79 67 96 40 92 35 97 45 59 10 13 65 97 93 24 10 91 66 61 4 41 78 48 77 62 72 100 15 6 49 42 94 2 53 40 34 38 35 42 5 46 91 13 1 2 92 15 87 24 28 71 73 97 69 98 6 39 67 61 64 99 77 100 80 47 53 48 20 72 62 11 9 16 68 0 14 63 43 33 81 35 69 26 61 0 45 86 18 93 31 15 73 92 42 28 79 91 90 13 4 89 4 23 52 90 31 50 88 35 61 92 83 52 60 99 22 5 23 53 14 55 44 87 37 94 10 79 96 10 12 51 29 30 99 73 51 48 50 57 90 44 80 84 97 57 27 8 44 51 13 9 95 16
7 14 11 47 67 48 74 58 13 100 89 91 8 24 35 15 54 79 26 89 9 20 46 91 5 81 33 66 23 77 50 63 71 46 73 25 15 60 17 6 75 58 2 90 86 58 70 66 25 12 48 43 91 72 19 36 64 70 9 25 68 81 74 97 7 24 11 96 53 53 74 75 100 53 65 36 59 14 21 87 22 74 0 21 88 98 92 74 20 13 49 33 88 14 90 82 21 33 46 59 40 74 26 0 65 86 63 39 72 25 49 38 3 3 32 83 60 42 50 35 92 26 99 22 36 72 2 12 76 25 0 11 61 52 59 71 93 7 94 20 56 99 84 32 92 70 34 2 53 44 75 80 12 52 60 8 40 51 93 53 44 41 65 61 4 96 1 48 64 65 69 22 17 10 12 35 52 79 82 31
79 19 95 32 37 78 9 36 7 88 90 56 27 19 26 42 0 4 60 54 39 46 50 94 57 40 1 96 60 53 96 26 66 55 12 27 25 60 25 70 99 63 45 77 22 61 5 52 59 84 15 92 88 33 40 52 38 27 20 70 63 51 44 92 4 89 26 52 17 35 53 11 18 3 60 100 28 99 75 21 1 61 38 54 17 22 90 92 62 16 2 37 13 83 14 22 10 19 19 93 55 7 5 7 92 43 74 71 9 91 74 34 69 70 29 35 52 21 17 69 53 80 51 93 5 87 27 71 35 46 93 92 24 80 31 33 89 91 43 0 30 76 37 30 28 49 28 42 55 2 9 96 17 51 20 57 39 18 83 47 82 2 35 93 91 11 40 9 2 23 24 55 22 9 14 49 43 39 94 16
86 91 12 45 30 38 14 1 44 40 13 82 47 43 77 92 80 27 88 81 24 57 36 12 69 26 12 2 71 85 29 93 66 81 95 69 78 74 1 74 27 42 84 86 39 72 57 5 98 45 57 45 88 25 18 52 0 24 95 27 69 78 96 38 23 37 47 11 2 79 30 39 52 59 71 12 16 4 23 92 8 37 47 38 45 70 58 5 45 58 65 51 83 12 62 70 41 39 83 9 6 42 91 40 35 41 79 59 51 28 57 62 49 47 99 24 31 70 1 10 53 46 14 34 78 26 48 86 44 100 42 67 18 33 69 81 26 49 8 18 56 55 68 59 63 19 41 18 64 69 8 44 98 60 31 27 65 89 93 67 95 22 96 22 85 40 33 30 78 23 32 99 7 8 83 65 51 43 44 92
99 12 66 92 90 25 27 70 18 64 50 10 62 49 81 68 99 25 51 23 32 1 84 94 21 33 69 84 80 37 28 13 21 25 88 36 15 98 4 57 73 77 19 12 52 28 84 19 61 39 70 77 71 45 33 17 54 78 83 88 3 56 90 19 77 96 84 94 60 58 87 6 76 60 12 99 19 25 42 47 44 24 6 81 100 26 54 48 27 5 44 64 77 22 19 75 13 0 13 1 30 78 79 19 71 54 65 22 83 3 29 85 1 76 6 41 15 42 47 66 38 87 7 68 61 65 57 38 86 48 20 20 9 58 97 39 52 64 62 19 61 51 63 47 59 27 76 50 28 54 53 28 45 25 1 24 16 9 24 68 23 75 53 11 4 57 89 98 63 33 96 60 27 1 15 81 49 0 67 47
64 64 18 12 28 94 76 82 49 90 22 88 83 78 95 67 54 84 11 90 74 63 19 82 55 15 88 82 94 8 35 94 83 78 13 73 41 59 8 3 27 31 65 47 45 4 33 70 7 22 44 49 10 15 46 100 56 18 72 21 90 38 91 73 62 71 39 60 38 43 32 74 47 24 53 90 97 0 33 98 66 81 11 95 81 8 29 76 30 25 50 63 53 90 56 96 45 91 82 82 92 24 38 5 54 35 5 58 28 67 24 11 100 38 58 56 59 66 31 22 24 26 77 30 19 82 87 64 1 16 70 61 59 19 16 81 51 25 50 60 12 56 54 14 99 50 40 89 57 18 83 94 1 86 72 79 1 8 15 9 85 39 69 97 54 88 28 59 28 71 76 65 73 3 56 69 13 58 94 72
30 90 39 37 66 98 21 21 73 40 50 39 38 77 66 53 87 35 94 76 19 31 96 72 2 36 92 81 3 74 94 54 77 90 41 3 61 75 41 89 30 97 100 74 10 26 50 12 88 5 97 49 55 67 11 23 63 96 79 67 15 46 66 69 18 9 94 52 16 69 3 22 11 69 33 13 50 33 28 27 17 2 37 65 35 62 23 74 69 5 61 23 43 69 96 7 65 25 73 6 64 58 28 2 16 24 8 96 96 67 49 5 73 59 25 12 0 91 15 95 35 67 68 61 58 98 29 92 90 0 27 35 87 6 79 7 97 98 70 65 23 58 36 75 3 82 95 54 76 86 72 78 24 33 9 98 27 68 60 39 15 58 75 38 54 68 3 25 64 98 35 1 42 18 90 9 33 34 74 73
53 54 4 22 67 17 8 49 21 65 51 99 43 34 68 29 81 17 52 82 1 27 84 9 57 92 86 13 61 75 50 92 22 11 20 73 31 15 74 95 70 4 56 95 46 48 67 98 17 64 92 80 38 38 32 35 78 72 66 81 77 86 18 49 100 7 38 37 40 78 57 50 35 100 63 89 23 28 40 71 40 82 94 70 84 40 71 42 46 82 80 62 47 32 83 50 62 53 28 96 89 22 28 70 60 43 44 79 73 40 53 60 69 34 76 31 84 59 51 16 87 58 53 66 63 7 38 78 61 7 25 49 58 92 4 12 20 78 93 39 92 79 24 12 7 47 67 70 5 34 99 73 78 93 12 46 4 36 81 97 9 97 20 1 87 20 79 66 10 9 67 96 42 6 51 61 53 0 90 34
6 62 76 42 15 0 86 27 32 47 50 13 87 48 55 98 61 29 98 4 45 36 18 76 10 54 36 49 72 90 91 53 79 58 21 7 9 63 56 60 27 36 72 78 43 40 33 17 14 57 47 38 30 38 18 67 3 6 25 48 45 96 68 79 10 88 62 13 5 49 95 89 30 41 20 62 58 47 35 75 67 8 99 51 14 63 83 19 54 3 22 48 4 48 51 41 0 55 5 76 98 39 82 50 64 28 15 33 27 44 26 46 57 99 17 60 76 92 59 65 36 81 59 94 54 97 0 7 49 11 59 32 95 89 6 74 88 92 61 38 92 62 58 47 40 15 57 75 34 5 82 50 20 49 56 46 36 7 67 72 70 63 88 58 87 66 98 95 35 27 29 22 40 58 53 96 78 15 40 69
93 54 87 45 72 85 96 88 71 98 30 44 46 15 63 59 52 32 15 63 66 92 19 69 42 36 51 79 74 73 38 42 18 6 79 28 29 61 49 61 54 70 83 83 21 17 32 0 26 14 68 85 49 25 22 41 89 18 17 1 81 4 83 91 36 8 35 57 19 54 29 32 79 0 70 71 48 94 16 33 68 68 33 92 14 65 55 19 22 17 48 53 13 97 87 76 100 98 26 12 53 64 4 0 48 1 50 68 32 100 34 79 2 68 25 39 27 95 13 9 3 85 95 17 48 5 14 42 46 24 31 80 15 12 73 9 89 61 37 52 65 91 79 83 56 26 25 94 21 61 39 11 47 49 75 87 48 17 54 2 53 55 52 63 87 98 41 55 28 93 42 58 69 65 52 23 0 40 57 60
66 90 71 96 62 13 68 59 90 15 97 83 100 81 38 59 41 27 31 86 18 73 96 97 38 22 53 4 83 4 10 37 59 80 53 64 31 24 49 83 32 33 26 89 60 1 2 75 43 67 58 10 37 41 88 54 36 12 42 15 99 10 18 30 83 65 62 45 14 14 0 61 90 27 58 4 2 58 69 33 79 57 66 71 47 71 77 54 11 17 16 59 69 53 19 95 11 31 24 13 7 84 21 32 30 91 26 47 37 4 2 66 24 86 26 13 91 12 67 92 50 49 68 53 15 67 3 43 61 96 96 48 80 41 51 96 15 88 45 13 10 15 88 63 96 3 40 35 94 96 67 10 29 8 81 100 60 85 88 62 31 54 72 54 1 34 55 69 68 84 87 99 91 99 51 84 81 10 65 34
35 72 99 99 41 25 98 5 50 39 85 29 17 17 0 14 7 67 10 38 3 89 10 23 93 46 71 81 44 92 38 33 98 79 14 59 71 18 28 37 22 0 65 11 86 62 80 75 14 75 63 82 66 78 81 78 90 75 38 41 95 9 69 93 30 97 90 70 8 47 49 12 75 13 97 23 37 68 58 24 50 82 10 48 34 68 74 65 51 38 15 68 47 86 24 75 94 67 59 83 95 65 7 44 95 100 77 49 72 77 72 15 96 4 66 43 23 47 90 83 48 84 82 100 21 39 5 15 23 18 48 6 96 72 39 70 71 68 70 19 55 76 11 22 34 74 19 20 71 39 27 55 16 21 52 3 8 86 25 62 41 1 87 66 84 52 4 88 16 33 93 32 40 10 14 18 64 5 35 49
53 62 99 81 41 70 8 45 15 17 46 4 84 94 45 29 56 84 72 84 5 10 72 83 55 65 5 7 93 27 10 46 53 68 38 98 2 18 75 24 85 70 85 33 32 72 96 1 41 3 9 8 7 34 75 5 60 90 34 97 45 5 83 39 53 78 71 58 98 32 73 40 5 67 96 15 85 74 37 71 84 23 8 91 13 18 73 62 70 74 52 60 100 94 27 27 89 94 81 48 17 68 96 10 56 92 40 9 61 22 91 66 0 43 48 34 6 51 17 73 14 44 13 27 30 28 6 22 50 4 25 50 11 61 87 78 28 94 18 61 38 23 94 0 95 38 97 75 16 27 25 81 26 99 15 13 29 6 77 67 27 53 88 56 3 74 100 88 36 97 6 36 96 97 14 41 92 61 35 69
31 87 71 23 93 15 44 44 88 97 32 60 77 49 39 81 88 20 52 11 89 54 4 36 29 15 28 81 14 54 53 6 79 12 26 36 52 54 49 32 77 52 40 13 55 37 57 89 57 10 73 42 83 45 36 77 29 71 69 58 98 67 38 42 52 47 85 44 74 84 3 86 100 34 88 27 29 32 71 82 44 37 31 28 50 88 37 59 52 21 90 52 74 27 90 93 77 60 35 17 15 50 11 15 37 13 32 61 54 0 13 0 43 3 16 69 42 71 35 58 30 47 57 76 81 59 88 21 73 96 50 51 33 91 24 78 12 0 60 26 48 5 76 84 21 70 7 58 31 24 20 73 72 56 27 86 11 66 8 53 36 44 3 61 87 44 73 98 93 47 16 35 98 48 45 30 20 52 27 30
70 25 29 82 73 43 15 37 81 72 4 7 42 89 61 69 84 1 11 59 51 95 25 47 61 47 23 66 90 14 17 27 93 78 43 85 54 49 91 49 10 83 45 99 67 14 11 75 18 88 18 96 72 29 19 36 88 75 99 67 69 16 3 33 75 78 39 63 60 68 91 58 20 84 43 11 26 84 53 25 37 5 53 79 57 0 6 63 81 46 78 25 77 76 0 53 21 2 60 54 67 51 97 91 22 83 69 86 40 75 91 60 73 53 21 47 25 7 97 23 65 51 96 47 22 3 18 91 78 21 90 86 33 46 93 60 22 59 50 44 42 96 39 78 38 12 81 27 68 87 40 99 78 45 91 55 75 76 94 29 3 76 86 14 79 86 74 12 58 49 14 80 5 47 4 40 12 49 7 76
77 85 59 19 66 92 83 4 28 46 30 69 58 94 100 81 3 43 88 82 16 30 71 54 26 1 21 15 61 46 94 50 3 6 1 54 26 27 57 26 6 48 26 77 17 28 16 70 49 74 69 4 73 74 37 4 12 26 2 54 90 67 85 88 100 66 85 50 60 31 97 96 26 29 18 67 11 19 47 58 78 68 37 30 12 4 96 63 39 26 43 63 4 37 42 51 35 100 9 69 21 47 54 75 50 23 0 79 23 3 2 55 27 41 53 72 43 67 87 46 42 97 68 75 82 8 19 66 13 73 10 59 74 60 33 63 93 1 47 31 99 8 89 97 88 18 15 94 0 67 7 65 70 30 56 17 41 68 68 69 39 34 60 43 84 37 21 54 48 12 1 9 30 94 74 78 86 55 50 21
46 56 77 24 15 8 68 13 73 82 67 32 33 81 88 30 83 3 14 53 95 12 93 87 56 44 26 62 0 49 3 56 100 50 79 62 6 17 65 58 78 27 52 1 96 44 60 70 23 86 17 96 100 41 73 2 91 49 80 17 27 99 41 18 95 43 76 85 74 2 21 58 1 66 67 39 77 100 29 87 66 18 81 62 99 27 81 40 38 57 53 94 39 82 42 6 26 67 65 76 100 47 96 41 77 71 94 1 30 65 68 74 48 29 8 14 49 14 13 22 8 25 66 20 9 38 31 74 38 80 64 33 68 76 12 12 96 52 16 26 16 95 29 66 52 93 4 44 22 12 19 83 60 58 93 93 33 26 34 42 97 15 4 54 91 28 68 36 65 3 13 75 47 48 75 7 77 97 38 17
50 32 50 38 92 70 55 17 23 39 80 16 97 5 78 16 20 39 44 99 65 78 81 81 2 53 15 50 83 46 54 7 28 10 89 76 59 11 13 55 100 78 64 28 6 43 86 36 7 5 26 61 76 8 53 66 65 73 39 30 67 53 91 44 82 12 31 53 62 31 28 22 96 51 16 82 10 100 18 72 50 28 3 83 44 46 64 94 16 29 8 88 3 43 98 66 27 43 66 55 93 8 57 46 4 32 13 0 83 42 88 96 80 11 45 83 13 96 79 12 62 16 23 93 6 36 60 44 18 26 3 69 51 81 30 35 13 25 55 99 1 83 33 26 65 59 77 28 47 54 97 7 82 53 86 40 63 13 94 93 37 83 15 89 52 45 8 29 36 21 39 84 71 82 43 85 33 67 42 8
11 32 92 20 3 55 94 43 67 99 88 51 55 15 36 78 86 33 84 93 20 2 84 79 37 85 72 33 67 21 32 77 87 81 84 6 3 18 80 67 31 87 82 72 24 24 50 60 28 91 69 61 49 23 43 93 88 28 16 93 4 33 66 65 27 37 88 82 12 91 18 71 3 56 7 27 70 25 12 76 7 89 13 56 59 23 32 52 40 50 2 92 43 31 1 80 95 72 9 14 60 46 29 29 59 22 9 18 70 87 2 49 92 36 17 64 37 34 9 28 18 82 33 61 80 58 3 57 74 29 93 94 40 43 64 77 86 98 26 81 54 48 28 9 53 35 63 86 49 12 51 67 17 42 81 89 84 10 44 86 41 19 47 62 35 84 30 93 69 48 98 0 11 49 8 52 13 95 12 28
22 62 57 42 100 36 100 19 4 16 30 31 100 51 96 11 75 35 88 12 67 17 90 31 100 63 83 72 0 70 40 79 54 91 78 46 51 50 94 92 61 75 83 10 9 23 15 62 7 98 80 44 33 56 63 41 6 54 98 88 28 31 52 44 6 9 67 47 98 98 57 83 18 94 39 47 94 78 16 96 31 19 68 38 62 26 24 1 26 77 14 30 90 11 52 26 60 0 78 43 47 61 85 10 99 21 38 62 76 51 84 56 38 80 95 11 81 23 74 75 94 64 56 0 15 37 97 38 4 40 89 98 13 52 77 82 12 42 97 86 11 38 36 22 37 37 71 7 59 36 25 63 95 88 95 62 19 70 48 5 72 46 34 42 15 53 6 64 2 35 66 55 76 66 11 29 57 9 85 69
47 54 24 16 53 14 79 70 18 45 94 36 16 56 78 49 6 31 68 64 94 34 30 77 20 15 47 87 29 90 41 68 94 79 33 56 41 7 93 61 5 98 47 32 16 41 69 83 16 88 73 63 22 82 17 17 23 94 32 28 17 43 69 87 1 26 62 58 42 13 53 82 61 17 53 52 10 78 98 96 68 69 35 89 9 69 4 90 96 74 32 17 67 80 75 21 11 55 98 14 2 3 49 20 40 75 22 68 20 30 8 68 7 5 44 99 59 29 68 74 84 52 41 100 95 53 46 80 69 80 96 84 7 22 61 2 55 72 53 99 100 74 13 33 34 84 42 26 95 61 68 82 30 100 31 4 16 63 35 0 87 43 22 0 77 1 18 43 93 80 42 68 68 61 79 21 51 71 21 63
28 40 99 67 47 49 29 95 47 72 80 15 53 90 8 36 84 73 88 96 53 89 73 91 98 14 5 28 48 21 97 73 74 6 23 62 71 52 55 63 80 80 72 92 40 38 32 54 49 48 15 98 90 27 29 29 61 14 12 95 19 42 50 99 53 40 29 24 1 59 44 57 71 91 16 54 28 65 86 42 21 95 22 80 17 50 94 29 65 3 67 97 16 88 87 26 96 18 77 38 57 76 63 94 49 58 71 10 63 30 7 13 28 74 44 65 16 15 100 17 21 54 94 47 35 49 88 19 99 100 94 87 36 14 10 61 52 85 84 69 81 5 62 24 19 66 57 98 42 71 27 66 9 3 94 26 83 12 84 92 23 44 82 48 35 6 3 33 76 100 1 18 88 63 16 90 15 37 30 27
40 9 98 0 64 67 23 57 20 42 36 47 85 47 20 91 21 10 62 87 11 23 15 49 4 84 100 2 87 52 92 7 65 22 33 69 99 27 97 17 61 48 96 18 7 11 48 94 42 78 41 13 1 47 52 97 44 38 84 34 35 73 12 98 4 83 41 91 48 47 71 76 49 63 33 13 38 42 13 31 84 46 53 73 91 64 27 9 37 65 36 4 31 41 68 42 31 58 80 37 82 19 49 16 53 87 34 73 79 7 26 96 51 50 20 83 52 52 23 16 15 85 86 90 78 8 70 37 37 97 86 13 56 15 13 76 52 35 92 26 77 25 93 9 26 5 32 40 57 93 99 22 44 79 67 64 34 34 4 61 6 89 99 36 18 33 57 98 27 27 96 4 4 77 91 37 91 74 4 39
33 51 100 8 76 97 76 59 63 48 8 43 92 71 85 78 16 87 66 92 57 89 62 22 50 29 83 61 50 53 95 26 0 82 2 48 0 14 80 11 17 6 50 0 61 57 17 96 37 24 44 72 92 53 71 2 5 22 13 50 8 70 1 5 27 32 54 51 21 98 88 59 49 92 61 10 71 47 12 92 38 98 75 48 31 25 44 100 21 29 70 37 81 35 78 12 73 2 20 20 9 37 6 29 2 31 66 60 38 0 53 37 50 89 7 11 21 3 60 45 32 22 81 10 29 94 92 76 27 13 81 77 30 5 65 53 15 43 92 79 88 89 80 17 35 2 47 23 40 24 35 28 47 56 37 23 25 99 46 72 82 49 48 45 41 73 65 82 36 38 55 44 5 30 4 92 65 3 91 79
19 39 15 40 60 85 9 84 67 9 11 92 93 64 3 94 87 97 6 33 76 23 20 67 97 64 53 55 16 50 54 90 63 58 21 55 53 7 26 28 29 4 94 45 82 44 38 68 78 67 35 61 64 63 61 82 45 48 94 15 69 60 42 47 96 8 23 17 99 6 88 32 65 32 55 71 78 1 39 74 63 35 88 32 36 34 65 25 89 0 17 38 47 19 60 48 86 69 15 84 59 22 17 11 60 6 18 12 25 90 49 91 89 53 42 21 49 85 44 49 9 18 87 58 29 26 92 12 97 59 73 100 9 77 49 63 2 83 93 44 1 29 21 58 17 35 13 33 85 82 50 17 19 73 86 35 53 70 87 16 30 2 88 53 82 70 40 75 9 76 84 60 21 64 23 70 72 45 18 85
86 37 52 76 46 95 52 30 83 13 27 91 6 4 53 67 27 32 54 96 86 30 71 29 33 79 27 96 19 78 83 96 84 26 83 4 57 1 61 98 42 58 96 91 74 70 93 82 61 15 79 5 67 90 97 98 17 50 64 46 1 7 85 48 10 15 64 63 50 83 89 48 6 91 6 14 82 65 79 11 38 72 63 11 64 82 47 19 82 79 32 2 37 55 80 37 50 56 40 54 50 70 29 62 71 79 11 58 94 27 47 96 0 10 79 65 29 25 95 34 46 88 74 59 21 25 70 57 90 15 39 11 78 58 83 55 28 84 17 90 15 15 51 80 22 33 11 44 10 54 31 60 69 48 43 94 61 62 28 14 81 22 17 17 72 31 19 37 54 34 38 0 92 63 53 54 82 4 4 79
18 9 24 38 4 98 52 53 94 32 95 67 15 81 64 95 85 50 44 21 95 28 14 40 55 32 51 8 51 93 47 80 26 13 76 60 91 37 74 50 4 17 97 11 35 72 25 13 1 20 48 2 35 1 89 41 50 23 74 26 0 30 12 10 78 17 45 43 44 2 16 56 27 73 84 23 91 6 7 5 7 63 83 82 65 11 48 42 5 41 63 24 66 30 94 50 32 56 70 10 53 12 81 64 97 89 64 45 2 20 20 66 43 42 53 99 46 96 36 88 41 24 88 88 19 13 70 11 81 26 52 30 71 39 67 15 1 31 99 37 98 50 13 52 51 46 64 22 95 20 83 64 65 71 96 95 31 51 50 100 25 53 40 49 100 89 18 1 72 81 68 84 9 69 80 42 6 91 31 4
13 2 19 1 34 77 36 58 58 99 58 59 47 81 24 49 0 14 26 43 55 85 5 32 81 12 10 98 49 10 16 32 57 73 47 63 67 87 42 65 2 84 55 54 71 9 2 56 38 8 70 36 30 98 1 43 69 13 6 61 96 6 89 27 35 86 99 0 55 53 76 80 99 38 28 40 41 36 71 3 36 55 66 10 54 13 82 32 78 54 15 15 21 51 13 67 5 51 24 58 57 46 64 77 73 57 92 27 42 2 30 47 77 12 26 60 57 6 63 2 62 17 6 78 16 8 42 25 59 25 51 97 19 47 9 16 33 16 45 38 43 68 25 0 31 23 47 92 41 22 52 85 63 51 3 31 82 84 35 23 24 25 12 35 92 67 20 78 88 16 67 81 19 18 32 78 84 61 13 81
68 44 82 52 21 31 91 36 24 40 26 6 14 37 53 72 28 88 20 17 67 18 82 29 17 33 81 42 18 65 21 41 96 21 11 18 39 96 38 8 45 78 84 80 87 2 38 41 77 20 23 10 71 80 99 47 23 59 10 76 73 74 42 82 92 88 85 24 53 41 12 30 53 83 83 21 6 65 3 62 54 30 3 88 36 28 70 75 22 39 89 35 63 38 5 6 52 49 64 95 32 47 71 63 84 10 2 3 48 64 34 100 32 84 75 76 27 100 70 82 27 97 32 7 29 47 73 50 23 50 78 66 69 32 11 53 96 58 65 68 97 10 42 18 51 62 61 40 72 45 77 44 72 17 31 18 41 94 8 35 81 55 30 71 71 92 16 73 59 82 95 0 75 42 54 89 34 23 81 98
36 87 62 52 3 97 20 82 7 34 97 26 3 71 99 24 12 79 99 13 89 96 25 31 99 90 38 13 53 98 28 4 86 56 70 40 58 34 0 34 98 24 69 40 75 55 37 31 20 82 51 76 82 46 78 42 39 72 36 91 53 89 94 49 85 6 81 68 10 47 14 33 38 68 82 15 20 14 78 1 40 61 75 45 49 58 40 1 72 87 56 50 15 41 28 41 29 88 9 12 3 11 92 28 33 15 47 76 37 52 8 34 16 52 66 77 54 97 79 9 67 6 32 43 40 40 0 6 57 88 38 89 31 45 33 1 54 17 49 33 30 23 72 78 94 95 34 50 73 64 14 1 78 4 2 30 77 34 34 31 68 10 34 46 18 53 10 0 52 3 12 18 24 73 97 19 75 5 47 7
15 24 98 86 86 93 71 51 31 72 39 7 63 51 88 18 87 8 18 37 69 35 40 96 100 28 35 71 12 53 1 57 44 82 81 3 48 85 14 44 27 23 88 93 76 30 84 52 7 93 67 0 9 36 1 22 80 31 69 83 97 78 68 62 21 94 76 18 50 96 81 35 3 74 82 93 81 44 34 27 60 78 63 82 97 55 27 54 10 55 64 41 13 37 72 84 83 21 0 79 24 72 30 28 48 46 44 35 19 41 19 57 85 45 27 4 20 43 17 44 61 66 27 2 32 27 52 54 96 78 82 46 21 1 17 42 81 74 34 72 33 41 30 50 87 76 40 78 71 66 88 29 83 83 75 20 97 60 97 32 16 79 30 52 6 96 45 19 40 27 4 22 77 49 26 49 6 31 86 78
57 47 56 45 63 18 16 95 28 99 41 48 96 51 100 19 0 79 22 90 66 67 67 13 43 32 16 54 78 89 87 87 5 66 60 47 87 71 87 95 98 99 34 81 90 82 87 45 9 51 20 33 33 65 40 98 44 67 65 24 50 45 66 62 67 87 13 80 8 59 14 15 56 42 3 35 54 68 87 25 60 81 100 39 99 83 13 35 43 59 4 58 54 54 13 39 85 83 97 0 42 64 97 29 41 17 50 45 61 84 24 25 21 13 86 59 38 52 42 93 69 0 34 26 21 26 1 100 52 32 39 24 83 62 3 25 58 10 59 98 77 60 62 66 94 5 58 78 35 8 3 74 64 92 15 98 67 62 24 26 61 67 50 25 25 47 55 53 63 29 71 31 39 75 84 27 86 1 38 91
42 61 64 15 41 22 67 53 5 67 46 29 15 89 57 11 65 7 2 89 73 24 87 31 46 27 50 0 32 54 65 97 9 40 16 63 8 45 41 29 54 3 97 77 100 0 53 50 23 37 71 52 21 85 1 59 7 7 38 79 21 84 28 6 83 89 86 1 50 52 22 79 52 100 83 20 98 0 85 60 36 42 45 10 77 48 31 12 82 2 26 31 59 62 90 95 6 80 65 36 70 50 88 88 7 69 97 4 36 61 96 100 18 85 70 99 1 70 17 15 13 19 74 73 18 72 30 12 8 77 78 43 85 11 16 46 54 30 43 2 50 4 35 55 89 23 16 78 43 65 74 40 3 28 97 0 55 43 51 9 50 59 52 71 36 94 19 34 29 83 66 4 29 7 48 78 31 36 72 71
3 72 63 36 6 80 62 53 61 56 7 97 80 52 71 64 8 77 34 68 67 51 13 31 62 6 91 79 67 59 43 15 98 52 29 20 34 15 77 60 34 34 64 26 63 4 5 59 90 62 98 25 77 12 13 52 91 3 0 87 26 18 94 21 91 36 92 16 72 3 76 72 10 82 29 65 66 94 13 46 31 33 32 23 30 95 8 11 25 74 20 94 89 25 0 84 17 95 53 97 83 1 61 27 34 68 77 8 11 35 10 76 60 82 74 21 80 75 79 94 82 38 91 31 29 54 7 0 2 41 6 98 88 82 93 82 65 79 10 2 0 41 96 53 18 6 0 19 0 44 23 46 93 45 23 11 34 62 30 96 83 57 60 32 97 1 11 7 2 52 69 79 57 87 70 1 75 14 49 60
56 83 33 54 11 70 13 16 0 74 16 21 72 32 55 24 3 40 18 37 2 8 84 71 46 84 20 42 19 19 82 64 92 19 77 36 84 61 66 5 26 85 56 43 73 57 47 45 4 2 56 39 85 23 74 7 68 54 81 75 93 88 26 17 95 71 47 62 21 3 3 81 100 59 56 74 85 77 68 2 43 23 25 94 13 64 65 65 90 47 76 43 73 46 56 1 91 66 96 65 67 20 84 82 11 9 28 95 24 67 9 68 61 1 25 43 53 22 66 33 68 43 62 19 47 35 87 82 60 69 60 99 83 18 46 92 51 18 22 78 53 84 98 35 46 24 46 40 60 8 4 10 55 5 41 66 97 60 76 29 13 46 16 18 95 60 12 90 6 66 74 31 13 84 12 70 71 84 19 85
61 64 68 5 49 17 41 2 19 30 5 24 57 86 30 38 37 22 88 38 4 90 40 14 76 69 21 87 11 69 0 59 64 59 37 18 21 97 87 98 58 50 64 11 12 61 72 12 41 22 98 78 32 69 69 24 18 46 40 73 38 35 96 82 43 98 54 91 48 97 71 17 57 90 36 7 72 60 10 21 40 47 53 59 22 38 72 46 82 16 72 39 80 89 89 49 89 78 80 97 50 25 4 54 10 19 65 63 35 96 1 17 81 22 66 28 66 9 67 79 93 5 26 15 33 4 10 74 93 6 97 22 13 100 32 19 18 98 51 84 30 74 86 12 79 14 47 94 82 14 80 30 68 69 79 78 57 41 76 59 70 67 42 57 14 32 6 18 83 81 35 60 33 61 21 66 81 51 4 69
13 82 40 12 31 24 19 32 38 72 79 54 90 99 56 15 58 68 27 91 60 80 4 16 45 34 88 49 97 47 79 99 87 68 69 6 77 61 94 97 37 65 68 33 89 61 38 22 46 54 12 37 5 65 100 47 99 9 8 54 81 55 77 20 34 54 67 43 74 61 89 12 42 51 69 43 6 0 67 41 46 81 74 44 12 32 17 27 65 76 64 68 55 66 62 8 63 79 75 27 20 86 25 60 60 52 40 29 0 2 86 44 68 100 11 82 23 88 22 24 9 21 45 77 47 70 81 73 56 59 92 40 83 92 32 90 25 11 1 13 14 62 90 77 21 58 23 50 75 41 83 78 32 92 64 33 29 36 13 2 73 18 33 38 36 8 94 43 89 89 13 67 49 0 3 70 71 12 33 91
8 54 44 30 58 91 14 8 31 5 12 15 52 75 30 44 23 80 50 28 63 86 24 31 37 12 61 9 48 32 47 8 3 57 56 63 86 36 36 19 73 41 42 5 58 55 92 98 58 73 14 62 39 42 88 99 1 98 4 28 54 87 24 17 51 59 54 18 47 97 100 12 75 31 12 67 40 33 18 77 69 82 8 55 3 20 97 16 27 60 33 67 92 88 29 15 60 3 29 28 63 13 49 21 32 94 6 27 69 37 43 23 64 7 42 36 76 97 96 28 55 18 96 47 91 76 32 11 81 64 6 38 16 56 73 60 61 42 82 94 49 89 37 11 14 13 18 94 29 93 45 32 60 91 3 83 79 71 20 92 57 52 22 39 93 44 8 22 56 49 100 55 64 41 63 23 56 61 80 16
45 78 58 8 57 74 97 63 50 39 38 25 74 47 8 20 81 93 90 6 100 73 12 91 80 37 26 86 63 22 28 91 14 50 37 17 48 26 52 35 49 89 32 51 20 70 91 19 65 91 32 47 61 100 91 80 39 68 38 26 35 5 54 13 61 16 49 20 55 13 49 34 27 26 72 93 70 22 52 48 54 68 86 17 85 22 97 61 26 45 88 87 47 8 6 35 70 94 8 61 96 45 32 30 55 34 82 50 9 59 94 7 4 20 57 36 33 80 50 0 11 24 23 43 10 53 74 72 61 63 53 71 78 96 38 50 99 89 68 90 46 78 20 31 60 51 69 30 61 75 20 60 52 69 36 62 1 55 6 99 34 95 47 94 95 25 51 20 63 63 45 79 32 54 16 69 10 20 41 68
99 89 92 66 10 49 80 80 2 50 14 85 51 56 70 54 15 25 86 77 4 1 4 27 59 71 3 47 99 64 33 37 84 36 53 35 1 94 33 48 24 43 39 27 81 1 93 67 7 30 8 37 19 71 64 65 60 76 12 88 45 75 67 2 40 12 29 75 54 67 75 8 77 52 77 27 62 74 98 6 97 6 61 93 76 42 90 68 54 57 96 29 3 60 21 13 11 40 27 67 62 77 92 97 8 0 19 70 95 38 94 95 70 22 94 6 27 38 82 10 97 49 94 40 61 62 51 7 6 16 58 93 46 98 21 41 73 6 34 44 90 16 31 20 20 85 58 89 68 19 55 79 67 18 76 64 1 96 100 86 0 1 67 10 26 92 38 29 20 47 99 71 55 19 34 46 14 90 43 65
71 94 14 64 18 98 24 4 56 18 32 28 41 64 83 100 25 54 99 67 78 2 16 21 42 89 61 45 22 88 78 69 26 3 57 79 100 23 72 57 26 8 86 58 48 52 76 20 34 41 13 80 34 80 79 52 28 6 40 82 32 17 69 24 85 54 85 31 74 54 29 27 52 85 62 78 66 34 58 76 89 7 69 66 8 83 32 23 52 92 16 54 92 54 96 82 28 78 66 3 74 48 68 70 95 64 60 61 45 11 43 40 56 59 89 97 93 63 96 19 34 10 100 55 84 63 71 36 37 87 29 88 4 31 98 84 95 76 41 78 99 74 66 18 75 7 32 9 31 25 62 83 21 20 59 63 3 46 39 97 97 60 7 8 21 72 62 67 91 95 67 46 76 31 65 16 5 13 34 37
29 16 70 27 61 29 84 38 20 26 30 91 79 43 77 80 22 75 12 86 36 65 91 14 54 97 68 63 94 76 47 65 69 38 6 47 17 41 87 17 16 25 40 35 60 10 57 89 68 67 26 86 34 48 81 68 15 43 52 28 16 13 20 26 10 63 19 0 0 18 46 63 7 53 38 71 78 72 14 98 89 82 58 78 28 68 24 64 92 36 52 54 65 74 22 46 46 35 72 57 14 74 19 8 43 61 70 67 96 20 62 82 62 94 11 3 30 15 3 11 100 52 94 98 42 48 16 29 52 16 75 39 3 80 85 33 59 51 2 37 93 64 64 46 50 21 92 12 57 50 4 25 28 100 70 17 84 54 61 86 23 11 90 59 60 63 37 76 99 85 97 68 51 13 20 71 2 50 31 84
62 46 32 34 81 56 3 51 73 7 82 98 81 82 48 78 35 52 8 40 91 94 6 71 69 40 56 90 56 22 25 74 36 92 74 84 35 73 6 4 2 83 46 33 89 13 16 99 90 23 96 24 74 23 59 86 76 14 6 25 78 3 60 90 59 27 60 64 14 50 52 35 97 24 75 64 8 66 10 55 52 27 43 24 57 95 81 29 18 39 76 75 53 71 59 93 5 30 65 3 15 4 58 12 14 6 26 82 19 74 40 31 75 39 58 48 47 19 60 90 45 23 80 81 3 99 2 49 22 70 80 47 4 100 50 5 14 80 53 46 47 77 21 56 19 98 100 79 16 89 9 15 76 59 13 84 76 36 28 54 25 17 23 0 16 46 22 100 79 3 60 13 68 32 94 32 83 44 57 80
98 17 66 77 24 81 38 35 74 43 36 31 98 91 10 63 63 79 63 45 31 69 17 28 100 59 33 36 59 39 36 100 14 70 91 37 5 13 16 57 30 23 14 53 99 47 53 100 46 84 76 70 26 12 31 82 61 72 64 41 70 65 36 13 90 45 76 84 37 66 38 35 99 17 11 35 4 1 37 17 85 7 22 59 56 9 76 93 15 74 75 14 20 95 15 43 72 86 3 22 98 54 37 93 29 88 65 76 80 12 60 55 63 10 9 67 85 17 15 24 61 46 71 79 43 54 72 51 73 21 42 97 48 19 53 85 90 84 34 15 3 98 91 93 47 61 14 15 18 50 59 19 57 90 92 21 9 43 10 80 17 14 65 43 18 29 30 74 53 40 45 54 76 62 44 60 54 84 32 53
69 59 64 91 5 21 19 63 0 51 42 64 4 92 37 93 85 25 64 80 43 55 37 78 99 28 73 26 39 87 53 16 4 84 39 27 93 89 37 27 75 85 14 50 3 7 16 94 58 43 44 66 37 56 74 53 94 3 52 17 66 78 7 17 45 68 92 33 91 79 10 5 49 11 27 70 55 45 29 52 14 90 92 79 29 72 65 2 1 84 66 50 100 4 79 14 56 55 42 75 96 52 38 20 38 27 20 58 38 82 48 15 98 6 58 56 73 58 71 66 23 97 31 80 34 80 73 54 77 81 52 92 43 43 66 14 41 4 34 92 72 5 25 63 46 75 40 45 40 78 17 60 6 32 60 68 70 94 59 35 43 37 71 65 25 10 39 9 4 6 52 0 78 81 54 55 54 67 9 88
19 77 43 88 28 11 40 87 61 90 25 80 15 68 11 37 13 31 46 22 69 8 71 44 42 1 58 18 6 52 5 6 15 7 30 21 100 30 52 19 97 78 44 65 49 24 37 0 11 30 27 41 72 8 3 86 54 33 54 73 48 20 87 17 65 63 63 26 59 9 83 93 74 99 83 92 5 29 39 56 13 71 64 6 15 76 78 23 64 6 37 91 63 52 21 19 15 19 28 54 93 17 66 77 90 37 24 20 49 49 99 83 35 86 35 46 45 96 41 28 49 97 39 13 84 54 95 53 68 5 13 69 80 57 3 91 91 73 27 28 42 8 95 76 81 52 26 44 10 61 53 90 38 15 30 47 90 80 85 1 25 87 42 15 10 15 94 75 59 82 41 39 77 55 75 11 61 5 6 79
23 43 87 70 82 15 63 0 3 18 88 9 97 74 88 47 24 32 51 15 28 63 27 72 42 77 1 87 36 9 54 19 15 30 43 3 82 48 37 87 26 36 82 100 0 9 53 73 76 1 8 45 2 85 2 29 25 27 23 40 97 44 62 38 53 71 24 41 20 61 57 8 82 53 68 50 83 82 11 95 67 8 1 65 36 57 30 64 54 17 58 85 54 71 6 50 26 95 66 92 45 45 23 57 10 51 7 61 99 25 96 84 51 61 79 85 4 13 49 100 14 79 46 13 23 40 55 89 48 45 82 96 87 89 62 27 23 93 19 31 98 0 3 37 19 87 39 65 0 31 0 1 65 88 55 46 59 80 22 96 60 86 92 71 29 28 98 55 27 90 91 33 54 91 76 35 87 49 65 57
11 57 28 60 9 63 7 50 87 67 92 90 55 13 74 38 95 68 99 33 61 12 37 89 3 65 27 17 33 19 95 4 91 99 33 9 0 50 9 12 82 38 9 72 33 79 3 77 53 65 53 55 35 74 83 64 86 41 40 97 48 68 91 0 87 97 83 71 58 2 56 65 69 78 41 80 26 91 2 2 19 32 11 71 59 7 28 70 46 10 69 1 12 41 7 34 60 27 19 10 20 100 28 58 99 69 22 71 17 0 37 78 20 46 72 58 59 41 58 47 27 19 28 86 36 90 97 77 52 34 16 36 52 83 54 41 94 30 76 91 34 5 42 95 86 88 97 89 62 32 60 36 84 19 42 29 50 98 53 97 48 25 1 34 47 58 10 51 48 68 4 91 48 93 75 71 93 92 55 71
62 67 48 90 45 55 51 14 21 8 45 82 43 16 23 82 77 26 95 90 51 48 93 4 29 2 70 49 30 91 89 75 32 8 14 1 58 5 63 47 76 39 88 31 51 28 79 65 85 48 40 45 90 12 69 8 72 84 92 56 50 12 23 87 52 82 15 1 28 82 93 47 84 6 98 78 30 1 96 66 56 16 82 91 11 49 23 77 92 55 9 88 84 76 3 31 18 79 96 39 46 65 26 82 14 46 75 40 87 22 95 4 45 49 13 28 0 94 59 18 62 7 66 6 2 15 71 58 80 13 58 86 62 92 50 58 27 58 93 52 68 47 19 51 41 29 34 85 97 60 36 85 35 67 28 34 38 59 80 7 80 9 4 57 62 71 6 48 16 98 2 35 36 98 89 47 12 2 56 100
86 12 15 65 55 12 7 81 26 0 38 40 17 73 64 51 66 0 76 21 51 2 72 49 17 83 68 7 2 91 36 86 48 18 37 9 57 89 14 75 27 68 64 44 15 62 65 45 69 90 53 97 77 87 2 62 18 34 50 17 52 61 44 50 96 13 100 92 73 44 33 68 87 74 89 45 79 97 59 92 30 76 76 85 77 84 28 19 73 55 5 86 97 84 52 0 15 18 35 51 42 90 47 60 40 62 20 17 36 49 25 100 94 19 41 19 36 10 93 59 94 95 57 68 77 61 27 80 67 93 56 58 41 21 75 50 40 80 11 97 5 40 42 71 53 10 39 70 12 49 37 80 92 66 47 83 97 25 11 24 97 22 43 16 31 77 36 58 51 100 39 43 25 36 83 97 95 72 5 82
12 73 44 56 67 34 27 88 29 58 67 80 69 31 25 72 11 50 28 57 60 21 1 5 25 6 68 2 75 72 3 43 45 16 89 84 96 92 11 10 4 64 83 67 76 10 52 10 21 27 32 86 23 83 40 80 83 77 72 75 62 26 18 66 40 86 3 73 43 15 4 84 61 70 81 93 9 90 25 72 58 29 26 55 94 43 50 39 81 69 77 10 54 21 89 66 34 59 88 94 70 16 46 56 39 36 22 15 4 43 58 91 64 52 32 89 21 91 23 27 90 14 61 82 48 55 1 20 37 55 43 97 65 72 31 23 44 79 80 86 53 43 52 62 50 28 79 64 60 83 61 67 46 44 67 14 30 2 15 61 63 95 31 81 83 21 95 83 75 67 77 85 32 56 60 55 91 7 45 8
17 43 76 93 94 44 46 84 10 84 85 68 11 9 65 16 5 50 0 28 16 76 91 12 56 49 9 100 97 74 13 61 12 92 38 89 41 100 89 63 29 68 64 90 46 78 56 2 57 90 89 3 3 8 31 5 1 56 79 54 1 5 96 40 57 63 18 75 49 93 47 39 24 73 4 48 16 30 37 71 32 34 6 17 16 38 57 70 16 58 44 51 28 10 44 60 4 29 77 98 3 25 20 30 22 16 16 8 28 69 87 19 23 18 100 81 33 24 66 29 43 70 5 89 12 92 78 10 11 42 39 26 46 50 23 80 7 84 67 84 62 13 55 97 61 22 77 72 14 25 41 67 67 42 63 92 24 70 55 46 71 53 56 23 61 2 16 21 14 23 44 65 97 83 3 65 97 73 5 34
58 14 51 19 90 21 76 39 88 61 56 46 68 57 31 66 98 44 97 70 58 73 67 0 19 47 96 93 62 89 45 95 56 89 57 86 40 25 78 69 50 35 53 55 69 10 62 55 88 29 47 3 94 93 50 89 73 73 91 76 58 86 53 62 78 80 3 48 68 89 43 22 11 61 17 82 66 39 90 22 43 34 74 13 18 59 98 18 72 97 78 2 84 49 10 20 48 59 47 38 62 63 92 37 34 32 94 44 92 83 34 53 40 18 74 29 7 4 47 75 90 23 23 92 95 77 82 77 96 38 10 44 19 84 52 54 20 45 27 25 12 91 14 0 55 20 45 90 27 4 2 47 15 59 71 90 21 12 41 56 43 34 93 14 35 41 11 73 13 31 17 52 56 92 59 63 41 95 40 68
16 59 71 22 50 15 76 51 96 62 56 96 43 98 5 12 64 32 62 23 86 69 67 10 98 59 0 79 89 29 52 70 39 3 6 88 6 48 88 9 65 52 70 4 68 93 79 22 89 54 8 53 42 27 41 30 84 14 48 28 12 36 89 13 61 94 17 6 69 21 22 39 44 91 20 64 69 19 41 55 86 39 10 52 80 32 0 66 13 6 7 32 11 93 67 33 21 84 91 66 35 29 31 79 97 20 8 12 86 7 75 39 8 59 47 66 66 43 69 91 71 52 66 42 42 85 28 90 75 68 70 88 8 40 37 47 25 30 81 10 10 100 37 66 60 7 92 74 77 6 11 74 94 94 54 73 77 99 20 86 43 8 14 60 36 97 37 5 92 61 56 74 0 33 72 21 86 0 57 88
50 48 13 76 63 79 44 30 52 73 50 64 91 76 64 12 80 58 66 80 41 68 8 54 32 7 68 59 0 3 8 31 22 50 27 26 71 38 98 1 94 1 89 89 21 31 7 65 66 54 37 14 68 3 63 58 4 66 80 72 76 11 22 52 22 7 71 73 3 93 33 26 74 7 76 84 18 59 57 29 31 32 61 93 17 45 0 4 29 46 42 4 77 0 97 37 53 76 98 44 56 38 29 68 74 32 98 22 51 49 31 10 91 99 21 0 2 73 16 21 55 89 87 96 52 19 48 14 59 12 32 13 67 88 99 37 17 65 28 55 44 18 82 98 92 74 10 64 47 19 20 11 94 78 81 41 73 28 48 2 13 41 72 59 94 91 70 9 19 1 11 58 73 83 30 14 94 82 32 79
64 40 32 76 50 0 36 49 12 96 9 73 76 55 3 66 11 45 23 69 24 70 48 85 23 47 88 11 21 91 57 74 90 62 82 22 3 41 39 97 39 20 47 8 92 19 38 65 17 58 15 82 37 19 71 76 95 51 7 1 21 56 3 12 39 73 88 21 26 25 87 20 1 31 16 55 98 83 54 63 48 71 53 86 31 96 31 24 36 40 33 12 54 67 76 57 5 61 44 55 87 70 64 3 56 46 76 31 51 71 75 69 55 71 34 82 27 17 79 53 59 4 78 73 99 95 88 15 36 56 62 81 32 97 91 15 46 19 87 86 47 20 69 52 96 96 68 83 13 51 3 47 37 42 96 2 21 41 40 98 82 89 23 5 17 20 47 91 0 73 93 41 48 48 19 52 80 51 60 86
61 70 43 67 81 51 15 21 62 90 85 0 79 93 30 18 90 61 40 97 79 25 49 18 80 62 3 85 44 65 77 89 69 29 48 88 45 33 37 18 1 87 7 60 39 26 59 75 51 88 6 95 61 55 7 30 7 95 64 49 97 34 11 60 59 0 81 4 75 27 47 10 71 90 90 74 47 6 30 54 98 96 31 63 27 82 57 71 81 6 94 27 90 29 100 66 10 79 54 17 5 8 21 75 13 41 12 23 29 3 68 14 76 91 35 6 19 67 11 37 43 25 65 99 87 86 4 1 77 79 34 100 71 39 91 26 13 52 35 86 49 94 96 29 50 89 64 58 71 32 10 62 66 84 100 64 31 1 95 55 50 80 62 24 26 18 38 68 35 65 54 30 57 57 28 14 19 79 39 39
75 35 61 72 45 39 76 43 30 62 72 92 25 46 19 73 27 55 51 93 44 15 99 17 19 83 52 79 11 86 99 45 59 41 81 49 97 46 20 79 97 64 53 87 11 62 16 47 24 5 13 52 95 91 44 55 40 18 5 13 74 50 64 76 28 71 23 91 71 10 35 69 14 41 92 83 44 40 35 26 48 7 14 25 68 28 88 10 20 94 25 72 7 43 27 32 15 60 75 58 79 85 68 48 20 100 78 100 95 47 30 80 97 21 44 94 45 48 51 8 56 47 72 34 87 76 40 18 69 92 48 13 27 52 26 3 83 51 45 17 69 94 46 82 71 23 90 10 27 32 93 65 53 92 7 4 78 24 12 48 60 66 57 23 70 14 46 16 40 73 32 60 52 58 58 64 93 99 41 84
98 33 63 94 87 20 52 40 36 75 99 28 56 61 4 99 77 38 12 96 22 34 85 83 60 51 9 36 59 10 14 13 21 100 90 43 43 71 51 12 83 53 18 20 79 24 6 5 24 42 25 8 7 35 70 89 90 34 1 62 87 69 8 84 78 66 5 47 52 26 13 28 33 36 30 21 24 29 55 70 12 81 47 43 11 99 10 53 43 72 84 50 71 69 23 89 0 4 73 32 39 67 87 32 47 76 25 52 24 95 38 67 26 70 100 2 2 39 63 34 72 11 95 39 31 28 63 30 87 75 14 38 84 27 19 6 33 77 74 56 4 10 9 90 43 48 22 64 25 58 58 43 62 50 10 16 0 3 40 93 90 33 13 77 88 30 41 64 10 80 22 14 64 84 78 22 60 57 57 54
83 38 72 69 69 82 34 95 82 4 70 37 92 24 52 14 75 70 24 53 40 4 53 70 38 65 99 68 75 68 48 2 2 46 67 68 95 11 83 36 96 94 59 81 6 38 40 87 53 79 16 99 30 65 13 54 22 97 87 0 73 47 81 44 32 82 30 91 5 9 76 74 15 14 95 64 96 81 65 89 55 19 59 4 5 61 81 35 89 37 34 14 69 35 25 62 30 76 100 83 34 23 21 63 29 63 40 81 11 99 9 67 39 52 55 92 34 65 92 60 83 73 26 25 69 8 85 29 100 39 5 58 18 36 42 5 31 87 47 32 49 40 66 17 68 59 3 35 24 9 77 19 53 9 73 92 38 22 68 84 92 72 24 67 9 10 80 22 53 81 19 63 44 27 19 45 56 32 95 69
65 58 78 69 94 25 89 81 78 13 96 19 41 19 65 43 86 35 82 77 80 66 19 69 73 34 71 16 25 91 99 27 34 42 4 79 22 72 34 19 70 80 7 24 37 77 55 49 26 31 64 70 2 86 71 51 50 46 26 14 85 94 32 5 56 42 59 36 99 71 28 81 52 46 82 39 20 2 17 83 89 98 59 27 41 74 11 49 51 65 82 41 26 68 94 64 97 5 18 15 67 2 52 35 38 7 43 5 1 1 25 11 54 76 5 20 51 34 92 68 29 46 43 62 65 44 42 19 91 73 44 74 49 35 10 14 46 19 59 60 80 69 96 84 23 31 81 16 29 64 98 25 95 29 33 89 40 74 43 19 60 25 6 79 32 65 55 30 73 46 21 10 3 24 42 40 84 21 82 23
55 22 50 57 84 15 49 46 40 29 87 40 66 0 50 3 77 66 71 90 2 16 89 84 96 9 29 93 26 87 42 94 5 14 80 14 42 30 45 11 68 24 80 16 10 74 33 54 63 48 4 100 28 72 12 90 53 12 75 45 58 3 11 39 96 79 61 60 10 90 0 63 95 13 20 66 63 1 18 93 41 21 46 96 68 99 37 90 16 53 36 12 65 23 51 60 49 24 49 20 97 56 53 46 19 14 87 44 9 29 83 50 45 60 48 8 93 53 60 20 94 53 38 43 55 28 79 34 18 17 13 68 99 60 20 77 56 34 60 86 38 88 0 83 67 49 66 9 89 97 13 45 25 14 33 34 74 29 36 93 49 90 28 67 73 17 31 98 47 45 86 52 10 49 62 83 93 10 6 58
64 59 18 87 2 57 77 66 71 59 44 90 53 26 18 65 4 2 76 36 94 75 18 72 56 63 26 78 75 53 74 19 19 71 71 67 89 12 30 49 66 16 6 33 99 90 36 31 56 35 100 61 43 63 58 97 42 72 21 23 0 50 58 30 62 85 1 42 3 30 28 20 33 99 84 85 73 32 98 77 90 99 25 75 72 69 65 69 29 65 3 21 32 61 41 94 97 53 88 63 76 7 22 86 11 34 77 48 58 67 36 26 37 5 97 72 92 94 4 65 3 89 52 11 91 14 73 74 70 38 23 82 44 43 55 5 74 54 99 36 39 33 60 42 58 42 32 11 77 95 21 100 42 89 79 32 9 13 20 21 61 45 11 68 9 27 6 14 5 98 22 80 15 88 28 16 5 11 54 16
0 87 17 69 1 93 84 88 33 52 74 55 64 83 42 6 91 82 4 22 1 19 90 56 52 61 84 91 20 56 55 87 61 80 39 18 53 22 24 75 59 85 82 58 82 79 73 58 11 49 88 9 23 50 21 76 77 9 52 96 4 32 43 88 32 50 100 73 34 1 95 87 34 99 60 38 81 79 48 50 54 91 77 81 34 63 15 89 38 86 74 30 22 82 4 99 77 43 17 73 36 49 37 66 32 82 52 32 4 23 26 22 29 1 49 71 36 72 87 100 29 1 10 5 64 33 26 95 45 53 68 72 0 90 27 2 91 19 27 73 99 0 72 96 20 32 63 50 64 22 45 94 86 35 36 78 45 54 13 11 92 81 51 60 10 53 1 77 49 18 88 13 14 55 78 30 48 71 85 97
20 32 37 54 4 25 71 13 72 7 99 7 98 28 31 46 46 52 100 66 80 36 19 74 28 71 72 61 24 93 19 69 56 56 26 59 8 48 11 42 26 80 43 92 58 50 99 15 56 26 9 6 55 95 40 67 20 93 58 64 97 69 70 25 50 17 54 87 65 72 98 32 14 41 43 27 40 11 15 54 95 70 11 65 23 77 9 33 58 74 81 69 61 86 53 14 65 14 99 68 3 22 25 29 69 1 55 24 68 35 95 78 35 80 84 91 87 3 45 48 2 37 5 88 43 80 99 62 39 88 1 91 38 6 96 35 4 5 38 43 73 5 15 35 31 33 21 53 91 65 72 89 45 99 50 53 49 75 95 10 67 46 84 61 2 41 81 71 17 30 74 28 87 1 97 39 8 59 55 98
90 38 100 38 80 92 28 25 76 16 31 89 60 61 92 46 41 52 82 12 46 36 13 45 24 75 32 85 6 89 93 37 33 25 40 0 58 54 64 75 23 74 48 34 0 77 89 82 87 89 83 42 96 89 38 40 59 7 31 12 7 47 77 13 82 61 72 23 91 15 35 43 14 89 96 68 52 20 100 63 41 52 85 49 69 16 95 40 3 8 35 75 22 43 42 94 6 29 79 23 85 50 1 85 18 75 59 55 31 14 36 83 31 1 34 35 4 36 21 0 95 53 48 56 81 67 75 89 53 63 75 69 28 22 80 52 82 89 56 33 36 46 64 11 7 57 50 1 16 4 65 3 51 88 77 20 68 87 76 69 99 83 50 41 53 2 55 24 95 1 19 94 6 77 95 24 22 71 20 32
9 0 17 65 21 25 85 76 43 4 38 99 90 25 6 26 57 96 26 78 24 67 16 83 21 85 22 37 80 42 58 69 56 77 75 47 68 43 99 2 17 50 96 29 47 63 86 0 60 1 79 97 78 5 72 47 27 48 34 39 3 57 40 89 96 44 78 78 1 79 1 59 84 26 70 19 28 31 29 59 49 87 34 87 32 10 48 71 17 89 83 23 0 32 23 9 11 6 13 97 75 57 93 77 94 77 51 85 69 85 89 97 18 24 66 77 10 96 72 18 17 34 7 1 83 87 25 22 25 79 5 76 64 0 33 14 56 63 61 23 47 62 88 11 76 93 20 20 88 36 92 35 22 97 53 36 68 68 96 30 1 36 97 74 76 89 54 98 6 0 78 94 34 31 97 27 37 71 36 4
69 88 24 14 51 67 39 100 36 34 96 37 28 15 38 91 53 7 45 59 78 5 26 88 18 59 38 39 51 82 65 52 84 22 39 84 17 14 90 75 61 28 35 92 20 68 28 2 87 92 43 94 46 78 81 77 15 42 83 44 37 68 91 56 86 18 97 43 46 46 76 88 96 96 20 91 72 45 63 51 90 71 74 45 17 1 97 56 57 39 0 33 49 66 17 52 92 79 35 47 1 5 81 94 83 12 57 95 36 34 79 20 15 61 78 85 100 4 54 7 48 53 87 8 80 83 13 21 81 66 90 88 42 2 56 13 90 20 76 30 43 77 2 73 44 79 51 77 57 46 70 18 6 83 46 29 59 14 46 51 95 38 72 56 63 23 1 5 73 67 42 37 58 45 38 15 25 31 77 33
90 81 52 75 27 10 3 54 2 12 94 18 28 77 74 64 2 76 96 20 64 85 43 64 76 84 92 69 9 43 83 86 29 47 44 71 85 54 65 24 47 44 91 25 96 77 63 47 89 73 93 27 41 5 91 11 6 8 100 92 8 20 46 13 64 5 54 28 7 70 98 5 23 20 92 33 63 96 69 95 60 45 76 54 65 71 27 40 41 1 20 55 99 96 87 69 48 33 94 40 11 19 0 21 69 57 39 98 91 57 19 100 3 83 33 42 94 41 38 19 36 62 44 50 54 93 22 19 35 50 87 2 84 4 80 89 81 76 90 98 62 10 19 70 77 61 37 61 39 91 11 93 60 25 32 20 12 100 41 10 65 48 70 34 2 8 58 15 73 78 77 66 53 61 72 43 12 99 85 86
73 71 60 83 41 97 81 22 63 15 95 67 48 67 47 67 48 52 39 67 78 95 87 35 69 32 15 10 99 35 22 90 28 3 29 57 91 1 61 23 15 84 63 48 75 46 27 98 27 74 24 34 18 11 43 11 40 71 28 44 73 13 70 17 45 98 23 29 5 8 47 15 1 18 21 99 5 84 40 22 92 60 4 48 64 46 24 32 5 13 22 91 46 46 77 48 94 38 76 57 31 26 92 30 25 5 16 51 30 33 29 41 6 23 13 29 11 11 3 31 70 27 52 56 60 13 63 42 30 13 33 46 52 70 43 34 64 75 93 66 59 10 88 70 9 27 75 70 30 100 53 60 68 77 59 7 43 57 48 73 3 21 17 24 28 0 29 93 91 88 60 62 90 37 63 100 82 25 97 76
34 49 14 37 70 80 27 6 48 63 13 77 90 5 73 57 77 35 0 41 61 45 76 39 93 80 31 52 52 10 62 0 68 59 21 90 14 56 3 83 47 94 67 35 48 63 24 75 94 8 22 59 41 84 79 32 36 46 9 83 53 45 87 45 85 93 65 45 52 93 19 29 68 49 26 3 89 3 59 85 64 88 42 52 68 21 14 12 66 21 4 78 43 52 64 30 56 49 38 80 10 8 80 12 84 51 95 45 44 10 53 81 35 79 58 88 69 85 58 38 15 13 10 53 16 82 95 15 44 79 58 87 33 37 71 90 6 88 13 87 98 32 18 68 51 12 23 47 74 6 99 46 97 25 56 30 14 20 12 17 67 39 37 28 15 31 65 55 45 2 20 60 53 48 12 47 11 91 56 90
78 31 17 11 86 94 41 51 69 84 20 75 63 98 39 67 2 58 92 19 94 52 48 25 87 17 42 68 62 78 6 77 2 80 60 78 58 0 2 42 60 36 76 14 22 38 74 77 73 91 89 32 32 95 90 51 31 31 63 19 13 64 71 39 75 17 41 7 46 4 89 40 48 79 72 67 53 2 25 78 29 21 95 23 47 13 55 19 5 18 100 50 10 70 24 20 82 8 88 28 95 53 18 28 95 14 97 93 0 15 64 22 83 24 67 55 22 51 71 6 75 59 16 90 78 5 42 12 15 81 32 31 30 60 95 4 77 25 18 57 48 89 24 0 24 70 19 21 81 54 78 5 34 33 41 23 51 87 90 86 8 63 42 94 88 88 67 30 49 19 9 27 94 70 85 30 85 13 7 56
15 42 0 14 89 73 18 53 9 84 10 75 79 8 16 73 44 98 17 15 86 38 35 60 38 68 74 39 49 62 6 25 13 3 35 25 3 30 85 17 10 97 5 53 75 8 30 47 59 91 70 23 78 33 44 51 76 64 80 40 82 5 44 17 30 80 58 34 33 34 90 90 58 23 84 12 99 69 32 36 73 29 98 87 93 53 68 33 13 17 16 60 17 14 91 94 62 24 73 27 40 50 7 31 88 98 5 14 28 80 5 48 72 18 71 5 100 1 3 68 38 36 76 70 59 0 75 100 41 85 57 54 33 70 69 75 69 55 0 13 22 20 48 44 29 76 6 38 19 68 5 81 96 39 74 31 79 64 50 94 69 15 95 71 12 75 93 28 52 60 34 48 36 61 14 83 24 89 78 40
68 23 91 24 43 89 85 72 9 83 17 83 14 1 58 41 72 16 100 14 29 27 48 63 31 63 89 61 35 86 0 59 60 62 87 25 30 86 43 11 90 88 45 63 7 4 5 29 24 39 95 29 85 7 39 45 56 26 40 6 36 23 71 24 18 64 59 97 54 66 50 84 27 27 4 0 94 98 74 97 36 46 10 21 64 37 43 14 68 1 69 3 11 32 34 69 52 25 73 96 88 94 76 100 57 14 91 37 90 8 43 7 19 94 61 19 21 82 0 90 74 40 81 34 41 47 45 5 66 71 12 33 73 31 13 63 46 22 4 65 69 48 10 6 50 73 38 29 80 7 83 58 29 73 4 27 82 31 8 6 84 58 87 73 69 66 64 84 12 80 46 81 80 96 73 59 57 89 100 44
18 77 96 73 91 44 55 10 82 35 100 68 46 28 0 60 88 90 6 72 22 87 76 76 53 78 81 22 23 94 69 60 80 23 31 56 12 11 73 75 26 71 40 97 23 92 99 31 68 28 74 74 13 15 94 17 29 63 62 77 88 78 27 35 90 98 2 11 58 84 5 39 17 50 91 22 12 8 40 15 89 83 10 81 92 76 67 65 40 59 78 2 16 41 68 94 24 47 83 54 51 97 66 39 74 5 46 18 99 44 63 12 49 17 97 82 0 29 93 2 20 62 55 44 12 9 57 81 33 42 57 20 72 96 36 57 80 65 50 100 82 36 5 83 8 32 57 30 7 7 4 15 82 5 62 64 96 12 9 1 87 69 39 8 74 58 10 27 32 15 70 6 56 32 19 34 31 9 71 25
72 62 18 69 21 12 22 34 71 50 35 50 55 21 45 5 57 67 49 58 5 0 7 75 88 45 6 70 70 26 82 99 51 89 20 70 95 7 10 67 28 5 7 90 33 55 58 86 50 42 91 36 38 63 79 66 7 62 14 95 78 15 50 22 81 56 84 10 82 80 98 11 32 28 49 17 93 62 87 22 30 94 26 49 69 31 75 34 6 77 31 12 76 53 82 68 46 18 100 85 6 29 31 77 8 13 9 37 65 57 56 37 94 58 90 65 61 44 41 59 25 52 7 90 84 12 49 85 39 34 86 96 100 27 12 38 53 100 6 44 57 16 46 41 21 73 36 41 95 27 43 36 44 100 95 28 63 16 75 30 91 28 19 27 24 22 46 21 45 15 51 70 52 28 66 14 6 92 82 67
19 100 64 34 97 83 24 38 28 5 46 7 100 99 70 88 56 51 18 49 46 100 13 1 42 76 30 62 66 47 57 95 29 21 52 65 1 6 27 55 76 68 21 90 77 40 52 65 92 14 96 57 59 15 61 20 94 58 56 5 56 33 64 62 79 79 7 94 12 63 91 47 99 98 24 60 42 73 87 36 43 68 44 94 53 87 36 69 28 26 76 45 12 51 98 27 54 80 99 29 23 95 71 61 42 7 42 66 51 41 78 12 4 78 49 74 87 8 65 80 89 1 53 43 93 48 50 41 80 74 63 48 85 0 97 50 100 49 58 14 96 63 39 7 6 95 76 50 69 100 90 48 90 72 7 89 96 21 93 77 10 9 2 46 42 17 42 29 30 8 59 92 1 47 1 51 97 30 76 96
4 77 23 71 69 43 36 76 95 70 5 20 3 62 55 31 70 18 63 59 40 7 52 7 10 30 41 62 74 72 23 82 92 10 31 93 26 95 49 100 15 9 83 68 74 92 76 17 10 74 41 15 92 55 94 65 87 23 79 71 57 25 34 27 15 7 47 36 39 16 68 53 41 50 82 64 20 79 5 97 6 85 55 5 18 23 72 66 36 48 56 27 13 48 74 28 49 77 62 42 82 1 43 65 25 21 89 87 37 69 97 34 74 8 5 6 86 48 49 58 45 82 21 63 23 12 3 42 89 11 70 45 47 92 70 79 28 68 32 50 94 31 77 44 65 70 34 90 84 59 85 33 17 36 39 74 38 74 84 21 57 49 19 100 48 25 99 79 16 32 69 53 95 29 92 98 52 83 31 15
7 78 89 42 68 24 79 85 25 68 36 77 0 29 20 11 48 95 57 19 71 13 29 49 15 68 79 15 68 27 0 69 34 5 50 70 57 98 86 64 51 20 26 77 93 26 13 40 0 51 53 9 1 53 59 13 19 35 37 98 42 15 12 62 100 61 81 48 43 7 41 24 29 77 61 37 78 95 79 70 40 85 97 97 49 60 61 59 25 9 12 96 41 91 44 75 30 73 2 90 31 29 87 26 72 91 62 15 63 45 54 97 84 31 1 69 13 16 78 59 89 89 27 94 43 90 20 37 75 42 47 14 37 74 27 34 64 28 23 48 8 50 12 42 26 39 8 72 24 23 23 86 68 5 8 11 47 11 64 68 59 90 47 12 13 66 8 38 58 64 57 59 59 91 59 8 29 4 21 54
98 56 24 75 100 2 95 64 5 52 47 3 78 48 20 77 0 73 96 68 54 89 49 63 17 6 13 70 12 3 33 58 88 44 20 15 30 43 59 95 45 63 53 83 93 52 35 15 42 48 58 15 30 100 85 23 3 79 94 30 86 71 97 12 19 19 77 30 54 60 9 92 2 73 86 78 84 99 43 19 24 19 54 62 47 79 90 51 100 7 66 66 46 20 18 28 25 15 97 24 94 10 99 24 39 92 71 78 72 64 66 15 45 74 81 28 82 23 50 32 25 85 50 15 74 7 29 8 7 45 92 21 27 12 32 53 85 22 73 97 41 26 15 34 87 23 66 18 33 40 52 74 86 43 0 19 66 34 47 88 19 18 3 51 71 11 46 90 9 0 12 79 21 25 19 24 35 35 74 32
55 52 32 41 24 93 39 18 81 97 26 73 82 48 3 89 26 73 77 34 41 90 97 31 32 78 71 90 70 9 47 10 94 53 35 2 28 26 54 80 93 39 78 88 97 35 10 94 94 37 84 36 71 37 16 58 59 67 21 89 1 92 57 32 24 93 38 65 90 79 61 86 95 5 54 92 54 55 12 99 14 66 69 25 26 21 64 1 61 80 10 95 44 77 13 22 80 19 18 31 75 65 42 14 8 47 0 36 23 0 12 80 52 43 76 95 59 91 25 69 15 98 1 72 38 95 69 31 79 2 37 18 21 16 37 60 70 21 12 9 24 37 72 61 42 41 60 92 5 45 59 24 100 48 40 91 54 34 62 36 16 62 39 35 32 93 0 59 6 1 53 99 90 88 91 38 2 23 29 81
49 88 65 39 23 73 82 93 87 1 93 100 22 91 57 51 65 59 35 6 51 81 60 41 89 27 41 99 96 31 76 1 28 12 88 44 86 92 73 32 19 71 46 0 16 40 88 71 97 80 37 12 1 73 55 63 57 47 78 76 70 81 49 22 17 81 43 10 99 87 85 96 54 46 36 100 57 58 44 5 34 3 79 77 98 100 92 36 67 45 44 36 92 29 36 44 100 33 44 51 72 76 9 54 62 76 79 17 71 9 34 67 15 51 30 50 70 55 42 75 96 33 4 94 44 66 73 83 62 0 67 19 51 26 82 73 14 59 24 45 49 48 14 99 26 10 79 34 3 98 50 85 26 10 32 28 19 84 85 15 38 89 7 3 25 82 76 45 36 58 65 96 6 93 13 64 50 97 34 6
80 37 20 15 59 96 51 71 82 79 44 44 65 90 82 81 38 13 64 25 34 1 97 41 27 77 45 60 19 8 1 17 47 83 80 23 38 12 26 54 23 15 41 53 66 54 11 22 20 59 0 63 36 45 39 18 0 95 11 86 19 31 65 21 75 79 36 66 61 43 25 70 29 67 21 39 37 79 64 33 90 56 7 98 9 54 7 12 32 15 46 9 83 7 4 91 21 36 93 21 25 11 26 92 42 15 49 13 70 73 3 27 18 51 75 90 39 42 11 59 71 82 99 69 59 38 96 53 79 48 65 41 9 62 90 39 55 2 86 98 40 51 50 51 83 42 53 41 95 57 22 8 53 64 25 99 7 21 15 7 88 72 73 7 31 10 75 85 80 12 51 0 29 26 21 42 11 70 20 14
46 84 97 88 6 71 30 98 38 64 62 7 72 75 95 67 38 69 40 39 2 14 25 35 54 40 59 97 60 10 72 68 58 54 80 77 4 0 75 28 18 66 31 6 91 65 66 88 28 87 30 96 97 2 13 55 88 14 77 71 21 39 40 85 17 8 86 43 58 15 29 34 20 56 96 40 30 91 49 99 80 82 80 15 37 21 54 43 39 41 6 49 6 88 86 51 50 44 21 27 15 91 39 89 60 78 59 15 67 67 40 46 46 3 72 24 98 40 9 25 70 19 58 69 83 58 24 58 22 45 43 87 3 58 86 89 54 72 17 90 30 55 52 40 16 24 59 46 30 69 60 32 8 94 80 35 92 62 91 92 12 27 31 12 91 95 88 12 94 38 72 42 30 35 65 48 18 83 12 0
2 88 6 1 83 7 35 24 62 43 4 48 41 85 21 85 63 36 77 76 64 75 66 70 39 43 45 12 29 51 49 77 46 7 37 37 95 54 23 35 13 54 70 26 92 62 26 41 79 35 99 54 92 36 30 0 76 2 11 53 40 88 7 80 4 80 98 36 13 70 55 78 16 16 75 74 48 44 27 36 67 88 33 84 20 47 94 6 69 26 76 72 86 96 52 77 56 23 30 77 17 12 41 17 23 73 47 49 4 2 61 26 98 58 70 22 86 10 68 95 67 39 13 42 51 9 40 73 52 19 77 6 3 27 25 95 4 22 62 53 54 28 96 8 76 28 53 32 72 18 70 13 27 87 80 76 32 53 63 5 81 3 96 30 86 49 33 33 35 42 72 72 34 49 27 11 2 33 58 47
100 54 62 11 32 12 13 36 71 21 27 37 46 58 43 45 35 26 22 25 28 71 74 15 35 80 75 68 48 11 42 54 0 5 61 88 60 41 55 81 5 47 65 94 37 56 30 11 77 86 42 18 96 60 100 61 9 98 95 15 32 74 77 49 3 55 22 59 32 28 34 2 79 53 97 80 65 52 7 81 71 76 88 24 89 73 82 57 70 7 35 1 72 64 89 81 90 57 7 14 71 61 89 9 50 38 42 43 44 85 57 68 8 49 1 99 80 42 77 27 10 7 91 54 68 86 71 0 97 9 3 40 10 22 6 91 88 1 98 18 71 5 87 4 32 86 86 21 21 62 13 30 9 68 76 80 95 41 3 88 24 80 74 46 98 0 75 37 28 20 55 1 61 0 87 44 36 27 73 47
40 46 95 47 20 95 64 40 56 35 39 60 27 65 63 70 7 12 64 45 81 60 66 55 68 68 88 18 21 87 30 44 40 31 44 34 49 49 78 57 98 58 85 81 33 46 37 61 55 15 60 20 100 59 100 31 7 56 25 18 16 47 27 83 85 92 54 18 52 4 76 84 41 53 62 56 68 33 68 64 75 36 44 81 2 75 25 12 33 29 6 26 19 52 88 74 3 46 64 63 80 67 31 4 48 61 20 70 81 57 52 33 2 3 85 0 20 11 51 10 68 14 53 56 4 72 72 64 52 62 34 97 25 98 49 14 57 77 80 86 5 71 39 39 26 60 33 23 39 16 15 80 20 10 76 90 28 90 68 72 82 89 84 37 65 56 84 54 87 36 23 60 20 27 45 36 40 11 93 51
4 10 71 90 76 50 73 90 95 13 33 83 3 50 52 93 30 64 71 55 77 64 95 53 47 47 84 19 86 45 90 60 85 89 40 38 13 67 17 9 18 39 75 85 2 59 34 72 73 9 27 11 91 15 49 69 69 67 74 55 38 19 1 39 19 10 2 59 21 45 72 59 0 49 76 23 67 63 87 37 49 1 0 53 85 37 28 92 20 10 11 21 55 39 66 86 98 55 60 55 59 28 43 44 23 75 19 72 62 86 18 18 20 62 11 96 60 78 58 50 98 69 75 67 80 85 41 85 78 29 56 74 14 12 88 29 57 65 52 44 18 26 71 77 92 88 59 73 62 42 88 73 84 65 20 2 44 43 71 86 35 85 39 30 77 64 81 23 88 3 87 43 38 36 58 83 24 95 30 84
17 66 17 82 42 98 26 71 43 91 11 83 64 20 32 91 74 6 1 75 5 74 88 93 21 3 28 82 18 38 84 83 77 59 87 97 88 22 27 84 75 16 36 78 93 79 57 23 11 83 73 77 25 2 51 6 9 7 97 11 19 71 44 52 13 5 57 1 20 40 25 20 29 18 45 25 80 2 68 19 56 51 66 33 64 47 40 74 19 88 35 61 63 14 29 4 67 93 59 44 41 48 33 77 77 82 42 85 91 72 83 53 56 30 89 27 2 10 9 31 51 38 75 41 60 44 76 86 46 88 66 24 33 75 18 50 52 29 46 16 67 69 61 0 33 20 27 53 64 0 45 56 62 26 29 7 32 8 86 32 48 20 77 87 29 8 50 65 74 75 93 41 25 49 27 66 54 65 1 7
72 72 100 29 39 41 39 24 16 38 35 80 71 93 81 19 83 95 99 62 94 91 57 50 87 19 87 38 53 78 42 20 3 25 10 16 41 32 26 83 23 43 43 52 52 96 78 4 72 21 14 36 94 49 87 24 42 86 85 62 10 12 89 61 49 28 40 96 37 39 86 52 60 80 97 2 9 18 4 23 96 13 9 68 30 46 3 18 27 73 72 31 84 83 90 52 0 33 64 31 92 45 26 38 100 79 1 29 35 8 55 83 19 12 100 76 77 87 71 17 4 0 69 36 31 72 47 15 38 53 33 19 61 58 37 99 68 29 30 55 86 11 32 73 92 76 63 41 6 52 88 92 83 93 85 45 11 79 28 95 35 26 83 60 41 29 93 17 81 72 34 41 64 11 74 62 64 74 66 100
76 90 1 15 8 33 52 53 60 34 18 44 76 83 11 55 68 64 66 4 24 97 84 50 95 56 85 21 45 26 15 26 27 51 98 72 68 18 57 19 15 71 34 74 76 56 77 18 58 31 45 49 46 53 69 88 14 60 99 6 46 13 31 63 16 62 82 77 87 28 71 34 4 54 69 26 60 14 60 25 65 50 0 4 28 77 25 36 93 30 23 70 2 60 13 87 3 96 19 83 1 4 97 45 36 60 21 1 53 9 27 72 78 45 4 96 93 98 7 70 47 97 39 69 31 99 2 96 95 40 68 48 89 70 0 0 62 80 89 57 91 68 54 39 34 44 52 9 87 43 42 99 40 27 49 9 32 53 46 94 38 9 38 28 2 19 3 39 62 16 98 14 95 74 84 34 39 64 32 99
88 77 68 78 2 0 0 93 25 87 47 86 45 9 69 63 73 77 59 87 97 64 69 52 59 85 16 17 46 82 4 90 60 37 41 26 6 65 6 36 58 96 71 64 94 23 42 41 8 78 14 37 18 12 56 63 22 15 76 71 39 36 48 77 63 35 83 69 97 8 26 39 30 50 24 92 100 99 0 82 77 22 86 12 58 35 39 80 18 92 94 21 15 62 17 17 74 69 19 14 11 12 76 2 72 6 16 90 50 71 99 74 31 0 43 37 25 62 64 89 71 11 71 13 33 83 81 18 70 29 95 9 48 37 75 44 47 40 70 26 31 29 38 78 0 79 54 50 61 29 90 65 10 88 27 30 13 39 8 100 54 4 59 51 88 54 57 98 4 37 59 38 11 77 38 20 81 16 16 6
100 78 19 28 23 82 59 32 65 24 19 51 67 25 36 31 34 5 41 31 94 35 93 34 34 3 29 68 13 49 5 32 0 76 41 64 52 65 84 33 54 78 84 54 85 69 18 68 40 13 100 57 47 5 82 15 99 37 80 13 51 11 13 90 19 51 91 83 89 6 34 8 58 70 25 43 21 20 71 88 8 16 56 9 78 51 67 27 56 28 29 80 35 69 42 88 55 100 86 76 13 32 57 4 12 44 8 57 47 79 11 77 91 75 96 45 84 89 73 28 10 61 42 48 43 65 11 72 61 45 71 23 61 70 14 92 72 90 2 89 37 42 57 84 13 23 13 49 70 42 23 52 53 36 27 14 7 12 25 41 36 71 73 81 26 39 81 2 75 68 34 51 91 94 96 100 30 97 92 41
68 79 16 90 100 34 10 73 52 12 16 64 88 81 24 91 86 50 57 76 29 29 6 7 80 30 73 62 67 67 11 45 100 44 40 79 70 49 99 56 46 39 21 45 91 45 34 97 31 3 18 0 15 74 50 20 12 85 73 48 63 4 2 59 54 86 63 29 59 62 17 24 71 62 27 47 12 26 26 37 11 23 8 46 57 80 62 97 39 60 71 100 79 46 19 41 93 82 90 77 51 29 49 14 30 81 31 31 81 26 51 80 12 94 20 23 61 83 4 49 100 0 61 63 60 34 31 17 81 50 56 72 54 58 16 41 86 93 90 12 70 10 44 92 60 2 78 54 96 37 29 55 9 35 22 91 48 48 41 59 23 40 61 100 99 38 76 45 85 26 38 100 6 0 18 26 22 52 64 86
74 50 67 45 59 7 64 93 35 100 76 38 78 2 66 27 86 14 63 100 45 27 84 7 3 4 86 53 31 72 74 10 5 8 40 55 3 1 51 57 52 28 48 27 13 98 99 86 38 81 53 94 95 58 6 75 64 54 82 61 31 37 38 26 63 80 85 58 87 1 27 4 47 17 73 48 95 21 100 46 32 40 57 75 4 34 47 46 90 28 32 79 36 23 55 57 7 75 47 91 17 34 81 84 59 77 97 8 92 60 55 13 59 11 1 45 52 19 57 41 55 41 3 64 52 80 19 17 28 30 45 5 93 66 33 52 97 95 6 20 59 10 12 61 100 2 7 94 36 27 53 30 96 22 18 55 24 89 90 65 75 40 49 15 27 25 7 17 13 27 51 55 58 64 9 9 85 44 29 61
42 69 52 18 13 15 99 73 13 36 12 47 34 36 79 83 86 84 9 73 96 67 59 67 69 83 10 66 32 68 70 83 45 76 31 3 56 48 92 77 85 20 9 15 91 61 34 30 26 20 86 34 32 46 95 77 19 39 61 99 1 33 62 61 42 10 14 64 71 60 6 52 44 3 24 13 31 62 85 84 32 48 53 90 18 9 47 14 85 25 32 79 100 67 91 56 13 90 8 33 2 83 37 15 88 38 93 12 46 88 99 0 28 70 10 92 67 62 5 93 65 27 79 42 27 31 71 66 97 53 41 94 60 96 100 38 13 79 70 72 81 26 36 63 99 2 78 11 80 50 7 30 77 87 16 47 90 59 41 93 46 88 98 99 56 86 65 47 98 34 76 49 9 95 18 69 99 8 80 95
78 92 90 66 82 78 15 86 14 84 23 57 56 44 14 93 72 68 38 73 49 76 87 61 82 74 36 42 35 49 83 27 20 50 74 20 54 76 97 9 98 23 57 47 88 64 59 72 50 42 69 1 44 75 77 2 35 15 54 91 81 63 64 84 2 72 11 26 97 37 75 99 75 53 62 62 0 49 20 91 94 55 43 46 67 26 56 10 97 84 27 62 36 0 93 57 59 25 85 3 32 66 37 13 70 72 98 51 5 91 63 61 69 29 64 4 81 45 45 77 42 85 93 25 93 10 80 16 75 4 14 99 83 39 65 31 13 69 3 22 65 28 51 47 39 91 29 70 26 32 78 87 90 71 13 87 18 75 97 2 61 99 45 71 50 38 85 6 39 91 90 71 20 86 1 28 42 68 49 45
74 31 11 16 100 17 98 100 45 9 76 47 65 87 39 94 75 80 14 22 39 99 81 18 44 8 63 4 34 95 96 93 36 23 70 20 16 66 62 14 52 56 41 11 96 79 85 85 18 64 97 54 92 91 51 26 83 66 45 40 76 44 57 92 3 72 50 29 32 67 96 16 13 26 67 43 73 92 24 30 41 87 0 85 47 43 22 45 79 88 7 25 28 55 34 39 79 99 73 59 57 48 38 46 3 74 57 71 42 63 37 10 67 66 85 78 97 45 53 55 48 86 62 57 53 35 89 36 44 76 65 87 28 51 73 84 52 55 15 10 18 12 5 69 63 3 13 17 100 33 37 11 23 69 99 21 13 7 12 72 99 84 60 11 7 85 24 6 16 69 1 88 64 39 23 39 76 73 36 58
48 98 3 21 58 69 48 77 52 69 58 95 88 91 16 54 2 56 92 29 77 10 29 15 83 4 88 29 26 24 88 37 56 4 68 46 49 37 47 42 76 96 22 75 46 2 28 90 91 55 97 34 82 88 66 18 92 99 60 12 12 54 78 35 10 79 84 87 37 45 20 69 0 33 76 52 44 78 26 48 66 83 66 79 94 54 46 11 63 23 85 39 34 2 8 15 37 36 20 43 37 64 56 54 0 41 1 1 29 42 84 60 32 72 92 94 21 97 18 14 49 18 55 81 2 92 76 67 21 28 71 26 97 94 13 21 17 88 6 50 88 24 85 57 44 18 90 83 3 70 46 12 85 63 66 45 15 90 4 72 67 74 6 89 68 89 43 81 37 64 38 21 36 83 50 31 99 43 66 31
69 56 36 52 17 85 62 26 12 89 95 40 48 21 30 34 61 23 21 9 58 34 0 27 91 48 8 98 95 33 43 27 88 7 86 84 0 75 24 73 98 56 65 76 47 23 11 10 70 87 89 51 25 60 96 40 3 9 66 58 41 90 25 52 34 50 98 85 27 18 98 14 57 47 53 79 2 36 100 7 67 98 40 27 4 28 99 18 95 80 45 16 49 45 34 76 30 62 96 28 51 79 89 84 75 31 63 8 80 62 100 60 94 80 75 22 92 98 74 97 73 89 85 85 91 5 65 66 34 37 8 26 64 87 53 74 59 12 82 20 65 65 13 0 89 84 26 47 49 12 5 74 82 34 58 84 42 92 85 15 10 71 2 91 7 27 37 69 4 27 77 75 46 4 36 98 29 42 95 83
21 99 46 98 98 19 40 10 77 88 92 23 17 25 43 68 52 54 60 79 59 44 99 42 58 52 31 0 78 25 50 58 26 71 53 4 73 73 68 56 56 7 37 62 72 79 26 44 38 59 29 44 94 23 28 38 55 27 76 45 75 30 95 53 22 95 14 72 36 96 31 59 62 87 91 68 96 14 96 73 93 87 100 6 79 47 1 76 85 47 94 95 53 58 94 63 96 77 36 45 23 45 0 69 90 35 100 25 41 7 63 29 16 49 3 3 2 73 89 62 38 96 57 89 59 72 12 95 93 77 48 21 38 80 82 63 87 56 28 97 62 68 9 52 49 19 64 89 17 83 77 4 73 47 47 12 60 31 40 53 71 73 77 1 69 93 82 57 82 73 100 40 30 4 29 76 79 37 17 73
18 84 67 90 63 2 23 51 47 29 100 60 20 56 26 66 48 6 82 79 99 7 18 78 54 100 67 12 21 92 93 74 8 80 79 90 47 65 36 75 76 94 23 82 75 91 15 84 39 51 35 55 13 79 64 75 54 37 76 70 51 83 84 31 43 96 87 26 64 69 33 65 24 62 57 59 92 88 67 17 6 24 70 55 27 92 67 31 44 22 61 39 17 11 70 86 58 25 86 84 18 88 95 79 35 69 3 40 94 57 6 18 36 28 55 10 85 20 35 1 22 40 40 89 97 45 65 22 23 17 91 6 79 24 32 55 2 66 65 32 64 78 88 59 48 87 79 93 28 80 17 93 7 53 80 99 22 28 5 70 15 79 3 9 76 95 72 97 28 90 32 45 25 15 35 59 27 93 88 13
56 37 97 27 26 39 83 99 81 10 3 77 13 71 70 19 31 32 39 32 100 43 84 81 49 34 7 88 24 19 3 70 41 62 85 96 34 61 28 18 32 100 91 47 46 74 86 11 49 84 88 88 31 98 94 79 51 85 17 78 54 59 26 22 5 23 52 59 85 55 61 68 39 83 49 25 20 13 51 39 64 91 60 64 52 78 66 26 58 82 75 31 52 8 69 5 37 72 78 10 28 26 77 28 47 37 77 87 40 62 6 80 11 57 53 16 25 84 60 60 2 64 71 20 49 1 12 42 49 64 43 54 14 50 38 94 41 47 80 54 34 17 3 35 44 54 44 0 86 93 8 0 63 22 67 61 27 21 31 24 38 0 56 30 55 58 39 26 69 77 73 55 67 87 91 1 15 26 87 24
41 57 89 38 53 6 79 89 81 60 64 98 13 51 33 27 14 3 72 91 91 81 58 32 9 13 84 67 33 64 63 20 79 13 7 38 1 51 33 73 25 81 27 70 65 0 44 26 2 10 88 19 90 83 80 62 58 19 31 70 52 66 45 41 59 95 30 81 24 27 78 80 94 29 37 83 80 56 73 18 68 30 72 72 87 94 73 69 59 60 91 74 100 100 98 23 88 59 47 19 4 86 40 53 49 31 27 29 6 50 66 73 45 12 0 59 96 13 30 33 50 92 60 88 84 40 31 25 52 27 100 76 61 62 55 22 16 28 48 31 93 75 35 57 27 84 71 2 71 95 69 2 39 1 59 99 79 78 86 36 19 85 47 94 19 46 23 78 59 28 66 68 48 82 60 43 90 20 92 75
5 57 31 36 26 61 38 1 1 8 80 66 3 41 56 31 19 73 66 23 78 43 57 67 16 64 39 64 64 80 83 23 55 58 33 42 36 93 87 32 61 67 83 79 94 46 28 29 46 72 43 91 6 36 87 26 35 8 48 90 41 1 76 90 35 88 100 97 81 20 7 74 4 11 64 48 27 81 57 10 99 0 87 66 46 62 99 50 90 79 43 30 52 56 12 69 47 42 6 16 9 47 55 90 63 6 1 81 80 43 99 90 1 98 53 48 62 45 55 97 98 10 88 15 15 16 27 51 29 72 45 65 14 96 11 4 97 19 74 94 96 98 58 39 32 26 82 80 75 3 95 35 8 11 60 6 9 89 69 24 57 10 95 73 1 63 76 68 78 78 25 24 54 99 80 90 82 5 6 86
55 5 39 1 76 33 8 86 8 10 75 39 60 29 58 18 8 20 6 47 26 85 81 79 55 13 82 1 23 72 38 26 31 64 20 45 67 14 47 45 70 41 77 25 24 85 38 39 72 47 40 3 89 3 87 55 9 81 16 59 43 73 89 2 27 29 96 18 47 49 16 49 50 32 25 98 48 45 9 72 54 71 17 81 14 41 64 72 74 92 20 99 85 3 43 85 64 18 19 59 19 5 23 63 81 68 6 19 53 80 26 78 54 94 89 60 69 61 23 8 51 31 18 69 77 86 71 1 27 30 62 44 23 13 36 25 28 49 38 36 57 70 5 21 87 17 94 93 49 44 8 41 78 52 36 33 85 86 54 72 79 74 5 46 83 51 97 33 1 81 22 60 58 86 2 48 69 100 88 99
84 38 72 27 86 66 39 14 84 88 76 77 94 22 41 74 11 0 74 38 21 46 72 9 1 37 71 3 15 50 73 20 54 13 29 66 42 19 29 21 67 63 6 89 84 92 1 54 18 46 86 35 63 78 66 65 94 81 65 66 8 87 7 58 81 79 69 79 6 76 10 46 66 87 70 22 54 47 79 37 65 52 7 52 65 73 72 27 2 33 27 67 72 25 31 28 15 46 11 68 16 80 55 46 41 100 58 10 52 83 98 7 83 42 44 88 95 60 29 17 69 32 94 21 68 94 4 81 61 23 18 77 66 51 11 86 51 94 97 10 13 94 49 8 32 25 36 68 40 28 22 85 62 10 100 82 40 55 50 1 62 65 32 40 52 23 93 10 69 45 23 98 73 75 96 0 25 15 74 89
60 52 37 96 12 1 93 98 31 20 90 98 44 16 64 96 36 82 53 84 53 68 69 91 85 84 55 90 5 44 73 57 100 86 7 87 53 66 40 10 56 70 88 74 87 51 61 84 27 38 12 88 69 24 99 76 19 80 38 96 82 45 68 28 9 49 91 98 98 46 93 4 31 90 26 59 16 17 68 53 87 72 10 84 69 31 18 9 55 69 58 13 22 35 37 94 93 73 1 99 96 57 49 67 9 74 35 35 31 41 79 81 91 35 94 56 19 73 11 84 39 19 17 70 25 22 16 99 3 52 84 57 91 67 53 81 97 16 92 57 83 32 87 43 57 65 16 95 9 16 17 46 48 71 54 95 6 56 31 96 12 44 58 60 74 58 79 52 95 84 8 63 38 43 91 6 63 56 78 84
80 26 91 36 12 60 6 55 99 73 85 15 33 32 33 31 99 36 74 27 1 8 21 16 71 14 64 23 10 89 37 10 44 52 19 100 76 48 35 92 64 81 55 33 35 21 87 57 26 15 6 84 37 90 17 3 20 38 17 27 23 74 27 73 29 28 49 6 17 8 13 42 31 86 41 31 17 50 95 62 67 42 24 25 60 12 35 51 8 79 89 71 60 24 96 50 16 34 93 64 34 84 77 87 11 49 15 75 14 56 63 23 31 59 59 87 51 95 20 18 1 71 97 74 87 21 95 17 25 26 94 61 41 10 90 56 92 12 5 89 94 78 66 54 2 23 35 89 91 0 5 76 39 95 83 73 65 34 47 72 49 77 38 29 81 93 8 81 33 24 57 73 38 55 74 61 79 61 54 74
40 95 86 96 63 71 90 24 27 45 32 43 52 35 74 62 3 58 78 96 79 98 46 39 84 33 19 68 79 59 85 35 36 49 17 27 79 6 29 52 51 17 2 92 18 77 74 7 8 92 72 92 91 81 40 73 72 74 12 71 59 39 46 20 56 75 8 61 62 73 98 81 90 26 33 94 73 82 51 20 38 16 57 61 10 100 95 3 36 59 48 93 77 8 29 32 26 8 55 16 54 10 50 48 90 94 55 53 78 96 47 21 81 13 98 3 29 45 59 72 87 72 46 41 91 48 70 95 94 44 64 13 3 84 8 94 33 21 72 6 11 10 6 88 26 14 61 64 80 80 27 87 91 82 35 46 34 78 41 1 95 75 18 48 24 75 0 68 0 80 30 79 88 62 44 54 13 44 82 73
77 65 22 42 3 67 42 32 23 45 75 70 58 20 36 1 35 21 90 33 86 7 71 77 21 62 26 91 77 48 14 89 70 46 38 26 28 61 94 13 30 32 16 60 12 7 68 49 68 53 21 60 54 84 94 55 3 56 52 65 65 91 31 25 64 70 78 20 9 52 99 37 97 71 54 37 29 21 47 70 15 100 57 80 50 47 46 63 33 72 9 43 21 66 68 16 30 44 58 10 60 60 70 45 10 6 54 5 58 83 35 49 70 12 43 64 60 56 31 70 55 15 76 96 92 31 24 75 53 72 2 82 94 21 56 38 93 41 79 92 81 33 63 24 19 66 71 80 100 71 6 81 56 63 80 69 20 79 24 44 48 68 48 37 56 71 38 42 42 34 67 82 72 65 40 70 83 12 11 88
57 40 94 0 88 10 96 7 73 41 34 47 74 89 39 92 21 68 26 70 70 99 96 7 80 54 18 26 83 22 17 10 67 6 79 31 40 77 72 79 42 45 15 87 13 0 45 83 36 65 33 47 56 86 97 76 17 8 9 58 36 20 19 40 42 20 90 89 93 91 75 24 20 5 33 98 86 13 32 36 55 24 5 9 47 50 4 48 23 83 4 51 87 99 52 8 16 58 65 39 35 49 78 46 51 16 75 69 66 38 25 46 22 82 74 13 83 63 75 3 10 18 48 5 45 47 24 65 66 10 3 33 15 100 6 68 90 13 88 50 13 63 52 25 97 20 96 75 87 42 31 9 92 66 57 55 94 32 25 22 86 11 37 50 51 69 9 55 6 21 44 99 47 23 31 54 43 92 61 20
13 11 100 94 85 87 11 53 85 65 90 24 37 57 13 23 100 81 99 72 60 48 80 13 97 29 13 57 19 84 96 39 63 8 74 84 14 85 61 31 20 24 4 63 86 57 58 91 40 5 21 94 37 44 2 36 7 16 62 19 20 6 46 70 26 54 35 52 10 1 39 59 79 82 25 14 82 45 39 76 66 81 31 39 46 12 27 2 43 97 48 64 49 83 7 75 20 7 51 30 93 52 38 65 5 34 23 24 66 73 13 43 42 28 6 89 80 84 57 10 93 47 77 36 3 49 31 48 57 25 68 84 88 70 46 92 16 62 55 84 48 58 57 66 21 34 78 62 2 78 48 52 37 8 44 99 27 11 87 22 98 73 15 67 83 100 75 73 71 68 20 95 97 68 79 5 65 5 28 23
21 56 12 92 56 75 51 7 85 53 56 10 31 36 0 46 52 46 88 19 77 58 76 90 19 83 56 61 72 98 8 50 62 8 71 34 39 7 98 34 4 28 77 87 31 77 14 19 53 99 8 53 97 48 75 37 21 30 9 76 4 37 5 58 81 64 21 13 44 91 26 53 82 27 64 89 93 47 19 89 41 8 47 71 21 94 44 47 23 53 64 16 67 67 26 75 75 40 31 26 53 40 76 0 24 89 88 79 85 31 76 62 44 67 78 19 48 100 23 76 16 92 65 76 65 90 46 38 6 91 66 12 18 41 15 82 67 33 20 16 38 93 62 93 10 20 84 30 93 49 63 17 98 55 74 7 27 76 3 4 37 37 68 1 46 10 27 67 9 48 7 5 16 9 44 51 67 73 94 43
39 47 70 52 36 34 19 47 4 92 86 88 12 70 68 44 65 33 91 36 76 76 44 54 83 96 97 100 5 53 83 85 0 0 5 41 1 61 24 10 55 87 91 37 31 64 92 70 87 84 36 46 36 66 48 13 2 4 0 79 20 24 71 5 81 39 67 70 6 37 70 20 55 0 81 35 76 51 47 4 68 9 49 63 32 28 35 85 37 9 28 52 30 39 79 61 83 84 99 39 20 86 80 77 17 53 51 68 8 90 11 49 99 21 29 52 53 7 79 37 74 57 46 30 36 86 7 97 11 19 10 22 59 31 78 90 19 31 36 20 20 21 57 46 43 91 77 94 22 75 66 48 28 69 5 57 95 67 97 61 8 39 85 60 0 33 65 89 35 83 80 20 80 56 60 92 33 38 47 57
20 70 66 97 11 10 20 69 81 97 73 20 95 90 65 9 46 71 43 86 31 93 99 68 94 69 32 49 30 85 62 3 49 99 77 61 43 90 11 50 41 72 81 11 49 41 83 17 59 88 8 33 30 76 70 31 82 41 75 41 3 99 46 93 79 1 94 88 87 30 22 56 46 57 11 31 23 82 38 52 58 69 44 31 5 89 99 6 25 59 83 16 57 73 71 4 46 16 57 40 58 29 8 82 67 58 78 74 28 48 17 71 71 76 34 1 93 73 37 97 36 71 12 42 65 40 22 92 3 69 1 78 53 2 88 52 43 46 58 73 25 41 98 44 17 74 21 69 40 86 66 71 46 48 70 68 55 73 25 7 58 90 12 44 92 72 51 80 61 41 12 3 0 22 3 80 90 87 0 64
98 93 33 66 44 5 39 95 50 16 99 41 95 50 27 79 96 40 76 79 42 0 63 87 41 33 69 66 0 8 84 98 0 79 55 74 69 94 48 17 1 100 53 44 75 15 5 83 39 11 84 35 26 31 46 21 51 45 74 93 8 10 24 84 52 52 1 90 93 75 85 58 27 67 8 79 74 77 95 32 45 62 99 26 97 46 40 42 77 60 99 73 89 48 73 74 47 75 56 62 83 28 24 16 18 54 9 50 52 4 5 57 27 83 14 42 37 8 23 54 66 22 58 57 75 62 99 94 37 20 10 74 64 2 43 30 38 33 39 5 69 12 50 48 96 18 3 3 86 72 36 96 77 100 14 3 34 67 81 83 64 6 45 90 14 38 81 11 85 98 72 20 83 64 48 24 67 25 75 16
29 38 86 13 42 75 52 58 92 48 79 11 87 9 83 14 7 74 38 6 92 32 45 52 51 1 86 71 50 16 31 21 18 43 68 18 12 15 51 13 68 11 34 56 15 26 64 0 98 39 51 37 51 30 44 93 44 13 21 49 54 1 30 18 80 9 29 55 9 94 92 86 78 42 82 8 92 40 46 48 36 85 75 2 1 30 25 7 63 8 26 59 85 71 21 9 69 9 94 82 42 97 98 61 14 30 18 80 8 13 33 42 74 83 89 58 43 12 29 14 11 3 75 70 36 86 11 61 20 41 66 50 9 33 74 61 60 64 75 79 11 52 24 3 38 65 3 86 96 84 28 48 32 87 37 35 75 55 13 9 40 23 9 61 72 10 74 13 19 8 93 97 1 0 72 2 94 82 31 16
85 60 46 74 26 71 51 37 67 43 38 42 18 34 1 100 32 53 29 76 35 99 75 1 23 33 9 27 52 12 8 98 31 27 31 6 24 63 41 37 26 44 63 55 63 55 39 13 89 73 92 70 5 18 71 97 55 4 52 97 97 52 99 53 37 21 52 51 39 3 8 16 15 84 38 57 52 41 98 37 47 39 18 25 96 53 92 80 71 30 21 91 8 96 60 26 20 94 74 25 57 67 65 50 95 3 38 64 93 63 100 0 7 2 17 78 4 45 43 13 8 19 80 21 66 78 67 15 16 71 21 95 93 36 82 72 77 3 84 39 69 35 72 95 5 59 79 54 70 80 98 57 15 37 74 83 25 32 70 50 0 21 15 80 26 97 100 65 76 33 20 4 17 37 58 42 94 38 100 13
45 57 94 37 54 29 29 28 53 4 83 1 17 99 55 76 34 80 37 84 10 60 53 41 28 37 7 87 45 76 72 97 17 39 13 88 11 83 52 72 85 81 91 88 63 93 5 41 44 90 61 13 49 89 3 66 93 0 75 74 66 29 70 40 46 35 16 63 58 22 4 46 86 11 81 66 93 10 84 62 10 90 93 64 88 46 14 51 91 39 86 92 42 95 3 35 41 69 82 73 54 31 17 60 28 94 71 41 47 17 7 69 93 89 2 86 14 73 22 40 24 77 53 30 59 53 85 69 18 28 86 65 11 13 5 20 64 85 96 61 52 45 30 71 41 64 27 14 8 27 55 23 85 81 40 63 60 40 36 97 94 63 75 98 19 29 6 32 34 40 3 7 4 4 96 70 99 77 55 92
81 10 98 61 28 27 86 37 45 15 43 89 21 97 83 100 50 46 36 46 44 73 75 59 70 59 80 34 13 73 93 18 59 29 21 41 49 63 42 29 35 28 3 30 25 43 87 70 60 69 25 38 68 94 88 4 87 4 96 28 49 59 54 90 72 80 63 56 31 35 21 72 58 11 92 14 18 14 27 60 90 76 20 17 29 63 38 1 97 32 89 75 1 30 7 62 100 73 53 91 31 26 6 34 28 37 70 65 23 54 39 86 57 73 82 3 44 37 13 6 45 88 52 14 99 54 12 20 49 61 37 54 22 56 12 51 16 7 84 72 97 22 0 30 16 92 6 91 99 20 84 37 14 5 97 97 54 87 70 94 34 64 15 56 76 21 90 59 22 51 94 47 78 21 99 90 89 82 12 73
67 81 68 51 18 40 38 23 97 40 34 94 73 67 82 92 100 47 12 33 72 32 19 37 13 51 54 78 85 14 82 92 41 52 80 59 66 34 33 33 20 80 36 76 11 88 68 43 20 38 86 36 22 8 79 14 90 52 85 48 70 43 46 20 4 51 95 35 73 41 75 31 75 48 27 3 14 81 47 10 68 71 71 12 91 20 38 79 72 27 32 99 17 53 25 44 30 57 87 95 87 64 93 72 36 27 30 74 12 89 37 34 55 28 17 5 37 61 37 61 72 90 41 21 97 23 94 26 36 11 46 62 4 24 67 95 54 1 27 42 72 50 22 59 95 41 39 92 92 97 48 75 49 53 80 61 82 38 16 69 12 71 59 27 90 95 29 32 26 12 9 88 6 74 55 84 72 6 42 26
72 7 87 73 51 28 84 67 42 74 0 59 19 75 92 5 72 27 68 37 38 59 21 42 70 19 98 23 1 62 88 59 88 43 56 76 65 83 37 54 49 64 28 70 30 94 89 78 28 62 1 49 15 70 58 46 22 13 48 60 88 53 26 46 31 55 24 48 1 68 25 29 21 14 14 81 47 97 61 18 30 81 67 86 91 4 24 5 71 62 81 74 9 12 24 2 20 39 20 14 25 51 10 91 92 76 14 14 88 8 64 32 37 15 40 34 60 62 25 41 83 82 73 72 60 96 88 81 26 28 0 33 38 73 0 4 73 95 15 70 68 20 78 25 12 71 7 24 97 5 39 26 70 49 73 87 100 64 60 12 45 44 11 39 40 40 39 27 48 84 58 58 32 32 1 9 71 6 45 71
28 29 96 48 8 96 80 24 89 53 40 53 82 25 15 37 13 15 100 82 15 81 20 20 59 21 64 70 57 58 25 4 99 63 21 81 99 53 83 29 34 27 37 63 71 89 29 67 21 99 14 34 5 14 37 23 73 61 88 27 29 51 49 49 37 93 77 73 35 49 10 97 100 16 56 90 27 29 19 78 84 76 55 30 58 89 9 39 21 46 80 0 93 33 2 29 10 86 62 8 11 2 88 31 58 57 66 36 79 63 26 83 24 94 12 47 3 25 22 17 13 88 32 33 49 87 79 49 30 29 91 10 62 13 73 24 13 84 86 16 79 80 99 60 21 40 64 11 86 84 47 59 72 60 84 86 52 85 26 77 48 13 20 30 47 81 78 72 35 35 66 9 59 6 22 10 19 25 80 67
73 88 22 36 25 67 97 40 75 46 63 83 52 38 93 88 95 59 6 30 67 81 39 32 39 62 40 39 29 65 29 85 68 34 53 100 68 41 56 31 30 41 51 44 77 60 8 28 46 26 65 10 8 23 50 3 76 53 68 33 82 1 33 98 70 90 85 0 46 7 27 82 22 74 67 76 64 46 72 14 89 51 0 77 37 75 87 40 24 46 74 10 16 65 53 64 44 81 3 6 72 99 41 69 2 65 9 26 18 95 69 41 20 23 31 37 31 76 61 21 11 21 1 26 29 0 16 15 25 100 72 60 15 22 51 73 40 65 20 48 7 79 10 94 6 88 67 24 23 8 82 99 83 17 23 3 91 90 45 44 67 49 83 1 44 60 84 66 52 100 69 31 20 85 56 95 31 47 89 21
80 22 30 55 74 49 15 23 77 53 91 98 50 49 95 40 20 13 15 100 64 41 51 2 41 22 91 65 44 20 97 91 21 31 32 10 19 42 50 92 8 5 20 63 12 71 40 55 48 37 40 10 22 12 25 43 59 94 57 85 32 49 88 47 71 19 36 84 39 40 93 33 91 26 13 38 98 7 30 34 68 69 3 71 10 23 36 49 22 60 100 4 96 87 65 69 91 63 33 98 18 49 34 37 83 20 44 7 93 48 34 55 69 95 36 41 5 22 79 29 10 26 52 57 93 24 49 7 70 19 95 16 66 4 49 20 50 96 14 9 3 19 21 81 89 89 38 18 71 76 38 19 78 32 92 80 10 9 58 66 26 94 19 22 3 62 22 22 9 92 5 64 29 10 38 70 19 43 52 27
42 36 23 20 31 37 85 63 50 78 50 18 90 36 93 84 41 74 71 45 34 89 83 38 8 11 74 58 91 33 47 56 36 36 33 61 26 67 83 62 98 50 41 70 83 65 33 18 78 44 25 31 93 54 56 100 23 50 21 87 87 14 32 38 83 94 62 98 79 13 6 16 35 94 44 61 21 20 53 24 70 63 1 84 14 72 14 75 26 5 100 38 6 42 44 4 42 8 56 11 21 49 92 78 91 78 2 55 74 26 76 84 56 47 23 60 41 47 7 95 48 14 8 51 23 39 59 84 57 61 0 100 63 24 61 48 97 22 77 61 49 88 41 19 69 54 90 31 64 65 31 27 32 55 9 87 98 2 39 48 9 44 29 59 56 51 100 11 82 18 21 9 71 34 81 82 66 30 8 38
22 48 26 1 39 21 55 39 85 41 86 65 72 83 1 3 6 61 58 61 37 57 100 22 69 89 81 70 86 53 36 99 87 85 30 33 41 0 91 14 32 1 22 46 17 40 3 17 38 22 66 1 93 97 65 21 30 53 44 39 5 88 89 67 68 66 27 35 19 63 83 61 47 73 83 100 42 2 31 53 88 67 82 37 58 98 86 17 33 60 94 37 48 26 83 24 77 56 71 51 0 70 80 11 8 82 17 44 8 35 76 50 47 77 71 0 49 58 32 73 6 61 72 18 35 78 97 4 58 75 21 77 3 20 47 98 88 33 93 37 22 3 50 68 97 88 60 32 96 40 69 84 20 78 54 20 29 74 20 17 88 5 30 43 17 48 81 60 18 100 3 6 32 90 98 9 47 56 90 21
68 52 38 69 97 10 10 75 71 42 87 59 66 73 27 97 14 62 91 19 31 22 99 81 36 1 93 16 35 84 18 71 30 72 89 48 51 68 70 96 56 66 80 92 32 98 17 25 73 48 34 16 56 81 15 38 0 92 88 64 63 70 48 73 18 19 76 17 95 35 45 33 68 100 83 60 80 86 78 2 30 89 48 95 7 3 23 91 50 53 50 25 79 82 51 41 29 33 39 22 35 84 60 30 75 14 22 23 5 80 10 73 91 94 93 79 7 40 26 44 98 33 14 17 94 44 55 48 50 95 6 26 46 27 56 41 92 8 19 42 93 59 34 80 1 15 78 31 64 25 36 96 4 67 86 43 24 19 79 56 33 44 66 5 48 23 6 99 8 12 56 36 67 72 10 61 68 16 27 77
37 79 22 43 44 45 69 17 84 39 72 57 4 15 78 23 56 25 39 93 61 21 90 63 68 78 35 4 85 55 98 75 21 52 58 77 10 25 21 9 58 72 28 69 33 30 5 41 25 39 31 6 5 63 72 2 5 82 75 37 16 87 43 65 92 21 53 83 7 36 3 49 65 31 6 65 28 5 98 27 71 13 7 18 37 64 75 77 28 41 45 22 98 75 33 45 30 52 42 67 83 73 95 67 14 96 68 34 56 33 37 57 2 52 8 36 26 96 62 56 53 35 7 21 67 98 14 87 29 9 77 42 55 95 90 40 89 65 79 88 31 56 35 41 30 15 95 53 82 91 65 87 66 36 29 60 91 9 70 11 16 32 89 54 20 40 36 44 44 99 43 91 39 2 58 100 3 62 17 73
11 33 6 79 11 13 37 5 97 29 67 26 69 99 24 71 64 26 59 39 23 85 75 96 10 56 63 66 61 74 94 90 8 66 100 61 36 85 79 9 6 15 57 21 69 94 4 86 62 91 24 33 76 31 90 5 52 46 3 92 22 38 22 28 0 3 80 56 16 69 100 97 100 27 26 52 12 73 84 38 80 25 24 73 26 52 11 89 96 52 47 60 60 82 47 79 75 65 52 23 80 44 63 3 86 51 4 14 20 46 55 16 73 54 86 6 21 44 51 94 93 23 68 80 62 43 8 43 24 13 37 68 88 15 18 79 2 4 35 17 81 67 21 59 29 1 37 62 52 80 26 65 74 61 36 52 89 7 36 17 6 96 2 37 55 15 23 88 67 34 86 17 83 75 84 56 69 15 52 99
29 13 83 69 51 13 23 72 47 67 98 70 59 34 42 40 47 76 80 22 3 89 65 91 1 86 18 18 50 27 5 1 92 44 30 86 41 78 27 26 57 86 66 2 40 28 96 71 89 85 33 61 66 25 34 3 81 78 9 76 51 97 90 43 87 21 19 87 26 43 88 28 93 6 53 97 97 7 9 45 16 65 1 89 17 24 30 40 2 25 19 87 81 66 32 36 16 79 98 75 95 81 81 17 55 78 66 49 78 47 75 5 6 14 94 18 37 0 3 75 6 63 100 25 73 19 71 80 35 35 76 98 57 40 53 74 16 2 85 81 50 54 97 97 99 20 93 3 9 32 88 82 62 50 13 18 99 31 72 22 58 39 58 0 36 9 45 66 92 8 33 19 19 58 77 72 13 18 79 57
2 54 65 44 9 64 99 17 36 41 64 88 69 66 61 86 39 46 17 21 20 90 38 61 43 50 38 37 11 91 97 25 90 88 13 22 100 3 25 22 14 37 21 1 32 32 95 87 46 3 79 42 14 38 41 96 22 9 69 46 14 84 57 60 44 85 28 32 42 44 10 14 70 22 6 87 100 87 38 74 33 19 85 14 99 93 87 89 33 89 88 91 64 6 33 81 46 96 50 5 22 59 39 65 85 22 36 50 15 34 54 34 45 73 49 44 3 51 55 22 25 48 100 21 13 36 18 47 45 13 12 19 67 87 56 31 27 87 37 67 73 20 87 22 86 19 90 70 70 47 39 87 83 8 50 59 84 86 29 79 10 15 54 8 69 69 78 2 92 47 87 43 17 61 53 13 16 92 39 13
67 52 74 10 86 15 39 81 97 98 50 77 75 73 63 2 100 59 4 14 20 0 60 40 78 61 95 44 84 24 50 73 75 59 99 97 10 58 7 88 11 96 58 68 63 69 45 43 93 16 91 11 99 81 19 85 80 22 5 47 2 52 16 48 40 65 56 69 65 62 50 45 60 64 54 2 97 89 62 24 31 29 100 39 99 94 72 99 1 96 21 96 20 92 1 59 7 24 26 21 84 22 54 43 8 50 33 59 55 26 77 31 30 4 28 5 32 48 57 18 99 5 74 81 81 41 18 50 1 55 89 89 32 74 46 6 69 38 51 60 39 89 44 42 39 6 76 97 8 13 26 17 75 70 35 70 79 66 7 34 55 19 61 93 36 99 9 63 36 86 50 18 76 90 67 31 11 91 10 100
57 16 7 70 63 80 44 6 94 11 31 85 71 40 41 86 60 20 41 29 91 71 13 83 40 40 78 23 87 17 55 3 60 25 41 17 10 44 76 72 2 75 24 39 30 44 20 25 93 82 62 52 28 12 57 81 46 68 92 82 97 30 52 51 17 80 50 63 46 59 95 84 73 88 11 65 64 95 94 73 88 76 96 52 65 11 59 45 11 10 42 78 55 28 69 41 85 76 83 3 40 40 66 36 9 57 21 14 80 56 40 88 32 39 20 21 66 88 25 54 4 32 55 96 89 58 77 68 49 19 62 87 93 27 15 8 37 80 14 82 29 38 93 73 25 14 65 99 39 70 82 65 81 52 85 98 98 71 37 12 83 12 91 11 0 59 88 98 53 2 8 22 23 16 47 27 88 47 15 41
59 3 50 68 9 54 88 75 77 32 86 88 97 17 17 3 11 21 0 50 27 44 40 62 17 15 21 45 58 69 25 11 27 48 77 65 80 88 100 75 66 93 2 3 18 34 99 5 77 22 99 29 18 77 10 80 82 27 3 89 67 64 47 26 0 15 5 1 58 70 61 86 67 37 28 39 12 41 7 18 6 12 81 70 89 100 67 63 99 31 26 66 42 80 22 90 35 64 52 59 16 80 2 98 59 27 62 82 21 71 26 42 28 9 98 23 68 26 51 25 99 44 35 77 2 33 18 68 77 6 90 40 50 81 37 32 47 21 16 72 70 45 5 72 22 78 19 93 100 35 2 6 88 5 41 53 22 32 16 49 10 40 15 53 83 37 65 69 19 65 97 68 38 71 51 53 36 60 76 43
80 69 61 41 69 94 62 51 59 15 31 97 36 98 98 98 50 3 93 89 40 61 4 92 55 92 13 83 37 53 3 100 50 32 0 63 61 61 4 99 61 37 52 55 38 89 3 65 89 61 52 24 76 25 36 22 45 71 84 16 98 8 84 7 11 66 30 30 39 44 52 40 58 35 98 5 94 29 67 42 88 98 34 49 53 7 45 2 35 0 41 14 31 39 17 79 39 100 38 98 37 65 16 6 65 26 96 26 85 59 9 59 45 97 55 31 73 38 5 59 49 89 74 25 47 2 78 24 50 35 95 54 1 74 52 24 10 47 25 38 83 41 93 52 18 28 31 28 33 16 65 79 69 72 39 23 11 55 24 62 85 10 22 63 98 27 60 91 43 19 3 59 38 57 17 30 55 84 91 63
2 37 41 30 6 81 76 33 40 36 4 72 18 10 20 83 5 13 11 40 67 67 14 37 10 68 52 9 82 79 1 85 92 96 95 2 75 48 78 61 97 100 81 65 8 53 44 76 64 61 89 13 93 31 100 15 19 65 39 78 75 9 23 56 51 44 12 54 70 37 79 38 51 97 84 70 79 47 57 24 9 23 76 9 61 30 67 11 88 7 69 79 41 90 30 41 16 28 90 49 95 92 28 1 31 25 29 44 37 83 96 48 12 80 38 52 9 13 27 91 21 99 12 17 81 76 91 47 41 78 3 18 40 10 16 47 65 40 81 5 43 57 81 66 37 80 16 15 25 71 77 29 39 51 74 99 43 4 12 52 48 100 39 20 45 94 93 19 81 9 10 12 6 84 57 82 21 79 37 87
30 4 21 55 27 36 67 90 19 5 40 6 14 47 20 52 90 91 50 71 68 83 26 28 17 61 36 91 63 22 92 31 38 58 45 86 47 66 86 14 2 36 42 36 77 63 14 69 77 2 48 74 76 2 50 19 52 81 96 76 19 64 97 80 37 51 18 94 73 82 91 99 90 16 79 14 87 72 11 21 16 37 48 97 27 79 65 1 12 4 47 9 31 81 77 63 39 16 29 12 14 88 70 52 97 79 30 69 24 79 90 57 17 52 94 11 97 91 19 26 45 62 47 88 54 11 96 36 86 23 84 24 93 36 87 70 81 38 99 93 38 28 0 10 12 57 38 55 44 19 66 96 50 96 75 14 81 96 88 54 27 73 92 17 42 47 14 80 10 29 9 100 5 79 99 68 57 30 96 25
35 82 74 41 6 20 90 11 22 55 29 31 78 6 77 24 15 35 62 93 2 67 59 17 2 27 26 22 75 16 61 24 50 10 32 91 7 45 86 27 60 85 73 1 31 20 79 47 8 59 72 41 51 40 41 91 15 79 16 80 18 70 6 49 70 91 38 88 85 22 43 75 6 66 33 11 70 48 67 55 12 60 23 63 54 22 84 99 100 46 4 62 19 3 23 25 56 60 74 47 20 42 69 14 61 88 68 6 56 5 14 56 74 23 53 70 84 52 55 45 88 73 31 26 52 22 57 97 80 22 53 86 51 58 39 98 27 68 32 90 79 78 52 83 52 89 15 48 89 8 62 52 72 69 13 64 53 30 55 8 4 63 11 56 33 7 38 68 96 53 30 69 94 67 43 82 98 60 29 97
99 44 55 76 33 77 29 71 1 76 55 42 72 48 72 24 4 29 55 93 60 85 70 10 71 70 43 21 20 10 68 93 35 48 69 81 7 48 95 100 35 91 8 68 57 75 22 78 30 20 59 33 96 44 67 69 75 30 11 48 26 77 59 14 54 51 68 8 17 19 53 74 80 67 25 61 20 31 29 64 54 30 75 86 52 0 36 97 16 46 68 24 71 7 91 35 66 53 42 88 93 43 47 59 86 94 17 71 38 21 71 56 37 22 72 53 100 19 79 63 51 65 6 57 85 95 0 5 22 52 57 25 45 12 93 82 78 64 4 80 52 87 70 59 21 27 46 14 24 3 14 36 63 26 48 53 45 16 80 51 51 82 30 78 5 75 58 5 66 84 73 51 92 40 75 69 98 16 53 44
68 32 69 5 79 81 6 62 54 28 36 38 65 93 23 47 96 64 61 59 63 54 87 39 88 19 46 19 70 17 16 60 49 82 44 39 27 66 88 65 60 2 61 74 17 52 53 67 67 38 95 4 27 99 57 86 95 53 82 58 63 83 50 33 26 86 83 38 60 47 78 60 18 10 60 23 18 82 59 14 9 35 41 48 10 28 88 44 34 31 93 26 53 61 66 6 73 98 5 20 89 11 90 33 73 40 88 23 10 25 10 60 80 96 77 31 78 84 68 41 37 88 0 72 76 40 92 33 1 66 31 42 33 8 52 52 80 3 17 41 28 85 85 60 30 50 4 89 89 84 50 92 52 80 31 94 57 6 28 33 38 14 43 91 41 89 62 23 88 88 45 34 100 52 27 38 14 82 83 97
90 50 81 89 85 44 39 70 77 99 26 13 16 56 0 4 90 45 73 32 12 47 12 1 67 97 45 23 90 9 83 47 52 57 61 95 40 72 82 58 44 60 72 10 22 85 24 83 55 35 57 60 5 44 81 97 76 92 71 90 83 36 79 37 71 90 78 39 87 27 3 12 97 75 54 56 77 74 94 2 31 34 58 5 55 4 93 31 88 64 41 55 39 32 73 98 74 19 73 30 88 99 80 82 48 73 66 90 82 27 58 98 99 63 40 37 64 3 71 42 21 83 36 7 16 13 6 38 57 98 21 62 82 59 66 10 55 43 28 61 17 96 57 52 28 72 88 17 40 11 26 42 99 52 61 79 67 15 51 96 48 92 87 75 87 11 5 10 82 81 50 39 0 82 3 19 87 48 43 50
63 37 44 14 7 51 20 68 15 8 3 7 52 94 24 26 3 80 72 90 12 13 72 62 70 32 71 53 7 18 77 87 26 5 93 80 37 32 64 48 12 6 49 57 92 82 48 14 64 1 47 83 46 50 34 1 26 1 59 39 1 17 7 9 22 62 32 19 20 54 11 81 9 16 75 67 43 75 46 100 5 75 75 73 80 8 63 25 32 73 96 56 71 68 22 61 10 30 79 77 17 65 59 52 59 73 84 1 86 88 47 47 70 4 80 93 95 41 25 66 21 13 61 37 83 65 10 13 38 34 52 60 81 86 16 78 87 35 69 73 76 93 54 74 88 26 98 40 91 3 51 50 6 41 47 17 69 74 53 64 87 99 80 51 51 27 3 33 42 12 10 33 84 2 0 15 25 57 39 76
2 99 92 9 48 62 62 11 5 0 91 67 62 100 79 62 67 49 97 77 25 16 32 97 0 79 21 57 13 20 53 32 10 45 27 9 35 88 66 41 87 41 29 99 3 11 96 51 2 36 26 75 10 71 24 7 100 14 70 24 31 63 78 57 19 78 3 83 40 22 28 68 62 48 23 33 44 35 14 40 13 26 84 15 26 14 18 35 58 0 38 7 28 28 34 54 15 3 73 20 30 78 46 55 80 4 20 12 3 28 76 46 56 65 42 31 46 29 92 13 33 68 94 75 68 38 17 21 23 22 0 38 84 50 85 76 32 8 97 26 11 74 59 30 70 91 56 26 15 10 3 81 16 58 9 71 31 100 8 36 0 14 36 3 19 86 88 31 96 32 57 73 3 74 63 24 97 90 69 78
34 100 54 14 62 35 10 52 76 99 60 72 45 62 13 24 81 38 13 22 49 90 36 58 80 49 38 96 47 47 23 92 69 79 40 54 65 19 93 13 90 21 88 76 17 49 74 18 80 98 62 90 4 54 26 55 73 72 67 68 6 75 32 86 31 20 1 28 22 51 26 49 85 24 26 10 29 90 71 87 19 49 9 74 21 92 47 14 42 74 13 65 99 37 84 84 36 72 37 69 77 30 34 99 1 38 7 10 29 47 27 2 35 54 40 78 65 10 51 20 46 92 70 46 2 94 96 99 1 15 38 26 99 38 43 16 59 57 68 98 90 74 62 8 52 22 2 44 5 85 11 89 68 72 67 5 87 95 72 95 61 46 20 39 62 15 22 86 98 77 66 62 24 13 50 30 50 33 8 23
86 16 58 29 84 42 55 51 90 40 56 25 85 5 28 92 50 34 61 74 77 90 41 50 50 7 38 40 52 32 44 9 82 99 16 65 50 54 22 77 48 11 13 72 20 68 100 32 36 63 65 59 46 95 9 34 34 41 9 32 100 98 61 94 9 23 69 42 23 96 65 91 35 98 1 73 58 50 64 95 62 43 47 99 62 58 78 10 72 36 16 24 29 1 40 76 13 17 48 87 79 9 14 32 65 19 2 57 55 44 19 83 68 62 86 55 22 11 17 57 45 31 62 13 90 80 78 1 11 92 66 49 83 15 90 29 67 19 64 13 15 0 20 4 80 65 16 64 2 75 100 63 65 49 44 10 79 56 43 40 35 93 9 24 39 51 37 86 73 33 18 17 38 74 16 82 63 26 43 58
95 62 47 15 64 26 47 61 18 21 32 61 91 96 33 92 29 88 6 17 5 50 68 16 94 37 61 69 91 60 10 70 4 83 70 63 98 33 49 35 74 53 1 22 47 83 96 21 30 93 50 69 30 49 93 46 5 66 58 71 51 88 87 63 83 85 46 37 87 26 56 66 23 29 80 19 41 61 19 46 61 57 35 10 50 68 95 3 31 66 21 96 63 77 46 15 71 1 95 73 85 40 37 58 75 23 12 10 59 71 35 1 68 49 79 15 75 45 13 42 35 37 30 81 92 88 89 62 12 92 10 91 18 58 37 13 8 17 0 42 89 92 73 34 51 77 82 80 1 29 95 17 99 12 46 8 80 46 88 90 34 69 29 43 6 73 91 1 74 34 90 72 68 56 52 53 85 36 3 69
39 98 85 58 71 99 70 21 67 69 81 20 36 98 22 64 51 54 99 37 95 53 13 18 3 72 85 92 96 8 99 27 12 7 93 62 17 96 22 57 15 97 10 65 83 77 83 9 2 5 58 19 77 83 86 79 71 16 73 61 39 88 59 17 19 26 98 78 43 43 45 73 97 11 88 84 69 18 13 67 43 3 36 79 33 19 74 74 13 12 12 29 29 31 37 94 24 5 65 7 99 7 40 49 84 92 31 3 39 77 88 74 53 36 43 24 7 91 85 98 65 38 0 83 28 55 24 74 38 78 89 83 56 71 32 73 30 35 75 87 74 73 98 24 74 1 26 58 40 43 89 8 63 77 73 85 53 88 46 18 11 9 95 42 77 28 79 65 46 18 88 59 25 33 4 91 23 51 68 35
7 36 8 59 91 27 99 34 10 58 7 26 76 50 67 49 16 28 24 61 16 36 50 85 96 20 31 99 29 46 14 0 53 86 31 90 50 76 43 23 63 62 45 0 34 23 92 70 45 100 37 97 23 87 27 23 43 0 26 9 53 4 29 47 47 44 3 33 39 59 60 86 92 71 20 23 65 1 99 54 17 39 8 70 52 44 67 91 63 18 52 2 36 10 65 45 31 69 46 23 25 66 0 37 87 70 43 21 87 81 27 19 95 42 24 90 8 44 94 99 37 78 51 86 15 35 21 37 99 10 10 54 27 22 11 46 35 30 2 7 64 85 86 96 13 91 33 70 75 46 50 86 5 10 38 32 68 13 81 97 11 89 1 2 68 62 34 44 97 24 0 21 42 67 28 72 75 87 73 100
75 10 16 75 6 12 43 18 81 40 52 10 25 96 38 1 35 81 9 77 5 78 78 74 33 81 22 17 72 40 24 58 36 55 31 32 49 3 14 36 95 27 75 3 98 31 100 68 89 38 3 94 33 7 98 38 21 83 58 14 30 15 24 69 0 17 78 20 68 30 99 40 98 58 72 44 79 7 1 96 53 35 11 18 38 86 17 67 23 47 10 22 22 34 65 81 55 27 26 14 25 77 82 29 77 35 65 3 99 66 89 71 76 95 67 3 2 74 28 25 85 23 30 62 86 85 77 14 69 19 54 88 14 46 16 51 88 93 33 90 90 2 25 64 81 95 4 34 26 32 40 56 90 92 24 77 13 12 29 79 19 66 20 100 10 52 40 26 3 8 86 6 38 90 33 7 9 77 36 42
24 58 66 27 49 59 51 8 85 11 5 89 14 22 22 8 92 100 33 14 66 8 42 61 26 40 74 87 37 65 75 5 52 0 63 44 30 38 15 66 6 12 70 32 48 79 87 98 53 97 0 36 3 22 87 32 8 22 93 85 19 71 40 32 18 74 16 73 90 57 13 13 41 81 18 37 90 35 26 38 97 36 69 99 41 96 83 83 33 19 43 71 59 78 29 55 74 92 94 9 70 0 81 34 21 47 16 20 90 12 53 55 12 24 48 73 17 12 16 21 85 92 9 32 89 95 75 82 65 79 86 68 85 49 45 8 24 90 40 23 98 69 15 60 57 97 75 91 19 58 95 93 26 79 34 89 39 10 61 37 71 50 78 77 55 54 40 40 99 96 3 18 39 13 50 54 19 17 85 30
61 31 17 16 74 44 60 5 32 47 98 43 76 82 31 42 48 38 4 92 54 86 58 29 4 11 49 90 6 42 42 32 48 95 98 60 29 96 16 98 44 40 23 30 22 79 17 84 33 74 62 15 67 8 2 62 71 26 2 96 43 71 43 54 65 84 97 1 18 56 36 34 45 84 16 18 52 64 18 94 63 48 50 46 46 38 86 40 7 0 32 21 2 61 77 12 23 87 30 15 57 23 8 68 31 88 49 61 78 44 19 38 27 12 3 59 31 91 71 25 18 38 86 71 68 9 49 68 28 10 60 82 7 99 17 50 54 60 89 23 83 7 12 34 4 7 76 12 68 18 8 71 72 21 27 60 31 25 43 100 84 29 3 61 89 29 18 100 13 9 84 36 95 96 20 94 40 98 65 85
98 21 72 2 49 19 33 28 67 9 51 57 54 99 15 42 100 5 11 33 96 100 64 64 57 29 24 55 30 5 79 68 94 32 24 6 33 62 27 71 40 63 26 57 55 48 91 41 52 16 27 40 5 12 33 4 75 3 95 57 46 12 97 38 52 50 23 36 16 43 14 20 66 96 94 11 59 73 78 89 25 33 55 40 77 67 54 46 62 61 21 88 44 49 77 85 76 54 32 36 25 40 9 77 41 27 87 56 57 23 50 48 2 93 99 56 23 4 84 88 49 28 97 100 50 88 6 88 100 0 67 95 98 29 54 85 2 77 11 99 30 2 5 22 77 30 23 16 93 97 9 100 12 23 87 2 1 1 76 27 0 23 99 95 2 2 45 48 55 17 3 27 13 55 14 95 21 33 57 38
96 62 29 42 33 80 51 73 47 86 17 4 45 9 0 42 81 48 92 1 64 5 47 75 60 22 35 68 72 61 47 47 81 98 62 43 89 81 12 50 16 71 68 1 83 27 17 88 11 99 34 80 19 57 37 44 55 99 42 42 75 11 74 80 64 24 44 91 96 84 28 56 68 30 3 38 94 3 26 43 49 76 80 83 48 11 65 67 100 69 80 20 33 14 100 76 58 22 65 41 1 95 15 5 60 77 34 76 44 43 54 49 14 16 56 9 9 89 6 5 57 59 17 1 60 94 39 91 8 3 95 33 41 35 12 74 45 34 55 68 62 90 100 89 78 65 16 77 50 36 52 10 53 40 34 68 96 87 11 53 40 96 53 50 89 50 25 8 61 48 33 98 14 55 92 73 51 23 99 69
