23 18 64 66 30 46 10 5 3 31 28 39 36 4 79 88 88 14 15 37 50 12 17 77 15 1 14 7 43 22 41 76 0 96 25 5 63 99 16 36 9 84 3 82 17 83 3 74 15 91 55 98 100 67 82 12 34 73 44 74 90 59 47 46 24 88 10 61 70 22 46 21 16 17 100 28 32 15 49 97 49 33 88 86 9 7 42 53 12 51 48 3 36 2 50 53 1 62 41 57 81 1 21 14 54 99 20 39 70 88 85 48 52 22 56 91 54 71 97 21 30 64 93 35 47 7 37 70 70 78 85 62 29 4 19 6 50 84 59 96 87 14 12 1 72 53 16 90 9 19 99 60 75 7 81 44 58 95 66 20 77 95 45 22 65 96 20 76 6 64 52 83 37 91 94 68 1 38 38 40 38
3 67 33 58 97 29 67 77 81 6 91 49 74 38 29 1 65 48 12 67 85 66 39 100 38 64 84 16 67 55 40 72 94 46 22 71 30 5 59 12 28 36 45 31 54 90 21 7 89 98 83 36 95 94 83 26 100 36 28 27 69 42 79 67 8 100 46 64 15 35 87 96 78 63 87 32 85 69 51 92 10 100 57 49 57 72 79 10 74 44 37 29 19 69 34 41 41 5 79 99 15 68 33 4 63 16 9 40 20 98 80 0 65 44 83 68 92 23 86 10 55 88 22 37 98 20 80 15 40 56 93 8 11 91 2 73 38 42 94 10 10 37 14 28 97 55 57 30 2 61 23 83 18 20 99 46 20 55 63 20 78 98 60 69 34 66 38 90 71 30 15 28 32 59 25 14 63 57 90 63 4
70 59 73 94 57 86 55 46 65 32 41 47 47 24 9 98 64 5 29 37 51 59 49 25 47 1 79 43 56 43 70 69 9 86 78 56 72 58 22 55 5 97 77 38 25 5 75 15 7 36 7 62 94 22 88 77 2 54 14 41 76 28 22 20 2 34 91 50 24 88 21 48 93 98 24 92 76 13 46 19 47 68 73 95 22 24 15 20 27 34 69 50 97 51 48 85 42 97 43 21 10 12 79 51 85 71 50 97 87 40 5 89 55 14 12 28 53 14 50 75 83 4 5 18 36 65 93 98 3 60 0 41 33 100 25 42 81 33 95 23 60 100 91 3 12 48 69 67 93 84 5 81 77 21 5 14 63 72 70 78 60 91 57 19 96 78 21 3 73 89 35 28 16 35 25 46 93 77 100 15 80
36 28 45 44 9 7 96 96 39 70 44 100 7 26 52 42 8 0 41 17 31 52 12 100 43 38 90 26 66 18 19 79 21 66 11 31 19 15 94 50 42 64 82 56 15 61 69 11 16 86 75 21 37 90 20 64 49 45 16 89 62 12 14 3 68 67 12 57 51 95 10 5 75 32 46 22 22 45 58 86 53 90 6 20 4 19 38 62 17 96 22 10 38 87 71 9 30 92 87 13 22 50 61 3 4 55 27 55 3 37 14 33 75 33 90 100 18 10 91 22 4 22 50 13 94 71 1 94 32 92 48 81 30 48 27 37 43 82 1 99 97 90 15 64 100 33 11 59 36 99 55 11 23 61 75 92 85 78 64 39 82 97 93 39 89 25 86 86 40 37 91 96 60 62 15 69 42 14 29 46 84
61 10 38 6 18 28 13 11 51 96 11 45 26 36 41 32 91 47 45 45 60 86 3 67 70 20 28 96 34 55 98 77 62 86 40 44 9 87 20 87 84 31 13 77 20 59 86 58 25 35 26 71 10 27 59 67 63 1 84 9 33 81 67 74 16 81 44 90 88 96 20 65 88 18 15 70 86 7 84 42 37 45 32 89 18 86 12 78 17 49 61 50 18 34 42 40 99 37 5 38 57 54 0 12 39 14 57 77 0 5 95 63 94 55 27 0 98 68 73 15 88 0 81 97 83 87 87 98 60 31 54 15 13 48 14 37 40 58 64 48 73 84 66 1 70 95 30 55 78 70 74 67 7 54 23 95 55 22 43 72 78 89 94 9 10 77 8 11 56 25 2 81 66 43 35 71 22 93 33 47 43
46 57 65 67 10 14 71 71 27 58 55 2 77 70 9 59 13 95 80 17 9 37 12 94 12 19 48 38 84 16 56 61 44 32 82 42 33 99 46 36 62 32 59 95 31 85 81 35 89 27 6 71 89 43 65 41 57 79 48 36 56 45 97 14 29 96 57 24 71 88 29 10 84 35 1 37 56 58 92 67 85 37 52 66 44 99 42 84 39 22 79 39 0 19 67 72 15 52 23 26 40 45 56 5 14 29 61 33 14 3 55 56 82 11 89 94 63 9 86 74 9 47 30 66 73 70 90 83 74 99 8 91 33 67 11 44 86 7 66 27 13 87 2 7 61 62 40 26 0 13 4 95 31 89 18 18 83 42 61 23 80 6 21 30 93 85 54 17 58 18 82 11 51 24 26 3 83 2 16 13 4
43 18 100 57 21 2 59 69 98 75 29 34 18 10 1 45 47 62 12 7 79 27 9 44 82 46 47 93 98 21 33 85 59 44 23 65 25 96 79 7 74 95 92 43 89 22 7 59 57 1 6 85 42 41 87 28 84 7 73 57 47 35 61 29 37 27 81 34 25 13 43 47 85 36 20 35 53 13 98 20 86 89 67 8 40 28 26 68 93 30 5 20 6 37 93 49 66 19 70 8 60 51 22 9 7 53 96 92 29 17 83 80 4 36 43 12 70 81 61 64 79 52 83 92 44 74 4 59 94 31 40 1 10 84 2 5 43 5 93 36 66 64 22 85 36 53 64 61 100 39 76 77 97 23 71 98 49 82 13 28 21 65 82 1 22 52 11 62 29 28 82 91 77 35 58 100 88 18 14 49 20
92 64 46 2 30 63 1 53 1 97 46 12 65 72 25 53 88 63 23 87 35 16 38 34 2 36 83 32 24 71 61 68 3 76 84 79 81 65 47 29 31 11 92 65 87 35 94 9 12 21 93 77 27 87 60 68 98 82 74 33 71 51 53 11 24 61 44 61 69 67 2 22 91 28 98 57 61 57 83 24 97 1 65 94 80 71 64 71 69 41 57 13 45 39 35 59 60 38 5 33 27 38 91 67 2 87 98 89 77 54 92 53 67 33 85 73 90 82 44 11 44 66 41 58 76 60 46 73 39 21 98 27 68 63 13 64 37 87 2 84 3 86 42 66 61 95 3 79 92 77 73 91 86 90 38 68 54 7 39 41 53 97 92 86 6 12 84 16 80 47 9 78 91 30 15 94 54 58 47 56 95
42 6 69 94 45 26 45 10 58 34 38 0 18 49 9 62 86 76 6 4 3 95 52 38 94 17 1 83 30 47 48 46 64 57 69 19 83 59 47 85 57 14 0 28 0 17 100 13 9 4 51 100 45 89 99 96 50 22 53 72 31 85 55 27 70 6 3 7 46 34 24 70 18 83 1 15 90 78 70 95 80 89 51 67 55 42 72 52 28 96 88 36 70 71 63 59 44 45 15 90 98 24 0 90 75 16 94 34 38 5 37 89 10 91 68 20 45 97 37 46 68 9 23 44 74 69 0 48 5 28 33 77 90 69 33 69 49 28 72 34 99 58 42 5 52 23 70 39 96 65 40 13 6 81 13 32 0 51 34 71 71 24 32 46 22 38 87 76 17 25 58 15 71 86 6 92 62 13 93 53 29
36 46 19 9 45 1 60 52 80 1 23 83 63 81 19 3 55 84 15 25 40 51 2 70 25 62 82 47 31 71 95 12 24 3 33 94 23 18 12 9 90 94 31 63 62 95 94 37 27 92 88 89 36 63 46 70 41 85 24 10 78 2 43 3 75 32 35 14 40 86 82 43 58 46 0 22 39 13 28 66 41 6 16 30 84 49 69 84 16 66 93 37 37 78 43 86 5 86 67 99 14 71 21 90 0 94 73 21 56 51 89 44 38 37 28 66 100 8 52 73 22 30 13 10 7 80 48 14 29 95 61 100 80 43 54 22 58 47 77 24 41 37 13 84 44 91 11 19 77 12 6 27 30 39 33 10 18 21 23 25 70 76 71 48 67 76 84 86 12 74 35 18 73 97 35 75 19 6 59 84 52
64 56 44 39 48 24 61 45 93 53 8 62 58 41 87 38 2 50 38 81 14 100 61 20 58 88 9 97 63 63 88 24 70 56 74 59 18 2 10 46 37 77 34 26 94 92 25 44 39 59 38 11 81 88 92 35 75 57 55 52 14 81 36 64 11 76 53 78 66 77 5 40 41 59 70 55 12 44 31 10 97 86 90 37 2 8 91 51 79 28 85 90 18 100 89 76 10 60 90 70 12 42 73 42 24 83 36 76 0 13 41 93 92 66 76 64 56 64 85 49 36 66 54 21 70 24 33 64 52 6 28 53 90 42 13 69 54 58 75 82 100 17 87 82 13 55 70 84 40 1 30 32 99 62 58 10 96 81 24 21 89 54 63 60 43 86 5 61 95 99 29 22 43 32 81 30 93 30 46 86 32
60 35 9 44 64 57 73 8 22 20 63 15 99 6 73 39 88 4 65 38 89 49 60 27 74 5 11 29 29 61 97 2 45 12 19 56 31 47 92 56 48 64 45 67 60 2 56 53 47 21 42 93 31 28 94 52 94 56 30 20 77 18 25 91 58 90 34 18 10 35 27 92 68 62 48 54 35 29 71 83 75 85 50 49 27 39 45 70 71 68 35 11 92 38 56 18 14 21 13 94 64 54 2 48 96 54 56 19 12 99 40 75 36 65 35 74 9 100 56 8 35 2 40 66 27 78 81 58 17 92 24 97 74 30 19 37 70 89 77 73 93 40 74 18 56 60 34 56 18 63 0 33 54 86 20 57 95 98 3 9 97 14 14 11 94 99 35 22 79 59 60 79 89 22 94 65 92 55 59 24 20
100 58 18 19 43 27 55 32 46 60 1 15 84 32 97 33 24 6 48 7 80 54 83 46 77 52 84 83 38 45 26 100 24 52 68 55 45 1 17 7 45 54 42 92 13 94 81 88 67 73 7 46 19 17 91 4 23 87 27 96 77 95 33 26 89 22 86 66 23 47 67 35 63 32 26 21 31 78 57 86 25 12 93 93 20 64 52 99 11 11 78 37 26 0 22 25 70 96 54 93 28 98 71 24 12 90 42 51 13 8 83 93 66 25 90 30 15 86 21 10 4 37 30 51 44 53 88 41 14 86 3 3 26 85 34 40 97 88 8 22 30 87 64 78 31 24 6 30 2 8 10 78 46 9 27 65 1 80 46 68 32 41 98 60 77 1 53 91 7 86 53 52 36 96 1 38 1 59 70 77 34
21 26 17 56 25 72 40 53 38 82 37 15 70 40 30 54 30 4 31 12 75 23 57 34 79 57 51 91 35 15 23 79 9 26 29 58 34 89 85 1 87 0 45 8 30 58 76 92 33 77 32 85 22 20 8 79 56 97 38 45 84 6 15 53 31 71 91 29 19 13 88 17 80 9 0 79 1 0 41 6 98 88 37 85 54 13 74 40 76 3 61 64 46 16 58 1 42 79 77 55 93 93 28 72 46 46 69 83 37 81 54 20 65 10 10 68 6 37 59 51 91 95 77 81 60 16 32 54 34 96 4 0 5 87 96 35 59 45 60 31 11 34 88 53 61 8 6 8 24 86 95 68 89 94 81 41 48 63 8 49 15 96 54 90 7 98 32 2 91 83 64 20 12 73 83 63 80 21 32 35 50
24 34 74 76 39 67 20 81 83 49 63 50 35 11 38 50 48 89 54 15 14 38 81 67 41 79 28 54 43 42 39 75 87 84 23 17 16 21 38 63 99 2 47 47 48 60 15 36 85 84 53 10 2 8 54 15 73 65 50 90 68 30 11 14 56 5 24 8 83 94 48 50 35 67 90 2 53 94 85 76 7 27 0 89 65 54 73 34 72 54 49 17 64 45 46 52 5 63 93 34 52 1 91 5 57 91 28 41 91 90 44 22 44 86 84 64 11 38 74 42 54 72 7 80 34 68 12 5 71 40 89 53 68 25 51 90 99 78 60 92 36 12 59 81 67 24 26 26 8 60 45 2 52 37 6 76 82 77 63 95 38 53 43 55 99 54 49 100 39 19 97 13 97 86 100 86 94 94 9 19 19
11 5 66 34 29 5 68 89 63 60 86 56 88 96 47 88 24 3 81 10 79 97 64 31 74 35 32 22 47 16 20 44 66 9 17 1 32 8 51 4 77 32 69 72 55 60 97 69 3 35 24 31 29 71 81 86 83 13 50 27 39 73 6 99 97 5 30 29 69 31 4 45 96 50 99 90 7 11 76 0 8 31 82 52 88 10 40 90 28 91 17 71 3 94 2 30 58 64 18 23 25 63 92 10 31 63 45 63 88 49 19 44 16 9 42 52 46 2 77 16 35 48 35 76 54 76 11 43 23 30 5 62 73 51 34 88 48 99 61 99 59 3 36 73 30 37 2 37 75 3 31 63 96 66 61 67 94 62 22 88 14 31 49 30 56 46 43 35 16 34 31 95 73 70 43 3 3 67 18 70 93
62 58 86 70 8 34 57 84 63 11 28 55 72 40 21 57 81 88 53 44 64 4 59 85 63 14 81 91 12 17 23 51 8 23 75 49 0 1 26 89 67 31 37 41 87 85 58 81 59 55 72 23 52 4 73 56 25 40 61 95 21 68 86 83 67 10 93 9 93 30 85 80 33 53 42 43 23 25 7 40 29 97 19 47 80 81 14 90 67 2 16 54 13 31 74 87 61 59 22 100 34 19 66 9 69 35 71 32 7 41 82 94 99 19 9 93 47 73 61 72 33 58 74 78 25 40 96 13 74 29 15 21 22 85 24 5 32 18 42 27 30 94 37 43 11 28 99 15 36 8 89 20 4 74 6 25 61 65 38 77 33 8 31 73 45 58 10 36 19 84 61 71 17 92 38 21 41 45 45 50 2
2 65 90 8 61 83 94 48 62 19 91 29 71 73 88 82 14 0 79 96 57 54 37 21 75 68 67 20 81 77 94 0 37 0 66 24 40 77 99 41 23 5 63 32 42 37 2 37 58 48 31 93 17 32 65 12 75 81 31 91 45 0 29 63 62 85 65 30 2 78 65 73 66 37 14 92 63 11 61 98 60 57 33 69 82 6 43 17 53 86 94 55 79 52 86 11 94 62 57 36 83 49 16 19 82 23 47 81 78 28 50 57 34 9 39 30 3 19 81 41 9 92 85 85 3 57 21 47 62 76 64 33 97 57 35 99 90 48 6 42 83 33 65 100 40 41 95 90 61 4 23 18 13 25 30 88 91 82 71 56 15 45 90 53 20 94 65 46 13 56 6 73 31 75 80 59 23 58 75 26 19
83 9 28 8 5 36 70 40 34 30 84 40 97 90 42 26 96 94 6 44 66 4 61 60 85 87 26 56 88 63 100 95 19 49 63 11 100 96 100 17 86 26 35 53 56 74 63 12 10 10 90 62 75 70 35 63 4 5 84 20 36 90 93 27 31 88 23 11 17 60 56 9 55 90 52 80 31 48 56 46 23 52 54 1 3 68 31 18 20 66 80 95 45 30 40 54 82 4 98 71 84 64 24 23 64 30 54 96 16 94 64 60 67 34 30 10 44 33 33 6 3 96 90 94 44 18 60 51 67 26 13 70 55 7 23 68 80 16 10 52 30 55 95 6 82 12 50 89 26 22 27 89 54 70 21 77 38 67 24 34 76 56 39 46 3 75 75 100 62 64 45 73 78 75 56 19 0 74 96 10 24
24 75 82 15 47 81 83 64 46 48 18 36 51 5 71 76 91 94 100 63 30 69 47 25 38 96 47 1 15 79 22 4 38 3 52 54 17 93 61 43 92 42 99 75 23 98 63 51 8 86 31 39 86 7 9 40 88 59 30 46 66 99 90 29 73 13 79 3 87 78 66 95 92 35 89 22 12 57 70 69 37 4 83 43 26 82 54 48 84 69 23 85 20 48 53 42 95 32 23 29 0 14 51 33 64 64 99 94 24 54 16 13 9 1 73 16 52 82 30 91 66 74 41 16 4 31 38 89 41 84 37 94 89 82 23 65 50 67 41 40 2 40 56 4 85 21 53 67 35 96 64 43 4 75 35 76 68 26 53 31 87 70 87 46 19 15 50 47 93 47 79 44 94 6 88 87 26 48 39 82 87
93 87 51 68 5 63 43 15 81 96 56 41 0 95 47 10 28 41 56 72 49 98 79 29 16 15 75 31 51 41 72 30 52 57 16 80 92 1 14 42 82 2 10 95 8 28 100 93 93 57 15 81 57 91 66 100 28 80 93 77 14 41 7 53 58 98 21 19 15 55 66 56 72 41 100 31 15 27 0 5 74 38 11 88 7 95 87 45 52 61 23 63 63 73 67 11 8 87 56 48 7 58 76 92 62 49 99 69 21 51 54 25 80 89 57 38 95 19 66 80 80 42 1 42 99 43 98 16 40 88 96 67 7 11 46 22 29 92 93 8 54 7 29 96 22 54 68 75 68 4 50 60 55 83 64 33 3 73 53 62 27 38 58 73 82 32 24 96 33 39 61 95 29 15 66 54 56 18 13 90 75
60 61 85 95 16 52 100 100 26 78 87 59 89 18 82 17 3 65 28 64 55 65 90 2 85 74 61 12 73 74 8 46 80 21 73 56 74 9 79 0 28 65 86 56 67 15 24 41 62 28 4 100 25 41 62 4 9 82 61 38 2 57 63 11 25 6 82 9 96 11 28 52 55 49 18 85 90 22 9 99 68 100 72 1 25 88 14 27 33 83 8 78 32 39 84 15 13 47 46 45 56 80 65 67 73 12 43 27 56 22 0 38 83 2 12 67 46 5 22 96 70 44 2 84 68 11 23 99 79 31 49 79 19 72 67 34 75 9 31 5 16 40 77 56 6 73 21 93 72 63 62 33 41 23 46 77 31 94 95 1 66 58 45 73 38 74 70 67 73 41 94 62 93 10 95 19 73 59 82 57 86
16 83 87 80 89 74 82 31 35 34 21 95 71 19 70 60 31 24 64 91 87 40 89 90 36 69 37 97 22 8 14 13 83 19 59 52 28 63 82 99 31 97 1 85 81 4 25 33 98 80 14 19 28 0 70 38 65 6 75 35 42 85 83 34 55 19 18 46 80 89 48 72 29 95 80 55 70 72 57 81 19 10 2 95 29 59 17 66 64 33 82 23 61 25 27 82 74 24 86 20 100 39 53 54 29 90 69 53 10 97 56 40 65 30 70 85 100 73 64 84 6 68 67 71 26 90 77 79 11 53 78 71 45 31 41 60 38 53 98 86 40 82 56 45 55 100 100 42 100 94 30 22 14 68 90 98 28 16 56 30 71 17 90 89 99 40 35 63 52 47 13 31 25 52 18 6 24 31 7 24 15
40 20 96 80 71 18 86 17 82 24 67 37 36 36 14 53 90 99 75 73 27 37 77 3 27 46 99 24 84 6 8 48 69 90 70 84 14 78 16 12 98 25 25 66 40 48 71 64 97 95 8 22 10 9 67 93 73 41 30 73 50 47 42 50 54 25 45 78 25 73 24 9 21 14 95 39 33 6 82 7 93 81 55 61 77 19 69 77 90 6 30 42 8 11 79 27 68 97 69 41 53 6 94 48 64 20 23 81 16 18 73 96 63 72 13 54 35 34 54 25 71 98 79 10 94 71 64 10 21 76 12 55 77 59 96 31 69 19 21 69 18 54 93 66 2 31 85 26 63 45 34 3 97 10 36 86 18 1 39 36 50 83 94 32 70 13 35 27 36 58 23 83 49 94 76 78 28 64 9 46 39
13 24 52 93 77 83 12 47 14 28 0 3 18 26 76 63 87 30 20 26 95 12 96 18 69 3 58 82 52 38 73 52 61 62 65 49 67 72 27 65 64 72 42 90 43 14 86 34 99 66 48 89 27 79 100 65 24 38 50 69 58 26 52 52 70 90 71 59 57 89 1 34 1 97 74 42 61 31 11 32 91 92 19 67 44 54 94 64 68 91 92 62 5 72 33 52 38 22 41 67 48 55 22 17 30 3 40 82 3 92 28 65 82 76 85 55 100 34 22 51 51 18 54 43 86 40 92 17 87 71 21 42 89 95 12 71 59 31 26 44 35 13 48 70 43 57 50 20 6 31 20 58 50 9 56 90 64 98 77 5 53 47 21 12 52 41 99 78 5 45 58 67 95 82 68 0 81 37 68 53 20
56 18 93 7 98 38 80 99 24 42 32 33 39 50 69 92 45 64 22 14 99 49 4 36 95 23 30 40 48 23 74 49 56 30 33 19 79 100 71 61 10 81 61 94 86 77 13 69 87 11 6 35 68 22 88 48 94 31 97 27 94 39 66 32 56 20 34 82 20 46 27 42 0 3 52 80 19 96 87 81 84 40 7 24 91 67 33 7 63 77 50 39 5 33 85 37 67 87 67 23 77 19 98 31 96 22 85 45 12 49 94 59 26 10 0 15 96 32 56 25 45 58 48 13 74 6 46 48 81 76 58 30 51 16 40 24 22 28 33 24 96 57 49 60 26 76 47 100 98 86 39 72 44 95 12 24 27 33 18 80 44 87 18 76 74 8 47 81 20 53 17 2 0 90 50 69 22 38 58 51 68
90 37 81 81 79 28 97 71 0 49 57 37 77 30 99 60 26 34 37 12 65 32 70 2 19 96 33 45 96 54 35 33 1 76 95 8 61 92 77 34 33 62 78 61 74 41 73 79 92 74 77 9 45 10 37 90 17 58 66 67 25 78 93 88 42 10 72 11 78 92 93 81 24 0 62 21 90 24 88 81 97 30 67 62 0 21 26 79 19 19 54 51 16 33 66 58 24 20 29 47 81 49 37 92 35 38 56 89 57 77 95 94 16 94 97 48 13 68 26 26 9 47 52 49 56 0 19 77 88 80 4 70 73 3 5 67 20 5 9 53 46 95 94 69 31 37 18 70 16 74 23 99 4 3 28 17 20 4 41 19 35 62 14 85 19 32 78 61 62 94 1 26 77 9 26 68 51 37 25 24 54
72 21 43 5 89 9 18 17 4 51 67 12 76 38 32 95 15 28 71 21 67 87 23 63 59 19 13 68 7 7 79 3 45 88 42 33 67 63 38 97 98 81 63 30 11 49 67 84 49 2 21 65 72 97 85 86 46 7 86 41 21 71 28 9 86 85 15 44 35 100 20 61 44 57 24 39 31 90 32 68 67 77 60 99 38 21 88 67 89 93 31 54 52 59 23 91 81 88 3 74 15 25 62 94 99 44 48 91 94 87 9 71 82 74 73 75 61 21 1 79 97 68 24 53 51 60 68 88 43 49 0 86 4 82 25 65 79 38 19 41 70 65 82 43 31 48 96 81 56 49 14 99 49 87 58 89 77 27 50 49 61 81 34 67 92 72 36 20 72 2 79 0 72 9 60 19 33 34 95 22 47
51 86 7 93 4 90 56 42 90 22 2 87 92 3 85 64 67 87 10 41 94 34 99 52 96 6 66 54 15 48 69 32 94 67 0 19 3 56 29 54 6 86 91 73 87 82 14 15 63 60 53 84 13 13 30 68 37 44 49 50 11 46 50 41 75 37 59 48 42 91 89 1 43 4 6 14 38 88 78 12 21 63 99 51 16 30 43 61 45 83 41 47 80 88 60 70 86 47 39 8 2 14 69 50 6 48 31 8 15 73 78 93 80 70 72 24 92 17 35 17 59 50 52 84 32 77 4 50 73 66 18 9 31 66 21 71 85 91 42 79 52 2 77 14 94 68 26 9 70 0 87 7 4 84 28 51 55 90 93 84 44 10 13 42 73 7 41 68 88 33 13 14 88 72 24 16 7 92 77 75 93
60 57 20 63 89 14 48 82 43 34 28 99 8 44 40 36 54 27 92 80 22 92 85 79 37 59 57 78 49 73 84 96 49 56 53 99 74 100 8 13 95 3 61 7 34 96 88 19 1 42 87 55 26 18 8 58 2 37 74 58 51 15 19 11 33 99 57 59 36 50 31 49 17 6 94 58 33 40 83 64 75 9 31 5 61 30 39 29 44 95 72 67 94 60 19 1 40 60 0 32 2 71 43 86 57 53 82 73 50 40 100 80 9 27 24 76 80 12 48 7 8 7 63 3 67 77 46 9 66 59 91 56 72 38 73 76 35 10 73 35 8 55 22 7 81 98 10 70 39 75 35 14 50 49 66 29 10 95 81 3 62 86 12 68 5 24 94 63 38 58 97 53 13 94 92 86 73 21 94 50 68
85 51 9 67 62 73 3 44 86 12 46 79 1 18 57 86 10 36 81 59 79 91 72 37 35 59 76 90 48 10 4 69 39 70 42 66 16 5 36 79 33 33 44 29 57 81 91 40 31 35 94 67 85 40 65 27 49 56 42 69 15 3 82 73 36 32 84 100 98 18 67 78 76 33 23 5 62 5 58 99 31 12 6 23 93 13 39 2 57 56 18 79 40 32 49 89 60 57 86 33 66 25 25 61 79 43 55 92 48 62 86 69 75 70 48 75 3 75 69 68 61 95 19 95 35 34 2 29 97 10 69 42 91 57 66 67 92 91 1 8 74 22 7 14 29 30 60 1 72 94 97 72 66 63 65 87 31 96 16 27 77 42 21 84 52 45 9 33 67 64 9 34 69 16 57 0 34 76 3 37 13
41 88 48 6 29 85 5 89 40 14 61 74 17 81 64 53 79 62 19 62 19 97 71 68 10 34 4 87 61 56 78 19 85 30 41 0 10 97 61 6 6 54 69 23 0 95 37 73 93 56 60 99 55 2 31 27 54 39 29 29 19 15 97 33 37 95 52 4 6 25 100 23 39 33 84 73 28 9 98 20 27 50 28 95 28 8 50 3 38 15 19 80 52 85 75 36 70 2 61 73 17 43 7 55 63 98 70 45 43 72 41 17 44 14 84 69 32 86 70 39 54 54 58 35 58 43 84 12 88 48 56 73 1 96 64 59 55 60 50 84 84 39 57 97 33 56 31 67 82 30 37 68 11 52 95 69 42 54 64 88 79 84 96 43 57 85 62 8 29 15 8 50 10 62 52 96 60 75 14 27 70
71 74 33 28 20 15 42 66 18 5 82 17 0 79 2 87 18 91 78 79 78 48 39 31 24 72 75 17 69 55 16 10 54 27 40 93 45 71 18 51 84 33 95 7 74 45 32 86 32 27 67 34 27 44 23 63 83 71 69 96 55 2 94 70 3 57 45 77 49 31 93 7 16 32 72 27 25 32 40 79 86 9 86 17 36 12 65 45 89 34 22 27 20 62 69 76 53 14 80 45 2 73 27 54 93 14 86 23 1 13 39 5 29 74 17 5 5 82 78 25 68 84 66 59 54 96 99 6 67 14 85 89 85 12 55 75 79 30 69 54 57 61 8 67 36 46 23 22 89 19 48 97 12 70 100 62 41 3 51 79 55 61 1 52 34 91 17 50 8 70 71 29 96 10 28 28 40 53 57 19 59
98 23 87 89 96 65 57 44 52 67 42 42 31 67 86 44 54 91 85 28 70 9 28 33 11 15 72 38 80 21 80 6 24 82 5 21 70 41 59 10 97 60 99 13 88 42 5 12 81 28 12 99 82 50 95 63 0 36 44 37 51 65 85 94 7 28 33 70 80 25 3 8 59 90 97 77 83 96 23 46 13 73 11 48 19 52 82 67 49 70 100 22 0 23 58 1 42 73 47 15 64 0 79 95 32 39 63 35 14 25 37 43 98 14 3 33 27 63 37 52 29 2 6 30 32 67 91 57 70 93 64 88 30 16 28 82 59 40 3 63 24 52 18 81 20 19 23 65 8 99 30 94 33 3 17 69 73 27 96 31 33 80 24 55 53 85 47 4 73 62 55 54 56 73 37 24 13 89 35 1 95
16 25 27 28 50 93 34 18 71 7 25 65 82 53 71 39 55 59 39 70 95 22 45 31 4 67 84 9 19 93 20 16 98 17 0 46 48 14 22 25 57 65 17 34 83 84 78 90 89 15 83 24 8 8 72 96 28 68 7 90 90 37 66 89 79 7 6 26 32 63 59 69 45 16 82 83 20 87 81 76 10 24 69 54 22 4 71 98 50 66 49 32 89 87 51 46 75 0 85 18 32 88 66 43 38 23 70 44 43 67 15 74 44 66 39 73 9 85 49 64 57 10 63 16 81 47 53 14 95 76 48 20 31 88 67 6 30 63 99 30 33 81 42 11 59 40 40 70 90 49 61 5 28 58 72 73 70 27 9 60 88 85 8 40 41 26 58 30 64 29 36 50 20 41 43 22 63 96 75 2 20
89 28 95 9 15 84 6 40 7 70 5 8 63 20 5 26 80 76 36 45 31 16 97 62 99 98 44 62 44 2 10 49 94 21 79 6 81 70 24 40 44 91 32 54 27 35 11 72 75 20 62 5 77 68 59 27 49 5 20 33 51 61 50 23 84 88 56 3 22 69 93 33 70 6 44 4 24 29 21 41 29 80 97 22 27 4 76 16 15 7 69 47 60 91 11 57 16 76 83 15 73 62 33 65 11 56 84 30 87 72 72 41 35 67 1 82 7 45 29 59 32 0 76 39 90 19 14 44 49 33 41 20 5 87 62 77 54 7 50 14 27 26 51 67 91 20 90 43 88 100 5 92 86 88 19 4 27 15 100 38 21 43 73 1 71 49 38 80 2 2 81 69 23 53 18 60 72 78 67 67 82
69 42 66 94 1 83 17 97 71 11 33 61 60 96 86 97 38 45 90 34 17 61 9 84 8 35 72 16 92 37 68 23 31 16 69 18 71 76 54 13 28 30 84 38 49 26 6 65 55 2 43 70 87 83 77 55 53 94 10 92 9 32 14 52 53 36 81 3 22 74 35 75 20 44 1 59 66 52 13 62 50 17 2 97 60 54 38 21 68 72 43 34 21 81 24 4 13 58 65 78 73 50 28 44 24 93 20 74 14 87 64 65 27 56 71 51 23 44 80 95 62 65 44 29 53 28 24 32 46 40 51 61 71 19 81 5 12 100 35 13 38 75 25 51 72 99 41 70 4 57 57 86 94 8 91 15 51 84 77 37 95 38 17 6 44 23 80 49 34 98 57 94 90 14 28 82 33 46 20 21 41
80 1 43 78 96 74 96 41 34 77 60 74 70 43 21 69 40 90 74 13 21 25 52 85 15 60 24 17 91 76 45 98 12 25 80 61 52 79 75 20 73 77 85 28 17 95 79 22 86 58 93 64 72 58 22 10 44 95 69 47 86 43 47 8 58 46 1 89 25 78 73 16 38 35 20 82 88 55 76 9 52 74 43 41 85 8 29 38 64 23 19 91 32 33 58 69 65 67 72 79 39 15 71 93 61 6 80 53 37 9 100 5 35 39 56 22 72 42 8 84 3 39 29 98 44 4 51 82 21 58 81 70 66 55 18 92 90 38 8 6 78 100 2 31 100 2 68 13 84 97 30 69 28 38 94 6 6 72 58 98 86 46 57 41 8 96 70 14 58 20 29 74 11 40 75 42 19 46 5 75 57
58 55 27 4 28 76 32 66 12 23 86 8 14 86 100 46 28 37 92 93 12 82 92 22 95 10 8 60 49 4 58 54 64 19 41 51 68 37 74 45 100 28 17 96 32 96 65 24 56 15 50 58 15 39 28 35 24 41 3 69 77 58 7 27 47 81 9 50 19 30 31 63 15 88 71 27 13 43 86 15 96 75 61 12 94 36 90 43 56 74 73 24 62 75 77 17 18 89 91 44 70 26 37 95 36 31 59 77 0 15 30 1 60 21 16 13 73 61 76 1 63 41 27 44 100 8 38 43 54 70 56 60 43 11 90 23 100 38 77 6 50 20 57 39 1 3 63 85 91 66 83 12 83 12 97 42 30 19 96 27 16 97 42 61 97 73 47 31 38 86 43 48 53 57 33 3 76 21 80 26 16
48 63 39 30 38 56 76 18 8 1 46 77 56 11 29 9 36 75 70 70 63 73 31 9 21 25 51 59 46 5 39 66 9 41 23 86 20 88 45 20 44 36 10 45 67 39 40 67 70 66 28 25 90 3 62 60 92 91 80 16 66 69 15 40 66 20 79 8 3 18 17 42 5 58 83 92 97 92 97 38 11 80 89 54 65 5 25 70 4 60 9 100 88 74 75 2 17 62 34 29 100 17 15 14 18 61 4 7 40 17 29 59 31 18 89 26 73 92 45 50 72 63 70 61 50 59 44 39 0 43 42 5 47 1 94 38 35 54 71 99 55 95 52 45 97 27 94 24 10 21 98 47 83 10 75 4 86 28 87 38 7 36 54 55 50 29 21 75 84 2 27 28 97 87 61 39 94 21 21 50 65
90 89 40 95 90 91 58 70 45 3 45 57 78 88 72 89 50 58 83 2 7 2 65 85 47 78 62 52 71 43 4 63 91 67 51 30 23 2 96 79 56 76 10 49 49 39 49 90 22 0 4 61 1 38 25 65 55 79 77 92 42 13 31 0 96 82 62 82 98 97 80 72 74 8 77 62 26 64 13 82 14 42 69 55 78 53 15 33 3 33 3 76 45 90 12 74 17 74 81 71 65 50 27 57 78 78 0 21 36 96 39 18 1 48 58 7 19 78 86 50 77 13 30 76 18 23 86 94 100 94 51 96 67 22 13 67 15 73 18 18 100 18 5 78 48 48 94 84 18 31 33 42 43 71 79 70 62 13 43 34 83 44 13 99 54 24 8 13 46 32 78 61 89 62 20 29 72 95 15 21 29
74 28 21 36 38 55 66 44 84 52 82 70 92 25 58 95 73 33 98 65 57 71 60 29 19 39 85 24 62 49 89 1 54 12 16 74 10 81 79 84 14 65 39 42 20 54 84 16 85 69 95 13 14 64 83 41 37 57 46 31 50 37 59 13 70 97 62 60 22 47 44 43 71 63 54 29 79 41 9 12 48 22 78 37 35 59 24 56 81 97 70 26 95 97 23 10 22 25 10 0 65 4 35 17 96 78 52 31 88 87 16 7 4 2 11 95 70 75 18 10 56 98 33 89 48 21 37 84 82 42 59 31 70 38 26 76 18 80 16 100 95 86 47 70 60 39 54 88 7 24 44 26 36 75 77 41 87 99 38 12 4 89 99 59 71 39 35 98 51 7 23 66 80 90 82 40 34 32 87 23 56
9 1 25 75 26 67 40 50 9 80 38 76 90 92 30 78 61 72 32 32 12 49 3 24 32 21 31 20 31 62 97 51 96 73 87 98 43 15 88 61 32 41 56 1 91 51 82 2 89 87 77 87 28 31 66 88 61 7 64 86 95 21 63 14 51 46 3 17 21 64 39 30 61 13 90 60 89 31 30 6 59 83 21 52 18 99 17 56 94 93 36 42 57 9 13 96 7 77 56 7 51 37 44 59 48 70 94 5 35 20 25 88 82 94 83 32 61 32 23 61 46 95 80 81 31 84 48 71 94 87 62 12 78 74 87 75 21 85 56 76 51 100 61 2 76 41 4 59 0 60 10 71 52 70 94 100 0 95 10 21 29 13 54 19 86 4 51 49 61 7 99 60 43 25 90 5 18 27 49 71 27
22 52 29 76 20 1 82 97 28 46 64 73 28 4 2 39 36 8 66 8 13 26 73 39 74 5 89 46 26 55 29 44 28 68 14 86 15 19 8 63 90 33 18 42 21 78 47 20 19 80 29 54 11 84 51 47 75 57 94 14 76 92 2 11 88 51 52 85 13 42 52 88 74 23 56 79 69 39 94 75 15 4 47 18 91 10 15 95 75 31 31 27 41 33 6 68 40 79 0 81 57 67 61 37 86 18 41 85 35 47 73 42 87 28 86 86 92 82 52 66 73 28 87 93 87 9 54 98 68 100 3 59 58 21 50 34 88 2 87 56 73 81 37 13 23 87 55 19 11 24 97 82 60 41 66 9 82 84 80 92 96 36 61 79 39 51 85 74 32 38 7 43 93 37 17 19 19 60 3 22 42
48 35 69 11 40 95 85 79 60 6 72 99 57 82 68 92 99 62 100 41 10 13 3 23 63 56 67 37 2 15 23 54 88 70 79 58 80 94 46 15 62 96 22 25 22 43 99 61 81 53 10 16 13 42 9 67 88 84 78 91 35 27 91 94 0 65 80 38 95 23 58 69 28 19 77 43 27 54 87 63 42 85 48 63 57 59 86 73 49 34 4 58 28 44 79 55 89 62 0 72 14 95 94 24 71 87 85 63 31 85 42 25 80 34 90 38 82 34 37 35 25 85 42 96 95 61 18 73 91 87 58 34 10 71 81 7 97 28 66 20 52 90 48 37 78 90 2 11 31 53 84 91 16 61 50 45 51 100 60 41 32 53 22 62 85 25 100 42 55 23 100 10 41 56 76 55 20 83 64 88 7
68 5 30 4 38 82 87 87 63 37 88 55 59 93 37 91 49 50 56 98 88 81 9 25 79 84 34 74 34 44 74 1 74 83 18 89 58 2 68 12 8 54 54 58 39 79 42 2 36 11 20 46 59 45 67 86 13 38 44 100 3 32 4 98 56 34 1 95 60 16 86 21 82 78 22 33 28 20 44 53 7 20 9 43 29 46 98 48 81 60 4 14 51 65 15 7 56 27 60 91 59 54 90 68 19 74 45 27 13 5 52 52 85 79 71 63 26 62 78 25 7 45 81 68 3 61 21 86 10 95 94 80 86 77 51 38 36 35 98 84 28 84 28 56 82 45 85 2 41 31 17 45 77 91 38 77 27 18 8 9 43 82 16 64 33 25 78 0 18 64 56 75 86 49 30 88 54 82 29 84 3
42 76 77 91 92 6 39 33 86 41 53 42 5 72 21 61 88 70 81 83 58 42 82 60 27 34 52 70 18 38 93 39 57 90 60 13 95 80 77 54 53 92 75 36 37 29 81 28 73 75 96 22 3 69 70 93 27 74 33 92 23 29 35 24 46 31 57 36 87 77 92 32 35 26 77 74 69 81 32 10 40 94 56 5 66 98 12 92 0 16 16 52 83 73 33 5 81 72 60 37 58 33 78 92 76 2 39 6 4 66 13 96 24 24 22 21 29 5 94 43 89 76 8 66 90 3 62 45 30 8 43 66 92 37 71 42 32 74 4 100 6 4 38 27 10 43 12 75 64 80 50 32 41 27 26 56 75 20 80 67 53 97 54 36 59 96 28 20 97 70 74 8 11 48 19 75 67 27 57 88 34
94 47 28 47 72 4 13 15 38 54 79 38 53 55 96 83 40 68 52 19 93 7 5 96 87 25 37 77 54 62 48 1 81 26 22 40 26 39 3 60 18 46 21 53 28 46 18 71 88 36 20 26 96 66 23 83 20 12 43 82 75 57 38 60 98 45 66 75 6 90 8 68 10 21 66 10 11 62 97 70 24 63 96 8 78 51 43 5 27 76 2 64 76 44 77 70 33 66 55 54 18 52 97 52 44 94 92 68 32 16 6 96 50 32 27 54 23 13 95 94 30 28 74 90 8 93 51 73 84 20 41 1 62 64 12 43 84 10 59 54 62 12 38 5 44 38 13 29 63 62 85 27 11 15 67 40 4 98 45 91 87 10 9 72 17 100 43 43 25 5 83 42 24 44 25 44 57 61 47 3 13
91 79 60 8 62 32 16 7 78 46 47 34 64 25 47 25 71 76 51 57 57 5 97 62 23 85 78 0 42 98 61 37 35 19 46 27 84 58 97 4 17 55 51 23 23 71 8 75 79 51 92 50 25 43 0 3 71 76 59 95 82 28 85 44 34 90 45 68 61 23 56 21 52 13 62 22 74 89 26 63 47 10 5 66 53 23 62 76 67 42 0 64 53 26 25 74 27 36 79 1 72 13 62 89 56 68 67 55 13 35 88 77 91 24 98 42 86 22 69 64 92 40 13 28 37 72 68 52 14 27 11 82 13 39 71 36 88 84 69 97 25 98 42 11 17 20 19 50 28 71 69 45 7 55 16 85 84 69 58 77 3 92 39 98 32 9 60 70 88 27 86 100 78 28 16 19 80 77 70 81 69
79 53 88 89 13 5 54 97 0 77 11 94 65 16 98 51 89 62 91 3 84 43 48 50 91 9 38 65 1 2 30 66 54 72 39 62 20 4 89 27 4 96 92 53 100 13 17 62 12 91 45 11 96 59 98 57 58 21 29 59 35 25 55 86 11 42 15 96 86 60 60 22 26 23 47 44 90 45 89 13 14 25 17 80 90 88 94 5 75 44 26 64 83 40 54 12 93 44 81 17 98 18 53 54 12 30 81 14 38 29 62 35 8 57 87 11 3 97 53 0 7 27 24 33 51 52 26 0 87 50 39 5 27 68 6 62 91 68 72 20 41 93 62 7 16 61 95 69 31 58 73 27 22 96 41 5 98 59 20 7 97 66 44 95 97 20 63 33 6 31 69 39 70 45 84 11 47 93 24 15 25
75 95 95 37 14 78 38 0 79 86 15 53 18 2 54 73 15 67 7 81 27 82 40 79 22 91 30 78 85 71 34 71 38 98 95 54 48 56 55 35 22 80 90 69 57 51 28 79 32 56 83 81 74 64 24 43 95 46 49 36 35 13 23 32 43 81 29 40 77 86 74 67 46 97 19 68 37 42 47 23 3 85 14 28 98 9 34 15 45 13 61 11 49 20 71 100 35 69 97 4 44 3 22 17 68 72 81 91 6 100 80 55 11 62 52 10 59 5 67 90 53 90 57 82 47 6 93 15 77 55 66 66 31 42 77 79 37 31 47 87 82 26 15 73 29 14 87 36 89 91 78 36 84 99 11 97 21 19 1 83 35 31 83 42 37 94 4 54 14 33 7 18 72 25 49 19 90 63 92 10 44
19 99 38 62 59 62 44 58 91 50 13 52 46 47 41 19 16 40 25 39 74 43 21 5 49 24 48 53 8 13 70 31 25 76 86 60 31 50 3 25 17 87 39 86 77 73 78 70 53 47 42 28 47 27 57 40 92 51 36 99 91 7 0 99 56 92 43 54 96 50 42 90 74 75 64 33 93 11 45 61 31 92 2 30 100 73 77 0 14 38 7 43 19 32 15 2 7 46 20 6 10 54 8 93 88 71 56 58 53 53 94 69 85 37 95 10 48 61 97 86 70 26 17 8 4 28 13 25 25 89 95 95 22 89 84 31 33 55 46 82 6 88 10 52 97 46 17 86 50 56 14 83 38 29 43 38 87 71 20 81 36 20 14 13 60 72 87 12 12 100 26 6 83 69 50 74 11 64 2 37 96
0 80 77 29 64 4 40 49 40 96 44 14 53 94 43 19 30 12 59 15 71 82 77 66 34 17 95 51 74 71 6 94 63 68 43 11 48 92 60 81 82 14 67 41 70 74 64 38 20 9 21 41 61 44 81 42 85 91 59 55 11 15 38 40 92 20 30 46 87 37 3 54 3 34 68 70 96 80 91 47 72 38 49 70 81 87 52 55 0 96 79 62 0 10 45 55 77 11 70 15 9 12 63 59 37 92 87 92 96 16 2 100 7 84 41 27 94 89 9 28 86 38 18 53 64 25 17 39 33 10 44 95 47 25 64 28 50 90 20 19 48 39 51 90 2 17 76 5 13 28 32 6 47 84 49 14 26 28 56 30 24 73 84 46 33 89 31 88 17 89 58 85 99 10 15 7 40 9 68 26 85
16 71 26 70 73 48 83 64 46 16 66 99 52 44 54 7 45 54 42 21 41 32 10 9 31 94 55 52 64 39 70 64 13 2 19 100 33 69 4 2 20 23 69 66 60 83 57 25 48 86 49 20 15 26 47 78 8 98 38 61 6 96 32 57 33 71 86 21 29 48 86 36 72 57 45 26 38 65 76 36 96 57 81 51 63 1 54 26 87 75 12 10 40 35 34 10 96 88 22 16 24 2 88 52 18 57 53 43 62 3 50 90 41 98 30 6 53 93 2 91 85 81 50 63 43 75 14 99 76 48 56 20 10 91 42 61 59 18 31 96 17 85 55 66 24 34 43 3 76 43 82 92 20 10 50 24 97 84 29 11 42 90 68 43 17 6 85 45 76 60 68 83 75 67 80 23 70 45 69 23 30
5 38 39 75 59 73 81 99 86 88 7 9 95 91 28 63 78 57 90 69 23 20 46 60 86 80 38 87 1 31 53 86 1 93 50 43 5 14 69 13 21 42 64 85 54 17 88 65 58 16 69 89 1 57 19 94 49 34 12 50 22 54 39 68 31 26 95 42 70 61 45 5 68 48 22 55 59 4 58 20 78 49 62 57 61 46 15 9 74 86 55 37 5 38 50 19 21 27 79 80 46 5 8 48 67 6 86 98 71 32 77 6 93 93 62 79 38 59 27 68 57 5 94 16 81 39 61 70 1 85 90 98 70 90 78 96 80 59 19 4 64 28 0 22 74 80 26 2 33 57 71 75 13 92 32 65 89 30 65 25 93 63 54 33 79 51 22 69 98 45 63 74 38 91 6 58 70 48 49 69 35
44 98 90 9 40 86 50 22 96 41 50 41 4 80 74 98 6 59 39 42 34 16 11 43 6 10 22 19 18 55 89 77 91 83 66 74 10 76 46 5 71 97 14 3 95 81 87 1 0 71 48 4 89 1 66 62 25 8 20 63 98 33 17 79 63 36 47 45 95 8 74 82 44 7 77 70 100 30 47 22 90 60 63 93 56 38 29 48 75 40 48 79 67 41 53 71 49 27 46 28 59 89 19 18 88 52 79 1 79 84 2 83 28 5 87 0 35 31 87 73 42 42 32 78 17 8 6 92 48 70 54 97 20 78 62 40 56 50 77 77 38 13 23 75 9 100 38 54 34 46 13 7 85 37 87 69 97 54 5 30 63 15 16 26 62 73 58 79 86 40 63 95 72 91 64 77 46 97 55 0 31
37 55 31 39 61 16 94 26 57 32 29 17 8 74 91 71 43 95 78 40 22 42 79 41 100 41 27 97 75 26 50 18 41 5 99 10 97 93 52 0 65 81 64 67 70 99 32 42 53 53 20 47 4 68 98 71 77 56 53 48 86 74 17 63 37 73 78 62 94 62 58 10 79 65 97 93 3 40 26 61 95 48 36 98 95 9 56 94 7 54 58 48 78 82 55 25 23 60 88 99 0 25 96 30 99 95 71 68 46 57 0 43 77 40 52 86 65 74 58 93 96 16 75 28 81 30 15 60 48 46 2 81 25 48 23 97 91 41 11 96 27 99 77 78 23 12 56 38 99 80 70 15 15 25 50 32 14 97 27 64 8 30 2 73 14 77 3 10 93 7 16 66 99 60 76 91 54 72 6 88 49
42 89 42 79 14 5 67 32 36 32 5 75 15 0 15 39 40 58 82 65 52 73 31 33 26 37 79 32 38 17 50 28 89 80 93 0 34 19 96 48 27 13 23 7 57 66 30 24 21 39 10 25 38 4 95 78 74 8 78 77 47 96 33 42 45 86 27 10 51 99 80 67 67 47 75 91 87 12 18 76 62 97 10 96 50 60 25 23 20 1 73 8 87 93 24 57 96 81 5 70 60 53 6 62 30 13 61 28 74 27 29 38 11 93 52 73 34 81 45 11 94 63 14 5 52 72 73 19 93 21 6 41 54 51 92 34 41 92 24 99 49 48 11 21 28 55 84 34 80 49 59 30 92 38 37 5 49 100 49 17 24 34 19 9 90 97 70 60 51 91 45 27 95 80 35 27 4 6 36 24 57
78 1 45 38 25 6 56 0 94 25 68 66 40 13 24 80 39 9 29 45 6 2 91 6 22 61 36 18 89 87 70 66 7 34 24 35 16 66 93 59 18 19 70 90 11 69 87 75 43 27 100 68 56 65 26 79 10 24 92 80 61 54 58 37 82 28 2 96 42 79 53 54 9 1 77 37 15 19 29 12 77 45 18 84 44 0 53 77 54 4 81 22 91 74 100 79 80 31 96 30 72 29 95 17 88 44 73 32 77 5 62 96 64 85 56 30 11 34 78 60 7 77 75 69 98 82 0 80 93 18 31 96 49 86 7 71 100 74 38 12 62 63 16 46 87 62 81 51 2 98 24 77 55 1 15 4 20 64 60 7 90 47 13 87 90 51 18 3 72 46 75 61 77 58 69 51 29 32 9 77 64
34 71 98 40 39 81 24 48 55 66 49 83 51 31 7 95 96 26 47 65 20 24 56 26 3 64 7 50 51 40 81 15 86 24 100 49 0 12 12 33 87 18 14 17 47 22 92 96 73 86 98 95 27 35 72 21 66 86 68 17 95 25 11 37 46 64 85 96 93 70 79 75 91 80 41 59 8 63 90 49 6 70 46 90 59 56 35 0 31 93 42 20 28 83 16 29 23 32 20 4 1 76 21 17 90 17 46 18 7 68 41 57 15 63 68 15 85 75 58 24 6 2 32 77 96 20 20 55 52 39 51 86 96 14 67 79 30 19 33 94 98 34 5 51 8 69 13 90 4 19 86 16 59 10 44 55 10 34 53 1 26 29 55 29 21 32 92 88 36 48 3 34 17 93 86 32 57 27 76 26 97
15 96 0 86 51 50 98 67 42 54 1 88 42 47 34 100 86 91 28 18 81 17 27 39 1 52 67 59 77 61 86 89 99 84 62 19 21 96 56 8 32 26 36 4 62 57 86 25 75 86 26 94 22 76 32 23 81 23 7 59 61 79 48 73 97 44 24 31 90 36 16 9 98 52 67 45 43 7 35 27 16 29 58 62 25 25 24 2 59 45 47 63 93 26 35 27 100 59 81 87 43 79 87 87 86 31 29 12 45 32 34 29 21 32 14 11 83 27 87 89 86 100 61 56 16 21 11 19 1 0 41 26 91 56 34 68 32 40 46 27 35 91 99 68 98 51 61 48 64 36 29 27 87 6 57 12 32 95 27 33 38 64 33 51 25 40 11 67 75 30 91 77 84 77 22 7 0 72 70 75 40
15 37 43 100 29 37 47 42 45 70 9 38 93 53 22 48 45 100 94 83 52 72 62 70 18 11 96 81 51 46 79 29 77 47 16 22 64 72 38 93 12 37 54 69 28 11 81 31 51 12 51 1 33 92 25 66 40 68 60 25 88 4 49 83 41 35 69 1 33 91 88 83 56 20 99 10 68 67 81 93 89 16 49 41 70 89 79 39 63 40 57 95 94 82 36 30 89 68 79 49 88 78 59 50 39 32 42 41 63 72 43 93 37 91 24 65 83 39 0 61 22 33 97 47 12 62 98 52 53 8 74 3 49 75 6 37 13 46 3 53 34 25 68 60 25 30 35 70 48 65 53 30 50 14 47 48 54 96 97 6 72 52 94 71 7 81 60 4 41 53 25 100 96 40 22 35 76 47 54 70 54
1 21 15 52 76 16 88 68 87 69 22 93 70 0 37 77 65 8 70 67 48 22 33 54 76 95 83 55 55 14 34 97 97 94 33 65 65 99 81 97 11 48 40 96 39 25 2 93 2 46 94 32 53 28 92 88 96 80 75 67 20 32 47 46 35 36 93 62 23 83 72 10 11 64 99 85 84 82 32 62 51 64 18 37 58 97 88 13 98 48 71 32 70 49 34 91 33 43 29 9 3 12 46 30 73 5 46 13 40 7 73 10 79 43 60 68 21 70 45 24 75 40 98 78 45 64 48 34 92 10 15 88 25 73 98 85 7 76 76 83 97 79 40 0 76 63 83 12 26 52 85 63 28 75 85 67 77 78 33 59 18 85 37 41 10 84 11 19 32 67 48 28 74 44 27 100 68 18 5 77 80
38 91 76 51 42 89 73 12 61 19 89 60 83 60 1 6 33 89 5 32 0 22 29 33 33 3 86 19 23 6 47 8 43 89 33 70 72 54 79 33 21 57 67 53 5 1 49 40 59 96 67 81 20 38 22 7 95 85 78 21 65 63 25 59 81 49 16 91 59 6 40 86 98 29 3 42 76 58 38 38 17 44 43 9 54 25 29 69 20 20 34 27 23 81 65 26 25 73 7 61 90 41 86 1 60 13 71 50 36 16 51 96 10 66 94 41 44 48 42 36 35 3 6 72 83 10 49 44 19 62 53 95 84 43 38 42 17 98 63 85 75 90 83 95 40 34 73 74 57 58 68 100 97 82 63 35 70 34 59 9 83 90 40 65 40 72 52 46 20 20 5 72 33 47 7 93 20 93 96 75 83
6 21 9 11 56 11 21 65 97 40 64 28 15 54 87 62 41 58 40 73 87 66 68 73 25 87 24 82 51 58 100 72 70 45 29 17 98 41 27 25 93 14 21 54 27 90 96 26 61 78 54 32 86 25 29 93 38 55 82 56 31 95 16 47 38 31 38 40 74 24 52 92 27 24 16 53 82 61 74 40 38 34 50 36 53 18 78 34 10 83 36 26 81 69 61 88 0 25 21 27 36 66 11 10 34 36 53 20 3 94 100 81 66 38 68 95 37 6 19 34 47 71 14 79 0 50 49 3 17 97 94 9 43 25 53 85 63 2 75 6 36 9 66 12 99 55 55 55 63 42 16 47 26 8 68 8 91 11 73 4 65 23 82 53 27 76 98 72 5 29 13 2 21 21 15 98 71 27 11 69 21
61 66 64 97 5 5 24 15 3 65 46 35 78 48 12 14 38 1 32 100 11 58 83 74 7 36 1 46 36 17 55 53 27 24 34 65 76 41 98 3 28 0 49 68 79 6 51 38 13 75 57 72 13 8 72 33 64 94 23 94 42 84 89 76 40 7 51 29 77 96 75 97 76 67 96 38 8 68 14 55 15 7 74 66 69 79 77 91 92 22 61 3 87 50 3 59 8 59 2 42 89 18 78 86 66 44 95 80 16 52 59 94 29 88 46 14 43 16 66 23 59 39 51 10 25 15 88 99 78 13 44 17 22 67 5 69 21 81 81 84 76 9 65 69 31 87 19 82 47 30 11 97 56 58 89 93 42 12 70 23 43 29 49 16 55 57 73 44 20 72 86 70 54 100 16 43 96 37 51 23 53
52 83 59 74 92 81 35 5 68 35 27 25 30 13 62 31 21 61 0 9 1 46 75 52 96 80 14 8 16 3 3 83 74 59 100 66 14 70 83 71 28 16 93 15 10 30 51 11 64 6 77 55 58 51 86 60 49 63 17 3 86 5 74 91 83 40 77 33 64 74 6 94 4 36 65 80 61 51 98 63 1 48 3 69 78 77 30 40 84 8 58 55 9 50 11 64 71 36 13 21 34 35 62 65 16 95 24 75 38 13 86 66 67 25 21 15 2 62 48 37 36 49 99 83 42 8 29 14 93 48 85 77 75 18 78 47 86 57 8 12 93 42 45 82 87 46 76 96 63 10 73 59 51 73 64 76 47 72 86 81 14 93 44 32 8 51 32 30 28 68 31 35 89 11 100 57 37 6 97 10 13
39 82 37 67 34 88 14 92 96 8 95 72 27 31 43 89 69 83 42 56 89 91 85 88 43 13 82 81 1 39 94 14 8 75 4 24 63 71 35 12 48 82 19 44 88 7 18 96 99 95 44 32 49 87 74 88 47 86 15 21 44 10 38 69 80 84 18 10 65 86 100 46 33 24 88 59 26 29 10 0 74 53 30 29 37 76 11 11 52 61 20 68 71 70 0 80 53 33 80 45 92 2 75 57 35 60 33 57 80 76 43 74 91 29 6 61 66 59 77 69 80 35 64 96 46 80 88 20 58 37 64 20 59 24 61 61 3 71 38 15 48 74 5 89 35 41 22 18 54 55 59 17 37 69 2 95 90 77 59 23 24 54 29 53 1 45 40 86 55 44 26 21 59 58 83 60 76 73 42 15 63
93 6 74 97 68 17 45 26 96 88 33 30 73 85 72 95 85 23 21 12 19 66 25 91 84 7 84 40 6 30 84 5 32 14 85 16 97 6 80 4 95 6 54 87 16 65 20 48 53 58 60 1 67 6 35 75 40 33 91 100 8 87 82 61 3 17 33 31 43 16 39 65 52 20 8 44 9 37 88 81 87 91 33 51 33 84 25 13 13 67 39 28 70 10 66 5 68 77 64 44 27 66 75 79 82 24 59 89 98 25 57 91 54 80 53 76 65 67 18 91 82 21 91 63 85 83 13 92 30 66 54 0 18 62 34 96 70 80 76 45 49 12 12 84 84 93 36 42 73 41 16 44 55 99 75 55 69 47 98 89 54 75 12 95 99 25 27 8 96 8 78 91 63 33 62 45 54 76 21 82 65
46 88 75 33 73 9 13 91 67 92 16 76 91 89 93 20 35 95 32 86 51 81 0 64 85 45 6 57 86 38 6 1 39 34 52 91 83 76 55 50 41 64 10 4 4 8 52 14 9 81 91 88 35 77 33 21 29 6 82 4 31 62 62 66 81 3 4 62 82 94 97 21 20 92 19 38 7 63 32 97 71 94 44 77 79 20 54 61 85 74 45 29 46 64 32 97 14 36 93 79 14 89 86 67 2 49 10 69 98 7 37 56 71 21 63 54 88 55 12 26 48 34 98 55 69 57 61 30 95 81 82 75 24 2 85 92 99 86 94 81 48 88 16 34 12 57 84 37 82 78 50 87 37 76 51 5 4 87 93 94 36 8 95 75 56 93 21 97 58 82 35 40 64 83 38 21 62 96 94 98 17
21 5 54 3 31 4 84 16 78 81 25 57 74 20 34 40 6 75 3 90 46 90 73 0 13 0 57 15 27 54 66 91 53 45 31 53 69 39 43 48 30 79 71 15 45 28 24 60 55 25 68 99 90 25 63 37 70 57 97 99 27 92 45 81 33 91 70 42 27 74 41 90 5 10 36 67 20 26 26 41 42 82 38 8 70 79 24 35 46 71 7 39 8 34 96 90 71 11 74 57 85 0 34 64 18 77 48 25 43 64 79 39 73 5 83 7 74 84 76 52 82 40 79 56 10 30 52 85 70 47 94 76 57 74 83 19 89 68 13 9 17 68 16 68 21 94 28 47 33 30 15 72 52 9 91 16 35 0 77 39 63 60 65 37 94 46 86 23 90 92 29 31 52 77 5 73 48 37 92 39 56
19 85 64 93 93 71 47 1 33 0 30 14 43 39 90 43 1 7 52 10 71 90 12 84 25 47 8 75 85 10 24 10 56 17 28 37 68 32 79 10 67 84 55 42 89 31 90 29 8 60 5 0 61 45 43 34 89 37 11 3 93 64 92 52 24 51 38 60 88 39 43 49 28 74 67 35 33 70 28 63 73 60 5 10 96 28 33 78 12 85 70 9 93 12 17 31 36 82 64 66 75 79 62 61 83 100 65 55 34 69 25 54 6 95 20 48 16 10 69 42 50 94 29 47 36 72 71 38 38 36 2 56 69 28 32 89 11 27 21 22 0 8 23 53 42 10 63 89 61 100 48 73 41 64 2 73 42 2 51 21 36 73 70 84 20 31 87 73 39 60 33 17 62 78 73 40 26 23 1 93 55
65 73 88 36 8 58 59 95 44 27 27 64 53 49 5 41 20 80 40 56 93 31 62 14 96 13 59 67 100 26 1 35 33 98 27 48 55 85 8 94 49 63 81 64 49 15 81 62 100 5 78 97 47 55 67 18 12 39 54 52 26 55 22 64 92 72 69 79 92 44 9 59 66 61 5 61 8 12 36 68 95 48 63 74 98 47 46 33 78 70 22 11 33 22 86 47 16 65 87 86 4 94 10 61 80 76 64 45 84 34 20 58 28 18 16 50 28 53 23 28 64 76 83 12 11 38 18 86 53 55 62 69 23 93 3 24 85 79 32 38 37 8 68 7 11 22 72 75 25 28 57 27 21 23 82 46 100 96 43 57 15 48 80 15 27 78 38 52 12 61 52 9 15 5 32 72 34 31 73 66 26
53 33 33 41 17 17 10 32 83 60 41 37 73 19 82 36 92 67 27 83 71 68 43 56 97 51 98 71 44 21 71 67 1 6 8 13 45 74 58 93 32 38 5 96 54 22 55 56 14 96 36 45 97 47 93 85 38 5 11 41 36 24 3 66 7 69 53 21 87 92 4 16 87 75 89 32 10 60 28 30 93 2 71 54 32 81 14 20 82 33 4 0 33 55 7 68 68 81 33 1 39 84 22 75 15 22 68 16 58 19 67 74 33 90 43 3 83 96 28 2 12 92 14 37 18 24 78 5 50 75 0 42 78 64 62 39 68 14 32 14 39 67 11 29 9 74 83 96 16 90 34 25 62 40 23 41 75 98 71 80 6 71 47 16 85 32 2 60 17 90 62 72 38 11 90 98 92 7 46 17 36
60 5 34 91 16 5 94 91 50 24 93 18 55 57 32 13 81 92 98 69 31 89 51 81 16 13 51 63 40 80 87 19 80 25 88 85 93 40 100 6 73 55 1 8 75 38 10 31 23 7 77 77 82 96 65 8 7 29 45 31 87 62 91 46 13 97 89 28 98 94 23 99 11 34 70 76 70 70 73 89 79 78 96 43 53 84 67 2 22 55 14 58 80 51 2 6 64 26 37 52 96 41 60 45 94 83 18 84 27 20 0 40 32 49 54 23 43 82 43 25 61 27 50 39 57 62 70 95 14 25 77 66 35 65 0 94 12 94 29 38 30 57 83 70 52 81 40 66 61 83 38 92 80 60 88 45 77 60 2 13 25 22 17 9 59 52 38 3 4 60 62 19 15 14 49 38 6 61 67 71 69
41 32 29 63 4 48 29 21 36 0 13 70 44 35 31 2 34 25 98 65 78 49 52 32 37 61 7 71 0 62 13 6 62 76 20 67 90 68 88 91 59 38 78 43 96 46 91 23 9 25 27 16 80 49 91 68 7 53 16 87 63 99 38 82 23 90 37 1 99 4 2 60 63 24 41 19 84 98 63 39 94 17 23 85 98 14 51 10 98 55 56 3 74 3 21 73 84 80 23 9 92 69 59 54 47 8 97 36 97 63 76 27 50 9 38 17 65 84 21 42 97 80 100 6 65 42 31 47 4 20 12 26 63 7 56 4 40 55 44 94 45 65 68 37 48 98 76 20 57 30 75 68 17 50 21 26 82 26 99 29 88 12 37 28 52 80 32 24 93 13 64 30 79 47 39 14 15 95 20 94 87
36 75 61 5 88 41 20 14 50 88 52 73 7 1 1 83 47 89 56 7 67 80 6 54 37 7 50 90 85 32 3 80 0 85 52 14 87 73 43 84 67 39 82 3 30 59 59 14 76 89 64 30 89 55 33 3 88 22 27 32 50 76 81 40 33 6 71 69 83 42 12 43 47 69 54 1 51 42 71 38 46 35 56 16 83 62 12 7 39 33 4 46 25 51 63 42 61 49 98 87 78 50 44 62 5 28 92 53 43 84 74 3 5 97 22 33 20 88 90 21 89 3 88 93 96 74 88 0 67 93 14 26 33 1 39 86 2 98 20 14 32 77 96 27 97 66 11 84 30 21 53 99 58 82 71 92 34 68 52 49 6 39 56 46 93 42 25 27 95 19 52 55 53 76 91 83 53 92 79 10 29
65 57 63 88 73 53 96 66 74 22 13 87 24 30 40 1 58 16 49 100 55 99 89 9 71 66 67 85 6 89 60 33 10 30 92 21 77 16 61 94 79 28 11 53 68 39 58 58 12 73 7 75 86 30 71 74 33 59 94 39 20 0 41 80 83 15 98 85 29 19 51 6 61 89 81 20 66 73 70 3 33 30 36 7 53 34 4 43 10 19 70 34 19 51 79 55 87 49 37 49 18 81 49 21 50 78 28 47 90 7 14 43 100 84 66 72 94 37 3 84 66 84 84 90 97 77 93 27 21 94 0 20 71 20 92 100 19 34 21 12 78 55 39 75 59 24 69 3 8 39 40 36 97 94 6 20 55 80 27 85 84 87 70 67 9 38 64 55 28 1 20 76 5 51 17 44 3 19 22 0 7
10 51 38 98 3 98 48 69 58 4 43 77 16 48 8 87 33 44 1 17 97 2 68 2 10 21 60 90 57 51 21 23 72 80 8 95 6 38 10 67 28 37 93 52 87 12 67 50 8 10 59 72 15 25 68 29 6 76 3 100 85 67 77 38 2 81 85 47 88 36 73 13 77 98 83 88 56 95 2 94 41 3 43 50 39 60 51 64 14 99 33 4 12 65 78 20 24 78 30 46 32 23 1 51 100 32 1 52 46 10 96 67 34 73 18 48 22 27 31 75 52 50 73 75 92 79 79 99 87 40 23 82 28 47 75 26 70 7 95 27 29 19 27 44 27 16 57 46 17 72 64 92 91 32 91 21 80 78 58 32 62 60 48 82 18 13 53 66 41 69 60 61 73 43 50 66 98 45 16 35 81
74 76 37 74 5 85 43 47 49 39 86 50 57 79 27 64 93 81 3 73 69 81 28 33 67 48 43 72 65 25 28 35 54 84 76 93 61 57 86 53 19 52 54 63 9 10 8 19 71 54 10 77 61 76 7 2 35 16 77 71 57 43 81 61 31 86 36 54 60 76 53 65 12 10 60 49 18 31 89 82 78 15 55 91 32 27 100 27 92 43 68 11 27 64 60 33 28 39 39 71 94 92 71 84 62 80 76 7 32 88 14 71 15 23 93 98 53 17 42 12 37 41 89 72 86 28 12 36 53 52 42 51 2 84 52 9 6 84 74 33 59 39 68 77 36 34 88 15 10 89 57 76 86 44 37 59 54 10 12 37 93 44 82 47 33 90 12 47 42 58 39 76 12 47 14 65 94 83 76 77 73
33 48 48 23 77 51 77 7 97 99 87 92 6 99 40 34 21 2 23 52 94 70 50 1 18 48 49 69 41 64 75 1 29 42 26 77 76 58 31 20 42 19 56 20 23 90 83 7 38 74 5 42 55 48 100 23 87 95 67 40 26 36 42 82 23 95 9 80 3 30 63 62 58 86 55 74 56 76 36 4 43 21 57 5 44 93 36 14 67 26 32 29 3 33 20 15 42 85 18 99 46 4 6 27 48 30 29 2 97 28 56 90 25 77 31 65 17 54 82 52 79 23 27 37 75 50 85 86 70 66 96 81 74 57 8 17 8 49 76 13 57 15 38 1 41 46 29 2 74 33 69 33 46 54 69 48 71 24 63 13 10 28 19 81 37 38 99 24 44 48 5 91 45 11 33 87 53 32 32 60 96
51 25 4 76 50 16 62 67 98 4 28 25 74 34 78 73 9 65 36 51 46 19 73 51 0 50 41 66 53 87 77 70 58 88 50 6 77 66 70 95 39 30 25 27 79 64 82 13 55 82 23 27 95 74 2 60 57 21 68 1 20 89 85 77 57 71 19 29 88 3 25 26 47 98 81 71 1 8 75 45 22 27 75 37 63 23 47 78 53 64 13 20 24 72 86 91 73 6 92 100 27 45 29 21 6 23 64 48 15 59 19 13 60 52 60 53 73 56 70 95 98 71 18 43 27 71 96 2 29 97 0 71 52 50 61 56 100 57 89 56 13 65 45 81 82 82 56 5 78 6 7 49 71 33 2 56 70 43 72 8 66 76 40 56 17 17 62 48 87 87 52 65 29 27 6 88 4 17 58 82 52
32 87 19 18 46 61 44 46 70 76 52 26 22 71 81 58 82 34 61 41 20 44 38 62 48 65 8 99 68 9 63 53 18 77 72 6 9 26 38 47 63 10 61 50 83 67 47 62 1 51 98 30 45 60 9 59 56 31 94 48 53 35 81 61 7 25 73 85 29 93 4 83 82 35 77 2 41 73 14 52 47 79 38 19 5 40 1 3 39 59 46 91 34 26 70 54 69 4 38 25 81 17 57 85 74 15 87 97 97 100 19 62 40 61 71 4 93 21 30 60 17 21 1 73 11 23 43 73 31 63 20 11 88 51 98 58 71 51 89 27 45 89 49 48 12 26 25 80 85 18 84 49 28 24 44 57 19 48 15 54 53 29 0 21 75 85 76 33 78 95 45 34 4 42 85 2 35 90 57 22 54
72 86 100 92 4 56 86 16 3 54 89 4 93 66 10 41 38 43 35 23 10 9 98 86 49 34 10 45 5 18 16 41 93 75 28 99 72 61 81 97 40 87 50 96 3 80 91 66 40 15 60 20 78 92 31 81 64 50 95 15 56 59 78 0 86 4 19 17 0 27 66 78 37 10 46 17 66 64 17 44 26 25 46 29 12 25 3 27 8 49 44 72 67 62 4 69 50 10 3 65 17 65 28 74 38 27 30 90 36 2 38 34 91 72 90 18 36 89 43 39 71 71 44 22 31 78 85 29 13 28 97 89 40 81 47 100 64 33 68 48 4 60 73 42 49 21 84 86 24 53 78 45 0 95 52 59 84 6 48 65 27 65 87 7 71 1 44 94 9 23 99 90 38 20 68 3 40 94 47 54 99
95 20 43 21 17 78 68 91 89 5 78 41 41 56 50 47 91 68 91 67 96 70 2 13 55 39 8 80 26 65 48 15 62 3 18 3 4 33 26 63 9 36 80 29 36 74 40 97 85 38 66 10 61 19 81 8 54 66 18 98 28 69 85 44 17 42 10 61 37 75 18 53 4 87 21 55 75 51 31 72 34 20 34 4 74 48 19 15 52 2 35 25 62 80 33 100 73 53 23 57 37 13 16 66 84 51 78 51 90 93 34 0 64 18 60 62 54 94 100 96 11 80 57 5 57 96 80 55 2 22 91 66 41 87 4 54 28 18 78 4 12 33 16 82 85 10 15 58 16 28 56 42 39 80 77 84 18 14 10 97 59 43 72 24 69 33 22 18 46 19 88 10 79 29 72 93 12 0 44 85 4
22 38 96 88 45 77 22 64 44 97 13 88 57 6 49 11 82 98 25 35 20 78 37 55 87 96 21 80 17 7 99 70 92 71 92 96 40 74 28 63 6 11 0 27 100 55 54 47 8 3 77 83 5 99 88 78 27 37 56 78 82 92 77 29 74 7 27 35 54 41 49 8 96 24 94 24 97 69 87 5 27 15 53 4 78 61 4 29 59 77 34 49 57 82 41 77 29 84 100 39 29 62 83 88 63 77 56 28 95 42 69 75 21 11 95 11 83 4 43 17 97 62 44 62 53 16 90 47 70 57 58 29 82 53 81 86 83 21 46 97 77 80 87 29 57 38 50 97 78 12 81 5 52 80 10 17 66 59 84 38 54 79 20 87 38 76 94 48 84 85 87 46 4 78 0 32 71 56 50 86 73
15 66 96 99 66 83 91 92 28 11 40 79 44 93 1 33 54 92 94 83 27 42 94 79 52 96 49 2 28 93 5 32 92 31 30 85 56 0 34 97 44 20 74 73 85 92 51 36 60 28 55 34 4 1 26 69 69 54 34 40 37 3 68 58 45 99 1 68 44 8 24 47 32 38 50 6 65 63 87 94 93 8 76 61 31 100 1 4 30 17 8 26 84 75 75 76 11 83 53 36 78 76 96 47 99 62 80 64 14 49 94 95 69 3 8 51 6 27 20 32 27 61 42 22 8 9 6 83 39 95 8 29 27 4 81 25 79 31 73 3 20 69 96 55 41 38 9 77 82 39 50 53 96 18 46 39 86 98 100 41 89 67 68 85 89 79 83 8 85 85 19 16 39 10 51 30 5 60 56 39 45
26 93 77 84 100 99 63 7 85 91 8 56 61 74 71 89 46 79 42 1 79 62 47 30 33 97 41 55 16 37 87 54 28 88 59 3 85 26 18 12 37 18 72 25 86 42 72 32 9 63 46 60 67 1 36 25 20 11 22 36 21 73 32 38 42 35 41 97 76 100 23 29 80 91 31 36 47 50 36 78 69 32 8 66 86 51 46 12 81 70 96 15 36 9 75 64 0 89 98 26 46 7 17 80 3 47 1 31 99 88 20 84 95 80 35 71 92 17 0 19 37 77 2 82 28 95 82 81 59 2 42 16 66 10 90 10 78 8 93 55 60 46 90 10 86 45 74 63 58 51 42 12 26 91 47 62 1 10 36 91 27 31 19 12 95 34 90 94 73 86 99 55 42 31 94 47 94 23 79 3 92
3 6 76 60 86 3 83 32 95 12 17 11 0 79 33 64 25 81 95 20 70 9 48 95 90 9 81 6 0 98 90 52 52 33 22 70 26 1 22 54 92 9 0 71 30 59 14 92 84 72 43 12 82 7 72 54 33 6 4 72 6 96 46 3 53 43 42 16 7 22 11 90 92 40 69 44 70 32 17 15 41 19 61 76 11 87 86 74 59 92 66 8 46 22 22 63 69 87 34 47 80 86 16 89 0 91 95 6 92 69 59 70 12 19 14 60 41 12 16 37 74 87 72 40 74 39 38 42 96 82 9 84 100 69 57 23 89 7 80 94 100 92 75 22 55 13 30 41 84 4 13 55 35 82 79 49 6 61 10 65 13 0 66 90 34 37 19 89 25 6 53 74 7 57 93 60 30 9 98 76 76
23 83 66 28 76 61 27 28 56 46 37 3 4 28 34 81 42 3 19 31 25 6 49 5 50 69 33 95 94 79 10 94 5 92 18 24 44 14 13 85 81 24 74 48 56 62 11 61 99 98 42 3 36 49 21 67 40 65 8 80 89 23 67 36 31 29 60 12 99 16 72 82 15 65 48 4 68 72 13 75 95 53 93 48 57 83 74 0 17 12 56 82 43 34 7 68 23 62 89 52 95 72 34 27 92 19 1 7 30 52 93 10 38 6 75 1 21 24 2 70 53 21 65 37 36 47 14 80 88 12 48 32 29 92 22 58 64 73 6 21 46 15 21 43 34 27 71 94 59 24 100 55 47 20 83 48 19 75 94 50 10 29 66 100 35 37 77 43 68 57 9 79 37 19 68 62 54 14 39 92 90
38 5 74 44 100 68 3 35 83 17 81 90 71 46 25 31 69 41 46 15 85 6 60 71 36 28 14 50 96 27 96 35 59 87 5 98 76 43 26 42 56 23 39 57 29 33 29 33 45 82 14 83 75 68 46 2 13 77 15 64 83 3 41 43 55 0 87 58 65 90 86 93 60 34 11 41 35 22 48 15 31 3 35 91 71 28 16 87 21 5 30 22 1 0 51 61 52 57 98 81 19 1 97 54 96 34 71 76 31 72 57 67 91 37 4 48 88 61 91 43 7 0 89 75 29 28 71 73 27 31 15 68 52 79 89 65 94 71 79 45 86 38 24 26 58 66 22 22 87 90 29 17 52 24 45 69 15 8 9 94 20 49 44 36 55 6 80 23 89 73 55 22 7 40 60 2 15 87 53 18 35
90 23 66 91 48 87 10 62 90 39 4 38 49 27 60 22 87 59 45 80 5 21 48 77 66 45 61 54 68 93 17 46 15 43 31 0 32 41 7 37 2 70 4 99 54 57 82 20 91 78 67 70 40 77 87 23 22 62 56 15 47 59 100 97 30 23 56 9 50 16 69 33 9 74 8 22 1 69 44 41 94 69 46 71 37 30 69 83 62 53 96 97 68 40 11 36 20 54 7 98 56 50 21 4 6 58 20 5 77 96 4 27 52 13 33 69 91 79 97 92 15 46 37 2 52 48 62 10 81 87 56 79 64 52 45 55 65 35 29 22 11 21 36 45 78 69 89 6 32 6 50 79 60 6 49 76 86 52 85 22 54 20 72 56 13 48 95 41 77 71 78 59 46 78 29 72 40 75 65 11 89
63 83 76 21 16 90 9 72 76 53 8 0 51 66 34 18 64 58 1 77 38 23 11 65 80 57 84 46 36 25 9 74 53 13 64 99 6 89 1 61 91 12 56 56 63 63 61 78 65 9 83 92 91 55 1 76 64 41 79 12 39 7 92 92 22 44 25 10 73 67 28 41 73 96 58 54 20 64 10 83 69 54 29 36 31 50 12 27 61 49 51 56 87 87 54 55 70 71 86 14 13 14 33 53 58 86 99 96 44 54 97 11 38 42 18 49 79 79 55 25 22 46 43 25 22 59 85 52 35 82 32 42 16 77 42 41 81 59 54 93 41 59 96 98 10 25 78 67 88 48 0 20 58 53 45 82 66 48 100 0 50 54 43 18 8 72 78 98 42 64 90 73 45 46 22 69 27 32 2 85 29
86 3 5 69 87 72 57 80 92 91 15 63 45 86 28 81 51 99 14 18 86 92 89 3 93 82 24 74 79 8 82 9 83 42 74 85 63 34 21 96 82 5 42 91 64 11 100 98 3 60 74 34 28 8 45 25 99 93 50 0 79 62 26 75 62 91 4 8 97 14 15 14 4 96 82 3 80 66 94 82 54 16 21 78 51 3 78 83 60 94 99 67 82 55 7 91 42 100 69 77 28 49 85 52 74 79 57 27 25 64 64 21 18 88 88 31 64 78 9 49 24 65 29 62 52 39 37 74 65 1 65 60 94 98 85 23 92 92 70 65 71 15 26 96 93 45 100 76 64 2 97 56 61 3 74 43 66 93 27 95 32 87 91 51 67 3 26 74 10 37 74 26 56 14 45 46 65 78 75 45 51
21 42 76 79 82 57 27 43 58 36 51 89 83 57 77 24 99 21 91 50 92 8 0 39 97 50 23 33 79 5 17 1 5 55 97 42 1 86 0 76 54 94 11 97 69 4 49 20 67 84 100 40 3 59 81 26 2 7 60 65 4 88 63 91 82 85 13 39 30 25 29 10 41 21 59 65 65 15 32 68 4 10 79 100 46 18 58 86 91 39 31 5 73 39 74 95 67 36 87 66 14 33 7 56 22 86 5 64 98 41 61 85 93 79 95 94 18 81 66 97 31 29 60 91 39 17 0 43 52 84 80 33 59 24 21 56 92 54 99 18 99 95 85 45 60 28 88 97 6 68 67 65 44 90 88 81 60 82 87 12 83 77 19 12 98 46 89 55 97 30 0 49 55 99 91 20 49 68 72 10 9
29 90 0 66 21 53 11 13 33 46 40 89 18 28 74 73 98 39 66 82 92 12 36 10 31 19 93 44 64 32 66 43 22 64 63 95 38 19 1 23 49 36 73 68 69 38 96 97 8 22 24 91 37 53 12 82 70 84 94 73 41 64 69 22 71 63 34 59 95 35 83 8 68 58 42 31 20 42 20 33 25 21 71 50 45 93 58 25 75 22 62 88 13 72 5 51 25 12 99 73 2 94 30 57 2 31 80 21 33 74 74 97 12 66 20 47 29 43 92 9 22 15 49 34 54 99 77 58 71 68 94 20 100 74 64 21 38 55 26 22 57 46 1 93 15 88 62 45 21 86 49 77 24 94 41 66 100 36 34 8 28 75 56 29 77 79 55 47 84 43 71 91 80 93 53 45 98 82 10 56 46
0 19 92 55 3 30 47 35 96 89 1 39 53 74 83 96 91 47 88 13 94 13 19 68 3 84 67 95 44 94 27 79 69 86 96 48 53 47 35 77 39 98 15 94 77 55 90 87 70 52 49 78 98 21 87 7 93 21 95 96 93 70 5 21 37 68 58 45 88 84 88 98 88 17 33 89 90 76 93 16 70 27 27 100 32 10 54 67 6 64 5 33 25 6 62 33 63 89 26 88 64 2 8 23 65 52 100 6 26 18 99 29 0 68 1 62 72 16 94 41 94 99 63 79 55 9 72 19 41 88 55 74 89 8 50 81 86 77 28 16 4 60 20 53 86 61 91 49 87 41 70 98 9 21 1 12 76 60 11 38 99 0 62 52 45 70 97 6 83 85 31 46 7 76 29 43 24 99 15 62 50
26 90 72 38 92 76 31 64 95 85 50 8 37 57 89 17 22 2 35 9 95 33 7 67 83 41 32 53 7 44 25 67 82 46 95 82 98 16 14 82 94 73 0 36 24 15 75 93 87 0 8 78 2 58 35 23 49 79 91 53 66 14 56 41 82 79 13 90 35 35 45 95 89 91 64 37 49 47 7 29 85 47 44 99 15 38 75 8 28 63 68 56 63 95 3 79 16 51 4 28 53 77 10 27 65 94 57 74 74 82 84 22 92 74 83 64 69 67 73 95 35 91 71 28 74 3 4 42 91 9 76 71 40 48 92 20 8 17 10 93 11 68 97 80 90 2 32 14 37 3 74 33 93 56 7 25 34 0 42 13 47 84 14 99 85 48 63 26 47 59 59 32 100 57 80 14 63 40 3 1 5
33 67 61 42 63 24 14 93 53 99 4 97 53 99 1 48 95 90 88 36 25 73 55 60 2 88 85 0 46 42 53 95 2 12 14 14 89 93 28 98 24 32 12 30 34 62 53 32 38 11 11 57 83 65 78 43 35 79 83 65 41 13 69 70 79 10 54 23 87 50 64 64 11 1 27 1 28 51 13 84 36 72 18 44 89 48 73 49 23 43 27 31 84 18 15 99 86 28 25 58 25 88 85 77 24 86 11 24 14 91 67 95 67 49 57 27 22 75 87 2 3 11 68 6 88 29 40 69 100 53 96 44 15 20 78 38 32 9 78 93 91 61 68 86 67 34 93 50 13 22 37 10 8 89 99 73 82 30 99 26 97 83 94 43 21 94 37 87 19 78 10 73 60 35 50 14 61 92 60 96 42
16 79 39 53 70 88 15 26 22 57 10 98 5 12 71 23 66 90 78 26 0 61 34 96 72 87 42 35 59 61 49 4 38 0 28 68 53 67 74 33 77 56 38 14 17 42 65 48 8 94 44 38 2 93 20 82 62 1 49 80 7 24 62 46 62 4 76 21 90 25 75 84 83 38 43 8 99 69 84 70 20 89 49 33 30 58 22 50 51 77 35 44 26 62 22 2 5 66 15 21 59 2 19 41 83 76 85 10 83 33 40 17 83 56 27 17 75 14 32 51 7 14 44 5 57 42 75 3 50 63 40 2 36 5 49 54 23 30 36 99 92 84 59 75 82 21 80 7 25 80 62 44 47 74 0 18 28 92 47 90 33 73 40 46 31 78 78 84 90 18 54 36 92 61 72 98 81 13 14 96 12
81 7 29 87 39 29 15 4 31 44 75 8 87 5 82 27 3 57 28 38 23 80 13 41 97 31 96 62 92 9 88 36 100 16 99 84 39 27 8 15 39 19 54 93 30 24 72 97 62 92 42 99 87 45 11 33 80 41 38 28 64 29 67 12 94 96 26 65 30 23 23 51 2 54 65 15 6 67 85 76 68 14 8 41 90 76 57 57 63 23 19 6 44 98 16 42 41 88 41 76 85 87 64 43 84 15 67 24 3 84 74 82 99 92 49 47 89 3 30 0 71 47 48 98 35 78 99 34 24 49 43 83 61 46 46 22 62 78 88 56 49 20 58 25 4 72 37 71 1 65 43 27 66 38 71 85 78 67 25 74 96 69 59 18 30 36 34 76 59 63 6 94 31 52 20 61 80 44 83 43 65
67 9 69 74 58 2 51 43 76 87 44 15 53 53 69 60 21 30 74 62 19 7 76 52 64 7 64 14 54 6 24 10 40 72 88 49 56 70 29 16 45 43 87 13 10 97 48 42 56 42 11 17 58 98 18 4 42 14 78 100 77 19 35 69 92 42 52 76 43 20 28 9 75 46 69 14 53 42 18 2 38 95 84 43 8 51 99 17 27 7 99 15 65 67 12 37 25 57 19 15 87 21 87 75 0 64 77 43 67 68 64 22 84 70 100 64 80 55 12 73 61 59 11 50 96 17 64 64 14 89 31 89 66 90 6 68 24 19 76 57 30 97 28 36 67 26 4 79 32 12 86 97 70 23 15 96 17 99 16 71 97 73 47 80 4 56 77 70 2 36 70 64 79 16 69 67 24 36 39 72 75
76 46 13 76 59 65 30 35 65 20 45 9 76 3 19 7 52 45 47 26 34 77 29 28 66 87 43 47 92 59 3 56 4 97 98 54 33 20 73 100 42 47 25 37 42 50 65 82 47 47 95 15 92 5 26 91 20 16 36 85 80 93 34 53 84 17 77 58 19 29 70 27 53 78 85 49 45 70 73 3 62 66 88 68 43 55 75 16 68 67 89 49 74 37 2 60 11 13 22 61 42 2 79 60 97 92 68 90 88 85 57 10 66 11 69 75 46 33 82 98 25 58 13 52 11 68 100 53 28 66 50 80 66 60 0 16 86 79 19 47 30 14 1 77 65 13 20 99 76 99 94 11 53 33 89 64 97 74 96 58 40 56 21 20 75 24 21 85 46 84 31 62 6 19 18 38 88 80 33 19 52
27 22 35 48 77 93 39 59 77 61 37 81 79 87 88 88 87 10 59 46 54 71 33 35 43 2 23 17 94 99 83 68 71 40 20 78 77 56 22 22 6 85 83 84 31 30 41 21 20 87 57 50 99 71 38 45 35 34 2 12 63 48 42 8 100 12 92 97 59 44 42 22 5 74 41 29 73 24 96 32 24 57 76 33 92 66 20 9 48 36 31 98 97 75 57 23 5 58 1 94 92 30 69 96 49 59 14 45 22 27 81 34 33 18 31 70 25 64 34 93 63 99 87 21 25 14 25 96 0 17 42 92 81 88 14 92 9 89 23 45 51 82 48 91 43 34 99 41 37 97 97 72 75 19 65 34 57 59 90 71 93 100 85 47 10 87 69 64 87 1 66 59 13 26 78 96 35 98 24 15 7
68 39 85 69 1 76 53 8 98 48 77 20 87 34 83 37 74 88 28 15 75 45 6 55 70 97 42 48 20 9 93 34 10 59 73 59 27 25 11 65 60 73 58 12 4 10 97 40 28 64 32 43 80 50 32 61 7 27 1 9 7 26 96 46 31 20 18 48 61 44 82 99 68 0 80 71 75 27 16 88 53 96 60 13 61 88 62 76 93 90 9 11 2 50 91 23 75 52 4 1 15 24 12 33 88 54 4 63 47 17 24 71 77 45 36 59 71 1 2 17 15 67 7 35 8 61 25 8 18 85 87 44 1 1 64 55 34 50 90 8 41 22 12 6 5 72 54 97 97 64 7 83 89 32 97 84 95 78 57 88 8 76 88 9 100 74 30 53 5 10 76 28 6 90 38 16 50 1 39 98 58
97 17 20 28 3 43 39 16 79 66 93 82 85 87 36 100 71 83 71 55 31 13 32 2 51 70 33 64 90 89 33 73 60 43 84 55 43 20 55 7 83 82 88 42 62 79 11 46 35 69 62 48 2 22 5 96 64 16 80 61 56 14 42 71 80 47 9 8 27 81 44 78 42 85 72 21 64 95 64 40 97 40 73 38 53 54 78 70 38 9 96 8 26 59 19 17 28 29 48 46 19 72 83 17 26 91 66 83 9 93 41 93 67 99 67 21 59 84 31 96 5 54 99 53 100 15 27 44 64 43 1 80 16 73 48 52 4 12 58 13 22 59 39 68 87 89 5 52 39 63 0 10 71 22 61 44 14 49 24 31 83 9 44 15 40 9 13 75 69 19 37 31 98 16 27 48 6 18 73 75 56
72 65 33 32 72 17 71 56 5 67 76 42 66 68 86 67 37 81 56 9 82 15 56 12 10 57 88 84 2 62 83 28 89 66 11 59 81 15 12 86 56 62 47 77 18 5 93 53 80 14 4 10 6 10 42 44 3 60 89 66 35 76 27 50 58 100 18 40 9 27 66 42 30 23 88 75 96 54 8 53 94 31 47 53 80 94 2 76 50 15 32 74 32 49 72 32 50 10 52 53 67 88 64 89 92 61 26 85 94 70 69 68 81 82 25 89 30 96 87 57 57 82 89 75 9 78 17 42 58 61 38 67 78 66 97 10 15 61 76 94 15 92 30 63 14 69 11 7 83 77 64 38 23 89 85 36 50 44 31 35 28 11 33 76 9 0 12 23 50 74 16 64 25 43 4 98 15 62 70 11 76
82 28 42 84 19 86 54 46 5 66 52 86 92 90 4 85 3 82 15 58 74 39 70 24 98 75 32 31 86 74 46 62 9 55 80 63 22 9 82 79 80 36 46 11 5 94 81 54 58 63 24 86 99 37 92 45 97 58 86 94 95 59 10 44 90 44 36 89 24 56 86 12 89 89 89 31 8 31 69 5 89 45 12 34 52 30 47 32 21 47 6 29 44 56 58 96 93 94 65 60 69 62 100 60 36 9 100 17 98 84 86 55 0 61 51 88 1 78 40 57 78 1 32 59 84 97 63 6 11 91 37 99 87 9 37 89 65 77 86 72 44 81 26 28 24 27 56 31 16 42 8 60 94 79 21 61 77 66 53 80 71 26 86 1 20 45 65 10 100 93 42 20 44 69 24 0 90 89 67 55 84
39 51 35 59 96 8 4 75 86 7 15 15 64 84 65 72 42 11 82 14 77 15 80 18 84 84 11 37 74 1 2 17 67 37 42 24 67 99 41 8 49 87 39 99 45 28 0 20 95 74 29 39 14 91 9 52 27 69 52 87 90 44 41 24 44 92 16 4 37 64 2 75 86 47 73 94 56 1 68 28 35 19 88 77 62 48 77 51 21 25 5 7 43 54 34 57 44 57 42 72 38 91 50 90 8 14 81 25 29 49 15 15 33 89 5 94 18 58 89 34 2 89 36 91 27 76 65 99 9 41 43 30 27 40 67 13 72 47 60 87 92 98 30 42 81 54 56 100 86 42 99 31 94 11 15 6 77 1 74 51 76 27 10 16 70 56 53 93 88 81 80 6 15 2 48 19 95 14 75 43 43
96 42 63 50 3 77 5 46 14 67 34 17 88 14 82 81 45 45 29 63 37 1 30 4 91 46 93 65 79 65 92 59 16 34 68 58 99 40 27 10 73 60 50 91 49 92 75 93 26 93 51 89 49 20 15 10 62 86 88 50 97 34 59 2 7 47 74 4 6 25 0 85 31 12 19 73 23 42 94 8 75 93 100 94 81 94 45 100 85 60 21 68 97 22 76 76 81 24 97 64 6 47 55 41 90 13 81 16 49 58 55 90 83 89 58 87 91 62 74 38 58 46 11 18 23 100 2 24 98 85 17 45 94 91 93 3 43 53 18 1 64 83 58 83 4 13 4 63 99 61 85 32 38 7 96 47 91 4 71 1 67 51 86 34 84 16 55 16 26 53 64 88 2 83 45 33 65 59 63 18 25
59 23 90 88 96 4 93 26 77 100 77 62 11 24 18 56 10 74 78 11 78 67 64 31 9 66 47 49 68 66 4 63 33 70 40 30 79 89 52 95 11 44 90 80 41 64 6 92 32 100 22 70 64 34 20 64 76 49 60 36 80 80 90 7 78 61 22 62 53 74 63 47 67 23 82 94 24 94 84 87 9 22 96 29 56 67 81 89 89 75 14 41 28 57 74 46 34 39 63 0 73 78 14 40 18 42 76 79 7 27 40 64 13 18 26 95 49 21 1 12 83 58 15 31 46 72 91 89 55 71 63 0 64 26 86 93 64 76 21 24 40 4 93 56 75 67 80 39 38 21 96 88 41 75 40 83 39 18 73 37 52 26 42 23 27 42 41 82 99 16 40 0 42 34 53 11 85 6 6 39 84
72 21 75 68 45 100 89 41 17 17 6 95 99 43 42 54 60 38 81 74 41 21 49 0 49 69 75 73 76 76 47 36 19 43 74 57 87 64 85 13 42 64 38 33 3 100 63 56 43 33 59 27 54 81 46 50 29 49 56 38 69 86 62 84 0 92 10 71 46 64 74 8 70 12 38 41 21 32 55 2 67 8 62 72 77 73 91 93 28 36 6 96 74 77 86 46 94 52 0 13 30 84 53 44 88 2 82 59 72 15 27 67 69 38 66 21 81 64 84 8 8 72 3 78 10 33 24 59 94 4 54 39 70 67 64 95 56 87 10 88 64 68 89 59 91 71 49 33 98 45 87 20 9 80 86 77 69 96 38 30 19 25 71 1 85 73 23 18 12 1 60 31 90 75 59 78 48 72 23 55 92
76 61 35 57 44 34 24 30 78 34 36 52 6 58 26 54 74 49 9 78 66 59 53 44 81 50 19 95 10 17 86 47 12 66 8 80 25 72 100 95 8 32 4 96 69 21 32 44 16 5 94 70 10 16 13 27 71 90 4 37 48 29 51 89 64 0 35 51 90 29 60 10 10 64 5 41 44 29 93 61 81 67 0 68 22 84 17 49 94 32 11 14 86 58 63 47 83 80 11 50 94 95 91 33 71 32 2 49 38 33 99 23 67 35 3 70 88 45 37 8 62 24 83 57 89 23 57 88 27 24 72 93 56 18 4 59 93 52 39 91 15 64 19 89 85 7 78 41 32 25 60 22 73 34 23 56 38 11 29 59 73 63 50 96 70 53 89 25 81 9 13 12 78 45 96 89 27 69 91 22 34
30 19 10 36 27 23 78 30 92 71 90 77 6 79 0 71 75 33 19 59 35 0 92 52 79 35 11 17 0 16 94 100 25 31 0 16 55 57 48 6 96 19 25 51 2 100 32 76 14 11 4 89 13 64 24 46 8 56 19 59 52 21 12 97 11 61 68 94 30 52 20 57 32 18 75 47 78 58 89 36 5 54 6 62 52 8 86 78 42 29 38 68 54 44 72 91 13 76 59 27 6 81 39 62 97 72 83 30 0 5 90 61 100 81 13 45 31 12 26 98 22 33 69 32 14 93 39 91 55 12 92 21 65 1 44 6 38 76 81 64 98 67 66 47 82 47 36 86 84 38 2 19 3 8 36 49 75 7 88 27 61 43 82 87 63 67 42 58 67 62 91 3 19 86 77 73 52 75 91 98 98
71 93 4 73 71 86 85 3 77 71 26 57 70 67 1 97 42 65 70 33 68 3 55 21 52 79 84 31 14 31 27 95 57 96 99 40 73 47 46 2 66 92 77 61 15 11 28 14 80 3 88 9 78 31 28 78 16 99 66 16 63 36 7 95 28 71 60 51 31 40 7 6 49 34 24 33 76 83 13 58 42 22 22 77 72 52 69 74 10 47 74 97 78 44 74 68 15 51 45 64 92 14 88 74 10 95 40 26 30 10 70 19 58 89 52 91 63 96 25 51 43 63 27 44 57 80 93 21 10 19 92 10 25 82 94 95 91 41 2 45 78 28 42 8 46 98 46 63 25 22 38 89 30 25 26 49 90 12 21 89 18 40 44 12 34 77 19 62 95 57 14 68 82 41 11 88 4 0 21 97 85
51 82 27 42 48 22 59 96 64 58 15 96 35 53 72 5 4 75 45 36 21 99 39 34 16 13 32 41 31 96 18 4 28 33 84 4 34 44 39 15 7 29 61 32 66 49 88 82 37 29 87 78 87 53 94 29 10 45 89 94 81 27 53 37 55 53 2 83 96 58 63 50 18 73 66 34 28 97 71 39 56 93 35 37 49 92 20 26 27 78 75 87 18 64 1 69 22 97 61 72 98 43 73 12 64 51 64 61 12 37 25 49 36 81 63 26 96 77 66 34 11 39 37 6 72 39 56 25 76 84 9 99 91 85 28 51 99 64 15 32 41 71 44 6 49 95 64 22 52 60 33 84 39 36 78 5 54 1 83 17 15 37 26 80 94 47 14 11 63 98 13 27 42 68 38 55 32 48 1 84 95
3 61 78 40 98 11 67 32 21 4 7 69 71 14 6 15 92 43 22 25 72 12 5 65 92 74 94 8 45 93 49 54 40 96 26 99 87 93 0 87 29 34 33 39 1 51 10 67 69 25 91 93 58 51 18 42 43 47 51 25 4 37 59 4 37 31 70 4 56 69 59 16 75 7 82 67 66 48 69 24 22 27 68 77 83 37 43 74 81 33 29 70 17 1 19 27 14 86 32 93 93 20 35 34 48 79 44 72 49 16 82 47 34 42 3 52 72 78 72 4 19 42 39 97 62 50 71 68 53 13 49 88 12 21 65 66 30 4 35 21 84 56 87 39 97 100 12 75 33 97 51 5 21 35 57 21 100 18 98 60 7 51 44 96 79 27 27 43 74 52 11 13 56 41 62 56 98 34 23 29 40
69 61 8 83 58 90 99 37 28 32 46 82 18 88 25 78 83 70 41 22 21 14 69 2 7 96 14 59 59 91 53 79 5 62 81 18 5 81 84 89 79 43 5 9 73 30 6 50 34 14 53 57 93 60 66 78 16 67 50 21 89 11 77 29 43 21 85 71 93 13 45 91 29 57 100 25 21 74 15 0 88 86 39 64 66 41 89 63 55 26 55 21 11 25 65 73 86 74 39 27 21 48 29 50 3 41 26 79 10 81 40 48 90 11 27 40 15 89 71 78 41 60 58 34 30 46 11 41 24 66 65 63 30 1 45 24 32 89 26 93 32 22 11 34 4 19 91 63 50 93 40 2 52 7 70 29 84 0 51 69 14 20 3 89 51 14 3 33 85 74 52 64 23 51 22 81 38 26 13 22 27
16 62 80 37 27 8 31 13 86 73 40 70 74 4 81 63 85 32 29 97 55 31 7 70 57 43 20 7 80 95 41 15 12 58 20 63 56 81 79 68 23 1 61 33 54 14 60 38 69 51 52 8 16 44 12 74 26 12 72 43 5 87 100 61 90 90 72 79 26 36 50 14 62 66 84 99 68 44 87 84 88 85 94 51 5 19 97 83 28 76 8 19 81 41 0 80 21 49 5 78 40 100 75 59 33 25 28 31 72 87 100 60 98 63 66 33 88 75 46 59 61 36 9 44 85 37 100 92 29 31 54 15 51 84 87 44 5 26 89 30 65 54 10 74 36 45 48 78 75 80 3 55 100 93 45 28 47 48 80 12 25 96 60 18 86 38 49 64 69 92 31 62 98 74 65 53 97 58 2 74 53
96 35 29 28 39 93 35 75 86 20 52 39 4 80 48 27 41 62 24 39 63 76 66 89 54 97 83 39 66 30 12 28 67 89 49 33 9 10 40 25 70 39 80 61 70 80 78 45 10 84 72 48 40 64 71 27 29 75 16 27 62 7 48 79 60 68 48 7 62 97 24 58 32 66 21 99 11 85 23 99 9 21 100 37 58 2 17 21 21 83 28 9 41 42 39 7 41 40 77 40 23 0 93 57 86 80 63 72 55 99 22 1 99 71 100 21 100 79 79 48 19 49 25 39 39 75 94 88 48 70 86 17 12 40 71 80 90 71 71 36 16 50 35 77 86 90 59 81 83 36 80 69 66 10 54 65 98 37 22 90 100 23 69 65 2 23 7 79 1 35 28 56 74 36 43 84 35 34 66 79 50
68 70 88 19 30 19 57 90 18 63 64 0 77 44 3 7 84 9 71 64 30 86 85 20 100 89 2 19 82 17 63 87 47 21 58 1 77 18 64 33 15 28 69 33 66 96 77 60 13 9 70 66 95 84 64 22 85 82 18 40 10 94 17 51 84 43 52 68 30 98 89 10 90 81 13 7 7 22 93 99 100 61 46 21 98 66 15 43 31 9 28 75 60 63 0 13 59 96 87 19 80 74 90 96 21 11 89 34 17 72 9 96 76 44 31 43 18 22 93 83 97 35 56 32 33 77 27 51 86 25 94 32 35 81 74 28 30 99 79 82 37 63 17 32 75 8 98 7 73 5 97 33 58 58 43 12 61 49 0 15 46 61 61 49 51 91 61 84 100 93 69 98 80 85 63 55 58 20 8 29 52
6 23 17 21 38 63 57 22 31 64 21 54 55 56 77 57 89 79 94 53 36 64 5 50 81 52 86 12 31 48 28 9 70 30 59 31 95 52 34 83 8 96 17 60 20 50 71 20 75 52 32 2 43 95 78 26 88 13 88 2 46 98 50 1 63 46 14 98 6 22 78 5 63 27 20 79 47 46 54 23 75 47 24 67 38 47 45 43 80 21 76 96 72 58 100 66 69 35 0 83 97 70 51 85 94 92 54 25 38 30 45 13 81 66 70 71 43 74 75 34 43 82 2 93 65 41 65 95 19 91 33 68 75 90 18 51 50 85 35 21 77 7 46 64 36 24 98 63 41 21 13 46 58 63 30 10 64 16 32 10 48 29 79 35 82 88 48 44 43 81 88 85 21 16 34 49 21 94 38 6 39
77 11 20 50 44 15 49 8 28 33 60 11 57 0 69 73 55 74 49 84 54 93 74 29 50 9 24 15 54 39 1 100 11 25 86 32 39 60 74 42 57 96 36 30 59 62 92 89 72 21 15 42 52 44 26 51 87 75 71 65 52 46 89 66 42 12 75 44 44 63 63 17 97 13 0 93 89 72 42 71 93 21 41 11 1 84 25 89 84 92 74 83 12 26 39 54 70 55 82 24 75 90 87 59 17 100 99 81 58 51 93 51 74 90 79 48 73 38 37 88 99 54 31 96 40 51 98 65 15 83 26 64 10 37 43 83 55 32 41 24 100 36 99 53 15 67 73 54 53 47 44 33 76 40 24 0 95 78 43 12 80 52 83 57 53 18 24 28 95 76 45 51 69 42 89 18 78 62 9 2 95
35 7 90 62 62 65 67 17 36 77 0 20 36 57 100 33 6 53 85 53 14 54 89 44 64 72 73 89 95 23 48 86 64 61 42 26 2 32 33 39 11 72 5 25 2 16 93 41 74 19 98 75 1 98 8 53 16 41 94 31 86 69 39 61 2 18 46 47 3 35 89 60 38 43 49 96 39 86 90 69 100 94 54 92 90 62 24 50 10 75 80 39 30 87 73 53 99 34 96 15 92 64 77 95 37 44 78 58 76 60 18 45 79 81 71 66 15 18 72 73 31 16 64 2 3 18 14 31 76 42 4 48 46 52 15 59 36 28 77 38 8 17 96 38 63 90 31 82 28 16 51 1 71 40 12 1 7 1 56 25 16 25 64 88 28 95 5 15 75 61 19 5 89 40 5 67 40 28 21 73 34
29 55 61 95 47 46 76 78 99 23 45 9 33 51 57 87 60 28 79 61 74 98 44 88 73 43 7 87 48 90 56 13 46 78 72 90 20 33 39 76 93 28 90 93 2 33 99 61 61 39 43 89 44 54 67 42 25 68 16 39 49 47 100 39 42 80 31 93 86 51 80 2 42 33 47 36 88 99 48 74 52 88 98 62 79 41 86 18 82 72 97 52 81 56 98 40 89 5 60 18 8 89 67 6 1 51 15 96 53 67 71 37 4 46 30 94 99 98 50 79 30 16 67 84 11 73 65 60 29 9 96 14 43 11 34 45 78 73 84 62 98 95 86 56 27 82 46 22 79 8 58 57 64 82 32 57 23 12 91 45 5 33 30 41 67 91 75 99 60 21 13 76 7 75 16 71 69 74 83 1 89
47 72 96 45 10 27 20 83 59 46 62 61 57 50 22 49 53 59 100 60 45 99 1 80 65 9 30 15 72 7 98 54 59 45 40 36 35 52 90 100 54 34 95 96 79 50 50 34 58 86 5 92 2 92 96 60 44 56 57 55 53 21 23 61 54 65 68 62 72 39 84 22 85 36 29 80 35 30 93 25 21 10 26 43 12 13 31 52 4 41 46 14 88 52 39 38 35 12 89 15 2 83 65 3 33 24 12 28 24 77 42 28 72 24 42 20 65 15 81 75 39 61 86 23 42 88 38 51 89 100 18 23 35 28 55 93 48 80 86 44 64 35 22 97 25 40 72 7 66 86 55 64 40 49 66 38 96 9 34 62 58 1 65 75 30 24 82 39 19 72 91 43 36 100 26 62 75 99 6 84 45
4 73 20 34 92 7 75 99 82 54 36 15 35 5 42 4 21 26 25 70 35 46 37 5 9 25 38 34 25 82 25 12 20 34 39 39 79 3 22 100 84 0 45 55 64 65 94 51 8 89 13 64 87 40 82 55 19 9 0 21 35 10 61 42 8 90 56 75 63 36 18 74 3 12 72 93 62 71 43 62 19 62 86 6 2 66 93 14 63 64 63 84 28 11 42 86 58 10 22 69 4 15 40 54 75 63 31 16 63 47 33 63 91 0 52 74 20 9 68 11 44 10 94 11 31 84 49 38 69 84 50 35 45 35 25 80 61 19 46 75 39 31 88 26 88 11 29 64 12 87 1 64 69 54 26 59 81 94 58 21 14 52 57 43 30 1 21 39 61 8 63 62 50 57 7 37 42 58 57 80 8
62 43 70 58 50 30 21 20 59 28 77 31 43 81 52 71 41 59 0 91 13 93 54 25 70 59 44 35 58 16 19 20 23 46 61 79 70 59 8 35 74 91 99 83 50 90 59 40 47 72 20 55 24 93 33 10 56 16 13 34 62 9 9 34 70 17 83 88 61 18 0 46 64 31 9 83 61 52 39 83 73 73 96 71 67 80 40 43 56 98 43 85 25 59 76 6 22 84 32 3 35 11 85 90 56 4 4 16 17 49 66 9 41 79 77 21 39 72 72 62 23 23 96 67 70 43 41 56 26 89 86 92 61 68 10 66 53 5 73 62 14 18 27 9 82 20 48 77 31 9 29 47 66 81 2 7 10 15 90 90 40 87 92 1 55 55 23 19 50 78 64 39 71 85 58 1 94 28 13 74 81
61 52 41 90 34 26 67 0 99 70 1 89 89 73 57 24 98 42 91 60 88 31 96 29 53 83 49 4 21 70 38 94 100 20 13 21 89 32 43 81 42 66 78 52 2 90 23 39 16 52 45 34 64 90 49 33 84 77 99 18 25 12 32 30 30 88 91 45 78 43 82 100 10 82 11 44 84 40 8 18 24 74 22 21 13 99 93 28 35 79 52 26 84 94 95 86 6 42 78 67 4 17 18 33 10 83 46 27 18 98 39 71 65 79 63 91 39 60 99 67 95 78 75 28 65 59 22 33 90 38 10 99 72 33 35 69 7 18 85 58 66 22 52 3 26 46 80 33 95 50 76 14 20 70 1 81 81 62 43 18 55 21 92 38 13 53 82 21 45 62 21 64 69 52 42 70 58 53 12 8 1
27 57 37 17 94 11 4 55 72 14 78 42 2 5 90 74 32 17 30 73 78 47 48 20 38 0 0 5 77 13 40 84 13 47 36 97 11 63 5 27 66 98 36 56 59 31 62 73 60 14 24 25 35 56 84 68 75 52 15 16 57 21 2 67 7 10 65 6 75 18 90 9 34 79 31 89 73 26 67 97 2 65 42 26 75 22 6 39 1 99 70 26 10 53 53 26 15 40 94 2 48 44 92 96 54 14 16 2 60 25 11 27 42 55 15 96 13 82 82 52 24 6 18 82 44 50 95 58 1 40 7 68 24 35 12 82 17 55 72 22 73 2 27 85 21 60 5 4 15 2 77 91 95 6 41 53 72 36 70 18 5 10 7 29 20 67 73 48 40 18 49 71 96 84 98 3 12 22 26 1 40
19 31 18 87 7 7 5 46 51 96 20 70 54 70 56 89 91 86 92 92 30 48 40 50 23 6 72 6 72 27 51 69 78 45 0 100 34 1 64 92 24 84 93 41 86 36 46 97 86 86 81 36 9 59 90 52 2 70 4 3 54 76 17 90 77 27 39 16 14 27 15 20 75 58 76 67 80 41 73 34 64 97 33 71 82 48 69 38 44 27 88 4 44 6 92 37 95 21 45 93 40 54 53 76 43 25 19 87 100 58 51 85 94 61 7 7 74 34 58 13 85 100 40 82 89 46 44 12 42 63 86 79 38 71 97 71 36 27 73 87 47 91 31 14 62 58 76 61 42 40 64 69 0 88 16 66 91 18 0 21 4 66 42 49 34 28 24 27 82 79 1 13 24 27 21 93 58 21 75 54 60
64 61 43 96 75 94 8 27 99 68 18 12 7 66 63 14 16 22 31 82 98 65 60 48 81 53 12 15 57 60 62 58 7 47 17 4 80 2 0 84 78 42 70 64 44 78 7 48 24 21 63 30 98 0 8 89 37 24 42 46 85 98 72 16 28 32 73 98 26 91 60 31 20 84 74 55 33 67 78 3 0 29 6 69 40 18 20 37 43 24 93 13 94 77 3 57 72 31 98 67 14 77 65 42 100 98 33 61 36 64 57 58 7 41 24 34 78 40 74 54 34 10 31 92 17 42 68 17 65 32 50 17 56 66 80 96 0 89 95 4 50 91 93 18 33 82 23 68 55 76 10 39 77 10 16 75 11 94 26 19 69 46 100 50 40 23 83 35 1 35 43 42 10 0 70 73 28 79 77 76 58
43 55 65 30 91 44 29 6 72 79 38 20 18 2 66 26 83 53 44 24 70 91 70 55 4 22 10 46 33 75 62 37 67 34 21 43 22 18 51 69 63 89 49 26 93 2 24 67 84 100 2 91 61 69 52 26 95 5 1 43 60 23 77 48 57 60 95 54 39 88 35 16 10 54 78 73 96 78 50 2 43 43 26 1 63 39 87 62 78 89 59 73 9 70 82 46 32 2 66 94 100 85 79 70 82 60 55 40 3 76 75 31 24 98 81 55 78 59 36 20 60 14 8 20 20 15 8 99 24 35 82 15 7 6 50 61 64 48 30 39 76 62 11 15 5 39 30 83 72 13 41 42 55 43 37 61 55 34 32 69 73 41 87 70 20 56 54 97 17 14 59 60 68 98 16 83 60 95 95 10 27
41 100 88 41 58 58 28 29 87 40 43 4 72 55 0 21 8 90 98 77 60 52 39 46 56 16 26 44 64 88 16 93 39 61 40 56 2 74 35 67 80 37 6 41 67 76 100 28 51 34 34 95 31 23 28 23 42 92 94 26 27 19 11 13 1 65 77 35 69 0 55 31 15 44 31 39 62 27 48 28 44 35 17 69 60 11 75 84 98 36 43 31 58 34 52 36 41 29 83 3 77 100 39 53 53 65 51 66 55 85 92 66 87 69 21 27 30 38 23 52 34 99 9 72 27 18 98 97 73 95 32 58 25 66 30 60 14 47 2 96 87 89 3 99 69 90 99 55 79 5 17 36 72 12 57 58 12 1 85 100 65 66 72 6 75 92 53 71 35 87 100 35 33 41 84 22 73 6 69 8 62
91 35 24 98 2 60 85 42 2 46 85 40 16 90 99 66 76 14 35 0 84 78 6 83 35 52 75 9 74 72 23 8 92 28 51 80 7 87 19 28 52 39 7 99 95 95 65 40 64 18 8 45 29 33 32 55 91 16 23 83 14 64 38 95 11 80 18 50 88 86 62 78 9 60 90 38 35 36 14 30 54 57 9 87 99 26 29 74 91 1 72 76 56 80 91 6 92 44 79 98 74 68 26 54 94 24 17 84 60 64 87 30 21 98 43 19 98 93 57 28 74 82 9 35 56 33 58 3 73 77 68 90 36 0 61 98 75 48 96 51 54 95 81 77 72 2 55 57 77 58 1 42 69 45 29 99 24 53 29 85 50 27 36 9 82 34 65 96 66 53 20 100 14 83 44 65 34 79 19 9 71
88 72 47 39 89 48 90 88 63 73 58 69 82 70 16 7 70 57 5 80 17 97 57 35 89 19 86 100 77 18 21 31 13 39 51 25 27 20 8 27 55 91 55 3 11 71 19 86 74 92 83 4 19 80 65 23 78 46 23 9 50 19 80 20 3 80 0 59 16 50 2 10 82 87 59 66 95 27 95 9 87 96 25 54 70 91 76 47 64 56 73 18 80 53 82 77 13 10 66 87 21 79 9 74 34 25 2 51 26 17 13 36 89 76 70 29 40 71 77 91 89 39 100 65 6 94 48 35 99 26 44 73 97 94 76 63 92 66 31 90 65 75 70 22 97 35 39 100 81 63 4 65 46 48 38 20 78 61 13 84 24 52 72 87 32 80 59 67 23 29 91 68 72 12 89 78 54 34 63 49 87
34 65 87 15 96 49 99 4 30 99 0 72 8 59 95 68 78 33 48 13 48 73 45 13 98 89 26 57 81 52 43 20 83 67 37 68 42 9 45 69 36 44 71 64 78 18 70 16 28 84 92 57 71 76 59 77 42 44 64 2 76 30 4 12 76 60 17 41 15 65 67 86 33 32 70 3 10 48 24 26 89 100 61 63 97 57 43 52 20 17 83 91 18 72 81 65 64 91 74 22 25 100 76 97 3 22 83 81 16 17 86 72 21 63 85 65 72 10 52 67 50 8 99 66 6 22 37 90 73 61 22 20 58 32 88 51 60 40 59 78 22 3 77 3 90 81 33 62 68 14 18 13 25 68 91 19 78 46 29 93 82 32 64 64 67 1 17 8 94 12 77 25 74 32 86 2 57 76 85 25 81
68 13 53 70 65 70 27 98 3 42 17 87 60 39 98 36 46 73 9 75 87 69 42 59 52 69 74 21 38 8 0 0 21 10 35 53 72 26 88 37 43 30 20 80 33 49 27 47 60 50 83 96 92 12 4 7 50 40 44 67 92 11 97 32 69 17 86 97 87 30 26 31 74 20 19 39 52 21 48 51 47 33 10 0 60 87 17 68 72 2 19 43 71 64 75 2 80 13 10 37 46 53 90 46 50 38 99 26 56 86 24 81 26 34 12 82 17 61 78 1 20 57 27 32 68 71 61 45 11 58 66 22 53 21 24 37 75 79 88 11 26 26 50 19 80 33 72 38 45 98 2 95 44 28 79 54 66 96 90 60 63 21 60 97 65 31 34 3 9 57 22 79 38 94 71 51 13 0 56 49 16
83 30 9 26 78 43 77 82 72 85 5 50 87 26 19 83 68 6 6 31 20 97 53 39 53 52 38 94 42 23 98 12 19 98 7 35 27 43 31 20 63 25 12 86 73 16 44 64 59 24 35 47 43 80 23 98 30 35 32 65 18 89 0 34 38 23 68 36 9 97 27 63 82 13 10 15 83 68 85 34 52 32 74 93 25 63 11 90 34 95 74 7 19 2 60 29 96 65 97 50 38 18 63 61 22 48 71 81 31 3 58 24 26 41 80 78 6 62 18 70 72 6 39 1 9 64 95 62 42 44 11 28 30 55 44 44 77 14 76 33 36 78 45 57 75 99 36 82 86 95 6 63 62 56 62 94 69 34 22 36 71 63 26 71 7 34 54 97 78 61 50 95 55 95 82 21 39 14 64 23 3
68 50 15 50 63 22 60 75 29 65 65 90 39 1 3 54 43 66 52 15 43 12 41 63 24 95 69 84 7 59 80 27 39 92 45 83 68 67 66 64 84 70 26 39 74 57 86 45 72 6 87 29 64 97 56 64 26 21 53 96 16 26 80 4 36 15 29 10 49 14 51 47 82 30 100 22 73 8 66 44 6 12 19 77 4 5 78 21 19 42 64 26 79 52 61 93 56 47 3 13 11 35 77 50 9 98 42 70 81 17 16 37 61 59 25 23 48 56 15 77 8 31 57 1 24 90 33 91 92 16 36 99 61 67 3 31 61 82 2 38 53 81 65 73 76 20 57 50 44 98 26 31 86 48 66 14 28 31 75 59 18 94 33 88 91 71 23 28 90 67 5 33 52 73 66 78 3 2 26 98 14
18 100 71 90 85 100 30 48 84 54 29 60 68 0 31 78 53 80 89 83 32 76 98 31 83 59 81 69 35 72 72 69 61 35 71 72 98 1 27 68 63 90 49 52 0 45 19 21 94 55 35 89 92 97 11 81 63 19 22 82 13 100 96 9 98 68 5 74 18 79 85 24 57 62 56 28 45 20 26 11 43 55 26 90 43 82 56 55 79 41 4 12 77 87 28 46 68 89 61 15 48 75 75 46 38 30 7 65 57 79 33 70 16 16 96 86 29 4 88 80 23 72 85 4 36 82 82 49 30 4 69 22 63 75 3 78 84 0 83 61 25 19 4 38 32 88 73 55 66 93 46 46 26 44 2 8 31 91 60 64 20 81 59 38 4 65 76 1 8 75 96 73 18 34 38 3 15 84 79 23 22
72 29 41 47 72 46 59 13 90 66 60 42 31 81 28 6 7 86 22 82 99 47 43 19 27 34 34 26 93 96 75 0 75 28 92 41 60 17 69 71 10 39 34 45 86 33 79 48 83 95 61 37 20 53 4 5 22 68 45 5 17 77 70 65 8 60 25 27 7 23 98 18 64 46 16 97 12 11 8 4 29 28 69 25 71 53 34 79 73 56 77 38 55 40 16 33 66 96 61 75 85 85 32 23 27 54 92 84 67 71 2 31 89 46 20 38 80 29 52 78 4 74 34 0 54 9 33 75 2 15 12 72 69 27 82 63 24 68 7 64 42 22 58 44 17 67 3 51 4 80 84 11 18 54 91 25 73 61 57 61 97 70 46 35 84 37 8 44 77 95 35 100 35 37 100 94 43 39 91 88 64
69 54 97 39 17 88 18 18 91 100 56 66 77 33 51 3 35 65 79 44 80 18 67 63 89 18 71 46 53 42 97 64 39 99 32 35 57 40 22 26 79 34 3 35 44 93 17 75 98 58 53 29 3 56 5 37 78 0 25 37 0 61 33 26 88 12 29 56 18 85 17 71 24 82 56 82 42 50 29 90 88 56 62 85 59 1 34 96 46 63 86 90 33 98 43 98 0 90 88 57 43 95 17 79 36 92 38 33 32 76 9 12 8 37 39 68 56 10 73 5 12 20 54 94 64 14 69 57 57 75 8 4 79 41 44 75 50 20 12 51 4 8 43 73 60 10 30 26 66 44 92 97 33 53 75 37 46 28 24 78 57 14 56 63 32 46 80 78 98 42 79 32 84 58 54 99 56 34 88 13 69
91 12 29 22 23 68 84 46 76 64 43 79 34 29 32 69 55 60 23 78 53 25 61 56 52 15 67 15 95 100 53 78 42 5 20 97 5 44 49 17 34 17 97 9 53 78 95 67 67 36 87 26 100 37 49 21 94 68 32 8 18 1 36 52 55 18 82 96 49 43 61 48 63 81 59 96 62 0 43 48 45 58 18 25 71 36 46 54 79 77 5 97 48 62 88 72 93 31 34 63 67 65 32 100 56 35 21 19 40 38 38 43 14 10 98 92 8 21 1 18 3 78 63 50 56 48 14 42 36 81 90 37 22 69 72 70 20 42 94 66 84 72 82 53 23 6 23 19 68 90 42 35 87 48 94 8 39 67 93 90 66 15 97 91 55 31 61 96 96 68 26 1 39 24 39 64 89 44 31 87 87
11 74 1 73 95 87 36 34 48 53 45 43 51 70 4 65 73 63 23 78 16 1 75 36 91 97 45 40 35 69 74 38 1 11 74 70 56 26 9 9 25 15 55 1 9 15 56 73 63 72 92 41 93 28 52 50 44 26 7 33 37 42 31 25 67 51 54 45 60 65 89 56 59 81 49 24 41 35 99 45 62 54 100 76 70 21 85 99 90 33 58 93 98 18 98 69 51 5 66 81 77 96 39 89 9 67 48 23 99 18 19 4 78 55 48 74 44 54 36 42 10 72 94 27 90 81 3 35 0 97 84 40 85 64 95 8 50 24 96 56 56 20 52 71 91 90 27 26 19 56 75 13 55 51 40 45 77 56 49 59 84 25 29 97 56 0 99 96 90 98 11 64 25 14 11 42 86 25 98 85 31
68 73 41 29 18 96 35 68 49 86 28 6 27 88 89 82 57 57 7 59 79 56 60 40 79 48 58 100 27 67 37 70 8 35 82 14 23 46 6 40 1 27 78 10 10 100 14 10 15 52 30 79 24 51 86 14 49 44 73 21 85 43 29 42 71 31 79 61 37 82 44 58 34 10 45 94 58 23 46 47 65 50 54 41 51 16 71 54 88 77 96 94 50 88 30 92 67 67 20 44 98 23 23 59 69 64 81 32 86 11 28 71 36 3 97 90 31 91 6 8 32 81 93 44 45 8 18 48 30 11 99 45 51 17 1 27 16 48 48 0 89 81 44 65 36 53 42 9 42 26 73 3 39 15 48 60 74 77 28 23 30 80 100 29 45 21 29 93 85 30 47 22 51 85 42 50 73 3 9 92 47
29 70 9 82 63 88 49 57 14 90 71 51 99 45 47 12 4 58 74 90 86 61 7 41 9 65 20 56 0 48 70 47 1 56 67 20 7 20 63 34 28 34 99 72 83 58 1 5 29 4 13 45 99 19 19 82 25 18 87 7 16 78 1 34 33 15 42 61 89 75 57 4 53 37 98 43 1 37 50 79 100 16 83 11 43 18 43 65 33 5 58 35 36 97 100 51 93 98 9 94 78 1 61 42 65 39 25 99 97 5 62 64 77 46 50 82 77 93 44 82 80 37 79 43 24 33 28 29 12 69 41 14 15 19 74 41 91 92 32 32 9 27 4 36 40 20 79 100 46 54 85 35 26 4 61 47 91 90 96 64 37 33 49 43 89 0 10 80 60 15 50 27 59 89 27 37 77 17 49 95 17
68 71 51 59 39 58 52 28 7 4 36 42 70 94 7 51 93 84 55 21 92 71 2 74 41 100 2 0 47 79 30 29 89 70 25 46 11 68 38 29 37 96 48 3 23 37 37 27 91 69 85 41 25 65 10 57 27 31 1 37 38 75 41 81 29 32 96 24 43 89 74 98 37 15 15 39 11 61 65 33 89 20 44 22 74 38 55 98 83 95 60 83 29 52 21 23 47 44 91 44 30 84 28 50 17 4 41 34 39 50 21 1 22 88 89 81 88 47 96 46 6 43 80 21 40 50 44 70 86 29 93 97 68 78 52 58 24 66 93 22 49 46 98 2 29 34 73 11 55 13 76 9 9 11 13 66 35 39 71 74 5 70 18 99 17 95 82 73 86 77 40 47 40 43 56 48 27 41 55 74 15
35 41 10 58 99 2 26 41 8 55 26 6 53 100 52 94 0 31 2 36 74 87 4 60 45 78 14 69 23 53 71 16 2 17 94 77 52 4 46 39 56 32 24 78 87 18 35 21 89 77 88 49 52 45 28 26 69 76 93 74 76 60 81 75 38 24 80 38 93 45 50 8 42 94 62 99 12 5 41 44 88 70 58 46 54 80 28 49 4 7 0 94 92 87 34 27 25 87 39 67 31 81 70 36 10 68 51 19 18 67 27 57 58 22 70 87 53 99 90 38 80 83 70 100 55 14 25 49 84 36 29 79 33 48 95 31 3 17 18 38 87 92 96 63 96 39 94 33 18 14 9 20 51 43 57 86 25 68 100 91 89 68 6 41 92 70 70 24 28 81 19 14 66 96 61 0 11 21 52 17 22
64 73 65 71 0 74 61 56 76 12 68 5 88 48 51 28 30 73 5 46 69 44 53 59 61 97 84 24 52 73 66 34 46 18 35 15 42 62 85 36 94 93 8 73 33 45 6 66 100 22 87 61 37 84 1 66 21 61 82 30 42 74 63 37 96 98 94 39 23 41 33 76 1 56 17 5 42 24 18 81 88 64 55 94 30 77 5 78 32 96 89 76 30 70 81 99 100 42 55 82 0 68 69 6 74 91 36 18 10 98 100 66 57 98 63 55 56 77 13 15 91 52 77 50 63 71 79 54 96 29 10 4 28 34 41 15 91 75 59 1 8 98 27 88 40 75 16 19 26 18 57 59 71 4 72 14 75 87 72 80 9 79 28 43 76 97 13 49 6 29 95 79 3 3 34 50 4 51 36 89 27
71 4 80 14 70 29 61 5 94 28 54 30 79 35 10 70 89 97 8 38 73 10 47 53 20 88 99 37 9 12 60 1 51 9 5 100 96 82 37 33 30 75 70 20 28 37 32 16 13 28 99 63 78 78 63 4 54 39 89 29 95 39 70 29 13 45 50 57 79 6 33 18 7 1 72 57 15 40 97 62 24 52 69 4 5 60 58 71 47 52 68 56 18 58 9 58 29 76 21 63 90 83 29 74 66 99 54 100 58 93 7 33 91 11 89 33 48 86 32 63 87 16 41 30 26 12 93 78 64 2 21 57 80 84 78 63 93 41 96 18 20 38 72 30 38 42 8 56 64 62 92 5 37 43 61 9 94 58 44 26 92 51 39 44 76 79 28 75 63 25 48 90 24 83 37 67 72 17 54 75 89
91 4 18 28 8 57 74 0 45 68 87 28 61 70 93 42 83 37 58 93 31 54 9 4 0 27 23 87 63 66 30 52 73 62 10 51 76 24 94 2 62 30 74 10 72 59 100 5 90 88 29 97 61 89 84 73 15 100 24 19 32 69 70 29 48 84 19 86 81 18 26 72 89 20 78 41 82 41 53 18 48 46 54 57 91 82 92 81 14 43 76 37 23 97 31 86 74 79 54 6 2 28 58 93 54 73 55 77 19 75 48 33 5 59 36 67 53 10 80 70 39 41 15 3 60 90 58 14 92 11 97 28 64 69 47 63 84 7 11 21 8 22 71 1 52 62 92 88 38 58 45 19 84 48 71 69 66 80 63 62 72 66 69 26 92 34 32 29 83 88 71 87 31 44 9 87 49 38 99 69 92
17 99 42 26 17 86 52 94 17 79 66 58 77 51 78 22 25 26 51 39 46 28 84 28 2 38 73 84 24 73 46 62 70 61 63 35 32 13 17 67 58 78 78 57 17 23 80 29 8 50 39 7 53 99 43 53 57 35 52 49 23 31 24 96 20 17 62 43 91 55 7 11 95 55 98 59 84 65 63 45 26 35 11 94 35 25 45 20 68 62 37 33 74 28 43 27 48 6 99 24 44 85 70 1 74 15 68 84 28 66 27 3 100 77 100 81 17 8 60 53 35 53 48 17 29 30 90 53 11 94 26 48 28 80 82 82 54 45 32 88 86 6 73 76 92 80 25 73 38 33 5 29 48 11 51 33 71 92 85 25 56 81 65 58 29 11 60 36 61 31 28 13 56 71 44 78 18 41 5 19 18
24 31 99 11 57 78 76 35 84 51 73 73 51 65 33 39 69 47 17 33 61 4 8 6 96 81 24 86 2 16 81 55 36 28 10 93 13 0 3 88 49 65 55 45 26 50 66 66 36 57 29 33 99 87 58 31 23 93 61 78 82 20 9 76 55 12 21 52 95 4 78 33 86 3 75 42 90 48 56 73 99 37 39 62 69 33 23 12 85 62 5 51 100 87 15 57 39 3 58 86 0 17 21 30 67 28 67 44 100 34 73 66 85 90 40 9 57 51 44 81 90 33 7 51 72 91 46 14 15 56 81 43 0 34 84 22 5 37 89 18 52 43 90 64 22 90 31 93 56 50 61 72 32 55 55 23 97 65 0 33 22 67 53 83 47 54 62 34 7 21 36 89 12 13 78 47 30 85 11 66 88
31 3 100 72 72 23 83 92 67 62 71 0 45 73 28 40 69 91 18 82 35 53 93 69 16 56 100 28 57 55 100 39 26 39 70 22 76 86 40 37 34 7 91 83 41 3 1 35 83 98 14 69 89 81 96 23 16 1 78 51 97 48 63 62 24 39 76 80 43 86 89 57 81 26 29 37 36 18 13 21 35 53 40 54 26 93 21 60 4 7 14 72 34 0 56 37 56 14 94 51 51 30 92 84 89 18 5 66 15 54 27 83 64 20 91 0 83 0 70 42 83 75 6 38 63 70 25 45 22 51 14 0 100 85 93 53 41 7 100 79 86 63 70 78 19 78 62 38 39 94 81 5 53 63 79 12 80 13 93 59 7 67 44 15 83 2 40 17 78 99 91 70 88 54 46 89 3 100 63 98 82
69 33 44 57 33 6 48 38 17 43 78 57 60 40 57 67 59 26 27 94 64 25 83 41 39 1 80 68 30 8 63 79 55 40 72 10 12 29 78 44 50 77 98 15 15 68 91 77 9 13 75 90 41 6 51 13 33 56 84 91 72 57 86 52 100 9 32 29 0 52 76 15 61 0 11 65 78 55 48 16 74 33 32 33 41 68 97 82 83 43 100 16 37 23 7 40 93 47 28 41 65 9 11 92 24 28 57 96 27 49 5 41 56 41 97 65 14 40 99 23 50 64 46 76 59 50 61 50 65 91 44 79 41 15 0 0 20 79 88 80 33 24 34 87 77 58 20 97 17 57 50 65 4 43 57 59 26 87 96 96 89 60 98 72 80 60 17 60 83 10 35 16 33 96 11 34 38 50 40 49 88
83 32 60 68 92 91 58 44 94 52 73 61 86 18 91 29 12 52 8 43 41 22 37 36 91 41 21 99 79 43 95 2 55 65 33 76 52 28 89 97 2 30 11 71 43 15 36 7 47 7 76 35 36 56 97 96 96 22 69 50 70 26 87 69 80 1 29 79 100 9 24 45 36 5 54 14 75 46 49 29 86 87 39 19 4 52 67 51 92 25 84 95 19 82 82 36 95 5 92 38 62 67 0 99 20 28 63 77 1 34 40 39 26 56 6 60 57 10 88 27 77 49 48 90 55 23 49 58 12 51 39 61 98 70 5 95 12 36 30 27 11 55 81 23 99 59 93 54 62 51 55 70 40 84 65 12 94 29 30 73 86 38 72 6 42 39 68 29 20 8 69 19 7 85 74 71 1 3 58 6 47
53 14 80 70 36 88 33 59 10 92 39 94 12 17 26 26 32 37 81 29 27 21 100 40 10 2 97 21 62 57 1 95 61 89 3 28 63 15 50 19 5 10 81 10 72 17 21 79 61 33 79 39 68 17 10 99 90 45 85 7 0 68 9 40 95 39 100 9 36 96 18 11 2 92 69 82 54 53 87 51 20 32 76 69 97 50 41 93 37 40 53 13 39 62 39 82 44 18 7 12 95 18 25 86 81 72 49 14 11 67 38 23 13 57 32 51 22 8 84 48 43 13 99 37 70 31 65 3 39 86 66 83 91 42 39 94 78 13 50 37 49 75 46 7 0 91 58 41 72 48 12 52 44 95 91 43 22 14 67 87 84 85 91 48 23 33 80 93 57 85 46 34 0 37 63 64 73 88 70 76 78
79 60 17 1 74 56 30 36 34 52 23 49 31 50 33 73 83 77 30 7 5 54 9 84 64 75 66 64 43 70 68 28 19 17 70 11 82 25 2 76 3 41 70 40 98 11 78 47 23 11 61 76 59 87 61 83 34 76 53 20 73 57 41 74 74 48 70 11 85 55 26 49 15 18 54 61 23 27 86 5 88 80 15 75 30 17 44 52 86 92 21 85 67 88 61 14 43 10 84 17 21 11 25 50 28 80 29 98 77 63 71 17 86 73 4 44 50 61 75 49 98 62 38 42 23 82 50 16 22 33 43 88 71 89 62 4 99 39 94 5 96 1 13 12 99 99 12 12 24 47 78 19 17 42 35 57 1 73 63 78 50 90 58 30 96 43 79 90 99 73 88 52 57 16 34 47 72 23 45 68 31
84 11 46 68 58 76 99 16 90 4 55 30 24 2 74 71 8 13 11 11 95 32 95 16 21 5 71 13 95 44 41 17 46 79 89 57 99 13 92 26 39 68 64 90 80 84 65 19 91 28 78 85 39 74 79 58 5 25 33 70 26 78 17 14 28 43 85 39 76 60 27 26 46 31 56 26 45 76 97 31 83 34 56 74 44 90 15 16 40 93 61 65 33 82 84 2 46 87 73 27 11 46 86 95 13 28 0 45 40 19 43 16 52 18 27 89 62 24 2 68 75 75 94 42 69 94 96 62 20 70 34 37 33 76 24 2 94 39 1 80 93 87 4 97 29 58 50 89 13 56 69 31 56 80 100 59 24 50 78 14 33 10 43 4 71 66 49 86 86 23 22 3 2 44 67 52 79 1 10 100 48
39 82 100 93 70 42 19 73 65 89 38 85 39 100 33 75 80 68 5 65 77 96 56 52 37 23 99 91 70 72 72 14 99 10 61 46 64 49 73 55 64 64 18 36 92 8 78 91 60 61 78 82 49 79 18 21 82 90 86 56 63 35 90 87 14 3 41 85 56 88 75 47 87 87 35 85 14 66 73 4 18 89 14 100 27 86 10 42 95 75 77 21 11 62 5 83 65 56 72 59 46 96 96 33 40 52 92 60 90 72 33 76 91 48 51 80 50 87 22 23 27 86 30 85 51 61 2 100 78 25 10 70 13 52 17 44 66 2 75 59 1 46 31 70 28 91 68 81 11 31 99 65 95 2 95 6 0 65 51 97 30 46 50 73 28 24 53 80 40 47 13 1 44 3 14 7 93 22 52 55 92
65 64 35 93 23 71 18 100 1 74 90 79 64 63 100 22 62 29 2 16 18 24 84 15 60 42 24 55 77 96 6 51 89 48 41 16 77 56 88 22 74 15 77 80 60 45 59 69 33 23 34 64 33 77 52 25 71 34 33 16 2 18 42 83 58 47 7 89 22 24 82 73 59 91 82 96 3 47 64 81 52 75 11 26 81 66 61 55 70 94 58 16 22 52 58 39 51 46 66 36 0 87 57 57 39 92 94 69 98 20 72 88 61 51 11 41 32 41 78 47 73 55 44 15 64 72 75 38 90 8 91 19 21 17 68 38 46 40 51 43 57 47 45 18 6 42 7 33 31 7 28 42 80 26 15 8 75 69 18 15 62 17 18 83 59 62 57 85 60 35 50 43 82 94 48 36 57 5 53 36 100
61 44 3 7 3 27 75 78 66 74 23 5 6 1 29 41 44 80 0 64 54 21 89 76 42 69 61 66 50 80 62 43 52 39 5 88 57 26 43 95 34 36 93 69 21 69 40 93 19 73 4 100 86 90 72 71 4 82 18 43 24 14 25 47 22 71 61 19 12 56 42 35 82 49 75 98 24 76 25 11 17 56 85 53 19 23 91 42 65 91 94 49 25 10 29 29 24 68 59 28 24 96 35 35 52 37 41 30 77 2 50 64 54 91 33 34 84 74 27 50 98 91 96 86 35 47 70 72 44 88 61 37 23 63 20 56 1 84 11 24 14 91 7 17 25 54 43 66 8 46 54 71 44 46 50 90 51 80 80 67 64 69 26 95 1 23 83 1 46 65 83 23 77 35 53 67 10 27 22 55 74
21 45 46 44 90 47 70 80 44 48 0 7 82 41 32 29 84 85 49 65 17 21 28 15 43 54 39 43 58 34 79 98 29 76 66 27 74 89 43 90 65 19 22 58 41 44 13 9 79 74 47 75 100 99 60 58 63 21 66 80 39 29 31 85 37 52 40 92 71 18 57 58 47 6 63 23 77 87 57 44 86 87 1 53 91 66 58 39 31 3 50 0 91 27 35 79 81 16 52 92 67 29 4 63 47 89 45 72 50 92 2 71 95 51 72 16 89 43 27 86 49 53 7 29 81 42 94 35 100 99 68 98 7 56 99 45 4 4 81 61 74 46 3 51 89 100 41 100 12 25 40 44 51 54 27 31 83 71 23 84 0 1 18 48 27 46 97 60 11 93 80 18 38 33 89 33 64 85 28 2 36
4 10 99 87 32 16 71 29 30 3 92 64 53 4 4 73 59 40 75 87 41 100 32 16 29 70 99 22 58 98 23 24 26 91 3 51 82 34 10 13 35 86 51 9 23 64 20 76 77 80 40 60 86 28 24 92 74 77 90 68 73 58 90 72 41 13 72 69 11 4 77 21 39 27 72 65 16 32 66 10 63 55 21 2 31 33 30 29 54 7 90 85 46 4 11 95 78 25 53 49 99 77 79 12 60 94 33 88 25 37 16 68 68 46 31 77 62 61 73 27 76 54 43 73 35 29 8 69 45 73 87 49 46 98 84 41 11 88 23 30 71 1 67 65 67 51 19 52 30 47 73 35 66 21 40 89 67 22 4 20 53 31 41 50 80 65 100 15 93 51 27 93 51 60 46 23 83 38 1 61 17
73 53 52 20 36 1 63 3 99 53 54 23 100 90 76 29 79 7 89 84 93 54 23 52 1 13 50 87 66 14 52 21 43 63 18 39 12 93 29 9 47 20 25 37 24 52 21 34 100 35 47 83 89 82 97 96 40 79 16 11 30 85 0 29 41 23 13 25 17 92 79 29 23 7 19 8 41 89 31 6 58 49 16 27 45 47 62 11 35 60 9 19 53 61 49 80 50 86 88 91 67 0 96 100 94 47 87 41 81 76 67 68 52 3 28 79 10 1 6 29 34 97 2 59 71 32 50 78 54 74 75 43 11 2 59 51 75 47 98 84 8 14 99 22 16 44 76 80 80 9 29 63 26 10 98 99 20 11 11 19 55 18 14 98 1 99 79 31 23 9 63 5 58 82 22 96 16 4 80 44 63
56 95 32 59 12 79 53 2 28 54 48 89 92 67 32 99 74 21 90 77 43 89 42 98 3 28 55 42 66 23 96 82 19 9 82 6 6 5 79 88 3 41 27 77 59 73 25 71 30 49 64 14 18 95 50 32 44 71 75 67 19 60 75 33 12 96 30 66 6 33 84 64 95 0 69 17 38 14 70 32 32 90 26 49 69 24 50 70 1 90 36 95 68 66 81 27 47 85 61 26 9 66 51 73 43 93 72 58 5 66 24 79 42 0 9 24 26 34 10 27 5 59 44 62 89 83 72 1 7 64 49 66 33 14 20 3 29 32 0 34 25 96 45 52 88 15 3 67 85 37 2 25 73 24 86 15 63 58 44 20 35 33 29 20 87 64 5 35 100 44 53 10 45 15 57 43 64 37 22 79 39
73 97 57 80 77 91 32 47 22 87 38 32 12 76 61 30 65 25 67 31 92 91 43 21 55 84 68 4 55 63 37 80 78 96 38 3 49 61 13 87 94 22 60 78 52 42 29 3 44 97 63 27 37 26 90 26 28 38 89 61 21 15 72 12 8 36 68 69 23 38 29 92 64 35 13 39 71 52 90 72 10 28 74 81 24 81 38 85 7 63 37 27 25 17 80 85 48 39 51 8 29 0 97 39 14 11 90 1 56 68 44 40 57 91 73 22 75 49 50 21 75 82 3 35 20 49 70 4 76 57 20 55 5 26 63 88 20 96 68 23 74 71 25 84 5 74 100 84 18 22 68 22 61 70 31 74 1 72 46 46 59 61 21 19 19 62 94 50 15 94 91 83 99 18 97 97 50 31 81 68 38
46 29 85 23 39 13 5 5 1 2 16 2 23 78 29 46 89 55 21 69 11 8 68 3 4 25 43 34 100 29 61 5 26 28 25 83 74 75 46 31 12 91 50 81 97 3 16 86 79 1 22 100 17 35 53 59 25 1 77 90 43 51 69 34 82 2 0 56 70 93 10 77 65 84 46 27 84 72 68 72 8 63 57 46 20 50 11 79 75 37 23 12 2 80 64 39 40 87 100 91 17 95 43 95 80 8 71 47 89 5 17 51 65 66 32 86 94 48 59 44 96 52 67 12 58 16 7 67 75 45 97 3 80 2 82 67 51 58 38 29 62 40 92 82 3 37 48 49 20 42 33 27 20 80 15 100 95 35 17 88 45 42 70 94 45 28 7 5 83 48 85 79 22 9 2 78 83 95 53 40 13
58 3 16 89 20 75 61 86 26 63 13 82 4 100 37 21 90 44 49 48 92 50 42 97 42 91 30 19 95 46 65 98 49 28 3 44 18 23 52 62 75 12 78 26 45 26 4 66 91 19 0 62 93 8 95 22 43 28 64 55 93 14 59 86 16 23 71 37 37 7 47 59 2 43 17 82 25 21 5 88 28 26 36 75 66 64 42 20 66 17 86 26 47 31 83 46 22 23 12 73 37 37 55 48 42 66 92 94 90 69 20 19 24 63 60 36 32 70 67 53 30 89 2 53 99 56 33 47 41 26 94 53 76 86 13 64 53 51 25 59 10 67 79 37 7 74 81 38 42 69 49 59 86 0 46 62 65 92 3 48 36 35 2 97 10 3 83 93 10 37 53 23 80 99 10 32 2 98 17 73 85
17 40 96 64 80 39 23 68 19 5 1 36 76 24 27 34 2 31 41 39 61 14 12 58 38 4 88 68 48 10 51 93 12 93 55 78 13 78 22 15 53 83 76 97 38 82 10 76 18 82 1 9 4 6 47 8 27 41 95 81 18 77 46 12 89 25 2 40 65 18 40 86 28 35 34 31 31 1 67 53 35 58 74 90 43 69 76 100 24 20 46 48 81 20 51 79 3 15 87 13 41 1 24 65 66 82 39 34 70 6 39 34 23 9 2 66 76 32 70 17 76 69 55 27 96 30 37 86 97 74 96 92 92 63 81 74 98 62 1 74 67 13 68 5 26 87 19 100 99 38 65 88 71 28 50 63 24 25 23 56 46 25 25 96 60 7 78 77 94 11 54 92 19 95 67 32 80 72 14 11 76
93 11 67 97 80 22 12 33 79 78 40 9 81 75 43 69 49 91 95 31 33 52 53 82 69 7 49 48 14 7 11 97 45 51 27 72 43 55 4 29 19 4 87 10 1 69 46 61 38 81 20 98 17 47 65 23 83 89 72 19 39 29 47 30 31 18 75 18 30 92 47 58 9 77 89 68 70 47 89 59 39 70 51 55 1 56 31 25 26 20 65 49 14 96 12 93 96 46 39 35 32 35 40 29 42 5 42 31 94 96 12 28 40 21 31 68 90 57 2 98 33 56 21 44 86 70 28 65 87 8 0 82 2 8 18 7 99 63 27 43 6 78 21 73 20 32 81 23 57 17 67 83 37 69 99 82 88 33 5 68 10 93 56 34 53 48 22 12 32 83 80 8 21 24 63 78 40 0 85 34 35
42 54 15 73 34 83 26 66 44 64 46 55 64 22 9 1 72 4 27 93 3 39 61 34 37 37 74 90 70 22 44 68 64 74 46 96 40 5 13 67 45 94 12 84 56 37 11 87 85 65 37 31 100 10 54 73 71 65 51 35 98 56 43 1 24 10 1 51 58 73 19 8 18 76 20 83 0 41 73 33 63 37 40 61 36 93 71 1 7 16 46 54 96 87 78 69 68 78 24 71 86 33 65 79 67 79 89 97 28 12 96 67 52 41 52 33 58 34 54 21 38 74 89 63 31 33 32 61 5 27 66 13 75 18 99 33 75 14 27 54 53 54 4 44 87 57 64 71 16 5 40 0 34 49 15 79 94 3 54 44 72 15 84 56 99 60 32 89 85 30 84 53 72 13 45 22 15 72 35 77 24
37 85 87 6 12 97 53 18 62 2 86 17 95 53 12 22 72 86 43 80 64 1 42 28 75 49 19 13 79 20 15 79 78 63 33 95 46 2 42 67 40 75 28 55 84 27 61 63 98 82 83 12 7 72 69 47 24 12 3 36 55 7 28 28 68 32 92 70 80 2 6 64 94 62 32 46 62 14 13 70 24 72 26 26 81 85 7 95 86 97 24 47 73 65 54 77 27 81 76 65 94 50 30 40 22 48 43 4 12 28 53 35 81 11 99 32 69 10 62 25 63 68 96 55 75 99 74 12 23 4 37 9 88 76 48 93 49 44 2 38 75 51 42 65 33 3 33 31 97 28 3 41 4 2 46 13 42 95 4 96 71 74 78 47 52 32 54 18 52 11 99 71 81 73 82 32 31 71 89 33 81
1 55 27 54 74 3 83 14 25 95 6 95 90 80 16 15 70 36 59 5 35 92 33 27 88 96 13 77 34 17 31 48 60 56 7 29 59 56 5 58 44 15 60 60 50 79 99 19 12 46 72 97 62 76 7 85 61 61 45 2 67 71 57 91 79 26 90 8 80 28 44 68 87 69 6 41 59 34 88 18 3 17 45 68 79 58 75 45 78 80 84 61 83 80 72 17 39 72 21 64 75 20 40 81 94 26 45 63 12 27 53 97 77 94 89 99 68 96 34 83 9 5 12 14 32 10 39 65 93 98 1 55 1 46 42 87 33 56 22 41 98 65 18 49 24 2 9 65 71 55 99 64 12 46 39 58 7 41 98 100 50 15 8 94 36 19 49 38 14 66 26 24 69 65 68 7 37 40 47 32 53
14 27 87 14 29 0 26 65 62 53 75 58 87 49 39 0 36 0 39 87 76 83 77 63 97 73 54 42 6 18 59 35 84 89 80 23 63 73 56 35 34 42 46 94 40 81 47 14 69 4 87 26 69 0 51 24 31 70 90 51 63 0 3 48 13 66 45 93 71 96 29 19 45 69 74 28 74 74 70 1 93 55 46 87 63 14 0 70 81 86 5 10 65 37 26 20 90 59 34 56 100 40 54 60 77 2 52 68 12 89 98 78 23 68 37 81 67 29 66 35 29 8 3 73 17 39 75 73 86 56 61 8 90 87 28 17 90 73 89 54 94 36 25 30 54 71 32 65 15 48 64 94 26 62 5 33 93 38 94 3 81 19 2 8 3 52 53 22 35 83 90 84 32 85 25 86 100 75 1 12 78
36 61 76 15 79 36 20 81 20 13 92 92 4 49 28 18 90 46 81 3 59 67 66 24 21 55 70 62 36 72 6 79 60 39 35 60 77 33 97 28 22 35 77 63 30 28 99 8 51 48 53 86 39 27 88 86 8 39 53 87 33 11 54 42 38 96 27 92 77 37 63 2 4 86 100 34 86 39 13 34 49 75 100 21 62 47 52 7 78 35 54 41 85 97 15 90 7 95 78 36 85 16 73 1 56 35 13 33 87 1 95 78 89 23 43 82 14 9 98 22 87 70 64 42 97 23 11 40 96 33 60 25 67 92 91 78 36 84 19 26 15 35 77 43 50 9 55 10 69 74 10 9 51 44 84 7 57 58 57 91 54 40 66 19 30 19 50 7 80 70 79 34 16 29 96 92 86 16 4 16 100
63 23 24 60 37 63 58 27 28 76 80 54 100 80 10 18 64 65 25 49 34 35 78 9 37 38 37 0 67 45 82 77 39 88 21 37 1 17 61 78 56 1 78 64 27 10 58 54 49 76 85 18 54 60 71 9 3 67 13 13 64 46 7 29 58 19 3 77 55 78 14 99 93 78 74 62 42 3 73 51 72 10 15 48 13 79 71 62 34 11 18 92 100 6 92 14 85 55 88 29 90 11 47 64 13 73 42 93 1 84 94 65 38 37 46 19 82 23 45 56 12 51 38 64 39 62 24 64 93 17 81 4 32 86 84 37 16 57 18 84 26 53 45 95 76 48 74 1 68 35 13 100 15 17 63 77 10 49 12 76 1 6 7 88 73 0 1 42 97 42 41 65 1 32 58 12 71 3 63 13 19
54 86 7 94 56 9 12 5 87 28 66 79 2 92 72 35 11 25 27 66 62 16 93 71 70 99 65 86 80 80 69 15 8 64 7 40 26 4 85 92 16 25 77 9 47 52 78 42 95 74 4 4 57 44 65 21 11 92 83 21 79 20 70 83 96 82 79 25 91 46 81 86 30 28 24 90 73 94 7 38 48 26 59 9 81 32 76 4 62 42 91 82 48 11 46 53 63 74 40 59 54 32 15 50 78 75 5 20 87 21 37 14 36 62 83 76 37 46 23 37 49 15 81 4 2 56 2 81 40 45 46 99 41 1 78 61 92 8 48 63 99 86 76 76 20 76 50 20 61 17 30 1 78 3 41 53 49 29 7 39 79 38 62 79 90 45 95 21 0 79 80 59 14 2 100 6 42 50 26 82 20
72 70 98 85 96 33 69 79 7 13 59 69 51 87 82 27 71 31 12 29 49 77 67 62 27 21 64 79 41 64 94 96 25 73 74 23 88 33 12 24 67 69 9 19 81 70 61 100 92 57 98 26 53 8 21 93 41 77 40 28 19 41 66 37 8 77 90 94 85 60 19 81 26 22 43 8 91 96 63 13 6 100 75 27 85 65 80 84 73 10 62 14 51 51 19 36 88 36 32 70 90 19 96 56 33 45 1 78 97 51 81 97 10 22 42 10 28 89 97 10 69 77 65 35 28 71 24 32 40 69 84 3 56 45 26 93 38 56 55 77 93 63 8 17 97 58 23 73 90 93 73 30 5 56 23 14 87 9 47 7 37 60 42 90 97 57 53 78 0 81 13 14 62 3 74 31 12 20 9 5 89
90 15 81 13 1 38 19 27 23 13 22 56 37 50 26 94 56 9 65 6 4 86 82 17 98 87 79 56 50 96 74 29 0 30 81 23 84 98 19 75 41 92 64 29 5 48 62 37 86 47 69 0 81 47 81 15 99 84 60 73 82 41 31 13 54 58 58 91 3 73 46 7 51 34 67 58 43 45 45 15 2 72 6 36 17 26 63 35 90 79 47 80 100 25 97 74 63 56 50 86 17 60 33 87 85 21 46 54 13 21 15 56 7 33 81 28 40 66 77 24 56 39 4 26 26 86 2 52 79 14 99 23 89 10 23 57 95 97 47 10 32 9 79 14 19 16 83 26 10 37 20 92 71 3 63 23 60 31 55 53 61 83 30 34 2 78 11 0 99 23 49 48 2 61 14 82 11 0 17 76 88
