54 26 40 42 0 29 84 86 88 14 89 38 84 41 44 27 37 24 53
94 78 34 89 55 80 94 66 30 13 77 82 75 78 91 92 97 35 76
81 62 34 16 78 6 100 72 63 100 0 33 9 44 82 93 13 84 75
17 44 31 77 48 18 36 36 23 56 27 6 76 30 93 51 41 28 68
48 29 52 2 85 37 42 24 88 96 74 23 73 46 7 38 57 39 93
66 65 38 23 41 35 74 100 51 8 85 85 26 27 65 18 74 94 84
43 29 71 59 10 22 61 58 32 59 14 37 44 87 72 74 83 38 85
2 64 81 27 98 86 81 3 26 100 42 66 27 56 8 55 46 78 15
95 37 50 35 46 7 27 69 32 75 91 90 5 7 15 14 94 6 22
34 86 21 74 74 93 58 1 62 47 80 92 85 43 95 100 3 74 88
11 38 74 27 52 59 46 70 60 61 55 48 31 57 72 90 8 82 67
48 96 22 26 21 93 74 69 48 82 17 21 69 34 98 4 90 74 44
19 100 79 83 58 79 19 36 81 32 62 44 83 91 2 40 10 2 22
16 38 94 58 1 100 82 67 3 61 36 42 84 4 22 59 8 31 27
55 80 65 2 82 23 21 17 76 63 18 83 90 12 48 84 34 6 9
11 50 79 70 60 94 28 71 17 29 84 11 53 95 35 92 1 59 23
52 70 5 17 90 37 4 51 59 63 82 47 57 91 5 41 60 12 2
69 42 33 26 49 27 20 91 45 5 21 70 8 31 88 40 90 100 96
7 56 4 75 69 90 89 25 7 100 6 96 40 38 4 85 69 1 26
