96 5 69 16 11 66 82 39 12 36 55 11 36 97 66 89 36 80 11
16 92 27 8 67 19 82 2 88 1 26 47 63 86 48 92 84 78 29
62 14 56 79 59 47 43 90 72 82 58 53 27 0 36 14 41 13 57
49 48 67 25 25 42 58 91 72 89 89 15 68 47 92 70 66 84 37
16 17 97 69 91 73 88 50 25 43 82 0 51 6 7 0 96 76 2
52 21 53 40 97 16 86 85 96 38 48 1 55 89 21 75 76 51 15
86 71 77 80 100 66 84 39 47 7 74 51 42 17 39 88 16 11 87
74 12 80 61 42 91 93 95 46 85 30 76 79 90 74 87 0 80 66
78 38 67 52 46 53 28 32 53 12 52 14 31 77 73 61 87 57 30
41 94 91 98 94 41 54 12 94 72 7 26 17 1 76 38 46 71 59
88 61 31 15 51 14 1 4 16 88 59 86 47 14 69 77 62 26 56
78 65 23 35 6 48 5 20 47 28 88 76 56 12 24 85 6 38 86
72 97 81 54 98 24 76 42 35 10 16 76 96 16 78 6 5 40 35
90 94 70 11 62 49 66 9 59 37 99 26 33 22 25 31 6 31 28
90 20 60 36 48 95 71 67 21 68 2 80 30 72 39 14 25 69 29
73 43 32 88 11 46 97 10 95 25 41 62 60 81 35 9 12 30 25
20 77 82 55 28 17 47 57 99 27 71 7 94 74 25 50 66 82 89
53 30 18 1 15 32 57 55 43 51 42 74 76 95 100 45 24 28 58
13 63 5 50 88 75 18 39 10 25 16 18 9 61 64 51 29 85 100
