48 95 24 90 44 76 68 9 29 72 46 38 84 9 35 2 14 56 24 45 91 47
29 75 42 72 54 34 25 43 1 76 50 16 41 65 12 36 92 16 45 89 50 34
48 17 25 65 64 99 98 34 68 67 24 40 36 8 72 41 83 12 71 74 35 16
51 69 10 39 23 75 92 79 86 91 32 11 3 21 25 76 82 37 9 7 38 100
94 55 90 84 69 1 0 97 16 53 41 30 75 21 20 46 11 37 41 92 65 65
25 56 42 27 49 58 48 27 15 73 70 91 43 5 15 14 24 91 73 89 27 93
99 34 91 62 73 100 90 78 56 54 74 39 54 51 67 90 98 22 59 85 34 30
48 38 81 60 60 39 62 73 98 63 9 87 44 7 17 58 36 59 97 30 8 25
12 61 63 67 90 39 46 80 81 9 3 55 95 38 21 72 26 49 31 97 3 28
9 14 39 94 44 87 80 43 82 98 10 41 48 76 46 82 62 13 63 91 75 38
66 7 1 36 89 30 71 2 55 96 62 30 40 23 8 23 33 84 24 94 37 13
90 79 88 55 99 14 89 70 38 53 19 97 65 78 82 40 100 45 51 57 21 48
65 92 76 79 71 100 60 85 72 71 45 45 86 99 72 67 26 50 41 28 38 22
89 22 21 72 93 15 18 83 92 43 78 63 64 34 25 73 24 22 97 24 4 29
20 80 25 32 97 89 49 58 96 75 53 94 63 31 47 50 5 93 67 55 18 45
61 37 35 54 38 6 6 61 28 99 47 19 99 41 89 12 100 84 55 83 51 64
52 83 5 32 76 51 13 10 66 59 75 36 10 96 18 49 17 69 100 28 48 93
34 18 78 19 73 16 55 73 57 89 92 35 49 38 12 35 78 31 5 72 13 54
17 8 4 61 91 94 48 98 9 22 25 50 10 30 53 51 43 4 28 38 81 7
25 40 82 34 0 86 2 73 14 14 31 26 70 1 62 91 31 94 30 68 43 42
38 39 11 51 34 92 70 84 36 21 37 21 42 34 20 99 41 10 33 60 28 13
7 15 5 71 62 15 94 75 57 96 74 18 74 69 30 24 14 39 53 47 35 14
