1 52 56 66 94 93 70 22 60 73 57 91 64 62 27 26 37 34 63 14 95 13 54 18
39 58 25 57 27 72 48 88 26 78 47 41 62 20 51 4 4 19 57 44 24 5 13 92
47 71 100 6 14 83 41 41 10 36 20 9 23 81 4 53 4 93 10 60 69 66 27 47
76 23 97 38 35 0 62 4 68 53 38 57 11 40 63 34 92 50 11 93 68 67 94 75
91 97 67 23 71 7 61 71 25 20 6 76 98 17 3 75 85 52 15 36 68 60 36 97
54 72 8 24 78 87 25 78 29 30 83 73 73 51 93 67 14 80 3 15 36 99 23 92
45 80 32 78 46 6 11 34 71 75 62 75 94 41 94 55 11 77 76 33 99 79 19 69
5 23 63 1 66 60 76 29 84 47 54 92 82 66 83 6 35 40 51 54 93 87 75 55
32 91 12 0 2 12 3 50 56 58 37 91 96 71 54 85 69 72 64 75 28 94 39 48
34 85 18 79 24 27 95 59 91 44 43 89 95 0 67 80 87 98 77 55 52 51 70 3
16 58 68 53 53 60 100 69 44 100 42 38 39 38 15 41 23 57 8 50 17 74 87 41
75 47 2 72 15 68 40 22 6 27 48 23 62 8 44 21 83 84 21 5 11 62 55 58
5 74 11 39 75 73 14 34 25 48 12 47 21 85 98 31 55 88 56 74 97 8 11 8
0 56 7 49 86 50 75 64 41 91 52 57 48 31 98 4 66 84 16 76 46 49 30 91
74 58 26 86 92 46 3 9 6 68 14 42 2 39 50 1 62 73 21 70 71 22 87 57
42 32 90 40 70 69 71 81 84 16 67 23 87 77 80 24 9 13 0 34 58 69 95 86
64 97 76 84 33 3 11 51 63 66 17 23 93 81 40 15 25 3 65 99 35 41 15 0
45 17 36 9 93 36 95 27 41 72 24 23 20 18 86 96 68 71 99 21 43 76 10 97
84 2 25 2 38 36 33 42 42 26 59 40 37 51 67 10 46 49 96 56 91 60 48 25
31 61 95 12 74 59 58 11 64 86 86 1 58 18 100 21 17 80 87 31 95 42 31 9
9 70 64 9 24 92 47 90 52 36 31 64 76 65 42 35 46 66 45 60 12 10 22 23
25 48 37 97 6 31 42 75 43 84 96 75 6 5 20 3 14 89 62 71 93 46 40 25
43 85 27 39 26 6 96 84 18 81 47 2 12 57 20 23 35 53 40 47 92 24 57 26
25 3 99 33 69 1 71 36 93 66 3 14 86 33 34 34 32 6 81 84 53 82 7 37
