67 0 66 72 9 97 5 26 88 93 64 96 20 47 88 3 44 4 91 82 14 38 30 8 3 64 46 55
21 41 83 13 51 85 63 46 86 33 63 25 58 75 49 80 56 78 20 66 43 68 33 73 48 52 51 59
75 78 10 56 100 1 31 92 9 61 18 47 37 60 30 72 96 42 63 51 38 77 61 52 49 20 64 0
81 11 70 94 19 78 23 96 1 96 55 90 85 72 79 27 11 1 61 36 23 58 37 77 16 36 10 49
27 5 72 95 83 75 70 17 62 56 72 46 64 3 94 92 56 91 7 28 24 8 17 71 53 13 9 25
21 99 46 13 100 11 80 78 51 30 81 62 58 62 1 65 6 50 51 54 31 62 8 63 49 71 7 65
92 0 16 72 15 0 85 52 13 85 67 18 73 0 57 100 13 74 73 41 21 11 4 96 53 74 9 50
47 36 66 36 72 29 37 89 40 21 64 68 99 30 99 67 6 95 2 86 91 2 71 90 50 56 88 0
86 1 72 10 61 100 9 83 26 33 1 6 68 6 30 17 32 87 5 80 55 86 99 84 13 98 63 43
89 16 44 80 69 93 64 14 85 10 36 94 94 8 50 62 74 95 84 33 11 37 59 98 20 41 90 53
6 41 91 4 23 71 96 27 8 91 41 14 22 96 27 28 37 84 87 6 17 63 79 90 26 98 16 41
93 63 65 29 77 15 22 22 94 85 22 78 5 44 9 80 9 12 17 88 85 68 0 98 54 92 99 87
80 54 81 44 29 94 15 40 61 10 11 74 0 0 87 82 26 62 75 41 10 70 11 85 38 10 65 89
40 90 48 88 36 1 64 3 47 33 77 32 96 74 76 57 72 20 6 70 87 18 58 12 43 47 30 82
82 74 10 4 41 7 44 2 76 26 1 37 34 99 90 69 27 45 28 38 98 13 75 75 51 1 9 27
46 71 24 7 62 9 8 22 32 13 53 7 45 6 4 33 22 80 53 60 84 71 13 17 1 5 7 51
70 71 59 14 98 55 2 0 12 41 91 67 18 7 97 77 28 14 82 3 94 11 84 76 66 44 40 19
74 64 30 70 16 32 1 84 20 13 84 82 91 45 82 80 67 84 31 94 32 79 30 90 25 38 19 75
23 67 21 16 68 81 5 30 82 3 34 75 23 9 35 24 15 38 1 42 98 53 79 77 28 92 22 27
6 95 69 49 51 91 64 55 83 36 28 79 35 92 74 47 0 75 21 19 67 94 0 5 12 18 94 71
31 48 73 44 57 57 41 91 88 63 27 35 42 15 43 92 17 22 71 14 63 31 30 3 36 95 21 17
40 48 82 93 80 68 70 45 71 10 7 36 12 61 56 35 61 27 19 67 76 76 18 26 44 84 65 61
27 71 11 3 72 62 21 35 60 16 6 91 62 94 92 81 35 84 6 64 90 77 45 67 88 24 34 13
9 86 78 73 74 7 49 16 7 52 66 46 67 88 29 21 1 38 54 78 40 98 89 54 59 14 14 67
94 72 89 19 26 98 84 76 38 73 0 1 8 31 5 18 78 9 29 47 24 66 51 14 93 92 64 14
39 52 29 97 100 45 74 24 31 12 14 48 10 88 5 47 16 80 37 15 93 17 30 9 29 98 76 84
8 24 74 43 14 69 19 64 87 45 13 4 83 53 63 96 97 79 10 56 23 49 62 80 19 81 98 56
13 81 73 100 86 49 82 84 60 90 96 70 14 44 67 73 89 47 96 50 32 12 82 75 42 78 17 88
