29 46 98 86 37 82 77 39 57 27 97 82 92 26 98 70 4 76 97 4 41 97 43 40 93 59 82 35 22
14 12 2 11 82 27 70 43 49 81 60 79 67 35 88 54 61 24 59 91 12 29 65 91 56 55 75 24 46
0 63 44 53 90 61 77 12 36 6 59 53 15 77 74 95 12 21 45 84 53 14 14 55 88 2 48 24 63
42 94 48 50 57 68 96 73 72 34 95 28 43 58 47 57 6 19 52 81 90 68 25 7 14 88 33 77 44
78 56 12 52 50 26 40 9 16 66 71 92 63 92 82 35 24 96 6 34 96 53 63 54 74 66 98 97 20
86 17 58 10 84 46 6 20 85 39 31 7 49 25 81 83 1 69 87 66 16 67 78 43 2 38 1 44 86
68 32 62 91 34 78 68 39 63 67 18 43 96 28 69 43 88 25 35 100 46 88 2 64 47 18 43 40 68
54 77 70 65 62 88 96 100 93 54 59 87 20 91 97 53 0 17 69 27 93 1 29 40 56 30 6 44 69
34 84 74 17 49 7 87 41 80 60 2 1 71 19 36 79 62 76 57 67 100 39 10 30 22 44 40 8 40
35 1 33 18 57 56 23 0 48 12 83 58 34 15 48 87 26 15 44 0 19 54 4 8 3 26 100 53 90
98 36 83 27 6 93 16 26 91 2 39 55 80 91 0 11 56 41 45 79 28 97 42 3 31 58 51 65 20
1 64 92 42 80 41 46 76 29 37 16 58 81 19 25 27 93 55 18 82 11 43 90 40 27 17 89 100 26
40 98 83 94 11 5 17 80 18 64 81 13 47 53 25 84 93 23 64 22 29 91 74 84 55 27 70 75 45
25 25 92 17 82 86 91 73 13 69 25 65 48 51 8 87 86 14 20 71 33 80 4 44 70 99 22 92 66
81 68 25 88 23 27 77 81 98 34 62 93 62 24 19 94 32 51 76 23 86 52 23 84 2 80 70 34 23
24 63 28 2 49 80 84 55 96 41 12 5 9 25 43 35 49 81 96 6 67 84 43 62 75 53 7 11 97
72 78 97 42 86 82 31 81 46 76 61 12 9 73 88 73 87 1 44 62 62 41 92 30 45 4 86 100 50
9 40 85 34 98 45 14 32 89 6 46 48 30 78 31 61 70 0 12 58 72 25 87 9 65 25 30 10 16
64 64 81 75 77 50 78 15 45 86 86 58 11 27 15 34 34 72 46 71 75 8 94 38 67 14 55 30 96
59 0 50 51 37 83 7 24 42 100 97 2 59 38 53 18 74 66 66 66 76 88 51 15 71 81 74 23 67
89 15 70 73 61 96 10 1 4 71 51 99 52 85 64 68 24 23 8 42 74 8 18 83 48 90 14 43 27
21 79 2 4 95 21 42 17 62 23 49 77 35 39 77 49 49 97 77 58 36 17 92 47 11 0 68 13 95
97 45 59 63 99 36 23 44 27 75 94 63 65 20 33 0 7 45 83 35 51 14 76 16 19 29 35 3 50
66 16 61 29 63 94 73 60 52 9 51 99 50 78 1 70 100 42 69 31 63 70 71 17 30 39 53 60 55
85 9 0 29 56 95 66 85 27 79 54 26 29 67 45 13 90 43 81 59 5 64 53 41 70 59 80 22 90
63 85 79 49 54 85 31 30 61 51 59 34 73 12 5 35 84 27 8 17 92 28 96 87 54 89 0 10 99
82 91 5 98 44 87 35 28 94 10 93 13 64 83 14 8 79 53 47 29 32 60 2 93 66 29 9 62 82
100 58 30 24 33 98 81 69 31 18 42 91 68 2 50 89 43 54 93 94 62 30 76 3 79 66 55 95 70
52 15 15 21 20 3 30 29 92 12 58 32 84 17 80 69 16 100 67 44 19 18 97 55 28 16 66 77 31
