89 80 97 58 84 21 78 63 52 36 76 85 35 68 77 57 6 14 56 80 82 67 57 38 64 81 54 9 93 37 43 5
15 41 10 96 1 60 87 24 81 100 90 75 15 9 15 43 74 26 60 40 53 48 32 24 39 54 32 55 1 65 73 10
6 78 56 5 62 53 97 17 19 95 36 66 46 0 73 8 80 32 77 16 75 100 53 91 22 67 41 26 6 26 61 68
83 76 6 16 38 10 4 9 82 33 89 97 53 70 69 92 35 69 48 73 42 43 97 29 18 27 9 67 59 58 51 89
63 65 76 58 34 52 47 32 9 23 96 15 80 31 38 82 72 46 9 10 86 13 20 27 90 41 68 10 77 96 9 43
54 92 52 81 99 76 13 70 25 14 99 96 0 74 35 44 7 98 9 16 59 40 70 80 47 62 69 15 72 52 54 51
100 37 84 44 88 47 66 49 99 98 75 82 48 35 99 86 7 77 71 94 21 73 60 52 77 90 63 20 22 55 49 13
60 33 53 10 27 58 35 38 15 15 65 2 68 22 2 85 57 57 92 17 58 79 46 4 46 55 42 40 88 72 74 19
25 20 18 70 36 29 90 94 72 14 92 4 40 83 46 3 97 22 12 47 37 1 5 86 53 77 15 1 80 6 64 2
15 94 10 57 14 94 6 25 6 52 23 0 74 23 82 63 47 100 70 41 57 88 98 3 72 69 18 32 42 67 40 48
83 67 32 91 66 13 8 85 6 0 17 85 8 52 69 83 85 98 41 64 96 94 76 16 59 32 23 29 31 87 39 32
43 10 70 92 18 13 19 50 4 30 90 20 75 0 90 82 77 66 88 70 86 62 31 32 43 20 58 61 27 58 65 86
99 57 81 76 64 52 28 81 2 41 35 2 72 98 60 51 98 38 12 29 51 7 22 26 76 44 97 67 56 52 14 99
52 70 41 88 13 87 79 28 47 55 99 90 14 60 0 39 74 35 84 74 97 49 44 72 32 76 10 40 66 16 99 47
62 33 16 92 51 56 8 84 16 22 45 38 78 65 80 81 43 61 40 23 31 65 0 90 35 65 83 38 50 27 7 83
4 31 33 50 66 44 80 8 25 26 52 6 10 2 28 0 26 55 15 60 70 25 64 34 83 59 65 9 20 53 0 29
60 52 100 46 30 61 55 37 57 79 3 71 30 61 72 94 32 25 52 65 83 60 84 92 37 42 50 77 36 14 54 14
48 66 100 76 57 10 56 24 17 6 6 0 3 66 26 90 100 19 70 25 40 82 82 22 44 0 19 78 19 76 22 37
53 92 69 49 74 94 64 8 79 12 40 62 16 38 36 47 85 1 78 63 25 19 32 66 44 21 83 27 42 75 53 70
44 1 45 30 92 56 35 19 93 29 100 60 35 8 21 49 98 70 77 60 32 75 63 25 39 23 18 33 55 23 23 15
4 75 89 85 33 80 12 20 49 23 93 4 75 99 75 32 95 83 62 3 62 92 58 93 70 42 100 24 84 6 65 56
91 73 55 14 4 79 40 97 86 62 86 26 27 0 26 18 47 54 10 93 92 33 96 33 9 75 87 34 84 54 8 94
83 81 98 48 63 29 46 68 60 76 54 2 45 23 85 96 12 66 29 22 25 13 26 8 27 23 27 72 21 98 43 52
8 32 46 12 94 95 36 23 32 10 82 91 19 5 28 48 40 64 31 21 11 25 96 61 36 59 54 7 95 5 14 94
28 7 28 34 69 26 35 13 48 78 78 24 93 27 59 86 8 47 94 49 51 78 100 98 21 58 39 98 98 45 94 65
34 99 69 21 34 93 2 21 16 100 80 64 92 63 45 37 56 55 67 77 7 70 100 82 19 22 76 35 59 100 3 72
16 88 41 87 25 23 58 18 90 20 6 13 35 14 86 98 46 87 14 76 24 76 5 14 92 81 24 6 16 94 39 33
79 67 90 49 36 25 74 35 50 23 87 93 19 64 78 57 79 81 18 22 55 7 56 24 89 44 17 25 13 28 27 48
30 12 27 89 68 3 76 73 50 13 32 30 82 44 88 43 75 54 29 27 46 48 74 70 70 89 55 78 89 55 14 20
52 18 59 34 76 97 42 76 38 91 83 13 77 15 97 32 31 53 7 61 92 88 47 62 17 70 31 1 28 98 53 85
31 99 19 61 11 64 74 32 70 96 66 46 43 19 51 53 1 21 81 51 15 80 70 78 90 77 18 13 30 24 60 43
16 27 16 19 3 39 62 95 60 63 8 82 30 40 38 64 90 10 7 81 70 32 62 67 73 93 18 50 33 93 10 27
