87 27 69 53 76 25 4 8 98 45 43 17 19 30 82 28 4 46 33 86 25 74 52 73 55 72 44 48 43 46 40 8 94 38 67 32 50
21 21 64 60 76 81 30 9 64 51 12 14 23 36 88 50 59 15 9 63 88 98 68 68 80 12 83 91 14 68 61 48 83 47 70 8 12
3 66 9 5 80 68 82 68 5 66 0 40 27 22 57 82 1 17 40 85 42 19 16 83 17 51 60 71 87 57 51 6 19 37 36 81 63
78 5 73 9 86 66 88 95 9 87 24 76 79 94 22 96 2 69 98 21 88 24 21 62 44 34 26 61 36 28 27 46 19 10 30 49 8
85 33 84 61 12 19 56 91 11 77 37 23 4 51 24 31 14 4 37 66 85 79 87 73 84 86 32 7 72 65 36 30 30 49 38 36 24
62 67 49 38 88 75 54 57 88 18 52 0 1 73 4 80 64 75 63 60 4 36 7 69 27 73 76 89 100 0 58 92 79 7 37 2 93
38 78 7 28 18 18 70 99 97 44 88 49 82 1 71 37 76 37 72 62 80 59 47 36 29 1 51 48 69 83 51 56 19 69 56 29 43
50 22 78 37 5 40 60 56 42 52 56 22 75 14 66 85 51 36 77 78 68 53 57 26 74 22 10 77 19 38 57 27 28 80 20 5 52
37 82 2 57 81 70 73 93 90 88 52 92 52 34 34 79 100 4 61 88 98 42 73 54 28 3 62 0 23 31 25 47 42 2 16 91 93
84 84 91 81 89 15 67 61 33 99 45 13 56 44 32 62 65 35 49 8 77 1 79 74 42 93 35 32 46 61 48 2 84 61 35 35 19
76 11 85 40 65 26 10 76 25 75 62 1 78 41 19 4 58 85 46 5 66 46 53 24 76 60 43 70 61 8 52 22 91 14 29 14 72
22 24 93 47 12 36 5 20 94 96 96 2 95 90 99 7 27 11 81 30 59 19 86 42 5 0 45 99 24 50 43 16 37 6 37 53 93
100 31 67 90 60 18 69 6 94 19 14 20 32 11 39 80 87 59 8 25 69 6 3 68 23 3 31 11 11 46 58 99 64 87 13 26 13
95 91 28 56 74 98 72 2 10 83 59 90 85 29 97 38 23 13 78 11 2 62 98 53 64 29 30 95 59 75 54 2 12 2 34 75 24
18 0 22 4 18 75 78 17 71 26 25 20 19 61 74 48 44 8 90 67 82 4 49 20 6 14 87 22 46 95 36 61 17 91 77 83 96
30 29 40 70 23 96 56 11 6 65 9 72 74 38 20 10 21 39 18 4 28 65 49 98 67 24 86 12 75 18 95 28 6 4 72 58 39
20 76 96 20 55 36 52 21 71 75 65 46 27 34 79 57 13 79 13 11 72 93 60 27 77 99 19 38 37 56 99 18 89 38 72 66 13
63 58 78 24 58 61 54 1 52 91 31 26 16 80 18 92 89 45 100 27 3 2 59 2 67 13 70 87 36 65 79 49 40 90 81 86 83
72 64 1 89 98 85 46 42 99 58 26 24 77 61 56 40 15 75 88 29 76 95 35 91 100 73 83 77 66 30 85 38 69 5 16 54 61
1 95 14 66 47 32 72 69 22 7 57 29 80 21 85 30 98 91 55 14 44 13 47 4 43 17 15 65 46 39 29 94 40 96 24 85 11
59 35 95 46 94 66 84 54 14 10 63 11 82 55 84 94 98 55 92 46 90 2 13 49 77 24 59 70 2 41 67 37 96 97 36 36 12
46 46 97 61 77 68 47 45 46 90 21 92 81 97 94 62 19 75 87 23 5 48 67 36 16 27 22 52 0 86 74 92 25 75 57 72 47
69 68 63 79 59 66 10 45 26 35 21 14 60 88 24 43 12 30 30 96 22 59 28 40 99 71 85 67 45 59 4 28 2 4 78 46 10
25 43 71 89 47 42 48 8 39 53 90 89 94 56 13 33 11 69 47 87 74 27 35 72 86 49 45 75 66 45 35 81 69 84 64 25 5
36 94 82 72 15 32 71 91 38 74 64 96 54 14 50 34 50 18 95 44 50 53 16 43 88 31 34 55 90 11 4 15 87 66 38 86 41
3 53 89 99 46 64 62 52 22 87 88 29 29 25 66 22 75 8 36 8 51 94 2 24 59 75 60 88 86 55 24 68 55 13 23 45 51
61 6 71 86 12 19 50 85 69 81 27 23 37 29 39 23 68 5 37 85 70 53 11 90 90 13 27 70 48 64 36 90 74 9 88 57 24
27 90 6 97 33 81 26 33 25 61 57 65 7 91 24 97 59 71 43 86 84 60 78 25 48 52 54 25 14 53 89 39 9 80 9 22 28
77 41 37 11 73 74 8 36 1 25 36 30 92 67 44 53 33 62 84 34 15 16 80 72 69 25 17 85 20 93 9 16 25 2 73 2 62
74 61 34 43 93 47 70 8 67 21 36 54 35 61 79 15 99 87 16 81 43 47 88 53 77 13 72 78 86 25 13 76 48 70 83 98 35
53 1 28 68 74 30 47 81 98 75 19 70 8 30 32 8 21 72 45 59 79 17 90 19 40 50 92 96 75 91 86 69 94 40 5 38 87
88 5 49 0 78 83 99 10 23 66 43 15 2 96 31 41 16 96 60 41 45 28 40 44 62 88 90 9 69 96 87 83 88 39 17 26 51
72 23 42 41 49 71 92 80 54 7 17 70 34 69 40 19 84 16 85 88 49 14 40 37 30 62 95 17 0 99 63 80 10 37 60 0 26
51 96 4 90 76 83 95 98 20 6 67 97 24 20 1 82 46 30 13 4 28 76 76 33 41 73 31 44 28 13 65 27 71 26 82 24 30
59 98 51 64 95 3 22 90 20 77 68 97 80 13 66 46 19 60 52 25 42 82 13 97 78 15 87 94 93 19 37 87 93 77 72 4 52
94 31 38 92 87 92 29 87 51 2 6 72 76 46 91 93 44 25 34 38 44 18 21 54 56 98 84 15 14 73 99 71 60 36 66 19 81
77 14 98 78 38 61 99 46 6 47 49 31 16 18 57 77 9 21 34 76 74 1 91 34 80 48 89 12 9 30 64 87 20 52 48 17 12
