68 82 21 44 54 23 25 30 18 80 68 16 56 17 53 92 93 50 75 37 18 46 77 96 93 31 100 68 38 10 56 73 92 59 49 53 35
45 35 88 70 75 46 1 28 9 50 97 59 63 81 53 62 92 77 68 70 63 76 9 86 47 71 72 6 14 2 21 40 71 4 54 16 75
100 49 19 37 20 71 37 78 49 89 2 32 25 16 48 94 71 42 46 2 51 95 28 60 18 24 78 24 93 96 9 37 100 5 19 23 25
95 63 20 9 76 0 8 47 83 8 49 31 26 97 86 10 69 34 16 72 33 42 71 46 61 60 96 50 42 94 7 68 9 99 75 55 93
46 39 73 15 35 24 21 71 60 83 47 49 27 67 53 89 13 82 60 58 51 67 4 69 20 94 38 4 48 50 64 59 10 88 46 21 86
19 31 1 25 35 54 57 64 96 26 50 29 67 30 5 0 9 65 56 65 5 23 95 85 36 76 89 66 67 93 67 53 77 1 50 2 100
61 86 59 84 49 27 2 78 100 92 64 59 40 58 67 84 50 20 88 24 60 77 99 35 95 64 43 85 65 89 3 13 46 36 78 21 82
91 95 31 48 66 37 90 55 0 58 3 56 27 38 16 49 31 64 94 81 86 81 68 85 90 13 4 82 83 36 51 65 23 89 97 66 18
91 63 42 34 32 86 40 92 67 11 29 49 42 5 74 86 19 63 49 72 50 93 28 32 40 22 88 12 93 34 40 79 38 96 32 96 43
80 1 95 92 27 1 92 31 78 47 62 66 37 5 55 79 53 42 54 44 37 69 44 97 29 25 70 25 68 1 58 78 98 75 94 76 87
19 99 46 68 77 91 76 74 76 67 70 72 96 25 23 19 22 42 39 14 89 69 6 84 99 26 98 85 63 10 51 45 77 89 99 18 78
43 45 97 90 6 49 57 90 27 77 35 89 9 6 62 21 87 63 87 35 40 48 32 77 58 19 93 68 29 8 0 88 28 89 75 53 88
29 45 32 34 75 31 29 25 80 15 89 50 75 57 46 34 7 87 44 43 82 41 13 86 24 38 55 70 57 82 60 15 90 41 52 29 53
79 7 84 53 56 52 95 55 94 28 95 25 2 97 77 47 14 30 95 81 17 30 40 40 3 0 71 27 92 3 4 10 78 99 97 18 26
96 15 1 10 18 20 31 8 73 83 84 90 86 60 59 38 52 61 16 12 88 38 29 25 1 92 37 30 72 60 73 73 4 69 2 46 82
26 8 37 64 52 92 81 55 12 53 49 66 90 47 58 57 77 27 34 70 82 48 77 70 13 81 16 70 30 95 69 46 33 17 11 13 38
95 72 79 63 12 17 88 48 53 45 46 93 29 77 62 1 86 14 20 88 22 49 41 46 76 34 24 96 70 5 10 68 69 28 31 59 6
37 45 69 79 91 54 2 26 77 73 68 2 59 28 79 4 58 70 68 88 89 13 40 59 42 32 41 87 2 20 52 80 59 64 33 79 57
56 24 17 28 84 49 17 51 23 12 67 84 46 60 28 93 16 10 66 72 5 68 18 9 6 37 95 74 26 33 74 28 43 7 15 6 8
53 14 21 9 71 36 71 100 99 29 17 14 71 18 23 48 63 21 71 77 29 59 15 13 42 9 78 75 0 35 84 15 3 68 39 91 36
96 26 100 39 39 23 10 91 20 97 84 36 86 50 6 30 0 17 18 26 94 26 10 67 47 12 43 91 30 11 10 87 52 28 98 69 24
20 13 49 92 95 29 39 41 88 0 22 6 80 78 94 33 9 1 4 84 23 37 51 76 77 42 97 34 11 89 89 95 16 84 36 34 74
29 16 16 74 31 25 100 15 72 45 22 1 58 94 98 74 50 49 45 7 10 53 85 45 83 8 100 71 2 15 39 47 81 80 21 43 75
51 40 34 92 31 12 79 85 39 38 17 42 77 25 39 6 58 11 27 53 10 53 5 82 97 13 9 88 80 91 82 29 13 87 15 17 92
81 73 22 43 100 46 43 22 45 52 40 49 32 19 67 25 81 36 56 5 88 59 90 30 84 60 40 97 30 3 31 85 47 77 81 44 33
90 15 17 99 61 87 37 95 66 33 35 31 70 79 22 62 48 41 74 38 43 20 23 4 30 5 16 9 98 30 93 19 0 29 71 13 30
58 91 28 15 62 74 64 77 57 3 13 11 2 30 100 85 41 12 30 49 59 85 11 53 20 73 46 32 51 42 24 78 77 87 5 4 30
17 42 98 56 55 86 21 95 18 50 62 29 70 42 57 18 67 88 41 56 16 2 55 77 94 88 32 12 27 71 94 39 46 61 23 37 44
66 37 37 28 37 55 58 29 5 100 50 56 43 52 33 27 80 22 78 2 1 92 75 35 86 2 1 90 73 80 70 87 87 41 50 53 28
36 63 94 62 10 57 4 72 14 91 39 65 88 26 28 0 28 79 34 68 92 93 51 68 76 87 100 99 52 43 68 17 67 94 39 92 99
90 89 67 87 27 35 88 91 20 61 59 98 23 84 34 65 36 80 12 8 57 44 75 35 20 6 19 30 99 19 70 11 96 21 0 58 47
65 0 26 14 50 93 46 4 68 82 67 100 61 66 6 87 57 52 8 73 74 90 73 54 73 75 9 70 12 32 14 48 99 74 15 88 49
56 95 81 53 39 10 66 90 80 75 85 51 64 21 59 32 75 60 66 98 27 92 89 81 45 95 42 63 72 75 79 31 74 0 72 45 82
66 24 93 57 95 25 63 34 4 69 7 87 4 16 82 46 57 78 48 94 79 32 19 33 57 88 95 36 73 57 61 53 83 59 46 43 57
89 19 83 62 93 17 59 92 99 36 17 80 97 30 73 90 19 97 39 0 6 18 92 62 85 43 59 35 73 6 18 11 86 29 99 61 56
38 17 17 38 56 5 99 79 17 1 34 0 24 78 32 27 85 99 100 3 28 28 23 89 7 56 17 20 81 5 59 41 50 54 92 68 42
79 91 3 55 91 39 22 30 67 7 18 65 100 23 85 54 71 72 39 14 64 27 31 31 14 94 51 81 98 56 78 89 9 93 28 69 99
