49 54 40 89 30 33 5 85 6 17 11 46 69 40 37 63 12 12 76 68 61 21 23 75 57 91 92 56 35 76 13 53 26 76 99 75 85 7
88 61 28 25 100 81 87 59 42 75 97 50 64 3 18 44 70 33 8 60 42 80 46 1 88 47 54 63 68 89 6 39 97 51 9 15 69 30
84 47 86 93 55 67 15 95 47 77 82 13 46 42 27 54 46 43 50 96 33 16 89 13 92 90 74 67 77 97 14 34 38 28 34 95 8 69
73 68 72 89 3 62 69 14 86 21 93 73 97 6 14 85 70 83 13 80 34 92 33 30 46 40 55 79 64 0 25 56 49 80 84 81 77 85
93 43 17 97 66 76 17 81 50 13 72 79 49 5 19 17 57 64 34 41 88 91 10 10 73 11 17 2 97 99 59 58 50 13 73 70 34 50
0 18 28 81 1 80 3 94 47 58 72 3 26 81 74 52 30 23 90 85 27 91 91 76 39 86 57 60 40 73 33 12 78 87 1 51 29 49
10 55 1 25 87 85 5 3 48 17 16 98 7 45 93 41 73 29 10 60 25 60 86 82 33 90 72 48 66 57 88 98 36 73 48 47 7 93
81 62 34 14 10 25 76 92 40 34 5 68 93 8 76 44 45 47 87 32 99 1 75 51 79 3 84 80 66 71 67 33 42 74 70 1 44 10
93 12 31 63 47 21 9 86 83 17 63 53 11 100 67 8 84 41 29 100 74 70 50 54 45 59 24 34 34 95 65 48 21 60 78 96 13 84
46 87 5 69 0 32 76 18 22 97 14 64 51 42 13 27 42 94 86 44 53 70 75 0 48 69 0 44 50 71 17 100 99 59 78 91 27 54
86 62 12 80 85 29 67 97 89 79 14 82 61 32 33 29 10 50 44 50 25 74 67 99 36 3 72 46 79 0 75 90 6 11 25 1 97 33
52 12 95 12 24 35 9 67 95 25 91 11 52 14 76 0 46 11 72 22 23 29 45 77 91 71 4 63 4 81 82 2 10 67 38 42 77 61
75 52 20 21 69 79 63 21 60 3 29 27 32 97 23 58 91 73 75 36 3 5 55 4 38 15 48 4 33 47 54 97 94 34 77 70 23 13
39 33 97 96 91 51 49 2 57 8 84 91 40 64 33 53 25 77 88 13 75 30 65 25 32 12 43 84 47 79 36 31 2 75 65 70 15 46
58 79 74 92 86 25 79 90 53 75 42 74 28 44 40 36 27 12 94 73 10 60 23 22 91 57 96 14 39 86 100 12 100 88 55 8 36 29
31 72 58 20 96 57 48 36 78 8 27 7 24 59 70 84 80 66 21 56 95 43 12 47 0 87 43 5 4 60 33 24 12 52 84 42 16 37
59 39 23 79 84 74 73 49 85 19 4 42 51 13 100 56 61 17 5 92 58 1 77 33 91 35 42 87 71 38 23 8 92 2 51 40 18 88
39 78 52 41 81 94 93 40 56 63 19 7 84 46 63 31 5 57 8 54 25 87 67 92 45 39 91 24 59 81 92 79 36 97 78 21 63 73
45 13 24 15 89 16 1 8 28 99 69 57 77 86 42 39 56 34 49 18 93 66 91 46 92 63 99 55 57 69 56 74 43 65 52 89 42 50
97 100 6 94 0 43 52 71 12 48 16 11 91 27 70 49 55 40 25 56 98 14 34 96 87 99 18 11 7 4 47 23 96 51 3 35 77 42
33 22 73 9 97 23 26 63 9 99 91 78 22 9 98 72 73 79 62 1 65 5 8 12 13 64 83 11 92 75 60 86 77 51 80 45 94 4
53 1 23 3 70 40 93 66 65 79 12 61 34 57 36 27 25 78 66 13 43 42 59 95 82 60 12 42 31 16 30 45 68 12 36 43 64 59
62 27 83 33 5 80 53 66 100 86 13 48 28 83 99 18 34 72 27 12 98 42 78 15 42 17 0 53 47 21 97 58 29 11 1 76 90 63
39 18 21 48 56 78 91 57 12 98 86 4 92 84 75 73 41 86 61 49 67 81 73 37 100 62 32 89 84 72 8 45 28 32 3 57 72 85
11 94 17 21 46 35 52 19 7 100 15 92 59 18 28 80 87 100 86 22 29 0 98 1 54 32 24 89 64 55 21 76 34 49 33 11 10 54
0 97 7 0 82 19 31 93 37 5 85 20 73 34 84 31 34 34 4 61 28 25 36 9 73 52 19 4 18 41 87 11 12 81 44 25 8 18
99 26 10 18 89 8 66 0 0 97 52 80 25 6 26 10 60 51 13 55 78 47 33 68 72 32 14 68 49 28 40 13 82 62 63 40 7 40
87 42 52 28 28 30 1 93 49 96 93 46 84 84 54 25 10 43 49 97 94 66 16 48 41 57 68 1 26 13 64 15 54 33 97 59 100 25
51 93 24 48 84 73 89 49 86 55 88 91 29 91 57 24 36 32 97 44 67 47 70 13 96 49 98 89 86 98 44 47 12 98 82 23 91 65
62 2 1 39 87 82 85 87 14 30 62 83 60 60 78 83 53 50 40 7 69 83 79 83 70 89 84 40 4 42 78 53 5 14 45 76 61 60
88 18 52 77 41 0 7 78 20 43 57 31 38 23 76 72 90 47 89 32 94 98 52 20 46 69 42 6 67 54 34 47 21 94 18 21 98 30
74 12 47 28 80 56 29 60 75 63 73 17 48 10 42 62 80 6 4 60 14 10 11 78 36 79 30 85 37 95 29 1 38 25 30 27 2 13
5 89 12 25 15 56 85 2 12 6 60 46 7 78 51 87 7 85 42 41 51 79 25 85 21 46 38 1 7 5 93 82 17 71 46 14 33 53
9 5 13 85 29 47 49 5 21 61 99 85 87 20 71 33 31 8 21 74 25 6 4 42 18 51 78 76 85 10 38 28 2 86 79 33 98 46
82 5 47 10 20 39 88 54 79 36 9 74 8 38 66 17 11 27 80 83 33 87 78 17 53 28 41 14 25 32 63 27 90 0 15 12 39 18
97 22 4 65 47 59 37 61 5 17 75 23 5 73 42 2 95 16 77 39 51 5 20 62 97 22 60 5 5 80 15 71 51 69 93 68 97 90
73 81 35 29 54 16 9 76 40 89 41 30 4 70 54 14 31 52 51 11 71 97 1 73 38 99 79 50 96 25 27 86 4 18 97 81 82 42
71 35 64 87 58 23 87 49 3 30 71 16 36 11 5 3 43 37 51 65 84 48 74 89 88 39 98 85 88 8 73 84 41 65 47 16 44 41
