0 14 73 31 72 0 68 37 41 80 81 55 59 1 28 41 72 77 60 4 16 24 22 60 85 54 69 68 44 98 28 21 80 11 87 82 79 74
71 52 8 19 6 82 3 68 79 23 86 78 48 54 71 45 85 80 20 74 46 44 18 60 95 92 46 46 64 1 79 12 58 60 56 73 43 1
5 19 88 20 12 23 91 71 21 83 80 80 42 89 62 74 66 98 74 75 72 48 26 7 28 28 24 98 26 9 4 59 99 94 7 84 17 4
42 47 42 61 37 26 54 100 26 84 2 85 84 67 62 27 32 69 29 34 84 95 39 47 57 78 16 54 76 4 90 49 21 16 16 66 36 93
78 43 15 23 5 96 44 39 28 24 26 27 46 64 55 72 32 53 52 59 51 74 43 54 78 91 77 52 79 96 16 55 34 21 11 24 4 92
91 57 78 10 23 31 89 65 47 65 53 40 75 54 12 47 47 67 32 30 32 63 8 95 100 17 0 65 43 36 64 89 42 33 54 30 49 65
40 71 15 51 17 39 13 27 8 72 82 0 96 15 82 92 97 65 70 47 29 83 56 26 45 56 66 85 49 20 97 64 57 23 26 17 30 37
20 8 77 39 19 34 61 85 37 79 36 26 3 86 65 60 61 20 2 77 89 0 23 9 9 2 37 6 66 58 82 59 63 40 41 57 78 16
89 25 70 4 47 36 30 75 14 62 6 5 32 94 12 52 27 11 32 38 78 99 41 37 67 5 10 94 70 78 30 87 31 6 58 10 54 55
7 87 9 57 71 8 57 9 78 12 73 52 20 59 79 30 49 5 57 83 66 100 57 55 51 22 21 97 45 54 95 54 0 55 91 33 99 14
58 98 13 98 65 15 83 69 84 28 32 52 24 27 63 42 41 79 64 76 67 0 64 94 65 9 21 8 97 2 100 16 53 30 40 1 35 36
56 66 72 40 68 41 3 91 82 26 50 60 6 98 16 29 28 91 56 75 30 59 35 98 46 17 55 70 88 64 25 1 98 23 73 42 61 7
14 63 35 46 24 70 57 68 12 64 46 47 81 66 2 55 17 8 82 30 71 3 49 86 84 19 24 15 9 34 97 55 16 9 6 54 3 33
31 62 69 49 33 77 20 29 7 10 13 74 100 95 1 80 1 66 55 82 51 1 30 91 72 14 77 87 25 8 93 9 84 1 66 67 83 34
2 87 65 8 29 24 1 58 11 22 37 38 97 19 99 98 78 68 35 50 49 13 69 74 78 38 39 54 89 46 35 15 93 45 26 77 15 65
74 20 47 15 73 96 62 0 50 81 35 17 19 39 39 45 31 91 68 90 42 64 87 64 85 34 56 70 85 84 81 58 45 95 53 87 30 18
12 31 48 9 70 85 87 70 33 32 89 25 79 82 85 51 95 8 79 58 85 82 57 31 71 51 4 13 82 92 70 91 39 82 90 42 75 47
19 42 84 4 55 78 17 4 83 52 15 26 16 59 5 63 50 80 87 2 48 31 2 36 87 58 28 1 85 61 49 18 75 29 54 76 19 86
29 2 30 91 32 39 22 74 22 27 71 42 38 78 79 64 64 96 10 70 80 7 23 64 100 31 41 27 59 32 72 13 80 60 99 100 12 23
64 2 46 93 83 61 4 88 100 35 7 97 78 77 90 38 17 44 41 58 39 54 86 34 73 38 2 88 27 35 82 47 39 28 95 41 34 24
86 17 2 53 95 24 18 41 58 98 50 78 24 95 87 38 87 49 70 97 10 90 69 15 86 68 12 86 45 22 6 71 43 24 46 94 70 78
4 75 92 54 68 28 94 8 57 56 40 62 68 48 19 87 24 53 24 7 1 19 19 59 46 100 95 35 8 41 88 92 55 65 92 80 76 27
84 24 84 41 55 71 33 67 83 65 11 91 22 65 47 94 9 37 19 20 75 39 89 47 27 34 17 20 0 45 30 6 72 1 20 33 16 92
47 25 46 47 16 44 9 27 78 47 64 50 42 12 28 76 95 48 37 20 77 40 68 51 75 79 60 22 41 19 0 46 0 15 25 44 83 11
64 34 86 90 53 0 49 1 89 84 22 47 12 36 51 19 9 46 91 100 3 39 63 20 18 31 93 42 56 38 90 43 72 6 30 36 21 41
65 35 71 13 86 94 43 47 96 77 97 66 59 26 70 91 83 68 15 20 95 74 39 0 1 18 20 44 98 12 47 69 31 17 95 23 53 56
91 85 53 82 74 49 54 15 57 18 75 20 39 30 91 32 96 76 83 48 6 75 78 60 54 25 86 41 38 79 68 68 36 0 77 42 41 94
13 17 75 23 40 1 61 41 30 91 15 38 62 23 62 61 39 92 65 44 64 16 59 22 44 62 40 13 49 16 83 78 20 57 77 87 7 19
17 1 24 47 7 47 99 10 38 8 2 63 39 12 25 80 63 22 18 96 16 41 60 43 9 91 7 97 23 30 46 99 6 89 30 39 37 76
27 26 13 24 1 94 44 45 39 65 26 24 38 99 39 40 2 28 26 41 12 61 75 84 46 87 5 47 87 54 82 43 13 4 86 53 86 27
20 78 75 48 87 77 60 33 63 83 61 64 16 33 19 9 56 69 50 10 73 19 20 78 27 47 28 20 6 2 86 71 48 25 38 24 45 12
81 82 25 63 20 69 53 61 91 12 14 92 98 25 19 39 48 9 66 44 6 81 20 66 49 12 61 4 63 0 38 95 40 1 72 92 68 71
98 31 0 69 93 43 98 75 43 53 8 99 85 77 60 69 43 31 76 98 41 80 74 15 31 98 54 82 28 42 8 86 87 2 42 29 79 32
54 6 73 5 23 37 67 4 57 76 61 29 8 53 32 48 72 8 61 42 63 19 76 28 90 73 30 46 16 67 59 3 76 81 29 68 57 28
97 95 95 83 34 53 5 87 95 63 61 49 41 83 23 63 74 32 81 67 48 75 6 75 24 23 38 18 81 17 26 37 65 23 6 63 46 61
10 75 16 47 93 70 40 9 65 64 80 68 42 90 72 24 62 83 98 43 89 49 14 66 11 16 20 50 29 34 75 2 14 21 90 85 56 3
36 8 37 84 13 69 42 21 92 45 24 71 33 93 1 15 77 57 25 53 7 78 7 19 77 29 50 98 99 3 83 75 39 6 6 18 50 4
58 82 25 44 5 46 5 15 83 93 7 19 56 32 32 78 88 1 70 7 71 44 24 94 82 89 58 31 77 2 17 39 6 18 92 10 85 77
