74 83 100 56 30 4 24 15 57 46 45 56 53 50 7 64 5 39 66 62 44 92 18 5 97 97 3 77 77 29 97 100 32 48 36 89 36 33 2 94
20 50 91 72 5 42 40 70 19 29 87 0 45 41 31 79 99 25 48 21 88 68 80 99 65 79 1 36 12 8 96 6 32 70 6 6 82 42 17 75
15 55 77 37 3 46 36 100 8 0 6 5 24 29 18 48 7 99 91 13 41 34 51 21 62 1 71 57 26 41 15 95 76 97 33 70 74 43 75 32
16 89 12 82 9 10 42 13 63 95 32 93 81 42 90 80 34 29 78 22 83 46 81 12 20 58 52 69 66 83 35 2 82 34 82 80 89 92 90 84
39 21 85 50 12 45 64 61 24 74 73 78 91 55 20 12 67 79 92 54 5 80 17 85 93 42 34 90 96 52 5 50 40 31 100 61 50 34 66 22
46 67 60 31 37 97 75 85 9 20 95 55 51 0 49 4 88 80 76 42 18 20 49 2 44 50 44 17 0 42 85 29 85 16 88 52 91 7 64 87
64 0 98 82 10 0 52 45 3 57 99 98 55 88 32 87 68 37 39 76 39 4 75 45 33 36 51 13 49 76 74 76 42 39 23 83 17 44 91 11
50 55 48 99 87 67 33 75 99 70 21 34 65 56 98 41 81 6 73 4 61 34 47 24 8 3 70 97 74 47 86 47 88 85 43 43 68 70 1 81
72 57 31 81 70 67 68 32 56 38 64 100 10 6 78 48 46 17 44 21 5 71 62 42 1 13 7 79 22 90 32 17 10 62 66 3 94 92 29 28
61 60 26 75 77 18 19 1 29 97 29 1 76 0 67 84 50 3 51 9 97 85 54 77 6 53 57 81 55 36 17 0 10 8 98 60 41 84 6 86
19 34 51 29 67 15 76 37 69 63 26 94 51 17 43 7 91 60 26 15 2 1 84 98 39 37 18 26 20 24 66 43 42 44 59 18 40 9 50 48
12 38 15 72 39 91 73 94 45 45 49 57 11 93 93 48 11 42 0 36 14 51 34 68 6 70 92 41 14 35 29 99 15 98 22 60 59 22 7 15
11 66 1 82 15 96 29 93 7 59 36 20 56 96 4 34 36 7 23 25 63 28 71 3 70 37 17 9 62 68 50 64 94 84 13 85 4 68 98 73
22 42 81 25 80 59 79 24 38 12 36 35 47 82 3 28 5 59 79 71 69 63 10 50 27 57 3 57 51 67 2 80 43 20 83 11 79 80 99 100
52 61 31 2 6 100 35 63 82 15 78 46 37 83 53 13 18 72 33 10 54 29 69 60 74 80 13 68 47 38 4 26 51 34 16 39 59 49 28 37
32 91 33 92 71 51 24 15 6 98 54 91 14 39 40 95 18 49 2 7 59 52 57 56 57 20 5 4 22 63 39 9 25 8 54 2 40 99 71 24
2 97 83 73 82 24 44 61 34 91 97 58 45 11 60 39 21 37 100 87 98 24 58 91 98 68 74 78 75 26 99 54 63 24 2 87 55 1 70 67
6 76 49 79 86 17 4 50 13 51 88 72 75 40 88 46 11 6 6 61 10 2 11 55 77 16 81 90 7 0 4 34 73 50 72 5 54 80 8 99
59 2 49 87 38 79 26 51 51 71 59 26 80 88 47 39 15 43 77 36 81 32 52 54 30 84 17 53 38 3 39 10 64 5 100 82 15 27 45 52
38 42 49 9 51 89 66 16 78 16 89 36 21 94 52 12 59 34 93 36 9 16 10 27 6 4 45 89 54 8 11 89 7 97 18 12 88 34 33 45
99 1 1 33 80 82 31 63 50 43 31 88 5 71 55 21 93 28 11 53 33 78 73 78 88 34 58 15 65 20 97 45 34 68 47 88 66 5 51 27
59 5 6 93 87 57 74 89 4 83 75 17 10 50 32 21 0 31 98 22 37 1 85 53 2 8 46 84 62 41 47 22 16 63 11 47 35 0 85 56
24 93 99 72 34 79 89 95 98 84 74 88 48 84 95 25 36 32 86 35 36 71 99 37 38 26 42 47 41 42 29 60 67 69 0 36 88 69 55 39
83 74 76 94 71 77 42 11 14 96 22 9 84 4 38 68 56 50 96 11 64 4 14 11 44 30 98 29 81 3 84 60 79 36 65 7 81 60 98 87
53 25 94 57 65 20 82 3 30 64 66 31 26 91 18 59 84 23 85 13 32 25 17 25 20 37 36 83 86 1 10 52 67 27 16 90 63 74 31 34
35 50 59 62 95 21 83 33 69 34 91 52 34 44 66 92 83 82 66 72 93 69 38 100 19 88 36 9 79 74 100 3 99 46 0 94 33 3 20 86
64 52 26 83 47 83 31 35 4 43 86 10 44 37 80 50 28 10 5 3 79 4 79 68 65 95 47 54 59 10 82 24 84 92 95 25 73 76 80 50
2 92 12 93 73 8 36 45 26 62 84 79 58 25 60 92 41 91 24 71 49 18 52 43 74 88 85 72 6 83 81 99 48 67 71 90 62 17 46 95
97 52 13 19 86 74 2 86 79 63 37 10 10 97 83 100 89 33 90 54 49 95 6 66 18 0 18 29 40 68 55 9 91 92 92 14 60 89 33 59
21 17 61 23 22 7 28 35 3 29 86 92 35 37 76 95 98 62 46 21 11 1 65 72 6 46 97 39 43 49 28 18 4 24 54 39 97 56 80 98
46 73 81 3 95 50 55 93 95 49 43 88 86 43 47 51 72 45 52 78 37 42 35 54 12 63 71 44 44 70 69 2 49 42 2 92 71 95 92 89
25 6 18 34 95 25 26 87 4 21 68 51 96 44 92 50 18 73 87 82 63 64 13 6 17 76 58 90 30 59 18 32 57 7 73 14 78 15 86 70
46 58 81 31 100 46 77 56 83 1 93 46 24 85 18 18 14 12 39 76 6 4 12 43 43 98 28 84 70 33 100 43 43 98 50 79 43 15 30 23
24 43 30 20 0 92 14 73 10 88 32 84 61 5 13 1 44 19 30 23 88 26 90 42 35 49 5 98 31 63 40 16 2 29 69 100 82 84 97 97
88 27 90 25 72 18 6 29 2 21 100 41 33 13 40 54 49 92 92 38 67 35 20 6 31 60 78 49 56 80 56 52 28 71 74 7 76 63 81 28
7 64 63 90 95 4 93 33 49 89 44 98 12 48 17 75 58 5 26 71 27 29 58 9 87 2 95 84 81 47 30 11 71 53 56 81 65 71 72 39
100 75 84 37 54 8 65 63 50 59 58 8 65 20 9 10 80 91 62 23 90 73 78 49 2 22 93 81 83 96 95 85 10 23 95 69 81 69 5 70
93 89 87 57 73 67 69 6 34 84 87 34 88 66 79 49 20 80 50 35 70 36 5 83 57 15 92 12 8 11 68 51 39 76 23 47 87 71 60 31
36 92 53 89 23 38 78 28 83 30 54 84 16 47 36 6 36 14 81 95 35 8 77 58 87 93 32 7 52 65 78 94 76 10 78 46 83 99 43 13
68 57 48 53 66 37 7 85 20 45 47 93 46 94 46 45 4 10 79 87 35 93 28 51 34 25 68 90 59 80 71 5 7 0 56 37 9 72 42 68
