50 25 67 68 77 100 87 43 41 45 8 53 72 70 97 70 89 76 34 59 14 43 33 96 41 34 46 62 86 92 18 92 52 67 63 97 34 33 55 86 19 93
57 29 65 15 36 18 30 33 53 95 90 14 30 31 30 89 74 88 68 40 19 9 65 42 72 37 41 79 59 96 17 85 10 75 45 68 71 37 64 41 53 41
76 69 6 82 33 21 39 33 49 25 15 77 44 78 91 40 58 60 64 76 18 52 33 35 19 89 56 74 40 16 0 36 22 43 8 98 93 39 34 39 66 36
86 10 36 28 29 27 84 89 58 38 16 76 36 40 36 61 6 84 50 94 22 8 88 78 6 93 9 29 16 5 45 35 97 20 55 75 62 31 74 18 76 14
2 14 52 58 63 56 1 48 8 81 12 13 46 24 16 65 60 83 53 51 9 1 98 75 88 83 21 44 76 20 50 13 32 88 14 30 63 81 97 69 82 9
29 75 39 5 88 91 71 86 87 31 16 15 29 86 95 27 58 65 75 21 69 21 34 53 20 54 42 45 13 68 72 81 2 21 53 28 2 3 5 6 11 79
99 30 90 85 10 45 98 4 45 23 73 65 87 88 11 36 47 96 87 15 34 19 61 54 79 78 55 65 17 92 68 47 6 94 32 86 91 88 50 2 49 99
46 80 59 22 12 63 53 1 94 22 73 77 70 51 7 24 31 93 23 66 97 48 61 51 81 4 89 0 46 96 45 44 3 65 45 46 47 43 57 37 70 39
45 24 24 10 89 22 28 40 88 69 72 33 22 81 62 87 39 81 46 21 45 46 55 87 2 80 23 75 83 29 66 11 89 56 68 93 4 20 6 65 70 98
65 88 50 71 46 28 83 16 82 66 85 14 0 10 11 50 29 94 91 23 20 44 0 92 16 83 62 98 4 18 38 46 93 33 7 17 46 36 95 48 24 96
11 40 52 86 98 55 21 5 54 52 81 9 50 34 2 26 74 21 92 63 78 50 55 67 38 89 31 27 44 5 12 17 84 59 43 55 66 99 42 51 100 16
72 17 67 52 91 79 19 52 93 55 99 87 44 87 72 28 87 87 60 41 32 76 32 26 72 60 34 94 28 36 96 63 19 1 6 27 66 72 33 47 35 66
91 79 51 11 18 3 43 72 58 36 95 88 74 57 26 55 16 82 61 70 79 80 49 93 6 52 96 23 70 13 16 67 85 26 44 3 83 64 33 10 96 90
57 26 48 94 95 71 26 27 76 58 19 52 88 63 45 100 93 95 1 20 66 91 77 81 86 63 15 10 35 50 79 32 16 26 4 21 55 46 44 34 88 59
35 99 52 86 41 67 66 22 44 45 42 86 1 37 11 32 84 98 79 31 60 86 41 6 89 26 99 12 34 49 17 31 77 41 37 17 75 29 25 69 74 33
31 57 71 93 35 39 93 35 82 70 23 92 18 41 32 43 97 78 85 28 23 42 45 28 40 33 6 36 31 9 18 49 34 24 6 39 38 25 40 43 83 22
69 80 79 13 14 18 4 26 17 63 26 37 10 42 11 1 58 5 95 38 32 50 45 7 53 40 97 1 79 40 83 35 70 60 89 1 27 5 39 21 12 61
26 64 60 57 91 69 33 56 53 67 9 28 44 10 13 90 92 62 98 56 100 76 70 52 44 47 67 55 99 25 13 34 81 11 94 87 40 57 16 5 45 12
80 27 11 36 52 94 29 43 62 28 7 32 1 33 9 2 87 35 70 12 8 45 19 43 70 69 79 39 73 89 81 83 60 23 46 45 36 76 8 5 7 87
47 66 82 45 67 42 98 47 22 92 17 40 4 90 97 3 46 57 44 21 79 3 76 84 87 68 82 38 99 53 7 56 25 84 43 19 7 35 16 99 18 76
7 91 21 88 41 88 83 26 68 66 22 19 25 67 4 15 92 30 13 61 29 53 98 71 30 80 7 43 66 61 9 11 18 83 16 24 49 46 65 4 30 30
68 0 37 1 15 67 36 43 31 99 25 68 99 99 37 90 62 100 25 92 58 60 58 100 38 5 69 48 71 75 35 99 1 26 99 29 54 42 57 4 100 36
13 63 43 90 1 73 82 54 99 54 15 2 77 56 19 55 96 99 47 37 23 14 25 86 71 11 88 4 61 89 19 47 83 75 15 56 7 50 9 92 57 53
22 45 3 11 15 41 34 73 30 92 14 32 10 19 28 42 3 30 83 48 73 59 37 36 53 91 27 40 34 49 53 97 94 11 17 100 13 99 86 1 36 30
8 11 45 35 20 62 97 62 25 19 52 5 1 95 65 95 8 21 90 62 29 87 26 45 3 12 46 57 14 39 34 41 88 18 33 38 3 75 14 80 54 99
30 42 51 94 89 83 32 58 74 65 51 48 15 88 34 93 100 98 42 96 56 23 43 48 91 4 27 38 25 43 100 86 72 70 36 55 11 31 76 72 21 77
69 100 24 39 81 45 67 53 2 98 43 69 25 99 51 73 47 26 37 99 92 31 44 35 18 75 91 87 82 36 80 88 35 88 53 2 42 58 73 35 23 0
71 67 44 76 87 63 6 50 84 92 96 97 23 9 57 12 52 37 9 48 80 78 1 75 98 61 1 58 61 23 83 38 82 80 83 18 31 49 20 32 59 20
26 53 2 73 39 82 22 95 9 37 75 22 53 7 24 50 70 64 58 32 43 33 65 80 79 85 76 47 55 50 7 89 2 53 94 51 81 29 63 40 11 87
38 59 6 22 39 81 15 21 66 77 32 23 48 86 38 19 54 81 30 68 89 57 27 57 21 68 69 7 35 91 33 100 98 69 16 6 70 52 14 21 59 47
45 90 2 20 98 62 78 95 27 23 43 25 82 63 49 35 27 75 50 0 77 52 27 96 20 25 18 58 26 73 73 97 22 90 49 90 53 55 0 32 3 25
53 73 22 7 42 71 65 58 28 24 90 35 51 23 24 79 93 14 47 56 28 75 36 69 78 86 28 10 72 74 30 42 61 9 42 61 57 89 60 33 69 10
40 13 0 72 35 62 49 1 67 48 24 73 88 67 38 11 1 82 31 94 30 66 38 48 90 69 35 11 66 60 57 41 16 18 55 18 98 63 41 85 26 1
58 32 22 93 49 93 18 51 47 69 94 90 91 68 29 12 63 100 61 96 36 93 1 62 20 82 0 83 55 37 91 79 31 28 41 23 100 50 86 78 1 11
60 74 12 52 90 32 4 69 23 82 14 64 65 3 83 92 12 22 86 81 8 52 86 10 28 48 24 45 30 83 65 99 88 52 37 88 92 98 14 40 71 8
40 96 31 36 84 7 12 89 20 46 43 27 88 12 40 97 7 65 43 38 2 97 38 27 58 14 46 1 53 65 96 53 17 58 97 58 71 13 6 6 40 68
35 71 47 9 29 94 52 8 50 49 80 28 53 91 34 97 94 84 56 2 49 64 18 50 80 18 0 63 64 87 37 57 54 29 71 33 5 52 21 82 96 93
97 74 27 40 87 75 86 59 71 23 73 62 67 67 49 74 30 10 63 30 89 69 17 30 24 2 21 8 89 45 81 22 87 49 49 93 74 81 64 12 89 69
79 66 90 32 0 59 43 40 69 69 6 75 74 26 26 3 81 92 14 98 67 22 59 50 60 70 54 81 6 52 46 48 89 63 64 68 42 8 66 93 8 55
84 8 10 44 28 17 92 40 92 3 29 48 70 78 67 37 39 32 15 95 75 73 38 29 18 14 89 17 43 12 81 82 87 76 100 9 45 44 18 39 12 68
59 58 18 55 21 82 89 78 25 20 83 44 52 72 68 18 28 30 86 25 28 39 4 68 36 67 8 96 4 92 20 30 12 37 47 57 10 25 75 26 71 92
12 63 6 25 81 82 50 92 75 70 79 96 89 26 45 78 34 99 42 23 85 100 59 83 13 26 88 4 86 87 7 45 24 80 14 38 69 41 58 43 81 45
