5 76 0 31 71 43 71 41 35 30 92 82 53 56 47 50 40 42 86 18 73 34 42 79 41 18 72 19 14 87 17 26 1 20 72 90 44 56 82 9 44 52 41 21 95 72
27 27 22 48 37 15 68 67 6 44 24 55 32 29 20 0 34 63 68 21 8 100 77 72 98 72 7 10 80 87 43 83 83 94 33 39 0 48 86 74 54 49 37 1 83 24
50 94 97 94 98 77 16 53 11 31 66 40 76 87 79 5 97 58 17 63 94 62 72 77 75 4 34 50 19 51 88 50 0 23 2 14 5 100 90 63 21 19 7 55 68 2
9 15 53 78 54 1 28 70 60 61 35 72 66 75 30 16 22 78 57 64 14 26 65 55 29 14 15 74 34 97 20 26 67 30 15 22 51 2 82 53 84 77 42 15 4 74
45 3 87 60 13 6 16 19 92 21 7 94 99 53 51 0 70 1 50 49 0 7 80 55 4 26 15 95 64 71 47 90 60 19 68 59 9 30 31 50 52 16 79 99 87 60
84 58 72 94 0 22 68 41 52 71 17 60 86 18 84 3 57 55 77 83 91 96 73 27 36 93 67 32 6 40 82 5 18 75 6 55 86 4 4 60 100 9 29 5 87 8
75 81 88 6 70 11 27 41 29 94 37 1 52 66 16 47 63 9 83 57 7 0 1 50 79 42 63 23 30 36 31 1 90 27 97 10 19 89 54 78 39 77 89 24 37 73
39 51 87 67 99 60 62 60 95 1 95 78 20 38 49 5 97 33 26 85 28 16 72 65 50 62 88 52 3 44 74 16 8 51 2 33 2 90 8 94 58 31 42 42 38 26
2 8 58 79 68 18 65 59 75 13 15 91 12 92 68 55 7 77 63 79 74 90 3 35 56 34 33 65 97 26 33 10 74 87 87 11 99 56 38 61 87 12 14 3 42 67
18 62 91 35 67 80 57 14 8 13 91 26 21 27 11 92 55 59 11 49 100 5 68 51 68 51 53 99 87 45 24 60 64 32 89 35 10 85 100 71 88 70 100 22 8 90
37 98 100 5 93 7 83 15 7 91 38 92 85 85 27 30 99 51 70 12 4 98 53 75 81 29 60 60 44 98 37 15 69 38 51 74 96 97 20 90 6 65 98 81 48 13
38 100 44 92 35 95 79 85 23 39 97 2 14 81 74 97 40 51 3 0 6 83 41 37 41 44 85 61 38 86 50 2 70 10 70 28 39 90 29 50 28 50 96 85 37 84
76 85 100 3 95 100 64 3 48 85 5 54 79 31 63 42 69 49 90 74 91 26 66 23 40 12 94 40 55 60 99 98 9 57 86 54 3 63 50 97 3 93 96 52 44 23
6 87 95 57 95 55 12 30 99 4 63 41 55 28 90 89 87 99 63 59 58 6 50 83 82 31 16 5 18 69 95 68 100 55 8 46 94 17 26 89 47 2 76 22 44 51
97 47 48 26 67 15 6 26 17 0 65 33 31 73 4 34 41 8 97 71 79 43 50 84 11 20 81 21 97 93 34 7 71 29 66 60 98 39 40 50 16 93 16 76 57 64
0 98 59 59 27 41 5 2 60 89 36 21 60 42 13 100 10 78 93 13 16 96 36 30 29 20 25 30 52 41 61 62 57 8 42 38 4 94 76 20 37 1 66 45 63 9
30 82 91 3 3 74 27 19 40 72 92 69 38 42 9 13 98 42 1 90 53 7 67 68 43 72 23 20 54 89 97 24 84 60 87 96 4 14 94 34 54 73 43 87 33 64
43 43 11 15 4 31 68 81 4 15 37 42 16 46 35 90 18 91 9 46 97 9 53 41 61 1 40 93 8 24 30 6 96 74 77 9 38 0 58 26 29 77 7 78 22 24
13 46 31 44 10 56 96 76 59 78 90 32 58 98 86 83 79 21 19 50 22 5 39 66 79 76 48 35 49 83 11 68 33 67 62 9 38 16 12 18 15 94 68 0 30 46
32 55 14 84 89 75 78 10 86 15 22 22 26 50 25 3 100 6 47 19 79 83 7 28 83 74 62 29 49 50 61 88 96 46 41 33 80 35 96 31 59 34 76 69 57 71
45 46 58 88 37 26 100 85 71 80 93 42 13 45 17 76 27 57 35 36 34 82 90 43 50 45 83 1 98 40 65 94 8 85 98 90 63 43 91 96 26 85 96 86 0 69
86 87 68 20 35 82 19 43 91 44 93 18 76 86 79 53 84 29 1 88 82 92 41 7 71 94 92 56 6 27 1 4 37 36 99 65 44 100 68 80 5 3 35 47 79 68
38 52 5 35 78 6 97 22 65 68 48 43 100 23 1 91 83 44 7 39 82 46 56 29 53 48 44 85 35 49 50 4 44 18 93 6 41 13 9 18 99 59 87 92 67 90
33 33 68 8 43 89 85 43 79 40 92 40 32 59 21 72 50 52 43 59 55 85 67 18 3 80 27 17 85 50 22 16 73 88 26 82 88 92 9 1 9 92 97 9 75 76
14 57 23 29 90 54 43 5 83 27 19 19 8 63 93 25 89 68 67 19 5 86 67 23 20 17 27 69 69 81 70 30 69 18 95 25 42 46 99 94 74 65 29 82 40 65
91 77 55 70 68 12 33 53 48 4 89 14 19 49 96 12 79 28 86 7 19 43 52 1 49 28 60 26 43 33 49 4 40 1 41 27 59 97 71 70 90 98 59 69 63 9
85 2 47 18 44 18 54 94 16 38 86 20 58 9 48 1 32 23 44 89 79 87 14 61 72 49 30 70 48 32 5 58 82 20 27 68 99 47 79 89 72 66 63 9 37 6
6 57 40 22 22 27 68 53 27 33 13 33 13 48 20 20 7 65 61 75 95 91 57 80 34 50 16 63 93 81 56 30 91 8 51 70 91 52 19 4 43 89 74 19 92 39
98 0 0 15 23 26 10 60 2 17 16 45 13 57 25 50 33 55 41 69 77 55 24 43 62 11 88 29 58 69 24 69 55 42 65 20 80 41 83 13 74 65 59 43 32 0
56 81 40 62 89 13 99 31 34 67 45 87 49 61 73 30 71 76 0 66 91 41 1 33 66 21 1 46 87 46 99 62 50 85 73 30 35 88 27 81 45 99 5 70 92 4
95 67 58 23 35 53 82 10 12 67 18 36 53 5 96 58 4 83 29 9 54 56 93 24 18 12 56 57 33 87 49 89 2 26 43 30 82 8 7 38 30 9 89 80 79 77
14 71 60 13 79 47 26 96 53 41 40 25 9 63 0 16 90 25 0 29 66 85 27 21 88 66 60 10 44 68 23 4 38 22 52 45 13 15 82 82 76 16 78 72 78 6
25 9 83 41 45 90 89 86 12 58 33 28 87 62 65 0 41 69 91 11 93 78 5 66 22 64 84 83 76 63 44 42 41 27 26 86 44 17 13 100 88 13 23 97 45 58
38 77 99 18 27 42 62 38 91 80 66 22 28 68 89 78 78 40 63 63 43 34 44 92 7 14 47 72 71 99 73 42 19 60 63 55 87 8 17 25 28 89 47 74 37 33
4 21 38 27 84 26 56 53 70 90 96 33 84 54 50 4 5 40 98 76 61 33 79 17 100 26 57 61 21 29 78 22 75 54 28 83 82 97 84 17 14 4 64 29 70 89
94 50 51 41 96 47 28 81 65 10 67 16 25 1 99 82 36 39 22 45 88 39 41 54 54 45 27 9 39 84 75 32 95 53 25 67 94 3 29 90 99 97 3 61 87 38
56 31 19 89 53 87 36 34 8 1 18 32 33 23 48 83 5 81 54 0 64 88 27 88 90 38 41 16 2 98 75 2 19 21 52 37 78 44 77 29 16 84 91 76 80 69
27 17 1 99 1 69 70 21 35 10 51 30 77 5 40 92 44 94 2 93 4 65 54 47 28 20 69 86 10 88 22 91 95 42 22 99 33 52 31 98 41 50 90 67 66 50
37 43 68 19 45 32 77 36 42 3 52 51 76 36 27 64 33 59 65 60 32 0 18 33 41 97 80 89 20 21 68 64 50 52 41 73 18 3 19 85 82 86 55 73 13 5
48 5 81 41 58 90 72 63 44 79 75 4 20 89 11 85 50 32 86 19 43 18 25 13 27 16 32 10 23 17 86 54 82 11 87 39 18 46 36 59 93 19 82 88 41 58
45 48 52 65 91 13 74 75 12 76 54 77 51 88 11 98 27 6 35 90 20 19 58 99 92 33 27 41 75 84 74 52 28 36 30 77 41 88 15 20 31 45 26 13 77 87
29 1 82 71 30 82 34 82 3 55 85 67 20 51 66 5 42 21 25 24 100 69 80 16 44 5 21 95 25 22 87 32 30 26 44 37 64 53 30 15 22 50 51 53 79 77
36 70 91 87 25 97 60 77 58 34 4 88 17 77 22 53 36 83 20 24 0 88 25 23 0 15 83 40 59 22 88 40 41 99 66 21 6 51 86 36 67 29 16 9 21 93
50 76 5 45 29 14 3 78 39 37 12 84 100 56 75 8 64 87 97 85 100 93 81 92 100 81 90 29 49 13 97 17 40 73 90 48 87 18 68 88 75 42 82 90 41 2
69 0 96 90 4 75 87 81 22 57 67 88 69 33 78 72 64 62 19 93 46 44 1 28 88 55 13 33 92 15 34 74 27 94 91 65 39 92 5 55 76 3 40 25 26 15
64 43 51 79 54 5 44 7 64 3 13 55 11 12 45 30 80 27 71 26 20 78 35 41 0 62 58 23 26 57 16 94 78 64 62 58 89 99 66 90 71 45 31 22 33 52
