33 12 24 36 93 80 85 45 1 91 10 23 57 13 63 45 80 59 20 15 86 38 93 37 95 5 35 24 93 86 100 28 80 86 11 88 57 57 40 6 53 83 67 11 9 75 51 76 22 67 93 45
6 73 31 76 39 8 39 87 76 48 76 70 88 51 90 13 41 40 33 81 74 88 78 94 99 5 96 30 74 23 73 46 74 77 82 33 71 11 18 25 71 50 91 79 37 13 68 98 33 60 93 13
88 19 68 56 2 39 6 86 89 26 60 88 9 88 80 61 29 70 13 35 0 9 55 81 33 8 92 98 39 46 79 5 100 75 91 87 27 38 92 81 70 69 49 35 83 17 34 4 88 59 74 64
68 96 81 46 55 2 99 86 79 40 47 35 22 10 4 46 82 29 34 56 8 4 23 21 67 95 49 42 84 27 46 80 59 79 87 100 90 93 2 46 82 25 43 7 2 44 11 27 17 73 60 50
96 42 78 41 41 76 84 27 60 55 63 68 32 14 53 82 53 49 98 30 52 65 14 74 89 25 83 64 91 24 55 22 35 6 52 46 94 75 85 31 81 29 93 1 80 52 17 31 80 45 95 48
70 55 57 10 14 8 30 59 54 30 77 55 53 16 1 16 41 60 40 59 87 74 51 56 39 20 1 14 3 8 6 79 31 25 36 95 94 98 40 71 25 2 32 19 93 38 61 53 29 69 19 92
16 48 38 66 66 92 6 52 63 8 4 4 80 36 18 7 64 1 76 65 51 89 2 0 6 18 21 21 30 60 99 75 91 51 75 60 33 57 31 86 33 61 13 25 82 65 80 54 57 60 76 5
60 70 60 56 70 15 78 8 56 31 86 63 86 60 95 12 1 59 8 88 57 88 43 2 25 91 9 61 46 62 85 66 26 0 13 59 49 66 99 57 31 71 1 59 16 43 100 91 97 92 2 96
28 16 71 22 49 12 34 60 24 23 53 74 24 11 100 4 90 21 7 16 21 26 58 44 26 82 66 3 68 23 50 70 34 71 12 22 20 15 41 91 13 21 59 96 57 25 36 19 46 68 98 62
7 2 75 70 55 72 72 18 84 25 91 55 98 24 92 79 71 49 37 63 5 91 52 72 29 85 81 5 8 37 85 90 57 94 20 14 2 99 24 82 85 66 77 65 31 16 21 54 84 69 19 32
27 63 17 86 97 6 35 57 32 42 90 37 43 68 30 80 50 70 46 92 4 47 24 49 97 81 6 55 37 92 0 62 80 12 40 60 95 76 88 60 2 39 46 83 5 77 50 95 99 34 49 88
83 68 62 1 80 30 68 65 98 96 63 53 88 4 96 67 10 54 95 70 93 30 32 97 8 46 14 94 45 55 96 26 53 36 7 32 22 24 11 32 50 46 83 97 12 1 27 87 23 5 82 89
63 4 52 56 32 12 65 98 43 68 49 63 52 85 57 48 19 60 8 0 46 81 23 92 79 50 26 23 68 83 37 74 95 53 81 97 1 40 91 86 62 49 46 68 22 48 3 95 54 2 91 21
99 78 21 60 65 82 30 53 64 2 59 70 6 47 81 88 11 69 1 88 16 78 49 47 96 2 37 91 77 72 2 98 29 85 3 84 2 8 8 27 48 85 55 6 71 75 26 86 26 39 2 99
55 64 5 77 79 13 60 63 81 55 71 60 54 96 54 79 56 73 77 41 56 84 37 57 30 43 48 76 45 54 88 32 6 70 99 36 68 57 24 25 14 15 63 76 57 92 18 87 80 54 20 24
53 88 52 52 41 6 6 97 84 71 18 26 16 34 44 68 8 40 43 84 64 53 9 72 100 73 3 49 71 67 45 60 25 35 55 90 36 67 16 56 86 86 27 69 62 93 5 19 92 91 84 27
75 15 90 8 61 65 3 31 17 26 52 27 96 82 70 47 86 99 17 39 3 17 43 76 50 55 59 30 54 26 86 94 85 58 64 22 71 81 78 84 7 4 39 97 79 5 70 38 42 37 92 14
9 40 85 95 10 12 11 46 71 69 40 12 53 89 73 82 69 81 8 46 13 26 11 51 36 35 30 100 5 43 58 97 83 93 19 19 56 28 60 2 70 99 13 56 55 56 59 68 59 96 97 46
26 99 36 60 78 53 34 51 82 12 43 4 11 93 36 68 60 38 48 24 28 8 56 56 75 61 51 9 44 66 99 60 17 52 51 2 26 84 64 13 73 75 18 2 83 5 82 18 40 94 62 23
7 46 32 37 80 68 91 86 46 50 83 7 82 97 13 65 12 55 3 89 43 42 48 53 89 28 72 97 12 1 69 69 5 30 44 57 69 75 91 66 36 42 30 91 46 76 65 79 57 75 17 83
55 45 79 74 9 98 11 95 66 77 42 81 16 100 84 68 13 78 60 15 82 90 91 18 73 71 95 60 23 31 8 67 51 80 70 96 53 33 59 51 33 92 62 27 34 57 71 42 91 8 47 40
8 17 54 8 94 97 25 57 87 42 80 13 91 76 97 72 57 47 0 77 94 42 5 34 78 27 95 97 72 29 33 40 87 16 6 64 2 48 74 95 86 97 94 36 62 36 77 67 76 76 76 48
11 9 75 4 47 54 74 3 67 25 24 38 46 27 41 99 43 75 94 36 97 51 44 41 11 97 33 41 39 96 78 2 95 78 79 55 93 89 26 67 66 7 84 70 28 95 82 67 83 46 51 65
36 73 57 56 98 66 45 5 76 94 58 87 98 79 78 9 72 79 1 61 26 8 24 60 49 8 85 68 10 1 1 49 61 10 89 54 83 85 26 10 36 88 63 42 83 8 100 100 78 20 15 98
63 93 51 25 69 32 10 76 79 9 97 34 22 40 77 79 54 44 54 66 89 8 95 32 79 31 94 78 34 76 63 59 84 1 52 9 52 7 64 76 64 24 15 62 72 82 50 7 98 12 52 11
64 7 74 89 23 76 3 100 30 66 3 6 92 79 23 60 73 93 61 68 72 73 9 27 10 32 3 2 13 69 29 8 6 35 20 34 15 22 86 15 97 9 36 60 56 79 18 5 88 23 11 72
11 56 21 36 37 96 25 55 99 87 85 25 54 52 85 55 88 47 18 11 59 52 84 64 66 15 23 25 25 71 73 51 1 65 42 43 82 35 24 26 46 30 16 48 57 96 51 97 87 29 9 82
4 18 29 61 98 80 11 94 56 0 10 75 22 72 62 66 83 35 64 18 73 85 64 40 70 96 55 39 58 82 32 22 21 53 70 59 6 25 85 27 29 90 80 15 46 75 0 87 97 27 46 29
27 43 37 87 76 55 86 99 26 7 34 47 55 36 22 75 20 42 32 14 24 7 35 89 95 11 29 75 4 0 71 9 50 81 54 31 41 62 91 59 54 64 25 96 95 11 52 51 27 75 95 90
76 28 39 0 40 60 68 24 99 92 25 46 64 40 8 66 60 72 37 53 87 21 90 74 92 66 9 65 81 56 84 71 29 2 35 100 38 17 3 52 15 62 63 89 41 60 68 98 21 4 34 13
18 6 91 71 33 35 23 37 49 55 54 54 71 29 73 80 83 59 82 62 13 50 28 22 37 34 50 26 77 44 16 36 85 9 79 71 21 19 10 50 37 44 93 98 83 55 12 1 81 57 88 8
21 30 44 52 8 81 16 61 31 72 27 77 99 2 52 54 32 5 8 25 42 34 68 96 49 1 26 55 28 46 59 62 99 46 23 12 14 41 79 54 66 18 2 74 58 78 87 60 95 27 97 51
84 43 92 20 17 26 61 99 76 82 13 67 44 79 7 98 28 21 17 77 52 7 4 87 49 89 57 17 77 87 66 34 15 58 85 95 28 26 54 70 48 28 64 65 18 8 48 33 62 43 58 8
63 49 57 31 21 52 68 87 92 1 81 52 93 77 21 9 95 74 34 89 57 44 64 45 8 30 53 62 38 11 19 75 85 3 31 67 17 53 27 87 17 76 23 46 89 20 24 45 38 16 67 31
50 54 54 60 9 57 37 43 18 46 18 96 87 60 76 73 46 16 81 55 31 17 44 33 22 34 71 43 30 3 82 46 23 75 77 9 75 48 35 22 82 41 30 89 49 35 15 15 54 47 85 32
50 13 4 15 90 3 32 77 21 45 70 53 50 50 52 40 42 6 93 71 59 75 19 45 84 14 96 15 81 16 18 96 12 85 56 45 69 73 63 10 73 76 3 2 98 4 100 98 69 91 0 46
7 47 32 97 34 73 8 35 80 61 62 96 80 99 2 6 71 72 66 77 33 7 55 26 37 59 30 78 28 14 21 35 6 89 22 89 0 22 0 90 47 75 14 6 28 41 50 11 84 71 11 95
65 45 45 38 3 41 54 25 13 53 91 25 100 9 45 32 0 23 47 25 100 13 1 31 14 57 66 53 51 65 48 50 50 54 32 47 8 28 34 94 23 78 6 76 90 34 21 85 6 45 71 36
5 7 11 93 75 91 12 54 34 50 98 8 77 55 73 70 64 11 33 51 11 49 40 58 46 70 53 25 60 8 45 12 27 58 88 19 48 90 93 59 38 58 32 50 57 29 68 92 68 20 12 72
13 29 2 93 83 53 10 78 69 45 35 78 55 58 72 34 32 63 17 0 8 13 80 95 46 44 95 88 97 38 74 29 69 40 71 39 59 10 99 37 63 25 99 7 33 42 20 32 65 35 32 99
78 66 22 41 58 2 44 56 38 85 12 71 69 70 49 37 2 39 1 62 7 3 29 56 91 72 8 97 7 82 78 78 65 7 98 42 84 43 77 91 32 89 31 71 1 54 19 52 49 0 99 31
76 8 25 100 75 48 100 89 10 12 73 16 93 10 22 79 95 100 50 75 45 21 47 100 96 16 76 15 56 100 22 17 99 3 47 69 44 64 80 52 51 95 62 78 22 22 61 87 72 59 70 83
30 60 19 69 49 84 73 28 32 100 82 65 63 6 98 35 79 93 98 83 92 11 82 69 99 73 49 53 11 99 50 52 92 14 14 21 45 8 13 4 17 69 53 19 66 53 12 68 14 29 93 27
78 66 90 11 79 49 42 80 33 17 26 13 15 8 48 12 29 12 28 80 61 2 29 20 99 18 16 92 87 53 65 25 27 74 63 70 55 47 81 4 54 95 20 39 15 94 7 60 85 31 55 95
27 63 17 10 47 58 24 43 67 48 95 4 82 17 40 29 99 7 45 51 31 15 16 15 31 70 76 90 28 49 4 62 85 85 31 57 91 43 53 46 88 95 31 91 48 85 83 33 97 88 71 2
14 76 6 29 14 74 73 28 84 80 90 8 14 13 35 6 97 34 96 56 25 34 0 81 99 81 7 93 56 31 0 16 57 9 17 23 82 75 37 21 85 76 47 49 23 38 92 21 29 17 20 11
45 84 46 27 72 1 60 59 35 51 65 85 84 88 6 4 22 54 4 91 19 69 78 25 49 28 73 11 65 35 97 65 98 65 98 84 2 80 22 86 71 42 97 47 74 20 72 35 16 84 81 5
91 60 7 83 80 18 76 38 10 29 80 12 25 63 31 39 41 99 89 54 70 70 55 10 89 58 96 49 65 59 98 56 42 93 27 36 87 72 90 2 80 82 54 81 47 63 77 73 96 28 56 88
30 24 44 12 46 50 91 16 77 37 71 33 64 63 5 92 71 47 3 63 85 39 45 74 30 91 8 8 29 21 0 75 48 43 100 98 79 13 6 67 58 82 85 49 80 98 100 99 92 66 46 64
55 48 9 6 31 73 100 18 62 12 71 77 11 25 20 44 85 72 97 30 91 27 8 71 65 8 98 59 26 14 79 84 0 94 64 10 25 78 25 60 83 48 85 67 9 68 58 78 38 53 69 12
70 8 9 96 39 85 42 30 41 82 29 29 42 77 99 76 67 46 82 79 58 74 81 40 41 8 59 63 4 65 16 68 100 89 56 99 100 40 28 90 57 17 65 16 0 26 58 55 44 68 11 5
12 30 74 57 23 32 72 81 67 15 94 37 99 98 42 95 86 78 37 15 40 26 55 21 63 5 35 94 65 3 20 1 3 2 38 67 40 27 48 87 65 12 67 51 75 97 2 33 90 18 72 6
