87 37 12 14 89 65 53 62 91 77 61 59 59 85 16 47 5 89 4 50 86 7 39 6 38 59 27 47 17 47 57 95 51 46 83 100 2 58 76 64 60 32 62 63 49 43 67 70 18 5 30 97 56 64
96 64 32 70 65 15 43 32 84 35 59 43 64 7 53 100 36 74 35 50 20 51 8 51 91 88 24 73 6 59 42 14 7 49 65 83 72 40 74 81 15 22 37 66 93 24 15 91 59 27 19 17 29 92
43 58 73 74 35 62 82 89 91 38 83 22 13 2 77 81 96 37 89 75 14 74 97 30 69 68 7 26 77 24 39 11 55 60 38 30 99 71 54 98 15 58 41 89 6 49 58 24 74 71 90 36 77 81
4 15 65 81 51 36 71 35 45 53 11 78 66 79 15 10 69 81 5 35 50 64 61 58 24 96 69 0 14 85 63 84 19 5 45 30 53 67 54 29 29 66 54 39 40 78 30 82 32 35 44 88 8 78
11 58 93 36 82 83 56 6 36 78 100 49 11 57 85 30 65 2 87 80 100 98 73 66 88 11 66 78 0 67 44 90 79 47 26 12 98 86 57 2 28 67 57 1 27 93 52 81 0 64 20 47 69 84
12 73 41 55 90 67 38 45 98 90 95 95 100 16 21 82 33 19 1 28 31 32 98 75 66 54 13 69 1 34 26 29 26 34 78 95 75 8 80 91 72 90 30 75 30 87 100 87 46 45 26 38 39 62
98 18 1 36 19 27 1 99 58 89 70 100 99 22 26 82 9 38 8 84 53 35 100 60 79 79 43 94 61 14 81 8 48 0 57 61 100 11 22 52 62 32 52 39 100 1 45 47 20 7 54 39 68 84
46 47 24 1 75 71 53 73 4 7 71 80 95 94 83 37 64 63 54 38 83 6 54 98 76 25 96 57 83 78 84 8 95 1 63 92 4 25 9 49 61 23 35 4 33 77 33 54 23 13 44 71 94 48
22 71 66 41 43 69 81 49 23 51 52 13 93 72 34 35 43 62 31 72 45 14 67 20 92 95 22 82 67 12 28 80 40 84 72 33 73 66 57 11 47 2 37 93 51 71 87 52 78 30 40 84 28 17
7 14 2 99 28 59 88 71 33 98 95 80 3 69 26 70 59 86 97 44 54 10 66 2 91 81 52 67 74 13 3 12 93 49 59 22 21 86 98 29 9 90 42 36 6 29 64 5 83 10 48 60 27 73
87 100 67 81 26 67 18 6 24 25 3 100 91 92 70 95 34 72 84 94 43 99 32 12 54 97 72 15 85 66 27 28 51 44 18 12 62 88 95 4 59 60 55 61 33 73 80 93 18 78 6 16 98 21
32 10 36 21 97 98 72 12 68 27 2 68 62 85 36 44 47 76 45 41 98 50 55 9 17 47 100 30 14 67 15 55 83 52 74 20 46 15 78 87 87 21 68 100 41 80 35 76 38 95 15 82 8 9
5 36 11 65 22 50 5 4 1 63 75 8 23 42 49 32 38 79 1 27 21 57 23 74 13 32 13 23 31 62 90 31 47 93 2 57 98 67 76 65 65 18 79 22 98 24 6 93 92 10 55 56 0 100
30 98 0 41 71 99 27 17 12 97 39 44 20 65 8 57 73 61 46 18 96 20 66 73 99 48 97 38 71 33 10 30 77 1 85 87 67 66 84 84 18 9 77 34 11 27 67 67 65 82 15 70 59 86
5 100 65 41 39 4 43 50 92 23 30 65 86 54 88 100 3 81 79 28 63 61 9 0 25 71 45 15 41 65 9 54 0 88 18 24 10 34 84 100 82 40 79 19 25 19 1 44 14 62 50 100 55 2
11 33 69 99 88 39 33 36 91 63 12 33 5 11 92 65 19 55 54 82 8 66 47 95 25 14 99 53 35 8 63 19 11 45 95 96 56 66 29 88 36 70 90 91 58 12 65 5 50 30 6 0 85 34
25 0 56 75 9 47 74 40 10 51 20 1 9 13 0 3 75 34 17 2 30 25 9 40 37 19 34 73 66 60 13 90 31 14 13 6 47 48 57 95 95 7 9 68 69 18 97 52 10 80 3 25 6 98
30 51 69 15 10 71 8 27 46 72 16 78 20 73 66 10 20 85 32 17 99 100 68 83 67 22 82 20 15 31 59 68 49 39 24 6 77 95 68 99 56 95 89 68 97 24 29 41 44 93 50 15 47 85
79 43 86 53 67 62 35 34 80 8 49 93 3 66 41 81 68 34 41 33 40 16 19 58 45 55 65 78 10 31 10 69 16 59 97 33 13 67 25 64 66 13 30 11 69 54 94 84 86 23 12 98 93 1
95 10 57 15 93 100 76 65 6 36 43 60 30 62 75 2 46 26 49 10 61 48 21 40 7 20 46 87 82 39 19 93 43 51 13 33 73 3 57 68 38 28 30 47 48 16 97 49 92 8 10 42 20 15
59 8 96 79 92 48 49 51 15 33 90 23 26 8 88 87 13 19 50 83 39 63 86 2 11 84 15 1 71 21 99 50 46 29 76 84 9 53 27 96 34 7 53 88 32 42 43 20 67 71 7 27 45 54
15 11 69 45 69 53 30 52 63 19 71 41 57 60 65 90 15 56 52 34 11 34 99 54 67 76 87 93 79 0 27 86 39 6 51 80 71 84 52 86 100 66 79 37 46 67 12 30 37 32 40 35 74 91
48 64 0 68 59 52 8 16 85 12 51 75 69 73 92 97 83 63 97 4 56 47 99 46 84 91 11 4 88 30 67 94 30 37 13 55 56 97 19 47 37 63 48 51 52 53 13 52 7 47 49 56 47 98
40 55 38 54 4 26 73 59 83 53 91 4 54 24 94 69 62 76 4 17 64 51 84 50 92 82 32 25 6 46 40 63 62 96 79 92 60 11 61 15 67 96 32 62 16 69 96 83 46 76 61 20 41 79
71 36 84 71 7 41 81 11 46 5 2 25 43 93 57 51 57 43 83 42 83 11 91 81 93 66 67 71 38 65 31 88 80 18 27 28 24 3 22 6 61 53 46 41 77 97 66 20 82 53 72 55 70 84
62 47 63 85 36 44 22 81 69 88 16 32 77 31 100 87 28 94 0 83 40 48 61 2 37 10 28 35 46 73 60 15 80 1 86 95 19 36 79 97 22 8 76 29 92 57 97 29 73 85 29 39 87 47
7 67 38 32 70 100 81 83 100 96 97 62 76 96 40 20 88 79 30 47 93 87 86 7 76 83 56 18 97 66 13 38 82 45 3 89 73 46 75 39 56 80 35 100 14 78 95 60 16 70 74 40 99 26
4 27 1 94 12 25 55 80 45 66 46 95 88 16 79 49 45 12 77 65 27 8 43 85 18 13 61 98 1 55 43 25 26 72 31 86 17 100 75 26 94 7 64 90 19 29 78 78 38 72 42 16 35 5
7 2 63 17 18 14 7 45 51 2 89 36 99 52 22 43 85 60 64 96 24 84 12 56 25 57 27 68 84 47 19 40 78 19 24 65 13 69 55 35 99 32 42 45 67 11 18 34 85 90 23 49 0 84
90 17 18 19 60 66 62 22 81 19 82 88 28 36 7 35 16 51 13 92 49 54 54 18 87 67 4 68 71 14 28 7 77 93 38 52 28 70 51 13 44 64 87 97 55 46 80 45 65 13 91 44 57 73
50 18 6 17 36 49 81 25 50 32 73 51 38 12 69 17 54 36 92 14 28 25 56 69 3 29 24 14 23 68 75 65 76 39 56 66 17 64 25 46 60 69 10 56 50 73 22 36 62 65 64 81 54 63
83 53 70 69 19 29 21 97 0 15 94 51 36 73 70 57 34 12 36 15 35 85 94 99 27 98 36 70 55 4 79 23 1 17 82 82 91 87 6 69 25 26 9 8 66 9 96 7 65 80 25 98 65 38
38 99 63 3 70 92 49 73 78 61 39 65 42 73 67 17 8 24 84 83 70 100 2 97 60 66 39 48 21 25 85 27 51 28 48 80 91 47 99 8 73 91 93 15 39 71 78 66 41 13 27 64 78 36
37 34 92 44 14 29 68 45 81 55 82 30 9 73 39 82 89 29 18 81 19 56 51 57 19 76 37 89 76 32 66 28 25 84 43 2 90 92 24 94 46 87 11 65 12 77 14 73 100 97 19 38 66 72
67 81 63 64 37 77 40 95 44 5 24 82 13 16 10 96 38 68 6 76 66 20 99 87 27 41 9 88 81 93 92 40 12 81 33 41 41 68 21 93 19 66 38 15 60 26 9 61 100 61 89 7 45 93
2 95 33 31 67 7 61 60 44 28 47 72 55 65 26 60 1 95 81 41 95 65 100 89 53 93 14 66 32 21 17 33 33 53 78 71 75 89 38 41 3 2 66 100 86 0 90 28 28 13 33 89 95 39
2 33 96 99 5 96 61 57 76 73 90 86 43 8 45 100 81 73 95 55 23 3 7 46 7 21 25 78 59 94 92 33 7 17 92 61 94 59 56 0 59 29 56 16 59 73 14 19 39 0 0 59 91 21
5 41 94 65 4 52 69 2 43 1 8 81 71 55 49 52 63 51 92 29 34 99 83 77 6 57 32 99 61 56 74 0 66 15 82 0 17 78 71 25 41 53 41 35 39 58 88 16 53 56 42 4 35 88
29 5 80 80 51 86 90 50 30 67 57 13 57 78 65 95 66 29 58 22 38 49 33 65 13 24 4 52 39 58 18 13 90 50 58 97 85 33 21 87 30 36 22 25 95 29 11 3 21 66 19 32 90 30
16 70 45 26 14 20 88 76 76 18 45 23 88 10 57 76 29 0 36 35 82 6 7 84 97 1 41 31 30 57 52 54 70 68 1 13 6 14 61 61 53 95 94 91 14 7 4 73 6 13 15 61 5 68
2 36 62 81 51 77 20 67 87 89 3 2 13 52 62 100 32 17 96 12 15 45 53 34 41 26 69 63 52 84 37 45 14 35 50 50 29 29 38 95 99 56 14 41 88 55 65 56 14 7 32 88 25 0
77 56 90 8 11 39 27 66 2 72 42 8 64 37 1 45 73 34 36 72 64 82 86 50 42 75 10 22 100 65 88 11 13 35 15 18 42 81 71 7 42 36 78 0 42 50 70 66 28 13 68 40 87 77
1 69 58 23 61 3 60 28 66 74 72 92 53 89 56 34 85 76 14 44 8 30 15 92 74 99 20 100 15 71 9 24 23 55 8 37 72 36 4 47 96 50 45 53 35 62 83 24 62 31 95 69 32 2
1 41 93 37 38 43 9 63 34 35 78 62 68 30 19 48 80 30 74 57 14 11 53 38 51 48 65 72 27 8 98 20 90 64 81 98 70 64 19 65 57 71 64 32 21 47 39 45 75 94 49 22 17 47
42 88 95 15 32 34 55 13 34 99 3 72 57 41 6 66 89 5 99 76 41 58 87 81 1 54 18 85 41 65 64 65 23 72 27 77 83 19 90 83 58 11 96 98 9 72 43 86 10 63 35 90 22 64
42 17 78 19 50 70 62 60 8 25 20 62 26 87 58 59 44 64 4 7 97 33 27 35 35 62 88 68 20 63 46 36 45 90 55 93 73 37 57 62 37 69 81 13 77 61 78 49 1 94 74 88 77 36
8 22 97 1 64 92 46 39 23 53 37 90 78 27 85 62 38 70 49 69 30 36 61 75 88 14 1 40 77 48 79 69 51 2 80 43 89 24 84 73 63 67 32 76 44 65 79 16 6 53 46 56 28 32
80 43 32 32 89 82 5 26 24 31 17 83 96 83 53 94 39 49 39 59 59 65 14 4 23 93 91 23 80 19 32 3 97 2 58 45 35 36 91 48 49 23 85 0 12 86 82 96 7 0 38 9 48 32
99 42 15 94 33 26 75 37 26 91 73 59 79 60 27 96 4 6 7 89 3 89 100 54 62 39 43 50 88 18 36 92 21 45 41 22 37 69 51 43 33 34 61 64 78 65 19 94 66 19 55 13 30 73
74 28 77 7 44 38 94 35 20 71 89 78 90 34 30 9 79 97 4 67 90 44 23 56 59 26 18 57 60 19 51 7 23 75 30 19 86 45 83 3 74 87 54 99 88 63 60 12 86 69 36 7 23 71
74 27 27 38 20 87 90 5 6 0 14 35 63 70 44 33 85 95 83 90 66 81 87 58 91 62 29 54 53 56 54 59 35 13 40 30 20 83 17 94 30 67 26 30 96 70 68 60 42 86 82 30 36 19
76 38 59 79 96 53 94 15 57 47 84 19 2 22 84 79 71 14 42 22 54 36 84 1 22 25 39 48 92 41 90 22 31 53 1 35 5 80 93 15 74 74 19 74 96 51 23 18 99 69 99 74 20 16
36 36 91 77 22 10 1 91 86 81 21 81 7 53 94 67 65 35 67 78 0 63 16 2 11 54 8 31 25 51 57 70 4 76 94 71 90 4 74 96 15 83 45 66 75 96 37 20 0 16 75 55 62 56
78 65 80 22 39 57 62 51 76 80 46 36 71 70 25 96 40 8 51 6 26 7 15 42 57 83 24 59 15 47 80 26 41 25 9 35 81 75 85 40 70 65 20 2 12 33 15 6 60 36 98 65 49 6
