100 18 13 87 54 57 24 33 49 92 75 60 1 38 29 62 20 30 51 46 17 62 82 13 32 44 15 100 32 38 63 64 9 3 90 50 88 10 12 82 72 43 77 76 67 17 9 44 61 49 28 22 15 62 78 55 16
10 29 56 42 87 71 14 15 20 5 80 54 23 56 49 47 100 69 11 90 68 45 35 31 26 22 24 49 74 30 47 37 77 23 69 25 5 98 71 53 67 94 44 40 67 15 72 67 77 44 2 80 52 7 20 9 83
83 16 37 3 24 49 76 85 40 98 18 46 97 83 18 68 75 64 76 30 44 60 47 70 30 63 99 55 61 23 53 79 24 5 11 15 13 40 61 3 51 57 19 72 64 12 51 62 25 48 100 86 42 50 86 51 51
28 33 76 25 0 56 83 12 87 84 90 34 21 29 12 82 63 83 79 64 66 17 95 11 43 6 68 52 13 76 16 64 64 68 75 30 8 28 73 35 88 36 26 27 37 31 50 89 18 11 99 49 82 25 72 11 8
100 69 59 63 4 26 21 90 34 79 61 35 52 36 11 7 50 80 99 8 57 54 71 53 83 27 15 35 27 11 37 88 68 80 29 79 6 36 74 55 87 91 95 66 25 30 87 100 100 29 37 89 66 96 48 6 89
0 30 24 79 75 93 44 23 85 0 86 36 75 51 27 72 63 60 48 23 83 25 33 85 71 19 28 97 49 50 1 61 39 40 77 9 29 23 95 88 24 92 42 27 58 7 22 82 3 67 35 43 82 55 30 100 69
30 31 100 53 21 32 61 76 80 83 99 81 100 9 99 64 88 28 90 99 25 81 98 62 29 94 67 80 29 95 88 30 97 100 59 98 33 11 44 56 56 86 30 35 0 18 73 66 84 13 100 17 72 82 19 97 97
61 65 83 84 9 100 74 77 98 32 43 81 61 49 5 39 10 90 83 16 93 25 34 99 96 39 89 19 89 31 26 60 66 36 28 32 43 97 87 23 53 44 99 25 11 66 80 67 73 74 8 91 70 1 16 84 23
30 29 47 49 53 35 29 91 79 24 31 14 44 10 76 47 82 46 33 24 2 80 43 9 16 10 6 54 41 64 67 24 76 100 75 51 20 17 30 85 36 92 27 97 1 95 64 66 82 78 67 80 92 4 76 21 93
65 71 89 77 68 71 46 65 19 96 84 29 10 76 7 98 82 53 59 96 91 6 76 100 39 70 32 74 36 18 24 69 38 30 82 99 7 11 75 31 92 76 49 100 19 50 74 76 46 9 73 16 20 63 100 8 81
44 46 29 39 85 71 80 54 55 7 46 14 72 74 24 63 79 90 40 94 80 54 29 4 69 3 62 34 51 43 41 37 62 57 98 94 25 86 27 49 57 4 32 51 52 91 43 67 96 67 12 64 14 22 92 59 47
56 92 23 37 24 27 80 3 27 70 44 72 41 1 93 77 8 80 69 1 42 11 19 58 29 88 43 80 50 67 44 8 44 63 58 93 79 69 4 82 56 27 16 80 28 84 73 26 10 1 75 26 37 85 62 30 34
71 69 72 23 1 34 62 81 12 40 47 9 28 47 18 28 35 64 35 79 92 77 46 5 95 47 26 71 0 38 93 36 20 78 69 71 88 48 74 67 53 62 66 81 51 71 64 42 60 34 54 56 29 16 3 24 61
28 99 62 2 40 42 41 6 90 11 74 94 1 24 97 89 5 72 6 48 99 1 31 21 65 79 100 99 23 11 33 68 13 50 95 80 33 28 51 24 58 26 91 6 96 29 62 8 12 43 22 68 7 98 50 2 86
70 97 46 17 27 2 32 59 65 67 56 30 41 26 18 73 6 33 93 5 47 49 16 56 67 36 88 19 28 58 40 94 25 43 15 11 50 0 74 74 43 84 57 39 31 52 26 36 23 48 48 32 50 24 64 4 25
14 58 59 74 70 15 8 49 68 96 44 63 79 0 45 100 76 96 13 97 68 30 32 22 32 81 61 78 70 71 69 5 45 58 50 26 37 75 72 64 69 70 79 95 18 9 94 79 50 99 89 83 25 25 69 88 88
44 86 76 4 37 4 86 33 70 61 21 83 55 10 63 60 48 34 93 70 82 77 87 95 18 38 89 47 64 100 67 35 2 54 38 4 100 30 7 94 87 41 30 42 54 99 41 10 11 94 18 4 79 34 47 75 3
23 4 6 82 6 50 0 99 21 61 40 88 49 56 69 76 56 10 8 96 72 86 58 80 58 45 36 11 71 65 72 40 5 69 72 52 84 46 89 10 36 10 94 50 19 87 43 82 94 91 43 98 46 53 46 67 89
55 9 59 66 22 100 53 95 53 23 27 8 69 93 4 76 24 47 40 20 69 29 62 48 35 68 21 69 68 95 48 87 20 4 39 95 94 37 80 99 63 15 49 13 29 10 80 19 28 36 96 80 97 19 39 17 83
36 54 76 90 49 55 86 56 98 15 80 83 74 27 25 86 42 11 62 61 46 15 64 72 85 10 79 16 93 34 15 15 78 72 70 6 22 40 83 74 79 97 30 7 90 22 78 74 38 17 63 19 57 16 39 95 33
65 69 72 78 100 40 83 39 83 19 96 43 26 15 46 39 20 47 72 27 87 33 70 36 77 93 84 77 12 5 32 69 31 13 70 23 51 91 80 53 37 72 51 8 93 63 64 11 39 46 57 18 86 57 67 12 61
1 77 5 44 92 96 23 88 79 42 90 85 34 27 90 73 40 27 62 47 20 7 25 8 4 43 53 16 23 79 89 40 59 13 15 0 50 98 31 19 86 62 76 30 90 91 7 54 4 8 15 0 46 27 61 41 93
36 29 4 60 37 31 76 33 93 43 50 45 10 38 89 13 28 49 7 35 49 77 18 0 83 65 60 82 21 35 57 2 49 23 34 74 18 72 91 11 94 4 69 28 28 33 26 69 88 57 44 41 82 37 14 39 67
11 45 34 87 58 48 49 70 48 8 97 98 24 33 79 37 67 33 7 18 29 22 34 46 98 71 35 67 44 5 30 82 15 10 78 49 47 72 30 96 42 89 12 23 68 49 4 92 28 17 16 83 97 96 51 90 36
60 53 5 9 15 18 5 46 12 34 35 86 74 42 36 23 50 16 74 41 67 42 70 72 73 32 31 59 65 99 41 13 13 51 37 31 58 77 94 51 19 99 87 97 63 78 79 73 83 61 11 52 54 50 44 73 66
31 30 9 8 88 55 97 1 97 86 34 52 100 68 49 28 77 75 34 6 36 86 73 11 89 17 8 94 43 98 18 69 33 82 60 21 12 22 65 50 16 76 68 95 54 98 45 21 64 16 29 50 64 22 6 13 57
30 82 83 60 93 32 19 46 17 17 0 71 75 5 77 87 27 42 36 41 65 35 38 26 36 34 25 32 82 65 27 45 8 52 92 73 2 2 11 35 39 65 69 88 87 38 23 84 32 3 41 43 53 65 21 73 49
21 60 48 52 61 51 29 43 45 60 49 30 89 6 0 84 86 32 63 60 30 78 50 49 60 13 83 46 77 83 7 21 88 78 59 43 88 98 6 12 2 1 71 27 92 61 89 83 18 50 48 94 52 79 93 97 4
20 19 38 38 63 36 25 31 48 90 17 69 5 53 37 58 59 86 60 80 97 95 96 52 24 98 37 49 90 70 24 7 56 84 15 99 84 58 76 17 34 35 83 68 48 57 43 22 39 80 39 100 19 40 8 7 20
74 51 10 17 10 15 43 0 53 63 44 56 40 51 43 21 77 53 29 20 0 1 76 94 71 64 82 74 66 48 93 80 86 83 86 45 5 99 60 20 29 30 10 12 75 86 17 86 73 87 100 6 74 33 97 13 88
87 30 26 19 91 12 47 22 84 46 25 8 67 49 12 66 55 52 52 90 18 41 23 48 28 63 16 63 83 36 49 9 64 41 74 72 3 27 40 63 24 64 1 57 17 51 22 4 30 41 3 34 99 59 90 7 65
78 31 90 36 46 97 41 3 14 83 64 92 99 92 18 15 60 27 38 64 1 19 84 81 12 71 46 0 28 17 13 27 88 48 13 53 60 88 27 95 25 28 67 23 68 75 26 51 52 96 50 44 35 45 30 65 3
51 36 22 79 53 74 23 50 46 41 24 71 47 61 84 33 83 78 70 38 92 95 2 12 1 70 11 96 46 43 5 78 49 36 61 71 30 29 12 84 6 86 76 1 90 23 53 88 70 87 86 57 41 70 52 87 44
89 37 25 21 27 55 65 51 91 77 63 74 28 19 45 69 9 50 72 15 93 17 53 95 50 67 96 28 50 80 24 89 33 72 70 83 59 85 42 40 55 29 12 59 85 95 10 72 44 48 46 5 73 25 46 72 94
9 10 67 45 76 74 79 55 97 86 17 6 54 37 22 58 43 57 25 15 51 71 76 93 39 13 95 76 10 100 16 9 22 75 90 12 43 20 75 1 49 48 28 68 16 19 85 16 15 73 62 63 87 48 20 11 77
55 44 79 100 6 20 54 21 42 13 16 31 90 31 17 12 30 50 3 21 7 13 40 97 86 99 29 92 92 66 2 61 94 37 46 9 49 73 98 30 59 7 76 19 92 38 86 35 31 12 2 50 87 0 91 47 35
77 58 13 69 39 75 43 55 52 61 5 60 70 78 98 92 52 71 33 5 86 59 39 67 57 17 12 4 14 22 50 55 56 54 85 56 41 4 79 80 39 27 60 63 28 29 40 37 48 89 51 18 85 36 70 66 87
0 17 8 13 20 63 40 4 55 42 59 61 28 60 29 92 49 4 41 90 19 29 40 61 89 2 94 13 70 17 47 67 14 85 37 45 6 7 60 32 13 13 45 95 82 33 47 42 94 79 3 59 50 10 80 46 16
41 73 84 22 86 48 96 58 44 44 85 25 43 33 67 14 80 87 28 51 43 51 25 83 66 64 45 100 22 4 81 87 63 59 0 75 25 41 89 74 96 4 23 86 63 87 98 0 47 50 9 48 44 64 100 68 94
17 63 24 70 31 93 87 27 27 42 88 63 7 12 40 76 21 14 35 57 41 20 34 38 7 41 18 41 49 46 16 63 11 53 71 86 26 14 94 30 68 5 76 63 61 74 93 84 39 69 25 45 75 29 36 3 96
98 60 53 12 85 75 18 38 54 6 74 80 5 14 2 61 42 14 73 29 100 11 27 72 89 0 11 6 54 39 37 13 59 57 61 28 18 79 100 47 100 8 82 96 74 48 5 67 47 95 15 69 50 92 37 52 75
72 34 22 1 38 21 14 81 55 22 47 12 87 69 90 67 71 1 55 92 10 20 6 66 59 84 20 16 17 35 88 5 22 67 93 56 83 34 75 97 84 82 23 31 3 67 72 6 32 88 89 60 67 29 13 85 63
10 28 73 14 59 17 11 87 53 74 87 49 22 30 76 78 28 10 24 63 99 26 54 46 97 20 5 20 85 43 71 84 40 40 86 0 33 100 74 9 84 88 33 18 23 88 30 96 95 44 90 74 83 92 56 52 78
54 77 100 75 77 51 47 73 16 13 17 43 39 6 28 79 99 51 59 90 46 29 23 73 4 47 37 98 60 23 47 75 32 23 35 60 38 0 28 90 73 60 66 61 27 4 34 96 53 60 6 56 1 81 70 84 8
46 80 19 85 65 45 62 88 34 97 89 47 31 74 58 22 50 96 75 46 36 58 54 95 30 42 77 45 37 70 81 58 61 2 42 60 17 42 18 7 51 95 91 77 18 34 11 97 87 72 58 1 99 4 97 78 100
99 70 0 97 41 75 39 15 13 39 19 75 88 19 58 100 26 13 50 19 75 61 94 64 87 15 50 38 82 60 54 42 69 71 55 39 21 36 34 2 74 85 2 16 77 59 5 27 53 4 25 26 23 84 82 94 44
53 42 99 26 82 80 95 33 87 94 93 86 6 89 39 90 50 91 53 5 74 70 84 50 60 44 31 35 97 34 68 94 31 12 14 55 36 89 5 45 69 95 62 39 30 57 66 45 40 66 58 91 9 57 10 88 56
30 97 40 28 1 12 53 33 55 65 91 87 39 83 27 83 90 72 26 61 88 0 4 24 0 90 37 27 37 97 58 96 52 65 25 89 35 51 90 13 70 52 4 5 63 91 92 36 45 38 3 77 36 57 43 20 8
92 68 3 33 75 86 18 77 1 57 63 52 40 64 70 42 69 82 31 74 6 42 31 69 72 41 25 26 18 28 22 1 81 78 56 50 54 31 89 23 53 62 67 73 14 39 57 43 86 28 31 41 30 49 82 49 30
55 68 10 74 83 61 36 98 46 31 99 40 90 79 29 1 37 5 96 99 34 31 39 70 23 100 35 27 95 8 2 95 62 93 46 44 5 63 26 99 76 98 32 36 10 50 21 77 89 82 23 84 8 71 44 69 54
65 26 29 47 41 68 19 10 83 53 0 99 32 93 81 20 95 86 95 40 87 57 92 42 31 81 25 22 20 66 93 8 89 92 93 68 21 46 14 31 58 79 2 52 52 62 29 89 13 9 31 70 30 94 40 30 92
9 2 70 33 94 40 89 28 35 77 53 91 46 83 34 42 15 68 85 97 84 46 31 94 90 5 99 89 54 92 94 0 2 74 44 31 48 21 38 60 33 33 11 74 26 3 52 14 21 90 52 51 45 34 25 44 50
77 35 12 60 77 51 24 62 91 94 25 8 91 3 35 94 33 85 31 25 63 5 54 60 79 27 96 74 59 73 7 18 44 68 6 89 21 53 91 89 21 27 97 7 2 98 47 50 39 49 76 54 31 44 65 61 85
68 58 74 94 87 90 78 96 12 83 96 64 25 40 21 34 70 48 88 13 37 39 42 73 71 45 32 83 88 58 33 41 22 47 15 17 12 86 13 7 14 48 5 76 23 92 60 4 12 57 42 48 73 10 92 99 46
22 20 89 67 47 46 20 37 98 10 59 100 71 28 8 40 34 76 78 57 80 90 91 6 72 59 25 38 95 81 73 30 34 53 5 51 95 72 31 64 97 60 35 64 65 98 86 85 86 87 96 98 90 8 34 23 90
19 13 30 95 22 17 44 82 76 98 26 86 3 31 24 17 62 8 59 93 69 71 15 2 81 32 30 4 48 48 67 68 4 78 86 25 14 73 23 39 90 66 37 64 84 35 75 30 35 27 97 88 50 19 79 90 93
52 87 100 43 96 74 19 7 25 9 57 45 63 20 85 3 53 13 45 12 26 90 4 53 56 36 17 87 32 23 1 76 19 90 4 24 13 4 15 99 50 44 88 66 86 5 75 84 81 69 81 42 100 41 59 68 11
