45 11 5 17 45 43 45 75 4 86 53 61 3 76 52 57 61 86 83 74 71 29 50 23 8 91 18 24 35 35 86 7 61 62 79 64 4 60 83 61 43 10 30 43 16 95 43 78 51 77 32 54 60 75 16 3 74 99
72 72 89 16 16 96 0 16 12 96 90 80 41 98 49 32 44 59 36 19 45 2 50 19 92 12 78 25 79 93 30 22 8 56 90 12 75 25 97 15 54 29 78 23 76 46 4 56 12 91 72 64 78 63 61 37 6 40
82 45 73 65 84 89 85 72 93 97 96 67 38 48 21 75 80 96 97 60 54 4 30 11 90 35 71 99 85 30 75 64 33 64 73 90 59 70 37 70 78 6 55 72 25 84 78 100 40 5 85 41 27 41 66 68 11 82
98 60 32 64 20 75 90 87 80 28 21 45 52 41 10 52 23 97 83 53 88 71 64 24 45 87 33 99 69 29 11 58 21 7 3 60 27 44 55 12 42 55 62 38 3 9 78 63 28 29 48 10 90 44 7 62 80 43
67 82 5 77 87 30 89 45 93 24 38 61 65 86 9 6 29 21 11 27 1 72 73 27 10 45 37 60 73 12 30 2 3 14 62 37 100 65 81 10 1 10 76 55 35 78 21 0 4 35 57 38 20 19 58 91 17 0
23 79 40 90 99 81 18 7 96 0 22 3 73 35 5 78 18 14 100 65 17 65 19 33 2 77 17 59 8 98 93 29 82 68 67 14 47 52 22 31 34 46 50 19 100 86 91 88 26 56 10 53 59 15 26 19 1 47
13 77 97 100 27 35 31 19 27 40 46 95 82 65 30 93 44 83 56 14 62 24 28 48 4 36 8 1 80 15 53 92 11 74 84 83 90 78 6 58 70 87 55 58 52 11 7 7 49 36 56 49 20 18 98 81 48 69
92 19 6 65 70 61 36 15 14 74 94 78 0 9 24 9 65 75 14 82 14 10 40 59 31 28 10 8 69 10 68 71 50 99 14 48 6 26 90 49 98 16 65 9 21 76 28 84 9 42 94 46 73 18 24 83 67 90
81 16 66 2 68 28 27 80 35 6 60 52 26 98 95 31 56 100 60 57 68 92 3 64 61 90 5 55 40 77 23 69 34 93 33 88 60 55 10 40 10 73 53 80 89 21 82 69 48 17 46 89 5 46 95 2 25 27
64 0 42 8 22 79 45 34 41 7 32 63 30 57 81 64 83 64 30 74 70 54 6 74 2 67 97 0 15 57 70 23 63 58 54 27 96 56 19 72 82 37 97 58 30 75 70 44 37 32 45 36 64 30 77 12 12 62
87 12 73 8 46 75 64 48 49 77 64 42 32 93 11 16 19 5 76 37 82 53 78 67 43 0 58 4 8 40 56 90 10 78 0 0 23 81 81 9 22 88 11 60 56 85 22 80 23 17 70 91 14 55 32 83 57 34
17 8 32 81 5 98 0 2 24 75 20 93 20 64 85 94 86 70 27 14 4 26 32 31 21 42 26 15 10 82 99 35 88 47 48 13 54 4 33 84 41 38 5 14 37 96 64 27 78 18 2 2 53 63 53 97 45 77
82 54 0 43 63 40 6 78 56 29 64 15 19 21 51 74 57 97 74 20 57 91 66 75 97 73 76 59 40 79 56 29 24 35 40 17 29 85 4 16 18 98 73 53 23 59 13 70 17 9 90 73 96 82 83 77 58 66
88 48 36 98 44 99 30 45 4 87 54 18 62 4 18 30 71 49 59 40 38 70 22 61 24 40 32 41 50 80 86 1 46 6 19 38 39 38 47 95 27 75 87 93 80 7 17 42 31 69 8 61 56 67 34 22 11 80
72 21 11 43 76 51 93 18 68 5 95 89 28 17 92 92 35 77 96 12 29 93 37 94 91 24 99 69 31 3 36 89 79 31 28 73 17 44 49 9 3 19 54 58 44 74 13 97 26 86 98 68 58 57 74 86 47 44
26 71 14 24 40 25 14 63 22 65 97 91 97 34 91 27 66 89 52 16 32 76 45 3 50 82 68 75 43 24 99 28 6 99 43 14 56 37 15 71 58 96 68 32 46 37 98 33 37 9 83 14 27 70 21 66 16 41
93 80 29 21 65 100 90 49 73 3 75 16 79 57 36 26 93 66 85 53 63 47 54 17 99 88 17 55 81 38 7 87 9 5 53 13 64 55 84 96 21 76 28 0 28 52 57 1 42 58 67 62 46 12 77 7 4 48
49 78 74 89 61 34 60 77 44 19 43 80 82 60 30 98 74 23 97 87 64 30 68 63 31 85 74 75 49 91 52 25 64 42 95 38 79 44 21 40 74 3 63 81 63 99 34 29 23 18 21 14 9 97 63 56 64 71
61 4 23 5 84 4 69 8 89 53 8 97 49 63 17 62 99 9 84 78 0 44 44 27 82 94 61 82 49 24 48 100 10 47 28 98 94 50 63 91 66 94 15 48 56 71 48 3 6 1 1 48 22 1 42 59 27 2
36 16 73 7 93 68 40 58 36 73 45 77 67 69 40 56 44 60 62 61 91 13 62 45 42 36 90 99 98 69 0 8 81 84 77 24 91 84 99 58 88 29 46 78 22 42 33 32 16 27 29 38 47 79 44 70 70 66
89 93 92 24 87 84 35 89 12 5 26 0 8 0 86 68 58 76 26 0 26 72 84 45 18 63 61 11 40 94 77 44 48 21 52 19 16 67 97 84 31 7 58 36 6 69 67 45 96 49 5 17 57 1 28 28 90 3
74 87 82 13 97 74 94 76 56 93 56 69 18 82 13 78 19 37 28 71 5 88 9 54 16 64 17 60 50 18 93 54 26 54 31 47 30 16 26 97 84 20 28 93 3 67 9 89 53 0 3 22 1 57 61 0 32 93
2 48 13 76 94 68 76 80 98 31 53 84 10 5 19 80 57 61 24 91 98 24 74 67 3 87 97 53 29 93 34 61 43 51 50 2 71 98 86 75 8 82 21 4 48 57 57 45 55 49 56 11 87 24 77 24 31 5
13 100 64 82 71 0 34 14 44 74 26 41 52 42 40 75 79 22 63 45 14 47 44 92 39 22 61 50 44 12 23 20 37 26 20 69 63 11 9 14 76 67 93 30 3 49 55 34 19 47 6 47 83 20 71 6 94 96
74 81 73 28 91 10 28 30 13 52 35 61 38 70 66 97 14 57 72 15 88 93 63 97 33 42 11 93 3 3 60 19 80 81 46 54 6 8 51 90 96 80 58 11 9 47 12 83 28 99 65 84 51 19 0 16 79 30
49 72 20 86 60 99 40 97 15 51 47 12 56 53 29 90 34 58 74 9 89 38 29 38 31 89 86 77 46 39 49 69 70 51 28 52 8 57 0 25 61 32 82 58 61 6 82 24 93 79 65 83 55 83 14 54 27 25
29 52 49 44 61 16 12 27 78 9 60 12 68 46 89 8 73 31 60 81 75 66 32 75 65 37 91 3 66 11 79 31 50 28 55 66 79 30 36 46 78 51 89 12 66 52 73 77 21 66 12 88 51 49 24 41 43 13
47 10 16 16 7 57 99 18 56 36 3 89 57 4 10 28 8 1 29 77 17 79 96 38 38 41 96 66 38 29 91 77 15 9 51 45 9 4 51 45 71 45 23 28 50 20 42 89 47 72 33 76 71 99 7 13 18 14
5 44 18 16 4 64 61 90 29 69 84 39 5 54 23 22 95 39 70 11 62 48 79 45 91 50 46 73 16 16 5 56 92 41 50 83 16 52 66 65 4 54 95 38 17 16 67 0 73 82 34 45 64 67 78 21 33 48
59 85 61 9 20 45 38 66 100 73 74 40 5 58 19 93 33 54 6 24 35 89 40 68 65 79 88 2 62 37 91 17 39 28 10 32 31 0 38 51 47 75 1 3 53 65 98 29 37 71 86 45 18 33 55 23 52 50
58 22 97 76 80 55 29 61 12 20 19 46 80 17 12 58 8 30 36 39 80 18 45 7 13 84 87 58 32 18 14 38 95 72 3 87 77 7 13 0 12 100 2 29 69 13 6 88 55 45 82 67 65 39 94 36 97 71
12 90 18 84 27 87 15 27 9 56 95 84 43 69 97 52 94 47 60 30 9 61 77 17 3 27 97 29 90 23 50 60 44 63 50 45 28 23 73 85 90 59 77 61 77 98 67 17 47 92 38 92 55 52 8 86 73 35
59 70 92 55 90 43 54 35 9 43 33 54 1 30 28 5 31 70 89 51 99 82 82 49 11 50 89 91 61 65 63 87 30 20 26 69 94 5 24 60 18 16 43 10 78 17 57 4 71 5 3 44 78 63 37 12 79 5
40 33 59 83 57 26 72 97 0 43 6 1 25 91 52 5 66 78 73 14 41 6 82 79 8 75 2 34 77 91 3 40 4 93 89 91 69 51 28 78 10 58 5 17 14 33 14 69 42 76 0 22 1 7 70 58 9 44
1 79 37 20 85 45 37 68 45 37 7 56 93 74 22 17 22 31 72 28 40 20 4 12 77 87 45 58 73 71 89 82 80 6 53 56 33 67 19 55 92 6 10 68 10 15 13 96 20 51 99 65 64 40 24 82 94 29
20 92 9 10 37 72 79 71 81 36 70 14 87 90 74 28 91 71 74 81 40 47 23 21 62 17 47 67 33 84 92 83 53 23 98 97 91 77 34 50 69 55 11 91 27 86 62 50 62 33 80 45 68 20 62 30 35 55
25 30 83 31 74 21 65 90 80 44 70 87 57 38 100 82 69 31 34 25 95 27 69 6 78 10 85 60 65 19 61 70 91 13 38 13 10 0 84 18 52 19 14 49 88 8 43 18 2 54 14 79 65 42 49 44 47 69
4 62 70 9 49 99 65 47 4 56 35 14 69 31 60 40 17 15 43 92 48 94 61 28 74 10 35 25 87 93 7 29 67 67 43 16 59 53 70 34 38 76 9 82 16 41 32 76 1 53 50 0 53 84 41 47 47 71
40 22 9 73 96 3 51 68 36 44 66 13 20 67 26 51 51 90 57 4 22 33 7 4 97 0 85 30 84 15 8 94 4 45 84 73 75 85 2 57 9 34 81 63 15 99 5 30 76 94 0 91 81 49 32 90 50 72
31 42 56 82 79 18 50 47 49 71 53 44 2 79 13 3 16 82 58 25 81 31 44 77 98 65 74 23 40 3 28 57 64 95 87 31 11 8 61 95 49 18 5 44 18 59 38 32 73 75 63 46 72 2 27 12 57 22
79 46 89 0 67 34 63 100 71 69 1 15 0 60 85 15 53 21 48 27 91 63 94 99 19 28 22 73 19 17 28 29 83 96 35 6 22 27 17 88 53 82 61 52 71 54 4 64 18 86 60 39 47 10 85 30 53 76
50 90 55 35 20 37 99 78 63 49 100 58 22 75 81 8 32 75 3 56 3 77 53 79 44 0 7 54 45 39 47 52 5 45 78 73 2 36 100 80 56 7 91 91 98 84 21 16 79 13 20 54 47 54 58 79 45 42
34 44 77 28 93 59 60 23 42 1 16 24 4 36 69 48 78 24 68 92 71 36 33 31 44 1 43 1 62 2 100 58 62 56 28 32 88 75 33 24 7 79 43 50 25 96 69 5 17 59 72 91 35 79 95 42 57 51
13 36 56 84 9 40 13 73 11 96 88 1 9 97 81 40 4 43 11 72 91 97 51 20 96 15 92 65 40 31 18 25 82 49 45 36 2 55 83 26 65 44 44 21 13 13 38 33 53 80 36 1 62 1 29 99 10 15
27 36 42 84 43 56 7 20 22 1 75 86 93 20 40 76 62 25 16 12 60 48 99 49 25 44 36 86 26 38 64 70 41 51 90 38 64 83 93 92 88 53 66 49 53 10 2 19 43 47 35 7 79 94 5 7 11 9
10 96 48 38 36 34 45 51 26 84 32 10 86 40 100 77 9 98 27 46 18 78 22 49 42 2 66 42 59 23 52 68 48 88 50 34 38 83 23 24 25 17 74 25 35 49 22 75 44 7 13 1 41 9 70 98 36 50
14 36 78 59 25 73 56 62 67 73 15 52 12 21 93 53 83 73 5 22 36 47 100 11 61 7 36 6 4 18 99 3 28 13 16 62 6 5 8 68 22 1 6 61 60 42 40 14 9 14 77 31 5 84 6 27 15 61
95 63 82 42 90 81 3 82 83 85 14 85 86 27 52 92 52 90 35 22 99 82 98 52 97 13 18 22 79 46 10 55 65 58 60 0 2 11 5 77 38 67 59 94 47 0 87 51 39 68 10 48 5 9 18 15 51 19
49 59 55 90 50 49 5 95 64 34 63 22 33 96 74 10 57 33 21 83 20 76 26 75 44 84 95 76 65 85 98 29 11 26 89 38 64 45 46 29 71 15 9 16 91 49 59 100 31 40 61 64 71 71 9 74 84 59
9 40 54 99 93 97 20 1 34 39 15 39 65 8 6 26 86 73 98 96 69 2 8 45 0 98 3 100 31 60 54 70 54 22 35 73 64 15 99 72 36 58 25 26 42 54 96 35 63 94 3 25 49 41 28 59 56 95
86 50 9 78 19 69 18 83 40 67 78 54 3 21 74 28 52 79 80 47 50 71 79 85 55 7 80 60 17 91 74 73 92 12 13 44 87 94 52 59 36 21 50 23 1 32 15 86 4 43 4 27 23 4 69 84 2 82
92 75 5 23 74 28 55 15 66 66 26 84 23 91 51 23 83 57 79 33 42 49 47 58 16 25 18 65 86 55 36 79 42 62 13 88 59 58 97 75 63 29 86 86 47 65 82 84 56 44 25 74 53 10 56 28 52 67
16 97 91 82 29 95 37 61 67 27 39 53 61 44 76 3 84 64 11 62 92 40 76 20 15 89 48 0 37 68 96 52 44 14 24 57 75 80 28 80 6 62 33 57 44 23 11 6 71 81 66 73 43 60 46 11 20 18
75 41 77 7 45 31 70 83 83 40 90 24 59 99 93 13 78 19 97 89 33 31 59 18 52 9 31 72 4 13 43 61 3 77 18 93 90 58 64 92 87 97 79 27 66 30 83 74 43 60 70 41 51 85 39 59 84 94
29 36 90 60 76 45 34 91 68 82 51 80 39 22 83 94 46 89 48 41 6 65 37 36 11 1 65 17 9 24 40 54 69 95 2 21 21 76 8 39 41 97 60 84 62 89 49 18 31 6 37 15 26 48 98 15 91 80
66 93 34 65 73 59 77 22 54 86 17 66 63 20 43 72 61 55 59 55 7 66 64 95 23 62 34 73 28 6 95 82 48 96 65 88 27 32 90 25 34 2 34 17 63 83 87 88 39 2 52 69 41 26 23 69 29 8
25 19 50 39 5 34 53 37 66 81 54 9 91 47 57 55 39 51 82 65 55 86 88 7 20 90 43 55 31 49 74 96 87 53 2 97 16 85 68 47 49 16 70 6 41 9 79 70 31 24 7 88 78 30 12 35 89 100
57 82 61 21 25 95 60 68 91 93 93 35 28 46 33 77 23 27 7 85 80 61 71 30 98 5 18 61 43 96 27 49 11 39 46 85 14 100 70 91 46 77 45 92 65 86 47 67 62 30 67 100 77 41 62 100 91 79
