71 8 99 78 1 96 99 89 51 0 74 13 50 76 4 96 63 100 35 78 42 50 54 6 28 69 42 16 80 21 41 42 9 75 11 56 97 4 17 65 73 24 18 42 20 46 20 86 32 100 93 43 98 37 51 14 50 68 9 57 77 90 6 31 4 11
42 2 34 96 14 25 52 3 43 29 69 51 38 5 65 24 70 35 25 11 56 51 30 31 32 65 28 87 85 43 97 14 45 65 83 83 2 96 30 15 32 61 72 23 8 9 33 0 51 8 96 9 45 74 76 85 74 18 84 7 16 70 96 72 100 95
16 46 3 30 48 11 85 66 52 26 52 26 99 57 93 92 35 54 3 74 30 41 68 79 52 43 92 65 21 3 89 41 64 7 58 61 27 72 60 16 99 53 69 92 16 46 93 93 100 64 41 59 88 34 75 47 0 78 22 2 43 64 27 38 91 1
87 66 22 35 84 34 35 64 63 20 7 42 91 48 61 100 89 12 49 16 53 2 50 57 1 21 17 42 94 80 57 38 90 99 67 32 88 10 25 37 61 73 69 52 23 54 35 58 15 89 42 70 23 6 87 55 51 97 31 28 18 58 80 34 1 46
98 35 83 24 58 3 55 32 53 98 32 57 60 82 100 51 75 52 58 52 81 9 84 57 85 25 73 22 97 90 23 0 35 52 82 79 17 77 77 85 81 92 70 19 53 25 31 100 23 100 90 88 89 70 84 85 56 95 52 31 1 74 80 59 58 60
0 25 61 86 83 54 66 65 45 85 2 49 25 14 0 100 90 0 33 99 60 47 11 6 31 55 61 31 47 13 100 65 86 33 96 43 68 86 69 54 85 88 3 6 7 67 57 14 90 99 39 63 15 66 7 23 51 21 0 64 7 13 36 44 83 80
7 99 33 68 85 77 72 41 91 2 0 1 52 0 54 89 0 53 3 84 8 73 70 43 21 51 26 50 64 30 77 43 59 62 34 89 33 93 89 50 5 38 80 99 32 45 35 68 85 72 13 65 97 89 58 9 87 56 26 94 41 69 61 51 41 71
6 62 22 76 65 83 89 28 73 7 27 38 22 36 19 81 12 76 94 69 59 29 52 71 78 49 20 72 55 43 4 100 38 98 59 55 12 72 22 48 9 64 6 27 19 76 13 22 84 32 86 81 92 38 50 21 70 75 21 76 86 49 49 86 74 67
30 60 25 83 23 0 96 25 46 40 50 80 95 64 60 6 30 80 22 49 77 92 3 8 27 78 57 80 74 54 87 23 96 76 58 2 49 35 47 57 91 38 34 7 79 71 54 37 86 41 58 23 17 36 24 12 86 9 59 9 80 93 94 52 60 31
84 45 19 44 78 13 19 41 4 89 62 74 66 7 3 46 47 26 59 61 85 83 80 79 69 21 7 26 83 4 26 21 50 65 18 30 4 0 8 66 80 41 31 7 87 89 99 34 42 61 70 0 14 73 13 52 12 24 50 26 89 46 19 73 15 31
67 76 44 73 26 75 41 7 18 11 75 73 54 51 27 2 11 18 0 88 99 52 14 38 37 70 92 42 70 67 69 97 61 64 17 36 96 91 23 72 4 94 54 62 8 10 70 83 46 47 43 5 72 68 63 30 81 52 32 11 24 43 38 92 61 28
41 0 25 32 51 85 46 61 97 92 41 83 86 42 84 14 62 10 33 30 22 10 60 61 27 81 97 0 51 57 100 63 35 5 7 73 27 59 46 38 34 60 59 48 2 17 12 77 62 93 76 82 89 2 29 96 36 96 32 75 9 63 61 99 6 34
93 21 95 52 3 27 46 31 98 99 13 0 72 13 38 87 85 14 47 28 73 49 92 42 53 15 19 36 76 89 14 46 9 78 93 50 94 50 17 20 27 86 64 82 86 54 79 95 64 87 13 68 15 0 85 15 48 54 57 29 56 58 52 93 83 56
79 95 77 56 99 99 47 87 44 59 7 69 24 32 18 0 75 31 5 100 71 56 12 34 6 63 20 98 90 71 45 65 93 93 76 62 18 63 3 59 83 8 49 46 43 4 92 3 4 66 30 78 93 14 11 29 95 60 19 9 65 89 73 30 89 44
60 46 87 61 23 54 29 44 90 41 50 15 31 42 84 49 76 86 17 65 68 40 63 52 73 65 94 60 30 9 62 6 65 66 9 73 96 50 1 37 56 51 31 24 29 97 85 19 50 16 70 20 5 73 93 26 96 27 65 100 43 32 82 19 63 73
26 52 9 83 18 45 55 17 45 79 84 18 44 45 78 12 87 28 47 77 56 99 29 19 73 27 83 64 88 68 92 85 82 69 14 81 47 45 94 94 25 24 12 19 30 58 88 97 5 29 90 26 63 100 43 43 9 14 16 43 86 0 41 32 84 64
96 12 1 13 95 20 20 34 93 86 16 11 32 56 31 37 69 39 10 1 54 80 29 74 97 2 70 42 38 99 63 3 37 31 86 97 39 2 96 83 80 75 85 84 42 35 9 82 75 71 86 22 7 38 27 21 84 97 31 95 58 24 14 20 28 44
12 22 48 75 1 50 87 66 45 45 46 61 63 26 15 55 86 16 52 3 18 90 14 97 18 79 14 57 66 10 46 60 64 74 79 21 91 87 5 21 75 3 51 26 50 67 73 72 15 92 90 50 68 20 20 53 9 48 55 19 1 84 37 87 6 66
74 96 74 51 58 47 12 61 38 41 51 39 18 58 16 64 46 86 72 49 96 85 73 90 23 76 66 0 48 62 0 68 69 5 68 28 44 33 14 3 33 89 82 37 84 29 65 69 97 96 4 81 44 42 62 46 17 96 42 17 69 87 76 96 83 68
10 58 94 15 7 91 87 10 44 62 42 2 34 25 55 94 30 2 97 76 6 42 55 74 51 17 89 76 88 62 57 18 56 2 60 99 90 46 54 20 52 71 57 90 14 98 54 54 92 90 54 99 78 79 5 40 100 79 100 37 63 12 71 49 79 31
56 72 10 98 97 62 62 58 24 0 99 63 68 18 33 59 6 69 18 40 16 5 99 91 95 97 39 19 76 39 83 58 59 38 55 73 11 95 7 39 90 39 33 6 54 73 4 56 0 67 96 35 94 64 33 81 22 25 31 64 42 94 8 8 19 45
7 57 49 42 25 97 72 38 62 9 31 54 39 63 57 89 40 59 15 83 66 69 34 63 19 66 10 69 79 93 18 76 96 42 47 60 44 11 3 58 72 3 67 19 37 23 17 3 95 100 35 50 23 71 91 94 99 68 70 65 23 87 57 23 9 95
50 48 29 51 25 74 69 24 2 79 92 57 1 67 14 67 97 43 11 88 11 11 2 6 99 67 36 74 26 63 69 42 95 44 23 93 61 46 47 26 44 52 38 84 68 76 76 39 93 23 86 97 53 7 80 29 18 78 87 9 30 93 27 4 81 73
42 64 33 34 51 3 85 61 80 65 87 27 6 9 70 86 73 6 65 16 82 50 22 85 16 52 27 3 38 57 7 88 65 3 74 99 14 86 58 42 40 94 69 59 86 88 21 86 98 51 82 99 16 17 43 42 40 12 29 53 21 3 27 8 3 33
67 82 85 60 18 46 36 80 58 54 63 12 74 72 70 86 43 13 37 83 94 47 43 44 65 24 87 59 34 70 41 62 10 32 34 97 25 16 86 43 67 89 69 36 31 65 99 62 14 76 70 57 94 94 89 97 7 93 3 42 55 48 89 28 37 48
28 75 95 80 99 27 34 89 70 46 69 31 59 25 68 84 98 33 42 15 74 72 6 55 46 53 72 30 39 66 28 75 96 72 93 73 83 87 86 30 57 65 39 66 92 12 87 16 95 9 42 36 19 70 12 92 88 45 42 27 41 7 52 10 38 91
45 34 53 92 55 1 65 17 66 94 13 96 43 33 83 42 96 50 25 29 44 21 63 10 29 37 5 76 88 98 53 88 31 27 87 88 23 89 71 93 0 29 77 30 82 98 96 26 97 26 98 74 61 28 53 40 63 66 28 88 13 15 55 13 1 90
6 8 52 3 71 35 61 54 16 48 59 1 30 54 32 68 24 17 63 0 96 74 75 18 33 39 24 46 79 92 96 94 47 25 24 5 85 51 20 53 48 1 67 73 65 84 5 24 5 30 1 93 48 84 70 77 16 3 93 59 69 2 50 65 55 79
34 60 12 30 81 55 16 74 67 38 88 5 33 56 25 48 63 83 89 63 67 32 87 28 18 0 20 43 33 58 52 89 76 22 79 9 42 49 35 28 76 17 27 55 76 56 5 1 68 88 29 80 16 42 82 82 55 28 84 97 41 11 93 66 58 26
40 16 0 63 82 33 22 49 48 72 30 86 16 2 94 39 27 85 66 46 94 62 82 70 59 87 19 75 25 15 95 1 49 86 17 43 100 84 74 69 57 46 30 50 22 42 18 4 9 78 79 66 15 51 30 100 93 55 57 9 71 53 37 63 54 69
34 34 90 47 16 38 59 63 8 66 68 96 29 76 68 72 62 77 38 29 46 11 63 39 9 11 28 84 1 11 42 12 2 28 49 75 31 94 14 13 18 38 85 78 83 78 15 53 97 90 83 36 82 60 80 96 7 81 91 61 94 47 79 69 62 67
66 5 82 19 67 41 86 97 51 10 13 8 57 15 9 69 64 11 9 84 55 35 28 9 32 37 53 45 39 33 18 85 27 35 20 27 83 88 15 87 47 68 55 31 64 69 80 4 80 38 66 25 11 26 26 7 25 49 71 57 48 51 45 55 84 43
60 74 13 87 47 33 98 91 11 25 73 55 26 36 25 56 58 38 34 93 49 24 12 56 22 100 77 89 95 13 87 65 11 59 22 32 61 8 24 34 40 80 50 25 98 19 72 76 22 81 17 92 16 26 90 56 68 17 96 49 5 15 40 36 88 34
60 16 18 36 25 22 36 35 99 91 28 33 72 80 14 22 54 91 90 46 48 59 21 81 66 66 71 60 70 71 53 41 24 35 91 2 69 75 45 52 60 87 95 45 69 96 77 70 45 67 78 90 39 82 7 90 34 50 32 77 25 88 34 45 60 42
24 30 30 81 57 79 58 25 58 31 51 27 89 35 79 8 76 35 36 91 22 100 81 95 44 16 68 93 3 21 76 61 6 15 80 56 33 34 90 26 37 44 88 55 21 72 38 7 67 40 76 2 21 19 41 6 98 42 34 93 0 88 88 47 34 2
38 91 67 70 6 14 54 86 35 39 4 25 10 16 81 81 6 90 51 62 59 43 73 85 75 5 73 46 29 51 54 53 90 29 91 74 35 3 96 16 79 85 72 18 37 34 22 56 51 21 79 86 53 87 4 92 89 55 33 65 37 1 98 71 44 9
35 17 63 98 15 50 94 46 63 29 65 76 70 87 95 68 30 43 36 37 89 96 64 37 6 85 73 77 6 23 94 63 30 75 77 37 22 82 37 6 82 38 55 10 72 9 48 52 94 54 85 12 36 64 72 81 11 89 49 81 73 84 34 80 54 73
62 10 99 47 18 82 72 66 67 46 86 31 81 50 9 16 86 61 92 20 46 72 56 33 100 68 10 75 89 36 19 71 61 64 72 82 86 55 23 47 93 3 21 45 26 51 2 28 36 27 44 34 5 56 11 94 64 93 99 17 71 45 20 69 46 87
79 65 30 88 43 31 39 56 85 26 49 84 75 90 54 82 33 67 32 91 23 62 89 97 7 25 54 77 17 9 7 73 51 3 87 25 69 70 22 53 69 68 14 27 4 60 77 95 92 37 7 14 23 78 100 19 80 86 56 55 9 16 85 38 62 96
94 10 7 54 98 63 31 85 1 4 98 72 19 15 82 40 36 43 65 29 20 96 85 13 5 10 20 16 2 71 84 52 68 86 43 34 91 44 91 40 100 63 2 44 83 34 74 70 74 71 49 57 14 54 81 12 13 64 47 7 66 30 47 43 15 10
23 13 100 26 42 86 83 95 66 52 38 38 70 3 67 34 89 94 87 65 21 51 56 34 0 73 16 92 39 8 74 10 9 45 78 63 17 42 71 50 82 40 63 85 6 88 36 74 21 73 36 2 11 62 39 87 26 8 64 65 61 37 89 47 60 66
1 65 41 80 51 9 4 71 64 6 12 91 10 27 54 73 86 53 29 65 23 24 74 54 46 18 45 87 18 83 47 69 12 25 17 85 46 55 23 93 64 55 89 35 91 45 75 81 3 11 26 94 26 74 75 3 20 31 91 25 67 34 60 4 7 72
27 68 35 81 34 58 4 51 15 77 97 41 70 65 87 67 16 49 58 49 37 67 13 70 27 67 75 3 58 53 6 34 18 62 97 65 96 11 0 75 36 37 90 71 4 64 1 40 26 89 30 4 57 30 8 50 75 32 20 1 93 89 48 63 42 99
2 23 6 71 32 100 0 70 75 22 59 92 18 11 52 61 83 14 30 23 51 9 33 94 25 82 9 67 31 96 19 97 57 1 24 26 31 19 9 27 36 25 30 82 100 84 1 46 97 64 93 57 5 68 74 88 36 43 100 53 57 85 57 59 80 52
10 39 1 33 71 100 46 96 35 35 46 78 78 57 53 46 68 78 20 68 17 89 69 54 66 30 93 79 55 92 8 98 59 82 55 26 75 26 0 89 66 15 4 94 61 53 34 10 75 65 0 31 63 94 28 71 69 94 53 59 17 35 45 32 69 33
31 61 8 7 43 86 37 4 66 44 80 88 52 26 81 73 100 25 29 66 94 1 65 20 62 50 90 17 11 79 99 20 37 72 5 90 60 19 49 69 75 15 9 0 31 9 0 78 90 11 35 35 86 56 68 76 19 50 0 70 52 60 88 0 26 16
99 78 64 0 26 34 60 49 94 41 83 11 12 7 38 71 38 62 79 18 86 81 59 57 81 34 13 89 62 77 44 47 80 89 69 2 5 36 86 67 55 76 80 42 21 23 45 39 26 55 46 72 86 44 52 36 71 72 4 37 71 86 52 33 55 76
81 45 91 72 32 44 10 43 85 42 2 52 77 71 28 30 65 66 54 91 78 31 66 3 61 15 26 53 92 13 38 75 74 89 9 81 33 76 3 91 33 65 61 40 33 9 40 10 42 67 51 34 60 3 45 98 76 47 65 63 47 17 41 89 42 31
16 41 52 11 86 98 24 75 54 54 3 4 26 26 40 26 39 61 86 73 49 42 11 58 56 39 85 30 88 14 76 67 91 85 75 16 1 30 64 13 78 7 47 18 63 83 6 35 23 35 31 4 88 51 30 32 57 19 52 74 56 99 30 45 77 55
98 50 76 82 45 3 82 100 68 5 5 8 35 56 39 27 63 71 9 18 59 73 79 51 35 40 70 40 56 42 59 65 45 4 80 85 99 43 31 24 55 14 37 41 36 35 36 7 73 35 32 85 54 88 80 55 9 96 71 35 100 54 50 19 51 13
25 94 21 29 77 19 98 3 79 16 7 48 34 68 20 82 83 7 16 92 65 0 8 48 32 10 31 53 89 81 76 44 4 10 32 71 66 84 81 43 78 6 44 55 34 70 31 10 4 24 28 91 28 70 16 47 5 13 3 54 10 61 70 62 90 100
45 5 25 71 37 46 59 97 69 69 63 47 84 98 10 95 72 79 21 100 57 23 81 98 69 13 68 2 49 70 18 55 67 94 71 39 92 57 55 66 78 18 63 27 36 32 97 66 63 16 15 28 60 52 83 85 53 38 74 59 11 18 32 39 90 31
15 29 79 35 90 90 95 68 56 84 91 0 13 89 5 42 78 88 26 45 22 53 50 54 86 59 44 20 54 51 65 7 57 5 60 59 29 43 26 19 90 77 100 68 74 50 41 54 33 88 59 5 14 17 51 94 25 76 65 57 77 63 72 88 96 34
73 74 79 82 26 23 60 73 2 8 98 71 83 51 83 73 3 59 95 29 23 65 58 39 46 6 29 100 98 74 7 89 8 66 39 52 80 6 79 55 63 60 40 65 97 54 27 28 22 89 22 18 89 56 88 91 26 46 67 43 2 64 83 58 6 22
7 100 23 51 62 16 42 76 51 87 77 83 63 6 80 14 67 66 28 55 58 43 54 21 59 24 6 89 73 53 95 62 61 76 54 91 52 91 37 62 0 13 64 89 43 27 34 92 93 34 72 66 29 85 31 83 96 2 47 50 41 19 79 64 4 90
63 34 94 36 64 38 92 17 28 23 29 19 81 64 0 62 97 56 72 60 92 12 10 75 80 43 42 8 55 20 16 80 20 37 39 44 6 74 36 27 30 12 29 6 42 19 45 32 76 42 55 62 43 68 8 69 33 16 16 87 4 23 0 66 77 76
86 73 52 29 89 53 29 31 42 53 65 22 60 13 96 85 21 74 29 0 36 68 7 10 18 41 39 69 27 15 25 37 25 87 88 62 50 94 5 25 16 67 38 74 53 79 90 81 11 95 66 98 14 20 91 69 45 60 100 49 100 70 94 26 96 85
85 84 83 47 100 90 48 83 26 54 87 37 40 72 25 4 31 17 59 52 16 64 93 97 54 41 38 40 84 75 41 1 74 45 51 28 9 57 38 33 81 100 80 97 5 86 90 52 93 100 24 12 99 81 22 100 22 13 67 8 93 27 19 33 52 14
69 0 4 92 41 24 82 31 36 33 20 36 76 5 75 42 81 8 13 36 73 49 58 45 68 82 92 92 74 24 97 6 19 10 26 53 3 74 94 41 23 80 31 71 27 75 46 51 39 83 44 25 21 61 33 58 44 5 1 11 86 91 66 89 34 9
8 16 18 49 43 8 97 20 97 16 8 94 76 7 11 53 89 2 99 56 57 29 51 23 47 87 86 54 1 7 63 96 14 5 55 47 58 79 1 82 84 9 89 16 70 37 45 98 71 94 17 14 48 20 35 28 9 100 68 75 21 53 63 77 4 55
77 68 77 53 9 89 36 6 70 53 21 69 20 81 30 90 4 7 85 64 60 26 34 16 23 87 20 61 74 19 12 85 44 32 95 36 38 43 99 0 74 71 25 96 22 95 63 95 18 82 37 25 66 33 50 30 75 0 48 71 78 93 77 44 46 70
42 34 41 23 41 15 55 22 44 51 95 39 98 63 83 93 69 81 68 7 77 84 53 26 76 94 24 10 0 64 82 42 39 81 7 86 99 60 50 69 6 36 67 59 20 33 94 69 56 4 75 38 78 69 0 14 9 67 13 54 94 63 88 24 19 60
88 51 25 31 54 21 61 42 82 68 70 30 8 100 44 44 76 47 95 75 62 5 46 54 75 49 21 55 98 67 44 84 76 11 45 94 45 66 13 97 83 37 49 15 92 76 54 87 90 6 7 63 0 89 8 70 95 28 76 9 69 92 54 29 99 29
85 4 36 47 6 23 81 10 86 43 17 31 30 25 6 65 14 0 90 30 16 61 43 87 18 40 5 17 74 34 92 100 3 49 19 24 59 74 22 38 50 91 27 59 85 85 28 34 66 72 27 80 0 84 29 71 61 26 66 95 34 40 26 7 4 62
98 7 19 91 68 43 6 70 83 28 96 83 78 76 21 17 31 64 66 54 7 13 22 43 98 55 65 57 22 44 5 92 27 65 23 64 58 7 56 0 73 22 54 99 32 19 57 99 44 36 22 78 63 2 50 36 36 53 98 76 32 63 31 57 17 76
57 19 26 8 17 90 17 7 31 38 0 94 80 68 93 90 80 19 86 50 56 43 3 57 28 41 84 41 84 32 69 5 82 38 96 7 8 5 17 97 52 11 92 65 86 90 89 6 78 7 5 57 42 69 19 33 89 24 41 63 4 63 49 15 5 21
