23 41 21 65 76 59 13 46 88 15 29 9 52 11 11 95 51 98 24 89 41 51 71 31 10 27 55 77 62 66 13 7 19 14 75 48 6 91 40 8 34 38 84 42 20 48 87 85 46 78 32 18 74 70 65 27 69 27 27 27 2 54 83 40 39 11 61 37
1 43 23 25 50 83 34 76 25 35 72 66 12 98 3 44 91 85 69 10 44 10 49 77 52 6 20 62 29 59 31 72 23 92 25 13 29 35 45 89 28 6 49 27 74 59 3 75 4 34 88 5 41 8 87 63 13 10 87 82 96 94 3 23 67 83 7 33
33 20 9 9 57 24 32 44 53 0 19 24 17 80 60 67 76 21 63 45 7 60 40 18 18 65 73 11 70 41 92 99 91 11 68 68 61 49 38 75 23 66 68 5 34 75 74 89 29 65 54 28 42 27 83 18 46 27 23 59 73 17 90 89 55 0 44 31
49 97 45 8 12 53 10 98 75 95 88 17 80 74 63 97 28 92 89 89 80 68 37 2 76 1 76 86 81 38 75 31 57 63 59 74 30 27 45 89 28 90 88 99 71 77 78 31 37 100 94 27 43 67 97 0 72 47 46 75 79 74 61 6 56 59 80 5
27 100 87 94 93 97 13 68 3 24 79 72 41 85 71 81 81 46 12 40 40 5 65 95 29 47 95 40 42 29 22 53 96 59 57 55 96 49 45 77 76 47 36 65 0 45 32 18 26 3 88 45 62 0 76 83 36 2 47 81 72 55 46 10 16 86 20 63
41 80 48 34 44 95 34 62 61 74 51 70 33 18 81 23 19 63 73 66 85 21 12 44 95 93 86 73 60 2 59 19 49 13 77 30 17 40 69 80 83 12 12 76 38 16 75 48 22 74 30 29 73 44 19 68 27 93 37 71 56 9 86 10 67 78 6 60
92 1 37 23 54 50 9 40 86 0 82 92 79 16 1 58 49 51 37 15 46 24 21 30 88 54 86 81 67 96 37 16 80 52 98 43 28 76 55 56 38 100 11 29 77 98 12 82 67 58 38 83 86 89 79 46 69 7 78 96 66 79 84 48 50 20 56 72
39 23 2 64 37 46 70 91 8 82 90 27 50 10 3 61 83 87 12 33 85 78 21 32 28 69 65 65 55 43 81 5 0 72 30 69 92 9 91 57 78 3 57 57 9 55 36 71 90 69 77 86 39 95 46 11 60 84 99 27 35 79 87 77 33 24 31 79
27 17 35 97 0 55 60 12 67 8 69 48 39 49 36 11 64 62 65 37 25 57 13 35 67 13 48 15 53 53 82 54 11 22 97 93 72 12 82 70 98 61 43 19 20 30 37 60 83 79 62 79 58 68 44 80 97 88 1 35 32 18 32 70 11 53 48 55
15 58 39 49 77 74 82 9 3 63 30 10 87 42 27 3 4 18 58 16 88 29 92 72 76 100 13 5 88 71 0 70 47 92 42 92 32 41 85 41 32 16 19 18 17 87 2 91 66 11 93 55 14 18 61 34 79 15 60 64 16 44 8 60 100 32 23 89
95 97 41 91 71 19 86 54 5 7 82 61 82 82 15 85 66 11 42 64 2 27 14 66 100 12 83 2 53 95 64 60 64 16 81 80 32 31 57 19 38 4 5 8 56 38 42 68 50 28 88 85 53 6 75 78 19 6 30 67 31 5 87 16 37 42 12 91
71 64 99 96 1 40 96 25 47 13 78 98 54 71 66 1 54 54 82 45 69 10 78 42 19 42 98 2 9 68 48 55 63 88 2 85 24 73 42 13 25 63 26 78 90 38 90 21 91 0 69 54 22 76 71 89 12 18 18 31 86 0 64 77 15 1 71 95
96 60 56 36 79 21 29 14 3 27 28 91 83 5 67 40 26 61 13 62 34 77 99 28 88 40 23 43 59 21 7 66 24 94 6 100 91 8 32 80 83 35 40 30 74 78 56 77 57 75 88 13 31 59 48 24 27 34 24 70 98 15 34 96 11 20 48 72
83 9 33 47 28 89 63 83 64 21 7 22 75 33 70 65 41 81 33 91 19 0 69 23 32 59 73 9 89 75 93 94 54 84 26 100 7 6 23 65 89 96 36 76 76 16 26 69 100 83 62 2 5 92 93 16 22 39 10 29 20 56 87 18 43 45 52 80
35 39 54 55 81 60 40 17 52 31 65 83 3 42 60 37 3 43 1 31 86 12 76 96 43 18 67 2 84 86 44 96 59 74 44 54 35 65 18 27 9 69 56 33 90 86 36 38 36 79 67 15 18 61 31 50 38 0 23 36 26 73 3 69 49 55 54 32
4 81 81 91 5 4 85 12 58 60 73 84 33 15 12 89 57 21 50 85 87 92 27 97 18 30 59 43 14 54 57 45 19 84 19 94 60 51 7 72 36 76 35 74 51 85 83 43 63 100 100 58 13 62 57 6 42 22 60 95 15 10 90 94 22 17 41 47
19 92 14 74 67 12 24 66 89 39 1 90 10 31 10 44 39 14 42 14 68 100 61 29 12 1 76 53 14 95 19 14 25 25 16 34 50 20 89 45 20 57 58 29 66 78 70 8 75 63 74 30 12 87 89 14 30 12 80 3 21 58 74 54 76 13 52 75
18 72 31 84 76 13 89 55 65 17 30 26 83 53 58 75 3 2 62 11 56 20 75 32 3 86 39 87 43 37 37 84 64 57 4 43 48 99 66 1 69 35 96 9 54 28 77 2 51 62 11 96 57 55 100 3 23 44 48 72 80 74 60 31 95 91 35 46
80 34 32 50 81 66 53 2 17 37 32 13 88 49 49 22 53 42 51 55 23 21 14 77 3 16 0 6 77 32 96 78 17 25 87 62 62 79 36 86 36 82 83 81 36 11 86 85 43 33 37 7 55 44 67 27 79 5 77 28 85 28 98 81 1 44 36 57
15 68 5 15 16 16 42 3 32 98 33 60 6 3 72 18 81 57 53 18 79 38 77 43 50 85 7 97 70 90 52 30 63 0 23 17 57 24 49 35 75 5 99 54 55 10 29 17 10 8 53 8 64 56 4 37 68 16 10 55 40 40 96 9 8 26 76 57
26 100 0 20 65 47 39 67 100 2 92 51 11 4 93 48 10 64 6 100 72 79 67 18 23 32 14 21 53 51 45 67 56 6 57 60 49 80 62 22 25 35 99 86 87 11 67 24 33 5 61 32 8 9 37 72 89 82 68 18 0 83 77 22 17 68 73 79
100 23 86 87 87 14 34 26 33 67 25 72 86 49 42 82 81 40 46 31 54 71 46 61 42 10 49 72 42 71 6 51 24 87 57 26 77 87 45 45 70 6 99 79 12 0 34 65 66 6 56 30 57 84 18 76 44 89 6 42 31 35 67 34 55 49 78 15
97 92 10 71 71 55 51 9 94 12 45 31 38 8 57 44 5 51 54 10 34 11 100 52 83 39 3 23 29 9 94 41 64 67 99 61 80 81 72 96 75 48 66 50 14 97 76 29 30 9 22 91 65 4 45 92 26 35 2 2 36 18 85 14 1 99 54 53
13 88 86 76 3 32 19 55 86 92 65 34 82 10 77 11 99 20 35 97 81 34 41 65 5 98 43 80 55 83 46 24 39 82 49 63 61 59 36 66 29 32 56 100 97 48 91 31 99 6 99 61 49 21 38 1 36 89 7 56 30 61 67 40 5 9 87 44
46 58 26 51 91 55 70 21 50 45 100 97 86 95 64 58 22 75 38 43 12 31 76 39 37 41 12 38 15 99 55 67 27 34 6 41 46 37 3 79 80 22 63 75 80 54 98 35 18 59 37 67 52 92 49 37 6 85 5 43 67 49 92 6 99 81 79 95
69 72 69 71 85 33 9 5 54 90 67 66 52 53 87 10 43 42 73 92 51 66 84 79 5 44 93 82 35 41 61 48 78 27 23 25 34 50 99 78 79 0 53 49 84 73 60 41 12 72 24 98 22 74 28 62 71 77 99 76 95 53 53 56 95 96 88 25
97 92 35 58 24 75 94 10 1 0 13 93 48 9 55 42 53 22 63 53 51 71 93 92 75 10 74 51 99 22 89 0 71 77 74 31 22 67 93 2 69 68 46 52 92 5 92 46 66 39 59 61 44 21 78 12 41 41 49 47 22 23 48 6 94 46 86 15
39 55 86 90 32 100 48 71 22 83 21 16 56 74 4 4 75 51 62 96 56 74 34 24 97 97 35 20 76 2 38 57 0 49 88 13 18 8 25 5 14 92 19 35 59 16 55 72 67 70 34 56 80 63 45 91 95 44 98 60 21 31 88 25 27 31 87 34
33 44 35 11 84 75 3 91 66 73 74 53 12 75 80 56 2 90 35 71 16 39 56 96 47 97 17 27 78 86 24 30 16 96 6 13 40 59 42 43 97 57 44 57 47 40 32 100 12 38 85 37 33 31 44 32 8 73 61 17 59 20 78 43 56 7 56 46
6 92 46 52 91 81 47 43 1 80 79 12 35 30 53 99 12 30 48 97 71 66 14 3 26 87 77 65 99 39 49 78 20 84 67 44 46 64 86 84 50 56 95 62 24 52 50 55 86 44 13 20 43 32 37 29 99 34 66 99 68 98 6 17 89 62 79 57
51 21 22 98 28 21 13 44 63 100 99 53 24 12 42 14 82 88 50 24 99 32 79 66 75 4 20 10 35 49 8 14 75 4 100 45 20 66 92 79 0 58 2 34 79 100 77 91 75 51 61 59 2 5 35 94 13 9 60 12 73 65 11 17 96 49 40 74
73 65 39 71 2 94 47 76 72 50 54 56 76 25 23 2 79 8 11 60 73 71 64 23 10 4 16 94 57 54 50 65 59 53 96 41 48 16 80 66 91 74 80 83 9 25 32 3 31 74 13 31 96 61 75 28 74 50 27 67 89 64 77 23 100 74 86 50
9 75 3 69 53 13 80 93 56 92 11 49 97 59 38 83 51 68 4 43 90 34 97 70 93 94 43 59 13 5 68 8 88 56 33 43 25 89 100 86 27 66 1 93 1 18 38 12 10 43 5 62 40 64 43 30 51 55 75 61 69 6 7 74 79 59 7 93
36 53 87 23 72 32 71 6 60 64 37 12 34 76 65 38 16 2 91 76 89 100 86 48 33 45 78 89 81 56 11 26 77 55 91 70 21 34 4 51 18 8 9 57 66 7 13 67 48 50 42 31 60 78 76 36 8 7 12 0 59 8 15 80 34 32 88 13
93 18 56 45 74 1 44 73 57 79 0 1 77 25 50 13 54 24 86 61 24 59 60 61 8 82 88 71 40 18 95 1 44 90 55 91 26 60 9 69 90 44 10 52 20 75 52 68 63 59 24 80 10 78 29 39 97 30 99 62 74 12 71 93 95 56 70 73
15 2 46 84 88 53 22 59 51 58 71 27 56 94 31 19 40 33 78 99 98 6 17 10 98 66 19 64 77 45 87 64 100 66 14 18 98 52 38 2 80 81 58 92 96 24 61 0 84 42 12 30 72 19 26 68 26 29 13 29 87 29 1 55 48 4 68 3
53 8 40 11 2 45 25 58 18 35 29 79 22 40 83 89 66 40 93 26 73 41 87 71 97 66 77 69 8 47 41 10 20 90 67 66 81 11 53 22 70 8 59 33 46 26 33 54 51 7 97 53 39 26 45 94 11 7 14 71 95 70 67 24 96 16 92 3
93 32 59 12 20 15 35 81 92 22 86 61 26 17 76 2 55 49 12 64 3 26 68 21 64 44 74 42 62 82 87 19 31 8 0 21 2 67 93 69 31 11 73 74 68 48 5 64 6 13 23 91 53 53 71 10 72 11 43 21 81 19 69 29 63 57 16 54
38 92 7 78 2 33 11 10 66 45 25 34 97 20 91 76 35 18 24 58 51 75 12 92 71 55 34 84 99 44 94 48 13 93 42 19 47 63 8 26 27 73 15 16 19 65 40 50 16 9 40 98 35 53 95 85 0 63 92 80 86 75 4 61 69 38 55 16
49 64 10 0 32 38 51 97 14 27 89 42 38 62 91 91 14 39 35 5 90 37 27 47 25 10 48 70 52 47 88 32 80 2 36 100 19 84 93 34 89 2 13 1 38 98 18 82 74 58 93 74 31 26 50 75 24 96 13 35 55 5 85 44 6 20 38 21
19 95 43 80 18 95 60 91 40 59 70 22 11 17 44 7 11 20 13 46 6 52 20 32 21 8 76 17 98 85 85 81 72 38 53 87 48 1 72 4 38 78 58 47 18 15 4 47 21 14 11 44 49 46 66 11 75 95 92 4 76 7 41 43 56 83 36 97
66 16 63 92 47 60 86 72 31 66 96 1 53 59 18 70 9 99 52 75 39 72 94 70 63 66 25 43 38 79 30 72 10 66 97 24 31 21 97 70 60 19 96 35 52 75 63 58 32 57 87 53 0 13 0 26 54 66 32 85 75 62 18 56 69 67 97 31
10 48 63 70 9 13 10 20 56 68 50 42 54 30 18 39 99 63 64 21 100 62 48 75 9 66 0 30 97 27 84 67 50 0 53 1 68 99 2 97 42 98 42 42 52 8 47 37 10 7 3 62 0 28 27 84 83 78 55 4 50 68 66 73 19 78 84 25
60 22 0 55 93 74 2 15 79 55 16 47 28 30 95 94 66 17 26 33 99 16 55 51 21 79 11 24 97 53 55 25 76 10 96 46 20 54 66 16 97 12 75 63 32 95 85 79 49 43 6 47 23 48 55 98 97 14 71 75 68 87 40 44 72 92 51 76
17 62 85 97 44 42 38 24 65 71 32 5 33 85 11 43 62 49 15 27 33 54 52 63 23 2 11 18 74 98 93 61 61 60 4 45 34 47 96 100 97 46 42 87 68 76 40 55 15 50 84 78 95 46 45 66 84 7 55 0 84 18 1 18 63 91 48 19
95 66 1 62 0 88 23 60 86 28 17 68 59 76 56 66 58 22 69 79 91 49 0 0 47 6 0 52 3 16 68 100 90 87 26 88 97 66 56 100 87 2 83 87 46 78 20 95 94 44 19 2 75 70 32 98 79 94 77 13 45 54 57 7 89 24 16 96
68 55 21 98 55 30 46 51 4 1 42 53 1 48 32 43 39 49 41 1 38 56 31 86 36 39 34 75 54 67 34 16 18 18 69 23 49 39 76 49 2 39 38 31 64 93 84 59 26 21 69 35 63 75 11 72 50 57 31 88 96 4 27 4 93 94 96 25
83 16 72 71 70 79 5 45 84 22 36 6 84 13 73 41 25 97 26 74 5 7 59 43 32 69 12 46 96 32 64 90 99 29 53 88 7 37 82 51 38 37 14 64 97 23 64 98 84 79 53 63 40 6 15 74 80 47 49 37 54 31 5 23 65 46 32 58
28 28 48 100 88 97 11 79 38 33 51 9 95 8 34 33 43 37 84 89 83 79 17 22 54 81 43 50 78 68 33 57 24 7 25 86 84 43 63 68 89 87 99 67 19 37 90 20 6 31 57 58 47 93 48 9 66 40 67 95 35 93 42 13 75 28 13 48
50 56 66 17 15 84 9 70 38 83 36 53 62 96 3 62 73 98 89 6 78 60 11 97 40 89 40 25 40 86 50 90 6 40 44 78 63 48 74 73 34 16 25 98 30 63 67 91 0 30 86 72 46 61 56 72 39 91 1 39 98 7 37 7 58 55 37 48
85 80 82 62 88 38 46 89 26 8 32 79 55 87 93 87 81 28 70 99 40 5 76 57 1 42 55 87 37 81 35 47 36 75 38 77 82 23 61 13 87 59 37 60 44 63 18 77 90 74 56 0 52 77 46 43 38 63 19 53 86 67 89 67 97 54 44 44
35 51 19 21 5 93 3 85 10 56 21 2 32 92 93 11 84 2 31 14 43 4 96 22 85 51 2 72 59 38 41 38 63 49 43 29 37 90 8 97 36 57 95 56 92 66 44 42 76 67 9 9 92 8 49 73 50 5 77 95 30 91 95 74 78 11 65 64
62 94 81 25 52 57 40 67 78 98 45 81 75 4 78 70 31 58 22 89 7 0 75 16 75 21 79 0 15 4 2 51 61 44 45 80 38 54 11 66 48 32 3 68 88 8 72 93 86 95 43 56 20 94 68 99 73 69 48 11 67 86 39 66 65 55 60 20
88 66 11 28 89 61 31 17 2 12 47 68 64 39 90 27 41 21 11 17 89 65 90 95 16 45 5 65 75 90 87 64 62 40 82 70 2 3 38 59 16 9 43 38 14 10 67 11 35 76 100 13 56 84 9 20 40 42 51 34 72 34 60 98 12 52 10 85
47 38 22 4 90 95 47 63 32 14 68 71 7 69 35 50 30 8 18 14 30 98 7 34 53 91 44 50 70 48 4 63 100 52 27 54 68 97 29 60 43 24 45 52 86 46 7 11 94 93 77 32 70 37 50 38 93 28 54 87 96 51 1 84 91 42 53 49
18 87 89 6 45 81 76 75 65 42 8 96 22 19 85 99 56 100 30 72 17 92 85 78 48 92 48 63 93 96 28 69 95 31 32 28 52 35 73 67 24 93 65 72 46 81 21 82 100 49 4 40 37 30 5 83 35 30 51 45 18 71 26 86 59 70 55 16
4 87 30 19 46 28 83 23 65 18 11 43 45 13 13 7 53 1 84 27 3 27 53 77 81 21 72 54 57 45 55 98 96 60 36 73 17 61 72 94 54 12 42 28 66 38 29 90 29 3 29 58 98 64 70 23 86 35 75 18 58 10 9 35 8 79 1 66
26 32 99 48 79 65 50 62 35 59 50 17 85 55 96 49 18 46 46 68 52 96 54 94 34 100 61 47 72 93 98 25 66 1 77 83 73 98 51 64 13 6 87 7 88 16 93 23 58 74 70 84 33 40 0 9 53 44 63 100 47 33 93 38 97 67 77 31
30 51 66 79 29 53 68 62 39 75 7 23 52 44 62 73 20 10 93 57 43 97 93 61 21 38 70 98 26 25 77 53 28 13 12 12 55 0 69 26 68 60 24 88 78 56 22 64 88 29 95 35 73 71 27 47 20 8 59 42 66 62 57 83 6 96 19 24
38 95 57 92 47 43 31 38 0 33 26 21 15 42 80 5 76 16 35 33 2 65 33 13 55 73 34 88 84 56 33 2 95 87 54 62 32 9 37 65 44 22 63 32 41 55 23 59 44 41 47 22 72 31 84 22 53 58 59 59 40 75 61 13 50 95 32 15
45 87 62 51 20 63 74 14 15 100 78 28 93 15 9 48 50 94 73 23 84 72 12 93 32 40 100 19 32 50 64 38 89 91 100 64 40 45 77 56 46 55 25 79 36 71 93 2 52 93 93 98 64 89 10 26 58 23 91 22 65 18 67 76 67 35 90 43
55 2 23 88 75 65 26 43 39 90 83 54 90 86 74 41 99 91 77 92 97 25 47 72 29 90 50 8 20 63 13 29 78 10 29 96 19 98 38 92 34 21 69 15 48 4 43 18 64 64 35 81 92 89 99 71 88 13 22 51 4 30 54 3 75 13 63 56
60 50 96 88 85 47 5 18 57 3 56 98 63 40 7 0 22 41 1 69 22 92 4 52 66 43 50 20 66 15 41 16 34 34 66 79 49 69 77 84 40 16 80 23 16 100 10 29 1 29 12 67 50 64 6 35 36 25 17 4 59 36 84 3 21 75 49 37
60 86 58 27 90 72 56 51 94 89 32 83 56 3 54 29 87 10 61 64 52 24 93 74 36 24 14 68 79 49 30 48 25 54 35 39 88 31 32 51 82 34 53 71 21 51 88 65 2 63 37 39 0 3 34 12 64 86 60 84 25 68 88 22 92 9 19 70
90 40 50 84 16 7 48 13 79 47 88 18 12 75 51 93 24 0 55 51 41 97 93 42 54 12 41 49 63 10 56 46 73 71 0 37 23 37 84 66 76 48 4 68 88 97 26 3 87 9 33 24 76 50 61 5 77 49 70 83 43 27 19 68 88 19 50 86
74 40 64 39 6 58 70 79 5 5 39 39 56 78 65 23 33 80 83 42 80 58 23 34 91 25 8 53 34 71 58 81 22 59 51 67 47 86 94 22 19 16 92 45 5 17 77 70 8 48 89 1 52 28 76 48 73 63 44 87 99 11 65 61 5 70 93 12
87 6 34 29 46 64 31 85 52 36 42 79 11 80 85 2 78 0 2 39 70 15 29 34 49 60 51 22 98 87 61 20 22 90 55 97 78 17 4 21 36 48 74 84 36 54 46 86 91 77 12 84 34 59 77 65 8 53 47 71 28 7 22 26 7 40 32 62
21 5 32 69 97 88 61 82 92 84 26 83 48 99 66 13 61 41 52 17 73 29 16 11 10 76 35 48 7 48 8 0 5 98 94 88 91 79 10 44 90 87 10 97 0 94 69 67 89 30 46 86 50 33 69 89 33 6 64 79 49 30 30 60 84 100 90 3
