89 18 72 61 37 67 49 36 10 19 58 75 37 43 90 0 30 39 55 16 3 81 49 69 41 4 21 43 99 98 67 8 90 18 90 23 13 10 17 57 13 60 73 11 48 43 23 14 21 60 49 10 14 34 34 24 9 96 95 20 45 49 22 34 83 10 11 33 92 86
2 81 69 84 62 86 65 24 76 51 10 51 10 55 66 33 37 93 31 23 27 26 100 45 62 34 20 95 16 19 78 30 86 45 43 86 74 91 73 80 61 56 8 19 36 23 10 6 39 63 57 59 15 98 35 86 49 68 12 84 47 0 60 3 67 22 86 33 40 85
76 5 27 53 82 46 30 88 2 66 60 57 21 72 86 45 76 22 98 78 46 9 58 21 36 69 53 68 50 59 41 7 99 62 15 37 25 29 41 11 88 37 27 9 11 35 67 65 31 64 61 3 78 57 63 56 78 19 21 48 70 43 69 15 88 91 23 53 70 49
83 52 7 98 76 18 20 95 35 70 56 73 82 88 17 22 66 59 97 81 44 6 45 12 13 38 43 50 14 19 60 90 59 56 89 98 41 14 99 36 63 68 68 89 15 24 48 56 34 83 84 50 15 71 56 79 42 72 14 79 20 70 95 17 8 9 71 44 93 0
53 36 82 61 58 23 42 30 87 31 98 37 12 88 87 29 33 47 75 99 53 27 54 20 74 18 99 60 32 2 69 36 28 2 61 88 21 91 13 97 59 40 45 95 59 17 90 58 29 38 96 89 79 19 87 41 44 88 78 93 98 53 24 34 43 63 80 87 2 14
0 22 70 56 63 58 22 55 71 68 58 18 38 66 13 71 9 79 22 65 83 85 13 64 84 26 29 80 11 45 73 29 47 83 12 100 6 3 59 45 49 96 45 87 91 70 29 60 84 20 22 67 95 5 91 47 22 94 23 33 98 79 48 49 22 47 26 23 26 25
16 52 79 67 93 56 77 42 45 98 73 8 15 99 15 36 46 58 50 70 10 74 35 12 36 67 38 75 48 52 79 42 78 85 2 24 15 53 52 87 0 29 78 75 36 59 68 100 63 91 95 77 52 24 76 61 64 81 70 25 38 18 19 75 58 28 59 70 89 69
86 25 76 96 67 92 46 55 27 46 58 24 6 74 9 2 31 77 45 83 12 59 78 18 46 45 51 66 79 31 77 68 62 79 73 98 66 48 30 27 68 48 33 42 42 76 84 24 35 69 91 75 66 70 67 8 78 14 29 42 77 26 43 70 8 71 27 2 72 73
80 71 16 47 96 29 27 93 1 22 73 95 9 55 35 91 16 42 94 67 20 75 19 30 56 77 95 97 22 3 20 37 62 97 63 29 5 54 27 78 89 96 11 18 6 78 8 94 85 30 100 92 81 53 89 85 0 90 78 19 49 60 21 87 2 25 78 77 23 54
31 3 47 26 22 29 100 12 97 63 87 17 36 61 74 23 87 34 20 11 59 92 33 91 73 22 74 100 1 98 84 46 67 14 61 21 94 34 36 39 39 88 24 18 73 93 49 32 7 16 85 74 44 30 57 77 25 24 5 92 42 77 5 73 24 40 18 72 5 47
46 96 93 47 30 11 12 10 9 16 66 98 69 61 64 9 92 79 74 74 59 83 18 80 70 12 95 53 67 21 13 7 97 26 53 26 74 36 86 39 26 76 33 50 36 49 5 87 36 99 57 83 95 25 63 34 60 70 95 11 65 72 54 89 8 5 63 13 72 95
21 34 1 97 45 33 57 49 81 5 40 21 19 75 68 22 81 85 77 29 60 55 73 90 57 79 19 78 19 96 93 85 86 4 39 25 26 25 30 15 67 29 50 37 43 47 17 61 11 23 70 5 96 71 4 60 28 78 6 19 58 10 28 69 100 31 57 100 50 22
27 93 36 81 66 83 72 39 100 60 100 73 44 2 93 93 29 94 55 84 82 47 41 13 53 36 43 64 77 83 32 59 20 18 32 5 83 12 92 12 60 73 52 80 42 54 26 78 22 58 71 97 21 97 97 21 21 69 86 6 46 74 41 96 48 6 8 17 9 23
27 26 31 84 94 47 23 69 81 9 10 66 96 92 85 85 81 35 8 90 69 32 87 5 10 29 91 0 25 10 50 37 68 35 79 40 98 6 10 26 52 87 50 34 26 20 28 77 36 88 24 63 84 0 6 76 44 56 64 46 65 77 58 95 100 71 14 93 94 6
58 44 40 34 80 16 57 83 77 45 59 88 54 70 79 100 93 52 24 19 87 6 93 92 57 76 26 66 67 58 22 76 91 76 62 71 25 70 27 10 8 85 90 77 83 6 27 17 5 13 14 61 51 84 100 48 23 53 22 25 65 3 95 92 7 36 76 59 15 11
51 27 87 99 2 68 29 42 4 42 1 89 27 58 67 67 26 35 87 63 13 23 86 32 68 7 79 47 81 50 9 75 72 8 80 76 94 49 71 34 35 0 67 97 57 86 80 27 15 77 59 7 73 100 42 50 99 17 34 45 10 63 40 85 47 62 63 15 61 86
94 89 17 90 60 10 53 72 75 61 47 30 26 44 60 36 59 37 79 11 67 34 66 58 62 33 79 11 91 47 18 38 69 100 75 93 50 3 34 96 30 83 2 45 97 9 10 70 53 76 7 6 41 5 86 96 82 57 4 2 35 42 95 52 48 68 16 98 82 76
48 48 33 74 81 72 47 98 83 68 0 51 58 52 17 4 17 20 42 65 83 95 90 33 43 2 81 1 28 95 51 53 35 31 31 92 57 6 42 64 79 67 98 50 58 1 20 45 90 94 78 30 62 77 62 67 44 40 60 3 93 32 47 89 91 99 82 65 48 98
100 9 28 25 12 59 49 86 54 41 74 29 83 95 68 4 48 73 70 65 88 28 100 33 68 96 67 28 68 37 6 25 42 3 92 25 3 88 68 36 44 30 19 26 19 28 1 16 36 25 52 83 99 84 34 34 100 68 97 25 27 46 21 53 49 12 86 97 40 62
41 34 12 52 18 33 39 29 50 47 29 59 80 63 68 0 41 97 98 33 76 1 5 85 61 91 82 88 28 95 86 61 78 2 29 34 49 29 8 57 78 5 76 43 65 12 54 13 8 1 61 55 30 96 90 92 35 63 32 59 22 90 11 50 99 55 53 16 8 71
90 86 17 69 72 6 37 51 37 27 62 6 29 12 77 81 80 4 100 51 73 17 39 88 1 9 12 16 10 64 39 15 81 99 37 70 49 22 94 32 72 36 53 91 78 86 74 63 84 14 0 59 24 11 92 37 81 10 18 63 77 16 83 49 88 38 86 82 28 41
53 15 61 76 27 85 47 50 44 16 43 4 0 44 19 8 15 11 42 23 69 50 24 52 61 41 20 28 73 79 82 77 65 17 46 76 93 70 86 79 19 78 57 9 92 11 8 87 29 84 50 51 19 88 8 63 91 61 66 7 36 63 91 65 44 96 91 75 64 44
45 91 51 10 63 52 45 66 42 55 1 11 6 56 41 95 0 42 17 93 11 78 15 28 61 48 18 51 3 54 22 19 11 80 60 38 71 13 84 61 62 41 4 77 71 2 8 42 54 25 21 80 92 76 20 58 67 71 65 85 49 89 52 54 50 11 58 64 25 95
85 71 95 8 31 80 18 66 19 34 40 97 22 14 53 38 31 4 14 84 14 90 23 18 92 95 85 7 79 28 26 76 89 50 3 29 68 24 88 88 25 86 21 5 71 81 19 21 54 0 18 0 20 16 49 46 92 94 23 88 11 60 60 79 18 31 62 17 73 5
61 50 55 60 30 12 70 37 47 41 50 46 27 24 13 44 41 4 83 42 26 65 67 62 11 95 70 37 44 99 3 9 95 30 24 43 9 52 88 58 27 76 94 86 26 74 80 82 60 31 61 44 60 66 81 74 58 96 65 45 38 75 18 74 64 19 67 57 32 77
12 5 72 83 17 89 53 67 51 9 29 45 69 46 12 33 70 67 23 77 49 30 81 92 90 75 80 4 47 9 70 74 53 77 34 32 56 68 36 30 39 29 83 84 13 13 81 97 29 62 42 58 46 75 34 63 59 23 32 94 17 11 93 64 34 2 0 65 49 99
54 12 4 35 99 66 82 50 3 99 100 8 25 40 86 33 4 92 97 19 73 97 92 72 31 2 98 55 25 84 37 83 72 20 97 97 87 51 13 4 53 55 98 19 70 71 61 13 67 63 82 91 13 41 22 69 74 41 2 25 80 37 57 71 52 54 48 36 6 58
43 13 62 60 19 37 11 63 32 43 50 34 98 71 6 83 41 49 0 33 63 84 100 76 87 52 35 57 91 65 46 62 36 52 60 55 81 42 14 56 50 37 70 67 48 17 72 43 79 89 48 37 32 73 83 86 27 64 76 15 44 53 80 66 54 89 87 82 45 79
78 71 9 45 88 95 30 29 25 13 87 43 40 99 64 73 97 28 82 38 16 79 28 99 44 89 5 44 8 6 80 10 7 21 78 14 14 56 67 67 12 93 64 98 82 70 17 87 20 91 56 83 96 44 42 56 66 4 45 39 64 27 90 86 99 31 35 75 60 80
47 3 88 19 55 41 86 93 52 55 91 52 4 57 70 1 91 32 100 46 10 90 86 70 89 75 58 21 35 95 75 84 68 52 79 2 99 70 94 96 17 11 20 36 36 70 47 44 100 66 81 37 78 15 28 42 10 35 83 0 21 65 8 79 32 23 19 34 62 4
77 12 46 17 14 40 45 63 19 15 88 25 66 12 69 92 16 8 78 45 10 27 60 13 19 28 28 89 59 6 67 66 90 65 16 26 100 76 69 70 33 15 37 32 77 84 65 61 82 66 15 98 69 66 92 7 6 26 7 89 8 94 23 96 39 14 88 48 79 42
43 91 4 60 48 8 23 93 65 66 22 25 56 37 74 82 26 32 65 88 64 51 90 59 42 86 73 1 18 88 66 9 54 39 28 62 39 13 5 9 49 14 92 57 7 14 72 0 59 25 84 30 30 24 72 37 95 64 84 47 3 66 3 82 69 4 17 76 61 87
57 6 56 15 54 86 86 38 91 20 16 74 58 31 60 60 60 40 76 74 73 0 73 69 86 27 8 53 15 82 62 24 38 19 3 8 78 45 31 85 92 45 47 87 19 58 67 97 14 49 76 67 30 38 96 76 55 85 47 26 72 90 55 57 19 91 96 61 28 62
50 19 96 87 48 71 3 4 13 83 14 1 11 79 24 7 48 32 50 53 83 43 42 25 5 95 5 30 79 7 64 62 87 9 73 93 66 59 65 92 24 34 37 9 72 66 44 35 65 26 43 100 45 38 47 20 22 90 36 92 4 34 6 68 36 62 26 30 77 73
2 79 82 24 9 63 5 28 87 29 90 20 0 43 52 47 28 10 5 39 30 4 54 27 75 43 70 83 11 15 4 72 54 80 26 46 87 10 6 70 52 87 29 69 10 1 82 8 64 65 73 67 12 20 63 28 18 98 65 90 94 84 25 43 96 9 52 52 95 75
80 28 40 51 43 27 53 64 97 43 89 55 2 96 24 78 85 60 4 70 46 72 27 56 42 76 55 5 13 71 39 96 89 100 99 63 51 87 13 49 52 49 27 5 88 21 4 15 61 28 75 21 88 56 10 6 6 41 51 62 83 97 63 65 77 49 1 34 35 85
86 28 77 52 38 3 78 31 30 89 24 73 32 43 4 40 12 28 68 96 25 47 43 42 1 4 76 16 60 86 60 65 95 40 72 9 44 0 26 39 54 83 6 100 87 43 16 65 43 53 68 16 59 69 6 25 60 30 85 28 92 50 47 40 91 3 68 40 4 37
50 91 77 93 53 90 31 82 51 12 22 16 60 9 70 63 93 5 16 66 82 77 69 12 88 3 13 47 76 46 64 74 61 20 40 51 57 43 69 4 88 68 35 7 90 8 9 58 13 24 91 62 82 4 24 28 20 82 49 31 37 11 51 5 30 44 88 40 78 43
79 54 85 29 81 1 44 35 26 99 56 42 70 3 31 22 67 21 71 88 2 55 14 9 30 77 83 16 62 89 26 83 44 84 18 57 24 36 83 13 58 14 91 82 11 49 82 18 65 55 99 79 51 19 93 6 24 20 75 51 36 31 90 46 23 31 89 17 63 49
2 55 15 51 68 4 2 30 16 87 55 98 33 18 100 34 89 90 46 64 15 19 17 8 35 36 86 12 64 49 9 75 90 71 82 63 40 77 41 7 83 70 82 22 31 53 14 69 19 59 77 61 35 43 89 73 27 59 14 17 49 64 53 99 39 48 14 30 92 66
94 8 67 47 20 29 27 56 25 63 49 14 9 68 95 31 63 98 73 45 88 23 39 72 96 3 91 98 60 36 0 30 20 40 98 25 8 51 84 19 0 80 4 100 98 88 79 14 37 2 93 25 71 69 23 47 26 66 12 64 35 66 51 2 60 55 39 66 5 56
6 89 85 55 6 75 4 38 62 70 67 76 98 69 79 64 92 5 37 49 0 21 42 81 15 97 75 54 3 73 29 68 87 9 63 10 5 68 65 16 60 38 37 6 97 7 93 98 16 68 2 67 6 26 32 86 73 84 13 91 11 1 3 69 79 92 39 20 98 99
75 17 93 40 48 5 14 57 63 57 9 2 1 58 23 15 45 59 82 39 7 91 30 90 32 67 38 59 78 18 97 78 93 93 25 0 92 31 84 29 57 73 87 57 28 12 37 35 58 63 79 89 73 40 75 25 58 17 22 72 95 55 40 43 27 72 30 73 59 53
55 74 99 100 10 23 38 73 60 62 13 57 17 79 42 74 16 34 100 43 72 92 36 82 5 66 24 74 72 66 30 78 21 40 0 29 79 66 68 74 8 9 60 85 44 48 3 48 48 0 88 82 69 95 86 11 56 69 62 14 73 86 42 92 31 0 12 42 84 84
69 65 65 62 0 89 68 0 20 38 17 20 82 67 41 100 8 35 71 72 14 39 75 46 4 22 82 88 59 31 72 63 31 16 28 0 79 80 69 100 93 89 2 94 44 51 39 78 13 28 38 41 38 81 86 7 12 58 3 31 14 98 17 64 24 21 9 61 8 37
93 15 99 98 96 13 11 35 38 95 8 11 72 0 29 87 26 25 39 84 7 5 80 80 54 62 50 46 14 90 17 25 44 28 68 47 58 19 90 27 61 91 55 23 3 55 38 87 54 59 69 63 32 38 91 28 42 44 59 46 21 25 40 52 16 16 74 5 93 22
13 10 39 7 48 51 47 84 37 95 93 40 73 90 37 59 67 78 86 13 81 64 76 41 59 0 24 24 15 26 71 87 98 54 18 32 16 82 92 92 40 71 98 6 91 12 51 84 37 58 89 78 93 49 11 92 32 57 51 43 18 50 94 38 12 87 73 0 67 46
15 36 27 88 47 94 51 29 21 11 52 50 64 67 75 79 55 86 74 40 8 87 66 35 65 4 68 49 7 11 56 41 45 66 35 69 11 92 57 96 51 29 78 34 25 43 83 98 78 43 100 91 47 81 77 6 37 60 100 1 98 37 64 44 0 89 32 54 67 10
100 65 29 42 96 59 78 6 18 25 41 30 60 75 69 12 79 82 76 77 6 61 34 79 87 50 88 49 48 18 76 17 92 42 10 26 81 96 94 84 67 37 89 73 84 20 40 18 98 42 73 16 5 25 39 26 20 38 80 71 37 74 63 45 72 20 28 92 99 75
16 51 31 21 3 80 31 78 55 39 59 76 4 51 94 20 44 28 55 20 54 78 53 25 52 31 28 78 44 33 16 57 100 25 7 96 71 66 25 29 15 15 81 26 23 30 87 90 82 16 95 13 71 28 5 56 27 92 85 89 1 21 45 80 82 88 99 15 15 93
59 12 52 22 17 58 20 59 27 92 52 94 8 10 94 41 90 43 74 53 100 87 83 9 5 58 11 71 33 50 77 52 61 99 42 7 60 97 66 29 5 24 93 31 32 43 10 28 48 100 69 13 93 96 91 83 51 90 78 0 42 40 15 31 85 90 35 56 39 88
33 48 47 42 32 29 33 8 18 0 77 46 82 8 42 29 67 68 93 45 68 91 6 75 85 7 35 79 99 72 59 20 95 50 29 40 86 7 97 45 44 32 100 77 89 66 52 47 98 11 81 36 23 13 34 76 95 84 49 68 39 29 75 91 6 2 40 51 24 92
83 29 98 16 11 26 52 84 28 81 26 92 37 24 8 7 89 10 15 68 34 98 18 54 40 3 52 75 6 100 88 73 3 28 19 45 29 44 89 83 92 72 30 56 83 68 67 12 37 30 80 96 99 72 61 44 80 9 59 13 63 84 61 58 61 76 14 21 69 56
56 54 91 93 94 21 14 95 58 97 16 87 52 54 79 13 61 52 28 21 67 79 47 54 15 12 14 77 9 31 22 98 99 29 41 46 3 60 62 31 23 8 54 18 58 94 23 15 86 84 89 66 76 89 45 97 39 79 74 96 79 35 8 47 71 98 77 7 35 62
32 99 69 41 82 32 59 71 19 23 38 82 84 36 69 27 48 54 98 73 79 73 84 80 93 10 64 66 87 52 50 4 71 93 8 78 20 88 49 12 42 41 63 32 63 37 23 86 28 34 39 83 46 24 59 58 0 32 84 16 55 90 53 63 82 17 16 25 83 8
3 18 63 8 24 5 25 38 20 85 74 45 7 17 67 48 55 6 100 9 31 94 36 58 64 6 70 59 80 83 36 54 69 95 35 6 18 81 51 64 4 61 98 1 65 87 76 83 43 60 44 94 75 90 41 83 2 38 19 2 38 29 0 20 1 55 26 64 61 76
77 90 41 65 83 21 60 80 1 8 93 44 87 43 81 50 74 81 40 8 26 75 10 26 45 17 56 34 87 85 39 2 16 17 69 62 50 6 95 76 55 36 21 84 28 41 95 30 65 52 30 14 94 48 64 30 13 60 41 2 18 62 85 86 7 82 49 89 82 73
0 78 62 18 23 48 98 50 92 6 76 86 65 93 54 41 56 44 36 91 68 51 29 7 87 93 66 0 59 55 6 87 38 95 26 62 20 40 28 48 73 14 74 61 49 12 74 9 42 47 75 91 37 38 76 21 81 25 35 60 21 24 22 53 69 21 57 13 63 34
58 38 71 3 47 23 82 98 90 53 67 33 43 91 40 15 25 84 39 24 28 18 78 94 22 18 82 71 31 1 25 64 13 40 11 24 87 67 32 11 66 39 56 19 56 87 59 69 65 86 63 49 1 20 77 95 54 0 69 40 87 89 11 43 66 84 48 16 69 28
92 5 0 89 47 27 100 52 30 34 63 8 90 45 6 94 7 65 51 93 54 20 56 71 16 15 95 8 15 43 25 26 30 23 12 53 33 4 100 90 38 49 48 1 50 17 47 47 24 83 37 11 45 2 49 72 79 60 69 73 60 48 89 10 14 12 61 83 16 15
13 54 32 33 72 91 2 41 78 85 13 50 80 62 3 72 47 91 53 84 17 95 91 9 56 67 46 55 98 3 11 22 7 1 67 33 5 41 53 32 43 3 8 24 82 55 55 74 86 45 75 32 10 71 2 24 15 68 89 89 74 16 25 97 41 21 26 7 60 15
29 95 38 80 27 4 88 10 44 22 3 16 73 55 23 2 24 49 95 100 48 97 42 66 36 74 27 15 72 34 10 93 60 99 75 2 96 43 4 18 69 76 82 24 9 50 23 74 100 60 34 58 62 20 75 1 61 39 40 53 98 43 14 47 3 80 93 74 32 84
95 9 24 69 81 38 2 49 84 67 50 68 41 89 94 34 62 16 54 44 98 38 49 29 8 41 94 64 91 92 45 13 61 9 41 39 55 36 13 51 29 81 34 56 67 93 73 71 77 21 8 56 64 41 64 95 61 2 79 70 88 57 6 39 95 19 69 83 36 59
92 56 53 36 33 65 71 62 0 26 67 6 38 28 100 46 62 83 89 59 36 65 12 82 45 99 10 57 30 23 47 89 76 55 62 100 5 90 33 52 94 87 34 96 39 58 66 12 50 40 51 9 32 49 81 72 52 72 6 70 51 30 55 100 48 6 56 58 98 13
63 28 40 56 39 27 99 99 94 37 95 14 83 49 72 54 35 30 27 62 53 21 77 33 16 22 47 49 31 39 94 7 93 37 3 71 73 78 36 97 38 60 58 25 39 62 90 22 63 90 41 12 67 21 71 5 62 20 5 1 59 100 28 10 94 6 50 7 15 18
35 32 43 55 46 8 16 46 35 20 48 75 84 73 26 11 2 60 33 28 51 93 68 53 73 79 68 24 65 65 5 33 51 11 45 10 13 52 60 10 53 13 59 47 18 0 31 82 73 75 73 77 51 1 67 32 69 12 32 16 14 71 95 50 32 89 84 63 67 19
67 79 98 69 62 4 10 83 2 48 17 90 28 90 52 48 6 99 71 78 43 100 5 13 68 44 98 19 38 26 54 37 65 11 4 44 85 19 62 70 77 2 89 46 78 44 5 26 63 88 71 61 96 38 100 18 20 90 25 38 45 22 12 93 3 71 76 43 76 42
34 44 0 45 43 80 5 85 62 69 34 20 15 63 22 91 20 60 88 74 2 47 37 91 58 28 71 72 68 48 81 5 72 31 0 8 56 50 52 5 84 79 45 68 96 30 8 87 66 18 37 1 13 47 73 29 1 94 8 87 94 13 56 84 12 82 54 88 37 63
58 44 74 93 2 52 33 55 36 31 79 57 22 70 5 68 55 10 80 63 64 27 42 26 7 89 20 94 22 42 45 15 87 93 1 30 76 22 56 22 49 90 2 63 78 37 93 42 84 19 22 14 88 98 81 54 36 79 87 48 32 91 2 66 29 44 10 56 69 67
9 94 38 87 61 16 76 54 34 94 88 63 38 28 73 42 23 82 26 44 7 67 65 19 100 41 94 58 29 80 7 96 27 17 42 94 64 20 62 37 90 46 45 25 66 58 35 69 63 68 69 5 46 81 98 6 33 9 57 12 38 98 60 22 87 5 72 48 28 76
