91 32 37 100 70 40 53 34 39 4 79 79 53 100 3 89 64 32 14 13 47 5 68 85 5 71 97 38 71 61 40 80 67 5 30 3 81 63 60 17 2 10 75 61 13 62 85 53 70 83 37 75 93 99 53 33 82 18 61 87 41 87 93 87 68 20 86 77 93 94 70 15
80 1 66 9 41 91 100 53 21 33 49 72 49 99 31 96 90 41 91 98 42 7 10 23 9 33 91 4 16 91 29 90 65 32 6 77 65 48 83 88 60 86 99 91 94 34 50 28 50 31 49 16 18 3 7 83 9 71 57 93 45 69 40 34 6 36 2 0 28 4 13 13
76 12 70 12 48 87 72 94 12 12 48 83 96 42 46 36 45 52 20 34 2 36 56 61 17 97 80 53 74 35 37 59 39 41 35 87 42 87 79 88 79 49 80 93 77 1 99 13 22 66 71 93 53 35 60 98 73 23 22 18 50 53 50 59 60 22 9 31 7 39 43 19
45 47 85 75 89 90 68 20 58 56 65 9 38 48 12 51 31 64 15 23 85 20 95 64 62 85 12 45 35 99 1 78 15 22 12 75 11 26 20 74 96 63 83 21 58 92 20 51 9 10 3 23 55 38 46 34 41 20 32 18 75 2 53 41 46 14 4 84 62 90 8 49
16 96 71 4 96 27 47 43 4 54 13 53 6 89 53 79 28 44 12 55 80 59 7 1 12 51 74 27 27 39 95 6 96 87 16 82 84 10 80 93 18 71 57 64 79 54 46 54 66 100 84 7 93 27 15 26 87 4 44 16 51 90 75 100 65 15 4 62 47 75 59 41
86 7 86 10 34 84 65 45 100 68 96 93 53 86 25 46 20 1 18 59 77 95 92 66 0 54 99 4 50 62 75 58 52 71 6 58 27 95 38 45 97 27 26 60 94 82 55 42 31 15 83 80 51 69 33 9 73 31 45 23 21 69 34 62 75 82 72 91 16 11 83 3
89 93 23 74 45 38 30 10 64 95 89 57 91 69 38 73 19 23 57 30 98 99 77 19 20 49 70 38 29 84 13 56 10 20 44 2 66 7 49 67 97 25 51 37 25 85 60 87 29 69 91 50 25 73 7 81 44 35 42 51 26 70 42 0 87 37 77 38 24 34 5 76
56 53 32 5 19 54 70 93 92 61 9 48 55 55 27 20 83 87 52 18 64 54 73 87 34 79 14 95 86 71 9 20 92 88 59 48 1 92 75 32 94 76 56 7 15 50 41 75 34 63 30 12 52 87 22 49 90 92 67 67 60 73 64 95 99 46 82 88 8 21 32 50
35 90 72 32 65 59 84 90 2 73 19 37 67 94 83 41 30 16 99 60 71 9 51 72 20 55 71 72 82 73 45 32 17 8 15 34 63 48 94 77 0 56 70 80 45 20 70 2 20 6 1 93 59 96 3 13 93 29 16 45 11 43 1 80 86 47 18 66 15 69 59 38
24 62 38 29 4 5 46 34 62 81 30 96 65 52 82 16 13 100 50 95 53 55 64 50 45 25 17 83 75 37 85 71 17 11 75 91 49 83 84 97 87 38 20 54 23 81 64 67 99 2 56 16 12 47 89 18 96 19 51 55 55 0 18 92 25 13 44 66 64 85 32 21
20 68 21 84 26 29 78 69 86 18 53 65 93 76 89 57 73 27 11 50 14 59 22 35 62 22 26 49 23 72 71 72 25 42 73 9 45 67 17 48 11 68 93 73 32 95 67 29 82 34 14 93 16 61 27 72 27 0 46 62 11 17 19 92 26 33 84 10 41 77 19 78
9 29 62 81 83 19 68 46 7 37 96 95 71 12 80 57 95 51 61 4 72 12 75 85 65 53 44 69 100 13 4 40 36 83 80 39 93 34 97 94 34 75 28 68 94 11 74 53 9 26 80 50 14 37 32 21 73 27 10 53 31 93 31 56 50 23 82 2 27 63 41 66
42 62 29 19 43 11 53 89 10 89 44 61 55 62 24 99 30 15 97 80 24 73 11 7 63 22 62 67 85 26 43 60 56 90 47 63 54 35 94 100 64 14 60 92 51 92 51 68 60 46 2 75 56 29 13 29 44 85 6 23 95 22 17 55 68 34 39 100 11 80 35 87
12 22 91 95 3 54 20 91 0 83 60 3 19 61 3 97 83 42 30 23 49 88 24 39 29 39 67 68 33 51 8 91 86 22 36 2 44 13 75 20 8 19 76 93 36 88 29 46 92 95 97 40 2 29 64 2 86 73 8 38 7 54 65 81 45 38 41 47 33 100 79 51
39 10 12 22 60 24 93 35 24 13 97 82 15 91 59 51 1 96 33 91 12 88 66 54 31 34 25 87 34 86 82 99 2 77 97 22 97 44 7 19 46 60 44 0 25 8 77 76 97 82 4 42 84 92 30 38 88 8 25 20 29 20 70 12 58 31 14 37 80 88 9 52
61 87 11 26 36 3 43 60 46 62 61 35 74 13 88 13 91 25 74 92 61 89 23 80 33 33 87 7 66 83 3 58 10 12 43 39 17 27 18 60 99 37 39 100 72 36 93 1 47 99 45 81 10 44 38 0 1 97 88 2 40 20 77 38 63 29 69 71 56 73 28 70
62 32 95 75 19 60 13 70 8 40 35 83 42 68 54 87 13 71 77 92 77 39 32 50 15 75 64 35 86 75 1 20 59 70 0 6 11 63 44 35 27 2 10 52 86 37 76 89 43 27 89 58 3 25 13 65 57 10 45 79 57 93 28 3 51 21 44 77 24 43 14 54
83 58 61 6 94 45 99 74 41 13 77 62 1 25 78 55 81 59 14 27 18 62 47 98 83 24 41 41 27 1 30 15 89 89 57 61 85 17 31 29 41 99 20 19 20 82 85 68 57 43 19 85 64 57 24 7 89 18 73 55 46 55 12 43 48 24 26 85 67 34 19 49
29 36 64 38 70 87 29 57 67 46 20 25 7 88 18 18 68 42 48 64 48 78 16 80 56 22 97 33 13 30 57 20 39 38 65 63 94 15 32 19 68 36 27 44 0 24 7 55 86 2 77 1 95 13 31 30 99 53 21 10 52 69 55 23 99 51 81 63 13 90 97 26
55 49 87 27 29 19 44 89 61 19 73 65 26 13 44 43 43 35 34 83 93 56 96 95 86 88 9 22 4 22 35 32 5 94 69 28 51 56 100 11 2 64 56 99 43 77 35 98 52 19 21 74 59 19 17 80 8 43 74 82 35 33 18 13 55 31 67 54 13 39 100 44
26 93 62 57 20 94 62 2 50 38 81 13 14 2 44 15 91 45 74 34 50 16 89 24 5 36 58 90 55 19 88 19 22 69 69 31 45 89 65 54 48 64 21 78 57 94 1 92 55 99 7 7 75 17 86 92 52 76 54 96 70 42 13 66 81 52 70 99 5 90 64 53
0 18 42 50 81 14 35 60 28 37 54 35 95 49 71 83 52 19 46 53 63 37 79 94 59 43 21 73 62 71 81 20 77 16 56 59 94 37 78 39 92 42 75 25 91 41 64 31 9 24 33 43 0 97 40 92 48 4 92 18 38 12 25 20 78 93 76 15 62 6 21 33
65 64 67 63 87 57 65 38 16 84 81 57 58 93 94 55 85 81 83 66 10 97 41 67 0 98 76 0 34 44 59 25 42 1 24 85 51 74 22 32 25 57 44 46 43 83 19 98 30 32 49 96 3 87 83 83 97 72 3 53 77 2 63 65 57 86 23 57 98 52 41 95
72 54 46 19 68 0 46 34 92 71 44 26 85 12 90 19 22 46 83 37 75 44 55 41 64 12 4 28 8 59 18 12 70 80 93 1 24 7 75 26 63 78 87 33 22 93 83 95 45 15 45 8 16 23 56 34 28 49 6 14 63 87 5 78 82 52 47 91 94 65 19 5
2 89 23 44 17 61 83 99 94 49 27 84 83 50 95 60 9 54 84 3 8 47 51 75 93 18 30 3 73 23 12 30 89 31 58 91 14 33 56 40 12 38 51 14 54 43 54 75 18 23 69 96 45 6 59 50 0 88 83 26 21 60 96 37 8 36 40 89 82 59 93 54
68 72 59 81 27 34 61 80 45 87 87 38 8 35 50 56 4 7 10 57 40 14 96 44 50 9 13 25 51 83 62 30 53 8 8 19 53 92 75 21 43 26 68 47 33 23 11 39 21 30 74 52 66 78 62 14 65 99 32 27 99 34 17 2 5 83 23 90 64 34 80 53
15 58 72 60 30 77 94 7 68 30 84 22 36 36 58 61 54 22 12 72 59 49 69 11 96 79 89 69 21 71 74 97 22 13 51 77 31 47 20 3 44 14 79 23 94 12 63 26 11 53 85 98 45 85 49 29 27 77 66 90 12 12 37 47 16 48 3 94 12 62 51 89
20 74 97 96 21 27 3 80 95 41 83 58 99 64 16 42 99 35 88 67 60 36 95 26 1 90 11 88 1 35 57 87 52 83 25 10 62 89 96 65 5 17 7 72 0 26 28 53 42 72 13 35 92 52 45 51 93 25 63 9 0 87 0 91 27 9 73 3 30 65 89 74
48 65 49 69 74 95 73 56 59 73 44 81 8 64 19 75 3 48 64 20 93 98 89 80 6 84 85 84 45 42 22 31 70 63 85 19 57 39 81 78 58 26 75 72 3 70 95 31 98 66 49 38 23 88 96 74 17 58 21 80 73 51 41 15 10 17 35 100 99 4 32 24
55 92 59 7 77 98 82 46 82 57 26 13 92 94 21 6 10 25 56 17 28 54 31 21 35 92 70 85 77 68 78 6 8 83 99 41 15 1 28 36 7 68 55 45 14 60 67 45 57 26 18 32 93 86 98 33 6 12 6 14 27 14 42 18 12 5 39 100 51 47 90 22
16 16 68 71 21 67 60 78 67 93 48 86 60 20 80 30 46 68 96 1 68 36 56 75 77 52 13 84 6 39 74 37 45 4 34 21 43 30 62 88 92 88 44 100 58 18 48 46 99 57 22 39 51 73 71 44 86 7 35 72 86 97 43 9 15 82 44 1 23 92 4 30
47 70 40 92 72 50 56 18 51 71 44 49 23 92 29 49 22 98 39 48 74 60 55 42 52 35 16 87 11 4 80 94 95 80 38 39 40 23 17 44 51 47 72 32 64 24 96 5 76 78 36 94 80 87 58 29 4 72 86 3 55 17 82 59 57 0 7 20 38 41 48 2
47 57 47 93 84 87 63 83 58 38 51 63 99 41 78 85 60 51 67 90 33 1 86 81 79 41 88 62 27 11 47 52 0 43 11 14 2 74 49 73 73 56 88 8 87 37 60 56 15 8 20 49 81 9 32 92 89 91 54 9 25 43 94 41 97 77 22 83 48 97 16 2
12 11 91 92 66 46 96 99 71 33 51 10 42 41 85 68 31 37 71 75 71 6 70 50 86 73 51 30 79 46 15 21 92 98 92 0 13 85 100 44 53 16 36 72 61 78 17 4 5 95 72 44 82 95 54 62 49 67 5 31 96 86 93 62 84 43 77 22 21 14 67 65
24 36 31 29 1 47 1 68 10 57 1 4 90 21 58 55 50 91 15 0 46 94 41 39 97 49 98 97 66 83 88 75 43 96 81 54 97 100 100 56 19 34 18 77 72 85 93 90 20 74 22 51 1 91 83 52 18 27 12 51 100 72 31 67 96 57 98 99 28 18 100 7
46 28 47 41 7 33 67 21 12 0 73 11 94 78 82 78 0 20 52 4 65 49 56 23 92 92 62 39 61 86 82 26 48 34 8 25 26 80 34 25 6 56 65 27 10 11 2 18 16 59 68 56 41 17 77 26 8 46 37 8 10 65 62 0 71 26 9 60 45 15 28 94
23 54 60 59 1 79 25 85 20 13 57 32 0 90 66 71 82 19 100 63 71 90 8 63 6 37 97 68 40 26 21 87 32 71 58 51 99 25 70 55 79 81 6 64 74 47 24 82 41 26 32 23 36 81 29 92 0 40 88 55 84 14 82 52 12 32 30 52 53 69 39 0
11 34 71 75 5 79 95 27 52 5 54 88 22 25 15 56 84 56 5 15 66 55 68 0 4 12 89 89 73 44 96 35 49 38 48 2 71 6 74 67 32 2 30 74 100 35 56 55 36 86 51 87 41 90 76 11 47 94 73 86 8 7 68 100 6 92 71 86 61 95 19 27
40 47 50 52 93 66 76 94 20 88 21 43 20 3 88 20 78 91 91 5 39 69 44 97 34 7 35 18 38 42 68 1 14 15 85 7 21 93 43 46 58 68 53 84 49 18 77 84 22 13 14 26 45 63 29 12 36 3 23 34 45 61 29 61 80 15 11 36 59 93 98 93
40 68 71 69 52 30 70 52 60 81 40 58 84 75 45 97 84 36 62 82 49 26 82 51 62 82 70 21 35 92 1 24 71 26 47 83 58 60 66 6 19 66 12 90 8 19 24 20 57 34 37 56 18 46 81 41 97 88 79 60 91 86 33 85 18 53 71 54 31 35 53 6
77 78 14 60 34 9 66 39 45 65 3 3 6 2 12 33 24 99 99 73 85 73 66 21 4 48 83 38 40 2 21 70 37 22 12 25 85 2 64 73 6 23 78 37 35 73 4 77 40 100 61 98 36 32 85 14 2 95 24 82 34 24 29 17 100 60 24 87 45 62 60 14
6 35 26 91 44 83 49 14 97 14 41 5 77 39 46 52 81 54 43 71 21 88 34 90 94 12 35 51 27 75 39 76 33 48 99 3 69 78 84 46 12 51 19 10 80 65 64 54 24 25 37 69 61 11 84 51 78 30 85 54 92 20 28 18 43 10 28 46 13 92 38 89
66 98 88 60 65 18 8 59 34 61 89 65 63 58 81 96 26 81 64 92 81 27 60 79 85 84 84 48 67 44 1 21 54 78 1 15 32 9 76 26 76 9 93 68 50 99 41 15 83 17 56 14 57 44 57 93 21 38 53 87 70 38 27 33 8 71 47 96 40 33 67 83
55 78 35 35 75 87 43 46 93 85 49 70 1 1 36 66 82 98 56 77 42 88 100 29 82 95 77 81 16 59 97 52 11 22 65 73 92 6 46 15 98 81 78 24 93 64 13 89 36 51 81 8 81 52 27 22 74 88 52 18 28 29 12 0 90 84 84 45 23 38 10 0
52 0 25 100 83 82 23 81 57 73 20 48 37 78 88 81 1 46 90 60 35 54 81 62 5 63 67 9 97 81 93 82 64 88 81 34 73 10 22 61 35 65 48 92 72 71 45 89 65 98 88 28 73 96 73 76 10 5 69 26 63 95 58 96 70 36 42 57 63 92 55 82
11 88 15 7 17 65 92 87 60 97 86 91 2 3 87 7 63 48 91 29 55 24 27 16 42 82 39 34 99 35 15 55 53 79 19 79 34 98 89 21 1 69 99 71 42 57 68 91 7 99 95 75 89 75 39 6 24 68 90 8 84 69 54 22 90 67 70 22 53 26 15 50
29 9 4 92 10 92 50 35 48 96 18 62 92 7 90 31 92 96 6 74 48 92 76 98 60 79 100 89 8 54 90 13 40 50 42 88 16 5 41 3 75 76 14 23 25 70 46 79 65 24 58 29 81 65 98 31 6 82 13 55 29 2 49 15 6 79 46 69 57 21 16 67
42 84 28 71 35 43 30 7 66 90 40 48 35 3 3 83 61 46 96 1 80 25 49 79 68 45 87 70 97 59 12 10 64 6 68 69 17 53 19 24 80 21 4 31 94 89 94 90 37 36 53 88 10 8 44 11 24 3 48 46 5 73 51 0 86 1 87 61 87 7 99 88
27 97 1 94 63 86 35 4 37 91 71 1 100 7 54 26 6 89 98 2 36 90 100 75 40 15 2 28 88 30 56 6 47 76 75 32 1 11 27 5 0 87 45 21 51 13 50 81 83 13 0 20 39 22 43 31 93 12 15 46 93 52 83 35 51 76 10 87 8 88 91 77
88 10 4 7 14 5 75 84 14 5 30 25 85 87 51 25 17 66 98 99 32 50 43 62 70 23 91 42 64 26 32 73 68 11 22 2 49 51 7 96 62 25 20 61 57 46 95 24 4 22 67 55 6 90 48 14 6 39 57 86 18 38 51 83 11 54 3 46 16 52 0 23
41 36 52 93 8 99 80 43 100 30 45 85 62 35 38 41 15 88 73 68 30 85 0 79 32 19 2 27 96 2 64 62 96 24 21 11 72 42 77 0 95 18 92 99 20 12 63 37 26 84 3 87 17 3 11 88 81 65 79 53 6 59 64 79 20 92 60 53 57 21 87 43
34 72 73 56 57 2 8 73 54 49 41 21 11 6 91 2 66 5 12 11 83 65 53 19 92 65 86 95 18 7 65 9 68 56 37 74 11 34 65 58 78 74 44 90 21 97 61 10 34 10 63 9 46 76 87 92 14 15 93 43 62 75 26 40 39 96 14 13 3 85 68 92
83 37 34 82 72 61 58 80 70 78 58 79 10 98 0 76 44 59 89 37 32 61 87 97 30 94 65 65 45 79 25 88 9 53 22 31 98 99 71 66 77 21 52 4 36 47 59 57 20 76 53 59 23 58 20 85 82 64 18 29 76 79 23 48 48 52 75 35 57 57 32 48
31 80 9 57 43 13 30 87 39 51 34 54 43 37 84 31 50 5 45 46 22 19 86 90 26 100 31 55 52 50 97 4 15 24 70 36 95 96 54 76 76 22 89 41 8 65 14 64 63 18 88 75 18 82 41 88 9 49 61 27 59 61 66 18 81 99 53 10 97 10 51 59
12 39 37 94 64 27 45 21 14 26 58 14 90 10 30 50 24 71 36 82 97 35 10 64 10 44 98 14 78 77 24 92 1 59 30 82 89 49 55 84 77 25 45 99 57 44 60 5 60 72 44 91 67 92 70 0 16 33 77 55 12 74 30 69 65 69 8 45 49 39 71 72
75 35 27 20 49 73 19 49 20 82 48 45 91 35 78 79 72 83 95 100 55 90 93 73 43 24 88 86 63 38 85 39 22 94 50 79 17 78 48 22 30 45 58 54 17 62 78 40 56 100 11 28 81 53 52 35 22 37 4 57 15 67 0 20 52 97 100 14 97 28 52 35
77 57 71 7 81 25 24 47 56 59 61 31 37 40 12 95 44 61 3 72 57 85 77 11 22 57 53 50 47 7 36 2 3 27 99 65 97 54 91 47 55 88 16 90 60 18 45 59 57 48 47 57 80 8 81 94 53 73 2 33 82 13 61 95 52 70 55 8 71 5 37 36
6 21 47 5 88 97 73 15 70 46 80 22 50 77 54 30 39 86 11 2 81 45 75 7 27 50 100 8 75 58 98 71 20 81 95 68 68 56 90 7 36 49 68 92 72 73 100 54 30 66 94 40 56 33 32 12 22 74 19 89 55 70 26 72 57 5 54 86 15 5 50 29
81 29 58 93 100 48 45 38 15 61 6 95 66 83 69 49 29 80 61 90 90 43 91 67 98 70 76 51 90 20 96 46 78 47 61 12 72 10 0 43 72 45 53 34 59 33 38 73 11 91 31 43 14 44 75 38 37 68 85 3 90 1 91 4 59 42 93 88 23 88 87 90
78 50 79 53 9 43 74 44 95 98 43 64 75 70 50 10 5 17 56 58 91 65 45 8 89 41 27 40 76 81 60 23 47 73 96 74 5 11 37 84 21 50 4 68 20 66 54 88 81 99 24 45 46 42 2 40 71 90 97 92 62 86 34 36 41 89 85 84 71 5 76 33
2 86 35 47 20 86 22 52 81 34 40 64 17 93 35 62 68 89 64 3 43 52 4 8 30 70 31 51 14 80 69 55 11 55 83 50 15 65 94 28 25 45 4 16 21 58 13 16 19 7 67 94 66 41 4 22 97 5 85 45 74 49 8 37 1 18 42 73 13 33 19 34
90 95 15 38 82 7 44 24 76 93 99 3 16 67 58 99 70 80 80 93 54 68 1 74 2 89 42 59 72 2 31 27 85 79 25 54 50 4 72 47 90 65 18 86 21 54 60 78 27 68 52 46 43 28 30 0 12 46 62 3 38 66 4 75 70 56 50 88 21 100 14 37
18 75 46 57 37 86 32 57 69 70 42 9 86 27 9 76 21 21 90 58 46 67 58 86 74 39 44 51 94 51 59 46 59 70 32 56 87 23 9 41 39 22 70 46 36 57 66 57 54 76 59 65 28 0 40 38 18 30 79 16 38 93 81 29 38 56 95 99 21 98 100 12
46 100 14 43 72 28 10 72 90 37 79 78 53 38 44 75 70 61 98 20 70 52 99 61 18 41 0 13 86 81 61 27 77 99 82 9 92 52 13 24 39 25 27 27 15 70 74 27 31 0 5 81 63 78 32 12 20 4 57 57 1 36 45 89 97 54 30 57 71 30 1 5
2 16 96 70 22 29 97 21 94 2 52 35 77 51 71 100 9 44 21 32 78 27 69 28 91 60 0 1 81 15 15 63 11 26 8 85 23 43 42 81 26 78 88 43 32 83 85 64 79 4 99 18 63 44 34 51 31 39 2 21 89 76 5 25 61 79 99 92 37 52 96 51
67 95 53 40 22 16 41 30 7 99 16 23 80 76 92 11 68 49 37 47 63 55 89 18 74 75 51 77 8 49 80 61 90 46 44 61 91 9 42 87 29 9 34 37 44 66 39 38 4 17 25 76 59 90 47 99 30 17 68 88 15 48 41 76 84 70 45 28 85 78 75 24
74 19 41 67 41 57 32 25 66 93 72 21 74 0 18 59 57 62 45 60 85 51 6 72 65 80 29 82 100 52 51 11 0 77 70 88 98 38 10 66 30 61 38 43 83 24 92 4 3 80 79 50 59 69 18 81 93 47 38 83 39 45 34 92 72 27 50 57 83 68 44 73
93 5 56 69 75 25 25 37 14 97 1 79 11 40 54 55 32 93 20 71 39 99 47 57 93 60 67 83 97 58 4 53 36 9 59 27 33 20 79 19 44 31 29 92 44 98 38 7 2 14 58 53 61 12 1 59 90 84 28 0 86 29 54 57 14 35 60 96 90 66 92 63
61 5 15 26 26 36 3 59 59 53 84 1 58 14 32 72 48 41 10 15 30 0 56 45 43 56 36 23 34 13 32 48 89 66 71 62 79 79 22 69 33 46 94 28 59 90 43 73 98 26 67 16 44 7 55 72 20 2 85 59 75 60 42 56 69 71 3 26 21 55 20 58
79 52 67 61 22 8 97 62 34 23 68 9 27 74 14 93 61 51 37 5 34 99 39 15 35 37 61 5 11 15 61 96 67 15 30 88 37 64 4 100 33 31 3 0 54 48 20 74 58 53 73 13 90 16 75 72 66 62 34 21 39 99 41 7 18 73 32 86 66 52 15 85
7 56 69 25 36 65 69 62 0 43 4 2 24 73 25 54 86 0 25 81 2 70 40 58 68 37 8 35 80 94 93 89 50 22 8 82 75 51 14 5 64 47 60 12 21 77 18 83 75 51 53 89 90 81 76 76 67 76 30 30 2 57 3 32 35 5 56 30 32 57 37 89
62 63 39 50 43 58 27 81 74 90 65 28 51 5 12 74 53 84 30 97 14 66 84 54 49 33 24 70 7 97 72 17 79 24 99 86 80 67 20 69 73 96 76 29 14 87 95 26 57 45 71 30 33 51 45 31 54 97 91 36 36 31 91 11 94 60 21 98 28 80 94 33
