91 54 82 19 89 77 33 88 34 1 59 68 57 40 97 68 89 72 10 70 66 17 100 28 49 44 68 4 44 10 57 78 52 69 77 51 15 80 15 42 60 19 34 17 61 50 84 100 47 83 93 40 54 81 57 34 41 12 84 80 57 17 18 85 79 17 59 100 75 68 71 60 34 61
89 39 14 41 6 60 89 99 55 15 81 46 37 35 59 29 5 63 71 79 53 92 88 33 21 97 82 50 83 14 90 93 30 66 37 62 17 47 37 52 18 79 70 64 57 41 72 55 43 40 82 75 89 3 23 20 10 46 76 49 39 33 20 88 69 49 49 27 50 74 13 77 50 97
90 61 21 84 9 60 50 73 32 79 96 90 61 32 56 38 54 8 85 20 32 88 5 45 26 35 21 16 69 34 71 27 63 92 60 11 35 40 41 33 14 52 19 73 86 39 45 89 3 59 43 72 72 42 95 30 44 18 61 62 82 8 65 50 89 21 51 32 69 62 30 74 20 38
84 15 35 69 51 23 11 89 20 46 56 57 10 39 30 66 24 5 58 0 86 95 44 98 6 54 65 9 67 100 8 48 76 4 45 63 45 37 55 37 90 31 91 17 84 12 33 60 92 26 85 68 52 53 78 32 62 39 78 1 13 17 1 42 16 78 98 39 100 70 75 40 14 98
11 32 100 76 70 61 85 73 94 80 92 84 55 41 78 18 1 73 28 62 14 22 27 86 67 25 21 30 46 88 56 10 86 87 68 74 96 47 44 71 20 16 14 8 21 81 65 47 52 53 98 36 98 37 52 56 27 20 62 48 45 51 67 11 10 0 85 82 79 15 12 52 77 99
13 16 64 92 54 49 49 3 29 69 95 68 63 86 85 8 56 40 98 63 7 93 46 71 83 99 2 13 98 62 97 15 86 79 29 89 95 69 36 97 21 56 42 74 37 76 33 41 37 30 88 73 17 51 63 69 72 31 43 10 19 77 41 42 53 8 0 12 25 52 9 31 88 20
45 5 57 37 39 27 32 84 41 84 94 52 73 32 28 68 38 37 85 84 17 24 35 4 44 83 37 87 50 87 59 8 2 1 4 48 72 19 23 78 42 46 18 78 82 95 20 54 88 59 40 94 67 74 29 30 14 58 39 2 47 17 55 13 55 23 41 52 27 9 56 36 43 70
88 39 30 80 70 25 95 100 100 89 89 81 22 33 50 23 1 35 93 7 41 3 94 79 48 100 95 20 65 35 92 17 44 11 16 73 50 65 89 58 36 85 98 20 89 6 28 57 16 83 75 50 100 57 76 28 13 60 73 45 85 95 65 24 27 10 58 87 5 58 98 59 14 74
87 11 63 40 30 85 94 21 25 92 96 3 63 74 48 55 44 93 79 20 22 4 29 24 52 75 74 55 21 47 31 34 62 63 80 5 35 35 40 86 79 14 44 43 52 78 81 25 6 17 64 19 76 51 99 77 45 76 6 62 48 29 90 1 0 57 85 91 19 94 53 40 36 85
37 74 57 45 13 24 97 80 7 89 13 67 28 86 42 46 38 7 57 41 79 100 64 65 24 1 15 87 25 22 85 88 23 11 23 22 96 61 8 31 83 58 26 53 11 14 30 83 34 6 51 1 70 50 2 81 67 99 10 69 36 75 100 19 88 10 94 5 72 99 48 54 6 20
98 13 50 42 36 80 20 22 90 21 40 39 59 13 68 39 50 93 0 49 70 48 46 97 92 69 49 95 66 30 45 37 91 6 1 10 64 11 40 21 63 36 26 83 26 83 54 29 77 54 26 94 41 37 38 11 93 91 91 10 42 75 66 32 55 89 22 45 19 9 67 92 54 69
38 54 26 77 39 76 91 2 35 43 55 54 21 53 56 52 17 67 53 5 40 13 23 63 1 41 61 61 62 88 78 8 91 97 99 11 34 63 69 98 46 53 56 40 8 79 85 84 59 5 22 72 21 35 86 62 34 67 63 42 32 81 100 68 0 44 10 5 58 90 1 24 61 60
43 28 34 63 8 16 81 17 77 77 100 89 41 8 15 42 2 51 50 96 41 6 71 72 92 41 42 56 2 71 17 38 6 88 44 4 94 27 73 85 30 98 78 12 63 40 94 31 0 82 86 98 51 0 18 34 76 4 30 96 39 3 14 82 0 22 78 4 85 65 56 100 89 42
35 8 85 61 88 69 72 62 44 57 62 7 35 48 62 78 30 67 35 7 13 4 54 90 48 9 61 10 80 26 88 89 96 55 38 83 23 35 15 99 28 56 81 32 71 74 55 23 30 63 61 56 39 79 38 91 34 38 63 44 42 62 80 12 56 19 76 97 12 31 75 79 75 19
96 64 31 41 99 89 30 73 19 61 27 11 95 14 92 34 51 41 86 81 99 50 2 30 91 98 43 8 100 1 32 80 56 21 30 71 76 88 68 13 27 63 37 68 46 26 90 37 82 45 32 19 93 47 78 35 77 24 73 78 6 14 6 46 68 47 9 21 98 28 46 18 42 80
59 50 23 97 93 56 54 82 100 52 53 35 32 43 31 84 12 18 76 4 27 84 22 15 27 47 31 69 1 81 28 67 68 21 1 33 48 73 60 25 87 50 89 82 23 80 68 66 61 86 8 25 37 36 25 31 35 90 16 29 85 53 90 99 100 99 87 64 27 39 40 80 37 9
53 52 26 0 10 60 8 42 75 66 92 79 72 72 8 13 60 0 31 84 53 51 31 38 31 82 49 74 42 39 2 9 9 76 27 59 58 77 8 100 47 99 14 26 26 46 58 72 98 14 71 29 96 61 51 39 28 85 60 94 15 21 4 12 96 64 92 92 26 7 3 7 88 6
77 36 30 63 82 37 73 45 52 56 15 64 63 54 30 52 82 10 2 97 35 10 2 13 29 3 85 49 33 9 66 35 85 45 49 82 1 57 32 50 13 37 17 72 2 33 92 91 30 3 40 19 36 80 18 1 96 48 15 96 15 32 14 100 81 59 66 20 69 80 55 78 51 41
94 42 60 91 25 53 27 22 91 85 49 87 5 10 18 47 46 80 62 23 79 49 47 49 23 61 23 77 67 32 36 40 63 63 20 50 31 88 56 83 96 68 21 17 86 9 100 61 54 43 2 67 53 89 66 49 91 76 54 62 26 59 53 93 87 85 55 27 62 80 27 72 80 56
96 47 81 41 26 83 38 1 2 45 12 19 20 98 100 100 32 87 58 40 9 65 98 63 23 100 39 13 73 61 10 59 0 18 29 83 44 42 67 58 68 35 35 43 99 17 0 100 31 2 59 97 4 75 76 2 97 11 65 78 95 76 11 2 41 14 90 95 8 70 73 31 21 72
85 1 95 27 52 32 35 45 33 11 48 46 90 86 8 32 59 24 82 41 30 9 79 0 85 12 72 58 51 76 55 29 99 42 99 90 81 59 100 25 77 88 13 46 96 11 52 69 23 10 69 37 26 1 82 35 5 41 93 41 41 38 51 21 64 99 47 30 42 80 18 40 53 60
41 20 36 84 68 73 59 79 20 44 100 13 9 43 56 66 22 17 21 24 9 59 30 19 90 88 86 99 4 10 59 42 90 2 17 43 56 63 17 61 58 65 48 93 48 11 29 4 20 82 70 79 72 88 79 65 33 87 82 57 51 50 71 41 26 53 40 92 86 85 16 77 11 41
70 94 61 22 66 3 81 99 75 19 53 5 44 77 10 81 41 95 34 74 7 27 74 42 56 80 39 85 69 79 77 96 13 89 17 19 35 1 9 21 68 98 81 25 52 78 98 87 83 83 12 35 90 9 30 33 73 49 89 43 2 3 32 80 75 83 32 97 55 20 78 91 92 34
53 27 95 34 36 49 56 81 94 82 0 16 23 22 74 85 25 87 7 97 1 48 8 99 60 100 85 24 10 100 58 75 26 36 42 16 88 60 68 8 51 62 37 67 5 34 64 6 25 98 5 85 54 20 20 78 84 23 10 53 17 95 76 87 43 85 43 63 83 28 100 71 80 53
69 86 96 70 91 78 82 12 17 42 0 83 69 55 31 89 81 86 55 24 43 19 14 94 93 36 26 44 4 71 83 37 74 6 82 34 37 39 30 81 24 34 61 29 23 24 16 63 37 43 98 41 40 20 52 87 15 28 14 18 84 86 28 33 13 43 80 78 7 86 4 67 62 15
69 73 94 89 98 0 62 24 59 31 93 81 44 40 1 82 92 85 56 83 35 76 78 95 83 72 49 18 26 52 11 76 11 18 75 50 44 59 74 14 74 65 28 35 62 29 67 90 22 86 51 69 59 32 33 96 33 29 0 13 43 28 90 33 57 73 49 22 43 88 80 55 27 80
71 86 24 34 43 27 15 93 18 22 90 73 65 63 32 68 89 92 42 8 29 46 66 20 75 30 68 32 2 33 76 81 94 2 66 67 42 0 79 39 88 55 91 68 27 76 60 54 94 15 15 66 100 61 29 44 62 81 65 64 34 6 21 89 14 83 37 2 9 44 74 17 20 56
34 98 58 22 60 76 30 70 92 70 62 17 96 29 66 22 89 97 51 1 43 91 13 92 87 66 21 61 92 84 95 91 11 60 17 15 43 20 64 22 93 24 64 49 23 58 3 93 95 41 45 84 81 80 37 5 18 82 34 2 6 13 90 39 83 44 12 52 21 3 67 11 91 18
24 46 80 30 14 52 28 100 49 42 3 26 33 7 12 24 74 54 87 91 8 20 85 31 72 89 60 81 95 2 7 31 3 26 56 8 29 54 16 53 91 25 33 44 38 71 0 61 9 98 32 67 85 24 65 30 52 59 6 95 38 87 95 90 5 7 34 9 57 85 79 81 60 90
8 56 87 51 73 68 44 41 34 68 43 91 19 2 65 16 100 65 28 70 58 61 77 55 90 67 48 38 76 73 67 82 30 10 79 33 60 69 48 21 30 31 73 66 79 74 3 16 74 64 19 12 60 73 88 72 50 51 57 0 89 73 60 57 39 20 32 88 19 75 6 91 40 99
54 82 35 33 64 85 14 77 89 96 14 53 28 92 2 100 36 57 97 53 54 0 4 39 24 7 29 16 51 83 85 29 17 7 26 81 17 18 74 10 100 84 96 90 57 75 60 82 61 36 75 95 52 63 6 75 90 77 63 22 6 91 5 65 73 27 93 39 56 41 28 72 96 61
48 15 66 27 5 33 32 4 51 59 46 72 42 2 53 27 26 62 36 20 23 91 13 88 16 0 17 1 58 8 69 32 9 67 72 40 56 81 2 11 34 52 63 35 100 56 45 94 79 71 62 30 39 96 29 30 45 91 69 100 35 47 57 97 71 85 12 60 0 35 53 94 86 42
95 96 53 22 90 33 9 81 41 28 8 44 75 71 15 78 83 8 46 17 2 74 86 18 89 95 89 92 34 84 47 85 67 14 43 44 69 27 96 99 54 15 50 8 59 20 96 72 77 4 7 90 94 88 27 20 48 4 78 29 71 84 76 6 67 24 75 78 75 11 56 44 53 95
53 93 64 17 74 23 19 64 96 87 46 93 66 53 33 1 0 17 20 52 4 68 58 67 61 76 2 92 11 45 40 74 95 6 57 73 12 84 82 21 25 8 15 69 17 1 88 79 33 63 50 82 50 61 2 48 51 4 54 99 2 28 40 9 93 90 54 40 1 25 85 98 11 47
97 71 71 91 3 34 82 58 31 89 80 62 38 63 50 6 11 54 3 58 11 56 7 36 67 60 75 68 74 16 37 58 11 10 64 71 62 61 21 96 48 97 15 12 24 94 94 75 51 4 60 49 73 29 10 69 67 89 83 23 96 27 26 24 100 57 99 68 16 60 55 75 83 38
40 6 18 48 42 12 1 96 98 79 12 42 13 12 0 77 47 33 45 55 29 42 26 5 85 16 52 78 21 8 64 3 39 19 56 75 88 31 15 54 64 55 14 54 50 49 70 85 36 1 19 1 78 74 57 12 96 86 60 23 94 16 52 93 1 31 59 23 95 39 11 1 26 30
25 59 77 76 11 17 79 90 22 3 58 75 39 16 51 56 66 0 17 35 99 49 3 27 18 50 28 76 54 40 36 61 84 25 56 86 31 31 88 91 62 36 43 95 4 60 20 82 43 71 61 98 38 52 83 10 80 76 63 4 11 52 50 25 8 64 56 72 27 43 18 94 66 1
10 88 98 10 12 26 14 76 58 28 85 89 69 24 36 55 3 64 16 100 7 32 34 88 86 46 35 11 86 98 94 32 34 92 32 72 35 72 71 34 49 76 36 96 0 44 40 0 61 44 93 30 79 54 35 90 74 0 31 38 92 69 1 64 41 97 54 65 70 62 64 19 11 70
65 36 54 23 32 63 34 27 7 42 22 54 66 80 82 46 38 67 68 17 73 94 60 56 24 84 10 15 72 84 62 92 26 44 79 47 82 82 50 29 3 67 33 62 81 29 88 90 17 52 54 95 43 14 42 17 51 9 88 26 55 73 94 14 92 76 57 48 30 24 81 49 68 75
55 64 22 77 60 24 90 12 39 81 46 74 99 6 53 24 65 97 14 100 37 56 12 57 68 17 57 23 18 40 39 25 15 81 79 89 39 52 94 49 85 52 86 64 100 37 30 77 23 47 16 16 72 3 52 32 100 50 97 76 31 2 16 65 50 91 51 70 99 32 78 72 44 77
4 50 51 58 23 23 66 17 25 32 9 78 34 10 87 49 25 47 86 27 45 81 63 87 38 11 93 38 29 22 15 11 50 31 31 48 14 86 67 23 41 3 91 20 48 25 79 71 12 37 71 54 62 47 42 44 44 66 49 54 22 85 86 33 63 31 94 67 95 42 42 76 3 45
48 39 14 95 30 84 79 91 100 31 15 13 30 27 92 76 32 89 91 76 22 38 96 67 29 94 26 43 98 84 79 95 54 17 40 30 50 60 60 65 77 61 9 22 82 87 38 67 18 31 100 56 29 4 22 13 95 31 19 33 83 64 7 78 8 38 48 15 25 29 94 40 27 86
93 4 44 38 18 44 90 45 39 26 34 86 84 86 94 7 75 84 40 43 58 96 3 57 8 57 50 29 29 89 24 62 58 45 26 95 69 93 71 64 63 48 32 77 55 3 36 86 87 48 39 88 16 23 73 80 54 97 51 6 13 20 76 89 53 78 64 40 60 88 29 61 0 8
82 43 13 11 45 98 85 25 31 9 85 22 77 82 24 33 27 18 95 62 96 83 94 57 64 34 8 7 10 60 86 27 24 50 55 77 67 44 35 35 67 19 7 63 43 78 69 2 33 33 31 11 2 60 87 91 30 54 52 21 22 51 45 52 54 16 68 46 93 9 67 88 31 28
14 88 96 99 2 43 63 21 60 49 57 1 56 36 72 0 56 83 19 80 53 88 66 93 29 24 6 31 7 68 39 5 99 48 35 6 21 21 25 66 66 85 98 20 81 30 97 36 21 44 58 51 61 65 62 90 11 21 76 50 39 56 82 64 34 83 72 65 91 48 34 99 82 81
32 35 84 20 14 90 45 49 31 92 5 72 62 77 89 78 49 88 84 73 61 70 1 92 81 90 81 54 97 46 93 8 53 25 65 7 6 24 58 37 31 47 96 78 75 35 37 82 24 67 30 68 13 58 86 64 24 71 43 22 84 37 3 21 30 22 44 53 5 79 76 59 92 8
15 88 18 62 49 39 20 42 87 78 59 98 98 70 96 38 52 73 14 74 97 45 39 41 41 97 28 66 46 94 94 98 34 9 12 51 35 24 91 29 76 16 47 28 47 23 56 70 47 93 34 67 82 74 70 18 96 28 83 25 9 88 6 80 38 48 16 83 2 84 30 47 92 38
20 21 49 73 60 28 20 73 34 37 52 78 78 44 34 5 66 24 59 22 92 81 7 23 94 14 5 52 42 40 34 90 66 19 62 97 17 78 47 77 36 99 16 99 77 45 68 49 61 12 79 19 59 97 76 79 81 16 41 14 39 14 73 3 99 59 37 7 21 47 39 31 99 0
89 68 13 34 59 39 29 11 100 2 69 21 20 86 51 41 29 30 1 85 70 95 76 26 23 70 53 96 51 77 19 81 5 23 35 69 6 48 6 77 26 47 76 35 42 52 9 31 93 59 11 21 13 18 87 29 47 48 93 50 7 50 25 4 94 75 10 88 30 12 14 15 90 83
91 63 69 73 52 70 100 99 34 80 61 28 60 74 56 92 29 71 59 69 97 20 45 44 67 77 72 54 16 100 16 69 15 77 78 21 0 41 97 18 70 14 64 78 8 67 37 5 2 11 97 17 17 69 60 50 46 1 5 75 31 70 95 88 98 72 73 23 50 89 8 81 36 62
43 58 32 62 74 20 99 60 26 98 45 73 77 29 67 78 68 83 62 85 18 47 85 79 93 99 45 52 43 67 22 26 57 87 43 99 6 45 69 29 50 56 1 59 81 4 49 99 4 54 7 73 65 54 41 56 88 86 40 8 0 62 69 83 30 82 19 81 14 53 1 94 61 30
54 44 59 68 54 65 86 9 68 20 100 14 46 89 87 84 26 42 9 69 15 99 87 79 23 52 20 3 27 99 12 56 59 90 77 71 72 39 2 86 53 65 80 87 48 36 45 20 8 54 21 84 5 38 47 4 25 21 60 43 78 95 19 34 17 28 89 3 65 89 72 0 30 83
16 71 57 7 84 52 83 7 56 80 45 24 22 0 74 16 91 6 57 42 84 29 62 84 40 93 100 29 66 50 96 37 79 59 80 10 44 44 95 94 100 77 56 46 14 0 60 49 59 80 64 87 43 85 95 78 7 49 30 98 15 21 2 79 66 98 79 60 71 65 19 98 3 41
5 69 22 49 67 25 46 100 1 27 28 99 0 82 26 32 13 64 47 28 15 23 74 26 13 59 27 14 76 1 5 10 6 80 90 96 14 33 91 42 87 75 31 89 69 94 4 95 16 45 52 32 1 67 60 88 96 42 62 33 46 37 18 89 52 29 48 92 41 71 54 30 65 0
50 42 90 83 73 38 8 56 89 5 3 94 77 87 9 60 72 82 100 47 13 77 38 33 58 52 82 51 88 47 51 57 65 8 1 18 70 74 38 56 24 47 93 48 79 91 58 0 87 50 27 59 65 31 9 54 27 51 49 48 29 47 37 42 12 41 42 17 95 2 41 54 53 77
13 92 15 68 79 88 24 59 97 82 14 71 20 30 84 77 89 35 18 42 5 62 78 28 49 33 31 24 24 30 45 44 14 1 42 94 38 40 79 0 8 41 50 86 78 18 57 46 32 77 40 24 57 60 30 14 98 20 47 97 100 73 18 97 11 30 0 23 84 80 99 31 13 86
33 11 1 45 51 10 61 37 44 0 11 5 4 61 96 85 55 47 10 46 0 39 91 8 94 7 94 98 64 62 83 32 34 43 69 41 56 5 16 39 77 27 25 66 60 16 36 23 20 84 20 7 29 76 0 96 85 27 57 51 43 42 34 71 67 70 36 73 34 77 87 0 28 37
3 82 18 18 42 57 58 3 17 43 54 19 89 24 96 37 17 88 31 25 79 82 4 65 59 40 62 62 35 81 77 18 75 39 10 26 32 79 69 33 2 89 60 50 72 51 45 21 41 10 69 96 50 17 44 3 18 61 5 18 76 73 66 64 96 70 48 54 0 40 72 85 62 50
53 57 2 5 95 23 58 83 12 47 90 83 14 83 8 80 7 1 30 82 39 53 66 22 53 98 81 38 67 75 81 44 24 18 90 50 91 74 74 18 4 15 21 35 17 26 94 77 12 69 88 19 21 81 53 46 0 14 65 21 77 79 77 95 97 5 20 96 61 55 92 15 30 66
13 77 88 11 89 45 65 43 85 1 47 56 18 58 100 42 84 54 6 93 1 1 95 65 72 81 100 55 28 14 66 83 31 34 79 68 55 20 49 67 70 28 53 75 29 66 48 42 54 6 96 48 5 18 59 13 55 33 30 60 85 54 44 58 91 26 81 82 16 43 81 89 78 88
53 4 93 70 44 41 81 66 0 25 44 66 10 54 45 44 5 95 93 77 21 58 91 35 40 84 91 38 84 80 73 15 97 73 44 35 97 74 15 58 13 12 17 65 80 44 47 78 31 40 47 54 87 55 83 11 73 42 58 63 31 10 100 49 95 69 5 94 5 47 6 72 67 37
7 69 70 11 83 79 64 8 27 98 87 29 4 3 89 57 50 15 34 6 83 36 58 5 96 94 80 6 67 59 83 57 13 87 17 77 27 6 31 38 10 65 76 22 42 8 39 50 52 93 25 91 14 73 66 51 11 47 68 57 52 94 72 1 97 52 99 80 7 88 15 31 30 35
11 51 56 50 94 68 0 31 67 51 75 84 28 57 99 85 8 13 10 37 61 29 87 19 14 51 28 26 0 92 76 49 55 51 12 43 83 55 69 19 18 61 78 82 3 86 30 42 24 41 81 67 9 22 21 27 48 92 91 36 9 3 27 40 12 17 48 89 26 90 28 50 7 84
22 98 52 56 33 58 25 90 66 10 64 80 85 52 46 4 90 12 91 52 89 90 76 84 22 55 78 22 54 35 68 9 76 41 17 73 74 16 31 69 67 35 58 52 62 97 41 78 39 2 99 93 10 66 10 79 97 90 96 7 64 51 73 23 2 34 32 80 82 10 49 100 90 20
45 80 11 27 32 19 26 87 8 40 100 77 78 46 53 7 49 37 9 72 45 69 92 5 2 62 36 14 100 17 55 94 28 37 1 8 59 32 10 14 22 96 39 99 84 7 0 83 88 20 40 36 4 13 23 37 49 71 34 62 63 10 92 33 32 1 47 60 22 75 73 52 1 83
0 17 100 90 88 21 29 74 74 6 24 37 35 86 45 100 52 64 28 92 86 17 73 85 23 33 44 79 26 87 50 10 56 3 2 14 81 75 4 91 56 86 32 25 41 100 88 5 72 49 100 12 89 95 98 40 49 78 7 86 49 23 86 94 70 4 67 36 35 80 34 24 98 90
90 52 42 96 25 75 68 49 86 67 90 37 70 5 85 19 12 92 88 57 91 12 75 15 39 95 99 78 82 22 55 76 18 6 49 78 22 62 67 19 73 93 60 71 52 83 92 59 62 100 25 10 47 69 84 87 47 97 80 18 39 73 11 50 74 8 42 52 2 98 44 94 45 48
6 50 48 65 81 28 71 72 84 80 3 61 55 61 79 63 7 71 98 85 91 22 22 35 36 95 72 56 21 37 82 20 60 100 5 2 17 35 91 89 7 31 35 46 0 11 31 98 97 63 100 5 48 92 13 60 90 1 44 88 52 66 18 46 17 35 75 36 23 55 69 79 48 11
40 18 6 9 72 85 55 14 30 61 16 85 70 91 37 29 39 100 48 82 60 92 33 76 1 78 16 38 45 31 63 58 90 30 49 86 96 39 34 28 66 38 46 75 23 91 80 79 32 67 15 75 82 55 100 97 18 17 57 17 86 74 53 23 44 26 37 72 41 33 31 45 37 92
97 40 45 20 78 65 53 84 68 16 83 100 52 33 46 20 48 79 20 24 6 18 14 91 26 91 84 23 36 97 83 90 79 47 35 29 85 11 100 38 28 79 82 1 31 47 68 10 21 55 55 74 42 6 2 16 80 12 3 37 39 93 79 47 81 30 10 71 59 74 19 36 43 56
42 76 82 13 25 82 81 27 73 18 35 73 60 35 80 37 53 78 100 52 23 2 7 62 18 56 3 79 87 45 51 86 68 92 29 30 45 68 74 62 57 56 72 61 49 31 22 92 46 1 76 6 72 22 62 60 90 46 98 60 0 19 92 75 51 90 58 57 4 72 18 54 33 48
29 65 35 21 93 2 94 80 3 13 22 10 41 0 32 39 56 52 18 72 60 46 20 87 73 10 93 34 72 40 89 47 76 20 77 25 61 6 9 77 55 36 94 64 29 80 70 83 33 47 34 94 85 87 97 52 62 29 99 45 82 33 40 37 53 16 96 74 59 32 91 69 61 33
44 53 62 21 61 29 17 86 71 66 39 71 82 85 59 92 6 32 99 53 46 28 61 14 43 5 66 52 44 48 93 27 60 57 98 65 84 33 84 96 47 39 65 0 66 63 60 98 64 0 99 75 11 68 8 18 50 69 79 57 45 58 16 33 82 39 97 11 8 62 22 76 25 100
23 22 32 84 7 100 4 6 29 25 10 70 100 56 37 59 45 39 37 3 88 71 55 85 47 68 76 42 59 56 7 52 15 91 45 52 65 87 21 40 40 52 51 100 47 68 86 89 18 81 63 92 23 10 83 48 1 61 97 1 65 65 36 37 38 32 14 0 62 81 13 4 38 74
