7 100 22 97 12 15 69 83 78 10 96 29 17 11 100 79 8 36 7 46 77 0 83 75 68 63 40 9 27 48 32 98 52 29 95 22 29 22 82 96 28 7 44 65 68 21 77 9 13 73 34 99 54 97 33 84 0 16 55 79 92 87 55 28 38 91 59 99 31 48 33 74 26 34 70
47 90 48 4 100 49 40 28 95 12 14 97 74 84 62 21 93 27 69 89 52 68 61 52 95 44 70 67 6 98 12 39 91 71 72 12 58 30 19 83 84 69 29 11 75 56 7 6 7 48 70 8 45 17 63 82 20 27 99 63 50 83 17 47 34 54 88 20 83 97 9 28 81 97 16
21 17 32 6 1 91 9 61 65 83 59 13 17 3 82 20 48 16 97 53 27 35 34 27 38 54 52 2 34 54 10 2 40 100 91 66 20 7 50 65 67 66 2 14 30 48 94 15 3 52 12 40 23 34 9 96 58 82 28 15 60 30 67 11 12 82 6 24 38 51 93 41 46 51 87
59 53 21 18 53 23 27 99 9 81 32 16 7 13 29 22 49 41 61 10 91 49 12 58 86 80 1 73 87 91 94 89 76 12 86 21 89 94 92 15 49 57 77 72 39 38 70 97 77 11 31 65 93 1 66 78 94 52 78 80 27 94 31 17 19 24 62 82 90 42 45 58 98 93 93
38 17 5 70 15 23 7 61 59 53 98 69 63 76 36 92 76 85 57 13 64 0 56 64 44 16 49 52 51 26 98 88 74 45 30 8 77 83 21 10 74 23 62 83 72 40 51 5 38 50 51 24 84 50 79 70 64 45 81 58 13 53 37 46 82 80 40 30 48 43 72 1 17 44 75
68 7 33 21 12 26 11 69 55 70 76 86 42 37 9 25 57 45 96 10 56 67 78 24 92 59 90 27 44 33 6 68 95 11 22 78 5 96 57 70 17 59 69 76 81 3 50 36 5 81 61 94 35 6 15 25 73 34 2 40 62 85 24 75 58 97 33 94 75 91 71 3 62 25 73
13 58 24 5 48 32 25 4 39 72 87 70 38 72 49 55 61 59 60 42 48 61 19 81 7 77 20 57 41 39 47 93 25 17 59 88 53 10 43 55 20 14 58 84 38 50 81 17 41 27 36 9 82 4 51 15 63 57 72 42 69 46 31 97 56 19 72 21 16 26 59 9 13 34 83
72 58 87 43 68 49 78 95 18 3 81 43 15 63 3 43 72 60 4 39 37 75 76 77 28 21 26 70 52 53 42 97 84 58 48 26 63 61 12 22 69 65 17 51 58 40 44 40 17 32 10 36 10 51 92 4 23 23 11 80 41 50 42 88 96 74 5 86 17 78 71 31 58 47 21
85 33 49 61 40 43 52 87 50 91 74 18 83 85 4 84 97 87 74 8 46 80 76 18 78 94 64 85 70 99 32 52 41 60 3 80 21 21 7 13 88 70 96 23 15 80 81 23 68 30 40 57 6 42 68 67 14 37 9 1 88 51 27 94 41 2 56 86 15 45 74 53 37 99 24
89 95 46 43 29 98 12 49 93 50 91 84 26 49 11 6 59 46 55 84 38 77 17 68 4 98 74 71 0 97 12 32 47 37 49 13 5 47 47 58 63 9 84 23 14 69 66 20 51 44 48 10 92 90 49 20 63 34 93 92 7 1 21 18 60 18 5 27 64 35 38 15 61 89 85
41 34 88 7 80 84 95 38 21 100 24 61 95 74 27 23 15 42 11 6 70 14 9 24 9 89 33 17 19 52 63 69 23 50 11 12 42 32 7 21 1 31 96 13 48 70 81 50 90 67 27 20 80 2 40 1 74 81 13 47 46 8 29 96 74 6 90 5 12 67 31 91 64 30 16
33 74 93 91 76 47 41 18 99 59 18 100 45 75 24 44 87 23 13 100 94 51 100 53 55 28 48 32 5 46 80 21 81 7 12 40 51 6 71 86 61 69 69 17 12 52 67 93 82 12 78 9 22 54 63 73 24 32 15 55 81 5 100 17 38 8 1 76 89 81 30 63 57 85 36
11 87 40 90 69 94 77 80 2 76 93 23 3 95 52 74 35 8 17 81 29 66 38 24 71 94 58 2 48 60 48 66 10 43 56 54 54 2 84 12 15 72 96 40 57 88 7 26 35 57 12 63 28 42 91 10 56 88 4 44 45 7 49 62 15 82 47 86 8 20 16 9 24 1 0
92 49 47 17 68 21 20 90 38 75 74 0 16 87 17 63 76 35 48 24 32 2 94 29 97 57 59 31 52 97 55 54 64 81 32 52 11 1 35 70 56 90 59 30 24 80 21 18 5 97 7 31 24 7 22 59 50 64 20 74 40 19 71 100 65 5 73 12 87 81 76 13 65 75 99
31 59 41 90 28 61 42 54 22 24 13 17 69 0 4 27 78 85 8 36 69 47 22 41 86 60 60 90 74 2 15 8 66 37 56 77 11 78 63 96 69 84 52 71 69 44 43 49 66 14 81 75 8 33 49 64 78 28 4 68 15 61 54 25 56 26 94 51 8 8 39 60 82 44 60
87 48 85 51 11 46 67 94 34 42 38 92 13 44 10 67 100 81 23 52 40 73 87 6 99 85 48 74 17 58 53 26 14 85 8 92 60 56 40 99 34 100 56 42 53 30 3 69 9 96 76 40 18 60 95 10 21 77 64 24 48 63 66 32 14 23 13 50 66 79 72 38 27 86 19
56 92 92 25 75 25 47 66 49 26 97 41 13 4 51 78 27 27 46 50 7 95 60 67 29 68 48 21 14 19 7 42 76 76 6 29 11 13 4 83 90 58 81 73 30 43 92 19 5 4 69 94 93 74 28 58 5 64 2 45 28 84 14 81 57 20 73 65 39 46 29 46 57 7 48
48 87 74 79 70 9 70 17 100 84 4 13 60 92 47 77 50 65 6 13 12 39 51 51 83 74 75 85 31 46 43 16 31 43 17 21 6 75 38 65 67 26 65 42 85 96 12 24 13 14 54 26 30 57 84 71 90 88 60 57 90 99 12 46 99 24 29 73 70 22 1 26 0 0 50
50 57 96 29 17 18 67 47 14 98 90 32 60 60 28 40 19 93 0 51 18 46 63 45 43 55 12 14 20 87 14 36 55 28 97 81 32 64 44 52 82 73 6 91 82 56 81 42 83 87 26 85 20 13 80 96 62 73 0 36 92 77 15 12 54 29 98 92 54 50 74 41 92 22 83
40 13 16 0 69 7 91 66 33 50 69 83 97 31 66 67 64 88 38 32 23 93 39 67 73 41 33 30 2 15 45 45 34 57 97 99 62 43 87 0 65 96 68 37 18 33 66 70 77 83 60 58 72 36 93 24 92 42 23 22 42 77 1 60 52 26 39 27 54 80 88 2 46 69 60
55 21 71 100 63 93 18 59 1 82 65 29 24 89 1 26 84 77 63 68 45 71 26 0 63 30 19 12 6 19 67 0 71 8 61 26 34 10 9 36 36 58 17 47 93 55 65 0 46 9 78 47 20 28 46 45 32 28 62 22 12 12 8 70 48 31 45 93 50 22 62 53 92 2 77
24 75 0 19 80 14 29 84 72 67 56 87 96 77 11 92 88 80 20 36 28 14 30 0 87 94 43 58 6 9 33 84 27 5 85 51 74 81 60 64 65 43 98 11 67 70 14 3 49 47 19 28 65 13 17 32 9 8 98 14 9 81 20 97 73 24 66 96 84 6 82 72 10 31 50
75 0 7 16 49 73 2 99 68 46 98 66 24 74 96 66 38 67 83 30 19 5 83 59 6 34 98 71 37 34 44 48 28 54 73 35 36 90 76 10 47 47 95 87 92 36 40 25 58 49 80 30 45 2 15 58 89 95 32 69 54 45 60 64 30 31 32 53 93 59 70 47 18 88 68
68 64 99 67 27 84 97 46 73 39 72 71 86 55 12 43 18 36 36 78 83 8 35 12 46 73 85 44 27 80 90 25 40 7 94 72 65 36 91 68 4 59 44 50 58 23 3 90 94 36 14 6 73 15 26 99 22 28 54 8 68 2 18 36 76 45 52 14 16 67 46 5 47 25 82
85 87 75 90 96 6 4 93 65 3 97 99 68 86 88 3 43 50 76 92 63 15 81 22 70 48 98 38 58 64 47 80 20 2 34 59 24 18 42 84 11 12 60 88 47 10 63 98 45 56 71 17 30 7 17 67 85 50 67 56 19 48 61 99 87 25 55 63 7 94 44 67 80 95 86
30 52 87 18 6 10 57 22 18 65 41 54 19 66 31 6 0 30 4 70 71 52 17 38 33 97 46 62 0 69 69 92 50 38 67 49 9 3 79 23 68 3 83 54 77 93 2 90 41 62 17 11 82 23 6 52 13 72 31 65 53 95 53 51 38 67 92 35 3 16 49 30 90 82 37
32 86 82 63 76 77 80 33 76 13 39 20 52 96 26 93 80 1 4 10 90 39 50 80 29 26 31 0 88 14 4 64 20 22 44 25 47 41 25 70 28 48 11 12 0 56 89 71 87 22 8 29 71 20 6 68 73 89 16 47 59 83 76 95 52 77 62 67 46 4 37 7 28 42 3
83 81 100 83 94 68 87 28 41 27 79 100 39 8 5 58 73 7 62 22 17 10 49 7 83 27 49 78 71 49 79 38 82 25 67 92 48 44 72 77 76 66 53 91 20 95 23 91 35 54 12 70 79 46 53 17 54 8 26 60 3 15 8 44 81 78 51 44 50 31 83 23 4 84 5
25 40 90 35 33 69 18 28 12 94 59 67 97 38 97 22 31 95 12 62 46 51 71 69 99 19 79 30 34 74 95 0 43 5 73 44 42 92 97 46 81 69 14 57 0 27 3 95 6 72 17 39 81 55 68 6 72 39 48 4 42 40 54 41 0 78 19 64 64 34 38 37 72 44 37
53 36 24 70 47 32 98 29 44 22 98 94 56 89 74 65 26 6 14 94 52 40 97 2 33 66 18 91 1 92 90 92 68 74 48 16 48 3 38 54 37 83 11 33 58 34 24 54 1 98 100 24 77 27 37 14 68 66 23 59 10 64 30 58 41 45 82 49 64 37 100 48 64 59 23
9 44 54 11 82 84 23 69 19 81 41 85 43 19 85 8 39 55 57 62 58 78 34 63 85 16 71 8 51 23 50 46 68 12 16 40 56 7 46 30 39 38 50 69 77 30 51 2 24 57 52 41 64 39 11 0 63 50 79 10 31 63 59 35 100 59 100 95 15 71 30 91 77 60 33
55 88 74 12 78 92 85 56 51 22 39 57 27 41 74 83 100 66 2 72 93 97 13 66 31 52 1 39 34 69 32 28 66 18 61 7 72 71 90 87 48 87 47 17 93 46 51 4 48 33 92 47 73 87 83 85 27 96 44 51 25 6 35 20 21 0 51 15 17 10 21 56 81 14 39
32 5 100 42 96 74 28 42 95 98 73 46 24 12 73 67 7 75 86 55 96 85 39 86 66 67 19 0 87 36 99 99 38 24 67 55 56 4 9 29 65 63 81 43 46 39 60 79 39 20 24 63 68 20 66 47 35 60 97 50 58 60 64 50 42 34 0 8 100 53 18 69 62 1 35
46 13 50 41 96 3 45 4 98 13 69 74 59 86 38 71 13 17 85 20 78 22 10 65 90 93 39 39 99 6 55 59 97 14 19 61 50 29 14 95 87 85 29 3 79 80 73 14 85 98 19 69 10 57 2 66 30 72 90 9 51 44 7 0 72 16 16 26 27 17 78 93 38 61 87
7 83 57 37 62 38 89 79 58 3 79 67 20 68 43 47 14 29 12 3 54 1 10 3 19 51 73 25 37 44 51 97 37 69 93 72 16 67 80 48 97 62 15 3 48 88 15 16 86 35 56 19 99 26 1 96 73 92 82 52 78 91 16 18 42 89 70 20 46 14 51 78 60 56 63
77 18 100 3 75 27 55 27 59 69 44 99 44 15 83 41 23 44 79 19 6 92 65 86 20 97 90 9 96 87 66 26 53 33 82 29 61 31 55 5 63 18 80 76 55 22 59 52 96 66 8 63 34 90 45 23 77 35 31 11 75 16 27 45 32 68 15 83 69 82 7 85 24 98 8
56 57 56 23 46 44 0 12 9 88 45 11 30 53 96 12 94 78 53 21 32 11 2 100 9 64 69 87 81 32 47 20 22 30 22 85 99 16 0 51 94 73 60 28 5 29 41 7 84 79 90 38 78 97 59 58 30 19 92 52 14 34 99 61 1 80 28 69 94 39 33 17 96 18 9
69 66 14 22 48 1 33 4 80 9 79 94 8 54 16 29 18 93 13 23 26 42 32 72 32 47 9 43 53 44 99 26 50 78 56 30 12 96 57 24 71 44 92 68 57 11 75 53 4 15 22 76 87 98 71 74 31 34 46 9 88 74 34 47 34 95 90 51 1 64 53 65 20 88 54
48 99 69 27 84 33 32 65 61 62 3 44 64 57 92 36 15 12 45 75 67 54 7 45 2 63 68 46 69 76 6 2 86 80 66 68 77 21 71 33 78 63 31 77 20 46 40 71 97 55 57 27 9 81 83 72 41 83 87 0 92 96 23 39 23 21 83 34 93 6 50 54 92 98 94
86 93 82 13 66 70 9 99 61 87 15 14 81 32 82 4 41 93 40 32 4 39 93 90 32 63 33 12 32 56 12 65 89 91 50 35 62 76 26 2 100 49 99 20 11 6 100 10 56 3 31 97 90 100 7 4 33 55 11 5 32 77 13 51 20 71 63 62 48 18 12 87 45 15 21
10 66 53 47 56 29 46 0 52 87 99 18 35 21 26 56 20 5 93 100 65 52 89 98 12 32 31 78 4 54 3 99 26 56 95 57 87 36 14 94 87 63 33 69 74 59 68 88 24 63 52 34 53 16 9 36 62 71 80 24 25 66 57 27 89 24 72 28 56 95 81 79 9 52 99
55 47 0 73 57 62 26 27 86 84 20 96 92 87 31 67 54 44 55 8 13 34 95 89 4 67 48 44 90 46 70 93 98 20 24 68 35 23 77 99 93 26 69 34 16 53 54 37 83 93 18 84 53 19 78 14 29 2 14 54 47 61 0 92 88 98 22 91 92 48 60 54 38 72 6
10 6 2 41 66 66 51 11 78 39 10 12 31 21 59 78 7 15 37 76 74 58 35 41 42 89 9 44 96 100 8 59 85 39 80 63 26 9 45 46 38 34 58 69 23 99 65 25 82 69 2 3 6 44 7 11 0 40 74 65 11 33 13 43 63 50 16 73 30 54 80 71 20 45 40
74 100 52 19 16 6 31 3 85 86 53 74 29 74 49 33 49 69 84 82 14 51 61 17 5 83 94 64 17 95 36 34 10 9 65 59 78 17 54 24 38 13 20 87 2 98 27 76 64 6 90 86 35 84 100 20 15 77 14 82 12 29 22 49 24 61 100 95 75 46 57 33 35 12 21
58 26 85 91 83 15 97 46 44 39 31 80 72 2 44 66 25 44 14 47 90 30 6 73 64 90 83 8 86 67 25 0 71 80 93 59 45 79 21 80 1 13 67 9 73 1 95 56 50 71 95 71 25 73 1 50 31 66 72 6 76 82 45 0 50 99 40 20 29 44 54 10 90 25 61
62 36 15 44 79 48 40 27 36 24 26 91 1 100 35 47 8 44 44 43 8 10 67 55 36 21 82 8 72 28 72 52 99 39 35 48 91 51 61 28 8 53 14 16 52 61 14 37 34 12 22 98 53 71 68 55 11 22 74 77 87 86 40 67 61 87 70 6 21 65 18 37 31 84 32
77 22 99 95 81 41 72 21 83 0 29 47 87 37 70 87 67 32 52 47 7 50 41 58 56 35 15 48 3 48 86 89 45 36 73 19 12 76 70 36 51 10 17 45 30 2 92 79 18 30 13 96 24 62 59 22 0 42 89 63 58 52 25 81 44 62 100 88 39 86 99 13 55 1 85
24 7 10 30 15 71 44 57 49 5 52 49 87 12 39 96 68 77 98 1 80 59 14 72 60 17 3 99 77 36 0 83 30 36 46 41 58 74 59 19 49 18 58 1 99 29 35 77 1 85 30 21 93 41 40 71 8 35 28 25 89 0 75 51 67 64 52 86 21 67 39 90 91 37 28
48 1 65 23 99 26 60 53 18 7 11 57 15 79 25 22 14 29 0 39 45 30 92 4 0 11 50 14 40 29 9 52 82 98 85 11 61 93 32 52 75 76 0 74 56 45 11 74 39 66 71 12 21 26 77 16 42 39 22 70 89 17 95 25 12 85 6 64 7 61 97 77 46 85 34
6 12 9 82 14 10 7 29 49 96 65 58 88 87 26 83 82 87 12 90 17 7 95 8 89 37 79 22 85 62 74 80 49 19 17 95 35 100 9 20 0 7 94 78 15 99 35 96 88 77 72 0 17 63 10 38 94 65 31 55 32 21 83 58 89 82 41 47 12 7 27 77 44 90 92
65 78 21 33 52 17 30 13 21 76 28 96 32 58 67 22 78 9 13 73 53 37 45 56 95 16 13 10 67 32 90 50 97 83 9 46 33 33 13 96 99 37 68 52 13 64 93 84 79 10 42 75 60 31 99 44 69 95 53 63 59 16 43 49 66 21 13 2 78 16 10 47 79 51 67
67 61 96 83 98 77 89 42 88 50 20 61 35 14 40 52 66 33 27 100 70 75 71 15 66 79 37 96 15 71 8 32 42 43 17 3 74 42 24 45 24 71 23 33 12 85 32 6 84 72 12 12 38 21 87 6 25 41 50 89 89 75 34 98 32 76 33 4 84 84 31 81 35 59 93
25 73 43 19 32 38 94 41 96 5 17 56 90 7 2 31 46 51 7 63 8 18 80 81 41 63 31 16 38 86 53 85 62 22 95 29 9 60 89 43 44 11 7 47 28 42 54 71 70 82 47 14 60 10 51 30 58 17 64 9 94 20 60 0 41 36 23 19 6 84 97 4 61 36 43
83 30 60 26 75 70 4 73 23 97 59 45 44 52 0 84 13 12 74 53 39 67 42 20 12 73 49 6 42 59 14 27 82 55 15 36 45 7 55 41 88 16 41 93 76 59 17 38 67 48 98 82 72 64 17 6 37 97 18 92 21 31 48 99 30 5 7 81 76 29 18 23 17 25 56
35 57 44 99 27 61 4 100 14 9 39 25 18 33 1 92 36 69 18 42 92 54 14 6 70 1 98 25 65 28 81 81 46 49 65 72 5 71 63 64 87 39 79 82 51 77 75 48 65 36 62 4 60 29 20 30 58 94 38 62 85 44 89 14 31 66 75 31 40 85 23 70 47 12 53
47 28 17 74 60 68 62 21 19 3 22 91 81 75 58 67 25 47 56 14 82 51 56 52 28 50 27 93 66 73 82 63 65 1 14 41 39 27 41 66 62 5 18 2 7 80 92 66 66 54 31 90 86 8 83 95 45 92 65 54 82 49 76 100 42 7 75 87 12 39 69 85 79 15 92
43 53 1 20 83 29 88 91 81 96 49 31 62 38 9 91 86 7 65 40 30 3 93 59 95 76 31 3 14 6 27 91 28 93 43 67 45 22 29 94 92 96 15 52 48 47 39 86 95 86 4 65 12 16 90 93 84 23 17 10 94 10 71 21 90 92 25 10 22 90 4 24 64 64 41
17 70 24 8 61 46 31 93 69 87 68 23 17 45 86 92 43 77 78 48 25 16 50 20 6 34 54 61 5 77 40 94 38 62 61 10 65 74 94 29 45 69 78 18 84 5 50 62 51 56 59 100 42 2 33 87 2 28 42 87 99 59 33 34 54 21 76 86 56 96 64 80 81 99 12
65 17 86 33 65 17 36 39 44 55 85 25 81 80 36 7 95 57 56 67 13 52 48 2 93 63 55 99 42 80 32 71 20 8 40 77 98 50 20 5 17 21 82 9 1 84 85 38 77 69 71 50 56 29 67 65 33 50 68 28 78 31 45 70 82 61 21 0 76 80 98 28 31 64 96
32 21 29 21 43 17 36 62 43 37 43 60 35 79 30 59 56 53 20 66 22 49 51 71 99 83 81 56 45 55 34 62 90 55 14 73 54 11 42 45 65 68 34 16 91 76 58 0 28 32 2 46 31 86 48 46 77 25 36 75 38 27 9 7 82 93 45 84 26 12 84 46 94 87 59
1 77 16 56 0 79 50 0 83 21 16 62 68 73 96 71 9 44 35 86 54 55 91 9 23 24 25 3 12 75 14 80 14 33 38 3 6 84 87 62 18 77 55 27 62 69 0 21 14 6 63 7 87 29 9 21 67 30 72 87 75 86 84 1 3 36 25 93 25 15 80 99 46 39 96
13 62 71 44 83 48 68 99 72 81 10 57 20 25 50 75 76 69 18 54 78 79 70 27 49 60 42 79 25 99 12 71 44 33 79 86 67 36 30 94 5 25 57 93 67 10 42 98 66 2 43 67 94 26 59 37 2 56 32 1 90 45 0 82 78 99 35 96 33 21 73 72 5 31 69
52 94 61 24 7 74 64 26 92 94 39 23 65 6 99 66 27 3 40 73 69 39 97 97 86 48 78 50 35 88 42 40 90 86 17 47 4 1 31 23 26 32 27 1 49 43 43 48 96 83 88 69 76 15 100 59 17 65 20 17 29 63 44 91 15 82 45 100 94 61 4 39 77 21 25
39 75 76 9 87 100 70 38 47 2 17 65 70 21 52 12 19 1 58 34 49 29 27 73 32 86 68 59 38 44 27 44 64 27 68 55 99 48 24 27 37 11 44 86 63 69 14 11 96 87 1 67 77 70 73 14 15 29 37 77 94 56 36 47 26 67 42 58 26 54 25 66 58 25 55
9 98 59 47 77 68 11 64 95 97 97 80 72 78 47 58 40 84 81 29 95 42 63 14 37 16 84 1 51 59 17 47 16 27 86 70 54 78 24 64 90 70 55 42 3 64 75 28 79 96 99 9 12 99 11 25 10 2 15 65 45 43 41 97 35 20 86 8 94 55 27 10 54 33 24
5 15 0 85 57 68 95 39 100 14 86 60 87 54 0 3 84 84 3 77 66 65 59 62 46 24 38 53 11 8 56 80 96 86 12 44 62 18 94 0 73 37 77 48 74 81 75 97 23 98 81 54 17 44 46 17 48 93 9 77 1 28 32 38 0 63 79 84 36 95 98 16 52 13 85
5 58 33 79 49 11 39 2 31 10 60 78 32 59 69 96 87 17 98 31 44 29 41 85 43 33 90 82 34 10 76 89 16 80 93 82 12 30 69 4 28 16 91 73 23 96 18 67 71 44 65 53 76 56 5 6 17 69 69 52 19 84 12 69 12 26 4 22 20 8 61 67 21 78 73
82 52 42 19 58 94 28 29 71 3 71 10 37 39 7 50 87 63 74 81 74 70 87 18 20 75 94 28 32 14 66 23 0 24 97 65 10 49 94 75 63 88 91 27 45 13 68 15 62 62 88 66 63 79 74 27 9 14 79 63 96 56 5 90 21 90 13 66 30 72 65 58 66 15 50
71 46 33 1 71 48 68 72 22 48 24 70 24 1 27 80 49 96 23 21 1 68 35 23 65 83 16 97 64 32 95 17 42 18 82 50 10 98 85 7 99 62 62 87 47 60 25 45 89 79 17 38 61 1 85 80 30 12 6 58 25 44 65 61 22 25 10 85 82 9 2 54 60 93 99
66 44 59 68 94 37 73 50 84 43 75 93 14 91 48 85 98 82 27 97 49 61 74 33 5 75 39 22 96 62 34 94 24 11 47 28 19 72 38 51 30 18 60 59 44 69 46 68 80 26 5 19 51 21 70 76 39 53 56 98 94 65 60 64 65 10 23 30 65 36 47 78 10 40 4
89 93 56 95 94 63 33 12 43 31 73 41 65 23 3 16 87 52 55 53 56 16 15 53 70 48 67 32 72 77 8 95 96 0 50 33 58 41 33 56 59 42 48 43 7 0 94 40 88 28 37 92 34 24 58 88 32 85 96 99 95 15 74 87 21 55 88 90 81 72 88 19 56 77 69
83 17 39 69 27 94 53 10 34 43 6 10 86 0 32 23 75 38 54 16 82 19 68 16 73 48 98 38 69 38 79 24 92 69 35 81 43 40 16 4 63 69 82 97 73 17 47 63 10 61 90 72 0 91 34 80 75 35 87 50 68 66 77 4 11 82 71 10 39 34 78 86 69 25 41
7 94 68 57 7 38 13 38 86 45 52 75 24 88 59 17 47 45 8 73 16 93 54 47 100 85 51 100 20 34 15 90 97 89 68 21 58 87 42 72 9 37 17 70 8 39 96 3 2 93 55 65 67 28 38 91 18 94 81 87 57 54 34 62 57 81 2 39 21 57 44 9 12 62 99
92 23 22 32 2 20 26 36 7 60 36 23 7 57 99 85 1 47 53 100 49 87 16 59 18 35 55 77 6 40 51 25 31 43 67 10 78 72 59 30 78 5 34 58 6 56 90 47 39 14 4 80 28 66 96 30 56 4 21 77 57 26 42 31 97 35 91 71 82 36 42 68 54 99 92
5 80 28 62 35 78 9 93 37 14 0 1 47 19 61 55 36 39 67 13 94 42 54 10 75 88 98 1 16 84 83 76 51 15 92 69 16 44 19 19 30 58 37 89 11 82 50 23 97 3 58 49 51 65 38 78 22 37 7 100 55 66 63 83 97 24 56 32 90 39 87 48 62 22 48
