33 9 73 42 15 66 27 67 89 96 81 53 91 56 64 26 15 36 48 47 72 22 36 74 65 92 89 95 17 65 11 25 97 86 20 75 94 21 5 35 53 14 6 99 91 79 9 71 7 36 31 39 14 25 50 21 95 83 81 99 83 60 48 54 9 42 67 26 58 84 0 38 51 14 1 43
90 17 85 59 80 62 23 10 26 40 29 30 54 7 89 12 17 65 67 68 3 49 88 35 94 9 2 5 45 59 76 85 80 49 1 92 19 87 55 99 18 10 82 23 57 13 38 100 76 74 31 13 34 27 70 50 63 49 14 94 72 68 45 5 47 73 4 63 81 95 60 25 89 99 86 80
49 10 64 97 16 46 33 26 0 46 100 97 40 64 25 19 95 42 1 74 81 92 95 21 26 61 7 12 50 79 80 65 41 45 6 15 28 42 75 100 45 13 91 2 46 83 43 50 10 20 12 23 33 36 20 7 34 25 32 3 40 65 25 53 18 16 70 61 25 15 12 98 50 100 19 57
2 71 90 39 97 97 77 50 72 67 58 16 33 89 38 15 84 3 12 86 37 30 63 80 24 43 31 37 13 80 31 94 83 4 72 50 66 95 64 17 81 38 13 8 96 56 76 41 11 36 1 69 35 29 34 4 48 99 13 82 5 34 21 97 41 65 49 78 83 23 99 71 55 36 35 72
48 2 6 22 99 19 54 25 94 92 69 83 17 83 19 55 99 89 92 61 62 91 75 88 79 65 14 43 34 0 82 84 34 9 91 32 14 24 34 93 55 37 19 36 88 97 93 35 55 33 33 70 4 46 37 95 38 76 4 16 91 97 65 7 4 21 77 77 56 85 80 6 25 22 26 58
65 2 16 87 87 15 75 57 20 62 20 84 65 62 65 69 45 16 39 99 80 16 10 5 91 57 54 32 13 5 71 82 75 21 83 81 55 89 74 97 3 95 20 34 66 93 68 1 25 10 15 10 66 20 56 30 54 40 20 16 36 25 7 16 7 25 75 50 88 65 26 80 43 85 88 87
85 76 99 31 94 57 23 29 20 67 74 15 75 60 100 53 96 7 84 24 12 0 27 14 52 22 4 72 84 40 40 14 84 39 87 22 56 10 62 39 70 78 73 62 69 53 71 83 76 54 59 41 33 62 64 24 28 93 10 17 39 11 84 37 28 49 46 91 90 68 68 35 33 97 12 64
99 22 17 33 46 26 7 59 19 28 50 16 72 50 21 9 71 44 10 87 34 36 78 91 62 94 78 66 58 23 37 18 90 89 26 11 60 50 46 83 8 38 32 9 1 40 61 41 34 54 30 32 87 36 31 10 24 3 76 85 43 70 80 75 44 1 56 49 4 85 99 36 71 17 100 75
89 89 27 92 38 76 33 88 50 80 16 51 24 88 15 33 28 4 54 10 79 87 58 92 49 37 30 66 61 33 71 93 84 31 83 83 39 47 68 7 26 6 67 16 67 12 27 3 93 100 0 71 40 12 3 6 80 8 93 28 76 87 89 22 35 91 51 67 49 91 66 59 73 67 82 12
89 62 98 16 31 8 15 28 38 22 22 84 28 27 76 63 44 25 35 81 79 38 100 50 23 28 13 26 97 3 24 84 39 65 45 88 49 18 41 27 16 14 26 2 14 19 56 50 72 35 21 60 41 13 98 4 63 64 54 38 78 61 90 60 45 16 12 44 12 71 52 66 30 97 44 4
86 9 90 89 19 24 13 64 95 58 59 8 74 42 18 57 5 85 94 100 99 65 50 77 10 74 83 19 86 55 26 99 57 15 70 80 79 62 3 45 84 8 27 73 53 40 16 87 27 98 88 66 97 87 30 68 65 26 56 72 87 98 9 77 49 24 40 97 52 88 11 17 39 53 29 32
89 91 56 9 48 3 59 69 31 6 94 88 29 73 49 99 46 2 98 70 53 82 1 74 8 73 21 38 35 98 84 52 72 31 26 80 82 86 62 80 55 31 10 96 82 57 99 63 76 82 48 85 4 40 88 2 11 12 87 32 40 56 11 71 58 75 9 77 34 82 82 71 61 42 72 22
41 81 68 36 42 71 40 56 42 49 55 28 8 55 100 41 73 65 55 33 0 88 5 93 14 93 25 94 69 14 43 22 62 28 62 46 19 86 94 77 10 10 84 20 31 92 38 76 5 99 58 15 39 5 6 70 60 1 65 85 46 25 35 46 85 96 67 90 9 4 93 94 17 10 52 78
76 81 4 41 8 66 42 90 99 50 32 38 60 65 15 82 51 23 100 66 88 57 18 27 72 74 78 8 23 27 64 36 5 42 17 27 4 30 32 39 92 70 49 40 68 5 54 19 84 40 79 8 100 77 67 97 43 86 88 8 30 45 5 55 39 28 51 24 20 9 18 54 79 89 70 48
59 4 50 85 75 99 12 42 46 38 48 73 98 12 58 8 73 26 99 86 37 96 16 8 58 26 43 7 43 71 24 71 35 19 86 5 65 82 34 16 0 5 17 99 83 47 9 99 38 43 39 85 19 13 93 88 60 63 100 87 12 5 97 84 6 93 91 99 71 79 98 42 96 45 82 73
39 64 89 85 69 85 64 1 0 26 55 48 39 51 97 90 43 87 84 26 93 82 78 99 35 77 49 44 4 93 90 77 69 15 68 9 42 99 55 72 36 64 57 43 27 57 32 17 3 48 71 70 38 8 1 94 68 6 56 42 9 92 42 22 12 44 93 11 89 21 88 92 20 30 86 6
39 59 10 27 8 86 61 22 80 47 43 22 66 81 100 83 30 50 39 80 65 74 8 95 13 16 59 33 81 89 60 80 3 55 75 25 91 43 24 28 95 59 73 87 35 17 61 83 69 90 75 89 25 3 6 96 30 1 96 74 85 8 89 74 4 0 55 34 20 71 84 99 44 7 31 44
24 23 14 48 100 7 67 37 7 73 51 55 33 7 50 30 36 36 15 60 59 53 31 29 13 58 26 26 34 25 61 84 43 19 29 32 25 53 0 61 78 18 78 64 9 21 98 0 22 43 82 73 37 97 74 83 34 63 25 38 63 75 94 64 55 63 40 45 59 69 44 8 81 51 73 21
65 96 31 33 41 19 72 90 83 54 23 65 34 3 88 79 28 60 49 21 98 47 11 84 84 97 40 77 32 57 69 51 44 89 77 20 75 33 85 50 9 14 57 13 70 95 92 35 57 41 73 41 82 57 61 48 35 37 63 14 55 62 30 7 29 26 62 76 28 43 51 60 69 36 78 47
32 72 6 40 42 31 94 98 63 96 39 96 60 74 27 51 75 11 63 63 96 70 89 38 19 62 4 47 40 25 10 40 83 55 27 67 59 54 27 54 16 36 100 55 18 8 66 87 21 90 58 39 8 63 65 77 75 87 24 91 67 61 10 81 77 97 86 52 99 61 44 33 36 85 44 35
79 4 32 54 80 33 92 77 29 100 62 12 9 58 54 71 68 12 99 62 95 49 75 94 31 69 38 25 16 21 35 43 30 43 29 3 72 62 2 61 34 56 39 20 80 16 70 39 38 72 91 52 10 69 71 60 8 48 36 38 53 69 57 47 56 40 97 76 71 48 56 41 81 18 17 86
54 68 48 9 77 57 44 68 24 10 83 90 42 61 64 14 39 92 19 71 89 53 71 49 20 18 41 50 42 91 59 54 53 8 14 49 76 73 96 88 36 6 6 81 80 88 73 85 51 77 3 2 40 29 71 70 29 70 70 51 78 69 2 13 6 91 86 38 47 1 94 15 62 76 92 82
22 19 55 56 81 20 50 33 62 11 92 6 59 68 51 29 0 87 97 1 85 30 7 90 94 72 45 86 6 68 93 48 73 1 92 80 56 100 32 88 24 52 86 28 99 33 26 55 56 55 76 79 66 4 94 27 31 89 12 26 81 25 83 39 87 30 68 68 74 77 74 51 86 44 100 74
82 49 79 27 10 77 88 43 48 65 33 28 18 52 14 8 3 0 74 38 70 12 65 76 15 47 41 56 72 62 75 29 28 31 64 17 43 87 77 88 95 39 87 73 55 82 51 36 53 62 37 85 46 65 73 56 7 85 38 25 29 43 97 44 85 79 91 9 66 25 46 57 46 49 9 92
56 72 80 36 81 99 53 8 71 10 48 96 72 21 11 69 80 96 4 66 89 43 27 47 45 31 17 57 13 40 18 45 19 43 67 74 96 97 62 93 65 34 14 73 38 33 65 1 60 98 63 51 100 82 1 6 40 49 25 67 60 69 8 4 9 42 46 27 9 29 91 13 83 100 25 47
39 85 10 37 48 40 23 94 51 22 15 13 73 29 71 53 22 31 25 49 9 12 8 54 18 39 73 78 56 82 46 33 86 80 33 13 78 73 67 11 99 100 67 97 56 74 84 76 54 1 99 4 96 27 74 84 5 29 2 27 22 12 33 77 3 32 65 71 81 80 15 50 71 41 41 67
92 40 60 98 30 66 16 50 83 31 85 12 1 6 65 43 75 30 88 79 9 93 84 37 74 33 67 70 47 100 54 27 22 24 8 33 96 24 41 50 5 82 32 85 51 14 49 97 37 6 62 63 43 86 29 31 47 47 29 14 91 37 78 97 56 5 98 88 35 97 100 90 60 55 68 21
43 71 30 57 69 5 0 98 31 1 58 90 74 3 90 4 81 52 85 81 88 30 60 77 29 86 65 90 0 44 2 73 7 56 75 54 72 27 47 64 89 13 51 20 17 76 83 91 20 60 10 89 3 40 15 64 4 63 70 17 85 73 63 15 29 93 50 48 55 35 69 2 25 23 41 98
97 61 91 38 21 48 66 71 31 66 72 23 97 23 48 63 52 98 32 60 22 85 52 68 67 64 47 53 23 12 81 8 32 56 41 82 65 49 48 66 61 37 71 1 3 4 47 89 25 93 35 67 43 68 21 22 68 40 60 31 61 26 97 28 22 96 63 42 19 98 21 4 58 27 78 20
88 100 48 10 66 27 27 21 36 38 45 25 86 88 46 89 20 56 15 75 9 81 38 24 90 11 43 95 30 41 32 89 68 88 22 6 28 56 38 100 99 80 66 98 8 15 73 33 41 63 67 25 85 22 15 46 25 67 49 79 17 72 98 81 67 14 4 34 71 42 96 38 62 17 45 48
11 59 78 63 60 96 25 72 81 19 30 4 51 36 65 72 47 11 70 12 83 57 95 21 18 1 48 23 47 5 78 96 49 45 53 11 85 84 13 44 87 78 67 61 80 32 41 86 84 31 58 10 64 81 85 63 97 44 9 7 0 76 96 40 70 76 31 52 21 44 47 24 83 18 35 72
62 49 83 30 76 93 53 37 56 76 90 58 41 15 27 37 52 32 62 63 70 55 40 69 26 65 0 32 15 36 60 16 55 15 82 73 40 83 58 39 98 32 16 30 98 47 39 75 95 11 1 99 69 39 39 2 46 1 79 17 12 41 0 81 16 97 28 86 36 1 96 80 74 26 18 58
86 37 49 32 24 93 11 7 90 96 80 11 91 68 19 94 13 51 45 100 65 14 63 24 39 69 68 28 65 40 56 56 10 48 23 96 9 0 37 22 28 29 53 65 57 28 81 20 44 42 25 63 98 6 82 41 1 72 65 90 63 75 38 7 36 15 100 15 64 49 52 36 38 84 69 24
62 29 50 50 60 0 96 83 76 100 85 4 21 35 89 90 40 21 67 99 96 22 68 55 4 89 22 67 63 43 55 80 64 87 14 0 57 48 32 92 15 41 28 69 15 70 57 89 2 22 82 18 37 56 42 77 22 53 20 83 16 6 96 50 14 44 41 49 9 59 85 64 42 52 61 56
99 95 35 5 98 37 41 28 1 52 1 24 34 40 86 90 14 11 37 82 35 84 89 98 96 31 79 43 28 97 98 83 6 9 84 20 37 35 1 9 92 67 94 59 91 86 14 90 83 2 85 6 64 71 14 47 60 31 75 47 5 87 60 14 95 89 28 7 82 31 60 82 11 51 92 25
88 73 15 88 89 96 87 53 14 8 93 66 57 65 0 18 22 18 64 87 71 37 96 36 46 24 42 1 93 5 88 30 49 9 94 66 94 33 71 89 46 7 89 30 56 83 74 31 77 64 71 22 1 44 7 50 13 27 56 62 81 78 76 6 38 58 28 27 53 100 92 16 73 91 49 81
9 29 29 27 60 20 60 5 63 87 61 35 30 1 76 69 46 72 72 99 6 31 3 26 88 43 70 31 11 74 83 43 75 2 32 95 14 60 42 68 73 50 8 72 66 72 23 32 55 3 47 46 14 25 7 79 2 48 88 50 36 64 10 0 47 17 42 18 4 2 34 43 94 79 45 92
62 26 76 48 81 24 41 97 60 21 65 11 82 81 60 85 68 57 97 65 41 89 81 41 88 26 42 89 16 46 72 91 27 81 31 98 3 15 95 31 37 100 13 71 26 4 0 86 98 37 1 83 80 57 55 81 92 64 76 0 9 74 68 21 7 71 81 44 3 47 37 76 81 24 48 30
3 89 75 80 71 79 60 82 59 92 12 26 8 76 40 82 89 28 62 57 81 17 33 45 77 36 85 72 78 72 18 64 68 45 47 1 62 40 90 69 5 44 78 44 47 16 50 31 58 62 48 36 10 74 6 52 55 17 53 66 65 81 95 37 25 64 66 89 99 50 49 79 15 15 75 76
63 99 84 64 54 30 84 13 23 60 15 44 22 95 15 76 67 53 73 78 14 58 93 19 30 29 4 7 64 29 87 59 23 41 1 20 64 71 73 7 83 60 4 6 99 10 35 29 99 0 38 60 92 6 67 63 70 80 41 84 78 90 92 49 63 8 47 97 36 0 13 46 96 63 76 76
40 41 93 28 1 62 1 62 12 8 46 70 85 64 55 99 100 9 19 84 49 73 15 68 82 64 5 91 21 12 80 17 2 67 44 53 3 45 18 60 56 51 7 30 95 43 41 68 70 68 71 16 64 92 22 9 19 66 75 68 71 12 57 80 99 55 58 6 82 5 73 25 91 58 30 95
8 72 43 18 89 2 92 2 75 92 66 75 87 47 40 65 24 84 28 30 62 13 31 84 98 78 70 63 87 7 30 68 51 55 80 9 60 9 20 92 13 44 52 7 40 91 68 25 57 97 99 91 66 97 52 27 51 27 98 62 68 39 84 29 4 53 91 3 71 47 3 43 97 45 21 57
50 25 30 69 28 36 70 86 65 44 44 41 32 42 99 64 40 52 90 41 86 81 33 30 16 8 47 66 86 11 14 97 72 51 24 1 73 28 80 11 60 23 50 17 79 76 64 95 13 75 20 0 38 23 2 30 69 0 50 26 94 40 70 49 53 56 73 13 67 43 61 47 33 36 2 78
8 20 5 90 49 39 38 19 100 6 13 15 26 23 87 22 42 33 72 5 2 13 24 61 89 46 33 64 20 51 54 67 51 23 100 7 95 32 14 25 32 34 46 69 45 14 59 34 16 26 23 88 40 82 99 16 28 89 6 17 78 51 1 54 65 5 11 86 56 34 59 92 86 49 64 38
64 75 11 81 82 34 36 21 17 24 1 100 3 6 37 93 55 55 64 26 92 87 32 30 40 73 96 23 82 57 35 23 3 69 30 33 61 12 29 32 18 84 96 17 3 58 76 14 49 40 4 9 34 30 44 91 44 4 8 99 42 65 30 96 23 62 33 65 12 62 76 73 18 83 44 81
65 50 99 81 28 33 0 29 1 57 62 82 16 68 90 71 37 17 51 55 8 90 57 2 97 52 16 87 67 87 58 48 30 51 85 21 42 61 73 23 61 42 39 31 0 84 49 67 19 68 87 36 90 2 26 96 69 46 34 7 69 21 58 32 41 45 1 31 53 53 72 47 75 40 60 63
5 72 33 39 38 45 26 49 3 82 62 85 52 44 50 37 33 29 24 13 14 70 26 93 5 61 55 98 31 19 17 41 3 62 66 58 93 26 6 31 30 85 16 43 96 80 98 21 13 99 81 2 58 61 87 8 66 75 17 64 76 74 41 55 86 91 16 86 62 44 98 23 75 26 53 0
38 35 22 45 92 44 33 78 46 55 59 100 62 25 20 41 0 61 41 60 27 96 7 35 9 5 100 17 57 3 0 49 49 63 0 36 83 9 7 40 78 85 40 43 65 48 57 47 81 31 99 41 31 90 9 86 11 63 100 100 93 21 83 10 91 28 17 33 90 64 46 63 28 19 88 6
86 85 45 23 94 13 50 77 78 40 76 39 30 72 60 26 62 91 41 2 48 12 1 80 38 15 81 33 86 24 61 8 42 76 29 91 17 12 80 74 65 98 47 54 33 61 85 83 66 79 76 13 51 9 91 23 53 73 10 73 93 85 37 0 47 35 50 26 0 73 79 52 13 100 64 59
29 63 13 48 28 12 70 62 15 52 14 1 40 12 10 73 0 72 39 43 60 6 0 17 2 61 12 57 62 68 2 24 63 63 63 89 30 62 8 46 48 68 42 25 70 26 34 68 88 98 96 16 86 43 25 87 54 52 11 11 30 90 87 5 9 26 31 22 38 31 89 66 8 0 86 54
25 79 46 37 74 0 39 82 70 58 15 20 62 71 28 14 43 51 23 0 96 41 81 35 55 79 30 42 32 56 94 98 18 69 71 72 58 18 86 50 12 90 56 75 44 76 2 83 87 6 13 62 67 30 46 83 64 14 33 37 20 86 44 90 40 32 90 47 56 1 19 72 0 100 25 39
59 7 97 8 4 68 92 89 97 24 20 27 6 99 19 42 72 20 23 77 79 54 20 40 38 28 48 8 80 2 22 17 39 13 29 17 8 34 61 6 36 72 52 8 54 35 45 82 54 92 88 48 39 89 83 80 97 54 75 29 53 81 94 83 24 51 63 33 20 74 41 3 8 10 44 47
13 87 4 24 84 3 64 30 91 50 27 1 96 81 45 73 13 93 61 46 24 99 12 32 49 21 82 82 15 87 12 69 13 68 7 77 52 64 42 39 71 34 96 24 52 97 15 89 36 95 80 53 96 57 61 27 33 58 19 0 32 71 46 94 16 49 34 83 44 54 99 16 0 53 11 83
65 66 40 6 91 99 35 62 94 29 26 68 27 10 58 15 1 47 91 53 75 39 80 31 53 63 95 0 100 37 74 1 63 87 77 66 53 69 47 63 90 20 11 80 58 88 17 24 58 26 12 9 17 59 3 44 84 33 41 96 33 100 0 17 81 36 35 79 40 2 62 34 84 41 25 24
64 30 5 66 75 87 61 72 38 44 47 66 50 93 43 74 54 9 89 85 16 55 50 97 37 0 37 50 57 54 33 24 35 76 79 22 98 80 84 10 65 0 17 88 15 23 47 65 83 54 80 75 64 81 93 72 0 62 93 68 99 8 28 59 69 83 91 31 14 38 34 33 41 3 19 57
4 92 5 91 60 43 37 75 77 59 34 98 81 23 37 14 52 84 77 49 47 48 2 50 5 50 12 33 16 77 37 69 18 25 30 10 85 86 21 92 69 63 6 0 77 28 7 67 12 82 40 77 43 56 90 67 53 3 71 63 51 12 82 31 30 15 64 25 59 53 14 97 8 12 59 27
85 65 30 64 77 34 79 12 15 86 18 17 25 55 79 5 95 82 50 88 47 97 45 97 49 71 2 25 40 5 24 47 3 46 0 69 45 75 86 67 31 58 29 45 25 97 65 12 25 98 6 45 20 55 83 37 87 70 51 40 48 7 4 47 11 36 37 7 1 10 64 68 84 70 78 28
81 75 88 96 36 65 14 2 21 60 98 92 62 54 55 65 54 94 71 3 79 51 67 89 30 58 4 68 82 86 81 79 8 63 53 77 15 53 77 77 29 18 86 54 58 52 86 77 13 43 43 58 17 4 19 12 45 0 21 40 75 81 0 30 18 80 5 1 11 30 12 96 72 60 43 67
20 45 40 41 90 99 91 69 95 19 15 75 91 33 69 1 84 58 56 92 69 25 47 41 59 94 0 62 74 62 64 37 15 41 20 34 21 34 11 24 96 2 46 58 0 32 86 82 84 34 12 80 94 94 75 86 79 24 89 66 79 27 41 24 94 98 8 24 8 23 46 76 68 35 0 68
81 27 95 39 22 41 90 61 43 98 80 91 20 67 76 61 54 6 9 82 86 11 23 50 12 50 64 26 73 59 57 99 1 60 23 43 84 30 4 15 69 88 38 40 86 15 18 9 77 82 70 3 17 59 87 60 28 82 36 3 26 100 88 39 19 82 39 44 86 33 6 95 68 22 1 20
40 26 7 0 64 97 62 37 80 32 57 57 41 22 68 94 78 19 42 23 10 51 53 82 5 46 96 75 50 79 81 36 63 60 48 77 65 7 36 57 80 58 31 61 98 35 3 96 20 99 82 16 81 89 2 93 91 7 68 30 55 98 94 46 78 89 63 57 57 19 96 85 4 16 51 63
56 91 74 93 91 24 93 57 83 43 67 48 49 19 47 30 4 2 7 36 79 79 20 33 72 53 41 11 63 79 44 32 22 38 11 51 22 59 90 42 52 89 11 22 14 20 1 83 31 45 47 100 73 89 5 96 94 6 6 20 80 40 20 33 19 72 10 1 15 52 8 34 80 81 89 35
98 54 40 52 96 1 73 98 41 83 58 87 89 49 24 10 58 26 5 64 38 100 82 58 12 44 4 100 19 49 39 14 12 81 33 12 45 47 33 100 100 88 88 85 6 89 72 35 0 75 52 33 27 65 63 27 0 87 33 51 31 33 66 70 49 14 83 21 41 10 65 5 99 93 31 62
71 84 63 80 48 90 26 92 4 88 53 5 80 51 46 12 61 74 40 61 14 54 90 49 64 99 80 90 61 35 76 29 27 67 37 52 6 59 7 39 74 42 70 60 46 74 24 92 39 91 0 50 43 57 83 56 84 71 5 13 96 63 24 55 62 62 40 87 14 59 92 12 52 94 82 93
83 37 59 40 99 63 90 48 46 9 29 83 80 83 5 65 82 78 81 77 60 47 95 45 29 45 97 47 36 20 37 98 65 64 0 49 25 68 88 80 6 17 10 79 44 20 26 35 18 13 84 17 14 44 59 66 41 66 31 11 56 12 84 18 76 99 92 75 86 63 60 9 12 36 2 54
14 68 77 48 16 34 75 56 97 0 38 96 80 0 56 81 38 99 94 74 8 42 10 75 35 43 23 17 50 74 80 85 60 23 57 71 78 39 40 8 12 75 32 62 51 44 23 93 63 1 18 43 82 75 79 86 73 53 5 56 62 16 83 69 88 90 54 29 73 8 21 60 71 70 22 28
47 35 94 2 9 87 97 87 100 51 79 64 73 13 34 57 75 82 31 73 55 56 58 60 76 83 55 58 73 9 63 58 54 32 2 36 59 75 54 30 80 75 57 8 8 5 74 36 45 99 98 15 9 96 20 85 30 30 26 17 100 76 86 13 24 38 24 95 54 72 8 49 41 48 90 52
20 54 79 6 39 28 29 80 17 0 34 37 76 14 78 43 35 89 74 52 16 11 27 17 8 33 57 26 58 24 33 70 99 85 54 24 20 68 21 27 76 28 4 30 100 81 83 93 69 52 36 18 88 18 19 71 69 53 80 42 88 24 65 34 17 24 37 20 93 95 52 64 59 48 99 89
7 46 10 60 4 11 80 57 98 79 50 4 62 33 17 10 79 93 51 83 94 32 90 82 86 11 6 20 45 56 46 31 1 58 77 91 12 64 25 82 67 7 28 90 76 95 76 66 78 4 90 56 18 59 2 96 81 54 53 21 87 5 33 24 85 47 70 36 30 21 51 67 56 41 28 44
96 97 97 64 14 46 74 47 13 89 59 85 16 86 89 68 27 96 58 59 50 72 48 37 77 18 56 69 69 1 76 14 27 59 75 92 97 26 86 76 55 53 34 51 35 46 5 28 80 4 81 74 43 28 48 53 60 54 47 98 61 35 95 40 14 80 82 10 25 35 45 73 75 55 58 100
39 8 29 42 15 37 98 99 28 47 23 96 31 76 43 66 68 46 51 78 99 88 45 42 72 8 73 29 16 85 85 20 23 76 26 79 53 48 36 25 92 100 71 58 37 80 36 88 92 26 19 87 17 72 55 46 100 98 56 88 58 53 25 27 45 37 79 38 11 52 67 90 43 52 78 21
84 100 96 78 55 15 94 81 72 82 14 27 75 25 47 35 52 22 24 2 91 27 96 84 83 19 41 56 19 60 0 10 7 91 83 94 44 18 77 36 68 95 77 17 19 43 31 69 3 62 44 84 21 24 71 96 95 91 95 9 93 64 82 71 34 40 23 41 32 68 79 11 81 73 77 52
41 99 7 85 12 51 71 19 58 86 42 82 67 2 30 44 56 23 33 31 26 13 71 0 4 9 71 84 60 14 49 77 74 2 4 69 87 22 8 37 36 3 25 84 57 16 89 8 56 79 33 39 89 28 64 82 47 58 8 9 23 15 1 11 85 28 75 27 69 77 22 33 99 49 75 36
60 39 57 81 64 30 83 82 93 16 61 11 30 6 100 89 83 56 20 94 18 55 63 9 61 96 73 21 44 61 3 12 17 13 95 61 78 56 33 68 19 42 61 6 45 24 25 67 65 49 21 57 10 73 20 19 15 75 1 62 13 82 8 58 100 4 16 70 20 2 27 88 36 88 59 92
72 60 57 91 17 59 16 61 26 41 96 74 91 41 66 7 77 94 56 35 45 47 2 20 66 45 56 22 68 19 2 9 18 76 80 20 43 59 71 56 73 60 18 30 89 23 70 77 88 9 7 4 14 62 23 36 74 14 8 33 4 17 22 31 53 80 35 5 60 45 79 54 68 85 55 63
11 22 44 43 59 85 85 7 88 14 23 57 66 65 35 53 35 40 26 31 59 12 71 96 19 8 20 97 20 23 18 36 58 66 84 97 38 94 37 58 58 65 50 57 26 12 58 7 15 39 18 41 47 25 51 24 21 93 35 57 85 46 15 9 70 60 51 31 50 26 3 49 5 38 72 58
