0 51 95 82 91 69 21 82 49 73 76 14 55 91 27 35 50 41 21 81 27 90 28 98 33 99 48 87 61 3 27 53 59 14 71 47 97 34 89 44 9 33 7 29 42 83 91 60 75 4 100 24 61 92 63 26 12 13 65 13 1 14 70 5 32 69 9 42 57 67 23 38 29 51 25 48 91 59 33
58 50 40 46 76 64 40 96 79 6 93 56 81 80 91 79 1 67 64 23 4 64 11 59 69 63 66 68 8 56 19 46 49 84 56 29 74 54 54 43 31 6 56 34 63 37 61 46 59 48 91 89 51 19 83 11 20 26 2 54 4 95 54 91 36 35 63 100 0 57 80 25 26 9 90 57 12 77 38
27 94 30 81 75 60 87 55 84 36 10 35 5 14 70 87 62 23 42 44 60 76 89 58 22 86 88 13 34 10 20 100 22 13 8 67 87 71 26 57 57 64 58 43 21 4 79 24 7 27 71 25 54 46 38 62 13 97 62 78 32 91 88 91 57 38 8 59 51 65 73 53 7 28 43 28 30 95 9
8 98 10 63 11 10 89 57 0 98 64 84 17 47 88 68 41 62 66 46 17 24 49 33 30 31 45 44 56 0 93 43 36 51 74 37 46 99 20 58 16 64 79 63 58 92 55 10 86 25 26 40 9 20 56 12 15 99 28 37 46 37 36 38 17 18 92 56 27 14 61 46 26 66 46 98 85 18 47
12 10 39 43 17 85 58 66 46 62 92 28 9 19 69 70 81 95 60 93 13 25 100 51 36 99 87 3 73 64 89 89 97 67 66 64 96 39 99 90 30 91 11 30 34 40 5 88 22 16 84 39 66 36 36 100 89 53 38 68 16 7 89 54 8 17 52 90 44 33 60 83 4 78 46 78 84 62 78
13 33 26 84 57 18 57 13 65 7 87 71 93 66 70 36 47 48 33 10 87 92 13 95 67 99 93 79 36 17 80 6 47 52 13 2 95 43 48 3 4 2 8 86 68 36 57 87 87 36 86 57 84 64 6 59 14 33 44 71 65 87 18 4 21 37 57 15 52 51 82 64 2 73 91 73 8 21 55
30 83 13 47 74 97 0 30 65 68 19 22 83 74 36 27 50 84 52 48 63 86 85 14 60 14 91 66 67 44 37 48 61 68 80 35 30 32 21 93 0 0 38 23 82 44 65 75 67 58 11 40 35 81 75 86 97 52 49 83 8 7 50 78 32 27 61 68 16 8 71 19 56 41 27 31 9 9 44
21 27 52 78 89 85 35 16 85 3 22 58 31 75 71 45 0 98 23 86 83 64 65 44 6 17 35 33 1 13 1 84 76 59 87 15 58 21 31 21 63 49 2 53 35 73 72 45 59 40 36 10 42 2 99 2 21 32 78 74 59 85 39 98 22 9 90 71 81 51 37 17 27 1 49 96 21 70 84
60 52 29 76 98 15 92 23 59 4 70 46 2 12 9 74 23 90 63 73 5 100 19 72 72 100 75 98 71 100 1 77 81 28 14 4 2 61 2 48 51 49 8 12 98 91 63 68 19 13 3 14 16 67 74 52 90 27 60 0 22 77 81 35 11 1 8 44 57 15 45 67 89 4 91 51 26 60 55
34 18 48 34 73 85 41 44 78 74 49 37 71 82 8 14 96 84 39 81 68 56 89 47 41 91 31 28 40 17 84 77 29 97 38 34 91 3 87 61 71 9 26 97 31 29 47 37 57 11 94 27 6 58 19 88 17 29 14 6 82 7 66 10 79 55 21 46 94 13 25 99 26 28 80 81 35 94 40
76 81 30 94 17 27 36 79 46 36 28 12 9 72 43 91 83 88 2 70 5 72 78 12 83 89 43 98 18 44 54 23 31 20 80 42 23 95 82 12 80 61 3 33 58 72 30 1 37 88 12 32 11 54 78 45 45 86 12 14 54 39 10 21 46 96 12 88 21 36 0 66 61 32 17 0 93 61 67
92 56 26 33 17 92 97 57 48 2 82 52 15 68 21 61 79 23 28 60 2 46 7 88 56 16 51 2 76 9 19 49 58 89 51 74 22 51 48 60 55 47 32 5 14 43 12 26 3 29 2 22 36 96 84 20 58 78 70 28 39 72 1 14 56 2 63 52 5 36 29 13 43 59 45 59 76 86 32
81 91 99 25 39 94 87 74 32 39 66 84 34 23 48 80 68 51 54 80 81 8 80 30 55 63 28 75 51 6 34 17 2 36 72 46 64 35 61 4 14 93 52 98 89 70 74 10 83 7 3 21 24 46 77 33 76 6 71 16 29 25 8 22 34 47 96 50 79 55 7 69 28 49 17 43 45 61 28
13 26 37 33 13 95 24 90 55 97 83 11 48 30 37 48 83 57 2 22 64 7 23 96 17 98 22 60 96 40 73 92 36 71 73 21 35 65 39 25 2 58 69 17 30 57 83 25 28 32 37 52 77 33 61 0 21 70 42 98 74 83 43 92 40 9 12 83 51 94 96 42 37 35 64 38 67 74 25
46 79 9 28 95 77 22 50 39 75 69 89 37 42 62 4 76 49 95 49 37 8 73 93 76 29 44 14 69 14 89 78 4 70 18 0 92 93 76 12 89 68 65 87 28 42 14 5 29 20 74 62 96 87 68 40 65 4 9 45 93 32 1 51 20 53 90 44 47 11 94 59 34 8 2 55 62 24 31
44 88 44 59 85 57 75 44 83 35 98 9 30 2 43 2 13 92 42 86 2 98 1 33 16 6 63 12 99 40 66 29 70 12 40 89 20 35 68 27 21 9 87 55 39 66 83 7 51 99 92 94 20 68 89 99 55 58 84 2 18 61 52 24 89 69 94 58 21 67 86 42 66 81 68 29 12 12 48
100 72 56 56 4 94 79 90 85 15 89 55 74 63 99 94 44 89 43 42 52 83 44 89 68 62 65 17 1 39 62 76 49 74 15 12 75 28 28 86 83 79 10 71 33 4 55 81 71 96 37 18 25 75 5 43 13 26 50 66 71 66 99 55 37 82 58 47 82 84 24 44 85 63 41 10 81 43 0
47 98 80 83 15 65 41 61 39 20 76 74 40 45 43 83 84 86 80 58 81 50 68 70 5 61 31 44 15 12 40 50 23 3 69 64 41 16 70 37 5 78 18 45 30 6 82 21 0 59 18 60 84 48 23 63 2 78 36 25 20 10 53 82 28 95 71 82 64 38 93 86 75 6 62 66 82 23 24
3 48 36 79 99 37 74 92 90 36 16 48 44 53 70 48 14 8 64 17 17 88 90 61 16 66 89 8 12 60 19 93 47 32 83 60 65 25 49 58 82 91 74 99 11 10 28 97 96 74 78 6 33 3 56 80 5 0 25 22 27 47 57 58 0 34 92 89 60 70 4 88 7 68 85 15 52 30 44
1 64 86 77 36 15 89 56 91 73 34 25 12 61 25 100 28 14 12 10 96 28 99 5 29 58 22 14 34 84 87 91 80 52 57 0 96 66 51 25 99 10 63 11 45 98 2 41 87 32 16 67 94 39 69 70 67 83 90 72 13 82 99 40 12 82 34 67 14 74 61 92 18 74 42 51 61 35 15
49 20 70 92 68 11 10 48 66 46 27 29 50 28 83 8 86 72 63 84 76 30 10 90 23 28 83 9 24 47 63 39 52 4 3 83 20 21 64 37 13 68 45 53 19 47 15 24 70 59 41 54 1 84 25 48 59 75 80 91 2 63 1 24 37 61 23 2 1 50 10 57 9 23 52 55 87 21 74
57 58 52 45 75 21 53 23 24 72 86 82 26 89 62 3 65 18 64 14 39 76 64 34 6 70 56 67 93 14 66 3 36 53 66 2 34 69 14 14 73 42 82 69 98 8 5 62 92 67 62 0 62 39 60 19 24 24 88 73 100 2 17 90 93 14 58 29 75 60 80 19 31 51 87 81 45 78 19
84 86 69 52 97 91 69 79 0 39 37 33 78 72 17 66 57 10 36 78 34 54 85 18 12 76 96 64 93 17 87 79 86 34 69 93 82 85 87 52 33 63 27 20 92 59 37 47 45 41 82 6 76 70 78 3 11 77 93 83 15 58 42 0 89 29 37 66 0 76 8 57 89 65 67 15 84 7 72
0 74 18 8 83 26 85 22 74 100 77 40 51 47 0 55 65 52 71 74 41 51 33 31 45 30 12 97 35 46 58 18 30 56 40 22 83 92 19 47 71 76 18 13 89 34 85 14 13 24 10 17 70 28 2 60 1 37 7 24 72 15 79 76 82 67 50 6 30 61 24 36 0 2 48 50 46 37 57
14 52 63 37 26 61 97 83 65 75 65 86 81 88 97 23 68 69 54 30 12 89 68 41 17 75 52 9 68 91 22 47 28 98 43 12 78 91 36 45 71 76 31 7 57 46 31 3 60 81 61 57 42 76 36 60 56 43 43 24 45 12 98 81 13 70 44 70 87 37 49 38 62 4 53 53 90 44 66
12 62 73 56 24 51 5 41 62 23 95 73 14 29 70 26 4 78 2 73 9 30 87 53 64 31 93 23 56 37 26 69 98 27 87 21 48 76 66 98 3 56 26 79 61 26 80 71 91 41 87 55 67 43 58 9 86 2 47 50 28 90 75 64 10 31 3 21 32 41 30 6 92 7 14 50 17 76 90
31 84 8 100 41 96 35 57 37 52 38 72 87 8 21 47 47 100 23 17 38 14 98 54 69 2 17 45 14 93 16 77 37 40 33 90 90 47 86 47 73 33 9 26 93 63 23 87 13 60 91 76 49 39 54 36 88 6 46 8 49 54 25 41 32 3 7 23 54 32 26 60 32 4 31 23 23 14 30
52 87 14 22 94 85 38 32 16 4 78 46 84 42 0 22 13 87 68 53 27 78 24 94 20 90 34 47 21 15 75 42 91 18 21 79 4 79 45 8 59 62 45 73 10 75 62 50 18 80 44 66 85 84 98 65 55 80 31 63 49 22 90 28 79 34 30 56 70 79 78 18 18 79 13 2 35 46 78
39 26 98 13 44 91 28 97 84 69 5 9 38 99 30 98 34 64 92 19 3 67 20 39 61 77 6 6 78 24 5 57 26 27 40 8 70 32 13 62 53 17 49 86 53 37 51 58 91 27 7 89 72 55 49 10 15 73 22 30 34 62 18 95 70 97 13 64 10 61 72 30 61 42 28 35 97 96 51
62 32 87 84 70 6 67 57 58 13 91 30 27 47 98 16 81 16 84 36 22 58 23 82 5 88 22 22 44 39 18 12 97 78 52 11 3 59 80 72 42 62 48 3 98 78 41 86 41 27 66 67 48 0 72 51 9 65 29 32 52 47 67 71 62 40 91 5 57 69 79 87 67 58 70 32 48 44 77
8 13 90 69 69 43 62 29 80 29 78 92 50 36 45 8 100 95 49 15 12 43 57 7 40 98 13 85 45 59 70 90 19 30 31 58 58 17 10 68 23 1 12 26 83 92 72 23 58 35 59 31 31 93 26 61 26 43 34 11 58 9 12 59 99 20 8 29 4 80 3 85 51 92 91 50 41 78 35
65 85 22 29 59 29 36 39 89 47 67 44 84 88 26 96 38 33 18 8 72 24 94 66 77 68 50 28 48 89 91 0 88 40 44 30 10 3 38 95 18 31 93 53 38 62 2 42 2 29 68 51 35 75 1 4 67 82 34 16 32 31 50 21 14 51 68 99 8 30 90 99 53 2 24 17 98 4 21
73 97 65 4 58 59 8 49 93 47 53 34 6 90 75 66 27 80 30 23 97 99 96 61 29 53 66 21 44 42 22 38 56 50 63 76 83 56 84 9 26 28 11 71 39 93 54 25 49 83 89 17 53 31 74 6 4 86 39 38 48 85 40 22 33 70 27 33 54 100 22 100 91 16 42 11 1 89 61
90 36 0 98 4 40 30 68 12 20 18 63 20 95 2 96 71 96 93 26 80 97 31 49 69 65 86 22 17 25 93 18 81 20 80 24 15 52 12 3 46 94 37 15 41 24 75 16 90 70 20 1 42 22 95 96 72 58 42 41 19 56 20 76 32 26 45 96 71 96 33 6 77 61 38 13 20 59 48
90 1 3 5 52 26 44 50 20 31 52 5 53 25 97 27 91 45 31 67 83 15 51 55 46 83 93 42 79 27 3 47 55 44 63 66 69 15 87 15 27 24 92 53 68 98 61 22 16 68 6 17 27 58 38 19 26 21 41 52 47 33 74 57 2 3 14 25 10 74 71 81 33 80 65 68 8 29 85
24 83 52 88 80 16 76 1 9 77 92 62 20 18 76 2 86 80 27 66 100 63 21 9 56 81 100 26 9 17 5 37 100 41 2 4 57 51 41 100 78 10 78 90 19 32 64 29 67 19 41 62 35 86 3 75 66 26 34 33 91 17 80 10 88 21 4 91 7 44 11 22 65 71 28 54 98 29 87
23 36 100 75 68 25 4 73 30 7 59 29 82 82 34 17 25 65 32 56 24 38 53 59 100 40 91 35 55 40 51 36 71 7 79 99 83 10 41 89 45 8 99 82 38 80 55 20 47 54 57 45 83 34 0 31 48 67 5 20 98 14 65 53 98 84 18 75 92 39 7 3 17 72 70 27 18 99 1
70 8 24 54 27 73 43 68 56 24 74 97 28 44 87 3 84 59 33 56 15 37 13 20 60 88 78 58 42 12 26 92 18 19 81 26 48 45 25 100 63 79 56 34 44 65 11 11 16 99 23 65 23 32 24 37 97 39 78 100 90 41 14 96 94 41 57 58 15 68 12 59 33 35 17 89 65 36 70
56 99 1 6 96 15 65 35 86 66 73 14 73 65 89 53 42 15 95 42 5 69 44 28 92 32 15 87 35 62 37 91 6 82 94 65 72 23 54 31 79 36 39 76 65 39 17 61 74 55 8 51 43 51 71 74 95 88 60 24 22 85 89 39 83 72 93 49 75 23 43 28 15 49 60 13 86 50 71
91 66 61 65 43 96 59 23 53 9 51 85 33 82 97 7 28 47 79 61 23 35 17 62 1 38 53 37 76 13 91 75 16 1 81 64 92 89 59 73 79 84 14 12 1 57 45 24 16 46 66 61 34 73 99 66 20 24 98 4 68 61 25 25 37 85 47 49 67 25 78 91 70 76 21 5 43 42 68
29 66 51 18 11 99 31 75 44 8 47 72 34 1 62 57 53 23 60 39 49 81 81 61 7 94 38 8 41 38 53 6 51 44 1 85 25 44 52 84 15 26 48 78 48 32 51 78 32 94 98 57 60 63 7 74 53 1 6 52 3 22 87 25 26 99 22 38 62 99 98 6 67 3 44 93 41 85 45
74 86 63 50 39 55 49 95 100 64 57 93 2 78 39 45 51 15 10 66 96 30 51 12 51 20 50 68 84 15 97 96 78 54 92 42 50 24 3 68 53 65 32 99 93 7 97 37 51 58 5 28 73 65 7 64 89 73 59 82 93 30 88 93 43 98 44 56 44 79 91 45 64 83 40 46 19 11 72
47 4 98 57 88 47 98 38 3 66 85 10 45 60 21 99 73 61 63 6 75 68 26 25 32 7 4 91 18 98 2 4 96 78 53 6 85 13 63 30 85 68 18 2 0 62 14 13 43 68 21 12 63 66 19 99 85 61 75 52 4 88 81 77 7 6 47 97 82 9 87 90 55 38 79 57 23 9 93
54 59 1 70 42 8 8 99 55 33 95 46 85 67 100 64 47 46 35 87 25 49 71 64 17 87 80 37 90 60 84 6 68 70 58 6 5 90 74 19 52 53 45 71 11 16 35 24 81 36 44 11 34 33 35 7 83 23 48 42 79 23 94 89 33 51 22 39 22 77 34 50 43 45 94 67 62 65 85
0 69 4 16 54 57 80 15 61 79 1 9 44 61 99 48 19 17 26 12 41 8 27 85 93 7 65 15 5 64 67 73 78 70 95 65 26 32 47 79 53 89 43 6 70 63 100 10 20 51 22 81 3 58 66 35 98 92 69 85 21 66 69 43 27 57 10 37 62 76 80 60 68 48 58 0 98 89 47
38 98 24 91 95 56 61 70 19 29 3 53 100 97 100 14 61 2 74 20 72 67 93 38 14 81 79 97 10 22 48 40 76 32 59 16 75 85 21 73 76 13 6 36 76 9 12 52 2 22 24 37 28 99 32 10 91 13 1 9 7 22 55 47 40 53 14 84 75 23 76 16 65 59 27 40 99 64 8
19 79 68 50 35 53 9 58 53 54 38 67 80 24 51 97 36 19 64 34 53 9 40 73 17 31 48 97 24 42 88 31 79 0 92 16 90 72 84 44 44 99 17 60 36 21 16 71 4 5 6 27 23 7 42 3 29 19 31 7 11 56 78 6 9 84 29 3 78 99 91 78 74 59 98 80 55 13 89
50 36 50 31 99 74 44 26 55 63 97 67 52 51 56 70 83 17 64 52 12 18 98 33 62 93 72 56 84 36 22 16 86 59 15 40 47 55 38 65 7 89 27 21 1 50 57 94 30 92 82 34 87 40 56 11 65 43 47 66 54 22 52 12 30 96 39 2 29 61 98 76 1 9 59 13 28 96 83
59 0 29 95 38 2 76 11 93 85 36 57 57 35 99 74 100 98 40 96 81 89 71 60 43 73 58 0 64 26 44 74 22 85 23 41 44 11 24 92 4 10 85 88 67 46 50 74 46 68 20 99 1 2 21 93 7 40 92 78 79 9 46 39 0 97 6 80 99 61 75 7 48 0 33 22 97 18 17
75 85 43 15 25 80 41 77 77 72 11 63 95 5 34 44 95 91 62 56 21 36 23 46 19 56 34 90 77 88 45 47 34 25 52 87 32 66 57 0 87 4 38 62 45 23 74 52 50 0 83 64 91 53 97 46 76 5 22 39 23 60 1 15 62 97 40 14 32 49 52 51 70 56 47 41 98 67 10
22 55 49 13 74 24 63 77 72 76 23 13 88 22 50 6 56 11 25 92 60 94 35 11 9 26 45 60 48 11 19 10 3 100 53 35 54 10 96 36 53 21 90 76 68 0 90 46 30 16 12 13 65 71 0 52 46 76 3 13 66 76 84 61 13 86 90 76 53 65 85 100 58 25 23 54 39 35 72
68 98 71 60 12 48 93 40 31 49 3 7 96 16 18 95 52 72 48 68 16 40 22 62 9 5 65 17 85 36 2 70 0 31 29 71 76 71 35 24 59 36 22 74 21 4 67 22 66 10 10 0 26 40 41 9 14 21 29 7 1 17 40 64 30 5 27 66 44 39 80 21 1 27 64 87 29 52 75
12 0 68 87 6 41 49 90 48 17 98 29 30 96 58 0 25 36 90 64 21 65 100 60 24 35 93 42 76 26 40 33 41 39 76 40 20 74 24 82 1 13 60 30 45 13 6 73 91 39 100 21 96 54 81 48 13 13 73 73 14 17 3 58 38 36 39 72 80 97 48 60 21 33 91 57 80 19 6
88 15 60 45 70 89 12 82 54 79 73 63 12 81 12 36 18 78 84 89 61 97 43 77 38 1 8 36 13 51 82 90 12 12 36 73 30 97 19 18 92 97 44 70 96 21 3 11 81 0 33 98 38 92 7 27 29 76 28 61 18 60 12 34 68 46 2 53 31 40 28 19 18 68 63 46 26 25 33
41 3 3 66 56 1 88 46 44 100 72 2 51 27 78 41 54 59 52 55 17 12 26 66 71 85 36 6 25 81 73 50 78 33 95 92 68 7 91 18 51 19 0 49 16 28 55 92 4 86 13 22 42 26 97 7 96 89 28 49 5 95 68 23 20 29 65 1 19 31 65 47 56 82 6 84 64 85 49
89 28 1 12 17 61 11 66 88 42 65 24 25 83 12 64 17 76 9 99 82 96 83 83 99 81 40 67 53 91 48 84 54 29 97 11 79 85 36 62 19 18 63 24 90 91 35 77 93 70 60 40 54 90 74 32 26 71 37 15 79 87 84 52 61 37 6 50 71 3 20 66 29 59 78 27 83 85 96
86 5 30 40 34 38 25 55 10 51 92 69 64 74 69 81 84 72 71 41 57 57 14 92 63 54 91 31 82 64 22 87 26 19 53 62 43 69 61 97 89 63 40 17 65 92 89 14 28 43 42 35 19 22 49 90 74 75 5 70 68 32 36 29 86 87 95 87 40 25 12 68 32 22 79 93 42 9 23
24 36 88 54 25 86 40 22 66 83 29 55 18 43 44 22 17 66 30 9 46 86 69 68 94 100 46 100 79 18 87 42 42 30 23 55 96 86 98 22 94 76 96 41 30 88 75 85 12 20 77 51 82 95 6 72 14 21 46 84 5 38 29 38 91 36 41 29 90 47 40 41 75 74 50 36 79 72 60
26 86 15 93 44 59 86 12 31 54 37 68 40 84 79 0 30 28 44 86 35 18 27 79 0 36 71 88 91 51 5 24 98 14 47 34 0 99 7 46 95 9 64 25 19 68 25 16 72 0 18 40 73 71 69 57 96 77 90 97 43 88 82 24 55 0 64 26 38 85 58 49 53 89 87 62 94 86 56
56 69 66 54 0 25 60 100 77 4 97 9 87 74 53 67 33 47 56 76 49 100 78 38 21 11 35 50 28 11 92 74 28 90 62 20 49 52 11 64 13 94 87 65 99 73 36 91 100 62 50 47 12 94 16 80 87 24 15 42 34 41 27 21 99 52 56 44 97 31 81 39 99 15 41 96 35 55 78
49 99 67 5 23 85 43 52 0 37 62 2 41 5 60 12 61 45 77 93 42 12 95 27 28 54 72 19 81 38 94 82 61 54 94 5 29 24 42 48 29 28 11 90 19 83 25 23 12 20 24 74 82 34 31 68 66 66 88 98 29 0 63 7 85 15 21 90 72 89 49 31 53 14 47 14 69 0 54
49 65 97 61 22 74 35 85 89 26 23 45 67 61 13 67 37 39 46 83 7 23 14 66 28 70 60 90 100 4 78 28 100 94 77 63 96 42 53 68 25 29 26 26 76 74 16 56 48 12 27 1 72 16 100 71 4 94 81 39 47 32 94 18 88 53 38 53 74 51 75 26 13 48 85 20 40 71 89
89 5 86 80 66 95 22 61 30 42 67 34 95 26 73 89 96 11 13 79 93 7 90 24 100 8 97 8 39 11 8 2 35 76 45 80 24 60 73 13 82 96 69 50 91 50 95 73 78 6 75 7 63 39 93 44 95 73 61 11 75 64 48 61 9 17 30 18 51 96 27 64 59 35 61 83 69 75 100
62 55 60 11 97 11 13 97 69 77 81 79 53 58 17 16 9 91 36 22 38 18 83 43 25 30 59 14 14 13 93 42 19 79 11 74 70 38 55 61 81 56 19 6 52 52 87 72 59 76 83 94 73 31 82 84 36 9 96 6 61 7 83 35 46 95 43 90 63 25 62 100 51 90 58 25 72 68 36
22 79 72 98 3 12 24 26 44 69 100 68 6 92 68 97 57 14 64 42 91 32 19 67 43 63 68 37 99 99 46 12 87 4 26 28 58 6 61 19 84 92 7 51 46 71 46 71 66 11 25 99 11 56 96 18 66 99 48 9 86 87 82 10 25 5 73 10 14 31 22 18 59 81 14 54 52 37 52
59 87 99 10 98 26 31 2 87 90 65 91 77 44 15 27 8 70 54 66 27 17 61 100 38 29 100 15 87 85 77 4 75 54 8 95 54 55 66 57 39 29 40 27 18 0 86 33 0 53 33 38 72 78 74 67 14 89 31 100 80 38 94 49 95 93 85 27 39 47 68 5 26 1 68 84 39 85 81
95 49 36 87 3 68 98 31 19 33 27 40 3 5 68 95 18 37 24 63 7 36 31 81 9 62 32 68 41 44 74 16 19 55 18 34 49 98 50 90 35 70 54 28 54 99 24 6 69 72 20 2 6 91 5 62 99 85 80 71 56 78 30 1 96 43 33 30 47 95 38 64 48 3 90 88 48 9 42
1 67 56 99 58 24 75 87 39 61 29 4 60 20 62 74 3 39 91 80 90 79 67 95 37 19 20 77 99 98 23 6 50 76 11 63 66 36 6 31 45 28 0 95 41 80 34 1 97 56 38 32 59 58 67 98 63 15 15 40 73 28 68 39 4 12 14 10 56 65 64 25 16 28 64 99 90 37 25
78 64 62 62 7 39 98 51 39 28 54 87 65 98 28 8 86 34 92 68 17 2 51 55 91 79 36 58 4 99 8 32 80 76 1 38 79 99 44 44 56 9 56 50 100 48 21 7 61 28 86 37 7 6 48 28 62 44 50 1 85 1 61 84 31 65 32 47 9 85 91 7 93 47 91 86 14 32 77
75 3 7 29 65 26 71 7 50 88 76 100 97 91 3 62 63 6 96 58 8 27 24 76 25 88 94 88 52 56 82 41 13 71 61 65 95 22 36 90 15 86 4 20 43 70 54 72 73 42 64 13 2 99 0 68 41 50 22 14 33 68 3 20 19 7 56 5 29 44 86 100 18 24 92 40 58 50 17
82 21 90 46 60 27 24 11 38 17 11 75 52 57 27 70 28 82 53 80 10 71 98 69 80 97 39 51 46 79 97 3 83 85 55 69 67 7 94 97 49 26 55 54 49 51 26 31 78 24 41 72 41 67 73 9 23 80 80 94 42 81 99 87 43 16 85 7 24 48 28 40 31 15 94 83 38 51 21
11 66 89 15 22 17 60 97 21 52 27 25 75 16 65 74 44 100 65 52 91 23 26 82 34 51 28 42 42 25 37 56 75 98 100 22 49 20 36 45 92 81 77 22 18 0 29 87 52 9 41 73 71 59 88 71 41 21 85 34 97 4 38 68 100 45 11 93 93 78 35 88 1 1 56 19 13 25 83
99 66 9 57 78 83 84 50 76 3 13 42 63 4 80 4 14 18 72 37 54 97 49 2 40 10 36 89 42 63 81 93 14 60 91 55 45 91 72 78 48 29 38 59 36 44 13 12 3 84 94 74 74 47 89 7 47 9 78 33 88 4 96 49 19 78 55 70 0 92 9 88 72 3 16 13 61 22 75
73 39 12 34 68 16 0 48 65 77 40 18 58 24 48 33 79 75 4 19 63 9 7 13 30 76 24 71 99 1 64 27 60 76 25 70 58 17 81 20 42 45 72 7 43 36 42 11 99 97 21 67 85 61 78 99 77 31 15 43 36 41 78 12 3 0 4 22 94 20 80 2 84 21 76 31 59 13 50
44 34 97 26 81 72 14 79 65 27 86 26 98 68 69 54 13 95 97 13 20 40 33 9 95 1 28 96 70 39 63 22 84 26 31 2 98 10 88 36 1 77 91 52 60 88 98 0 20 37 26 57 55 98 27 85 56 90 24 66 34 74 22 99 74 84 77 97 9 92 22 9 99 87 4 16 50 99 40
41 55 47 24 80 82 8 20 9 2 84 16 63 5 73 29 58 84 28 25 46 58 70 89 97 14 28 46 23 24 41 96 31 21 71 94 68 100 48 81 19 26 8 28 5 42 40 39 78 32 83 24 79 39 80 90 22 95 61 14 21 63 48 13 9 62 31 95 76 64 90 44 62 61 19 7 6 42 51
48 99 25 18 65 65 81 47 1 44 10 42 14 46 11 28 33 78 5 100 78 6 24 94 99 27 97 5 26 23 65 99 100 89 40 84 26 19 33 31 76 30 40 94 24 0 72 38 44 23 48 18 81 68 63 70 76 17 59 85 51 94 87 87 76 29 51 47 6 73 91 61 94 83 78 28 87 83 78
39 41 37 82 57 97 36 95 51 86 6 74 61 12 91 13 23 40 43 66 16 3 78 1 31 67 44 74 78 40 27 12 1 65 88 85 87 97 28 35 88 4 95 43 17 13 57 47 75 72 47 84 42 8 11 7 25 87 22 68 98 89 27 28 40 52 80 73 96 11 56 69 83 19 4 59 17 6 90
90 100 78 44 44 85 55 38 72 70 54 19 14 63 2 95 92 27 47 76 77 33 97 89 17 93 74 3 69 50 59 60 51 94 62 37 86 48 20 42 17 47 66 59 81 1 87 71 58 0 98 1 39 13 25 50 60 63 85 71 6 57 28 62 41 64 27 100 59 24 46 54 0 100 42 30 82 71 62
