90 79 29 100 37 30 62 6 88 37 99 75 100 24 94 39 52 13 91 67 25 22 63 37 81 88 23 41 16 48 13 87 6 94 42 30 30 80 96 12 18 42 34 82 80 88 73 85 28 40 8 36 6 47 74 87 80 1 71 66 65 73 91 7 70 92 84 66 53 65 47 38 38 25 41 97 42 80 9 61 14
86 26 94 14 91 14 19 68 17 23 17 70 24 63 76 80 68 38 74 97 24 95 98 34 69 47 51 64 49 47 100 96 8 100 18 2 79 55 42 69 38 82 82 62 68 42 50 97 71 80 43 62 100 12 72 24 97 11 24 54 48 12 42 6 37 9 92 42 82 47 87 49 84 76 13 84 13 48 96 98 92
2 78 81 80 33 38 31 73 6 23 93 11 22 68 31 20 91 8 19 86 92 56 20 50 65 52 4 53 31 48 60 76 38 16 33 58 82 62 58 46 3 41 42 89 6 92 0 37 78 63 35 27 4 51 10 12 54 73 88 55 79 40 14 39 61 15 24 65 95 63 18 56 43 32 5 56 39 55 83 68 71
82 98 38 61 44 9 55 15 0 58 88 30 45 49 62 50 82 98 25 61 61 37 20 20 38 82 51 2 71 38 25 21 13 88 47 22 50 34 18 30 5 44 27 12 24 61 98 96 46 18 36 66 20 58 85 48 24 95 77 65 47 72 18 92 48 27 46 51 52 6 65 46 36 83 81 66 77 17 69 82 23
40 2 66 0 86 36 6 100 39 24 42 45 62 62 57 54 85 86 55 97 87 80 77 1 55 52 52 46 92 98 79 68 33 53 93 99 2 59 50 4 87 92 13 82 63 7 18 26 73 70 2 35 36 82 34 24 34 29 95 62 5 35 78 49 26 57 78 14 12 10 27 95 25 71 76 3 4 4 47 47 94
11 63 3 48 43 34 23 38 63 74 12 41 35 21 38 79 92 36 33 8 11 56 22 8 61 98 83 16 14 39 17 89 14 16 85 43 67 76 63 17 81 19 91 79 74 92 15 16 52 18 16 13 15 20 22 42 38 43 94 8 16 94 95 13 69 22 100 3 73 35 3 49 29 14 19 39 14 93 31 31 47
43 76 72 73 50 27 15 48 25 11 53 41 73 53 32 21 91 66 20 62 62 60 5 26 92 80 94 79 95 92 37 95 60 49 59 89 57 22 14 48 79 93 36 41 47 20 84 61 22 19 69 71 85 6 74 24 72 6 78 75 3 80 30 20 63 42 17 55 56 33 52 76 99 37 44 24 91 64 66 39 34
12 69 86 40 36 18 83 6 4 6 76 81 8 43 13 41 68 10 2 90 84 96 35 48 0 90 83 71 7 48 49 55 14 99 96 48 93 9 72 16 6 48 26 65 15 77 75 2 89 63 87 92 37 50 79 6 57 74 57 56 82 80 67 1 7 64 48 65 36 59 67 62 76 71 3 36 75 56 15 67 69
64 36 37 18 42 11 100 65 42 94 15 4 17 33 55 72 55 17 79 74 91 18 64 0 37 91 74 8 9 91 5 82 10 9 63 13 75 81 59 97 88 22 89 47 90 23 45 87 33 41 76 67 89 4 8 53 57 10 12 62 14 48 74 3 41 88 57 89 95 47 71 92 14 13 11 66 85 58 47 18 66
79 39 72 85 73 23 4 64 30 7 69 11 41 96 35 95 78 2 94 0 61 61 69 65 3 65 71 7 96 8 86 69 57 31 54 10 93 45 38 76 86 72 11 55 52 0 3 4 38 28 30 75 38 97 76 69 31 25 94 34 45 28 45 71 99 42 62 56 66 90 17 17 1 14 68 31 21 71 74 90 16
76 44 63 80 51 73 13 53 17 92 28 86 72 71 91 67 42 35 0 86 64 27 44 12 25 33 84 71 11 21 76 69 81 74 95 41 62 86 66 75 40 95 89 67 98 32 100 82 86 2 80 53 20 61 43 54 71 49 35 10 62 52 62 27 72 93 75 46 52 63 81 64 84 78 8 26 90 21 45 100 75
41 99 12 40 46 15 1 40 72 3 30 76 29 30 24 63 90 16 44 6 27 43 9 9 45 0 82 88 5 70 91 66 42 29 65 53 11 55 34 73 74 84 85 45 92 60 10 68 32 42 55 91 12 12 33 83 51 89 69 58 85 39 46 27 5 62 58 54 19 79 61 68 70 48 3 50 54 93 23 52 92
16 29 10 27 60 1 81 85 57 51 10 7 76 52 56 46 91 17 49 32 81 54 60 45 64 97 26 82 65 17 33 47 9 90 16 69 46 64 63 2 48 49 32 30 3 69 30 20 13 48 27 26 78 9 79 34 81 0 17 22 6 83 66 71 74 16 19 2 99 64 79 57 41 69 12 98 46 70 64 93 93
36 91 77 36 54 33 2 23 92 99 3 74 43 41 29 17 86 80 51 21 98 95 10 100 97 3 31 26 53 96 51 19 37 64 31 75 26 11 94 62 26 51 94 26 38 1 22 8 61 12 2 54 5 29 21 71 2 41 18 10 22 64 21 19 47 93 43 54 20 9 86 75 70 27 7 78 91 66 64 79 48
63 87 4 71 77 81 42 0 35 62 0 59 74 88 35 46 43 79 23 25 52 40 62 85 71 23 3 53 49 83 45 83 26 30 79 66 34 26 93 81 86 34 53 66 8 87 38 2 0 79 70 40 4 94 98 14 25 49 39 41 21 69 60 7 54 8 11 5 85 77 24 40 7 69 39 4 99 68 52 9 62
59 25 45 69 77 88 87 17 89 92 5 94 32 88 24 16 67 68 92 68 97 60 1 9 86 11 20 61 70 35 12 35 7 2 87 54 73 15 31 34 12 33 60 79 28 54 80 42 45 34 44 54 16 22 1 51 72 14 20 48 45 3 16 65 13 85 93 0 15 75 48 76 8 95 93 7 81 9 59 61 56
56 89 4 11 87 88 40 67 96 96 80 54 30 18 90 45 36 17 27 9 69 19 36 69 99 21 47 50 54 52 91 47 39 23 50 98 93 67 98 9 99 25 21 32 5 63 15 41 97 52 76 31 71 97 66 98 100 52 17 48 53 61 84 7 83 77 36 32 59 95 71 23 56 69 85 73 80 78 86 92 75
57 26 20 64 4 88 77 70 95 33 97 23 22 56 56 90 39 73 20 18 37 67 50 59 62 5 56 84 59 20 46 81 53 71 9 46 27 28 26 42 72 41 12 66 89 54 81 20 8 19 31 70 83 21 68 11 87 41 79 69 79 55 75 9 24 90 82 18 81 21 10 59 9 15 18 91 14 47 88 15 19
2 43 86 54 44 10 24 93 63 84 49 30 27 42 11 17 84 65 91 46 96 64 2 43 21 51 63 35 3 13 81 15 29 37 88 80 20 27 67 21 80 26 12 55 5 36 41 91 41 39 77 26 69 48 14 65 14 90 55 23 49 22 71 90 35 47 6 52 95 91 34 58 38 19 90 75 23 64 66 14 95
25 34 27 42 33 70 74 34 72 53 98 55 11 4 42 74 66 77 66 79 25 68 48 98 12 54 78 95 18 21 93 42 33 9 86 65 90 68 61 62 90 13 72 13 51 16 80 86 54 23 35 62 61 77 40 8 82 73 48 84 77 68 40 27 49 21 83 79 91 99 3 64 94 24 84 81 28 45 85 53 35
83 40 67 5 28 3 12 76 72 5 84 34 17 59 44 54 53 6 52 98 31 24 94 20 6 74 27 56 58 81 29 82 14 38 3 39 50 50 97 30 59 55 28 95 37 80 7 18 61 48 70 67 78 27 64 35 42 91 40 67 0 14 11 61 9 68 45 63 67 5 80 4 2 90 93 35 61 19 87 26 16
29 66 28 97 61 64 73 61 72 2 35 30 45 86 0 40 89 37 24 1 58 49 94 55 5 79 96 78 43 37 88 59 22 75 100 73 11 43 84 58 18 21 3 75 0 9 34 80 87 54 75 87 86 62 27 68 73 92 19 57 60 10 68 87 74 53 15 27 48 45 19 77 95 25 17 4 76 17 37 49 81
10 0 95 53 11 11 97 83 2 36 26 66 57 40 0 60 56 13 48 71 86 83 91 76 19 44 55 58 93 49 2 56 18 16 13 1 66 2 45 93 80 26 5 24 87 71 97 74 22 11 30 57 89 11 62 46 40 34 41 87 56 100 22 1 9 2 3 72 93 53 17 82 86 91 69 99 89 58 53 96 43
0 46 51 5 50 76 55 44 78 75 48 63 54 19 69 64 84 42 14 68 53 50 71 16 96 46 8 13 11 45 94 61 88 54 57 84 88 100 59 83 90 57 64 19 14 49 90 51 46 97 59 84 20 37 9 84 60 58 81 93 50 79 30 76 95 86 92 79 66 35 85 72 80 57 7 82 55 1 94 42 2
28 65 87 41 51 55 10 23 75 31 90 57 100 3 4 71 60 97 9 33 21 36 29 100 73 18 48 99 12 79 93 56 62 43 72 24 12 60 65 46 82 76 36 2 78 92 73 43 5 60 50 72 71 14 93 57 72 12 20 0 31 75 6 27 60 62 61 50 91 76 89 42 29 82 16 75 24 87 16 98 8
35 47 55 86 68 37 32 81 36 9 35 64 76 40 63 23 74 32 52 29 15 73 66 44 77 77 56 91 84 23 7 86 88 73 43 28 89 34 9 62 49 37 66 85 26 30 60 63 10 99 95 94 27 77 71 38 53 25 72 25 18 93 35 31 41 2 55 47 51 86 32 23 25 69 77 72 67 81 70 60 45
47 0 52 99 30 15 57 43 50 60 78 96 34 23 67 99 65 2 68 75 14 70 23 24 29 35 84 84 68 73 6 18 44 54 95 28 25 15 96 5 10 58 2 38 18 36 29 51 62 13 3 46 31 33 73 41 61 72 80 85 11 1 5 38 32 59 82 86 34 29 12 83 19 5 26 68 68 17 75 16 11
14 74 50 68 48 29 75 51 89 9 72 43 44 89 78 27 32 45 42 70 12 73 37 10 58 13 81 80 23 94 95 62 99 9 73 2 26 35 55 49 18 16 22 10 46 40 84 70 4 47 66 31 22 34 34 8 37 1 69 42 64 57 65 71 33 50 91 6 16 82 39 61 81 51 98 95 70 67 46 71 100
12 66 26 54 87 19 63 78 59 97 20 2 34 69 3 30 57 67 14 25 13 90 95 47 69 80 96 35 60 92 9 37 58 51 73 74 7 25 81 27 93 26 53 48 0 65 53 8 23 33 36 31 84 52 31 97 33 53 77 93 35 59 85 10 72 69 65 66 3 11 95 59 32 9 35 82 62 14 14 4 44
36 54 15 54 37 81 8 45 70 33 19 20 34 72 84 49 50 12 24 15 26 69 40 33 39 51 34 34 20 65 25 49 50 55 73 15 35 35 55 46 50 94 60 76 92 91 55 8 50 3 92 84 36 36 91 58 31 77 24 93 89 88 2 59 69 72 3 65 93 39 80 13 83 22 80 88 82 78 32 28 63
53 15 69 61 4 23 20 94 52 63 49 36 92 57 72 76 18 93 33 83 65 71 23 54 21 31 86 79 51 98 89 0 26 21 77 12 50 50 61 96 18 68 34 99 4 29 96 99 21 89 71 64 61 83 88 39 52 71 20 30 9 80 74 44 6 8 23 58 73 78 59 72 54 75 33 25 97 20 77 78 91
57 72 76 76 61 58 35 50 69 5 63 45 15 1 0 6 40 43 74 52 72 74 27 38 1 24 63 69 28 7 52 66 53 77 100 82 96 28 61 64 36 62 78 51 6 63 67 12 95 82 65 19 4 67 98 27 46 29 81 44 62 1 26 72 70 7 33 78 95 65 49 63 18 53 69 87 100 27 69 13 1
1 31 2 24 97 46 73 65 49 68 35 26 18 50 20 44 32 24 8 47 58 11 84 30 52 42 33 60 77 96 91 92 61 18 78 58 62 97 82 9 47 99 94 32 33 27 64 68 28 25 12 45 37 34 26 53 11 52 29 63 40 51 45 30 23 29 97 20 56 63 20 94 29 11 40 31 65 66 94 31 29
48 66 36 69 85 20 23 36 26 48 50 71 62 60 18 37 67 76 32 90 37 98 74 71 73 4 28 83 87 56 83 89 97 80 12 94 1 23 72 27 43 44 51 76 9 46 57 86 13 24 25 47 39 74 47 28 59 17 77 22 84 85 94 35 30 3 80 96 31 84 82 2 46 35 60 97 62 83 10 100 62
0 85 11 72 16 26 16 96 22 56 11 74 44 48 7 23 3 43 18 53 71 89 52 15 2 42 90 99 73 48 31 74 6 87 48 30 7 21 66 67 51 40 17 38 79 36 25 77 7 49 34 50 52 24 51 57 60 84 34 27 10 20 18 48 53 29 86 33 16 0 20 25 9 58 14 79 13 32 54 88 28
70 26 91 70 37 90 45 16 95 51 92 76 48 47 49 76 81 33 92 56 47 46 5 23 91 91 25 40 10 20 77 35 34 95 52 70 95 55 1 90 69 63 60 68 50 16 66 31 6 96 56 13 86 21 74 2 35 66 62 69 81 92 95 12 52 98 76 27 32 85 14 39 81 76 64 66 62 28 71 12 97
99 100 70 3 57 10 66 14 40 62 36 52 54 16 22 24 62 63 69 100 85 99 20 89 74 80 49 87 54 76 13 44 63 75 68 87 2 78 6 99 59 75 96 88 12 74 6 41 53 51 0 44 82 55 16 98 1 23 45 49 34 85 84 59 20 58 56 66 17 44 83 51 65 2 36 25 86 92 93 16 15
55 68 45 93 94 10 32 42 39 87 85 4 80 82 33 12 26 24 9 41 96 33 44 47 19 96 57 56 94 97 57 51 80 16 3 24 40 31 18 9 58 70 95 9 58 44 45 76 10 45 68 25 96 19 51 69 85 1 50 32 76 48 21 43 13 17 66 25 34 0 74 33 41 66 41 74 43 41 54 87 57
37 17 25 100 55 37 72 72 92 23 25 22 50 76 17 58 56 63 6 3 64 76 83 61 70 82 28 20 55 10 23 42 27 41 12 35 87 43 7 17 93 48 40 30 69 70 44 18 37 41 52 12 65 90 72 27 74 6 61 46 74 89 57 4 7 40 11 95 42 85 69 69 62 56 57 3 91 21 87 80 85
41 78 91 35 42 37 39 94 84 40 10 4 14 56 30 1 35 47 18 99 46 10 21 36 92 94 18 38 22 28 71 55 10 89 88 91 48 42 66 36 59 46 3 93 39 60 99 17 81 8 17 65 74 27 39 42 51 16 70 87 30 7 52 75 30 12 53 41 30 70 91 18 90 75 7 41 48 88 59 87 41
19 44 58 21 38 34 23 27 77 40 0 67 87 47 64 67 53 64 43 98 17 9 4 3 9 5 14 64 64 84 74 96 69 86 22 96 98 87 29 58 51 65 60 55 43 28 25 17 65 49 74 51 87 82 22 51 26 93 56 73 38 69 65 78 81 63 18 68 21 71 90 12 74 6 29 33 83 99 81 43 14
64 63 95 11 25 63 76 38 49 80 30 75 21 9 21 65 32 73 93 6 1 30 98 60 84 58 78 17 87 99 54 62 79 73 15 99 12 9 98 65 90 8 70 51 11 19 49 82 82 82 31 56 9 36 5 16 59 39 31 29 20 25 43 61 55 5 13 5 31 97 93 71 87 27 99 16 42 51 29 2 21
45 31 30 28 55 30 36 36 65 38 20 25 90 40 38 16 37 65 80 96 37 45 81 49 37 24 8 90 13 75 59 80 50 77 22 86 40 58 16 24 15 82 20 52 54 26 47 3 16 17 28 82 81 24 83 9 65 11 4 23 38 6 94 95 65 71 69 77 93 60 90 53 16 39 62 65 62 13 12 32 92
76 56 27 53 93 76 35 65 99 67 58 91 43 34 79 93 19 58 0 13 97 40 34 47 59 96 96 80 34 49 16 67 59 65 5 91 24 2 7 55 46 46 12 67 48 57 62 45 21 15 83 39 35 1 19 10 79 43 26 2 49 37 2 25 99 58 39 85 59 63 39 26 84 59 74 84 25 6 24 41 21
47 97 48 19 9 1 67 76 9 25 81 23 52 15 59 68 46 55 62 13 26 17 7 37 1 7 45 9 37 51 98 23 7 38 25 42 83 100 33 73 50 95 86 100 63 80 30 43 13 29 90 44 29 100 88 41 23 92 16 49 60 95 71 64 8 70 93 34 93 46 50 83 50 13 13 63 20 90 66 73 51
34 2 28 27 57 88 46 18 34 73 82 91 74 77 32 32 4 50 9 89 45 19 14 49 88 63 67 81 61 47 23 63 1 51 57 20 49 83 25 55 61 9 22 40 1 28 60 50 67 27 53 20 48 56 63 70 94 56 20 27 57 49 84 48 10 13 73 83 83 64 82 41 53 62 98 3 99 63 20 22 46
94 29 4 26 5 41 44 56 59 82 28 0 76 21 2 0 69 14 95 66 75 18 87 51 78 93 94 26 4 7 56 88 98 46 86 72 90 1 67 9 76 61 81 48 47 43 27 35 11 76 22 12 8 71 89 79 21 54 88 8 30 62 18 24 96 41 100 43 66 26 47 55 47 63 60 74 56 63 67 72 30
18 44 12 96 53 24 15 31 88 0 99 56 73 4 22 16 63 68 99 97 67 15 16 43 15 14 68 74 86 2 60 79 74 71 79 6 97 57 99 83 17 6 43 47 97 23 46 76 3 90 55 81 49 81 93 40 49 38 62 64 36 16 5 59 89 75 2 49 82 46 84 44 38 67 91 19 90 10 67 7 44
35 21 17 91 24 40 23 89 43 21 87 64 16 93 31 63 1 8 86 17 97 74 75 3 37 97 91 95 96 49 94 26 49 23 87 60 99 35 74 85 2 19 29 39 48 61 69 87 43 13 10 58 99 45 12 35 94 10 16 49 59 48 97 67 67 71 61 89 52 99 66 90 84 66 6 5 80 18 20 38 27
1 26 57 58 87 13 31 8 30 0 53 61 44 86 10 12 46 32 70 67 12 92 55 7 22 10 45 74 79 36 39 57 84 69 81 50 38 44 87 52 80 52 11 85 95 54 71 89 82 64 17 100 4 47 73 65 38 33 27 14 4 79 25 68 58 44 48 24 69 24 80 31 4 42 48 64 81 91 4 73 47
76 45 38 39 38 100 15 61 15 48 19 49 19 27 1 69 92 70 36 14 37 38 44 33 81 63 1 1 80 35 61 47 65 25 25 34 68 87 20 2 32 28 50 76 32 98 40 90 72 54 71 65 82 13 37 60 56 89 98 84 99 56 94 93 39 55 27 9 88 97 76 62 89 64 45 46 95 31 77 30 76
10 75 31 7 35 79 34 37 36 37 33 21 67 83 53 78 41 83 88 43 52 83 79 77 32 49 37 29 15 29 38 27 94 9 66 20 38 16 64 41 86 13 100 80 36 75 13 37 19 28 28 55 100 77 2 74 61 5 23 64 77 73 29 90 28 35 58 9 22 11 79 24 47 74 99 34 54 10 16 99 59
62 70 75 77 74 90 90 22 40 30 30 81 64 75 91 59 95 53 19 100 38 23 24 0 3 60 15 62 34 76 11 81 40 31 70 83 24 40 66 78 76 69 58 40 15 45 20 84 84 71 83 8 71 62 87 83 28 38 36 73 48 85 20 10 19 79 15 77 27 38 39 20 43 29 7 79 65 82 18 50 3
88 65 37 67 83 66 84 83 98 31 9 17 44 61 27 37 49 75 47 73 66 30 32 44 79 66 60 92 22 95 43 87 94 44 39 27 30 51 66 1 0 56 40 33 62 85 35 45 40 28 14 12 48 15 18 54 47 82 56 9 85 83 57 5 42 95 34 18 84 49 57 89 41 94 20 55 58 8 90 73 20
37 17 23 24 94 28 86 11 36 91 77 60 15 57 78 54 59 80 74 90 86 46 36 32 42 2 73 38 44 51 9 95 48 80 9 89 16 63 97 79 16 24 5 43 57 65 84 46 51 41 40 22 11 80 31 84 0 58 77 9 89 13 96 49 98 10 70 61 90 39 36 55 23 89 96 13 26 45 46 64 41
92 5 41 44 10 46 92 55 54 97 36 35 81 28 2 69 2 13 65 55 74 15 79 47 39 45 90 11 51 70 42 24 94 59 25 57 19 28 16 15 25 90 46 22 97 62 0 19 71 84 37 31 32 74 66 69 57 60 30 67 90 25 88 61 11 98 21 61 42 21 35 51 78 48 41 87 23 70 38 19 74
41 30 3 10 87 92 88 20 40 78 35 5 15 23 92 99 54 63 60 84 43 89 70 20 25 41 60 28 51 69 27 73 86 12 52 62 75 62 45 62 68 27 92 48 26 12 42 71 6 51 87 87 30 56 54 23 80 0 34 64 50 63 76 47 92 88 41 17 16 8 33 37 24 71 39 26 98 36 60 55 71
75 49 75 96 47 69 28 76 4 16 77 21 68 84 3 65 85 40 49 18 77 76 82 30 50 19 100 29 20 0 12 66 21 13 38 25 63 100 26 34 72 96 82 64 62 47 95 17 22 37 93 66 71 46 8 68 7 7 40 61 76 21 86 39 58 52 37 100 73 100 16 93 4 61 69 100 78 73 51 0 81
74 65 11 91 80 70 50 97 93 83 38 93 21 91 87 84 77 53 100 94 12 10 26 69 55 55 93 53 12 5 39 69 51 21 81 46 4 10 91 50 42 60 28 79 71 55 30 71 71 66 91 79 38 16 43 25 26 62 23 69 19 20 13 93 57 94 99 75 38 57 22 86 40 25 42 30 65 66 53 64 74
42 32 20 15 50 90 81 99 30 4 71 34 29 73 90 97 95 66 94 83 32 40 96 83 33 34 37 25 48 56 70 86 22 85 10 74 73 71 6 4 61 0 75 69 29 60 90 59 60 81 27 32 64 67 10 69 2 100 61 48 69 96 8 29 66 0 60 62 76 34 0 6 97 39 32 55 71 78 36 28 65
59 98 97 52 61 6 22 46 45 14 31 21 77 7 26 62 10 49 29 9 97 99 96 74 0 65 68 40 43 49 3 84 44 66 88 95 22 1 99 20 75 72 54 35 56 32 82 87 29 7 74 18 85 71 81 83 12 76 81 36 25 5 4 4 17 8 44 91 16 8 76 50 97 1 61 6 13 74 41 12 43
10 64 78 79 94 19 31 78 13 84 48 71 49 78 42 75 88 21 5 84 63 22 45 10 37 11 64 29 1 99 58 42 92 20 78 23 70 6 3 1 11 86 31 36 52 70 96 38 78 68 5 86 58 75 98 11 22 20 91 21 75 20 12 96 93 75 22 78 12 78 94 26 35 70 62 5 85 5 11 23 52
32 64 38 3 48 36 85 30 9 98 49 47 31 51 47 49 38 98 34 36 38 57 82 8 84 9 63 4 94 24 91 75 4 5 22 32 16 53 14 68 51 87 71 81 74 99 38 40 16 80 55 90 84 28 61 92 14 37 45 39 3 72 90 99 62 43 84 91 49 68 64 10 45 86 71 58 52 19 43 14 34
16 85 64 89 26 49 49 87 68 83 37 82 53 15 25 58 59 38 76 78 88 22 42 38 12 44 74 84 65 79 83 37 63 4 50 5 65 62 45 98 8 97 20 65 84 27 14 31 73 84 9 63 81 80 63 16 93 25 84 45 21 31 5 6 10 8 40 26 81 52 13 95 90 44 71 84 50 84 65 90 47
5 63 42 100 14 37 15 24 77 40 7 56 70 36 77 98 20 43 82 18 22 84 45 53 8 82 82 31 18 77 66 88 87 21 68 30 69 32 3 87 40 7 43 35 95 13 55 84 7 29 52 100 8 53 31 100 19 52 15 34 73 62 84 99 55 39 1 17 62 21 20 92 32 93 14 39 73 0 4 80 74
36 10 51 93 21 57 10 93 72 91 19 53 88 73 88 81 80 7 3 94 26 37 66 73 79 81 23 8 90 32 26 92 78 67 72 26 28 25 30 40 20 97 59 45 65 23 24 45 63 45 16 42 93 1 68 97 44 17 47 2 70 69 19 45 12 78 62 6 14 90 49 63 52 96 62 30 48 2 19 15 52
9 42 77 85 25 43 22 99 70 5 65 5 23 2 7 50 62 100 17 52 5 26 9 65 40 91 65 29 67 55 30 58 80 44 16 95 94 51 86 57 48 44 4 98 90 23 47 65 12 64 34 65 23 94 53 94 82 82 1 3 75 74 64 39 17 72 49 30 74 53 24 3 69 2 98 20 98 3 16 22 66
35 30 58 8 46 15 42 4 25 4 53 13 92 58 90 69 51 52 26 73 61 31 45 28 78 49 45 77 62 23 17 85 95 96 94 59 21 22 64 98 60 98 93 77 71 22 89 41 19 39 34 56 43 63 60 30 88 83 10 40 17 88 49 30 6 20 85 84 6 79 85 100 85 1 63 47 91 7 97 6 82
42 43 29 68 70 90 47 57 47 24 64 100 32 80 1 73 63 69 87 76 47 76 0 72 1 81 75 60 29 79 50 25 29 87 31 50 99 60 49 23 38 4 10 51 61 34 66 71 10 24 13 93 85 4 68 15 26 53 72 66 84 65 50 40 42 29 85 66 31 96 100 23 46 35 19 58 8 28 68 58 67
39 75 61 12 5 20 84 65 56 50 77 11 8 35 98 81 43 77 55 91 10 2 79 44 47 44 77 64 57 40 30 91 55 12 10 97 79 99 53 90 52 99 90 7 29 95 14 45 60 85 84 33 25 95 26 4 7 87 75 28 34 73 11 77 23 13 85 99 98 87 27 54 71 33 56 76 51 61 56 53 4
26 30 81 41 69 64 17 68 90 8 32 2 7 41 60 51 5 46 19 56 26 6 92 36 77 8 69 93 68 3 59 5 12 20 41 24 39 44 68 1 37 12 48 30 76 30 12 28 48 1 78 93 12 82 55 62 79 39 90 15 73 95 54 30 33 32 12 41 27 95 59 38 40 97 24 84 55 87 60 54 74
8 82 3 14 36 65 59 87 22 36 0 95 63 25 0 40 66 72 76 0 60 99 47 34 62 98 41 93 52 57 48 5 36 76 13 53 16 75 35 2 91 5 40 48 39 25 78 24 61 16 85 38 33 89 46 27 78 83 8 16 61 89 82 57 7 80 54 14 68 66 86 19 20 81 31 88 18 69 65 60 58
25 72 63 40 24 65 95 84 0 61 51 0 5 53 82 30 92 52 72 73 75 68 70 6 87 42 7 58 28 3 37 15 67 88 31 53 38 30 0 13 31 88 4 31 69 5 26 73 39 97 54 65 99 2 19 16 67 84 59 93 3 97 73 58 60 15 74 68 17 90 92 62 87 98 63 84 73 73 55 32 40
2 71 98 34 84 0 5 62 18 86 38 43 11 93 49 36 62 41 28 17 61 43 24 27 100 93 65 66 71 42 78 47 33 28 32 12 89 17 31 32 57 32 19 77 47 24 45 57 1 22 84 1 11 72 15 48 81 64 16 79 67 79 39 31 27 82 26 35 21 23 67 38 50 23 89 69 93 34 46 16 17
42 47 36 75 61 50 55 30 47 15 12 42 82 51 48 82 10 57 66 83 40 27 16 85 25 73 14 80 55 21 6 45 35 45 84 8 6 71 34 84 49 56 64 18 3 34 1 34 13 18 67 68 43 73 89 87 60 8 32 75 31 44 47 69 55 34 93 71 0 57 30 54 20 11 53 49 46 66 31 33 4
27 97 46 27 4 32 75 52 50 23 87 97 41 67 17 58 0 50 47 57 54 85 60 26 80 98 91 5 40 40 86 96 93 11 58 25 34 99 94 53 2 54 79 54 47 76 100 88 80 21 68 48 67 81 85 3 46 41 22 54 69 66 51 54 6 27 24 95 100 8 88 56 84 20 2 59 81 9 41 56 30
75 40 65 62 64 87 85 1 60 34 33 7 33 77 77 35 35 64 58 47 59 80 15 47 88 53 69 74 33 37 30 23 29 60 14 100 91 25 28 76 9 43 30 12 4 2 31 29 59 2 27 37 1 86 76 59 68 62 62 61 15 15 23 69 16 54 5 42 40 49 75 92 2 29 87 85 50 71 6 36 1
52 88 64 76 89 68 10 87 37 46 44 19 31 72 2 75 72 59 16 70 70 40 25 68 16 29 61 23 63 18 25 58 37 43 46 18 0 55 67 79 52 50 10 40 17 57 50 54 75 43 71 86 42 42 9 72 88 35 9 98 89 19 69 69 36 64 45 17 3 55 79 96 49 19 83 38 23 91 20 79 68
70 1 5 64 6 67 55 64 77 67 47 1 47 28 94 77 24 19 79 1 25 55 42 46 64 79 91 80 37 23 56 89 74 49 6 7 9 28 0 12 83 38 30 28 72 43 99 28 22 79 80 13 8 96 29 1 26 2 96 6 79 1 76 29 54 70 97 57 66 64 3 15 33 63 89 11 82 56 58 14 60
23 7 25 5 76 98 27 10 67 14 33 86 38 45 95 97 56 34 58 96 40 17 9 57 1 69 91 29 49 28 98 83 97 19 61 16 56 25 10 91 79 32 99 39 95 11 62 7 80 5 45 67 83 12 1 0 71 74 40 26 78 81 47 44 60 95 52 86 54 11 46 92 87 6 96 48 33 70 92 67 50
18 60 56 69 53 24 64 61 88 3 45 55 82 94 59 24 2 5 83 32 57 76 13 11 80 44 45 57 77 69 64 19 94 28 7 74 77 2 40 78 62 35 82 0 88 41 59 27 43 55 63 77 73 55 81 40 88 100 23 39 32 20 51 17 41 72 48 46 25 11 98 72 90 28 95 88 44 77 71 86 88
