95 50 60 90 71 62 42 1 62 80 90 45 68 22 89 13 82 77 10 90 93 64 2 34 24 97 57 11 16 50 99 48 32 84 27 54 9 55 41 9 44 77 52 48 0 64 0 39 7 4 28 95 57 87 73 88 57 27 57 48 74 72 31 11 87 88 20 42 57 94 35 17 20 4 71 7 48 4 14 74 93
34 37 9 61 57 19 22 61 23 7 90 36 88 9 21 44 56 85 48 67 85 73 20 3 64 75 63 87 86 82 91 56 66 81 38 47 5 31 14 32 60 21 76 35 0 18 61 45 68 12 58 15 5 90 80 69 38 68 93 27 1 1 34 39 93 73 37 15 88 48 16 13 46 68 61 93 59 24 99 26 32
35 6 57 99 40 12 64 49 90 52 88 76 68 41 71 95 6 55 47 94 99 11 42 6 33 60 46 43 9 15 67 45 63 30 80 93 29 53 66 57 94 52 48 53 54 5 49 59 47 33 74 13 23 95 89 15 42 64 100 36 91 25 12 50 82 21 54 6 85 55 31 5 45 43 8 26 93 40 98 97 61
93 30 90 14 4 17 51 54 3 83 82 10 27 74 65 69 95 44 32 85 96 90 18 52 19 81 35 6 78 59 8 83 7 51 2 70 92 51 47 0 0 86 39 79 40 23 95 0 49 26 16 100 48 71 18 3 3 74 36 93 56 0 65 10 77 79 11 56 47 10 35 58 53 8 25 57 27 65 97 97 15
1 49 20 23 69 41 70 45 2 93 51 32 55 45 60 100 12 44 44 60 61 77 83 70 49 97 81 97 83 1 15 0 16 76 70 12 34 69 75 39 95 100 66 68 62 92 92 17 100 9 62 11 71 58 93 47 92 3 95 21 70 93 77 26 50 41 79 60 60 50 36 80 44 88 58 45 41 90 86 1 91
41 74 11 9 23 6 47 61 78 99 27 21 17 49 27 92 28 96 68 35 85 71 51 75 55 27 43 17 18 11 79 43 95 98 86 74 96 95 12 74 39 52 25 28 93 89 71 90 16 23 97 64 15 44 61 53 89 100 81 63 39 91 2 16 59 70 54 6 22 71 37 33 9 74 54 95 61 47 68 42 71
34 3 28 46 55 42 44 48 31 58 52 15 80 91 79 78 29 68 8 56 84 36 70 39 77 78 39 77 82 86 97 60 73 35 60 9 100 19 65 19 25 73 24 5 100 75 10 30 8 20 62 30 56 52 39 63 52 66 26 9 3 100 83 28 84 8 26 72 96 11 33 85 91 12 97 11 38 17 28 63 81
14 71 26 6 28 55 51 0 37 86 42 99 8 30 57 44 42 12 27 59 11 15 20 22 27 33 7 20 67 100 67 89 87 18 44 23 100 69 46 59 98 62 33 3 13 17 48 62 46 77 4 23 96 78 25 70 17 24 66 68 62 81 78 6 10 61 61 49 57 9 11 11 0 15 86 23 80 60 78 36 48
75 91 69 94 45 19 54 19 70 64 75 20 18 68 23 80 42 81 97 43 36 17 45 96 31 18 36 0 82 88 7 30 51 91 9 75 47 3 3 2 9 14 18 16 92 46 86 25 63 23 92 14 15 85 77 55 4 12 13 31 92 7 69 10 53 78 90 19 69 69 8 47 9 52 75 32 79 37 62 17 27
76 91 44 23 50 73 64 45 5 9 2 77 40 43 83 10 38 76 24 65 7 37 27 25 34 62 7 15 75 67 95 62 37 57 6 34 78 50 36 44 70 22 40 70 81 73 78 19 56 21 82 99 93 61 77 18 20 100 64 73 41 29 70 35 18 89 55 17 75 41 29 10 90 89 90 21 74 92 89 85 28
64 24 93 19 81 24 70 39 79 45 57 21 66 29 35 35 25 71 86 100 8 19 31 19 64 79 19 20 34 78 39 46 52 46 16 36 91 33 5 46 85 46 6 86 95 83 29 55 0 81 29 29 41 59 19 58 21 50 44 3 97 54 95 70 92 69 50 25 7 22 87 74 41 31 56 68 0 35 17 67 71
1 90 19 84 0 55 6 29 41 69 62 14 51 0 0 92 83 63 44 29 70 8 54 59 47 35 21 92 71 84 68 30 28 42 90 18 100 79 82 94 6 93 91 4 86 45 51 31 93 65 1 97 55 95 99 18 3 11 22 32 49 1 68 96 90 91 97 47 20 58 37 64 29 58 43 66 57 7 2 70 63
75 67 55 46 24 41 12 47 69 51 47 68 51 9 73 61 34 10 21 89 28 75 65 5 14 75 32 80 24 2 14 39 77 6 42 82 18 20 57 85 72 73 75 51 84 27 72 7 84 0 80 61 61 62 84 23 15 32 69 100 98 37 54 68 87 25 89 63 22 97 49 64 12 37 57 14 46 44 10 87 61
9 60 44 78 35 3 40 85 57 33 33 98 60 68 16 49 7 41 78 5 43 98 86 51 0 15 16 87 98 2 90 6 31 27 13 11 73 82 56 91 99 87 84 84 42 28 31 0 8 83 19 5 94 82 44 63 3 83 55 22 95 19 100 37 63 65 0 5 9 30 12 47 83 56 87 0 59 23 96 89 98
50 96 91 12 21 32 38 20 75 53 14 35 55 81 75 50 89 99 87 67 77 19 9 60 29 37 37 20 90 69 24 62 16 61 99 37 96 95 3 67 7 97 0 74 9 35 88 30 78 99 47 86 22 36 47 4 29 81 27 45 81 41 36 13 43 50 79 97 49 4 63 36 74 0 90 63 80 53 7 97 29
23 22 96 67 100 68 89 71 11 11 78 53 21 77 45 33 16 1 44 81 95 26 4 49 74 34 71 49 56 36 67 62 31 50 31 4 33 3 40 41 13 61 31 58 17 0 29 10 42 0 86 31 0 46 87 48 70 20 77 40 42 93 57 100 2 15 60 18 43 33 63 41 37 57 75 68 32 93 14 56 31
87 62 74 70 48 12 52 97 19 60 24 55 13 79 26 76 57 22 71 45 62 62 48 34 82 63 87 77 51 7 81 51 99 87 100 35 0 85 92 41 27 5 23 54 43 38 32 97 4 4 67 1 54 4 89 15 71 67 39 0 77 91 22 10 36 22 92 6 30 45 40 100 73 48 16 32 27 32 87 66 65
73 42 91 17 29 79 74 36 53 49 10 66 16 36 11 97 52 35 91 96 36 96 22 79 8 93 19 84 29 11 23 44 55 31 0 12 89 22 84 78 7 69 85 59 67 19 7 49 13 15 64 37 39 8 85 13 57 83 96 15 73 29 68 60 23 62 57 61 74 50 90 89 94 43 59 49 49 33 95 42 78
64 30 91 29 72 95 35 82 70 91 65 24 83 22 40 81 32 94 64 29 75 85 74 16 68 52 15 19 40 8 92 22 24 91 20 21 100 84 97 18 23 71 17 92 45 91 95 97 89 56 33 60 73 94 51 56 56 69 7 76 35 19 86 63 72 76 40 16 25 80 81 82 29 96 56 26 96 67 25 64 14
58 69 4 32 80 33 65 10 66 28 51 97 41 41 49 17 94 77 8 67 99 70 41 66 52 43 59 27 100 12 33 80 41 40 83 17 79 64 89 25 0 70 64 18 56 67 42 29 71 65 35 39 60 56 78 70 39 11 59 2 63 44 78 16 5 64 83 81 89 42 87 97 56 33 86 94 4 12 55 11 99
95 53 12 21 65 21 51 58 35 30 59 19 42 10 89 84 97 37 63 77 15 58 32 16 28 95 17 78 84 58 47 92 11 19 43 38 39 90 100 93 83 61 11 72 56 35 84 93 32 49 36 17 81 3 63 32 34 3 67 78 15 46 64 61 17 86 83 25 27 59 53 83 64 84 64 70 18 76 79 99 32
29 13 74 30 71 89 69 12 69 78 5 52 19 37 26 91 5 14 70 97 59 11 28 62 8 4 29 66 12 80 40 4 48 17 13 8 17 42 86 79 20 41 83 53 8 12 64 4 2 36 34 66 68 7 17 73 23 93 94 1 63 70 71 18 96 79 17 87 48 40 62 98 31 23 46 63 17 54 26 23 22
24 94 8 43 30 75 15 27 99 74 82 87 32 10 66 87 62 96 99 39 78 15 64 68 4 91 42 21 20 37 41 63 46 64 93 98 37 50 85 92 79 10 91 32 50 82 6 54 58 53 100 18 2 69 75 89 82 21 39 37 95 99 97 93 41 83 10 53 39 24 54 4 10 1 94 29 50 80 2 64 38
25 39 4 30 15 52 41 77 25 83 62 69 96 0 28 36 16 56 16 100 87 87 63 12 60 13 0 31 86 33 48 17 37 46 21 50 85 73 84 21 83 90 75 84 75 15 63 85 11 56 7 28 71 49 35 91 75 10 63 24 41 7 19 5 31 34 52 75 11 0 57 6 73 50 9 34 58 4 9 72 27
24 58 82 20 58 65 43 99 75 53 96 12 85 34 21 49 85 39 2 23 10 82 88 65 55 14 26 23 60 49 75 24 6 100 64 14 79 91 25 56 47 38 8 62 25 62 6 46 30 39 0 59 85 61 2 67 65 23 91 26 72 70 51 10 4 57 15 45 10 49 77 43 23 6 62 66 73 29 47 51 25
81 35 64 77 64 85 64 72 61 15 76 10 34 92 21 32 11 53 3 85 84 39 94 93 97 66 84 78 56 97 14 44 63 67 23 54 42 20 59 48 14 56 82 6 88 14 32 74 27 6 96 89 18 7 88 90 48 21 44 13 46 78 99 65 51 3 80 81 27 11 74 4 93 16 80 51 39 1 26 54 50
70 21 14 58 20 72 64 46 39 62 85 31 100 53 53 67 12 87 11 77 60 32 11 41 65 42 64 61 68 99 48 14 3 41 83 19 47 42 45 63 83 18 17 99 65 5 38 8 8 17 36 94 3 95 75 68 71 34 31 93 57 16 14 67 39 25 67 52 88 5 1 90 81 90 55 23 18 10 14 56 52
40 74 68 71 86 85 12 74 31 80 8 44 68 77 31 92 50 26 0 96 97 95 9 75 62 9 5 69 34 72 69 63 83 4 75 58 3 61 96 68 83 64 16 15 22 98 77 64 71 55 88 56 57 24 10 28 42 2 57 70 33 84 77 17 94 75 34 57 33 26 1 5 7 60 85 72 97 61 96 67 43
68 33 39 70 23 65 79 49 12 96 61 30 55 30 74 28 57 75 78 94 70 5 98 51 89 82 71 13 76 76 4 60 84 26 12 100 66 28 84 31 63 93 64 44 42 82 94 12 55 78 36 79 2 13 45 79 89 37 34 28 20 46 55 9 14 23 64 57 76 68 30 68 90 15 51 83 59 84 12 0 83
19 14 68 35 62 31 50 81 64 0 14 7 33 10 0 19 38 93 29 35 39 53 87 92 98 33 53 54 55 58 92 29 69 53 9 38 9 82 29 24 43 16 1 87 71 26 79 57 20 92 96 64 75 19 16 25 74 61 45 17 37 71 11 75 37 46 67 58 45 51 58 92 36 48 69 4 6 66 45 0 89
56 4 5 99 16 3 39 17 2 9 81 64 88 58 56 2 22 44 4 63 61 2 14 7 82 35 50 37 44 95 100 25 78 7 30 61 12 40 38 96 48 56 76 81 61 89 12 4 73 22 5 92 53 70 5 50 57 96 47 75 3 27 75 60 65 17 74 54 74 58 28 43 73 71 98 76 95 66 65 50 90
90 62 65 25 77 55 87 21 47 37 47 48 80 85 95 36 78 90 4 73 4 27 53 46 83 50 16 59 38 98 27 7 98 53 49 2 0 13 28 65 46 32 41 15 7 24 95 60 40 94 77 87 95 16 16 56 56 45 69 10 14 27 61 3 30 58 83 66 26 92 83 71 99 94 68 0 96 99 95 40 24
4 2 59 8 40 10 50 81 26 47 79 47 31 7 51 76 69 58 21 9 2 72 49 34 47 68 73 21 15 48 27 63 51 98 11 53 47 30 54 29 1 35 58 53 59 76 90 93 2 29 92 95 86 60 59 38 23 84 76 81 38 74 7 13 43 34 77 98 68 44 11 50 36 70 94 52 86 39 97 82 76
90 55 3 60 80 51 5 88 97 97 35 23 3 47 92 24 79 56 40 97 58 40 67 49 31 89 39 17 67 76 27 76 35 98 91 18 99 4 82 45 5 29 74 1 40 36 38 41 43 8 57 24 68 52 6 29 32 82 86 85 3 77 28 47 67 95 12 75 66 32 55 36 26 38 42 96 52 81 72 10 66
31 83 0 54 38 61 36 50 61 55 90 66 46 63 62 83 59 14 27 67 94 26 98 35 41 59 80 56 89 84 31 25 47 54 63 36 76 17 35 59 57 2 84 86 14 90 29 26 74 66 49 58 76 96 13 43 93 23 76 17 27 91 83 11 68 52 62 23 64 74 96 43 13 65 69 14 89 52 28 94 33
94 45 2 72 25 96 99 80 62 59 51 41 91 83 60 6 76 75 75 75 73 64 1 68 3 35 38 77 5 49 2 45 97 99 26 95 5 51 39 68 22 20 14 27 78 68 3 51 48 88 58 6 30 94 21 20 86 72 64 93 0 22 17 99 75 74 75 70 30 43 57 65 78 52 58 27 59 93 28 85 53
56 67 70 78 9 80 51 72 24 18 75 95 95 22 7 83 94 63 44 60 4 8 23 9 37 66 89 30 2 65 35 20 17 71 81 34 73 93 7 91 47 25 89 78 22 59 66 69 33 93 82 72 32 48 26 75 34 18 4 60 8 70 74 38 77 16 45 53 40 97 32 40 31 19 75 34 60 81 10 89 94
60 1 23 11 71 46 41 15 55 59 68 90 22 54 83 14 19 85 19 25 33 82 21 69 11 50 41 32 83 86 100 31 90 35 57 28 25 60 83 41 68 52 37 44 23 51 74 13 60 42 42 33 92 98 86 80 7 25 30 53 24 76 81 27 81 50 99 3 17 95 40 13 30 37 66 51 80 68 77 84 35
36 49 70 22 91 51 43 74 17 100 29 26 61 96 62 36 5 92 92 23 93 57 44 52 28 12 50 90 70 4 93 29 99 18 43 72 85 16 82 46 39 9 11 43 38 90 56 55 31 67 45 52 74 77 63 89 81 61 50 86 74 98 83 90 51 81 0 18 10 36 29 18 96 89 55 59 40 89 65 33 42
5 88 100 93 79 31 100 54 87 67 100 42 78 27 90 69 18 42 73 34 48 57 1 18 53 2 41 27 5 79 53 49 14 98 13 68 33 82 99 100 8 26 17 36 75 6 87 1 46 13 70 10 12 11 1 0 69 19 79 20 93 61 3 27 69 51 59 44 89 8 35 17 3 2 67 20 9 69 69 67 69
29 79 98 3 15 73 71 7 26 17 4 49 31 83 24 51 33 39 0 81 74 36 27 0 71 63 29 17 52 15 40 40 33 28 95 100 18 98 56 13 62 41 76 5 64 45 27 24 79 37 96 79 74 94 60 18 83 41 13 71 53 30 20 14 94 50 33 96 43 90 87 64 55 74 5 38 90 67 96 32 40
16 18 59 20 12 47 33 25 5 81 77 57 90 79 89 73 5 20 44 42 67 54 66 96 58 7 46 23 86 79 55 39 23 40 20 90 17 52 77 100 6 8 79 12 97 90 47 9 98 72 45 88 21 8 4 93 32 85 19 7 45 31 42 65 37 84 8 9 55 86 19 95 50 10 83 56 8 83 92 23 31
68 61 94 22 61 44 22 78 51 53 14 66 30 38 60 91 11 43 91 39 86 56 5 41 33 2 100 77 94 20 64 76 71 21 90 39 13 79 12 41 35 30 44 43 4 38 95 46 77 6 85 61 40 65 4 58 12 22 92 69 67 90 70 70 56 58 71 12 82 91 26 61 68 90 64 72 33 9 39 82 95
77 26 18 56 45 72 15 22 85 14 59 51 14 28 23 7 83 92 42 90 75 98 26 29 86 41 37 63 12 94 93 32 85 52 30 18 76 76 83 4 6 73 64 59 44 60 1 95 16 62 69 18 61 74 92 75 19 41 40 79 63 40 3 12 90 31 67 52 73 39 83 13 31 23 42 12 96 28 64 80 57
38 82 98 63 11 12 83 49 93 37 90 49 56 8 53 58 37 74 14 97 97 15 5 13 50 29 51 82 43 56 44 91 62 52 60 20 37 99 67 98 21 31 68 69 20 26 32 19 0 88 3 69 58 74 19 10 63 57 40 16 63 19 7 77 28 0 88 20 65 38 84 48 34 44 20 87 28 58 90 37 93
76 93 52 83 86 43 67 5 91 13 37 90 41 22 67 18 87 80 33 12 91 76 67 62 13 54 80 28 5 78 59 76 46 39 74 17 61 88 17 31 16 51 19 11 64 57 48 13 61 21 47 39 75 38 38 92 30 66 34 28 25 35 63 18 97 9 76 63 93 59 59 41 29 18 5 81 17 64 35 89 67
12 96 25 79 26 95 83 84 77 86 48 25 25 50 15 66 71 97 61 2 5 37 32 38 94 44 26 77 80 82 68 80 42 26 25 58 60 98 45 11 87 72 59 51 48 42 37 93 26 62 48 1 10 26 59 44 88 22 77 62 81 80 16 90 74 63 88 20 75 30 48 24 10 55 23 7 92 12 87 23 56
89 48 49 25 76 64 65 66 31 22 10 40 63 78 10 80 18 24 31 22 9 67 69 70 49 77 35 7 53 53 52 66 58 93 71 88 64 38 33 53 6 14 1 69 98 100 83 88 32 74 14 64 5 44 47 96 57 89 78 8 5 61 59 74 80 35 2 27 94 56 42 20 64 94 37 80 73 20 53 2 84
63 87 84 62 42 13 4 69 76 93 38 56 11 67 44 6 57 53 74 24 92 61 89 18 59 86 92 53 33 32 97 84 96 60 85 44 28 90 97 51 26 100 64 1 97 49 39 57 22 85 9 31 25 22 51 4 91 60 1 65 12 45 76 21 38 51 35 22 57 88 70 81 90 67 59 1 41 100 96 37 66
49 20 67 95 28 66 4 85 78 44 25 76 26 64 10 100 45 20 71 62 48 97 21 20 38 14 100 26 69 68 82 36 44 70 34 61 39 88 78 51 51 95 97 36 94 35 12 12 20 70 40 21 70 87 25 17 9 88 100 61 17 61 1 3 95 79 51 5 37 64 74 69 37 27 3 69 84 48 47 20 56
33 59 69 27 76 91 76 34 41 7 28 9 76 53 25 50 92 8 76 15 90 21 48 44 60 70 60 3 44 2 41 79 69 11 75 81 8 84 96 52 20 6 6 18 22 7 25 28 73 30 25 72 89 86 70 38 46 69 75 100 63 44 88 55 92 22 17 72 58 16 22 96 94 25 65 71 30 99 55 63 25
6 93 14 36 61 3 71 67 17 46 0 20 73 64 25 55 64 45 63 17 68 98 42 11 34 63 57 16 73 38 91 35 37 92 61 74 35 52 70 31 12 10 19 79 47 3 71 89 99 76 65 74 15 9 74 36 5 26 3 28 84 100 40 90 92 59 31 81 77 73 46 81 49 86 60 57 31 87 36 30 44
57 31 2 86 40 38 79 1 92 91 40 74 5 100 32 48 55 44 32 95 74 36 31 65 10 12 90 92 27 52 7 72 20 86 6 56 56 48 95 71 67 100 18 4 40 14 0 91 26 79 4 39 57 76 29 90 56 28 52 7 17 55 76 75 22 82 81 7 38 20 99 70 31 15 58 9 73 90 18 63 68
49 52 8 42 63 37 81 9 91 11 22 90 9 75 19 61 36 44 66 72 14 86 41 65 43 16 44 11 29 67 97 95 84 9 27 55 72 72 44 2 99 32 22 35 99 0 88 74 27 96 98 38 8 56 53 87 71 12 35 61 50 19 91 46 56 32 15 5 1 39 55 91 48 69 47 65 79 50 84 43 22
47 55 93 38 8 94 26 6 8 93 94 90 88 87 36 40 41 14 48 71 17 81 34 85 37 34 99 96 2 38 55 92 24 95 15 32 16 67 55 39 8 26 11 88 83 97 45 44 69 9 11 84 18 8 36 1 30 2 69 14 90 39 74 32 26 26 15 74 64 3 58 40 93 14 3 33 69 37 79 14 66
89 19 90 61 97 38 30 10 5 33 56 83 18 99 70 17 20 24 63 52 24 54 27 46 30 68 88 77 50 16 100 70 7 0 26 31 46 85 19 44 20 53 37 16 38 64 13 98 48 69 45 77 3 67 78 27 31 97 44 47 80 51 50 62 72 24 20 57 78 61 88 91 46 70 40 18 65 25 43 46 5
50 97 89 53 51 12 71 26 90 100 77 15 93 43 33 38 18 86 2 26 93 73 67 99 33 87 98 89 27 82 43 62 25 1 90 64 55 50 62 46 3 68 71 70 65 23 14 72 3 41 37 5 38 92 28 47 82 6 7 67 33 33 62 25 59 61 62 100 14 81 87 3 82 81 95 39 57 82 67 30 20
14 91 94 6 7 38 98 6 28 25 91 3 93 97 94 86 35 94 57 98 24 88 28 41 84 83 76 95 69 35 42 79 77 41 1 14 62 71 63 54 74 38 36 86 39 36 49 0 28 38 80 43 22 88 0 15 28 70 69 39 28 44 78 61 73 46 51 2 87 34 17 1 59 61 33 72 24 37 2 14 74
78 82 44 0 59 10 7 17 1 81 92 97 49 19 54 10 83 35 55 66 87 26 19 82 31 96 40 54 29 51 71 99 86 52 57 49 59 41 48 36 30 41 93 73 66 52 86 0 95 65 51 82 47 39 25 30 0 54 8 37 11 53 66 16 52 75 98 81 55 26 3 23 23 84 31 76 61 23 64 74 46
5 28 84 56 58 68 28 71 21 41 92 31 97 66 91 82 65 62 14 43 65 94 94 7 49 69 76 42 84 19 32 12 11 99 31 82 29 34 12 37 86 4 76 23 15 73 58 74 90 93 3 5 24 53 52 8 15 6 41 81 13 32 58 90 12 7 49 55 11 75 74 36 11 21 43 10 58 93 72 31 36
53 92 53 49 87 34 89 55 67 67 45 58 87 9 22 56 16 37 97 56 29 1 34 68 2 48 13 49 17 98 87 21 18 71 32 79 61 17 14 15 64 0 32 34 42 16 61 19 68 13 41 16 45 56 9 20 70 5 98 94 22 67 73 95 16 9 19 19 48 63 26 60 56 84 27 21 20 22 35 5 13
93 65 70 36 9 36 44 79 79 47 55 34 28 98 99 83 40 5 41 53 86 18 24 23 70 37 8 76 24 42 66 95 64 55 70 22 11 31 28 58 61 9 45 46 10 20 25 89 39 70 99 78 5 52 3 81 90 60 80 14 33 24 12 85 21 83 49 98 24 66 33 31 59 47 22 66 52 85 53 48 70
86 81 65 74 5 7 11 70 96 61 91 32 10 60 3 15 92 49 12 94 88 71 80 46 47 26 4 89 48 8 18 69 64 38 48 74 6 12 71 1 78 15 53 79 80 97 72 90 15 14 1 100 21 27 70 48 46 61 97 20 90 92 12 19 48 41 61 39 9 14 73 21 55 49 28 82 35 6 13 21 95
59 9 86 73 69 45 31 96 22 49 43 56 80 38 12 35 46 88 94 26 71 16 73 8 71 8 49 74 45 60 33 77 63 83 70 44 19 78 13 26 47 1 92 74 68 44 77 50 92 44 76 80 34 15 64 15 95 57 91 100 0 38 62 91 64 9 64 11 54 37 6 4 20 37 73 68 24 63 11 68 33
88 15 8 7 52 7 87 3 95 0 25 3 25 46 78 26 4 72 100 54 0 7 14 29 30 75 33 92 49 49 75 78 13 28 62 48 60 34 42 3 67 100 15 30 44 59 64 52 74 8 77 72 45 18 79 74 9 6 62 94 17 26 25 53 44 54 76 100 49 82 44 27 63 37 69 57 3 90 97 40 5
93 72 43 26 11 41 47 62 21 32 15 83 24 51 25 93 56 21 36 15 90 45 30 1 50 16 73 33 0 10 99 43 72 72 52 24 46 20 50 57 59 5 80 7 33 84 77 55 21 13 4 30 20 19 19 84 18 30 45 86 41 39 76 16 68 4 51 23 0 2 83 14 41 93 23 97 43 67 22 41 86
56 49 59 82 31 18 91 10 19 58 34 38 73 34 38 15 63 2 99 17 0 20 87 22 77 34 16 87 54 79 73 60 18 79 84 13 82 20 69 96 19 7 59 23 37 47 52 64 93 76 0 8 95 21 57 5 94 93 87 14 44 42 16 56 98 37 99 44 28 74 89 66 84 5 78 25 84 36 98 63 78
6 68 65 28 17 10 96 25 52 80 16 4 44 21 30 73 94 22 87 90 44 45 81 11 78 16 9 7 95 44 78 64 90 14 94 59 58 6 91 85 83 3 71 46 25 82 15 40 31 1 62 84 0 43 62 34 41 34 56 2 86 17 10 45 59 99 7 4 76 41 15 24 49 42 14 68 98 85 20 53 7
78 79 11 76 66 82 56 28 38 15 35 24 25 98 76 66 67 39 3 4 61 78 43 98 11 70 21 60 35 68 81 92 28 65 44 64 39 37 99 20 70 63 6 81 79 12 42 46 61 26 37 18 45 72 1 24 34 76 85 54 54 56 75 97 94 59 38 98 60 98 60 12 50 24 13 28 100 74 20 41 78
19 83 70 26 56 25 89 51 65 79 66 97 93 42 23 17 13 11 65 77 80 59 22 63 81 36 93 84 34 46 100 26 66 69 48 50 91 82 83 53 79 7 19 29 8 7 17 76 65 34 41 40 89 68 1 7 59 80 61 5 6 77 11 69 84 26 34 96 16 7 1 36 46 21 38 34 63 91 71 78 98
76 32 85 43 53 97 6 11 80 34 27 79 13 35 2 95 32 77 48 24 51 53 63 91 52 6 27 38 62 63 88 35 75 32 43 74 61 99 89 35 40 49 6 40 37 51 88 15 26 75 9 77 85 41 52 21 45 34 85 11 7 94 54 2 59 50 51 93 50 98 26 64 85 69 3 11 48 28 71 75 66
19 9 6 55 19 89 81 17 57 51 14 94 32 81 33 50 40 21 68 1 41 81 71 36 28 96 99 55 76 2 33 73 1 64 57 41 32 71 77 41 17 71 4 62 2 83 83 86 54 67 32 66 64 79 8 41 18 53 51 95 66 11 73 86 27 35 91 11 85 95 83 15 92 20 24 9 60 54 69 25 23
92 37 87 2 69 86 39 17 3 95 45 85 64 33 25 12 64 90 35 91 99 92 49 31 9 24 75 27 46 40 14 35 49 88 88 42 41 98 77 90 64 92 70 55 3 35 31 67 42 70 83 41 58 9 57 62 12 49 13 61 18 41 66 82 76 54 85 61 9 31 11 57 67 63 85 19 60 99 19 22 26
42 2 14 69 95 14 82 95 14 2 4 11 43 58 12 70 50 41 35 79 40 71 68 77 0 57 5 40 60 34 55 66 39 25 2 88 42 43 52 83 99 50 41 100 49 65 21 11 11 73 42 76 78 74 99 92 19 16 20 6 33 67 75 94 6 12 56 33 99 3 45 77 83 39 49 56 36 47 53 100 20
36 49 33 2 44 1 7 18 86 69 83 0 46 77 70 47 61 68 16 52 12 94 17 90 80 32 10 61 37 21 28 50 89 87 86 16 66 83 31 58 5 94 55 68 10 11 71 77 44 65 80 20 66 30 21 46 77 55 89 40 70 59 13 70 73 27 53 88 6 23 48 12 24 37 34 6 70 44 30 21 68
77 83 1 63 86 95 62 23 87 41 99 55 53 71 75 7 14 2 88 44 51 33 37 93 78 33 96 20 45 36 56 90 1 21 58 61 89 37 44 64 41 69 1 44 37 88 10 85 97 35 61 80 75 76 64 99 24 93 36 67 35 38 54 74 62 94 69 88 99 47 74 16 3 35 78 57 68 11 17 95 19
79 15 32 37 10 4 91 6 8 44 93 4 98 76 50 71 92 42 53 88 43 86 30 13 26 60 16 73 46 4 22 57 30 86 29 54 36 79 98 60 24 41 85 57 41 50 55 56 85 25 63 29 42 30 17 78 33 72 33 86 7 44 44 83 35 80 42 73 12 30 45 52 29 81 76 45 44 72 42 12 38
88 71 73 71 15 43 73 86 39 34 23 27 28 90 25 30 17 34 18 26 88 72 0 70 0 2 87 57 60 20 70 67 93 33 58 4 66 37 89 53 55 20 47 84 20 44 19 48 93 91 43 88 84 58 88 0 71 0 58 55 2 54 41 15 52 36 14 70 74 1 9 46 74 89 46 70 95 97 4 67 18
82 86 33 95 83 22 23 29 29 14 85 20 2 5 24 81 23 26 85 74 93 39 54 10 3 48 73 71 31 37 88 89 13 93 91 19 29 68 49 4 72 12 35 13 48 6 92 46 96 62 23 87 0 26 96 84 6 72 3 70 94 41 26 5 66 77 1 46 32 97 60 80 27 51 42 32 69 17 46 51 70
99 4 81 11 39 71 6 0 41 10 99 98 57 79 29 47 46 35 98 94 92 2 71 43 94 36 33 92 86 81 11 75 31 26 25 80 13 12 44 28 2 78 73 90 46 69 3 84 42 75 59 25 48 21 18 20 74 58 68 67 66 45 97 92 15 1 94 75 61 97 68 91 82 72 9 17 36 47 2 16 89
52 34 85 8 74 40 80 77 99 31 32 57 93 89 85 54 83 19 30 33 25 28 33 11 30 31 22 100 43 42 89 47 89 49 45 42 100 87 39 18 41 86 83 64 23 32 29 56 11 45 13 83 12 27 66 4 55 79 91 10 4 91 14 4 53 67 41 18 34 26 98 83 85 92 80 99 35 64 36 15 100
