60 42 90 52 34 57 60 4 44 38 36 36 88 15 35 31 83 48 60 15 19 46 68 74 96 41 31 97 4 24 87 55 43 12 70 81 36 10 20 45 96 85 16 8 40 42 55 5 96 60 58 71 68 34 18 1 98 2 2 84 11 95 11 35 14 50 82 70 6 57 81 0 68 4 72 5 70 33 86 35 70 54 93 81 42
9 58 46 16 30 91 50 64 11 54 14 71 94 29 50 20 88 26 84 87 0 65 80 81 11 39 83 51 19 31 72 9 84 64 52 5 92 56 1 51 86 1 92 18 27 7 1 43 13 29 20 18 93 46 58 28 21 51 69 33 0 73 31 91 51 5 16 63 19 54 78 0 57 93 31 5 86 42 83 69 1 24 48 15 80
69 68 31 36 13 77 36 77 91 18 22 92 71 52 89 67 9 95 68 0 64 61 75 9 87 2 11 58 25 66 59 11 66 44 59 11 2 79 99 74 58 21 63 25 19 90 70 11 36 99 32 81 27 88 84 91 77 16 75 54 67 85 55 40 96 72 47 48 97 28 100 26 45 22 61 84 56 49 60 9 10 20 73 26 37
97 28 55 7 93 61 96 32 68 0 80 35 30 96 8 71 88 81 46 8 38 0 64 68 67 80 88 16 17 28 70 17 27 2 98 89 48 61 96 65 82 74 81 100 63 97 83 56 23 91 77 92 95 28 72 67 94 1 90 70 69 94 3 64 40 35 3 72 54 87 60 55 85 13 66 24 67 9 40 66 27 31 53 78 25
61 89 53 1 1 59 16 42 70 95 28 49 69 17 10 65 25 27 41 64 97 45 64 40 40 38 4 19 39 34 100 81 22 56 78 89 90 23 63 56 5 66 65 36 21 61 23 25 81 96 20 94 0 84 63 54 62 63 24 92 56 33 72 30 32 34 65 68 84 33 86 38 22 100 59 93 58 72 52 68 99 5 4 60 7
73 36 77 58 47 90 86 16 45 83 56 90 35 12 26 34 28 54 81 93 27 64 81 14 12 58 55 85 8 71 96 27 0 35 17 24 85 66 31 82 29 70 99 34 10 80 7 70 55 73 22 22 36 9 90 42 42 92 99 5 87 20 82 56 84 49 99 43 100 99 97 57 72 20 45 80 52 90 73 64 9 35 11 88 82
18 20 4 67 9 3 88 30 68 5 48 58 69 69 35 29 75 5 55 57 22 34 74 30 49 86 31 78 21 54 66 57 5 2 58 28 56 57 81 75 48 8 28 66 11 95 87 97 60 70 25 37 32 50 81 2 47 48 25 65 88 99 97 98 84 27 5 87 37 93 62 29 44 11 89 45 93 57 84 81 38 36 16 51 78
87 55 59 72 100 10 69 13 25 84 49 82 73 41 30 7 37 60 0 70 78 93 49 73 41 95 92 44 100 11 91 87 41 80 42 31 76 21 57 89 24 27 13 67 19 52 9 60 94 31 42 3 4 69 11 7 89 46 14 62 90 24 70 60 22 52 48 0 33 70 14 48 21 75 78 65 2 45 30 19 74 26 87 97 9
71 19 1 22 12 46 1 18 0 85 74 0 37 20 0 21 17 49 4 45 72 48 43 53 48 77 59 40 44 23 68 22 55 44 47 4 34 28 0 93 83 100 49 91 20 24 17 19 0 65 56 82 91 15 73 17 95 86 79 60 13 73 52 57 72 62 10 79 21 50 38 46 28 58 81 25 85 65 68 28 1 56 12 43 67
62 19 79 33 92 65 36 71 10 60 5 22 45 17 91 95 57 42 2 93 99 41 52 84 24 98 97 74 73 61 22 9 78 68 89 19 77 39 66 83 63 56 8 39 56 0 1 54 12 67 43 56 56 80 91 7 94 80 37 91 83 16 82 10 10 56 72 20 85 99 21 22 48 81 88 11 23 47 16 33 36 75 2 93 91
21 94 85 64 34 36 9 52 50 8 52 31 24 93 74 18 92 56 50 94 32 55 77 8 5 100 77 42 69 25 64 89 40 52 39 1 1 68 74 14 51 54 97 27 83 3 9 82 60 39 19 52 9 26 28 46 87 38 64 99 24 11 13 75 22 63 40 33 76 8 62 36 51 97 22 9 15 27 97 38 87 95 34 76 83
67 7 88 64 24 19 39 58 58 39 83 10 45 91 49 95 8 95 79 88 24 12 59 77 61 12 94 71 80 90 71 10 25 92 46 99 6 78 89 70 37 60 74 16 4 67 32 16 48 82 13 74 18 33 55 50 94 77 54 87 54 19 79 93 2 82 32 57 80 41 20 87 27 67 100 55 97 66 30 27 90 20 78 61 32
87 80 60 65 14 45 39 100 59 78 6 57 64 44 20 44 32 100 29 28 14 79 27 73 74 2 53 85 43 78 13 65 39 20 58 28 49 53 83 37 94 94 60 3 55 65 14 94 5 30 60 59 31 50 9 91 32 96 2 17 87 85 63 49 67 22 86 97 44 71 25 79 89 57 56 89 94 77 68 42 94 53 0 18 29
86 16 46 18 48 15 20 88 26 83 61 88 86 3 86 33 32 19 83 60 20 77 32 37 41 71 37 59 0 86 72 66 56 36 39 66 25 7 89 69 27 94 22 78 14 14 62 3 78 79 93 82 54 84 77 34 6 66 6 39 0 13 48 67 51 83 25 7 19 16 45 0 67 19 100 52 12 64 51 68 82 10 76 45 35
48 99 4 9 76 85 44 61 5 29 19 63 81 30 79 5 18 26 97 47 45 67 57 15 45 43 59 44 23 38 60 60 82 29 76 9 60 41 30 12 97 7 14 18 29 94 23 48 20 64 98 98 1 69 43 18 100 30 87 92 19 85 0 45 32 71 18 41 54 38 34 31 71 9 86 5 30 25 96 42 59 29 11 66 59
40 86 35 46 66 94 29 79 18 83 34 52 22 100 76 69 27 59 11 77 92 46 44 75 26 3 89 21 67 17 72 56 31 3 12 42 61 39 44 95 2 75 55 56 36 49 51 36 0 72 33 53 93 91 70 61 89 10 2 22 41 93 5 94 99 83 47 43 22 9 80 32 15 93 9 23 8 36 71 93 47 27 7 49 45
78 2 31 38 97 67 31 5 95 26 51 25 19 66 47 79 48 63 75 55 77 27 66 60 90 24 83 77 22 10 15 59 19 5 80 74 26 20 16 93 56 95 16 58 59 16 50 50 50 1 3 6 49 15 22 13 8 62 1 8 67 1 87 12 28 23 33 43 18 65 94 64 11 52 96 100 53 63 6 80 59 77 5 40 94
57 74 13 55 25 60 81 73 39 86 18 54 85 41 47 94 60 83 75 52 26 46 66 13 23 60 71 75 40 22 22 59 61 50 75 35 12 17 25 4 65 90 20 67 74 8 92 4 29 19 44 51 12 28 7 6 48 17 26 79 61 39 86 0 51 58 18 60 20 73 39 5 1 76 68 82 88 43 25 58 49 96 64 41 78
15 47 71 32 74 69 79 75 99 15 32 84 24 78 23 30 57 91 63 85 45 97 88 36 40 15 90 66 32 88 87 43 0 2 64 18 14 8 60 41 92 94 23 60 86 96 61 93 8 78 67 51 47 15 53 35 43 84 89 41 1 9 16 29 54 69 2 36 97 15 9 91 43 1 42 27 38 32 59 96 59 34 29 76 37
38 34 86 51 0 61 17 94 27 3 7 96 87 28 93 76 71 65 23 39 31 60 56 76 11 93 66 84 98 34 45 50 13 21 51 18 6 84 99 99 50 20 6 83 41 85 61 76 54 86 37 10 80 54 56 41 91 53 83 26 77 65 78 36 87 59 84 100 61 47 59 96 5 5 9 44 15 86 37 43 57 19 45 98 32
74 26 70 46 43 84 83 82 5 26 70 90 81 85 97 64 88 40 22 27 78 64 31 3 0 38 89 92 45 47 43 36 30 78 81 13 97 81 3 45 90 15 86 16 30 89 67 29 11 77 55 70 12 34 69 32 73 49 64 60 61 4 58 73 84 26 16 93 18 91 72 43 50 4 70 92 3 18 100 57 89 18 21 22 66
3 24 30 4 13 91 44 11 93 31 61 5 52 10 3 73 98 58 63 12 13 20 73 40 53 78 59 44 100 57 57 43 72 88 25 41 90 10 93 65 22 37 40 73 35 39 10 79 4 46 38 16 9 38 17 99 57 58 94 62 54 13 63 69 10 34 23 31 40 43 1 3 45 25 26 35 13 26 99 32 90 5 38 9 80
58 61 96 1 13 90 57 47 5 62 61 81 71 100 14 4 16 85 25 3 85 95 86 18 74 71 99 84 29 30 58 87 19 28 36 91 98 63 24 9 28 60 77 23 82 54 53 83 85 37 69 46 45 4 87 83 61 95 6 35 4 78 32 82 59 20 57 3 62 51 4 24 50 68 100 49 29 5 17 84 73 98 45 77 60
93 29 49 49 42 52 5 20 52 61 82 96 42 100 24 82 71 54 38 38 84 47 74 95 24 91 27 83 45 48 65 12 92 57 58 58 55 4 40 25 1 51 56 85 58 1 37 9 74 39 87 45 75 61 76 51 94 100 86 29 70 71 34 82 11 24 40 2 30 36 51 26 59 2 43 36 36 32 83 11 76 70 94 86 55
53 27 49 9 49 35 28 98 47 43 65 35 12 88 47 81 92 76 16 68 93 54 77 0 85 7 78 35 10 25 100 52 78 92 9 48 71 8 87 55 39 15 67 100 49 12 36 76 91 51 37 58 96 28 77 21 9 16 22 26 87 72 74 58 29 39 88 54 97 37 20 44 48 11 2 60 9 85 14 30 44 48 99 92 68
6 82 92 25 66 22 32 93 54 16 57 48 2 33 64 23 0 84 32 66 47 90 84 72 8 54 31 54 40 28 3 47 37 28 60 10 9 62 84 26 42 39 41 20 35 91 49 17 34 11 67 26 49 84 59 20 22 17 35 31 70 0 66 26 37 4 93 23 94 90 53 87 62 89 68 3 6 77 17 3 33 60 91 89 52
79 41 7 77 78 90 84 39 22 93 43 74 100 53 86 9 91 55 48 5 32 57 26 35 96 82 73 89 30 23 78 14 11 53 63 79 14 53 47 10 12 69 55 48 0 3 53 9 86 56 3 71 66 11 84 4 0 41 65 84 29 12 44 46 100 10 2 8 17 97 74 56 63 18 53 94 27 0 37 1 92 18 60 89 7
90 81 24 95 83 19 46 99 63 99 13 81 40 75 49 60 90 91 0 94 29 53 55 94 82 2 89 28 40 56 64 26 27 13 8 48 71 15 38 57 55 35 63 19 50 47 54 54 9 10 12 42 95 12 100 67 95 96 61 79 92 5 72 32 95 47 61 90 44 16 19 68 67 67 63 87 80 62 24 8 87 23 31 92 44
76 73 37 5 84 82 61 57 56 2 25 40 16 96 22 64 44 40 77 35 47 76 36 88 32 12 23 76 95 62 32 97 2 48 50 18 27 66 28 17 14 14 76 53 96 78 27 59 39 85 53 51 45 92 52 100 100 31 54 42 69 26 38 92 60 76 22 27 37 53 34 73 83 6 69 29 42 99 54 75 55 71 45 17 66
99 68 80 49 55 98 5 94 57 63 33 36 0 33 28 97 98 36 47 37 95 46 47 30 84 40 55 99 29 13 26 57 89 77 13 100 95 96 67 89 39 70 52 42 50 50 71 70 52 50 26 77 87 26 11 38 63 24 73 91 96 7 46 94 52 15 84 34 44 86 65 18 68 98 9 80 81 49 6 17 14 20 59 43 85
49 26 85 34 74 18 23 85 73 6 58 0 1 90 86 55 61 29 74 5 12 87 8 33 79 15 12 67 68 81 11 59 82 52 93 74 4 22 29 94 64 31 48 12 4 97 96 38 15 39 35 50 75 2 16 31 54 32 10 56 67 32 49 26 48 33 69 28 4 10 100 81 37 7 11 93 25 48 93 46 17 5 72 56 22
83 2 5 49 55 47 25 39 63 61 0 82 4 26 80 5 48 14 95 23 31 82 34 70 32 98 64 39 19 78 82 42 95 0 29 48 15 53 59 30 97 28 21 86 50 42 9 66 94 48 73 80 72 30 47 16 14 96 38 18 17 62 70 81 63 77 6 46 96 88 14 16 73 4 63 14 93 67 36 23 26 36 22 26 4
78 37 74 91 85 30 23 0 59 59 84 22 50 40 17 89 86 9 96 90 65 90 75 31 44 74 21 96 58 78 16 96 18 53 49 31 88 4 87 83 88 69 79 98 10 79 62 33 37 39 18 95 22 14 33 32 99 32 88 76 89 40 11 71 35 81 89 43 12 47 65 48 21 38 13 97 24 39 73 18 53 26 16 75 7
5 54 19 38 53 39 77 11 100 72 65 7 24 79 32 52 72 24 53 97 67 46 61 14 65 78 59 48 22 12 20 92 44 93 42 97 59 30 24 93 68 1 64 1 100 78 20 92 97 86 47 88 95 65 54 26 53 76 49 31 44 9 7 9 87 95 24 36 12 70 63 31 63 96 81 97 60 6 65 35 16 76 12 99 92
72 49 72 92 82 49 86 6 72 17 69 51 50 55 66 67 22 12 17 92 37 75 32 48 60 80 68 28 37 41 53 41 35 64 64 2 44 96 71 34 69 69 74 55 61 84 59 58 71 11 91 37 64 14 44 28 38 7 76 85 10 93 27 32 5 57 45 47 68 32 20 37 3 81 83 68 73 62 20 74 29 35 36 24 26
50 79 40 27 40 75 70 83 99 87 66 25 20 86 68 30 13 86 91 15 4 80 21 55 40 21 91 18 18 83 86 30 63 4 18 92 84 80 89 26 54 50 9 3 41 91 36 7 18 37 86 93 82 6 95 44 66 7 36 92 22 93 0 89 86 23 36 9 38 31 29 1 57 71 100 86 14 99 100 32 94 26 63 79 52
4 46 4 22 86 98 77 68 44 45 83 34 12 21 35 23 74 36 68 71 12 86 31 58 88 78 33 70 98 20 18 29 72 43 63 88 79 32 78 24 4 87 44 96 7 1 47 30 33 71 90 33 6 64 6 27 100 35 11 54 87 34 5 41 58 51 71 10 63 15 52 5 57 86 62 75 80 13 39 67 21 83 25 69 35
6 86 30 47 61 75 28 16 89 34 67 75 74 26 69 86 45 63 83 70 52 85 0 67 13 18 24 5 42 60 25 95 81 31 55 9 34 70 29 8 72 69 19 40 3 36 73 3 5 66 55 57 85 80 13 88 9 77 76 48 15 7 21 32 44 40 9 48 55 35 0 77 3 95 5 48 2 59 89 76 95 60 19 19 2
74 80 56 66 26 41 38 20 90 40 88 100 43 73 16 10 35 83 13 96 30 48 100 15 1 91 65 15 80 14 23 36 85 79 3 48 48 41 89 68 33 50 6 86 8 27 37 18 27 57 55 86 35 52 44 46 8 46 71 2 12 31 23 77 2 94 76 64 49 30 75 85 83 38 88 32 78 38 91 10 40 28 13 95 54
16 59 88 44 61 88 38 48 56 74 68 9 2 78 28 51 28 42 36 73 29 78 37 98 85 77 24 14 19 18 99 43 13 60 77 12 88 5 92 11 48 35 49 70 68 52 2 68 69 60 69 57 86 0 45 50 21 12 87 16 37 23 18 13 57 37 94 43 95 27 35 12 86 33 71 100 78 12 21 80 96 58 28 22 44
84 15 84 100 56 61 95 43 41 68 49 70 12 35 52 10 20 20 93 55 1 25 100 21 48 95 90 13 98 1 58 24 84 9 42 58 24 28 56 18 42 32 85 25 45 28 0 36 14 83 68 75 51 18 10 76 68 69 21 52 94 28 0 37 1 85 19 93 24 27 59 66 12 88 72 69 61 20 38 69 46 35 22 85 37
76 36 48 23 67 30 17 39 80 93 32 32 15 58 96 80 94 41 64 55 82 81 94 60 34 86 27 79 15 4 51 5 41 51 21 23 83 64 43 32 92 65 69 65 11 11 97 44 53 17 26 5 41 22 43 37 64 58 100 62 21 72 47 55 41 70 73 23 37 24 13 72 16 19 52 90 68 90 85 17 18 99 17 60 47
97 44 25 78 11 42 72 73 10 54 81 95 56 11 48 62 90 75 75 81 94 100 73 72 67 26 8 71 80 79 47 59 99 39 93 89 88 24 99 11 68 56 15 34 34 82 6 47 53 79 34 95 36 22 76 64 81 53 96 78 98 12 46 89 95 25 80 1 36 3 48 37 89 34 64 66 30 16 29 9 91 80 18 1 49
80 40 56 13 52 93 9 4 1 71 60 76 70 70 14 49 84 74 84 39 91 3 27 32 30 46 81 11 100 52 33 5 97 65 60 78 87 29 43 22 60 42 88 52 4 51 7 34 93 85 48 61 29 3 70 56 35 73 26 83 77 86 45 61 39 83 18 42 1 81 87 88 4 45 17 81 57 93 95 95 18 57 75 51 43
62 55 3 44 23 72 69 29 13 40 55 29 90 90 90 19 67 15 37 77 67 56 39 39 67 41 76 88 68 10 67 37 48 19 60 65 97 13 25 42 43 8 10 87 13 9 67 22 74 78 21 34 4 48 64 33 78 55 12 61 44 39 24 54 49 87 77 1 15 5 74 17 30 70 61 18 28 100 84 98 28 81 81 85 96
2 75 22 19 83 65 55 12 91 1 63 53 82 74 1 59 29 100 58 34 69 40 11 17 61 35 70 35 96 62 41 4 27 96 67 51 55 84 47 86 67 46 63 40 58 85 50 38 52 12 8 70 18 17 85 6 3 38 19 47 19 87 71 4 58 77 62 25 78 49 55 92 47 47 8 72 73 54 95 97 84 48 38 27 11
24 13 22 14 10 49 95 43 34 25 65 88 76 78 55 65 74 40 36 83 44 52 41 31 15 48 63 12 66 97 59 48 75 11 70 64 12 14 12 83 37 59 37 86 10 22 92 71 58 6 37 93 95 91 100 10 85 32 74 0 42 13 35 16 31 22 66 66 9 90 34 0 31 75 29 50 27 1 48 23 16 75 93 55 54
97 4 67 0 6 34 32 61 90 0 5 55 29 45 53 22 96 43 63 28 74 71 63 86 1 12 95 78 66 68 37 72 44 84 20 82 84 84 53 35 2 22 89 43 52 59 64 80 87 93 54 84 8 88 21 71 47 73 91 79 62 51 66 96 59 28 24 83 21 92 98 49 37 97 13 35 24 93 29 38 50 60 90 86 63
21 86 70 10 40 9 93 51 8 49 92 47 30 9 59 85 79 24 31 65 12 49 33 89 40 45 95 72 20 19 22 93 71 22 98 47 13 81 63 48 55 21 75 19 6 50 46 21 68 92 28 37 6 31 33 28 21 90 22 64 40 69 3 78 35 30 21 93 66 1 75 52 91 26 95 5 11 88 41 2 19 28 41 65 69
84 3 81 33 9 83 91 63 15 4 52 21 83 50 63 25 86 71 17 87 71 96 23 41 15 44 19 47 95 26 91 85 48 47 83 23 94 57 98 70 15 56 62 71 18 84 84 92 80 85 40 88 97 84 72 68 12 61 38 76 47 34 5 60 58 40 10 63 46 1 12 78 98 68 61 8 84 7 51 0 6 92 32 18 98
20 94 85 91 41 76 41 9 23 55 0 89 6 61 79 78 34 97 44 14 11 22 19 61 83 27 0 52 96 84 86 45 11 50 21 27 68 59 100 57 7 90 68 85 47 37 33 70 24 11 22 58 31 62 32 90 39 33 97 33 84 32 19 7 100 47 81 72 52 52 92 19 63 13 12 20 34 23 22 49 12 47 0 93 43
65 30 99 79 24 78 19 42 26 56 13 25 35 55 85 87 49 46 66 73 96 15 42 34 5 5 94 25 61 26 76 38 7 38 8 73 11 74 16 85 89 24 65 0 96 53 78 70 78 50 33 5 23 90 33 59 89 10 11 95 16 49 85 60 59 74 84 11 26 19 4 0 51 87 88 61 29 54 38 94 5 0 72 85 63
42 66 99 17 9 68 8 77 62 12 34 85 3 18 50 97 5 93 19 77 37 85 6 87 83 51 95 10 86 51 58 72 61 90 30 44 59 39 63 98 59 59 11 20 31 29 45 52 93 98 51 13 45 97 67 10 76 65 54 87 98 69 66 59 69 62 61 26 10 42 83 33 92 70 72 62 30 24 11 5 87 55 100 72 23
53 83 31 99 63 65 36 6 38 9 57 34 58 9 17 79 44 66 52 23 95 51 66 51 59 8 46 3 13 69 27 66 81 49 19 39 88 11 16 57 39 54 25 54 18 39 4 59 77 85 70 52 19 99 31 6 3 29 16 8 28 9 48 48 92 68 25 20 24 65 18 99 12 24 15 93 89 93 22 61 64 100 92 75 59
89 50 56 35 93 87 61 76 73 44 67 80 26 89 79 74 6 70 33 80 0 76 28 74 67 52 2 67 52 17 29 77 65 25 63 2 60 99 65 46 44 89 2 82 18 100 90 69 55 73 92 92 28 63 40 47 48 35 6 19 48 28 53 71 28 44 47 44 77 11 73 43 20 98 70 17 40 14 44 96 42 7 61 95 95
72 38 93 65 19 46 55 37 96 17 61 93 40 60 59 12 7 3 88 45 9 13 87 37 35 42 54 46 47 91 47 91 18 23 53 45 15 78 3 19 20 11 20 76 78 19 76 35 60 12 50 51 74 74 1 40 61 60 92 67 13 0 89 40 69 64 89 46 4 5 94 27 9 96 16 8 75 95 51 7 53 22 1 35 20
64 14 47 96 50 56 25 76 54 50 46 76 72 82 67 21 29 88 51 27 91 6 30 63 61 21 64 72 38 71 84 56 35 40 16 5 12 58 52 75 7 23 63 37 27 87 60 66 60 29 10 56 59 7 14 9 88 36 10 55 64 68 1 37 75 70 78 74 50 24 10 40 18 6 78 68 39 30 41 73 11 64 42 60 38
33 35 26 65 27 80 41 92 21 96 56 82 74 92 53 61 63 37 76 39 65 77 16 71 29 52 97 2 76 63 43 88 92 23 83 64 79 39 73 17 10 38 100 50 46 69 10 88 63 82 76 24 38 38 26 27 86 15 90 51 100 9 44 43 57 90 63 33 86 47 66 3 68 57 68 68 4 33 88 22 50 5 31 97 10
59 96 66 33 42 95 30 63 32 72 6 96 87 90 41 48 1 6 49 29 16 35 14 21 37 81 34 29 26 91 40 17 100 99 79 34 30 57 44 14 51 67 70 45 53 10 76 4 44 18 98 5 58 57 42 40 44 69 69 32 6 90 45 60 92 17 22 84 51 3 79 84 35 12 85 96 86 73 85 49 69 19 100 21 82
7 11 29 62 49 61 51 91 98 79 99 3 31 38 73 72 32 2 57 39 39 77 49 75 86 33 17 59 21 28 85 59 97 64 38 70 17 23 68 43 4 29 20 47 46 91 37 7 38 72 71 46 20 22 35 7 14 42 3 15 55 25 77 73 6 92 37 2 71 37 74 49 62 43 82 78 79 60 32 67 67 40 55 2 32
9 33 81 6 47 57 16 43 62 48 21 31 79 36 17 61 92 20 56 49 23 75 31 1 0 37 39 7 33 44 50 75 19 62 100 91 38 79 2 25 66 40 82 15 18 86 57 52 18 44 48 38 75 68 1 2 59 60 89 35 8 22 52 25 73 58 60 100 69 59 62 84 46 42 88 81 39 23 93 83 62 67 0 31 9
33 48 78 81 26 56 88 8 9 75 23 89 72 24 94 87 92 13 82 92 20 7 35 3 55 68 85 43 14 37 20 55 13 51 97 93 46 35 40 95 28 44 92 91 98 88 69 18 91 48 16 67 71 6 3 80 78 57 96 54 25 64 83 64 32 77 45 4 39 31 75 48 66 1 62 86 87 25 35 66 86 18 61 89 93
32 69 45 99 45 17 34 68 52 58 92 4 8 80 54 73 100 64 17 28 82 99 60 91 0 80 87 15 97 30 68 28 12 27 45 68 18 38 19 100 97 31 78 6 81 88 27 97 8 81 29 61 42 100 46 89 52 17 76 3 50 16 30 83 76 51 87 72 43 24 82 89 15 3 40 91 7 88 87 12 90 43 23 81 3
23 56 97 20 58 5 22 94 57 17 97 15 50 91 61 78 63 72 88 73 75 19 49 37 46 91 13 43 41 84 69 92 12 93 78 3 77 18 29 91 40 73 25 97 5 13 28 52 66 20 10 83 93 60 68 90 63 75 61 99 21 60 23 48 75 78 58 88 78 72 14 20 43 47 69 60 95 17 74 84 9 58 98 45 73
87 16 58 93 50 4 75 58 40 44 67 51 37 23 51 81 51 58 53 72 89 7 76 18 81 66 96 88 56 33 34 7 42 52 82 93 77 22 73 12 0 59 70 97 38 22 52 39 32 33 92 9 71 30 71 65 93 28 96 85 58 62 73 16 27 13 59 4 71 89 16 83 57 92 32 39 77 71 2 97 4 100 74 2 19
98 89 70 44 55 84 80 94 14 54 54 66 79 49 57 42 98 9 19 52 93 6 60 32 87 47 80 86 71 25 28 89 19 96 58 28 98 81 67 33 41 95 7 21 15 50 64 32 35 20 95 21 80 2 83 73 26 2 6 58 49 33 43 72 3 16 58 11 4 45 76 77 8 43 2 54 44 57 74 68 7 2 4 50 48
17 57 72 53 68 5 26 20 20 78 74 88 37 91 77 76 79 27 95 63 93 57 39 19 92 26 94 86 72 73 25 56 3 42 14 79 44 89 45 79 82 45 51 83 38 85 24 14 87 24 29 76 29 75 41 18 69 34 31 15 80 84 3 88 96 24 84 58 83 81 54 1 9 56 90 87 25 100 13 80 65 81 76 8 15
86 68 15 88 90 88 34 59 81 20 17 16 1 70 76 29 81 25 29 37 37 89 86 85 84 1 0 60 92 42 55 53 61 25 28 74 41 99 76 53 99 41 95 11 20 25 7 82 93 36 22 97 40 22 86 68 76 32 84 100 79 92 55 38 94 43 66 65 5 0 73 19 25 84 30 75 11 92 99 38 95 79 89 73 51
50 7 40 78 61 21 95 44 58 37 72 30 13 58 30 67 3 98 62 40 5 37 1 83 58 11 94 11 52 50 100 14 34 50 76 72 98 76 17 81 92 69 17 35 20 63 6 21 75 18 69 28 70 17 20 38 81 91 15 62 20 2 15 20 46 53 12 95 52 12 20 54 86 87 91 63 18 37 32 52 100 60 95 14 32
54 28 75 78 2 40 65 10 26 31 68 93 96 39 14 9 63 99 17 0 87 77 31 63 93 81 67 86 72 59 22 2 53 62 92 79 5 49 21 98 76 98 64 77 88 46 0 31 21 99 1 21 64 89 87 51 28 77 60 64 3 37 70 88 95 25 23 94 84 88 29 98 61 93 56 70 62 4 57 21 50 46 65 18 53
76 39 11 18 62 97 63 7 76 39 73 96 7 24 94 77 78 20 16 89 88 74 35 11 47 86 87 50 88 73 90 6 16 51 11 81 67 41 5 81 66 55 76 61 74 28 71 29 61 91 59 42 5 5 46 17 18 95 19 82 36 47 66 24 92 17 38 97 22 83 66 91 10 69 3 42 12 38 4 76 35 91 6 19 13
70 2 16 68 11 46 94 89 23 36 13 97 7 74 26 70 59 92 90 76 63 100 52 89 62 49 76 52 41 92 34 54 21 56 82 15 41 40 80 47 57 61 30 5 54 87 27 55 72 52 45 95 89 51 100 41 64 15 16 7 69 36 30 11 80 4 90 43 45 55 11 99 66 36 12 29 65 31 67 34 8 59 21 23 71
15 12 22 6 28 61 56 2 78 64 61 69 36 72 10 86 85 14 59 23 71 46 2 41 82 66 85 20 12 72 56 85 62 47 74 79 32 17 54 4 19 99 54 25 30 49 58 85 37 1 28 9 69 54 56 0 73 17 82 67 2 51 46 11 89 84 74 27 87 28 28 14 50 37 83 12 13 11 72 1 4 25 38 68 57
44 27 84 90 55 86 95 69 28 86 42 27 54 10 11 81 11 8 54 83 87 3 85 69 52 45 77 37 24 24 39 27 41 89 68 51 29 72 29 100 41 92 82 94 98 24 4 43 64 6 26 33 27 57 69 54 15 71 44 94 50 70 70 94 14 65 3 70 54 29 54 76 24 47 29 8 34 91 55 36 74 33 67 21 82
8 92 68 55 43 71 11 23 53 19 4 53 16 29 62 8 33 33 71 8 44 93 38 8 36 19 96 57 46 48 7 72 41 45 77 49 63 91 77 25 74 100 60 98 85 66 98 55 36 12 89 21 53 47 14 2 52 44 35 79 27 1 26 85 12 82 90 51 48 82 80 98 2 20 19 1 92 39 15 14 78 54 16 63 94
23 79 74 23 58 51 19 61 69 36 26 49 53 35 22 58 33 2 40 0 0 26 72 12 56 99 48 85 9 67 14 78 46 88 0 26 44 37 78 26 22 55 65 3 22 10 3 93 29 85 56 21 73 74 88 10 50 27 51 76 100 87 81 36 12 86 85 22 80 100 61 50 85 10 20 69 82 49 55 24 35 89 81 44 71
87 88 33 93 8 71 1 65 72 79 45 65 97 96 56 45 39 19 9 90 65 50 31 16 45 81 5 67 80 44 28 31 40 65 4 36 86 1 100 21 38 80 1 3 31 41 13 13 5 34 81 77 3 37 81 67 41 45 58 18 45 51 90 71 57 5 49 84 55 11 6 67 48 34 85 24 81 2 54 57 61 39 29 7 28
21 44 79 81 33 16 29 51 88 73 90 86 90 27 10 1 90 24 96 52 57 69 36 10 26 64 29 98 31 71 37 36 72 100 31 92 82 19 78 33 26 3 81 19 34 45 32 79 44 12 38 14 92 67 13 36 99 12 46 40 76 24 86 74 51 88 60 43 47 57 9 30 45 82 17 34 14 7 55 78 7 77 28 59 5
68 19 8 82 25 13 0 75 10 67 11 91 49 66 87 73 88 11 63 71 14 55 96 60 52 26 62 3 10 100 70 32 60 47 47 88 66 85 31 61 9 98 41 72 80 76 39 49 90 29 95 15 95 15 62 80 65 4 26 70 19 59 59 49 93 72 65 58 42 29 33 24 18 38 89 57 6 20 67 38 31 57 10 57 13
77 7 33 97 92 46 12 24 38 76 95 87 11 29 100 35 40 70 20 25 99 2 8 89 84 6 70 58 91 21 11 91 42 93 100 5 72 22 90 52 27 94 78 95 81 10 80 6 10 61 49 33 7 94 84 40 37 29 20 69 24 22 20 5 54 30 30 50 62 85 89 57 34 46 37 20 57 97 11 54 77 47 47 49 73
38 87 51 97 35 49 98 46 46 23 8 94 42 69 5 71 9 67 12 5 67 30 7 22 73 60 59 85 63 34 19 8 66 69 37 67 7 24 20 0 13 4 50 95 50 66 52 6 100 81 30 29 54 25 75 21 72 39 76 95 71 80 59 55 56 88 11 37 40 63 61 32 21 44 16 14 95 73 14 3 52 92 85 45 93
38 85 64 7 68 48 98 13 94 47 28 19 46 58 46 73 54 56 94 88 8 39 66 60 56 37 84 47 10 5 84 65 14 69 2 100 99 42 23 97 57 22 12 43 34 5 77 41 30 98 49 27 11 50 93 40 92 32 19 25 7 47 88 99 42 15 75 60 1 59 88 93 24 18 96 90 36 69 67 91 42 43 98 39 42
9 70 32 99 99 87 76 69 57 87 50 66 28 99 23 97 2 60 97 14 58 63 48 91 86 30 58 51 82 35 41 75 72 85 14 41 20 50 80 49 10 87 74 96 73 4 44 16 51 57 2 53 71 60 42 72 21 0 84 32 36 87 10 67 23 31 6 71 32 81 25 31 31 10 1 80 4 62 48 95 36 63 98 9 92
20 42 79 37 16 13 33 62 69 76 3 35 34 23 46 65 90 9 7 73 84 62 100 33 23 44 68 88 46 32 18 45 87 48 40 5 4 97 74 69 79 44 79 15 15 12 85 3 50 24 17 85 39 20 75 62 22 32 100 85 24 58 79 15 70 56 6 45 42 82 51 12 63 97 80 100 4 7 83 60 84 46 98 0 31
2 16 29 80 13 57 39 38 28 6 85 64 100 73 50 9 57 47 30 19 49 77 5 14 85 45 41 55 68 55 78 60 19 63 48 98 24 27 63 54 24 33 44 40 4 34 95 18 74 54 14 95 13 34 11 50 86 67 87 67 35 83 54 98 15 86 31 81 23 85 77 44 74 5 40 28 100 45 23 61 29 90 53 13 5
