76 39 59 64 67 26 47 28 86 63 78 1 34 29 47 41 8 40 51 53 73 50 16 41 96 25 86 15 43 99 69 52 68 69 54 3 39 65 12 49 19 64 86 0 59 6 29 16 59 91 95 81 40 37 14 7 57 35 37 34 83 90 98 15 85 6 61 83 76 32 83 89 27 58 17 62 30 65 69 18 88 48 62 12 97 2 16 92
60 30 68 84 73 59 5 43 40 42 32 35 89 9 55 58 56 34 14 51 92 72 60 9 15 58 34 19 45 95 58 76 55 30 85 97 32 82 44 100 5 32 13 94 67 1 5 4 24 10 87 57 3 56 19 49 75 96 14 47 0 88 74 76 7 30 39 13 90 99 18 92 13 12 6 39 55 8 62 69 90 24 88 9 92 60 91 57
89 45 13 20 74 62 15 98 1 70 19 47 17 86 4 77 0 41 21 63 57 60 29 84 93 14 10 35 78 57 81 78 57 82 100 48 50 9 59 70 42 38 26 44 13 18 99 98 40 49 10 98 3 90 26 98 53 25 82 62 3 40 87 71 29 71 86 13 64 83 14 27 90 79 29 90 96 27 8 97 3 12 73 88 36 38 5 29
77 98 54 28 48 78 62 64 90 89 5 73 80 79 80 62 4 11 93 54 17 48 65 52 70 25 51 64 65 30 77 21 36 78 99 0 93 91 86 25 71 54 7 75 62 44 2 58 62 0 34 100 72 7 35 12 18 66 29 95 52 86 8 71 48 30 17 77 0 76 25 21 81 19 14 2 93 31 36 47 60 37 53 72 87 21 41 16
88 80 66 15 44 0 14 76 99 77 42 47 76 13 22 78 32 10 10 64 58 89 94 97 91 18 51 35 36 41 17 13 36 6 95 100 51 75 34 99 63 34 60 28 89 88 55 11 100 17 61 49 58 59 27 84 74 65 8 5 33 70 63 89 99 11 66 26 62 59 37 95 78 6 0 73 26 30 97 48 78 28 92 76 93 12 70 66
64 39 85 6 8 93 26 91 7 57 51 28 25 19 76 95 7 56 83 66 53 82 31 39 42 86 9 99 11 46 90 25 41 2 36 45 19 56 53 2 80 33 53 74 61 13 23 75 70 79 16 34 29 16 22 18 46 50 65 59 8 41 31 88 51 85 79 7 28 96 73 40 100 76 42 91 63 23 47 65 79 75 61 50 14 97 29 62
63 12 75 63 30 95 80 30 39 64 45 49 58 91 5 88 38 45 29 41 96 59 71 3 18 50 70 73 80 82 82 6 12 69 96 61 44 97 60 66 23 6 96 49 73 10 0 74 99 87 52 3 48 100 51 69 29 12 68 55 74 63 7 65 10 89 28 84 47 3 44 61 11 20 90 45 88 99 79 75 58 25 93 62 6 31 88 73
96 90 82 16 24 51 20 35 21 61 4 78 31 73 95 21 78 12 73 24 25 32 13 95 64 21 95 75 17 0 25 29 52 82 30 19 47 81 65 92 64 97 57 60 40 84 36 97 61 12 11 51 89 27 37 82 11 48 17 76 17 11 28 84 78 78 75 51 23 79 69 86 46 46 40 55 59 58 7 47 70 74 5 12 26 44 96 35
20 99 54 15 69 92 38 95 53 37 71 88 13 20 34 42 30 18 72 86 67 53 60 41 55 87 44 14 55 63 8 95 9 8 97 30 7 52 72 92 6 40 77 10 92 80 44 74 98 43 28 100 70 11 95 25 84 8 7 3 35 24 13 32 4 60 84 47 65 15 94 57 81 22 97 69 13 79 89 78 56 6 97 23 50 54 11 71
13 8 13 6 15 67 79 60 1 29 49 78 24 82 17 6 3 2 22 21 22 31 94 51 96 74 9 82 54 82 45 48 14 79 89 1 77 73 59 27 71 59 63 42 28 66 30 1 33 85 90 98 12 40 82 67 29 59 80 15 66 55 65 33 45 85 97 4 32 45 62 51 81 63 56 97 81 2 98 57 43 2 72 5 69 78 41 71
71 89 96 62 96 0 30 88 54 21 49 71 17 86 37 21 87 68 45 25 18 98 14 3 98 83 24 48 15 68 60 76 100 20 31 83 9 70 86 8 50 14 12 33 26 8 6 79 76 16 98 47 97 100 3 94 14 52 40 13 1 6 56 76 37 90 54 55 11 95 52 8 87 3 88 97 24 65 93 22 30 14 13 64 47 82 22 38
82 16 40 75 36 76 27 16 92 65 28 51 10 78 91 85 81 79 82 23 74 91 86 78 67 84 8 80 39 70 60 63 44 62 25 81 24 50 9 82 78 58 86 9 87 36 99 6 86 45 53 70 94 15 99 17 53 23 15 55 90 23 44 36 89 90 47 79 40 97 17 31 4 93 70 73 68 6 93 19 37 63 2 37 28 49 93 0
68 15 87 99 18 73 8 74 93 49 89 67 55 60 1 92 45 47 92 64 98 24 13 10 85 25 26 92 57 87 43 35 15 97 12 20 66 76 1 62 27 31 71 85 6 65 24 12 41 20 95 1 40 10 44 0 26 42 64 3 32 52 14 20 64 71 84 27 18 19 82 94 34 40 93 76 67 92 20 83 63 67 77 80 29 1 66 40
43 38 67 54 2 56 82 30 28 84 3 7 14 9 28 61 98 74 53 76 46 20 86 41 67 6 26 60 3 94 91 88 41 97 48 4 3 29 82 40 17 49 50 34 27 70 64 12 45 49 51 25 72 98 78 39 9 76 71 86 91 92 48 27 34 82 24 27 46 86 41 75 51 54 75 88 83 64 49 57 8 41 44 26 96 68 39 3
27 53 87 4 89 82 100 24 80 2 90 15 72 8 0 52 57 25 51 46 51 64 29 70 54 75 18 16 99 58 26 31 79 48 11 36 4 70 28 86 31 75 77 8 38 63 51 12 22 25 58 68 23 84 55 64 6 3 59 27 45 43 23 44 98 37 55 99 54 70 89 78 53 73 2 73 29 95 23 65 70 25 30 83 27 94 70 15
79 88 23 30 8 57 30 0 17 36 73 41 10 95 45 67 78 35 4 16 0 2 14 50 36 36 35 36 2 100 78 48 43 56 75 68 69 10 65 1 68 5 52 12 73 21 58 84 60 15 48 14 0 75 98 4 84 22 26 10 9 86 50 71 75 65 64 17 73 52 76 57 83 73 31 89 60 37 15 67 66 25 26 69 32 84 47 8
74 37 21 68 94 49 26 39 80 48 29 71 49 17 92 67 57 97 8 0 62 89 67 59 62 99 17 62 18 54 39 49 43 66 42 46 74 72 21 22 15 45 94 40 5 2 37 33 34 50 78 1 97 73 55 26 1 14 0 66 16 83 25 42 83 85 49 88 9 75 53 9 50 42 18 65 76 19 16 1 43 24 77 44 32 2 76 92
92 15 80 40 25 8 50 14 16 98 24 76 23 91 73 92 97 25 59 65 5 24 12 10 24 80 1 31 20 76 77 33 80 15 34 82 7 7 15 12 27 44 69 28 29 91 32 94 59 69 21 65 79 14 87 76 85 37 60 55 20 36 52 48 91 89 28 74 76 6 36 77 26 94 68 5 72 29 99 8 26 40 100 66 10 39 61 32
59 96 57 3 54 25 14 91 51 76 1 64 41 47 60 38 17 93 16 61 59 91 12 73 50 73 0 58 92 60 23 41 21 52 53 6 20 42 38 3 16 71 20 69 15 23 42 6 34 70 90 35 72 66 66 41 73 23 38 73 98 75 54 23 74 21 3 11 61 36 94 68 30 84 44 14 75 28 23 79 62 21 91 96 44 66 58 91
23 45 39 82 5 2 6 15 69 40 63 82 31 85 53 93 29 82 71 36 80 1 40 10 5 80 43 10 51 96 43 15 90 96 17 89 21 28 31 22 66 76 38 11 39 35 6 63 27 99 79 51 62 51 90 67 97 11 60 33 83 4 33 9 32 67 52 81 64 13 43 7 100 30 60 92 84 86 81 3 2 7 34 40 93 0 89 70
21 73 12 80 70 28 94 53 60 80 77 33 82 63 69 10 77 95 74 14 96 73 24 52 49 70 3 90 89 90 53 52 12 43 24 67 79 51 47 70 66 13 47 45 18 41 40 23 50 79 60 33 91 27 14 43 15 45 79 74 41 38 70 19 70 59 31 100 19 4 87 8 32 62 75 3 18 27 15 34 96 17 49 60 87 17 66 94
34 3 7 77 72 94 17 89 0 61 88 9 9 98 38 67 58 40 50 35 40 36 49 29 21 48 27 72 64 66 10 16 25 16 77 8 34 32 24 65 4 68 62 0 83 58 77 98 68 62 2 42 78 25 5 42 81 3 48 59 75 34 42 79 48 98 50 67 67 40 47 78 85 88 20 49 70 35 57 66 36 70 34 72 54 88 7 63
68 32 95 29 1 28 38 5 57 77 97 67 80 61 62 51 34 88 8 6 25 70 58 71 8 64 75 40 98 93 39 3 74 62 48 7 66 50 13 36 36 97 98 24 92 96 13 87 52 11 58 1 16 23 84 20 84 91 67 73 66 51 58 83 83 87 24 16 62 45 95 22 94 46 25 65 23 68 18 19 86 29 27 37 30 20 47 62
66 8 77 1 90 30 25 35 99 46 57 1 52 78 63 33 36 47 54 38 88 54 3 92 49 90 95 41 28 90 1 34 12 31 33 52 31 68 73 23 19 29 43 73 29 39 44 92 11 40 90 5 95 29 64 34 96 42 66 94 39 42 72 32 5 75 16 96 22 86 68 46 0 16 65 45 62 97 34 18 85 15 79 80 69 45 37 48
38 84 82 46 50 28 52 22 20 66 31 53 50 76 56 45 40 68 9 28 31 4 1 44 27 23 56 11 50 98 78 100 44 4 58 11 33 71 70 30 41 100 15 5 14 19 77 51 21 15 93 51 60 30 36 35 86 2 91 5 34 3 20 1 8 44 96 78 17 1 61 58 27 65 31 90 87 2 69 40 73 12 68 77 70 59 98 62
1 39 31 70 80 52 15 21 75 93 68 8 52 45 36 81 66 65 83 100 3 17 24 63 20 42 33 50 65 9 30 93 54 57 40 42 52 9 50 84 80 37 38 2 28 56 23 41 46 74 77 78 52 55 41 97 69 21 42 0 90 84 62 9 13 45 50 33 96 41 8 40 30 43 72 45 4 62 71 61 4 96 9 47 95 40 89 16
65 10 32 17 87 78 5 18 49 20 36 26 42 30 94 49 3 100 96 96 24 9 76 46 18 38 4 77 93 14 76 51 95 6 32 73 17 95 54 34 82 66 82 24 31 68 14 66 98 47 70 19 100 49 29 37 46 16 35 4 78 4 28 80 9 99 3 63 83 20 67 76 27 51 66 52 62 37 82 63 99 63 7 26 94 66 90 78
33 28 4 28 27 30 53 24 9 38 100 26 9 69 47 84 6 50 60 25 71 97 3 19 87 68 59 29 86 77 39 12 53 19 65 27 93 86 5 1 62 47 55 34 15 17 68 35 33 20 8 97 65 47 32 60 44 4 23 10 80 57 28 54 59 65 50 28 66 37 44 95 48 60 46 35 44 55 82 55 97 53 9 21 70 55 67 33
21 83 93 55 1 3 60 91 53 85 95 25 20 70 81 33 7 35 28 64 20 33 100 66 54 73 8 14 82 33 5 57 17 30 75 82 9 47 8 61 31 84 91 14 31 72 65 59 75 72 0 38 7 3 72 91 1 77 97 14 97 57 34 27 55 95 80 91 77 48 80 57 100 45 50 90 31 38 57 9 82 53 49 46 69 10 4 78
76 25 78 35 31 44 24 42 62 45 33 16 47 19 8 35 22 3 5 17 12 0 95 31 73 98 43 75 89 47 22 38 87 94 10 18 51 4 95 3 31 28 34 91 100 98 100 23 79 79 56 35 91 43 17 25 75 82 41 56 25 6 36 80 50 7 21 32 20 3 72 26 81 2 25 35 25 50 84 52 58 1 18 32 7 69 38 49
41 36 5 86 74 77 39 94 44 76 89 11 54 20 69 30 10 49 17 92 1 30 58 13 82 87 4 27 10 59 76 11 65 61 17 35 85 78 58 80 1 68 97 47 52 66 70 9 34 43 91 59 39 37 32 2 25 32 48 22 72 65 8 21 66 45 74 67 71 38 53 6 2 22 15 8 75 10 5 87 79 76 56 36 37 57 82 27
73 0 22 54 23 87 57 50 10 22 64 55 92 78 10 15 19 36 66 25 3 55 80 50 86 31 71 1 81 1 92 25 58 37 12 17 62 7 81 25 23 58 66 71 50 3 95 62 63 29 4 43 92 21 64 9 46 69 90 33 55 70 55 3 32 28 4 16 76 60 28 43 5 77 68 77 17 27 49 14 71 48 72 0 1 64 62 87
68 90 98 19 57 14 1 76 63 49 59 2 38 3 94 63 78 84 87 47 60 99 6 69 99 18 70 22 41 24 12 27 76 14 83 36 25 99 85 65 90 98 42 84 3 0 72 70 40 24 35 3 57 37 21 67 35 0 76 97 8 15 15 20 93 37 54 8 26 92 22 35 65 81 9 13 41 15 53 33 73 77 14 1 92 90 71 70
58 33 0 8 35 52 30 100 9 74 58 83 66 58 99 72 60 73 61 3 95 55 47 94 91 98 10 97 85 36 92 54 70 68 25 2 24 71 89 49 36 13 82 75 54 9 17 15 51 5 82 0 0 78 7 80 39 48 15 36 51 100 47 62 5 47 28 5 59 70 42 53 44 65 98 6 17 71 36 46 5 21 45 5 8 7 21 83
42 36 44 43 22 92 75 55 100 68 91 55 75 88 64 43 39 11 45 28 76 63 18 42 32 89 43 1 10 36 99 22 21 58 29 9 18 43 100 38 15 44 12 33 88 72 48 18 100 46 2 84 23 44 79 64 25 1 65 95 92 68 51 43 28 87 35 88 70 0 43 11 10 4 62 93 94 64 59 12 24 91 50 92 76 16 30 15
69 31 5 84 17 32 25 68 57 50 1 7 15 6 23 63 95 19 43 91 28 59 58 93 69 69 86 81 73 63 51 99 10 40 48 50 67 73 61 100 5 68 6 40 68 48 12 90 75 48 49 87 14 6 22 12 18 90 3 0 86 3 40 12 3 6 70 20 63 84 73 70 52 82 49 59 73 12 43 22 0 100 2 24 88 6 98 46
86 7 92 70 0 60 8 30 39 78 52 15 7 81 72 41 22 40 79 16 43 6 100 65 52 91 43 5 81 39 45 20 10 1 11 94 43 66 13 22 49 13 39 8 18 79 96 59 89 18 98 37 13 19 100 37 96 47 64 99 18 75 64 25 35 30 71 67 90 6 55 23 48 60 43 94 38 34 25 60 59 11 76 81 23 91 76 9
77 100 6 31 43 17 17 34 18 23 24 1 48 96 4 47 91 85 29 62 96 18 0 14 72 98 6 33 96 80 88 22 32 86 84 56 35 76 92 3 64 63 3 36 67 22 8 1 71 29 7 38 14 17 95 34 89 80 77 60 62 68 64 76 88 41 22 45 57 9 7 12 23 51 29 100 100 15 63 26 22 27 84 15 8 90 13 98
97 67 57 41 80 7 16 22 46 98 29 22 56 42 28 47 7 85 49 50 73 63 12 2 48 47 78 20 32 13 4 47 80 91 89 72 6 71 4 32 44 17 89 97 24 82 42 98 42 49 31 70 59 69 15 55 86 37 49 99 76 61 97 47 38 68 66 13 98 64 8 70 41 84 70 27 81 97 60 36 80 91 73 63 78 8 60 53
45 42 50 62 58 77 96 75 73 48 40 16 81 37 71 11 31 98 1 71 72 16 40 54 67 44 96 21 71 86 31 66 69 9 24 11 60 69 50 8 63 89 57 8 35 88 86 21 65 80 11 29 14 73 18 35 96 1 41 84 37 50 99 82 80 54 26 62 51 61 20 5 91 66 17 84 90 71 51 99 6 57 28 91 92 82 19 61
74 97 72 54 3 93 73 41 88 79 97 58 92 70 94 95 2 84 86 18 85 26 2 0 78 43 47 93 40 88 42 3 92 29 39 21 9 80 36 86 100 9 3 61 91 88 42 82 4 48 43 5 2 36 55 46 10 59 94 50 39 34 7 11 95 59 63 80 88 37 4 82 20 45 89 58 44 30 73 71 7 2 100 32 1 8 100 4
21 4 29 50 80 3 74 32 4 77 90 57 44 92 48 50 22 21 43 80 39 11 38 67 55 69 77 80 45 14 58 18 18 50 30 95 23 77 41 49 36 39 98 61 29 74 22 81 99 85 65 91 82 36 39 16 35 64 77 90 23 58 2 21 28 29 20 96 7 70 49 35 12 26 64 47 27 67 93 11 86 24 29 83 66 39 91 79
95 75 81 52 6 30 19 60 99 88 75 26 66 97 69 31 66 82 59 60 24 53 48 41 53 24 39 47 74 56 87 99 75 41 60 49 62 29 32 85 8 54 85 71 97 32 5 29 5 0 90 97 19 31 46 51 23 1 22 70 7 29 84 87 21 78 31 69 10 71 73 54 19 98 63 15 57 65 96 27 0 12 46 52 97 9 32 93
0 30 89 82 38 62 78 86 57 63 65 90 77 68 78 10 6 51 5 37 26 65 27 59 59 7 61 98 63 53 3 18 49 36 84 95 95 80 24 44 82 10 28 74 88 3 98 26 59 48 4 49 33 61 45 30 13 76 34 9 62 94 72 11 2 30 11 52 64 88 9 64 81 15 84 46 76 31 33 31 53 53 66 53 29 20 85 57
100 100 68 38 87 10 38 17 37 88 62 57 39 95 4 22 24 1 67 77 92 83 89 96 70 23 51 66 73 23 53 85 17 78 90 44 43 5 94 11 72 40 79 79 16 73 56 19 100 5 11 63 41 92 73 54 85 38 62 64 40 89 100 49 54 54 64 32 36 27 90 32 1 20 58 62 47 96 23 93 1 75 24 38 94 37 27 83
76 3 40 63 56 76 83 31 4 59 90 7 94 86 82 96 38 94 18 90 32 96 25 83 90 73 62 25 75 1 55 32 55 22 31 72 0 74 32 45 13 42 47 11 6 90 60 61 93 36 84 62 59 55 88 62 78 51 89 18 53 88 38 74 35 97 28 77 95 75 73 83 52 19 74 61 13 82 95 16 70 94 58 58 49 97 91 92
71 8 5 14 9 42 6 6 9 25 8 6 77 43 2 85 30 65 83 81 14 46 48 94 6 20 42 76 97 8 20 86 87 100 29 30 24 96 51 83 47 3 35 62 78 94 67 61 21 15 6 17 6 27 46 17 51 57 23 89 68 69 33 49 25 6 24 35 91 93 28 32 56 32 23 47 12 25 59 33 63 97 1 45 87 85 30 100
67 46 19 31 94 34 48 72 37 98 51 4 49 67 90 20 96 99 38 58 48 93 49 93 7 45 44 31 79 40 18 37 51 66 45 25 89 34 37 58 32 98 44 85 41 100 80 80 64 42 97 6 21 33 58 83 54 92 37 29 28 70 35 35 14 82 77 86 92 19 65 83 68 44 53 39 44 93 71 12 17 47 85 77 71 87 99 24
99 55 85 15 56 17 23 51 36 50 79 21 4 54 92 0 87 27 52 97 5 45 89 4 87 77 26 44 84 14 32 50 13 100 12 14 10 2 6 73 16 61 75 17 68 20 50 76 82 30 5 29 65 2 66 89 84 91 42 26 69 77 44 14 82 63 51 41 70 92 67 62 45 22 23 45 69 42 51 89 92 49 21 4 99 61 7 16
92 16 53 20 79 21 71 32 63 32 44 72 41 76 61 23 37 51 55 49 43 17 93 17 60 41 50 10 29 39 86 84 0 71 89 19 82 62 75 51 56 65 49 30 56 48 13 40 62 78 90 2 85 33 94 36 44 35 28 12 100 85 28 70 47 49 36 41 62 91 97 51 13 80 3 18 39 48 12 98 16 87 18 51 66 31 48 99
77 43 39 42 15 61 83 19 48 94 39 85 8 92 52 48 9 66 37 66 46 11 52 22 44 78 11 44 88 84 24 23 75 42 8 41 80 1 86 29 53 18 60 35 48 50 41 44 36 39 97 62 6 44 89 65 59 52 36 30 39 7 68 77 18 68 17 86 85 71 54 67 98 63 38 34 78 13 60 63 3 29 92 18 72 99 28 15
80 30 72 89 95 38 28 10 93 7 24 51 17 35 59 13 29 21 56 80 32 51 29 96 90 47 59 49 70 21 92 68 65 29 2 81 60 68 51 47 14 31 44 7 20 41 74 74 34 30 55 5 57 80 70 27 47 96 49 78 96 36 92 94 56 97 30 29 75 62 46 9 8 67 43 15 53 71 99 45 62 21 93 66 27 91 79 39
15 38 52 85 42 73 21 99 79 2 58 68 93 89 44 64 23 54 99 7 61 71 86 66 13 77 1 26 48 26 46 85 7 57 24 50 6 86 10 66 7 24 35 100 51 18 44 43 96 88 77 19 99 32 28 29 71 14 92 63 41 47 69 34 79 56 0 20 0 38 61 97 32 53 79 89 86 91 60 78 74 100 75 93 11 30 70 24
28 48 14 10 5 34 83 93 37 73 72 25 71 25 7 1 56 32 36 16 24 66 60 54 7 71 7 13 20 7 48 28 80 90 27 25 49 74 19 13 38 44 35 81 43 47 20 39 52 30 46 21 100 60 67 98 41 61 56 19 75 61 34 91 54 74 19 4 7 47 74 51 83 72 36 85 22 61 62 60 77 3 22 95 31 81 17 69
30 54 54 63 49 37 19 33 17 40 56 60 4 26 50 60 88 53 10 17 93 58 59 91 96 60 85 32 1 9 41 31 3 28 75 80 79 38 3 69 49 16 41 88 69 77 41 50 77 81 54 33 36 32 44 69 18 28 100 30 2 66 5 36 95 55 82 50 53 27 51 41 15 97 20 24 96 38 10 17 61 68 52 47 97 7 78 75
34 92 65 13 15 93 98 51 93 19 79 23 86 81 83 33 56 62 67 93 95 86 95 72 31 6 10 6 63 45 88 84 40 82 78 90 91 37 44 45 62 17 60 77 13 87 51 69 90 79 96 4 69 82 92 73 5 27 17 26 12 80 30 86 26 35 11 93 65 65 64 97 88 70 44 90 24 65 79 66 34 51 35 81 38 9 6 48
98 76 12 26 85 56 82 35 20 24 80 49 25 75 87 79 68 39 21 23 15 31 28 13 56 77 82 92 25 65 47 39 22 95 89 40 32 32 49 31 12 13 79 58 14 79 89 64 47 18 17 23 22 5 96 48 29 65 22 56 57 10 88 55 39 77 93 65 29 95 74 55 37 55 74 6 64 12 12 87 43 2 26 83 73 78 16 64
97 24 97 0 84 29 33 47 51 13 36 47 7 77 16 3 4 92 47 67 13 100 23 37 71 52 19 79 4 12 6 77 43 97 35 44 83 52 10 10 75 58 74 53 24 98 30 32 81 12 47 80 44 0 0 91 79 56 75 14 86 84 79 82 91 6 96 9 10 70 40 86 62 1 54 71 43 9 62 62 88 99 93 72 100 77 48 1
8 90 41 69 33 40 82 39 37 63 92 33 62 21 81 92 46 52 100 46 10 46 29 48 43 17 43 78 43 17 22 70 79 42 79 13 75 13 21 5 24 56 79 89 59 93 29 5 54 75 10 98 28 44 80 62 26 62 69 12 88 34 0 69 7 89 84 44 90 72 73 97 37 32 95 85 14 16 96 13 25 14 81 25 66 89 16 67
70 62 71 33 74 48 89 83 89 32 73 45 78 17 80 74 38 75 31 81 82 67 88 38 30 22 38 0 4 64 28 68 99 15 97 52 44 55 87 49 20 43 28 11 79 35 79 9 79 54 89 78 91 12 10 62 70 10 7 42 78 77 50 91 43 89 27 67 98 57 18 2 38 93 87 66 47 98 60 86 1 76 90 55 40 31 90 22
79 45 81 50 87 41 68 8 88 56 31 14 77 13 88 9 50 28 17 9 60 42 58 3 39 82 8 81 16 69 81 53 63 3 58 11 27 3 99 84 97 80 73 21 38 46 51 54 21 11 14 15 99 65 25 20 67 5 3 31 68 33 42 77 44 67 9 90 7 54 20 73 87 59 77 72 44 11 69 8 24 66 64 72 36 3 0 71
91 23 54 85 6 94 17 30 98 40 44 90 77 31 84 55 14 26 95 66 35 88 33 1 16 38 85 10 24 79 91 47 6 0 34 53 39 4 62 81 91 16 2 65 27 76 36 98 62 85 87 68 100 8 57 70 17 16 66 9 52 71 39 44 67 12 53 3 27 2 48 28 46 9 62 5 28 22 58 39 27 33 75 94 57 32 93 46
88 43 11 13 64 48 97 67 8 45 57 9 81 13 31 12 77 73 72 63 96 60 75 55 9 37 45 92 59 13 48 17 8 39 50 70 15 64 9 52 5 32 16 87 84 68 47 83 45 76 51 18 63 6 59 91 18 58 3 4 60 17 29 79 92 13 30 96 26 37 58 89 84 6 52 84 10 79 74 84 54 62 58 14 100 6 59 36
95 78 53 42 1 79 97 0 43 24 20 83 55 47 58 27 17 25 69 6 97 70 23 96 93 3 53 3 66 65 5 1 71 41 99 29 93 9 59 58 93 69 23 2 67 61 86 10 85 39 14 90 56 29 5 16 27 29 47 80 73 97 12 13 53 57 15 94 15 20 60 80 39 30 43 96 35 24 19 26 32 51 51 23 25 27 16 20
58 93 71 80 47 97 55 60 53 82 94 6 30 46 72 4 36 18 86 1 18 29 10 61 99 42 49 34 88 43 81 100 96 41 2 61 36 54 39 31 79 85 28 22 7 37 64 74 86 75 12 7 27 5 16 14 94 49 59 15 9 24 72 81 36 0 43 65 79 52 1 21 64 64 34 91 73 16 41 96 65 37 43 45 99 48 38 53
100 50 90 61 90 94 8 42 15 47 7 14 99 16 97 7 11 5 24 67 46 66 96 15 4 56 22 54 13 61 40 73 40 21 96 97 89 90 13 23 19 22 30 50 73 51 35 20 38 28 20 25 67 14 76 7 98 58 32 58 85 97 42 81 91 97 61 11 74 91 63 28 83 59 78 5 68 11 16 31 14 45 30 82 93 25 36 87
21 3 1 56 50 25 85 14 19 70 94 30 9 41 24 4 11 68 77 72 55 12 56 5 53 61 73 97 3 63 97 33 99 43 78 74 86 38 58 33 18 0 60 7 11 53 32 66 40 45 49 75 83 91 80 84 57 85 72 57 62 90 81 60 20 98 93 42 93 58 36 88 96 51 62 57 27 74 58 68 47 66 75 14 3 9 47 62
23 69 94 73 23 57 15 48 48 81 83 46 2 97 1 51 7 42 19 87 72 77 20 72 25 51 78 61 88 30 15 26 89 41 69 52 67 99 13 76 18 13 89 79 47 43 0 96 94 66 99 30 59 29 86 58 64 71 82 87 100 64 0 72 74 11 17 74 4 42 39 57 3 57 76 67 59 22 22 77 65 78 32 26 69 14 95 34
28 64 65 44 81 12 71 4 62 16 87 70 74 35 32 76 12 10 14 2 56 22 44 96 57 17 38 65 92 94 84 53 73 67 61 38 52 22 48 98 59 29 44 95 47 92 94 15 98 19 24 16 43 27 1 12 24 86 74 36 41 33 35 51 49 49 65 45 95 94 21 76 10 57 64 42 48 89 6 8 93 65 51 99 98 28 1 16
4 47 65 67 4 31 100 94 97 73 78 77 90 36 62 60 87 22 26 54 90 55 88 31 0 45 55 0 89 22 50 11 80 52 2 28 91 70 50 41 2 79 68 21 41 30 98 1 44 23 86 57 78 36 18 8 38 62 9 56 86 26 92 6 75 44 1 13 19 32 94 64 46 26 35 57 72 48 42 49 37 16 17 4 98 99 11 79
74 21 42 14 6 62 65 85 62 45 92 46 33 79 63 84 84 14 1 88 90 55 36 23 90 58 4 8 64 18 62 55 69 21 84 75 53 13 13 50 76 89 37 10 81 58 37 29 33 78 97 52 13 66 36 33 46 87 25 98 79 92 99 87 27 58 91 82 7 91 93 34 40 24 51 92 54 81 22 30 12 56 31 85 6 5 75 85
40 96 71 27 99 80 26 55 59 100 38 6 28 64 43 54 2 87 14 18 58 19 19 78 90 46 72 87 86 53 76 88 86 40 60 75 81 79 40 37 30 89 73 57 12 21 2 65 40 64 21 76 95 35 83 56 50 69 10 70 14 14 65 34 66 2 58 66 84 79 69 73 29 84 70 12 13 56 65 6 96 98 95 86 44 20 11 28
95 64 57 41 95 32 48 81 40 21 23 15 98 46 63 12 0 74 82 15 24 91 42 70 23 97 30 5 17 20 56 16 52 27 73 45 6 15 37 2 63 7 70 77 78 56 64 37 41 94 64 6 20 7 81 9 4 25 53 4 23 20 10 89 38 94 32 49 24 7 54 40 54 25 25 2 37 41 55 37 34 26 26 18 18 98 90 50
84 96 2 34 72 22 55 23 19 52 14 82 79 11 70 47 89 68 54 24 43 9 84 21 85 85 100 92 59 36 30 43 34 67 67 53 7 30 39 100 4 80 77 40 74 80 51 44 78 66 84 48 51 66 62 49 54 1 75 13 61 66 20 27 94 50 38 60 23 46 84 63 18 86 38 33 15 48 65 4 32 32 20 77 27 2 80 12
66 71 51 27 97 96 38 91 68 39 49 74 48 34 73 24 17 82 19 29 49 10 80 0 8 20 72 40 29 71 67 95 71 54 19 49 1 51 58 76 4 83 99 10 81 46 2 71 6 20 4 46 61 62 100 66 28 28 27 49 61 67 21 61 66 54 70 27 100 7 85 9 10 83 56 62 78 5 29 21 0 11 4 27 76 4 43 7
55 80 50 41 49 40 45 4 99 48 66 92 61 30 49 70 73 9 62 99 93 7 52 74 18 97 14 94 80 58 100 50 78 89 96 1 38 46 73 78 25 65 60 88 81 59 46 48 13 16 25 58 94 80 48 80 50 83 27 88 53 43 42 7 42 17 12 67 17 76 97 51 23 50 4 80 79 26 70 67 39 17 14 7 45 15 29 89
18 70 45 63 34 65 77 65 21 38 15 98 99 54 28 95 30 51 93 3 22 8 56 60 25 30 32 95 41 51 66 51 87 76 50 82 90 36 8 22 42 94 65 47 78 12 71 96 77 32 28 62 19 96 100 60 86 8 7 44 25 53 81 36 63 9 34 96 71 97 22 76 74 4 46 5 65 81 73 60 11 58 96 90 76 42 68 98
36 81 83 72 82 19 76 83 77 31 95 87 67 12 16 90 14 71 20 62 64 25 25 44 6 52 36 51 62 77 20 36 19 100 24 91 35 44 25 57 43 67 45 24 34 28 60 39 38 29 84 40 17 47 43 19 52 24 99 5 27 81 73 21 83 23 51 65 88 73 40 74 82 18 62 99 59 1 87 5 59 73 48 19 19 41 33 85
92 78 52 43 86 19 54 77 50 7 70 11 40 32 95 46 85 87 97 4 80 85 46 83 25 7 99 17 16 93 87 26 81 4 85 8 25 63 13 78 58 61 33 11 33 64 33 1 89 11 23 72 2 88 14 100 95 8 28 40 75 27 64 13 14 77 92 33 69 51 78 45 75 20 24 69 51 15 60 93 97 7 13 83 99 78 65 78
7 25 39 65 70 8 1 90 89 59 30 35 7 96 28 93 76 95 16 3 50 45 89 76 34 44 45 25 22 25 64 90 6 26 30 46 77 59 62 38 50 52 80 55 24 37 4 89 62 61 21 94 44 48 100 87 43 38 8 8 84 30 90 96 33 59 43 16 52 99 46 69 64 24 82 88 58 35 72 37 53 77 1 87 29 45 52 32
36 58 66 33 72 9 64 100 13 7 46 3 5 70 47 28 41 20 21 35 99 71 54 82 40 26 21 71 7 29 9 51 30 38 13 53 16 29 65 35 32 28 99 10 93 76 60 26 62 35 32 11 65 56 9 53 33 93 97 98 52 53 39 3 69 65 54 52 26 85 35 10 9 87 65 71 1 15 94 29 43 41 54 56 80 21 86 34
55 8 68 26 22 75 69 83 42 42 48 59 39 52 57 14 11 72 93 61 38 24 14 54 80 21 48 20 76 85 86 85 41 84 54 59 23 93 9 81 56 99 78 17 87 84 16 87 76 76 40 49 75 84 53 34 95 3 29 98 21 44 26 2 78 4 20 31 91 23 72 48 14 44 81 41 89 2 20 18 84 82 84 2 42 92 2 0
31 8 20 9 25 62 40 40 33 79 39 68 74 27 4 0 49 61 19 18 87 67 2 0 69 20 28 41 65 10 83 47 29 82 8 17 29 1 50 79 63 76 70 71 82 30 44 19 97 80 41 26 96 50 1 68 97 98 67 37 75 75 73 36 1 31 31 21 7 37 8 19 34 2 57 9 18 58 18 85 10 6 62 76 78 53 24 65
17 58 54 51 32 7 95 21 91 18 10 27 97 100 12 6 13 74 60 93 37 58 40 3 72 62 59 51 50 35 49 49 58 39 24 89 62 55 36 3 30 17 25 98 79 67 97 13 55 14 15 60 34 99 9 35 80 94 72 71 6 28 8 71 90 45 82 9 100 22 83 29 100 64 47 14 99 20 48 74 71 17 33 0 49 78 42 98
24 36 71 93 47 75 96 44 72 52 48 71 31 77 55 44 76 16 63 1 17 41 4 73 30 84 42 60 40 10 78 0 40 68 67 38 93 57 21 15 60 14 6 96 63 36 36 64 89 83 80 77 20 45 80 3 31 34 51 40 56 90 20 4 5 46 100 55 15 41 31 70 7 17 46 64 69 64 30 9 41 52 15 51 82 36 96 65
88 52 93 52 69 65 83 90 47 91 48 86 57 31 27 60 92 70 48 1 91 20 83 85 13 69 11 27 84 4 97 54 28 51 65 79 25 24 10 46 31 14 23 87 25 67 84 7 67 31 25 57 36 4 44 75 70 51 23 97 66 30 66 53 53 11 20 99 86 9 1 88 71 92 94 98 63 73 54 61 86 78 73 88 77 48 25 48
72 92 64 27 93 94 69 77 98 68 74 87 72 41 58 82 95 54 34 90 91 60 39 18 14 31 54 1 75 64 72 0 48 83 36 33 67 96 36 31 22 33 60 62 80 8 44 69 95 20 34 27 24 9 92 74 98 97 27 14 6 4 57 0 74 34 26 90 30 46 34 23 87 35 84 21 88 47 8 44 73 53 99 20 35 40 80 44
85 63 99 89 98 87 60 25 71 100 17 51 20 57 21 49 41 53 61 45 30 45 36 99 79 14 44 32 53 61 86 43 56 65 97 42 45 56 12 3 16 16 36 43 33 63 41 69 22 90 63 25 19 35 39 30 88 28 98 61 66 28 58 5 38 13 84 87 58 6 28 10 24 18 9 81 80 71 48 62 51 31 91 61 86 16 66 42
