45 70 0 26 2 33 83 27 94 42 88 72 77 77 22 47 97 2 80 78 1 11 45 5 1 68 92 29 34 37 47 4 39 31 52 7 55 57 68 15 24 66 67 42 11 49 66 98 0 32 9 43 98 74 72 97 32 44 79 71 31 100 29 8 23 9 64 40 98 87 93 22 28 46 26 14 69 36 26 80 67 66 98 76 18 40 12 48 86 78
53 59 17 42 68 98 16 88 84 26 79 33 45 84 2 50 15 48 8 15 17 86 1 2 78 54 99 17 34 47 22 17 15 59 22 10 3 45 89 59 36 91 77 11 13 83 7 7 47 60 18 44 16 82 96 55 71 12 90 16 76 20 22 57 56 10 22 64 55 57 58 40 48 63 7 30 64 99 36 77 95 20 22 43 66 53 36 0 12 29
78 70 15 76 19 28 19 18 31 43 34 5 37 31 44 19 11 16 14 70 94 11 61 5 90 50 67 5 52 98 99 25 54 98 27 31 3 14 5 73 36 93 72 78 91 7 52 1 65 24 45 1 36 86 67 64 54 41 66 59 94 29 31 36 100 63 75 31 5 24 5 28 22 30 64 5 84 0 94 3 87 21 59 67 13 87 45 2 39 67
80 2 92 5 4 46 45 92 99 68 70 31 29 52 100 53 12 77 93 1 5 58 45 80 28 47 80 79 100 100 60 54 40 38 93 56 98 18 26 61 5 87 72 1 41 96 68 81 67 24 43 4 81 98 42 21 57 24 49 24 60 35 21 48 93 30 9 80 97 24 64 19 93 98 60 38 41 41 0 34 88 38 18 41 91 100 64 71 16 67
59 36 9 21 33 69 39 25 51 1 0 53 27 92 61 68 49 4 35 59 0 89 97 90 3 45 84 81 36 46 73 44 51 15 97 97 85 0 1 97 78 95 14 47 65 82 89 1 7 42 35 22 12 94 54 67 44 100 96 41 98 85 27 40 44 52 21 62 65 95 93 88 94 70 27 1 53 97 71 92 43 38 9 100 48 18 64 45 83 13
20 78 97 12 9 7 94 97 65 75 32 67 71 46 64 57 47 77 30 15 8 51 92 20 72 14 64 36 41 62 3 8 43 58 5 63 44 29 36 100 68 45 47 89 12 60 59 15 48 51 10 9 25 77 47 60 43 58 83 6 97 25 15 37 60 36 2 49 69 40 99 91 11 44 93 85 66 33 49 83 69 0 69 51 82 41 63 4 66 4
12 16 1 48 18 100 2 63 83 26 77 39 41 72 5 72 27 42 45 34 53 81 85 88 86 76 61 35 85 76 80 17 5 36 100 93 53 19 63 91 90 98 38 72 99 4 48 53 31 4 10 72 31 16 17 6 75 45 51 1 66 3 47 100 98 29 7 4 89 68 21 26 50 72 41 11 67 37 79 84 32 50 17 59 55 14 6 57 12 75
42 100 38 18 58 76 35 4 60 96 52 57 40 90 34 92 41 6 28 13 34 31 97 70 84 20 98 88 46 84 25 10 9 57 16 43 98 95 99 33 89 80 73 59 28 32 38 64 46 20 71 86 19 92 58 38 49 100 49 0 87 99 20 95 4 76 37 93 64 67 60 95 14 22 10 86 36 36 86 59 99 32 80 40 81 25 76 13 100 61
36 83 43 32 14 57 92 42 41 62 80 2 41 78 50 0 45 96 17 33 40 92 30 77 82 40 84 37 34 19 4 34 23 14 74 91 46 24 65 32 35 15 37 11 71 35 21 96 69 72 10 71 14 50 61 72 39 82 28 91 63 79 93 68 43 29 59 66 14 61 49 95 97 5 11 71 81 17 88 93 34 48 20 31 73 22 19 65 19 34
22 73 47 36 5 13 22 60 39 45 65 5 55 9 19 40 36 18 29 12 86 76 68 79 17 83 17 32 29 17 27 59 25 14 26 80 25 27 12 3 87 21 53 99 43 56 48 69 64 19 72 56 76 55 60 69 59 86 36 86 26 16 2 72 3 36 20 88 82 11 27 33 35 6 16 93 57 89 74 94 9 19 6 2 45 10 47 56 60 55
28 79 68 99 60 80 39 83 14 49 79 92 46 90 62 36 42 20 86 3 45 21 28 20 88 90 30 68 49 31 39 68 8 86 57 62 57 33 50 93 81 69 78 22 44 62 91 67 31 13 43 30 55 97 87 62 97 39 13 44 36 42 68 76 43 42 67 96 17 95 17 13 40 70 53 61 3 3 84 86 62 1 49 61 74 24 37 60 60 25
22 5 68 31 80 42 0 61 31 24 0 98 98 17 12 43 50 60 10 18 0 100 31 60 60 36 5 93 96 97 1 69 80 51 17 81 91 31 51 36 47 68 41 94 55 56 70 27 14 55 29 65 100 11 59 21 100 71 20 13 57 85 48 28 28 26 85 2 3 82 49 94 45 53 81 16 4 6 70 82 47 36 3 45 73 77 5 69 100 15
64 18 17 97 86 94 15 31 20 21 93 71 78 29 59 59 39 4 88 76 1 42 94 17 56 30 12 96 2 63 47 28 20 89 41 18 67 89 55 86 72 51 72 60 30 66 82 80 34 31 79 67 48 59 27 27 38 12 2 91 65 42 57 72 18 62 74 51 78 10 29 96 71 75 81 66 23 59 54 28 17 28 32 3 49 32 32 10 55 92
99 64 59 83 15 50 12 65 82 98 82 84 71 54 22 52 67 81 46 41 73 42 33 26 64 45 25 72 37 56 87 65 58 1 0 87 5 12 3 54 91 31 62 1 97 15 68 27 47 3 58 2 35 13 87 54 73 31 51 97 45 1 35 31 57 55 63 65 58 13 99 2 66 92 64 72 0 87 31 68 40 57 1 35 71 53 61 57 0 24
4 9 76 14 95 42 58 66 47 31 8 5 33 0 56 100 92 91 52 95 28 97 6 72 52 47 29 14 98 25 100 29 39 95 11 10 64 18 55 8 39 16 48 29 46 66 100 86 63 20 96 46 28 11 54 58 55 23 25 64 24 88 9 31 68 43 9 75 58 77 75 73 44 100 52 93 64 36 30 42 54 48 99 26 11 72 54 8 12 65
11 82 96 71 60 47 8 60 32 99 28 49 57 15 32 37 28 8 52 57 97 53 54 44 50 16 54 76 38 23 29 30 97 53 47 10 60 56 35 48 77 89 55 64 68 96 23 33 93 49 21 56 42 32 16 61 83 66 92 84 76 96 82 6 46 23 35 87 69 77 16 10 82 45 27 53 67 42 68 55 14 88 55 6 69 89 3 86 45 66
36 72 31 84 60 62 92 21 39 85 41 48 19 86 75 6 24 76 46 78 86 83 19 94 20 35 19 45 66 66 83 42 64 42 96 24 36 17 9 49 98 9 97 13 23 46 69 30 69 14 64 58 86 82 71 81 20 22 74 26 43 9 58 33 92 47 38 63 32 91 36 0 56 28 23 51 97 72 78 96 83 37 0 64 36 97 46 30 47 17
56 40 44 64 96 5 46 39 93 37 40 61 54 89 82 34 91 46 37 36 99 89 64 29 19 51 95 84 99 29 98 84 74 3 85 73 100 71 74 78 47 34 44 22 17 78 80 34 51 84 10 59 59 50 46 25 34 100 8 69 6 19 19 9 59 87 88 72 72 59 71 76 49 77 32 60 46 98 56 65 25 38 84 4 28 33 98 31 15 28
74 11 89 44 71 43 52 69 75 69 65 28 94 26 14 60 37 51 32 50 38 8 26 54 21 22 43 59 27 81 88 80 23 55 48 33 80 40 13 0 42 0 8 87 85 41 45 7 99 71 41 11 48 27 91 79 69 52 36 96 69 40 93 65 25 29 38 39 25 37 26 20 50 83 91 15 74 67 17 51 1 70 58 51 9 2 53 100 58 65
77 11 77 75 15 38 7 10 96 75 96 97 62 94 3 91 76 43 13 0 63 88 92 49 21 44 44 63 80 22 9 61 34 78 39 4 22 39 50 41 98 66 47 84 16 66 92 79 48 24 17 57 67 29 11 27 9 58 26 30 68 70 15 13 87 44 23 31 39 0 60 24 58 75 52 42 23 53 61 48 10 47 6 97 44 56 70 11 85 68
31 79 64 52 58 55 38 60 94 32 3 8 99 25 82 45 59 44 51 78 64 49 3 61 55 27 40 6 55 81 60 41 57 55 62 7 13 7 17 22 93 79 0 0 29 1 55 61 33 79 29 16 10 39 73 29 66 40 96 72 5 42 5 36 85 43 16 39 13 75 18 59 83 59 64 96 79 86 4 80 92 8 85 63 16 52 22 57 46 60
65 10 51 85 46 66 45 90 8 65 31 79 65 27 35 78 14 63 20 10 24 10 63 99 85 1 37 14 90 40 31 97 46 71 40 0 40 86 78 9 66 86 56 44 97 74 24 47 11 33 65 41 40 92 54 40 58 39 80 34 68 53 72 74 82 92 7 29 95 5 1 21 23 43 64 97 55 77 3 39 5 87 46 2 82 13 49 94 9 65
21 81 27 88 78 83 17 76 84 70 52 22 52 44 70 99 24 8 1 19 0 81 82 38 32 2 38 37 90 64 23 94 70 73 2 5 79 24 71 17 55 32 99 76 15 82 28 22 75 86 32 27 53 66 57 12 79 23 89 84 12 13 68 69 87 5 69 82 15 55 85 29 99 26 38 40 62 75 54 72 23 39 2 16 8 85 60 18 94 67
26 88 8 31 92 65 37 6 93 21 5 28 43 32 41 68 38 62 27 71 84 34 4 16 97 96 77 71 68 67 17 57 72 29 75 21 17 10 98 23 72 0 77 11 86 93 25 95 24 91 77 9 91 98 61 83 97 45 39 11 90 1 6 37 70 80 97 66 95 87 15 74 21 88 62 98 82 9 23 72 30 42 64 46 58 42 83 54 12 19
99 57 94 95 72 57 86 12 22 43 76 94 44 10 88 92 57 20 5 76 23 55 4 39 32 11 3 33 95 20 72 66 6 92 51 71 56 64 88 63 21 33 59 11 87 20 77 2 48 65 8 7 89 40 82 72 62 73 47 15 67 47 92 55 36 71 55 13 25 27 11 25 5 78 20 32 87 28 70 75 66 6 6 97 87 53 17 34 37 6
96 28 30 89 95 17 58 63 33 51 33 68 60 78 83 94 11 34 37 44 29 6 52 75 71 53 74 61 30 2 48 56 28 6 79 64 52 80 75 54 10 94 49 89 3 94 47 60 11 29 47 18 99 23 99 42 94 44 21 91 13 7 40 15 55 10 39 50 25 6 82 4 41 17 67 91 3 51 90 75 36 52 97 86 43 95 47 27 78 86
67 12 56 89 25 5 81 55 94 46 84 95 31 34 15 73 74 91 27 90 0 21 86 83 25 5 1 84 79 70 67 14 24 35 53 29 13 57 69 69 60 90 47 57 84 68 4 2 56 54 14 41 23 12 19 38 64 51 34 53 75 83 46 6 3 93 73 99 54 34 8 57 66 56 66 66 34 79 50 97 50 70 43 45 23 49 92 8 82 72
40 12 59 93 56 45 2 34 85 16 17 32 17 26 19 36 55 96 14 63 19 80 43 31 57 16 23 8 82 74 10 15 24 34 96 1 27 88 1 55 42 20 70 34 80 82 3 92 90 95 38 2 4 84 10 34 50 41 75 56 13 2 60 48 35 3 2 7 97 77 5 9 40 85 77 34 100 88 54 98 27 29 60 35 77 45 18 4 37 91
11 31 7 44 8 3 40 24 28 27 78 42 57 60 66 51 5 17 17 57 5 21 15 71 29 0 83 46 3 82 81 97 96 96 16 73 76 75 44 7 64 36 84 29 15 76 65 4 44 76 49 70 16 90 24 65 11 15 94 43 65 5 70 32 51 4 30 49 58 77 84 20 25 12 45 38 50 40 24 40 58 90 74 29 37 40 99 3 8 67
87 38 9 54 56 85 88 60 26 69 21 30 29 87 9 77 70 85 54 22 59 3 82 43 84 18 8 65 77 56 54 56 65 20 39 75 53 32 60 22 79 47 98 63 77 61 59 51 34 38 68 73 21 47 49 9 53 59 15 82 92 100 49 53 32 26 100 79 73 82 32 75 84 63 54 70 36 63 31 73 38 1 20 97 3 90 94 50 40 40
88 16 81 27 88 59 19 95 51 28 2 52 23 70 21 37 0 8 2 49 17 43 11 100 73 26 63 24 79 90 36 45 56 55 43 11 54 99 92 37 91 16 71 91 46 60 46 58 29 63 16 55 96 56 13 69 16 57 30 71 18 21 66 51 21 65 30 9 57 39 83 46 28 68 22 52 59 32 79 75 44 89 15 42 63 14 67 68 75 77
77 24 3 75 82 47 83 46 80 71 84 63 68 10 71 6 55 55 16 9 92 73 31 96 87 94 67 12 50 77 19 82 76 29 33 28 57 2 83 13 33 52 41 72 95 78 30 22 68 16 78 23 77 8 89 19 36 55 16 52 81 14 78 5 3 73 41 15 40 18 21 9 39 95 32 100 42 48 72 1 42 23 32 93 67 83 79 26 21 43
79 54 69 56 94 80 96 30 17 95 87 17 46 32 64 94 36 45 48 99 11 24 25 21 9 37 1 46 5 14 12 43 75 100 52 15 96 50 61 94 93 85 91 10 20 42 98 10 97 63 34 53 14 50 12 91 51 9 0 27 20 81 37 100 28 7 17 55 49 7 79 4 84 75 31 46 4 12 89 11 39 3 11 25 74 31 52 14 100 18
66 85 47 61 4 35 32 96 82 89 70 26 42 17 91 68 59 61 77 21 14 82 77 58 8 57 90 54 13 15 11 35 0 23 1 46 1 79 26 66 76 74 73 71 26 35 27 11 9 50 59 4 26 75 92 66 98 29 69 73 96 35 68 89 61 97 64 48 81 34 74 90 28 20 54 13 24 79 21 27 35 68 95 52 55 36 83 62 82 16
47 1 10 68 93 12 84 8 100 56 42 53 64 95 26 100 64 36 2 39 20 76 36 54 58 63 99 63 3 83 31 98 6 47 32 5 10 18 9 68 47 15 11 53 17 20 26 1 33 71 50 8 97 50 63 34 22 22 50 41 28 25 82 39 7 99 61 70 64 10 23 18 41 91 80 19 53 9 54 94 90 21 17 5 4 79 8 26 95 38
18 65 1 14 46 22 88 41 69 45 65 99 34 28 97 9 48 45 87 60 12 2 21 41 93 83 71 50 18 44 83 93 54 5 52 100 45 38 42 61 6 40 56 48 10 89 71 44 32 19 48 31 72 10 22 1 69 25 33 17 37 11 31 19 67 29 78 67 63 0 54 56 78 91 43 52 3 86 61 44 48 68 64 95 9 20 46 78 45 67
67 55 11 44 35 92 84 45 98 62 82 61 57 57 0 25 35 69 86 36 56 73 90 84 23 66 39 93 88 19 66 14 92 35 79 46 92 58 5 91 26 70 74 22 49 88 50 81 28 23 72 25 58 81 68 3 28 18 39 79 100 5 57 84 69 85 75 90 77 59 73 43 58 64 17 95 19 25 26 43 41 92 93 70 79 12 94 75 55 9
62 90 83 93 67 24 19 6 32 78 38 1 27 40 83 31 12 26 88 66 95 39 5 56 52 36 5 4 57 20 19 65 89 82 93 78 64 7 51 61 40 41 24 1 73 20 0 85 9 17 96 92 5 96 23 29 12 89 16 13 32 79 46 17 24 89 37 74 34 1 83 58 99 67 33 52 52 95 62 72 64 64 30 55 58 56 6 84 21 20
26 25 23 63 46 39 14 78 70 29 63 3 34 91 55 97 76 12 10 68 38 35 49 51 3 46 82 4 70 41 4 50 48 58 34 42 25 72 6 77 0 59 2 36 31 16 95 46 45 19 97 41 40 18 15 12 25 96 44 52 96 0 8 83 82 82 93 30 24 38 0 98 89 26 62 82 1 97 91 71 89 55 28 90 32 34 49 50 18 8
62 25 5 55 87 33 51 74 62 19 39 55 26 50 91 80 42 32 38 53 16 43 62 67 29 99 67 12 29 3 12 79 28 20 93 82 35 23 82 91 24 77 92 76 9 12 88 5 41 93 58 38 63 1 67 74 9 55 82 68 45 86 62 40 38 40 59 58 98 56 57 46 72 38 85 33 69 70 67 7 38 2 9 61 4 23 93 65 19 100
64 82 96 1 53 70 71 62 55 12 55 75 16 22 27 40 63 48 34 6 62 18 85 37 26 39 48 87 27 52 71 3 39 5 24 54 55 66 83 64 62 100 73 81 91 37 72 73 6 74 74 47 86 36 29 22 27 54 43 25 35 18 27 2 71 52 33 77 52 83 46 97 94 47 31 13 29 9 66 47 64 52 24 72 45 50 0 23 61 34
30 13 2 74 28 64 4 55 45 94 46 34 30 65 9 59 43 15 20 93 31 21 66 34 33 10 94 93 3 0 98 75 95 55 50 76 61 53 8 24 32 53 71 48 21 88 53 5 0 11 41 3 70 29 73 39 97 72 35 52 88 20 62 81 73 70 59 19 8 64 11 1 92 25 31 96 30 63 72 2 95 98 61 25 40 76 67 85 29 72
2 81 79 26 81 36 62 95 56 18 29 70 22 4 70 18 44 5 9 34 49 72 93 76 56 4 14 18 69 3 71 13 68 54 65 59 57 95 89 92 23 13 44 61 86 80 50 84 85 33 37 5 28 59 17 91 12 45 5 45 92 8 61 82 66 3 55 55 88 100 71 74 95 82 77 12 12 30 71 50 60 50 15 51 53 49 62 55 21 80
14 41 27 5 95 99 55 18 94 67 65 17 97 9 70 4 25 42 57 53 38 21 17 56 68 84 42 25 68 5 45 66 83 27 88 9 95 34 74 14 99 70 4 26 39 91 9 98 30 15 94 9 10 38 4 36 12 67 54 42 44 6 33 13 72 76 97 51 4 80 62 25 2 96 96 74 72 69 43 98 96 36 87 89 53 55 52 62 30 17
82 3 56 92 27 68 19 36 7 65 85 74 100 55 81 30 41 78 85 55 76 46 78 86 13 21 47 66 88 6 69 49 17 10 89 31 98 20 76 51 6 95 23 42 55 56 65 99 58 69 10 29 7 91 83 20 32 15 91 11 31 45 9 37 63 43 91 41 82 51 2 22 16 83 60 82 90 20 97 89 74 95 38 94 1 95 78 57 83 8
77 15 72 37 53 83 16 32 25 40 82 63 32 2 89 90 61 27 87 96 30 2 21 71 51 12 66 63 89 44 20 7 81 90 12 7 23 21 55 64 81 4 25 55 85 56 93 27 27 41 96 28 84 22 93 16 71 8 46 14 39 27 49 91 70 7 22 30 22 18 28 45 41 82 18 22 48 43 21 17 91 89 4 40 94 85 37 22 80 62
80 44 27 40 95 31 11 98 11 23 7 88 48 46 0 42 91 80 65 92 50 44 100 62 31 2 38 20 19 8 41 26 14 91 26 84 2 10 61 25 45 94 80 78 10 35 92 32 73 36 50 2 39 34 52 58 97 35 57 48 69 59 18 82 60 8 88 92 59 13 66 19 96 76 68 48 28 16 10 41 56 58 39 32 29 50 93 25 82 61
11 50 8 35 4 5 26 76 57 91 47 47 18 79 24 33 86 16 99 33 72 12 4 96 69 61 74 79 71 7 48 99 94 99 84 93 4 72 95 77 75 53 51 10 87 78 91 38 16 32 61 2 49 40 28 31 24 59 12 9 38 58 71 55 89 29 53 36 55 3 39 56 31 48 76 84 91 5 95 41 24 80 75 64 34 5 44 83 51 8
45 84 91 2 95 96 63 13 51 58 14 35 13 17 42 89 77 93 80 9 74 97 52 7 39 53 64 23 28 72 29 46 92 34 26 36 37 90 94 20 15 21 86 76 33 98 35 62 35 76 61 6 31 93 74 24 31 73 55 41 85 86 86 38 19 19 88 70 45 61 96 72 45 61 41 75 79 46 1 98 60 3 1 36 27 71 59 85 30 81
17 79 75 63 24 54 15 77 88 54 10 94 96 8 3 92 100 9 76 84 11 6 22 55 91 95 31 83 54 50 75 2 99 18 58 27 56 17 99 79 15 75 89 30 38 94 93 69 29 16 64 79 50 30 80 11 52 28 98 23 5 71 63 14 59 0 73 69 46 20 36 52 49 60 74 53 86 10 72 9 2 68 52 5 24 0 39 14 48 14
2 23 2 78 92 9 6 13 29 17 17 39 21 46 47 83 75 90 40 13 22 14 70 39 94 41 0 26 74 21 52 45 48 67 85 5 0 68 67 18 65 10 94 82 49 72 81 40 86 98 64 81 88 81 20 77 14 12 93 72 45 37 24 39 40 93 28 87 47 18 57 64 83 88 23 56 7 21 26 76 93 30 71 91 62 64 91 8 85 93
83 19 12 93 55 23 75 42 80 51 29 41 25 22 66 85 2 7 69 79 39 10 99 1 94 63 100 2 59 92 0 11 10 42 25 87 32 37 36 23 0 17 23 97 73 37 9 37 91 53 99 53 64 90 20 79 21 95 0 15 23 0 0 73 17 72 73 15 65 40 74 64 4 91 67 98 63 33 6 36 18 74 19 79 60 57 62 58 100 49
52 88 67 47 40 46 17 38 59 65 50 43 86 29 90 47 75 52 71 90 40 14 40 17 94 6 70 89 9 18 60 97 96 51 62 44 53 97 19 83 35 80 66 0 31 13 87 23 16 12 28 17 78 37 65 64 69 71 84 47 45 76 33 79 31 59 86 71 9 84 57 89 10 79 49 15 73 35 3 97 46 89 95 40 80 2 16 78 17 11
5 76 88 17 96 30 52 70 0 48 14 66 53 72 40 83 34 40 29 2 21 33 9 18 88 80 22 99 26 70 34 90 43 50 73 81 45 6 88 8 79 7 59 47 72 17 26 88 94 36 88 33 32 94 70 63 36 96 11 80 13 48 50 9 76 67 15 98 78 24 46 33 64 100 73 15 84 57 81 42 70 88 79 85 79 42 46 39 6 97
37 59 46 61 90 65 29 33 68 3 98 15 11 53 52 71 85 60 66 92 85 84 52 6 97 27 12 13 100 91 4 82 95 88 17 14 81 42 62 1 81 75 9 44 29 1 80 28 6 43 26 0 65 21 43 71 40 31 36 96 79 9 25 96 81 94 56 31 44 79 27 96 6 47 70 93 69 52 42 85 52 55 19 52 18 24 63 6 76 85
2 39 69 66 7 4 26 28 87 51 9 25 75 47 48 46 20 1 74 6 13 88 76 90 10 7 3 38 90 14 91 9 68 70 78 35 45 61 53 81 55 0 6 76 7 41 43 62 29 40 5 18 73 4 19 48 94 78 9 85 47 35 56 8 79 33 93 20 96 75 54 83 4 61 69 66 13 41 85 24 48 32 70 6 81 7 11 37 15 20
8 32 49 0 83 96 70 34 47 72 55 98 37 5 53 7 91 36 49 34 98 61 90 0 96 22 72 48 64 48 87 41 55 48 73 72 3 88 79 18 42 63 75 68 59 43 25 14 26 44 83 18 73 0 78 41 31 43 52 4 99 63 22 5 29 44 24 6 18 46 84 14 58 1 20 9 39 13 75 14 88 13 84 37 74 52 30 9 94 36
28 16 21 74 5 84 72 14 13 93 86 32 51 57 53 51 97 92 64 13 15 96 36 0 45 33 28 7 31 2 46 37 77 29 80 20 9 75 8 19 26 63 92 77 87 99 84 18 24 56 43 23 74 74 38 60 82 37 34 45 61 16 21 60 70 27 90 88 74 93 47 82 21 69 55 62 31 6 0 66 42 89 15 43 17 63 1 86 98 3
37 70 93 36 100 84 55 8 58 25 87 86 10 77 59 95 9 92 7 55 82 0 94 83 43 48 27 37 15 22 38 77 20 83 13 54 23 67 78 23 28 70 88 21 11 59 12 10 0 85 7 41 89 83 36 2 66 24 67 59 99 7 41 91 32 59 69 19 26 78 1 41 28 12 15 39 17 19 63 35 8 76 69 44 56 5 57 57 66 44
84 75 29 92 45 98 42 0 57 82 34 60 40 29 37 74 6 43 52 8 74 70 97 62 37 6 6 8 10 45 51 41 98 93 44 31 73 27 28 11 49 91 86 64 2 79 55 28 14 87 9 50 66 95 47 45 59 39 53 53 80 92 63 53 85 89 43 7 3 74 8 28 49 84 7 22 24 59 44 22 81 78 97 74 60 97 38 50 8 37
33 49 67 76 89 94 1 84 38 0 40 25 3 0 97 20 93 40 9 4 87 69 30 7 40 42 89 84 15 59 20 27 0 99 52 18 67 84 16 90 21 93 65 52 26 37 96 27 85 75 72 24 92 16 23 30 29 78 33 24 99 63 52 29 14 3 33 87 100 43 78 86 22 28 5 12 66 3 31 17 95 46 80 72 14 21 24 11 98 76
39 0 3 32 92 72 63 21 56 16 100 69 9 44 7 80 77 23 41 46 28 53 15 76 56 72 40 64 85 69 43 68 98 82 5 29 72 15 62 0 73 1 59 92 62 89 28 29 99 40 84 14 29 99 94 34 27 24 92 72 23 66 82 43 93 3 66 47 56 9 69 84 72 86 34 27 55 10 87 12 67 30 96 30 12 80 36 54 23 47
71 92 18 57 24 34 2 73 50 83 56 1 99 31 40 100 5 1 6 10 77 52 31 28 84 82 93 95 48 7 44 70 33 80 34 82 55 15 5 39 63 27 99 92 83 88 6 0 13 26 21 72 31 29 26 83 12 68 18 83 45 28 36 4 80 58 68 50 29 50 22 57 27 59 68 20 26 63 97 16 53 80 98 73 7 36 40 62 63 26
11 90 30 20 73 49 98 48 46 49 35 28 74 57 49 65 72 86 59 57 95 2 78 19 66 100 87 75 58 24 4 0 31 88 83 53 69 64 76 44 88 3 46 61 89 97 41 71 77 14 17 37 65 3 5 55 55 87 46 53 76 76 97 48 76 69 2 5 0 69 16 90 78 31 16 82 7 29 45 83 77 77 43 40 48 76 56 14 50 7
82 89 26 60 0 77 61 84 88 93 98 60 49 93 73 41 34 98 47 7 78 26 54 77 25 54 1 51 42 50 71 25 44 13 46 21 72 72 51 8 12 60 78 34 83 77 13 62 22 62 7 92 4 46 66 32 11 36 59 42 7 46 29 13 13 81 30 53 45 55 17 60 51 78 45 68 24 67 22 14 32 71 58 68 18 91 1 52 44 5
32 75 54 42 36 89 18 41 36 35 81 62 40 71 98 53 79 61 46 19 65 79 22 31 6 22 84 4 59 3 48 41 22 34 40 84 59 35 59 61 8 79 35 8 16 81 32 10 9 100 23 96 77 34 13 2 71 32 61 75 39 41 42 41 99 7 78 45 15 20 92 52 6 90 77 63 35 4 36 61 17 36 98 91 65 20 25 97 6 24
5 22 19 14 93 56 58 72 1 78 93 39 15 97 79 13 34 64 65 31 32 41 48 78 33 96 94 8 4 83 33 83 45 87 91 7 54 90 54 54 50 75 57 21 37 61 33 71 47 16 87 73 91 50 26 67 86 79 88 6 26 48 63 82 51 96 34 26 38 2 67 1 98 2 53 10 87 85 46 97 27 36 5 21 27 22 16 94 34 50
38 51 66 93 14 65 89 56 76 30 39 74 38 86 47 72 76 91 22 70 5 69 9 82 18 43 32 2 81 62 38 39 22 92 92 79 93 30 75 76 20 92 98 88 40 60 37 39 91 16 52 98 8 25 89 23 84 42 51 61 16 93 100 28 55 98 40 71 5 55 99 64 10 38 82 87 100 28 41 89 86 4 20 97 96 23 33 78 84 53
89 74 78 79 37 85 61 72 18 52 4 45 53 37 7 77 75 73 93 66 70 1 61 26 59 22 94 14 45 53 23 4 85 93 99 23 91 44 56 10 30 5 66 85 74 90 93 42 38 81 95 58 48 70 81 24 97 56 67 49 84 46 82 41 14 99 0 41 59 100 34 11 4 96 29 11 70 63 13 64 16 77 93 36 12 8 21 3 29 51
86 35 83 88 97 78 0 38 58 15 23 31 3 51 93 16 80 75 21 87 99 18 18 66 39 78 84 5 97 68 57 87 97 37 22 67 3 15 54 60 45 29 85 34 50 86 1 69 49 76 93 47 32 5 92 92 47 74 12 85 30 19 45 52 6 24 98 87 0 22 41 65 16 67 96 64 68 20 76 11 26 86 80 80 15 11 52 24 65 85
16 60 90 77 95 54 98 45 47 97 58 83 66 16 56 3 96 69 18 71 4 23 53 27 81 92 79 40 47 83 70 30 89 62 89 25 75 44 87 2 59 55 64 31 65 29 32 17 72 82 97 97 79 24 62 64 74 39 71 74 68 67 81 37 65 73 4 95 89 59 50 52 15 100 75 18 17 58 74 56 91 11 17 36 49 100 75 15 72 14
6 96 61 76 36 20 28 39 56 57 73 89 38 36 40 86 53 72 5 17 73 90 48 72 6 58 58 48 4 12 40 35 5 20 96 87 48 46 0 84 40 0 67 67 70 81 72 96 65 60 87 21 78 51 40 10 37 6 100 49 92 3 87 58 33 56 89 19 6 100 6 18 16 76 2 27 17 42 13 76 15 21 73 79 26 40 50 59 99 13
70 20 19 23 18 88 91 11 59 3 62 33 77 15 51 93 95 27 72 33 51 94 83 31 29 35 23 67 97 25 30 23 56 7 44 84 97 5 4 37 32 5 40 42 38 7 75 42 43 98 32 99 64 66 5 91 48 0 75 89 95 56 98 60 38 44 68 86 5 71 24 53 24 64 20 70 0 79 20 75 48 67 75 87 48 48 99 73 47 84
97 16 62 28 61 72 33 62 55 81 96 38 56 80 99 91 57 24 30 52 38 58 50 32 39 75 7 5 30 25 28 77 21 82 31 58 30 1 59 37 15 52 22 54 19 100 39 39 97 83 10 96 72 37 73 24 15 75 74 70 54 29 11 87 50 96 92 98 7 92 4 83 84 53 99 62 72 10 20 97 25 94 31 36 79 98 36 94 46 58
7 7 94 20 41 46 79 16 24 18 60 54 63 36 25 3 16 45 29 19 27 55 32 88 12 33 57 95 95 39 2 7 96 28 85 45 89 58 85 88 9 57 98 27 66 24 56 84 8 75 97 61 18 35 84 8 68 25 99 37 61 60 38 96 20 38 42 78 26 54 55 84 47 23 65 41 67 21 64 22 59 5 36 28 14 51 52 30 22 5
100 79 72 37 28 32 71 86 7 98 21 16 61 73 3 91 96 32 12 100 96 7 39 55 26 40 78 100 0 92 49 4 91 46 11 25 79 76 85 56 52 51 65 20 100 90 17 61 11 9 73 44 44 70 5 35 29 57 87 31 81 97 29 83 66 43 27 68 86 23 34 4 26 34 13 36 60 93 58 69 38 39 50 5 16 85 66 10 95 36
52 73 56 72 11 49 76 13 81 62 74 19 47 90 70 63 69 50 79 46 82 18 16 32 80 36 63 33 84 67 77 23 65 0 62 73 44 68 34 73 71 80 32 92 66 16 3 7 29 38 52 80 12 70 67 12 47 93 57 15 39 18 83 24 49 64 79 74 25 61 90 78 53 25 78 46 91 25 13 7 49 70 99 75 87 31 41 3 33 72
31 61 43 90 74 95 39 3 48 84 13 15 67 10 67 16 84 58 56 75 98 39 64 37 4 19 93 78 64 79 55 92 49 88 67 44 35 25 18 11 94 38 66 88 35 7 97 10 13 78 23 58 32 89 15 32 40 58 60 86 29 20 75 81 36 66 91 78 4 71 92 79 25 34 28 20 55 38 38 53 15 55 100 17 70 24 23 32 72 98
47 9 49 30 32 83 49 36 93 21 78 30 72 86 87 17 52 12 64 88 62 48 77 32 26 89 39 29 89 16 71 32 73 93 37 33 87 62 27 31 75 80 56 80 22 14 0 32 93 46 11 78 63 17 46 96 27 0 35 62 33 30 14 99 38 31 3 2 7 7 60 67 28 73 20 99 40 45 34 90 14 88 2 51 11 64 16 64 19 65
27 24 89 55 15 97 100 55 68 47 23 8 93 35 56 32 26 12 23 8 48 61 44 31 61 73 4 74 4 63 15 68 87 64 79 100 48 85 73 5 11 91 2 17 15 73 21 89 86 1 77 30 48 53 82 12 19 25 97 76 52 78 10 29 89 78 45 34 94 42 70 28 89 85 34 6 18 72 33 65 70 4 89 60 88 3 15 77 71 49
43 57 97 95 21 78 98 17 87 26 42 9 6 56 27 71 79 49 39 19 59 52 94 77 10 3 89 39 28 12 38 62 58 74 90 2 8 44 69 86 20 39 14 99 69 66 94 98 40 84 67 13 21 92 88 1 39 39 81 63 71 62 63 56 45 84 35 46 37 91 14 84 67 59 67 31 81 90 6 54 12 95 16 5 29 64 89 39 64 66
77 72 35 22 47 93 9 18 79 50 76 79 9 96 88 4 75 80 62 60 37 42 45 88 39 13 54 89 39 100 64 63 13 19 5 1 98 79 88 94 56 66 36 55 67 79 4 15 5 50 79 66 54 43 86 98 80 81 56 52 67 73 26 32 90 0 83 30 65 12 72 76 37 93 47 38 76 66 3 23 98 4 10 19 70 94 88 81 52 79
60 90 1 12 98 55 61 3 68 12 91 44 15 95 43 49 87 49 28 94 91 77 13 18 49 87 43 16 88 67 31 12 41 26 77 11 28 27 24 30 3 51 49 51 94 39 76 13 20 86 2 0 95 38 42 25 26 68 39 18 59 57 99 50 36 38 2 15 93 54 2 30 58 40 49 85 8 81 25 89 0 35 32 27 51 1 75 79 11 83
44 26 42 63 13 16 12 90 52 72 65 41 51 100 3 68 7 25 13 13 43 37 9 98 66 66 39 86 91 86 79 79 90 4 4 43 24 95 53 76 19 48 30 54 70 51 20 14 50 55 24 92 77 16 21 16 78 32 54 54 25 76 86 69 51 62 33 18 27 24 10 53 31 50 77 26 24 32 18 32 87 47 86 46 73 8 12 73 62 3
46 72 80 49 45 15 35 84 72 75 18 37 19 71 70 44 93 25 22 3 34 77 95 93 69 80 42 93 18 44 36 81 22 33 72 71 29 99 61 37 75 99 55 29 34 88 37 1 45 55 11 25 64 15 15 38 55 24 77 94 29 92 100 48 42 81 29 67 19 47 45 11 73 67 43 28 26 44 17 80 17 30 29 51 91 54 69 5 26 46
80 67 94 64 39 47 40 38 73 60 0 96 56 19 73 21 55 22 70 94 46 98 85 58 69 16 74 93 63 84 17 92 20 64 57 3 90 61 19 94 58 87 95 13 2 3 97 30 3 50 55 37 61 45 82 71 30 27 41 68 29 23 40 63 4 91 96 66 60 6 55 21 26 50 95 29 84 82 51 23 38 78 68 23 98 12 89 67 63 30
4 77 92 97 2 49 88 48 38 22 49 26 15 80 84 50 91 16 24 18 14 13 99 33 98 22 99 26 54 99 91 76 57 86 68 2 93 53 89 26 45 88 46 26 33 26 85 77 21 90 98 80 70 74 41 41 23 3 82 88 24 96 84 55 53 68 18 45 88 74 7 59 94 62 72 44 51 26 15 56 98 100 39 62 81 30 50 15 7 25
83 4 35 41 26 18 59 12 12 62 3 62 90 5 31 4 20 86 62 48 83 43 78 54 29 19 89 85 22 61 39 14 18 88 22 7 37 8 84 10 42 59 85 35 46 36 80 76 95 55 86 80 36 21 51 91 45 97 87 67 88 100 34 58 62 42 94 41 37 52 74 33 5 17 98 49 10 36 12 62 61 71 86 92 90 65 57 77 43 7
98 46 40 2 63 66 48 22 83 56 48 86 2 91 68 0 34 85 55 31 20 72 83 49 8 64 99 67 76 92 77 38 78 63 43 67 4 83 54 3 83 21 10 98 26 42 9 41 20 11 65 96 60 54 15 30 68 87 92 20 39 83 4 73 17 59 41 46 79 12 59 9 61 71 50 15 10 80 38 59 51 15 55 95 12 95 62 29 24 80
71 20 70 66 81 76 25 33 0 81 71 3 45 70 4 49 14 93 19 79 46 22 73 23 11 49 93 29 27 71 100 16 14 53 18 67 60 65 51 37 70 83 18 76 27 70 31 69 32 53 70 81 3 35 24 75 7 96 57 69 50 49 66 71 33 89 1 4 71 80 55 41 7 85 70 43 34 0 24 15 75 98 49 95 42 67 49 60 18 50
