92 81 58 41 18 62 62 46 52 31 92 94 81 68 87 91 54 64 68 99 58 7 39 41 71 34 11 90 12 10 88 22 16 91 31 69 50 13 31 3 2 13 28 10 22 22 25 100 88 46 27 37 65 8 87 42 92 92 97 58 54 3 63 27 77 69 47 93 4 74 30 89 42 49 49 40 82 37 32 40 0 63 45 16 5 71 95 88 59 54
90 63 87 5 82 97 9 9 20 14 47 55 83 5 89 99 53 96 82 21 59 98 24 19 40 2 62 46 55 17 97 65 10 17 16 47 80 69 87 66 1 78 33 42 78 47 90 42 66 78 99 22 52 9 36 62 13 66 43 19 46 67 8 6 0 89 16 85 77 3 44 42 90 89 100 32 1 41 17 51 13 87 97 31 12 70 52 14 70 3
84 75 88 13 26 35 88 90 69 32 61 49 3 99 97 44 4 92 19 53 57 46 48 69 10 88 27 11 60 86 36 40 17 23 60 6 94 34 89 46 22 99 33 93 73 8 73 0 0 72 32 15 60 10 84 92 79 83 87 5 45 64 39 3 70 66 49 60 95 38 21 48 41 27 60 6 52 5 25 4 39 99 76 71 50 88 2 86 1 42
50 16 25 63 23 16 52 90 97 13 39 75 96 63 79 2 17 72 94 9 12 70 56 83 15 36 47 82 93 41 10 85 46 73 74 46 81 7 35 8 15 54 75 89 69 13 11 39 78 15 61 79 97 62 89 71 80 0 42 30 77 14 71 64 21 94 65 48 13 95 12 84 39 47 17 50 4 67 83 4 52 7 31 83 21 47 54 50 20 75
78 72 48 80 60 80 33 53 17 10 21 89 50 15 5 1 61 49 96 25 50 53 13 56 13 78 29 58 55 48 97 94 95 61 56 77 68 55 38 56 4 97 8 68 71 77 65 34 32 99 92 5 18 78 39 4 42 19 87 24 45 90 48 5 39 82 54 15 5 81 75 10 63 57 74 74 39 43 56 100 75 35 42 78 93 94 86 6 85 18
54 76 30 19 64 92 26 64 36 34 48 54 25 95 77 70 34 37 35 24 11 90 35 46 58 24 61 12 88 98 50 80 33 57 20 95 36 70 93 15 99 87 12 2 33 80 91 71 11 72 36 68 99 98 59 69 60 83 26 29 50 90 73 24 50 5 55 56 54 86 53 70 29 53 55 56 6 40 27 17 82 52 70 45 23 18 94 86 97 91
49 10 10 96 75 90 95 61 44 27 5 66 41 66 84 48 74 43 100 63 26 71 70 85 82 46 98 40 75 5 26 18 43 65 11 3 9 80 61 52 65 64 38 51 75 70 6 54 95 0 38 13 75 80 48 36 82 4 23 36 37 4 44 20 66 70 86 31 26 13 72 85 79 36 80 55 70 96 16 39 32 18 77 92 69 0 74 75 22 49
90 95 75 52 66 78 65 50 51 55 64 79 67 87 70 59 46 13 88 16 15 83 57 81 78 56 63 23 8 37 67 60 73 23 80 29 3 48 5 18 22 2 90 17 61 24 88 17 62 61 94 43 15 32 42 39 5 89 44 3 2 87 12 57 14 83 45 1 79 99 19 23 83 26 41 13 96 63 35 18 53 62 91 66 20 67 69 72 48 23
41 54 98 78 99 22 56 99 40 37 60 22 14 71 25 90 37 31 77 46 44 44 98 7 38 47 95 98 50 85 9 79 23 96 73 29 63 99 90 35 84 71 24 27 32 34 11 9 8 52 69 58 63 16 18 53 38 84 14 76 40 2 60 19 85 76 19 21 13 16 0 24 30 65 63 91 73 85 24 78 41 69 68 80 44 64 98 97 74 10
88 24 27 98 87 100 18 25 50 52 79 91 94 67 73 93 58 39 0 17 84 62 37 83 11 88 98 2 93 48 66 81 38 94 62 58 81 95 82 31 40 83 37 56 1 42 67 76 78 93 99 81 27 71 30 12 7 41 8 46 36 13 67 29 40 19 90 4 44 72 8 45 13 24 23 90 40 54 35 25 17 91 86 29 77 87 90 9 98 64
93 94 22 11 77 39 31 100 4 26 33 87 20 44 7 25 32 71 69 16 18 23 96 72 51 59 58 30 43 35 39 62 44 100 38 10 78 40 47 85 97 66 13 56 34 24 15 89 88 66 98 100 41 37 92 67 73 29 67 62 74 38 14 75 92 19 40 19 9 64 10 86 100 62 100 13 0 38 93 0 10 28 25 65 71 61 72 76 86 72
37 4 39 10 40 20 33 40 95 44 67 49 87 46 85 8 59 28 99 69 20 32 66 76 88 72 21 64 75 79 54 6 13 81 90 89 17 9 37 1 97 34 27 9 92 29 33 27 27 29 43 59 3 45 68 93 62 100 66 67 71 73 82 51 93 96 3 62 49 75 42 95 58 84 27 66 59 32 82 32 95 76 90 29 70 33 74 78 39 65
11 3 93 41 23 32 21 98 96 61 58 15 14 17 15 98 15 44 1 20 54 74 93 10 70 86 60 76 79 72 57 96 97 68 13 22 51 63 19 94 100 61 31 78 89 24 86 61 27 84 25 64 37 84 37 82 44 30 57 10 43 37 37 16 79 48 35 24 39 46 0 15 0 3 72 4 43 48 61 49 39 79 44 4 37 33 52 79 1 31
47 67 98 66 19 52 34 73 85 80 54 35 50 27 40 44 73 42 18 81 83 99 47 54 77 87 50 30 95 5 92 42 99 90 0 77 63 72 14 79 60 15 74 63 79 1 15 32 10 19 86 52 54 29 80 64 14 79 23 35 56 95 78 93 16 76 71 24 55 3 71 12 4 67 69 20 95 85 74 96 41 69 1 22 39 12 21 69 74 87
4 39 59 93 78 12 77 2 29 40 51 34 74 7 67 81 62 43 48 46 70 51 4 48 96 71 81 23 61 86 1 69 41 26 51 28 26 87 85 68 27 40 59 60 92 78 33 92 27 84 48 87 46 22 60 13 85 20 77 83 49 46 76 67 51 76 57 39 69 63 13 23 23 40 9 36 8 61 6 79 39 61 0 36 20 88 6 64 15 96
76 65 83 90 88 78 28 18 4 37 73 27 15 81 5 3 35 50 73 91 35 51 51 15 83 94 65 75 85 16 54 41 90 66 24 98 46 1 82 93 67 49 69 14 51 9 84 8 91 45 79 49 40 6 52 65 31 10 77 44 41 74 97 66 1 31 38 10 23 33 13 9 100 12 28 33 31 30 24 41 5 94 57 65 53 76 61 48 43 97
60 43 84 72 89 2 58 84 27 0 10 16 60 1 29 73 41 89 68 53 20 76 94 93 51 83 75 58 97 28 3 10 58 19 5 73 44 10 40 25 11 18 11 60 39 83 42 83 79 0 39 10 36 29 33 14 93 80 53 28 4 10 9 82 21 52 100 93 68 36 83 67 88 78 23 16 76 90 6 10 41 3 67 96 81 66 53 9 20 98
84 80 20 7 93 12 82 46 42 10 92 14 74 22 29 89 39 87 30 75 39 65 52 28 35 36 66 84 66 6 35 43 0 46 98 14 100 70 55 32 63 4 71 65 17 51 48 29 75 66 69 4 34 93 0 24 11 42 15 86 57 44 0 77 100 54 80 94 50 15 98 94 66 59 28 54 90 2 49 11 98 38 13 17 32 57 41 73 52 60
74 75 16 35 48 63 79 9 18 11 85 54 100 47 13 82 41 74 11 88 36 83 23 26 63 53 68 57 34 21 85 36 16 4 98 90 24 70 29 7 47 63 3 53 55 52 67 61 89 55 4 39 89 62 70 85 49 16 77 53 83 56 60 50 13 6 71 32 6 62 75 38 21 82 31 16 11 19 92 100 100 79 41 84 14 30 92 78 72 54
76 7 97 65 2 26 36 5 16 93 64 39 64 86 100 61 42 20 15 93 72 98 89 94 62 47 11 73 68 85 60 55 35 0 51 89 49 28 71 61 91 49 36 44 42 91 0 39 18 40 83 48 68 76 64 78 9 74 48 82 94 80 89 16 68 58 30 50 11 44 34 90 11 60 18 22 85 27 28 60 9 74 32 49 88 46 90 33 28 40
42 87 98 8 50 86 99 19 36 34 80 17 97 34 88 43 20 15 70 78 4 22 77 50 70 48 80 21 31 68 74 56 7 85 69 60 100 69 92 94 1 96 69 57 85 98 99 48 63 31 78 63 62 35 82 59 67 70 84 20 59 38 12 10 43 40 64 91 90 14 65 54 67 54 27 84 46 68 67 25 90 61 34 1 84 59 3 50 63 26
5 28 0 22 30 87 72 76 82 9 87 73 18 10 36 3 10 60 43 21 31 17 31 89 44 18 47 71 13 36 56 93 10 2 30 50 51 24 90 21 52 58 19 79 13 59 95 30 77 34 70 73 36 32 13 84 12 23 35 34 91 91 70 58 74 72 54 11 59 76 73 46 60 76 61 54 2 67 86 90 73 80 92 79 0 66 28 68 21 84
4 3 84 83 18 99 87 25 80 51 31 39 79 70 43 39 62 87 6 90 23 27 80 35 43 53 94 41 81 49 76 73 4 45 9 74 23 51 72 35 27 68 29 61 45 71 59 21 23 22 7 94 68 56 18 17 66 76 10 14 58 93 16 57 66 1 50 97 20 50 95 81 25 42 23 21 75 8 97 88 61 12 94 76 11 98 5 66 72 21
25 84 44 96 74 64 68 43 29 100 75 84 96 48 10 91 98 33 95 6 95 94 52 32 16 79 56 31 7 41 0 94 59 48 55 89 86 20 61 29 89 39 51 65 36 41 16 50 96 67 12 94 12 46 47 52 37 28 69 13 17 3 69 7 55 69 74 28 2 20 13 18 36 34 58 13 23 78 4 67 17 15 47 50 4 51 42 86 59 11
5 60 30 20 76 35 84 19 87 73 46 21 4 22 45 39 79 72 37 32 93 85 43 34 23 10 19 70 0 49 18 17 20 78 61 83 22 11 64 11 93 17 26 83 77 43 74 5 67 22 57 29 41 18 23 22 32 96 92 13 40 87 64 67 1 59 42 71 48 55 15 64 24 30 22 68 4 29 95 82 60 28 64 76 44 78 85 35 65 15
4 58 10 14 41 36 18 76 7 90 70 6 80 3 12 65 46 76 97 18 3 21 27 35 55 8 66 72 29 2 30 88 78 75 50 84 5 86 53 73 43 67 94 86 52 75 73 6 22 24 33 15 78 96 88 85 49 84 14 85 11 78 86 37 87 72 87 26 94 21 70 51 10 88 83 53 21 14 100 9 58 61 60 71 68 87 12 69 34 15
0 67 3 41 75 90 17 75 83 92 87 67 2 67 65 98 5 17 30 34 61 76 61 89 68 10 66 68 59 66 11 79 95 4 27 85 57 43 64 75 46 43 73 60 40 1 77 71 6 19 27 53 87 68 21 76 73 52 38 66 4 72 71 20 90 57 62 8 75 91 67 72 4 67 19 84 88 11 46 27 64 99 86 45 58 54 23 72 39 39
6 47 71 54 45 68 42 60 35 57 20 14 58 36 76 17 1 39 6 16 8 86 35 0 8 73 61 64 44 24 19 15 45 86 77 23 2 60 15 4 44 15 82 59 56 46 49 7 57 89 68 88 15 95 49 24 95 38 11 42 25 53 59 87 28 34 69 57 87 82 59 90 80 96 6 41 55 39 49 47 19 50 11 75 52 58 34 56 68 22
7 74 28 33 43 56 66 82 74 50 40 20 71 10 63 74 40 79 62 89 87 17 43 71 1 82 50 88 83 62 9 75 17 27 66 47 72 38 78 31 49 46 48 31 59 17 76 47 5 67 88 51 67 40 11 58 29 81 9 100 6 47 48 58 74 44 2 32 87 52 35 80 65 56 75 41 8 85 85 55 23 47 51 100 61 28 51 10 64 89
0 88 70 74 3 65 9 50 41 50 93 27 15 30 60 49 22 87 1 90 85 82 85 58 36 19 76 56 99 60 48 66 24 19 71 98 39 74 84 50 54 8 18 38 73 69 26 52 90 46 63 10 9 16 56 56 57 42 66 75 15 93 14 22 2 67 3 89 40 78 14 77 14 66 49 49 55 52 34 74 52 70 18 66 97 17 54 67 60 48
2 2 37 31 43 11 67 25 13 91 35 31 69 23 11 15 70 35 92 93 63 25 13 57 1 96 67 54 98 20 79 48 23 42 57 57 40 54 57 19 92 17 8 61 79 44 100 50 10 99 27 87 32 49 25 49 93 51 52 27 54 67 37 60 47 94 1 40 15 71 34 90 70 80 28 23 84 18 2 34 1 87 95 54 70 31 42 60 47 47
39 49 0 70 62 50 33 45 41 18 11 13 6 65 17 12 76 93 70 45 57 33 14 63 90 51 60 9 6 90 42 4 95 47 20 98 100 51 18 7 9 19 54 65 71 81 68 39 87 79 66 73 78 28 0 74 70 7 38 68 20 10 38 25 96 2 52 53 34 24 92 51 26 2 93 78 80 35 54 50 68 9 7 38 67 13 35 4 83 87
57 95 89 76 44 82 39 6 30 25 32 61 95 39 91 4 60 54 42 6 18 41 31 49 88 1 3 94 16 59 47 73 7 27 97 88 72 37 97 61 86 12 32 43 9 97 85 37 19 2 32 79 33 52 22 52 48 21 29 56 10 40 37 9 43 43 94 74 53 20 16 72 93 52 72 62 94 83 79 83 69 67 45 67 1 26 32 93 64 61
0 30 40 2 19 75 53 34 29 35 66 85 45 36 41 76 97 85 39 29 1 97 42 58 87 78 71 66 18 80 48 19 23 98 71 57 6 97 93 99 53 2 20 70 47 95 28 39 13 90 36 17 49 81 15 95 2 76 39 52 52 8 51 6 85 82 72 7 69 40 72 42 35 34 34 58 21 95 27 55 74 98 83 1 50 34 64 89 35 86
46 45 36 29 46 3 48 40 98 96 86 94 39 55 64 100 15 23 36 16 19 57 31 3 66 37 3 35 73 80 49 8 86 6 77 74 56 19 1 48 99 6 61 80 88 37 46 49 63 40 14 16 53 24 12 98 24 70 87 68 15 62 37 30 62 40 2 76 98 59 86 83 41 37 59 87 52 42 71 65 99 96 2 49 38 57 85 76 54 69
66 34 74 40 10 21 88 29 96 71 66 66 74 58 40 78 60 41 23 73 95 60 79 25 50 11 45 77 97 72 79 58 43 14 69 90 38 68 68 8 100 22 85 16 76 79 94 72 48 15 59 77 26 32 51 31 10 13 60 97 78 0 28 50 58 80 74 34 30 43 28 83 21 25 81 60 18 12 63 65 5 9 91 93 63 17 0 62 81 48
39 41 7 60 94 90 95 40 97 78 47 28 69 44 63 59 82 31 2 42 48 63 99 20 89 10 7 65 39 65 56 77 17 64 7 83 36 14 17 42 99 60 7 78 11 48 95 42 69 87 78 25 80 82 92 20 52 12 5 83 78 34 36 63 26 76 45 7 24 97 64 58 63 60 83 44 8 21 2 34 33 8 3 1 79 92 65 72 37 7
40 28 93 54 31 85 47 13 21 99 86 61 37 73 49 65 90 64 30 12 84 33 81 38 11 47 47 21 32 29 70 21 94 49 9 38 72 14 86 96 10 9 3 16 73 24 37 48 55 47 63 12 65 60 77 79 75 78 75 94 91 72 29 82 53 12 59 59 18 15 49 45 40 34 37 6 72 21 29 75 93 15 4 83 0 44 77 69 53 4
60 88 35 85 94 8 13 10 26 81 94 89 30 92 62 17 26 77 45 55 35 11 99 13 91 1 24 8 9 4 58 95 92 14 96 50 9 34 82 88 12 65 78 99 54 42 34 63 85 27 68 18 98 53 47 39 2 18 7 59 26 72 82 19 65 10 15 93 7 35 42 76 47 28 52 82 78 42 15 89 83 92 20 67 7 15 29 51 31 91
75 2 21 0 68 65 82 24 60 62 40 7 32 58 3 92 93 80 100 31 14 30 88 78 26 60 8 95 83 9 65 72 16 39 100 41 32 87 16 13 1 77 70 56 65 74 95 94 63 92 82 23 22 88 86 1 24 32 25 98 13 90 82 22 87 13 67 26 90 48 73 73 47 55 45 51 68 6 27 59 51 26 35 95 82 57 30 59 87 32
11 97 68 43 14 81 0 42 19 43 35 75 14 91 53 62 57 0 89 89 80 47 54 49 52 44 15 25 45 26 80 5 41 48 51 94 58 28 11 14 4 73 6 97 25 46 31 59 73 19 28 65 52 14 37 95 15 80 75 45 63 72 13 52 5 97 18 93 83 17 95 66 11 61 50 90 7 88 97 72 7 77 20 54 72 99 87 47 51 25
89 71 41 3 80 58 79 82 49 49 25 2 84 1 13 11 13 88 41 92 19 57 5 5 16 56 29 25 39 65 87 16 34 80 2 96 96 94 20 35 22 58 25 79 43 57 21 2 15 48 7 51 59 33 58 1 80 63 10 80 52 93 38 71 33 70 18 10 48 56 61 52 52 68 38 44 87 86 94 46 95 62 51 93 41 46 47 82 26 41
96 90 27 17 96 47 70 88 64 50 95 93 66 1 75 58 67 39 17 46 78 63 59 26 59 1 83 22 12 29 32 6 83 58 20 97 66 7 43 86 73 22 25 98 38 64 56 57 31 13 68 63 30 95 13 21 33 39 7 3 4 95 46 34 61 92 65 30 61 26 93 48 66 32 55 58 44 52 60 49 73 92 92 52 65 43 36 97 38 88
66 67 44 37 42 63 75 77 61 62 64 27 20 52 89 57 57 77 0 30 9 41 69 16 97 54 8 27 90 67 84 44 13 28 70 22 2 4 100 49 57 37 71 35 37 6 2 4 84 30 67 23 61 17 17 53 51 43 83 33 0 33 65 92 31 65 64 61 63 49 53 72 53 95 66 91 63 29 42 1 10 73 61 80 52 38 32 16 93 0
28 69 69 49 94 48 20 94 81 4 85 32 42 51 27 39 75 25 61 74 70 44 55 7 74 3 2 51 72 67 22 100 2 61 41 90 33 8 90 87 10 37 60 22 3 56 42 34 63 15 81 17 81 64 1 92 100 46 57 22 21 37 3 61 29 100 96 57 13 67 56 28 56 1 82 60 97 100 36 51 32 58 29 96 56 12 71 31 78 54
35 40 98 44 16 40 84 72 38 63 58 0 12 2 59 34 43 67 25 26 51 32 75 59 34 38 93 69 41 39 17 71 79 97 42 28 22 67 19 15 14 66 24 19 25 25 84 64 20 15 46 30 95 60 70 53 75 7 48 9 24 86 54 27 73 99 25 66 22 63 94 41 64 95 42 42 87 50 0 71 45 54 31 29 71 48 17 9 64 39
65 10 2 84 81 34 46 92 58 93 71 67 99 42 38 88 59 0 37 47 91 56 79 17 42 37 57 29 40 27 72 9 63 22 93 56 83 34 10 14 45 60 91 66 55 9 63 55 6 32 99 62 86 4 1 7 1 24 73 56 27 42 88 67 61 52 99 20 56 15 30 38 22 13 92 22 7 65 100 12 39 43 44 84 12 41 61 96 98 93
9 21 82 75 85 95 10 34 38 81 41 84 77 28 45 72 85 88 55 44 20 77 90 71 37 45 41 100 6 54 100 49 60 18 68 44 57 38 43 100 51 12 16 95 15 97 69 15 30 12 79 85 68 25 100 87 6 35 74 14 51 3 57 35 59 64 22 39 92 88 77 24 67 16 51 99 59 13 61 89 69 90 10 87 62 70 92 94 67 44
90 3 2 49 7 81 34 78 62 41 93 62 31 37 58 41 15 46 56 66 54 16 29 1 37 79 80 37 48 26 47 79 10 21 64 0 26 40 93 68 21 100 51 93 60 12 51 84 46 1 47 0 84 10 45 1 76 0 36 0 92 73 87 7 49 24 85 4 72 90 83 22 18 89 4 2 49 56 48 57 81 38 57 76 91 10 5 48 91 54
48 57 63 31 65 75 24 90 34 77 60 23 17 25 71 76 34 29 56 14 37 3 4 36 34 98 1 12 75 52 65 5 81 90 50 34 50 10 51 33 89 41 72 2 91 19 63 81 38 8 12 70 27 0 26 86 16 98 34 80 81 60 18 83 63 72 44 92 99 64 92 24 90 70 93 19 2 19 59 53 18 55 93 14 60 2 16 35 69 100
83 8 59 16 93 56 8 47 100 2 17 15 60 19 64 77 37 17 18 21 10 19 29 19 17 46 93 94 88 59 80 25 28 8 59 3 87 76 5 72 85 4 26 85 66 37 36 8 25 43 16 59 55 3 31 6 56 8 74 65 45 11 70 80 89 57 22 43 9 35 87 88 28 63 2 46 8 73 88 65 52 83 97 38 59 72 24 37 42 63
14 5 5 26 15 10 62 65 48 41 85 96 56 21 93 75 81 39 57 76 7 36 70 42 56 36 78 60 3 96 33 49 97 99 4 3 75 69 29 94 99 3 90 81 85 39 90 91 89 18 16 37 96 33 35 3 16 44 99 62 31 62 98 71 61 27 36 80 3 21 17 90 32 58 6 33 86 60 40 87 60 41 79 73 43 77 100 13 13 89
89 64 76 59 36 29 9 95 71 55 4 44 29 81 76 2 16 87 71 42 30 11 45 55 3 0 58 70 80 57 84 100 94 41 55 63 56 10 91 78 81 77 13 64 71 13 100 22 43 78 60 81 44 42 95 67 6 11 73 71 63 18 76 95 46 88 80 41 45 83 30 73 51 3 0 96 64 6 74 30 90 10 48 52 32 52 6 1 78 21
52 99 74 21 79 29 0 10 2 42 55 83 89 43 37 13 17 30 12 27 99 84 55 9 88 61 29 55 40 5 93 96 28 45 52 25 13 75 69 3 52 79 14 80 53 78 41 28 53 16 18 74 25 31 11 85 83 25 3 38 16 98 46 62 72 54 54 56 29 57 41 1 49 72 70 80 19 50 4 95 6 79 4 50 61 91 59 81 31 53
59 63 6 74 8 65 91 53 100 76 89 44 67 92 14 9 41 6 90 71 57 27 78 67 61 71 5 93 6 47 26 76 89 71 63 26 59 93 7 37 81 83 39 67 63 48 23 80 96 36 81 88 31 14 89 72 57 20 71 75 30 63 11 91 70 95 34 83 63 2 78 7 75 64 58 17 88 11 42 27 97 58 56 93 37 20 72 30 12 69
17 65 32 80 33 60 26 10 68 56 23 53 19 55 25 78 1 49 81 68 23 16 89 58 60 71 67 43 85 96 3 11 75 53 5 76 65 17 51 48 47 32 21 0 19 94 83 47 91 1 81 47 21 62 56 24 26 57 67 37 49 62 97 84 2 33 81 44 20 82 54 56 23 94 84 36 1 18 6 95 53 67 83 87 3 10 45 89 6 42
9 58 21 15 86 51 39 94 4 67 1 86 95 58 85 56 86 14 91 100 70 30 91 59 100 14 39 19 5 45 50 68 51 75 2 23 82 49 39 7 22 67 41 25 12 95 49 34 83 54 75 81 26 72 72 86 43 87 66 79 1 22 12 90 56 19 89 52 54 36 67 19 64 58 49 1 46 9 3 3 88 9 46 40 40 52 63 1 22 32
14 1 50 59 67 22 49 79 81 99 52 33 12 59 55 19 72 68 65 55 22 5 78 34 53 17 64 98 32 48 96 38 10 97 63 88 39 18 99 60 25 69 52 27 61 63 67 77 51 62 23 43 86 45 42 39 67 83 17 90 76 55 17 14 18 39 17 85 36 81 80 5 48 98 19 77 83 56 14 4 39 65 36 20 25 20 93 44 88 28
4 79 88 59 71 92 46 60 91 77 20 12 52 85 83 38 55 12 1 95 71 45 6 31 65 11 51 50 88 52 36 16 65 94 60 45 41 27 35 78 65 29 71 70 52 71 2 68 40 11 62 18 57 20 90 41 71 43 14 53 55 46 40 81 80 77 65 54 63 59 65 85 76 16 2 6 44 29 30 63 68 52 46 74 14 73 28 12 19 14
53 53 13 98 27 85 55 63 13 62 73 17 55 77 70 67 55 33 81 89 31 34 58 51 90 80 17 68 24 32 80 73 44 73 25 53 11 25 100 95 92 32 42 33 2 10 7 38 38 75 72 44 88 43 62 77 99 59 100 93 84 35 65 97 0 41 39 44 48 94 54 56 36 2 95 83 50 21 82 99 56 16 10 52 51 77 77 32 40 25
89 80 90 84 72 22 99 100 75 29 77 38 16 62 86 84 82 97 4 28 83 43 6 24 52 9 15 63 50 54 86 82 97 60 56 79 7 55 63 23 37 63 76 99 3 51 12 24 60 78 30 86 77 82 2 44 90 100 96 66 97 32 33 68 2 14 4 80 35 2 47 59 5 76 44 44 79 65 42 33 13 20 93 66 0 29 50 49 50 44
15 55 55 42 6 97 90 95 21 17 1 8 43 37 15 49 0 11 38 26 98 15 58 72 22 70 22 30 90 46 32 5 41 92 50 66 73 44 92 2 1 73 89 48 58 81 34 96 13 11 68 76 52 31 43 1 28 51 71 42 28 95 14 51 85 70 5 99 46 55 15 44 99 51 82 31 22 44 87 32 60 39 82 51 91 61 78 46 72 50
75 78 66 0 35 88 56 7 26 4 36 35 6 30 83 82 47 78 82 58 90 10 35 8 59 93 88 39 93 77 47 23 17 67 54 93 95 43 21 35 83 94 58 80 80 3 50 39 1 72 21 20 20 27 34 23 37 55 100 92 70 37 7 40 74 15 7 15 50 21 43 83 78 13 27 32 39 56 50 63 65 53 90 8 96 55 44 32 43 66
100 87 38 58 2 91 12 67 46 98 76 19 42 43 17 100 99 84 33 11 83 58 33 91 42 54 98 52 67 33 62 18 74 47 19 52 70 26 96 88 3 90 29 25 38 10 4 63 1 83 77 41 22 37 86 81 83 99 41 1 14 28 49 98 48 54 15 44 52 87 97 76 45 69 86 65 98 44 16 99 93 59 14 18 71 13 81 11 42 92
90 100 67 25 70 20 63 32 93 100 30 13 97 9 10 21 77 14 70 31 73 2 60 24 6 36 44 80 70 74 51 7 66 74 4 62 68 27 52 58 94 51 65 11 46 69 92 48 2 26 59 81 13 11 26 4 98 26 49 35 34 14 53 8 23 44 3 25 86 18 29 92 53 95 28 93 51 80 0 98 44 39 50 48 48 72 42 0 37 85
32 73 95 81 7 20 48 11 80 21 29 38 63 64 84 92 49 61 85 88 9 19 64 10 55 50 95 89 97 59 0 29 32 36 94 63 40 71 57 40 83 77 82 12 63 2 78 35 80 48 2 71 89 13 85 30 18 2 4 90 66 22 14 92 28 70 94 27 71 18 37 58 26 87 46 67 50 68 47 7 71 89 91 35 17 46 64 89 7 73
74 41 45 88 60 78 91 14 65 73 43 24 73 21 3 39 93 74 60 53 51 6 1 55 85 95 0 39 20 68 93 87 17 21 33 8 38 0 9 19 55 95 3 77 4 73 36 97 73 68 86 26 72 2 11 54 15 98 93 6 25 39 35 75 99 21 15 33 4 51 42 93 88 58 21 38 45 35 78 44 63 72 50 63 75 62 65 27 70 14
2 98 78 23 79 37 71 6 93 79 91 92 49 14 83 11 36 20 14 4 8 15 99 4 71 23 2 59 38 68 61 79 66 97 35 11 38 87 94 0 84 97 89 27 93 65 3 21 61 31 22 80 7 86 100 65 37 1 25 43 39 46 35 21 66 50 82 92 77 71 90 15 94 32 52 86 88 43 42 90 17 21 45 8 83 34 94 78 14 16
70 3 62 69 84 47 3 92 12 7 16 82 13 64 100 67 78 75 79 82 16 72 59 16 40 40 11 83 98 47 100 38 11 95 5 54 70 57 19 50 95 51 92 40 43 33 17 42 86 25 68 74 54 84 17 17 9 24 10 10 65 81 81 68 90 37 63 29 77 93 58 78 59 15 47 93 99 80 80 21 18 66 99 68 29 59 87 29 58 28
100 49 14 86 75 22 78 30 62 7 26 25 13 56 3 92 73 63 43 44 12 48 90 25 17 49 15 2 59 58 76 12 67 58 10 4 21 85 29 31 16 17 1 94 31 43 22 40 1 96 51 79 31 76 99 16 69 2 66 45 78 82 90 77 0 38 20 84 90 17 36 56 58 41 44 19 36 35 73 17 11 35 3 31 28 42 92 12 84 34
20 32 16 68 94 67 21 27 11 25 2 74 3 20 48 71 91 94 94 20 11 65 65 65 45 95 20 86 32 25 92 94 54 28 53 98 100 5 59 26 39 90 90 49 92 73 99 60 97 39 59 67 14 24 93 10 50 80 78 50 48 54 60 53 37 33 31 34 35 46 27 62 28 68 97 32 29 72 84 67 37 15 36 30 16 21 40 55 64 94
85 59 87 13 36 61 59 21 60 22 83 24 39 34 14 17 78 52 55 60 36 94 60 13 55 57 97 60 72 45 93 92 41 28 83 84 33 83 34 86 7 13 34 69 54 62 70 35 1 38 25 72 53 95 61 82 54 97 82 34 66 60 70 82 60 42 4 68 72 66 17 11 77 87 98 94 70 7 19 88 87 51 82 8 9 39 38 43 19 36
88 12 24 79 96 46 55 46 19 89 27 37 59 2 82 1 20 24 93 62 20 82 1 56 10 71 73 57 83 6 2 67 31 11 87 23 25 57 62 83 44 33 25 48 23 93 29 54 58 94 90 46 8 6 74 28 30 68 75 82 11 35 14 5 24 99 46 38 37 71 42 20 90 91 22 7 83 87 82 59 33 51 81 93 72 40 82 12 84 4
60 93 6 15 57 31 48 67 93 72 69 4 3 17 84 6 80 95 86 7 97 51 20 80 15 37 84 31 13 38 14 99 71 85 53 68 75 9 35 40 75 37 71 40 33 60 19 17 91 97 77 34 31 65 64 29 10 66 18 29 36 23 48 30 72 18 74 2 65 95 26 37 72 57 64 62 19 86 49 68 63 30 51 17 76 7 9 68 100 97
94 7 30 10 53 64 57 41 35 6 81 30 75 72 20 15 100 67 73 98 95 18 38 95 74 72 41 6 41 86 94 76 63 75 49 47 50 40 13 15 98 11 10 52 77 88 43 73 31 82 24 16 88 9 37 62 58 76 33 68 22 43 68 60 78 95 48 87 19 29 50 24 51 22 79 73 41 23 100 44 6 19 78 69 11 64 50 18 51 9
26 69 75 14 77 61 85 54 37 54 54 57 13 75 28 85 24 96 20 52 67 18 99 17 3 54 7 44 97 2 75 27 78 1 85 54 11 13 63 50 100 98 8 54 25 45 73 42 81 3 91 96 35 48 33 17 66 41 10 71 69 41 2 12 47 47 10 13 17 48 66 63 72 36 100 36 89 71 57 69 35 42 8 72 59 16 24 43 47 28
41 54 27 21 3 21 38 84 6 48 78 63 46 67 88 1 85 26 90 93 36 1 46 65 93 5 26 36 46 100 67 56 57 76 91 54 76 79 57 5 11 41 4 3 91 58 71 60 77 4 79 80 36 9 51 91 19 7 4 85 67 43 89 44 69 45 50 45 55 87 55 74 36 56 29 29 27 98 90 10 78 95 1 48 0 81 75 77 5 12
39 92 65 40 70 94 99 97 9 73 53 62 11 94 90 57 89 86 6 89 68 0 100 60 100 67 17 41 95 76 78 81 40 58 72 10 33 48 85 48 28 64 41 51 59 34 5 12 8 5 67 53 93 66 4 41 42 48 10 4 23 33 81 63 94 20 41 99 18 6 34 89 7 92 18 44 80 88 75 93 57 70 85 84 13 33 80 70 94 86
34 48 50 50 83 22 95 13 66 40 13 68 69 69 74 53 100 0 9 32 65 4 13 38 9 10 87 8 92 89 40 53 46 24 93 92 66 66 37 23 88 8 25 35 89 31 60 14 99 97 72 80 83 54 93 89 43 23 16 64 54 46 51 83 82 66 11 94 66 32 97 45 88 65 28 92 86 56 16 32 11 6 65 20 29 5 75 41 52 0
81 50 48 81 90 70 88 68 99 10 56 71 13 32 6 38 47 51 49 51 27 92 39 39 22 67 34 54 30 71 98 96 62 5 31 73 90 69 44 87 30 50 81 32 85 7 68 53 83 60 87 12 26 47 92 60 51 38 78 6 81 67 48 52 21 11 22 72 75 54 84 71 77 76 54 72 26 31 27 38 45 47 84 93 60 4 35 59 76 16
51 47 40 50 42 69 89 79 34 56 74 4 12 62 7 25 80 27 64 72 14 33 95 93 26 16 26 66 44 34 92 34 9 56 41 85 57 74 8 74 63 69 18 14 53 8 87 18 62 36 86 4 84 44 40 39 49 35 50 8 19 91 63 64 46 94 4 1 39 30 45 65 20 7 55 97 92 79 73 6 76 9 19 5 15 73 58 99 69 78
60 15 65 81 51 6 3 51 43 3 36 96 3 52 43 35 50 98 15 76 45 14 56 85 54 46 83 96 45 47 86 77 36 24 35 99 51 93 25 67 27 70 65 18 10 95 22 51 29 54 15 13 61 37 100 46 71 87 30 11 76 62 52 26 84 44 11 44 52 48 14 42 42 75 79 47 100 22 89 87 63 51 84 89 71 18 69 84 59 51
88 4 28 37 48 94 6 56 76 35 12 13 87 15 80 62 94 39 21 64 13 39 50 7 25 64 8 64 72 17 1 72 15 58 72 69 64 75 59 87 26 96 53 94 87 6 28 98 55 56 39 86 52 40 41 85 28 22 26 5 70 41 48 77 1 74 26 90 7 65 73 13 94 69 62 26 72 69 49 55 52 34 38 74 52 14 22 38 53 71
99 55 97 16 74 62 37 20 81 81 50 98 23 60 29 41 72 77 70 100 63 33 68 67 67 35 44 97 56 32 40 40 47 34 52 13 97 13 2 73 6 4 71 47 8 29 97 86 30 27 5 0 91 20 88 40 8 26 96 56 42 53 68 14 38 63 80 49 58 78 82 71 18 62 50 24 86 53 28 1 48 23 43 52 58 0 60 75 82 50
91 66 92 92 16 8 25 10 11 17 98 34 33 80 73 14 58 0 15 29 35 38 74 27 2 28 80 79 69 25 32 80 84 25 32 30 39 33 38 44 44 48 73 33 59 77 40 47 87 57 47 9 98 37 5 93 54 8 56 24 44 11 88 30 56 45 78 49 4 16 3 87 10 28 75 63 74 84 26 62 5 48 96 85 60 88 84 35 47 21
49 43 36 27 25 43 95 48 13 43 34 91 65 9 8 95 26 69 91 52 100 19 73 47 58 58 66 58 96 61 1 4 52 71 0 81 36 47 70 10 35 0 39 18 1 84 42 88 1 15 58 70 52 81 92 79 89 20 20 62 67 48 92 25 66 43 45 92 14 85 10 11 96 25 6 22 27 47 7 64 20 12 16 4 86 32 72 43 22 58
52 10 75 76 93 98 57 22 99 31 81 98 51 94 95 13 72 2 71 91 10 71 81 88 27 56 36 61 78 23 99 12 46 27 47 60 2 47 81 52 96 45 71 41 48 18 70 15 74 42 45 88 23 85 88 29 23 8 17 96 96 58 20 12 38 10 89 7 71 41 83 31 47 50 28 60 11 92 31 64 4 92 71 96 45 60 34 72 4 14
59 18 31 83 69 88 66 66 88 35 100 69 20 36 22 77 4 44 31 35 99 84 51 55 81 44 10 8 38 2 36 93 18 25 44 51 60 30 75 7 80 46 88 78 32 46 14 71 26 13 90 59 72 81 32 45 49 52 36 36 29 71 10 17 27 93 69 22 29 2 46 30 83 1 6 0 28 90 13 36 31 4 5 96 22 94 23 66 44 19
54 31 42 6 24 76 43 55 33 43 74 21 13 67 43 36 67 74 9 86 7 4 56 94 85 35 12 58 8 84 27 23 68 5 59 4 48 95 48 82 98 98 11 91 95 6 68 57 26 81 20 45 11 45 62 96 24 65 66 10 78 16 84 20 47 61 34 44 14 48 21 9 83 48 54 81 50 61 25 39 3 64 14 9 50 12 52 27 84 49
44 85 1 21 14 87 51 53 76 21 34 3 36 72 33 53 9 59 22 81 38 53 64 68 57 70 59 68 90 96 31 87 65 37 55 10 25 94 46 86 86 16 39 64 50 69 17 17 89 11 61 17 17 14 81 12 37 92 51 22 48 59 60 35 81 82 37 16 76 66 15 6 18 49 69 98 80 50 68 18 96 86 69 39 62 49 95 94 0 55
