5 22 76 97 45 36 15 52 23 20 94 4 92 3 6 37 64 58 99 12 24 22 20 83 56 65 9 37 100 99 10 72 55 52 69 95 83 68 73 26 81 56 19 15 9 100 15 40 59 84 65 54 32 91 83 23 73 34 15 17 16 49 29 89 13 27 82 28 37 66 91 10 25 21 41 45 13 30 44 66 68 2 89 79 84 2 48 38 70 70 22 44
41 30 41 51 78 34 80 60 69 25 53 21 14 90 92 26 26 36 33 39 76 29 95 53 31 9 78 28 16 77 1 8 4 3 82 46 36 76 1 20 49 42 29 58 90 97 15 52 6 71 81 36 99 72 79 21 14 18 23 23 46 77 24 74 50 30 60 6 60 46 40 23 77 61 53 1 94 24 38 18 8 89 70 79 22 64 41 72 29 19 84 42
6 95 4 31 13 42 65 39 24 63 51 40 87 65 10 29 15 30 3 11 10 89 34 83 41 72 22 36 15 32 30 46 63 12 9 40 3 88 17 1 33 30 12 52 66 1 56 72 27 97 90 36 9 45 21 20 11 74 73 17 37 57 84 72 55 86 33 76 24 30 93 46 20 84 56 88 98 34 3 100 23 30 50 8 24 22 58 88 78 21 76 91
7 95 92 17 40 38 13 81 19 5 13 73 95 49 81 4 63 69 69 24 44 59 19 2 63 14 67 60 89 27 16 56 19 36 22 49 49 12 54 15 37 37 92 59 18 11 40 24 28 43 29 18 31 78 96 8 7 72 57 0 20 10 23 11 37 46 87 48 52 67 65 89 2 89 60 27 14 67 10 8 39 58 28 54 28 97 54 93 34 11 73 33
53 96 45 1 78 27 27 60 76 6 25 62 40 34 54 20 10 87 20 100 91 27 80 56 82 22 89 67 7 16 73 63 56 5 30 61 58 100 54 73 44 4 70 99 0 83 99 59 9 82 26 14 92 75 7 91 12 24 36 75 68 19 74 22 80 100 16 86 64 98 16 96 41 56 73 49 28 40 56 90 36 3 12 55 82 64 16 93 36 37 70 7
79 66 34 7 64 30 87 77 42 12 66 26 31 2 36 8 45 11 20 10 2 10 65 58 55 33 64 16 51 82 7 53 69 86 12 16 93 74 95 4 24 15 65 10 42 23 2 79 61 17 36 47 41 28 42 52 45 61 57 82 33 97 42 6 40 76 94 27 99 25 39 100 56 24 78 87 93 72 13 6 75 36 95 40 9 5 73 8 93 45 98 79
77 20 42 57 73 6 44 33 17 77 48 73 63 40 69 61 23 33 35 71 32 34 56 54 76 58 75 0 38 10 23 44 100 84 87 50 15 87 72 47 79 51 46 0 88 53 30 44 30 24 24 62 97 26 54 41 93 69 29 9 25 70 16 44 88 72 77 17 8 0 66 88 10 82 53 70 52 14 85 86 92 23 5 39 72 37 0 13 91 28 11 66
77 76 95 29 49 55 35 85 13 75 44 70 31 39 4 86 42 68 25 23 68 45 72 6 87 67 96 9 16 90 42 13 34 42 16 51 1 15 100 51 5 40 67 64 10 60 83 27 57 100 80 24 55 7 11 90 34 53 71 20 77 0 10 42 91 19 65 82 3 27 3 32 55 69 90 4 5 81 65 48 29 1 31 86 75 100 26 6 53 32 37 35
29 37 85 60 10 16 99 87 50 91 0 24 79 79 55 67 86 21 5 52 39 76 69 48 26 71 89 67 17 54 64 24 55 82 94 61 80 22 53 39 90 91 53 74 1 57 95 93 28 34 35 51 94 55 95 82 61 34 33 94 37 18 57 53 24 95 63 21 82 93 81 38 11 7 65 6 21 71 35 74 9 64 33 47 62 93 80 65 51 72 25 91
48 66 29 6 1 96 48 78 29 92 82 45 75 90 37 26 53 23 16 13 36 45 66 24 3 31 63 13 31 21 46 93 32 85 80 24 19 58 4 96 98 31 16 95 13 84 27 96 96 80 33 93 90 74 70 68 37 45 2 48 15 10 80 2 56 7 19 85 70 79 80 70 41 91 3 35 97 38 59 49 24 22 69 63 41 3 67 33 87 74 59 98
77 55 59 31 78 78 22 36 83 12 6 19 27 38 11 85 8 91 32 78 61 3 28 89 17 32 48 54 81 45 48 55 84 100 41 99 55 23 6 67 44 71 0 5 27 47 57 28 38 2 68 22 11 83 37 26 81 8 42 27 87 99 62 100 40 74 74 84 15 17 97 94 26 21 20 55 93 46 41 72 70 62 5 64 51 32 97 81 35 78 28 95
97 81 52 5 87 20 75 69 38 22 6 54 29 24 44 25 45 24 99 41 51 65 37 96 10 32 80 83 68 59 82 70 100 21 100 66 39 38 45 99 56 19 58 22 89 19 63 63 0 91 10 47 17 19 15 1 3 44 33 80 15 23 39 18 51 19 11 52 64 25 100 96 73 70 41 31 13 9 2 9 11 11 50 22 34 66 82 41 17 62 14 27
61 70 40 78 25 95 85 36 41 77 35 53 85 13 91 12 79 38 13 4 77 87 68 75 11 17 53 10 11 96 16 48 15 76 90 46 46 67 21 4 74 93 82 52 64 22 98 2 40 13 5 44 14 89 2 41 56 87 14 11 56 90 92 20 99 97 4 52 71 35 92 27 97 35 51 29 19 88 60 16 62 72 30 11 10 38 23 2 42 64 8 24
60 86 30 11 64 40 52 63 100 8 11 80 91 62 87 21 82 33 44 21 85 33 82 80 12 72 47 4 62 35 52 91 45 14 93 79 2 52 87 82 81 34 14 64 40 0 69 88 69 21 4 90 38 94 33 39 100 66 45 75 60 23 37 2 37 16 44 89 55 17 82 82 46 32 27 97 31 74 86 13 100 95 22 68 94 48 3 82 60 79 45 85
12 2 84 94 45 86 16 25 42 6 97 99 94 52 63 63 4 92 83 74 89 82 63 36 82 31 30 13 40 66 72 48 47 0 47 18 5 63 48 58 93 26 59 73 68 80 25 31 26 91 66 40 58 7 26 51 7 82 23 28 18 98 24 55 97 98 7 77 2 14 92 78 50 17 81 81 43 51 4 58 100 36 36 91 72 51 81 41 24 72 50 89
40 44 34 53 28 24 90 72 25 92 44 68 88 17 51 90 10 45 26 73 77 91 60 58 24 68 89 39 31 10 94 46 34 73 66 15 92 18 33 6 60 97 15 72 9 38 22 74 74 89 17 78 8 72 10 83 84 89 30 83 57 68 17 10 93 45 4 24 23 15 10 82 10 96 69 91 70 91 44 92 93 35 75 23 87 17 49 17 84 28 79 21
84 15 76 44 99 11 44 7 84 58 62 91 25 19 61 26 60 87 5 55 44 64 47 96 63 79 44 86 99 50 83 31 44 42 75 58 91 22 58 50 22 81 43 89 10 31 67 93 22 52 13 49 91 11 43 89 7 18 40 43 95 33 63 9 47 50 21 70 83 39 8 74 34 55 25 63 61 1 24 36 70 29 28 49 40 84 26 33 20 12 84 39
0 97 9 92 6 91 75 1 55 39 43 48 85 96 44 66 72 55 55 95 5 50 1 18 86 45 32 35 57 74 27 29 68 86 77 71 93 20 44 3 38 27 18 94 86 58 10 44 51 56 1 73 18 85 57 59 5 43 16 54 33 58 26 28 42 36 47 98 39 67 80 56 17 74 34 40 33 88 88 58 44 47 53 71 0 40 79 30 99 14 6 62
91 79 48 88 62 87 62 40 54 54 29 9 29 77 25 0 96 39 11 2 88 91 3 48 9 44 49 77 32 68 13 77 71 12 25 100 97 58 91 11 51 66 65 85 71 45 93 25 82 27 22 0 29 17 15 64 94 10 55 12 7 20 93 89 35 74 48 56 65 28 12 50 55 65 54 69 13 46 20 98 55 3 87 65 23 74 70 31 10 80 22 78
83 96 3 89 26 55 31 41 84 14 49 5 10 17 74 83 43 3 100 66 11 51 0 39 27 62 86 25 50 49 79 72 45 89 65 64 49 8 81 8 80 33 28 42 58 63 74 50 95 46 37 33 32 86 77 17 30 63 92 10 55 57 75 65 58 17 71 98 11 51 1 49 55 91 45 64 35 59 32 68 79 54 10 53 92 41 7 25 99 26 47 26
81 79 21 46 51 28 36 48 33 41 90 63 90 90 57 65 91 14 74 21 16 22 28 25 46 94 31 10 51 73 62 78 87 44 86 24 58 44 64 41 65 32 68 49 18 52 6 67 85 12 14 67 54 54 76 20 56 32 75 21 83 28 10 93 64 86 4 84 39 23 18 58 2 77 75 24 24 67 89 76 8 48 62 56 82 63 15 99 73 67 64 2
90 4 12 32 98 79 24 23 12 100 62 28 42 58 46 20 23 62 69 24 1 3 46 73 23 96 43 79 50 80 14 2 36 0 63 6 79 38 9 69 39 38 99 47 57 53 92 68 36 59 3 54 58 35 95 38 88 7 19 18 61 92 71 12 39 93 71 65 38 27 12 52 0 92 71 36 36 19 83 16 2 8 25 40 80 82 5 3 30 56 51 66
44 83 30 68 10 38 20 89 77 30 10 89 5 10 20 29 91 70 59 22 42 42 15 17 25 51 98 67 14 96 58 72 33 72 94 97 64 88 72 70 1 4 73 69 71 35 1 71 83 53 74 4 63 24 51 58 6 75 73 71 70 8 30 19 33 22 34 94 8 92 88 9 65 63 72 83 59 73 10 51 33 45 62 74 13 69 28 85 35 60 14 51
7 53 2 49 24 18 66 50 12 56 99 63 67 41 1 43 61 15 61 47 46 99 10 18 66 82 6 70 62 58 32 71 68 73 95 16 43 87 13 49 88 5 84 81 59 70 91 17 52 37 87 79 45 11 78 56 100 89 100 60 43 28 76 7 46 11 65 70 5 35 55 91 93 63 32 45 63 79 53 98 76 51 54 43 83 44 5 9 54 62 99 80
56 64 43 72 72 52 1 10 40 97 50 77 48 11 42 31 46 44 83 3 10 7 38 44 6 24 13 58 27 61 84 52 90 18 48 17 55 42 51 74 10 100 52 65 71 55 56 16 6 100 80 31 79 11 39 44 64 25 17 71 73 58 40 42 21 32 85 1 79 31 26 28 88 3 76 88 36 69 97 7 42 26 80 16 19 68 2 25 74 96 59 32
0 54 86 32 76 7 39 16 60 85 20 94 15 79 39 88 45 55 44 38 16 16 59 100 36 62 28 82 70 82 25 10 10 96 88 51 7 10 81 36 60 41 92 72 9 56 70 89 76 94 7 96 1 28 25 18 60 93 85 88 54 99 57 39 83 72 22 16 7 59 70 64 48 29 81 34 22 82 60 62 1 55 23 28 0 18 96 24 67 7 63 35
58 86 60 24 91 85 33 39 89 64 33 16 40 25 29 49 47 56 88 87 13 85 96 41 62 88 82 50 42 68 62 86 100 59 20 45 33 64 56 55 18 39 57 24 50 71 25 14 48 30 66 84 33 80 17 50 12 71 34 78 52 100 6 70 38 8 53 21 77 20 86 90 89 33 2 18 32 47 69 4 19 51 21 44 71 16 66 71 32 39 54 10
55 30 56 20 19 95 22 54 55 47 88 26 63 22 63 34 91 27 53 33 82 98 12 88 29 44 61 92 23 7 87 64 78 70 54 32 64 38 37 94 17 63 60 71 35 39 100 75 28 38 42 89 60 21 34 2 13 70 43 17 59 39 10 81 67 63 99 16 58 94 78 87 52 24 81 98 30 76 72 5 6 98 0 82 88 61 3 5 1 8 56 75
84 15 40 8 86 44 64 10 68 4 28 66 66 44 75 34 20 73 93 56 24 42 24 42 47 96 98 28 9 72 74 13 52 6 66 48 48 95 34 67 55 0 42 16 71 79 20 7 28 1 93 57 97 80 27 55 52 54 29 77 13 57 71 50 22 89 32 80 14 96 58 38 90 54 75 8 53 25 11 47 94 41 37 24 74 53 90 79 0 35 99 0
8 45 34 89 1 90 8 21 35 23 37 17 10 63 25 73 47 97 25 96 12 58 72 20 41 97 85 51 51 89 68 38 71 91 65 21 45 85 6 23 5 23 59 84 53 37 67 13 35 57 87 42 30 36 10 70 3 73 55 65 70 56 10 10 83 51 21 39 45 50 86 7 15 19 41 72 3 1 73 92 0 64 14 55 59 24 73 97 60 22 20 88
80 25 31 26 21 4 2 3 25 54 31 2 31 43 97 80 8 73 87 34 20 29 29 81 87 62 43 86 80 76 20 23 76 90 9 73 49 15 64 95 96 48 57 24 7 35 60 95 77 23 59 10 65 52 86 46 94 58 23 14 78 87 12 31 51 79 23 15 68 78 60 24 83 38 35 18 87 100 88 41 9 82 66 59 92 11 3 72 1 20 18 1
23 82 4 84 12 50 5 17 11 51 44 96 77 70 76 1 100 30 33 46 6 51 55 5 14 80 7 60 78 38 2 29 49 67 84 5 31 52 44 14 20 72 89 94 75 93 81 85 70 9 28 68 69 90 1 48 23 58 9 96 98 40 68 29 50 31 88 72 51 40 12 83 1 10 14 58 80 72 20 78 89 93 22 27 35 19 82 74 73 56 60 48
84 41 63 15 48 70 56 76 5 54 28 1 0 47 66 38 29 99 51 50 7 15 84 40 95 18 57 92 55 70 99 4 67 89 44 92 83 46 90 68 16 63 58 22 41 6 25 21 54 41 18 39 27 84 81 48 96 73 83 68 35 88 74 29 58 89 5 87 83 10 85 44 68 34 65 42 4 75 57 73 59 78 61 24 95 44 39 73 19 52 23 7
85 0 27 60 42 96 0 61 76 4 82 31 11 67 18 59 59 65 47 25 4 31 3 90 39 82 32 27 63 2 4 18 78 43 44 26 7 29 73 25 99 16 86 61 18 42 72 97 12 84 43 84 75 24 92 35 60 87 80 29 9 40 66 25 87 57 81 100 37 5 100 0 3 13 63 20 95 82 47 14 70 48 69 44 89 69 20 42 67 7 93 3
6 82 11 45 62 3 97 89 84 6 38 2 34 78 72 64 60 25 10 99 30 86 86 39 8 15 95 3 87 68 23 75 75 95 33 38 27 77 89 46 25 35 78 94 85 63 3 72 96 26 63 81 0 55 95 66 34 48 74 29 90 55 23 88 38 42 41 81 67 29 78 97 42 70 60 1 0 33 95 65 34 72 77 78 63 80 97 54 0 4 2 12
87 2 2 83 40 13 41 78 77 19 72 56 71 94 46 6 56 54 15 64 79 48 45 62 52 29 56 42 72 87 61 56 3 67 89 7 23 32 58 13 58 18 8 63 82 76 63 91 3 12 34 33 68 73 25 35 26 58 19 63 79 29 84 82 69 33 86 41 64 24 46 88 48 41 74 64 15 13 86 2 24 29 3 9 29 92 12 78 2 15 3 63
10 86 74 83 40 8 33 80 89 77 68 61 29 58 87 45 25 30 96 93 14 96 43 43 69 62 6 10 87 95 36 76 93 5 98 12 14 37 27 13 73 56 66 83 56 100 7 88 86 14 2 71 33 65 28 2 86 55 1 56 27 23 65 80 19 94 65 97 30 45 31 37 20 13 57 88 18 51 92 34 75 62 28 64 46 14 13 34 88 43 30 30
28 60 65 12 29 59 5 54 93 14 44 61 58 100 70 67 100 92 65 35 73 92 85 20 32 82 9 50 54 8 8 76 92 45 60 47 100 90 5 66 53 53 8 16 11 96 51 68 52 44 22 33 62 85 26 77 60 62 59 53 82 41 92 100 84 43 79 67 23 76 13 72 62 70 3 37 9 85 21 86 54 95 97 91 39 2 85 52 72 61 5 1
44 84 45 64 52 36 2 96 41 14 44 17 23 6 18 77 83 95 1 88 15 86 59 39 14 20 27 35 81 81 52 51 96 38 97 99 59 53 71 76 81 37 44 17 8 86 89 73 21 49 47 35 8 19 89 4 36 45 98 11 44 88 40 80 6 47 1 10 10 49 100 28 0 45 69 40 69 58 99 69 35 48 78 86 36 54 22 91 82 40 29 0
89 74 55 17 58 44 83 95 22 33 56 20 39 24 30 8 40 87 9 49 35 10 61 14 14 35 6 34 59 59 6 11 52 39 24 68 29 7 0 2 15 3 93 24 34 93 56 82 48 92 0 72 36 56 0 14 1 7 85 34 89 13 36 25 60 19 35 46 57 37 59 12 80 52 28 20 80 22 28 85 81 63 9 16 91 29 66 95 19 67 24 10
45 79 78 9 88 24 10 65 52 26 72 55 96 47 78 93 91 36 35 66 46 43 69 23 74 3 85 82 88 37 80 12 43 42 97 81 49 30 57 4 87 4 82 93 57 40 68 63 91 73 0 75 74 16 8 85 83 78 64 96 70 12 98 34 38 57 51 53 76 89 50 83 40 54 25 62 49 46 54 9 82 0 51 49 52 39 21 17 4 9 72 18
53 66 50 40 32 99 3 73 3 23 45 88 69 87 84 33 30 26 7 0 30 35 60 55 61 58 90 76 23 12 26 8 62 89 93 17 65 56 94 43 48 79 81 41 22 31 54 96 47 24 7 33 54 31 29 97 55 8 2 92 41 72 20 76 35 85 67 98 30 49 41 53 56 56 83 63 90 93 19 65 40 50 7 66 88 70 30 99 70 69 89 60
95 48 62 10 61 25 70 8 75 32 50 92 57 57 67 68 9 45 34 45 92 13 33 26 57 64 61 72 65 96 71 26 75 87 92 3 50 76 33 49 16 63 99 76 99 45 2 9 76 80 1 87 6 64 80 44 4 59 61 11 36 73 71 61 64 17 97 60 79 87 3 72 74 5 40 25 44 25 37 67 98 2 66 94 66 72 31 74 38 16 66 39
12 12 44 49 72 48 68 60 21 20 49 95 78 4 81 14 81 100 29 31 1 49 83 61 88 82 49 16 83 92 99 26 13 18 20 64 76 22 75 91 48 86 39 95 26 66 90 44 61 39 57 26 44 25 90 71 2 64 43 1 25 71 44 9 31 36 66 92 49 91 91 21 72 64 22 100 14 96 29 95 56 48 51 4 63 42 31 40 78 27 92 65
38 6 81 32 86 13 80 77 94 64 31 31 7 63 47 10 37 54 4 11 45 12 37 89 26 43 86 84 30 92 99 83 71 6 38 55 61 39 53 71 6 55 11 50 37 64 82 13 36 19 97 53 99 11 16 50 4 25 49 14 47 86 81 82 69 68 98 37 80 62 30 11 33 55 15 97 65 62 46 64 80 54 29 31 42 82 86 65 97 97 98 12
66 89 53 3 100 45 10 81 93 49 51 43 20 89 61 30 8 55 17 56 84 11 50 73 20 7 34 68 5 57 88 62 23 41 27 56 54 20 10 8 75 46 18 74 21 97 100 74 72 76 25 63 34 38 97 88 95 10 29 81 35 31 57 16 57 21 81 92 44 10 33 66 83 96 20 56 87 49 17 83 22 91 10 83 39 62 92 13 48 61 27 54
81 13 28 42 34 61 12 99 74 50 92 82 64 17 11 61 79 7 75 58 96 4 87 84 74 6 0 53 84 39 68 57 98 95 39 33 89 82 71 99 34 39 46 26 49 29 36 51 36 16 64 22 80 12 25 50 93 45 62 68 25 0 44 32 96 72 56 27 58 48 20 9 13 100 77 70 3 47 94 73 37 51 83 94 3 20 39 62 35 59 99 57
18 0 72 0 87 25 38 69 17 83 84 17 81 37 7 29 83 58 51 25 79 50 88 41 45 70 61 58 57 16 5 89 25 82 95 100 48 70 64 58 99 84 45 70 59 34 9 28 37 7 41 64 58 13 24 12 25 30 64 69 22 5 100 58 84 21 40 19 26 38 81 87 52 44 80 52 76 33 71 88 61 81 59 28 28 34 69 62 24 59 70 10
96 79 82 13 52 24 34 49 92 86 80 54 9 33 29 3 18 56 20 5 29 35 35 95 29 80 8 14 8 28 77 46 96 33 89 42 57 5 32 65 15 1 57 44 91 60 63 79 65 73 69 62 82 47 98 4 32 21 92 16 84 35 71 21 60 23 62 92 73 7 94 68 56 13 67 73 70 8 31 90 99 100 82 25 79 37 82 77 71 10 82 1
38 70 49 66 88 15 34 47 94 39 54 24 48 18 59 35 75 94 14 92 64 65 97 14 48 41 34 32 29 5 31 77 46 74 26 30 43 18 69 73 6 8 47 21 89 16 8 66 5 95 95 14 62 47 79 50 54 25 25 81 80 81 28 43 96 48 12 92 17 50 77 70 0 4 6 63 89 88 99 81 20 45 96 17 99 71 58 51 96 7 13 23
98 73 89 21 90 78 96 8 93 20 22 75 28 70 48 77 92 88 69 56 91 69 17 62 56 22 19 81 42 11 69 90 14 34 24 96 66 43 9 3 13 15 28 22 66 38 99 36 11 6 55 41 0 53 95 62 18 37 9 100 61 7 18 55 16 65 82 82 83 31 11 71 24 63 48 15 80 75 75 16 44 4 21 37 77 12 33 11 89 72 79 6
34 60 55 41 28 50 44 46 31 35 38 73 72 41 97 98 15 65 76 33 74 39 64 16 76 28 62 98 45 58 84 38 75 87 80 6 54 61 25 63 85 96 53 51 76 65 51 10 20 52 36 34 7 3 74 30 49 39 8 74 23 27 42 13 83 72 75 21 11 92 92 30 28 70 81 68 43 28 82 72 81 66 79 30 78 91 42 22 5 9 72 63
8 98 54 92 71 64 0 40 66 67 46 6 100 16 98 30 38 57 85 20 0 87 67 85 51 96 84 34 23 3 25 66 84 95 1 72 11 22 69 39 81 1 81 92 63 11 20 53 3 43 59 87 1 2 23 91 81 87 56 68 45 66 54 44 45 2 85 51 32 28 6 22 17 18 9 90 50 21 87 71 90 22 3 84 13 27 10 63 82 7 75 7
66 21 6 12 64 92 10 13 4 76 57 27 90 46 23 36 6 5 77 41 16 4 96 33 3 11 4 72 7 52 47 24 49 26 70 32 30 67 1 8 34 11 31 86 15 47 64 69 59 36 94 58 22 16 80 97 89 64 61 77 22 94 56 59 13 70 8 9 53 47 76 56 38 70 41 51 74 9 93 6 15 5 22 7 90 60 22 34 76 22 63 8
33 21 53 86 69 68 98 35 31 41 5 26 47 24 64 0 46 94 52 39 54 22 48 42 60 88 20 22 21 60 16 48 25 90 24 15 29 76 61 56 85 40 16 21 92 12 49 6 67 67 21 32 61 40 60 87 60 56 100 93 93 70 56 67 27 5 97 59 25 62 40 77 36 28 5 59 83 97 18 88 25 71 56 14 20 59 63 4 71 43 58 74
92 32 36 92 21 82 40 39 55 79 55 28 59 77 18 1 20 27 71 11 44 21 39 50 69 85 73 49 18 3 52 35 18 95 14 81 38 94 58 42 20 53 69 77 6 99 28 100 57 96 4 63 9 96 7 51 3 10 27 11 45 66 99 8 8 19 28 57 89 16 1 5 2 12 58 97 77 63 92 83 51 8 69 18 94 13 6 69 100 6 23 48
78 93 87 42 55 53 90 14 66 29 20 15 57 69 92 73 19 42 52 62 49 73 1 42 59 67 3 24 69 55 92 32 81 53 97 59 52 28 78 4 30 72 31 98 35 52 72 67 7 19 17 2 57 72 6 98 65 70 50 47 34 42 82 25 95 90 68 57 4 42 21 44 32 90 88 27 25 57 58 86 53 70 84 67 64 18 33 47 17 45 69 28
59 89 64 18 89 12 8 56 34 53 80 2 56 51 78 66 69 96 39 43 88 43 76 72 7 3 36 87 76 80 44 15 56 23 71 94 18 21 82 4 86 89 2 71 18 76 88 10 27 53 41 22 25 50 47 50 77 83 91 16 16 20 85 50 58 27 2 41 40 43 49 58 42 72 47 70 78 61 5 38 51 46 68 17 75 91 51 4 30 45 15 63
23 95 81 51 99 17 38 61 79 52 9 53 48 89 18 7 90 43 87 54 70 0 22 56 44 49 67 14 63 75 24 30 25 58 62 88 77 2 63 80 8 86 82 4 71 92 32 0 73 39 69 19 44 87 71 93 59 28 5 94 28 48 43 83 82 78 46 8 80 80 4 100 35 68 10 85 26 78 36 90 3 33 40 77 74 20 77 27 23 59 29 76
3 3 47 27 45 100 8 27 87 41 59 55 98 59 6 90 24 65 38 39 52 43 71 77 11 31 100 59 55 37 45 6 80 51 85 26 91 81 51 60 50 30 38 43 10 16 7 93 78 50 17 48 59 98 14 50 23 17 25 67 3 74 40 19 70 99 16 39 37 36 70 57 61 9 25 16 94 94 89 48 42 46 57 57 28 15 70 99 95 64 86 64
17 17 42 99 51 100 56 21 44 81 39 30 65 57 52 37 33 32 17 4 85 90 32 52 77 40 20 8 62 100 53 90 31 41 91 32 64 26 81 85 82 94 41 3 59 84 3 34 52 43 22 1 57 52 71 37 95 44 87 65 39 13 21 78 47 95 11 12 75 89 88 62 92 73 73 75 78 37 89 97 12 81 26 84 28 2 75 99 83 73 38 100
46 60 18 23 16 72 24 37 38 35 40 37 1 84 79 42 1 82 81 1 32 40 24 98 84 7 0 8 52 69 27 19 51 48 7 100 85 59 24 28 34 71 25 52 36 14 83 49 42 95 47 71 68 25 38 43 39 0 20 25 54 54 41 38 98 29 98 69 84 71 40 23 58 50 96 48 2 98 1 47 47 99 36 92 1 19 52 75 99 86 72 3
53 62 43 7 93 99 47 31 7 74 42 89 71 67 46 93 76 63 35 32 56 70 92 79 65 15 32 59 26 53 16 31 69 80 66 84 14 42 43 24 0 52 49 1 96 62 45 0 96 54 78 15 78 33 46 23 72 71 27 49 46 43 82 85 48 96 76 42 73 77 72 84 37 27 77 21 24 59 24 15 44 68 85 10 41 74 5 61 49 90 15 8
49 61 88 64 100 28 54 55 26 52 69 16 25 83 81 56 77 54 52 90 77 17 66 100 68 3 62 4 45 78 18 31 84 7 21 20 14 21 73 85 37 51 84 89 26 42 66 47 54 68 65 96 46 46 31 8 64 49 33 37 41 69 7 65 30 20 41 1 75 82 60 15 87 30 63 72 80 47 17 100 49 67 37 21 10 7 25 30 21 93 80 28
93 9 17 100 22 48 96 99 45 10 57 46 62 41 68 79 17 41 8 96 100 93 94 65 21 3 5 91 17 14 27 47 32 51 52 83 69 9 36 37 90 38 58 86 26 28 4 90 7 87 75 34 71 89 8 30 36 6 61 47 57 75 18 61 16 33 0 94 6 40 72 87 24 0 94 86 39 70 63 91 93 30 27 14 55 100 79 16 9 20 75 89
90 80 2 15 85 67 55 49 63 14 24 79 22 27 63 47 34 85 8 60 73 57 29 58 56 15 27 52 63 2 15 74 33 86 82 45 31 20 58 77 30 60 63 29 49 49 37 26 63 97 6 85 81 37 84 4 54 59 48 58 1 49 80 30 15 53 89 38 36 22 50 45 12 91 25 42 19 27 25 38 82 38 100 76 22 79 33 26 98 12 62 34
75 53 97 53 94 99 34 38 52 57 71 27 21 97 93 55 4 92 83 56 62 71 22 32 86 48 57 9 87 72 93 9 35 70 76 41 58 6 70 78 66 16 6 29 23 68 68 79 27 17 63 6 72 14 77 80 50 99 46 91 98 28 95 6 68 1 24 91 0 89 74 17 19 55 89 84 45 48 6 64 89 73 0 22 50 18 87 64 23 4 66 87
47 94 80 84 75 75 39 76 89 74 83 28 52 22 52 86 51 74 31 62 72 40 73 30 100 89 16 66 78 9 58 92 66 42 26 12 32 9 23 78 44 62 81 34 31 84 68 22 72 92 12 73 32 28 100 73 35 17 15 10 80 68 3 86 97 64 9 99 72 92 85 5 87 60 20 17 16 48 47 30 48 49 43 84 39 86 1 100 62 16 64 3
23 85 27 10 37 56 46 25 20 79 79 28 7 5 16 75 88 18 36 29 10 20 64 84 92 30 19 58 47 58 45 52 93 0 56 89 43 35 54 56 72 24 11 25 77 78 0 53 53 54 1 51 38 77 0 91 54 22 52 35 88 48 65 50 80 70 67 60 27 90 11 39 28 69 38 1 55 36 4 89 59 37 59 12 40 22 16 47 45 52 64 69
80 25 46 73 61 61 86 82 97 1 42 19 60 26 38 37 99 57 85 0 66 3 19 35 52 48 87 56 16 14 98 96 74 73 24 89 99 78 66 18 85 30 36 15 81 60 58 50 87 77 16 27 84 92 15 74 8 82 29 29 32 70 52 5 68 67 82 78 90 18 32 47 5 36 36 37 87 85 37 60 67 28 91 78 44 71 99 50 25 6 12 71
56 20 45 90 73 92 64 24 29 7 19 99 9 60 6 6 69 12 94 9 87 66 47 70 7 7 67 52 62 25 3 92 58 26 20 19 15 59 63 78 62 31 21 25 29 18 27 0 21 72 37 64 10 92 89 90 88 79 10 17 89 57 2 41 24 27 44 37 57 41 19 82 92 70 93 14 29 98 0 72 56 18 70 19 86 29 4 59 50 35 82 24
92 71 23 38 76 77 97 71 16 33 49 37 23 46 24 13 39 77 53 24 17 82 8 48 53 6 71 88 73 53 95 10 81 78 64 86 12 52 49 37 85 94 41 8 35 50 40 92 10 98 81 71 53 98 56 95 12 58 84 17 42 31 60 18 62 27 80 40 25 59 30 72 74 47 62 63 4 7 9 93 60 0 2 11 36 85 7 34 45 0 26 7
23 44 22 5 81 34 8 68 78 16 86 13 72 79 67 43 85 66 71 88 72 64 69 0 1 20 73 83 71 100 95 15 96 64 6 35 10 8 67 30 76 27 12 29 11 58 8 93 73 93 95 81 34 21 4 60 35 62 57 0 80 70 25 16 36 90 24 53 56 46 4 90 44 40 95 65 27 48 15 85 53 49 92 29 40 91 64 74 83 25 9 8
57 30 92 89 82 7 39 98 35 10 86 61 60 45 43 65 36 98 92 33 30 95 9 35 53 7 88 33 95 63 23 77 0 43 33 38 24 26 58 30 19 65 79 97 54 51 65 66 27 35 26 51 17 71 45 9 17 26 16 5 64 75 23 52 86 46 74 0 91 64 46 5 42 79 59 14 36 94 87 52 10 50 49 71 96 36 22 18 42 93 60 62
68 29 95 74 25 39 84 5 35 25 99 98 78 100 12 96 64 2 53 66 26 50 98 48 71 96 39 79 78 93 22 58 58 79 55 14 0 91 53 2 20 9 21 79 45 54 0 97 9 52 42 50 56 43 44 79 50 47 46 73 21 95 51 21 36 22 71 42 83 65 32 86 62 58 67 77 52 98 60 11 13 83 16 8 63 30 38 0 1 21 58 52
70 84 29 73 41 5 81 75 6 32 89 49 70 84 12 29 37 27 69 41 0 31 99 72 49 88 77 99 78 52 74 40 96 17 85 28 43 30 2 29 63 44 63 10 19 93 37 88 39 51 73 21 83 20 9 35 55 66 50 12 9 30 88 26 83 51 56 80 48 10 95 61 98 58 50 86 96 54 23 97 34 2 64 43 19 7 43 25 95 99 16 13
87 17 8 72 90 54 43 22 35 75 88 50 74 73 19 71 94 39 69 58 47 23 29 12 89 47 48 25 57 57 30 68 90 80 22 24 86 62 60 33 1 65 83 52 47 67 66 28 67 70 36 67 53 5 69 97 17 18 2 71 71 87 90 7 27 76 83 99 87 16 21 15 48 93 28 59 80 44 73 74 75 56 61 41 24 67 20 26 92 52 83 78
35 91 65 59 21 92 97 55 20 25 87 1 61 42 8 12 61 47 7 33 26 38 37 18 31 71 92 31 44 13 85 88 6 32 43 67 45 62 89 14 11 87 83 57 95 63 37 78 77 54 96 51 16 75 16 47 67 55 27 75 24 41 36 96 95 44 21 9 16 28 30 3 88 52 16 71 5 85 36 23 72 44 70 10 46 66 9 51 61 17 48 54
16 7 77 3 39 14 34 13 6 51 47 33 0 21 65 62 6 55 20 93 99 63 43 23 71 2 41 99 83 70 3 36 64 35 3 1 16 19 14 62 79 54 100 90 42 40 74 98 90 30 21 65 21 100 62 27 70 82 41 57 62 96 16 82 79 39 68 87 29 69 50 3 66 18 49 27 61 26 92 1 33 37 85 63 76 51 41 23 97 61 60 96
40 37 70 16 73 21 31 80 55 23 34 82 10 58 63 59 16 63 78 29 88 69 26 73 62 99 27 4 10 98 51 68 66 86 55 78 88 29 23 39 2 8 3 92 30 5 46 57 63 65 93 16 59 73 59 67 13 10 28 100 62 59 57 42 85 84 92 59 0 80 41 62 75 63 73 75 31 9 27 93 67 12 29 43 29 9 60 1 90 14 22 37
26 74 40 19 34 65 38 79 54 47 49 31 69 25 44 83 79 88 70 72 9 52 43 33 33 55 99 13 26 93 58 0 92 40 87 66 61 29 49 0 47 27 43 37 12 80 83 44 54 24 38 94 12 2 72 51 41 50 58 71 0 36 29 27 75 78 38 30 14 85 46 87 73 70 28 61 67 87 77 100 53 55 94 54 51 39 95 66 8 20 5 76
37 48 22 83 35 45 51 73 62 40 62 22 81 98 40 3 52 41 20 65 54 90 45 86 32 50 96 89 47 60 12 38 17 22 89 51 92 73 16 52 76 41 2 29 59 98 77 72 73 68 12 62 87 8 50 27 90 100 68 52 49 15 14 75 6 63 8 44 39 95 74 87 29 63 36 41 86 63 100 93 14 7 53 83 74 29 51 13 5 0 42 9
5 9 97 100 98 56 36 51 27 39 39 47 29 78 72 79 90 62 46 35 53 10 56 98 62 68 54 84 82 31 24 72 98 43 63 25 47 26 93 60 99 7 96 80 36 80 57 84 14 85 65 66 96 66 96 93 50 5 96 9 69 61 8 47 84 32 85 70 51 1 7 40 87 56 57 33 86 76 10 24 41 80 24 97 8 77 57 34 66 22 7 80
36 48 62 89 37 60 6 49 92 20 87 49 67 62 93 14 56 13 62 83 90 65 81 97 98 29 10 58 61 2 4 8 27 8 19 57 97 21 29 63 56 93 19 88 66 54 5 58 7 9 37 21 62 11 26 64 41 33 81 2 28 85 91 79 54 75 15 54 82 81 18 87 56 6 60 28 72 80 77 73 47 71 10 81 36 90 43 84 6 53 99 22
77 84 99 28 15 94 46 19 57 62 41 23 35 33 24 80 85 3 59 90 36 84 15 77 95 58 72 92 72 36 35 80 25 7 91 39 19 66 97 94 79 66 31 82 17 39 25 84 46 57 70 68 26 4 32 33 16 2 85 57 70 13 28 21 85 75 9 58 31 16 45 60 86 8 47 37 83 79 83 78 96 100 31 63 13 46 4 92 10 36 79 16
68 28 51 82 30 89 46 87 72 12 69 4 66 59 56 8 89 47 18 8 23 44 99 5 78 0 59 68 39 10 25 98 22 66 68 44 60 27 19 44 51 37 97 12 31 99 16 4 40 59 46 61 75 89 87 67 77 69 77 23 46 56 14 56 37 29 83 77 14 35 21 64 41 23 64 32 69 37 92 69 64 96 44 28 94 89 93 0 17 76 23 95
90 26 20 89 51 1 39 23 74 100 64 30 10 85 13 4 96 29 87 54 88 77 49 19 4 44 57 80 42 27 78 46 25 91 63 60 67 5 42 13 8 76 2 20 29 74 41 93 21 39 87 15 60 21 24 41 69 1 36 83 23 72 11 35 79 84 73 61 53 4 49 54 16 45 55 35 91 23 28 11 94 59 77 57 46 10 67 66 87 81 30 58
58 8 25 23 82 23 30 80 25 66 74 10 6 81 76 79 72 4 74 68 76 72 72 72 31 83 53 54 25 1 97 81 46 49 79 18 70 48 95 73 17 46 95 50 91 11 22 67 45 70 8 20 98 40 40 50 9 44 70 11 71 27 60 58 42 3 38 23 30 42 55 48 3 13 70 86 35 83 21 29 17 75 2 11 19 0 12 37 96 44 98 33
52 30 8 73 88 2 100 62 86 57 44 64 85 35 57 34 95 47 58 76 59 43 47 23 11 8 97 84 92 32 5 97 3 61 16 91 90 100 21 78 24 83 9 60 78 3 85 4 88 89 38 75 88 99 4 66 23 37 87 82 93 18 51 28 85 73 62 95 0 64 28 100 72 3 87 53 43 100 14 58 57 26 57 33 8 65 36 61 71 96 65 14
7 98 20 1 31 1 57 96 98 6 95 82 79 49 46 42 2 73 53 15 54 29 19 6 11 43 46 36 81 18 34 19 77 21 99 1 14 53 22 99 98 85 83 60 52 10 50 68 3 5 8 67 76 22 62 43 34 60 85 39 49 99 37 78 12 19 58 37 99 29 85 78 21 53 54 77 37 33 18 11 24 50 75 30 56 95 18 59 71 53 78 99
93 73 78 26 4 16 84 39 67 24 69 33 9 4 29 88 10 84 44 100 86 100 94 15 63 83 100 98 3 93 40 24 81 55 75 30 65 63 70 11 55 83 12 71 50 21 86 77 22 40 63 23 43 40 91 12 78 92 36 86 17 49 17 9 9 35 12 19 73 88 29 17 3 17 56 98 57 63 48 99 11 82 9 34 52 10 98 33 18 26 43 10
15 29 58 39 50 6 40 28 42 63 39 29 98 71 94 72 66 33 80 17 12 43 80 89 70 97 94 88 81 72 77 1 82 14 0 1 16 58 74 54 95 10 16 15 63 80 89 10 43 15 71 89 11 3 13 28 77 25 76 45 75 83 60 87 49 81 85 32 87 86 63 41 84 56 13 20 61 42 82 62 60 69 86 31 51 37 15 59 67 39 33 14
