0 49 23 93 6 57 27 47 74 52 27 59 26 25 52 80 56 62 78 42 13 20 21 4 56 74 47 73 24 67 58 91 50 50 30 96 48 87 38 6 95 40 55 31 50 43 29 79 86 53 84 86 76 57 76 43 90 67 44 36 16 7 93 70 57 47 22 35 13 46 81 73 17 57 93 100 3 77 89 74 65 82 85 23 24 39 36 34 61 85 15 30
48 29 38 73 62 37 48 53 32 6 10 58 80 56 77 60 17 23 57 20 64 64 16 52 58 21 1 79 62 13 99 92 34 48 20 58 95 1 20 64 43 72 76 62 13 39 44 98 94 91 42 76 7 36 91 20 9 42 27 2 56 55 56 86 50 66 28 91 22 33 87 86 25 42 24 92 80 97 24 60 93 52 5 1 31 20 49 51 26 61 6 56
62 59 63 52 47 43 38 19 93 79 43 34 73 79 67 90 97 91 9 25 82 100 34 74 28 36 53 30 3 76 50 36 10 35 26 27 5 42 77 45 74 97 65 36 32 22 50 53 16 24 27 34 88 56 57 64 15 20 30 23 13 48 36 95 71 72 59 6 25 29 64 55 8 9 17 96 50 35 46 96 54 21 4 6 59 14 0 39 0 89 40 16
24 32 34 59 51 82 65 27 47 6 64 33 36 0 78 51 84 7 67 60 19 4 27 7 87 90 17 79 85 84 91 17 58 20 53 61 8 61 48 50 93 15 40 6 96 23 58 94 81 83 68 42 49 7 11 22 61 77 27 38 5 3 0 22 66 70 67 12 45 75 34 12 19 77 71 15 38 28 85 15 98 30 61 63 88 88 8 61 5 82 70 38
60 94 32 47 17 51 13 62 30 26 84 19 25 77 93 74 22 49 90 55 98 50 26 51 78 96 71 41 65 70 83 42 78 75 7 62 68 3 38 52 43 18 64 76 42 87 53 32 99 26 44 87 87 19 62 86 63 71 64 0 96 8 66 4 9 14 49 91 28 48 38 20 12 9 33 6 60 10 53 33 53 28 4 64 33 12 17 50 69 37 19 60
1 35 92 92 44 73 25 61 3 48 66 41 47 23 9 52 77 28 16 74 76 17 12 9 35 71 32 44 11 28 78 72 50 71 66 72 5 95 32 89 42 35 45 0 52 27 92 56 32 88 34 58 87 92 82 42 23 35 68 72 55 6 7 13 0 69 62 17 24 82 0 53 92 59 11 68 28 100 73 27 42 5 44 70 61 42 91 23 70 59 66 17
87 7 51 86 22 49 22 29 38 88 52 69 59 94 95 89 24 50 57 76 51 2 55 88 22 87 90 52 67 80 30 38 35 49 34 75 71 28 66 22 9 88 34 77 5 50 95 94 92 30 83 79 49 23 37 30 41 35 43 39 55 92 26 14 55 25 74 50 51 48 34 40 66 71 28 32 14 64 1 100 80 52 49 11 14 1 23 55 86 53 94 11
12 4 74 13 63 2 23 55 72 59 96 28 14 16 76 27 74 45 48 62 1 88 26 61 82 49 33 76 52 22 96 32 13 61 56 13 41 28 9 4 56 78 74 53 99 82 54 41 89 44 83 64 37 90 54 1 93 80 67 1 97 47 22 68 62 40 66 23 69 61 80 39 67 1 89 12 55 43 47 89 54 59 64 25 71 6 97 71 78 94 34 20
78 67 7 85 83 72 44 9 92 12 95 14 56 30 1 85 45 58 90 60 12 33 13 66 23 47 41 72 55 87 24 52 69 45 86 61 62 95 36 7 14 68 73 41 91 50 2 11 54 88 96 28 44 1 1 7 36 40 0 32 6 84 47 1 66 42 99 83 34 2 85 61 98 12 48 43 61 34 79 45 45 57 39 25 94 73 98 86 81 0 5 60
23 89 94 48 11 20 32 2 43 85 54 90 95 75 73 35 5 63 36 10 85 9 25 81 69 20 64 12 36 68 98 96 84 43 54 22 93 67 70 21 83 47 8 77 98 81 93 2 1 56 56 57 75 1 67 82 44 82 82 17 56 34 33 22 85 51 86 61 87 32 71 43 74 85 96 33 4 65 87 95 87 83 86 35 88 88 85 66 32 89 41 95
59 74 20 70 46 91 55 31 4 48 78 71 98 100 80 32 53 4 18 58 17 100 51 70 73 3 58 87 2 12 47 45 68 12 19 81 66 92 43 87 78 1 0 71 67 5 66 10 60 89 3 3 71 59 76 87 54 24 91 23 14 60 38 4 52 30 79 93 73 76 77 90 84 41 62 51 66 67 42 10 86 9 88 38 18 38 6 23 2 73 78 84
95 7 13 54 1 32 86 78 71 27 98 58 1 19 87 57 17 47 85 14 98 4 70 99 38 90 76 94 97 89 40 1 54 82 15 8 96 17 16 11 66 3 80 37 85 7 79 80 46 70 28 33 7 43 25 46 72 43 40 22 84 78 35 31 11 93 3 96 50 46 12 8 79 35 68 13 6 99 3 10 2 28 93 41 79 73 66 30 50 55 79 19
95 79 50 17 93 44 29 63 61 100 76 72 18 83 72 55 76 66 95 60 62 81 36 61 62 68 66 94 30 9 18 51 30 76 4 54 12 75 13 73 8 93 7 62 43 34 23 73 73 78 3 48 93 24 93 82 39 60 26 91 93 48 29 17 25 6 62 92 7 76 12 58 61 59 94 68 16 36 72 84 17 50 36 91 86 5 28 53 39 62 98 77
42 85 49 2 34 85 32 94 93 57 28 25 48 81 20 20 26 59 84 86 30 41 84 47 84 74 63 71 7 20 89 5 48 76 43 87 83 58 57 72 12 69 96 83 0 47 80 99 34 88 40 95 70 38 95 62 38 75 96 36 72 66 34 71 69 30 62 93 27 7 30 95 93 0 91 91 92 88 23 16 60 97 83 99 2 5 85 4 69 96 7 44
51 97 92 22 26 26 51 42 92 19 5 31 15 21 19 65 15 39 98 30 45 98 34 44 26 27 96 9 91 90 68 99 8 34 88 28 33 32 4 73 92 90 34 24 74 30 90 26 31 49 53 68 57 63 34 83 11 38 26 20 20 77 53 74 45 22 5 78 46 16 63 19 35 44 78 22 41 27 11 69 81 41 36 41 57 76 20 19 74 81 79 22
21 80 58 84 75 63 68 69 8 48 52 80 77 97 52 51 44 30 9 51 6 45 57 94 95 3 87 35 64 6 35 56 22 25 16 43 74 0 22 31 72 50 70 95 32 11 26 36 20 37 35 16 57 17 71 69 68 77 98 76 39 30 42 25 7 73 34 79 92 68 69 6 52 3 2 57 90 2 13 24 48 23 99 60 18 32 4 20 21 54 93 30
25 11 38 61 95 28 29 59 38 79 74 74 10 5 84 17 45 78 72 58 12 33 47 45 71 35 75 19 34 41 40 5 91 95 65 95 33 9 68 64 21 60 17 27 5 15 49 69 44 67 30 16 18 15 0 13 75 58 24 65 35 13 96 30 83 82 15 10 60 50 5 32 36 3 74 94 99 40 76 22 80 27 52 76 89 76 16 21 25 10 40 8
77 94 78 3 28 61 76 70 83 49 35 28 71 49 100 15 61 62 3 19 100 9 18 92 29 25 70 99 33 42 53 52 39 30 26 9 10 69 62 56 27 66 17 22 93 80 11 24 61 42 14 46 1 24 69 27 95 50 87 3 28 29 27 22 83 69 63 97 99 24 76 70 95 20 68 63 91 23 59 29 14 81 98 7 90 53 15 28 84 48 95 21
17 24 77 34 68 18 14 5 92 39 79 76 15 69 76 8 80 84 61 6 20 15 27 46 68 48 73 72 93 38 13 96 68 100 12 12 57 21 82 22 86 49 13 46 89 68 25 16 85 90 76 8 31 39 27 73 61 39 7 21 42 8 42 12 8 27 18 28 19 19 92 83 13 91 23 37 47 27 78 67 18 86 32 80 9 100 24 76 3 98 62 61
97 50 30 67 52 67 20 46 74 89 70 9 4 72 13 85 19 15 9 34 76 36 98 52 39 59 100 71 34 92 19 23 52 55 32 51 78 6 100 73 96 21 21 57 11 48 18 93 14 59 63 10 21 57 47 33 17 23 80 82 25 80 8 38 76 56 34 8 17 100 32 6 4 54 98 89 94 35 98 97 28 100 49 45 23 1 43 18 90 33 38 57
100 82 64 57 31 18 17 46 80 84 12 91 23 24 43 2 68 55 0 20 79 58 93 68 58 1 1 82 86 21 15 20 72 22 88 30 83 4 40 85 53 31 0 50 87 69 49 100 36 93 80 31 22 81 22 27 47 74 15 55 17 70 37 62 33 12 5 73 47 78 29 71 2 23 35 95 97 21 82 72 24 5 85 20 55 86 100 13 64 79 35 71
83 68 25 100 26 88 5 8 78 53 12 74 30 80 97 22 30 54 2 3 45 2 17 72 23 48 39 31 44 88 98 52 6 98 13 69 72 13 9 82 11 85 61 95 98 21 100 74 95 8 65 12 58 30 38 49 81 46 12 30 34 22 52 46 54 83 5 8 15 24 58 98 55 50 76 8 13 19 92 28 33 5 89 47 19 27 25 72 30 71 49 87
36 33 23 58 0 95 60 76 44 30 91 49 83 73 60 68 85 51 96 61 74 57 16 13 70 30 87 40 44 99 60 3 63 42 91 47 75 49 7 9 48 29 21 19 26 64 58 100 37 80 100 62 84 34 58 37 71 67 80 18 23 26 83 39 25 10 38 48 73 75 84 12 95 59 76 2 40 11 7 53 97 96 31 53 29 15 27 61 79 85 17 65
11 25 69 93 30 33 66 28 67 13 54 89 50 82 41 4 49 18 78 65 95 68 13 52 74 60 83 2 80 68 95 89 47 49 70 1 54 30 52 7 95 56 84 21 29 99 48 16 50 86 80 6 1 6 57 85 42 29 38 81 68 84 88 4 55 77 38 23 32 34 42 43 75 98 5 93 76 42 11 35 22 80 53 7 69 5 65 42 40 97 70 6
16 30 14 48 31 13 64 64 51 56 85 89 74 7 77 10 68 89 45 86 62 72 49 33 70 34 23 37 65 53 20 52 50 13 59 97 85 8 42 18 39 51 70 70 32 66 71 96 78 17 67 92 62 47 51 16 8 63 2 14 69 37 98 62 69 37 78 20 20 54 34 10 63 60 45 95 0 0 77 94 55 76 71 55 5 1 52 18 10 14 52 49
84 11 36 40 100 28 59 51 74 58 51 48 18 49 63 98 98 71 3 9 74 98 58 40 7 46 38 18 13 37 57 2 14 61 39 30 92 4 87 91 36 68 96 10 84 44 26 14 77 71 30 62 57 48 66 89 53 0 92 34 50 44 100 0 58 2 61 97 54 56 20 89 92 46 18 44 25 40 40 59 20 24 57 89 34 2 54 2 62 41 84 64
89 73 16 19 51 36 2 52 53 75 1 38 99 18 27 92 28 57 51 97 65 67 52 58 15 93 93 4 39 36 21 13 78 78 50 88 86 17 57 90 4 32 30 40 29 3 77 66 33 17 73 82 12 12 83 28 14 29 19 7 71 80 98 63 91 43 92 99 53 70 13 3 54 7 76 79 23 3 42 51 24 76 13 67 73 47 33 13 1 24 14 59
73 49 34 56 48 70 83 89 85 49 55 36 58 77 91 73 56 95 3 81 91 66 82 41 38 35 69 60 42 59 88 31 37 47 0 72 11 30 34 86 71 41 87 49 5 33 90 22 1 79 17 53 6 42 87 57 76 18 87 37 5 5 7 22 10 29 100 18 95 66 66 4 32 54 21 7 16 68 63 17 73 68 3 48 43 72 82 42 8 9 10 85
19 10 8 6 57 42 57 47 11 11 97 64 86 38 58 65 31 17 38 85 72 68 69 63 31 67 96 36 16 47 55 91 90 0 17 2 47 69 19 8 62 13 99 50 61 79 23 74 61 37 11 1 21 60 24 41 2 12 33 71 88 38 36 49 95 51 11 89 49 95 12 58 55 0 100 49 33 94 85 15 18 35 8 48 21 53 7 73 99 97 53 13
75 11 95 13 68 61 30 40 23 80 68 48 55 77 85 20 51 1 98 48 45 9 4 35 58 61 22 37 39 22 24 70 5 64 93 92 40 54 71 16 12 80 77 3 34 5 75 1 5 21 3 89 25 55 36 21 27 44 67 39 70 12 14 7 52 27 69 68 66 96 34 67 56 17 3 63 92 47 55 94 1 28 66 23 4 91 18 93 1 81 49 56
84 86 86 50 89 65 28 97 41 53 75 89 47 62 17 67 82 97 24 99 13 40 58 59 56 89 1 29 92 88 8 100 40 51 70 7 28 23 69 86 4 1 68 53 34 26 58 84 29 92 33 35 29 80 86 58 49 98 48 22 3 10 73 19 45 92 0 75 63 47 100 66 11 83 98 53 81 11 51 86 10 12 72 46 86 68 70 15 19 36 17 53
98 92 74 0 4 86 3 40 59 23 66 6 11 16 98 84 49 23 29 18 78 61 16 29 80 26 28 41 17 64 73 32 97 63 44 29 19 64 51 35 35 98 5 2 81 28 23 96 71 8 20 67 56 47 32 17 67 98 39 10 32 23 28 13 12 36 74 20 13 42 80 4 87 23 9 84 53 45 87 30 94 96 60 31 15 46 61 84 60 4 96 10
21 71 45 43 92 13 76 14 4 78 1 11 37 60 44 15 29 37 90 6 55 98 70 2 93 90 64 8 53 98 27 92 88 56 21 99 62 76 47 51 81 38 85 66 26 11 64 59 65 96 38 77 95 10 55 86 20 76 75 70 19 34 30 83 7 41 29 71 96 27 80 30 4 89 79 80 23 30 100 4 10 19 0 48 59 0 53 96 35 21 42 74
59 25 93 78 57 66 79 81 31 31 63 38 90 76 71 87 0 78 88 54 47 97 5 52 77 74 56 50 11 86 88 24 16 20 68 89 69 73 61 67 58 63 22 87 47 15 29 97 55 99 73 59 49 87 60 100 53 7 66 38 2 35 39 5 92 52 67 43 51 63 1 29 8 22 16 29 66 59 42 70 23 12 52 54 45 20 44 57 13 22 33 31
69 33 26 84 55 51 73 83 33 79 24 32 5 52 66 8 46 99 37 53 49 91 75 62 84 40 8 16 0 49 2 35 14 15 99 46 30 30 84 2 99 56 1 100 9 15 94 95 11 70 79 27 44 46 70 46 75 71 69 72 66 98 13 3 61 18 81 48 91 30 35 63 91 55 7 66 57 86 19 39 63 9 13 59 14 95 50 32 32 9 51 47
17 29 47 21 88 35 15 20 39 14 47 61 2 15 78 99 81 72 83 80 69 28 1 67 68 24 19 1 61 21 75 80 63 79 42 84 69 17 24 99 40 22 79 53 59 23 12 74 28 84 56 58 95 15 70 51 44 49 60 97 77 5 72 5 21 37 4 90 34 22 35 24 66 28 50 7 62 37 54 96 57 22 65 86 82 97 25 2 12 93 56 83
35 63 20 57 81 18 93 93 57 21 66 15 34 63 87 41 78 40 26 56 11 83 85 92 9 83 29 74 23 50 66 97 100 47 66 55 70 36 85 69 98 24 25 80 7 26 87 3 28 80 9 29 42 80 17 68 65 78 48 9 88 4 53 85 55 98 76 58 10 45 6 66 73 11 66 46 16 6 66 13 4 16 39 2 15 51 49 6 87 31 13 30
29 39 87 9 57 11 2 18 15 85 43 30 53 64 51 75 86 38 99 50 93 96 67 60 20 93 6 30 23 18 69 75 30 75 66 21 57 16 2 43 18 46 30 32 47 37 60 63 42 96 81 84 21 38 35 91 74 75 45 13 85 19 32 83 64 78 23 32 90 20 46 74 42 52 7 85 66 29 29 94 31 77 7 41 100 72 29 58 29 75 6 52
50 95 49 46 63 55 56 56 55 67 70 93 10 95 85 74 90 24 13 22 15 18 53 11 6 94 57 8 45 36 71 93 86 33 53 6 65 72 79 75 92 31 66 1 28 88 52 46 45 57 88 72 1 40 10 50 43 98 63 99 100 74 61 79 57 11 15 44 61 38 88 29 66 91 29 26 8 40 27 61 31 91 33 35 84 92 63 70 45 23 15 65
6 89 84 50 82 4 32 36 48 16 91 4 22 0 35 93 71 100 99 76 77 9 12 3 8 51 5 72 53 37 31 70 7 78 28 12 35 94 13 21 48 16 55 99 12 42 72 17 100 18 13 74 29 8 92 37 82 24 57 45 75 73 37 98 26 8 53 31 84 99 74 62 17 20 42 70 78 74 42 59 87 20 63 25 47 43 53 99 0 91 55 69
62 36 75 59 45 42 6 64 10 97 76 67 31 52 78 77 46 99 92 98 17 77 13 71 28 36 62 16 32 98 7 76 72 75 80 0 72 29 51 47 46 4 0 91 72 96 71 41 54 22 28 75 7 15 73 55 69 11 1 9 37 93 18 75 75 95 48 62 70 38 13 80 88 52 90 23 4 67 78 29 44 53 38 25 85 100 6 82 96 62 18 54
6 41 25 8 17 19 33 43 35 10 98 26 47 15 34 95 55 29 23 66 1 3 84 52 91 56 4 26 90 50 33 70 12 40 90 2 21 16 49 58 46 1 87 80 39 99 72 82 4 86 80 54 12 77 52 69 39 2 71 32 38 33 20 87 5 78 97 46 37 57 60 3 0 15 58 60 58 95 49 29 7 96 75 36 46 35 59 98 3 91 8 1
38 38 81 48 56 36 33 53 80 39 62 83 51 15 17 46 46 59 3 24 77 35 59 19 90 3 57 98 85 67 69 67 31 82 23 67 67 19 86 63 6 57 73 84 46 19 12 26 76 67 3 73 31 48 5 14 30 98 99 2 59 35 35 4 12 22 40 78 38 69 27 97 3 21 0 21 77 23 36 8 84 72 57 33 17 96 29 96 56 23 20 21
6 83 86 68 12 72 42 68 66 90 6 31 15 21 70 19 72 28 11 29 67 9 37 46 99 88 63 61 23 52 47 97 77 61 89 61 40 36 82 74 93 19 46 18 2 62 4 93 50 91 18 21 79 61 100 72 32 15 60 9 59 1 38 30 34 90 19 35 87 14 27 36 70 68 84 54 1 96 46 50 31 57 99 85 22 24 92 75 39 76 71 10
29 9 65 38 59 32 20 19 28 62 99 8 13 49 87 82 47 27 70 96 60 14 32 12 29 25 96 73 91 100 51 58 63 82 84 75 0 99 39 35 13 22 35 51 12 57 21 9 42 75 12 48 9 47 84 32 74 34 12 46 76 76 34 20 74 77 47 61 34 92 62 81 19 22 94 85 19 38 87 12 60 18 76 31 90 6 12 63 83 99 86 66
17 66 54 36 76 49 93 9 70 3 12 33 7 62 98 82 77 40 65 79 97 80 76 65 65 6 28 29 39 19 53 5 49 62 60 45 14 90 40 39 93 21 55 32 98 37 70 3 78 90 63 37 68 1 5 84 85 1 20 63 78 34 13 89 96 63 86 42 49 80 51 37 64 17 6 99 49 8 21 79 65 36 19 45 16 72 67 85 15 43 93 79
31 7 8 26 14 71 10 43 96 12 20 82 11 18 93 29 90 16 14 73 10 28 18 49 47 99 23 72 21 65 50 16 70 84 97 76 93 32 61 34 1 34 99 1 30 14 42 41 62 88 94 81 79 10 69 47 73 70 3 28 12 90 2 13 47 91 6 86 18 6 3 24 16 30 11 59 95 65 91 3 48 21 42 74 3 74 40 45 89 60 86 45
3 17 29 15 39 90 83 76 45 5 4 41 6 88 87 57 48 97 81 17 77 33 65 71 43 32 60 59 54 31 92 20 71 12 70 69 21 40 40 10 29 48 67 49 10 74 80 30 49 99 58 43 85 59 80 15 5 33 16 98 69 17 85 93 89 7 65 6 88 26 61 94 46 78 29 50 11 46 72 44 92 66 40 85 63 3 67 36 84 73 72 72
80 32 6 73 96 61 23 28 38 64 85 10 35 47 50 72 76 94 17 61 27 4 39 11 18 65 53 3 46 43 22 28 38 52 51 14 72 23 96 98 71 74 48 96 72 66 32 8 100 43 6 87 36 15 35 92 59 9 89 68 45 3 78 28 10 32 67 60 41 34 86 41 58 24 18 76 80 45 9 9 31 32 34 68 9 44 5 42 81 100 14 39
2 87 19 88 14 17 55 63 1 20 29 71 38 4 74 8 76 16 41 98 54 69 83 27 88 70 26 54 50 10 25 27 56 53 47 4 5 76 48 76 9 60 54 95 42 16 3 60 2 67 0 90 24 96 38 60 50 100 51 84 79 57 35 50 69 64 0 67 17 82 78 15 88 18 21 29 45 0 98 79 23 19 70 31 86 73 75 30 51 74 32 51
4 87 58 58 48 99 44 10 39 28 16 21 16 62 4 60 21 39 28 65 28 100 58 0 50 82 84 65 80 65 17 9 60 10 66 71 17 51 25 41 65 17 54 23 74 89 26 88 27 94 34 41 59 70 78 21 63 16 29 61 64 0 66 76 14 59 51 95 97 16 96 80 75 38 43 8 37 74 7 54 17 48 13 43 79 20 21 13 11 55 8 2
23 67 54 19 95 12 88 26 77 14 32 8 57 98 97 28 91 81 23 100 4 32 42 91 83 23 61 96 49 100 77 36 14 92 85 8 15 12 90 61 47 21 4 27 36 72 50 32 48 39 12 81 55 60 54 59 36 50 83 87 7 56 54 42 58 72 37 78 5 62 37 19 54 29 87 58 100 23 16 63 45 57 67 86 96 70 88 40 40 36 27 67
0 6 81 49 27 73 59 63 23 92 8 64 80 48 69 16 93 0 65 22 88 92 11 60 21 27 64 1 83 45 95 81 75 25 75 56 11 16 17 42 38 73 52 50 71 62 84 64 33 81 5 33 22 62 33 41 10 35 49 32 98 27 36 61 54 17 8 57 97 96 93 46 17 3 91 54 13 92 61 6 27 71 68 15 73 49 68 78 90 87 8 97
17 9 80 7 8 51 97 69 66 19 13 10 35 3 90 9 38 65 38 37 83 6 17 86 61 48 8 77 87 29 7 64 46 68 88 53 97 46 78 45 35 56 93 29 25 18 84 11 78 1 56 58 95 94 48 11 28 42 64 55 13 98 47 99 60 4 7 1 94 83 9 53 9 95 51 90 4 62 81 51 37 36 99 86 63 37 48 46 80 11 38 10
27 60 66 14 47 75 71 2 19 71 8 83 100 4 94 55 6 90 35 19 67 41 78 98 80 13 91 90 99 5 41 62 52 75 16 46 6 14 61 7 33 82 76 86 80 29 88 65 80 48 10 0 63 94 73 26 2 92 80 66 86 98 99 90 69 56 16 48 22 88 33 15 94 26 74 96 10 75 2 37 54 43 14 34 67 62 62 47 72 2 3 7
18 24 59 33 73 54 80 8 36 81 35 45 11 48 98 83 71 20 60 15 63 91 15 94 61 7 34 37 14 84 21 92 24 32 31 84 25 6 62 39 22 30 43 2 2 97 56 4 97 70 42 30 62 53 91 38 38 50 5 32 38 82 17 14 56 3 45 84 25 89 77 2 73 8 5 29 80 38 75 86 15 20 92 69 94 73 3 8 53 25 28 40
47 86 3 16 93 39 59 23 99 87 75 6 15 57 49 71 6 41 95 27 52 0 43 91 73 16 6 22 36 100 37 45 60 26 70 68 39 99 32 83 51 37 36 31 86 77 67 50 5 5 45 18 43 50 91 82 60 70 97 47 19 26 81 46 56 37 18 7 94 18 78 42 59 9 78 80 58 35 36 75 74 24 69 52 46 27 11 31 100 21 17 62
28 47 36 52 40 45 0 16 71 25 64 82 9 94 14 95 77 52 27 83 98 3 69 89 58 9 62 20 36 21 43 89 75 85 24 57 53 47 2 27 34 61 25 51 88 73 97 31 34 86 28 99 68 62 33 12 91 98 93 22 85 67 25 70 50 62 57 72 44 22 0 79 78 19 61 20 36 15 33 15 79 8 56 28 30 7 64 83 95 58 18 78
90 1 7 94 65 74 91 35 88 94 5 81 11 18 74 40 24 39 2 52 99 19 2 40 31 31 8 80 6 49 43 7 100 59 34 68 32 59 8 39 68 27 72 74 43 84 51 17 39 24 74 10 96 38 82 60 48 83 3 48 39 18 97 16 13 72 19 85 7 10 44 52 89 61 80 47 26 3 34 74 57 100 62 1 21 42 53 95 56 51 16 90
88 58 42 0 93 18 9 32 91 4 44 67 39 56 81 51 28 12 5 44 6 50 77 53 91 54 47 13 99 64 61 44 91 3 13 66 94 15 99 49 39 58 82 51 72 75 55 25 23 25 66 20 35 73 16 14 42 36 39 97 18 87 2 46 53 74 78 10 66 46 2 81 40 33 66 22 2 57 63 67 34 76 88 82 15 39 79 19 92 25 30 63
90 73 80 8 4 41 49 94 100 33 94 5 70 82 92 4 61 2 70 73 76 32 37 91 91 19 43 36 20 30 98 12 16 53 79 18 42 59 51 69 58 28 45 65 66 17 30 46 90 90 25 99 48 65 57 50 49 73 41 31 40 58 26 86 40 56 18 99 90 30 43 84 96 26 68 64 25 0 17 34 39 26 31 21 31 82 84 67 81 39 89 66
82 97 62 84 58 4 30 41 75 12 27 5 72 93 58 24 70 30 8 49 53 99 5 63 38 33 22 54 38 96 21 84 81 15 60 65 3 41 39 53 10 50 44 2 38 84 66 48 0 46 87 80 89 85 7 96 27 33 59 96 16 88 34 41 2 19 67 38 19 79 78 5 76 22 86 70 81 77 3 41 1 7 89 66 3 74 35 49 56 55 12 25
13 96 1 7 13 32 87 2 9 95 44 35 80 62 24 75 72 55 21 81 70 0 49 26 95 87 13 28 43 12 51 66 81 56 81 46 61 35 26 51 27 18 100 55 65 71 39 46 9 31 58 29 64 83 23 27 21 88 25 34 94 1 87 85 23 77 11 91 61 64 27 89 28 7 27 29 35 35 38 42 47 32 25 10 25 86 17 51 3 89 23 98
82 12 22 42 55 46 8 74 6 78 94 52 21 31 43 100 5 27 98 81 73 8 68 41 28 87 0 53 57 84 38 36 98 31 43 68 55 95 33 86 2 39 82 6 5 6 2 88 79 78 55 18 8 74 72 20 59 97 17 76 78 93 68 14 28 6 50 70 94 39 72 51 82 73 30 62 30 25 93 76 17 93 57 13 22 16 56 92 37 53 78 23
3 66 88 77 80 67 45 38 22 96 34 27 84 61 28 79 82 31 60 40 48 72 56 66 84 14 40 54 6 15 37 64 92 80 8 30 11 29 65 71 27 31 71 81 91 76 50 34 8 21 28 16 81 18 74 30 46 67 47 70 40 53 17 41 86 5 29 48 31 93 17 95 44 23 66 17 39 15 79 63 93 87 18 80 22 26 18 56 10 9 13 55
24 66 84 4 84 97 35 78 96 38 70 35 93 59 82 7 92 16 21 43 8 76 97 18 45 50 95 2 89 48 48 5 64 57 18 32 12 23 20 72 11 27 74 77 26 58 36 13 38 58 34 95 44 34 21 43 39 92 75 63 58 10 35 40 16 94 18 47 25 34 85 81 65 5 98 88 45 20 20 24 95 9 72 28 93 57 52 97 56 46 91 83
68 71 9 90 65 9 26 16 53 69 57 97 97 33 50 17 81 97 60 88 11 82 39 69 94 24 15 27 54 97 16 97 86 88 63 72 34 29 56 13 43 6 96 99 82 48 51 42 91 20 36 58 86 7 57 60 64 47 10 11 45 22 18 81 24 65 57 65 92 91 38 80 35 15 30 43 90 79 35 48 59 51 83 73 76 31 35 86 16 87 86 31
27 1 43 91 16 40 50 68 9 0 79 21 27 72 58 14 18 11 6 69 71 36 92 37 44 69 11 33 82 33 33 92 72 33 53 51 7 45 75 20 31 39 18 87 64 96 21 96 64 6 20 6 36 44 39 70 25 23 42 80 11 20 13 94 87 84 23 23 86 72 64 73 44 95 8 6 97 41 55 27 43 30 52 50 3 2 48 46 76 49 31 82
62 48 88 72 87 49 77 92 36 75 19 51 36 16 88 19 39 62 13 15 20 5 37 11 45 64 31 85 94 40 81 74 10 17 58 35 8 58 89 49 79 30 75 39 96 18 43 64 49 34 41 19 67 90 35 17 9 17 51 62 59 39 66 0 39 41 67 51 38 42 26 43 81 63 89 94 33 85 76 58 3 65 30 4 10 76 64 94 64 83 2 42
3 75 46 89 39 23 12 100 69 67 97 51 46 29 11 54 36 15 55 5 9 58 59 66 20 68 34 79 13 69 18 39 70 61 22 64 35 96 20 34 66 90 52 29 22 17 41 19 90 37 1 44 64 73 63 17 89 70 8 99 4 81 71 97 1 12 61 94 54 27 56 26 37 61 76 22 94 51 64 63 0 15 6 2 45 76 96 75 49 19 27 31
62 85 9 3 93 62 74 31 73 50 74 88 13 29 50 40 44 25 76 61 48 32 70 71 11 63 30 6 46 20 38 84 8 8 97 88 19 94 27 56 18 8 0 61 44 52 53 76 94 69 28 85 49 18 63 22 65 5 49 28 95 12 84 4 40 93 0 58 31 23 100 70 73 78 100 7 90 79 62 43 69 36 77 12 66 3 53 17 91 48 67 38
31 29 43 74 22 47 12 75 78 98 63 5 96 46 14 4 41 13 78 23 2 87 86 92 78 41 68 15 38 71 90 1 67 83 34 86 47 89 15 61 71 76 69 0 29 53 25 43 3 58 7 1 27 66 71 72 72 64 66 95 54 69 54 76 41 92 52 47 23 57 69 84 66 23 42 96 65 50 81 18 51 17 24 70 77 69 62 24 90 66 69 6
80 90 65 6 71 17 94 19 99 6 63 57 10 48 96 92 36 81 60 69 76 8 19 21 63 65 36 62 55 79 71 46 32 71 16 63 19 73 68 22 0 49 28 73 47 51 24 84 95 48 66 100 50 99 12 44 61 77 4 2 28 12 32 20 7 73 49 77 87 89 98 21 77 68 44 62 74 17 2 79 52 5 38 50 50 88 10 30 22 27 92 92
29 31 67 77 36 60 22 99 6 6 59 87 41 32 79 53 26 62 63 22 63 99 98 13 17 82 27 93 43 64 5 11 29 9 3 46 20 5 54 27 72 15 95 0 56 97 83 81 95 94 74 25 80 6 36 76 63 29 65 50 59 98 75 0 85 81 47 44 95 48 32 42 72 30 31 93 12 49 73 50 88 58 9 9 23 48 29 83 2 41 100 93
70 29 35 98 21 92 90 6 27 38 44 17 59 87 59 38 72 58 95 6 35 66 40 2 100 25 71 74 82 55 79 28 75 55 33 26 54 96 78 16 23 61 25 21 88 84 98 66 74 39 87 3 82 94 96 73 58 73 51 88 12 16 98 5 10 89 80 76 83 34 25 73 37 85 29 74 55 98 46 8 62 55 89 36 78 28 98 36 94 65 25 12
69 88 35 91 13 60 14 34 74 56 97 19 54 5 75 60 97 63 69 82 80 46 68 11 97 38 20 71 55 71 21 8 11 84 42 70 39 90 89 18 5 64 72 18 63 67 79 88 99 64 52 56 10 55 17 49 73 19 67 76 2 84 26 99 14 74 82 34 89 20 12 12 95 77 42 87 1 81 29 6 21 9 80 95 12 95 97 88 44 46 31 21
44 57 47 87 38 52 5 55 98 25 28 93 5 69 83 6 12 28 14 70 27 54 63 21 99 12 44 76 34 36 93 51 46 14 48 73 61 97 17 70 85 55 96 69 8 0 2 13 96 96 65 42 23 24 31 45 31 68 14 73 21 66 27 92 72 92 50 11 9 56 84 16 2 47 1 80 4 18 29 53 2 54 2 38 15 85 48 39 84 30 10 91
29 11 36 88 17 10 21 22 50 51 5 29 16 52 23 8 65 43 62 82 95 55 30 25 97 96 5 72 47 56 93 81 57 47 20 70 27 99 89 58 46 27 60 55 12 13 98 51 86 0 5 62 22 37 55 57 54 55 100 11 66 84 85 94 100 33 82 33 47 34 23 54 76 95 49 97 73 73 90 67 99 55 44 15 44 7 56 98 20 54 95 73
95 51 63 61 8 7 76 12 0 42 40 36 65 34 83 62 38 17 39 75 100 46 37 94 38 86 94 17 19 70 31 34 60 41 35 42 42 87 36 70 93 22 30 5 66 16 29 47 67 0 29 94 57 59 28 87 27 0 98 90 20 20 83 18 29 39 45 96 5 72 77 31 52 92 99 15 11 78 79 99 85 37 97 38 72 69 73 99 16 44 63 35
68 62 32 55 83 30 57 70 50 7 69 91 21 31 44 37 81 57 79 95 37 44 94 37 47 31 47 93 28 76 75 93 61 44 22 25 36 24 97 1 8 63 84 1 51 33 14 49 84 37 91 30 97 99 4 23 63 67 55 77 81 31 15 73 2 77 56 94 69 32 76 69 100 28 60 14 19 16 60 21 95 10 55 70 63 52 15 74 37 93 1 45
6 13 93 80 1 45 28 40 0 46 26 16 47 71 50 10 93 3 72 82 88 19 64 94 61 29 48 34 67 35 48 59 69 75 88 75 98 88 82 26 24 75 17 30 25 3 63 94 97 30 60 83 72 35 62 100 93 68 73 8 5 2 5 98 31 5 82 93 51 79 67 78 66 19 92 36 94 86 22 63 89 45 1 12 15 79 54 38 52 98 13 65
4 11 65 60 95 37 20 98 29 58 70 38 51 73 83 74 39 77 49 58 91 32 81 49 69 41 84 13 28 56 53 16 64 96 50 9 82 2 3 12 60 27 9 97 82 20 96 29 100 4 100 66 55 40 75 49 68 25 22 47 36 19 24 87 1 48 57 66 98 42 100 25 63 79 82 84 81 21 27 85 96 35 62 75 68 18 28 53 22 25 80 37
92 98 98 55 58 27 67 100 96 99 38 5 87 3 97 39 68 18 61 79 33 40 19 71 99 91 49 36 3 71 73 20 30 19 35 56 40 18 51 77 56 43 4 68 22 16 70 33 84 68 78 12 79 3 7 52 88 3 51 95 73 33 17 18 59 65 70 62 87 25 43 36 47 57 64 99 84 98 36 38 53 19 48 76 80 40 32 99 76 63 26 39
53 53 86 56 79 88 45 2 23 86 90 100 59 20 69 95 32 60 12 12 57 16 89 71 2 0 22 51 69 53 15 57 62 79 4 76 31 57 10 54 7 56 57 15 22 23 48 37 90 13 51 68 91 9 47 54 37 39 95 31 25 24 7 69 12 86 38 67 53 37 29 74 11 18 93 94 8 28 95 59 21 97 43 5 48 76 57 12 27 70 66 28
57 45 58 61 48 52 64 44 7 17 83 57 73 61 42 37 95 83 95 38 2 39 51 81 84 69 50 37 40 66 63 29 50 62 48 97 6 70 3 30 48 82 30 36 35 61 4 46 42 45 9 84 90 76 50 73 66 47 92 13 31 50 81 31 27 20 96 37 0 82 97 84 27 64 49 46 62 100 52 38 26 12 63 96 68 55 49 61 79 58 26 10
51 93 30 45 46 57 82 53 55 29 53 3 85 27 57 19 95 45 50 15 2 100 44 83 7 74 86 37 88 24 82 10 66 52 31 17 10 93 89 82 13 72 100 34 87 35 24 34 79 96 28 95 40 18 81 90 74 2 11 28 67 35 56 8 84 35 34 75 56 19 65 7 24 19 80 70 56 68 64 30 79 26 96 31 93 73 13 46 67 47 54 52
7 48 62 37 31 96 70 78 11 0 77 33 87 93 58 97 42 26 18 24 11 75 71 93 40 35 46 53 2 80 52 35 67 17 22 45 58 26 51 77 84 8 6 12 36 0 77 30 14 51 19 94 60 90 70 81 28 82 53 46 38 36 28 68 52 33 69 65 67 73 11 58 6 25 26 91 69 60 3 28 89 30 0 92 84 36 17 78 90 33 35 51
51 4 41 77 85 74 35 2 89 91 32 54 88 60 14 58 71 61 94 57 10 57 36 72 3 30 9 57 19 53 53 55 62 31 58 76 79 61 79 24 83 45 91 56 67 97 37 89 93 31 79 69 82 2 8 84 22 93 95 48 5 6 94 89 64 100 12 2 57 12 93 8 80 62 77 67 31 63 95 90 1 92 76 91 84 63 25 100 97 59 24 84
55 34 47 65 20 84 8 81 1 22 0 24 59 49 86 53 13 74 52 81 23 8 15 73 86 25 33 77 26 38 51 10 20 82 9 8 86 30 79 79 56 27 63 37 72 44 69 2 57 14 92 82 97 56 14 19 21 43 48 91 8 61 15 100 9 85 10 32 8 75 11 6 47 70 24 41 36 75 88 38 92 7 28 17 76 76 87 86 90 80 11 14
62 8 69 94 90 92 75 53 61 33 1 16 33 32 43 92 71 55 75 35 47 8 43 96 17 1 41 28 36 91 82 57 58 88 77 71 46 47 11 1 61 27 9 19 60 31 55 13 94 54 79 88 68 99 86 36 11 36 45 89 64 5 53 67 53 87 4 5 53 43 14 36 31 51 84 20 5 80 72 48 64 45 21 5 68 99 98 52 82 64 94 46
31 5 41 12 66 100 86 31 57 61 28 99 1 77 33 15 54 61 73 57 48 4 37 90 100 74 54 34 49 26 1 26 52 85 18 32 3 68 44 87 54 46 14 48 27 34 6 62 27 93 28 70 50 46 55 87 48 9 88 89 24 57 46 82 93 56 21 10 45 71 63 61 96 92 57 81 38 97 29 85 46 57 5 10 20 89 12 11 27 3 36 19
78 92 6 72 8 97 83 56 39 97 5 48 65 55 24 45 95 53 97 49 99 40 25 73 83 47 43 24 35 58 10 81 5 29 78 38 17 38 82 44 5 92 42 34 44 55 84 63 8 40 71 54 39 4 17 71 11 71 44 97 48 46 4 24 17 28 23 28 43 39 30 58 25 96 52 67 59 58 4 68 67 56 29 43 26 43 95 85 59 5 73 88
