64 93 32 100 57 6 83 100 21 97 89 2 69 45 85 85 38 16 86 16 49 97 37 8 4 2 17 96 38 74 50 33 46 92 30 90 87 20 98 53 82 82 43 94 13 50 79 83 75 25 6 95 54 35 74 78 37 66 53 6 32 52 6 34 19 29 52 51 53 77 35 13 50 16 80 81 11 64 74 40 84 33 52 76 10 28 28 61 54 79 94 86 46 96
65 90 96 39 46 37 73 62 25 94 87 41 2 48 94 73 49 25 94 29 8 64 5 40 12 15 60 3 62 44 5 8 29 3 74 51 65 6 80 47 94 12 28 89 84 70 29 65 59 35 62 17 21 40 31 10 28 31 32 80 93 22 7 69 93 62 91 52 1 49 93 92 57 19 63 46 2 1 7 55 16 29 10 52 21 8 25 97 74 92 75 55 38 78
37 79 16 32 57 86 33 77 58 88 51 37 28 90 78 91 71 12 48 40 64 28 73 53 30 35 68 33 55 71 80 69 50 18 59 86 83 48 97 64 47 21 12 32 73 5 10 24 60 3 67 57 85 53 38 25 91 32 77 35 73 74 11 41 79 78 71 65 41 35 19 93 24 30 55 56 84 96 14 11 61 5 29 13 54 97 19 82 16 14 12 67 86 32
87 81 48 56 74 94 65 93 36 1 10 13 1 47 50 3 10 4 11 7 28 78 31 88 45 61 9 0 55 76 3 65 100 94 72 72 96 50 59 84 18 65 34 79 18 93 22 87 97 77 62 91 16 95 62 83 8 82 26 31 24 67 31 22 68 94 37 13 21 34 91 33 6 56 42 39 95 28 42 45 82 78 82 28 77 50 79 4 94 81 12 81 27 89
60 58 55 20 15 59 71 97 16 94 3 89 84 27 2 90 95 41 9 37 14 69 88 95 52 21 60 96 38 89 67 23 59 61 60 64 42 81 10 34 3 98 95 67 63 48 99 0 100 10 53 19 0 56 90 37 63 30 47 86 13 75 5 93 100 40 31 57 51 28 8 52 34 48 97 85 19 71 29 30 8 80 53 57 10 11 66 24 74 59 80 99 35 58
80 81 23 58 94 92 75 79 62 12 98 20 83 3 91 3 54 57 23 67 37 27 10 86 66 11 72 28 28 60 78 30 99 77 72 84 17 55 74 97 91 92 67 66 67 88 59 69 19 65 71 61 62 82 40 36 88 70 96 43 14 47 13 10 74 86 86 39 44 81 4 21 54 1 35 67 25 11 27 63 69 32 60 6 92 5 43 93 72 33 18 1 22 79
93 67 63 12 22 98 57 6 79 24 41 70 5 1 7 83 95 30 59 85 63 37 39 25 43 31 50 36 42 9 48 32 99 18 96 64 29 32 56 14 74 15 57 92 98 3 35 35 3 93 49 26 59 83 94 12 97 88 45 87 18 42 42 19 94 80 45 72 39 81 93 12 97 49 97 62 73 87 73 56 5 9 43 39 59 28 36 82 21 14 87 12 88 56
55 57 46 92 13 1 72 88 78 86 92 40 71 69 9 15 8 36 47 38 82 55 23 15 84 48 70 18 42 86 77 34 95 38 69 27 87 72 55 26 18 46 54 100 60 22 35 18 55 66 12 78 86 65 98 54 44 35 89 25 91 63 48 33 39 85 75 10 53 95 2 80 81 33 49 55 68 93 93 56 19 74 18 59 73 46 52 60 6 89 96 43 36 3
70 40 6 79 93 5 17 94 57 62 78 53 82 89 43 58 64 45 10 31 11 53 87 15 79 72 17 100 89 41 28 3 42 31 67 50 30 54 37 18 6 77 76 15 73 55 33 53 89 74 64 30 60 8 89 6 18 23 80 63 50 77 91 12 5 44 31 72 80 0 11 73 64 57 46 63 75 90 5 87 4 0 17 79 25 55 70 27 72 65 58 41 9 80
81 19 40 21 4 81 28 9 87 62 49 17 13 80 23 43 10 59 85 66 95 69 61 95 84 82 0 37 30 95 78 20 72 89 79 6 15 98 39 62 55 67 98 37 44 2 28 52 30 49 77 18 51 39 6 39 74 22 42 26 37 38 25 41 93 29 63 20 68 11 54 14 58 34 13 99 8 81 66 17 66 15 92 8 95 24 96 99 89 31 54 74 34 40
8 92 66 8 88 100 5 81 87 84 59 82 38 48 25 77 17 64 70 2 57 54 85 22 68 79 41 78 50 81 13 91 41 23 21 84 20 27 29 27 96 71 70 38 13 77 56 83 83 84 31 26 71 17 59 68 19 37 11 53 37 11 58 36 41 6 32 58 63 0 80 64 59 16 90 78 34 8 44 23 56 33 65 80 24 87 57 46 63 47 1 75 47 82
57 34 35 25 3 14 88 51 23 51 11 49 92 100 95 67 43 18 24 7 88 37 94 85 88 94 76 42 30 50 16 3 5 96 84 91 46 12 73 28 26 27 14 26 98 21 73 82 80 64 12 45 44 82 47 52 29 47 79 1 59 5 65 5 67 24 44 73 21 78 68 15 32 0 34 5 98 57 70 98 33 74 38 47 53 94 22 71 26 73 5 22 100 83
70 57 19 5 39 28 12 82 21 86 67 32 69 18 6 45 53 86 90 61 41 53 13 23 90 100 10 5 14 77 80 66 19 86 60 60 77 58 93 11 54 44 39 35 76 61 83 26 25 67 61 89 71 0 41 99 76 54 45 9 22 48 72 37 30 61 27 40 39 56 8 80 95 44 45 46 62 86 20 57 31 72 7 18 84 9 93 5 87 43 14 83 83 3
87 39 86 52 65 88 72 83 64 64 4 57 30 98 18 11 58 65 20 74 57 23 82 33 90 8 66 8 34 17 69 45 88 82 23 81 95 41 48 84 96 96 72 3 32 77 96 0 20 89 15 0 96 97 75 36 84 100 93 11 83 81 88 26 85 30 5 82 71 51 54 51 23 53 55 7 2 19 66 7 50 9 98 19 45 45 27 70 23 20 21 89 71 15
98 9 94 37 5 72 22 24 73 74 14 11 45 90 20 14 57 98 89 14 68 82 73 99 3 8 98 24 55 78 40 7 22 91 90 20 50 61 57 13 39 72 76 42 58 6 66 39 76 52 97 26 7 45 5 71 1 15 50 7 90 29 76 90 44 54 3 6 53 85 60 6 55 32 69 55 33 36 17 94 90 48 65 86 100 4 95 29 90 11 27 29 30 63
52 5 83 89 3 12 28 72 50 3 90 6 64 16 36 55 95 75 24 97 38 97 4 80 38 6 51 40 33 41 20 100 96 40 49 49 88 80 65 99 11 89 97 34 38 87 25 41 3 2 91 41 81 95 34 58 67 76 82 37 26 56 25 24 66 6 10 76 15 86 83 19 49 29 4 77 7 18 56 85 17 48 27 99 97 52 94 3 38 27 6 98 43 61
78 87 15 82 14 61 38 23 61 21 73 75 10 81 29 20 5 34 25 49 90 93 28 94 29 80 88 24 4 88 29 16 0 51 40 88 25 50 91 74 75 38 0 76 87 82 68 19 43 95 65 55 39 65 24 1 25 13 77 53 42 18 59 11 98 14 23 16 38 88 33 43 7 9 92 8 46 8 13 53 85 10 43 28 36 20 28 79 48 93 68 75 17 99
21 62 5 87 44 61 33 45 38 7 61 73 59 99 68 31 27 59 15 13 1 66 17 5 26 46 42 100 47 68 72 26 46 13 41 39 51 47 71 74 1 35 14 70 6 71 44 100 89 14 79 42 20 33 74 68 0 71 85 38 72 20 47 75 69 40 51 29 32 28 78 34 79 76 66 87 90 56 36 25 39 36 62 33 41 70 45 36 87 35 85 77 15 30
71 69 79 41 88 74 8 59 77 73 49 6 99 43 16 49 50 53 66 56 10 90 66 63 85 67 15 68 74 56 13 4 23 48 28 16 55 63 16 16 5 83 74 41 25 32 38 58 3 79 49 22 94 100 74 49 34 24 97 23 19 38 91 86 40 52 3 68 72 55 46 51 36 38 7 38 85 45 7 80 84 39 8 10 56 96 50 57 28 56 36 60 1 90
58 23 4 18 28 9 21 82 28 8 99 42 21 27 98 77 61 19 59 94 100 97 26 2 51 58 54 65 40 27 68 37 40 4 8 38 54 51 87 24 22 85 68 64 32 83 80 57 38 83 88 81 90 22 66 90 66 62 86 54 72 49 92 54 19 87 47 35 70 15 13 32 60 45 99 91 34 29 18 88 10 82 97 26 98 13 65 18 83 84 44 25 9 2
48 48 47 4 67 35 93 9 82 69 98 37 20 93 51 74 39 13 4 38 84 93 68 19 36 3 31 1 97 48 44 75 76 19 4 34 69 77 68 68 59 50 71 93 25 62 83 18 85 3 86 47 4 71 55 21 9 38 44 43 18 74 30 50 79 55 75 25 64 84 65 89 45 7 84 20 38 38 56 1 53 22 38 2 55 74 61 22 27 28 94 27 26 93
41 30 45 31 68 23 55 37 48 56 12 89 40 8 47 83 28 28 31 99 12 61 32 80 97 100 72 97 17 28 97 3 65 75 54 30 54 78 49 61 67 33 79 97 66 42 4 5 31 64 23 15 29 59 33 98 29 18 51 50 94 50 36 87 61 85 4 83 63 32 97 26 37 3 58 4 8 85 72 25 39 14 25 64 80 75 7 99 64 41 69 49 23 70
17 52 38 38 76 79 87 5 32 85 41 66 55 84 80 83 83 63 49 19 24 80 19 68 48 55 44 59 24 53 79 69 79 59 95 41 33 84 14 5 83 35 54 0 66 5 21 84 47 77 28 4 6 81 15 62 43 38 71 52 61 11 64 43 65 25 93 47 15 33 53 97 67 93 35 1 23 25 68 60 55 29 96 63 40 85 38 31 45 75 41 90 100 66
8 52 3 10 62 30 67 34 92 99 89 56 56 43 9 67 77 35 65 13 93 86 79 17 98 10 76 18 97 46 97 74 58 92 39 5 23 5 20 44 52 39 26 92 63 78 81 53 45 1 14 16 36 25 78 95 32 48 58 31 77 6 21 22 15 14 31 26 27 41 5 86 70 65 70 4 71 8 16 16 67 28 3 75 80 48 3 96 87 56 58 91 46 53
93 11 31 59 21 82 42 15 43 19 77 77 32 76 61 42 62 94 23 98 69 96 5 3 13 55 5 47 21 94 18 37 10 36 30 10 78 71 55 50 23 100 32 19 9 63 52 52 5 9 3 61 79 96 5 17 68 49 36 51 86 50 63 14 0 8 38 25 68 53 48 28 3 56 15 86 56 70 76 86 29 80 39 53 20 88 37 55 59 50 31 53 70 12
55 14 43 41 88 31 11 32 57 85 53 57 32 60 100 29 97 53 66 80 45 34 61 54 0 42 69 80 98 100 86 42 50 62 22 80 83 16 99 95 93 33 66 6 61 59 51 68 29 42 9 59 11 44 56 18 76 71 6 9 32 23 75 0 51 11 71 44 39 65 21 87 68 24 94 98 92 88 11 79 100 76 93 41 62 33 24 52 9 72 67 0 3 69
16 90 43 4 46 89 86 92 81 24 59 21 73 1 11 3 69 46 100 77 69 42 31 35 33 35 81 41 91 33 71 82 31 35 18 58 82 90 24 32 89 53 0 54 0 28 37 95 72 59 4 61 1 83 46 83 60 0 63 23 49 45 46 15 86 90 24 27 66 11 77 21 91 63 64 3 68 57 84 23 34 82 60 2 3 29 39 39 54 33 37 83 48 44
68 70 6 76 36 81 100 49 67 38 8 78 93 70 76 67 67 0 16 2 1 85 97 91 16 64 75 65 56 67 19 33 58 98 26 5 61 44 51 40 54 62 64 25 63 55 74 79 41 94 10 21 89 42 37 73 51 84 57 31 6 15 5 16 65 96 11 1 17 53 91 86 21 100 67 0 2 57 67 42 84 13 9 78 58 43 48 8 32 95 60 94 64 37
92 66 47 95 95 80 81 69 89 81 64 29 32 64 99 12 17 41 0 49 51 71 84 58 53 13 56 64 76 27 62 57 69 12 78 21 82 48 11 73 57 30 50 52 85 81 99 97 49 34 63 32 1 82 78 63 32 22 18 35 54 54 50 41 77 8 66 45 93 2 64 36 7 45 0 8 79 19 90 61 58 16 37 67 48 14 67 8 33 77 49 37 85 14
83 41 100 81 92 68 76 39 46 62 67 73 79 98 5 77 63 29 4 51 78 89 9 24 92 11 27 58 90 44 79 34 23 31 42 64 20 32 35 34 97 80 96 19 53 87 19 66 49 81 41 94 60 31 86 33 40 57 69 97 29 7 13 8 82 57 14 55 68 67 34 38 67 73 57 20 44 27 23 37 13 6 73 75 23 100 79 32 92 95 23 81 72 63
37 22 52 13 59 67 93 61 38 100 6 69 29 50 72 18 91 59 5 86 35 61 44 84 48 80 10 24 33 80 73 12 10 69 85 29 15 69 1 7 1 60 82 80 93 81 47 39 63 55 21 38 6 10 43 28 11 87 22 79 20 4 27 25 81 49 86 16 60 71 40 17 92 79 62 91 22 9 4 65 37 43 3 34 80 22 39 2 80 27 32 89 8 88
99 78 54 70 78 33 16 2 10 39 82 9 2 96 62 79 85 14 57 8 85 55 3 94 5 28 47 84 5 82 97 42 15 49 16 83 93 33 74 39 29 88 16 88 33 27 67 6 43 58 22 11 8 15 14 26 44 17 84 86 47 42 1 72 51 0 82 39 75 20 56 88 68 19 14 36 25 39 32 3 57 56 17 45 97 7 61 99 72 29 46 76 0 23
85 9 26 97 3 75 3 82 52 44 31 51 47 35 87 0 42 69 88 65 46 27 7 76 49 60 8 2 0 70 9 5 17 50 7 80 27 81 68 47 1 89 49 84 65 27 56 77 0 56 98 16 38 69 35 43 69 51 28 79 69 57 83 38 82 12 25 2 93 60 19 77 17 76 73 38 94 26 26 72 86 92 83 32 56 89 67 72 50 17 56 58 65 7
86 28 12 70 1 96 79 36 12 52 54 96 18 30 2 80 7 76 82 78 99 28 87 42 49 47 94 96 83 20 32 17 66 28 57 24 33 55 75 63 72 10 70 77 56 47 51 92 97 25 17 52 34 35 68 82 92 34 36 55 50 52 11 1 68 13 100 69 90 96 9 90 45 67 3 19 78 64 48 27 18 60 75 47 45 18 13 49 13 99 80 8 51 43
59 93 19 56 77 34 57 23 70 23 58 72 3 84 27 40 40 42 60 53 62 92 48 66 21 77 47 16 6 68 90 17 58 26 100 74 34 93 34 46 52 92 46 13 2 87 98 15 62 37 13 84 82 18 33 50 56 85 76 22 82 37 50 97 25 75 31 72 66 8 88 40 24 30 15 13 51 30 58 46 31 76 30 57 14 2 19 43 80 25 30 92 27 12
21 16 23 19 57 20 70 94 40 77 10 92 36 60 48 10 35 14 16 0 64 4 26 98 6 41 43 61 1 12 10 46 64 35 17 7 21 20 90 32 94 76 3 63 33 41 3 42 45 54 19 43 35 18 70 59 71 8 24 12 48 32 47 17 57 7 15 9 14 93 16 90 82 67 65 17 92 3 8 60 8 64 81 16 53 30 86 73 10 56 23 62 79 64
63 66 4 23 31 59 23 11 4 43 56 52 97 26 82 53 45 100 91 39 90 96 97 83 1 60 67 13 20 65 60 50 22 29 95 91 43 62 83 50 28 91 22 3 54 18 79 54 34 46 16 94 6 42 18 71 60 37 38 56 99 12 50 73 85 23 29 15 73 95 55 10 81 63 99 38 96 36 90 74 83 81 98 98 79 24 62 22 9 91 38 41 46 33
9 17 26 71 62 54 78 19 58 42 65 1 48 61 78 5 34 8 93 91 17 41 35 49 81 3 31 62 96 26 78 36 50 72 97 49 94 82 92 70 41 49 21 99 47 20 42 93 21 88 42 96 39 72 12 80 82 6 71 26 31 33 18 14 66 41 57 19 88 28 56 64 50 60 22 50 88 34 57 22 7 86 95 3 73 68 27 69 7 68 5 42 52 29
73 93 89 44 62 85 51 83 92 11 44 22 69 66 83 78 4 1 11 34 48 75 30 8 85 83 42 50 53 15 95 44 13 79 37 59 3 21 5 47 69 31 28 95 0 4 44 5 89 16 26 66 57 93 21 78 74 21 71 26 54 61 69 56 20 49 62 70 75 43 64 12 34 45 47 44 92 14 93 59 81 21 12 34 43 14 84 49 15 76 73 6 52 12
91 35 76 94 25 78 92 83 76 5 43 86 13 51 62 33 8 39 10 94 26 31 53 8 45 22 31 46 12 45 83 25 79 5 34 0 96 69 68 83 3 8 51 47 86 37 39 94 42 77 64 82 39 59 26 5 4 21 67 10 17 4 9 57 4 19 37 18 70 55 72 59 70 42 68 55 94 35 97 54 18 15 19 92 20 15 80 71 55 61 70 77 37 94
21 36 43 56 51 15 50 75 78 82 78 36 76 66 86 81 69 5 13 96 53 48 32 63 87 73 65 69 18 13 59 55 1 55 72 75 1 29 79 84 0 13 94 65 26 70 91 79 31 82 71 25 32 61 42 75 60 47 90 14 33 11 26 25 72 93 4 70 19 71 27 7 91 62 2 97 47 65 97 67 96 48 33 96 67 12 28 83 80 60 7 72 74 70
16 81 58 89 47 85 8 4 27 66 78 0 67 65 74 24 19 28 64 83 68 68 42 59 19 79 21 86 57 66 51 96 2 89 87 96 16 51 97 46 25 44 40 95 83 70 22 5 12 75 95 98 77 77 12 28 29 91 8 9 22 22 11 57 53 9 33 45 3 35 57 81 91 12 51 72 13 44 76 10 31 50 35 23 10 54 15 31 76 73 98 59 16 92
62 70 98 3 30 65 0 69 81 48 15 76 48 86 39 2 96 21 43 44 63 47 94 12 38 31 23 54 89 13 92 10 17 61 95 94 39 54 16 7 86 89 89 63 73 43 28 90 74 58 8 6 74 40 10 66 43 55 75 95 59 32 10 42 29 9 5 12 4 39 20 36 13 50 73 41 65 34 67 59 87 66 28 74 60 92 4 29 35 85 60 84 34 7
7 89 31 76 18 3 53 28 81 40 1 31 28 48 62 51 50 42 18 96 9 79 15 17 46 56 68 19 42 51 44 42 99 72 94 90 14 49 44 99 3 76 95 29 11 13 88 43 45 67 33 78 91 13 86 84 16 92 82 76 29 76 48 68 98 70 64 59 51 28 41 80 13 29 59 36 88 89 42 70 90 55 81 13 0 96 29 58 52 0 10 15 62 88
62 81 19 78 82 62 86 86 44 59 10 56 63 94 92 30 5 72 52 46 54 36 68 31 57 97 37 21 53 41 53 93 52 7 69 33 72 72 67 6 6 94 70 5 68 28 26 27 70 68 84 73 74 31 68 71 89 49 20 51 38 62 92 85 59 29 24 87 52 40 16 15 46 24 6 64 74 32 63 60 71 67 78 4 47 81 73 91 38 51 38 75 13 73
89 100 14 83 23 61 73 73 94 66 92 9 25 50 88 87 92 43 12 20 14 16 34 49 15 48 83 58 44 15 10 19 66 94 36 82 23 66 10 89 78 6 5 49 81 67 42 48 10 55 100 49 5 64 74 29 54 19 93 1 43 9 79 38 100 85 82 62 87 57 14 97 69 78 40 81 38 47 2 77 69 43 72 38 89 94 9 24 11 11 20 15 20 95
22 90 8 42 68 69 97 78 65 60 35 7 98 57 59 13 51 27 38 86 48 87 88 57 35 26 7 55 75 71 77 0 23 37 1 17 81 29 32 93 38 67 92 45 93 77 82 69 20 92 91 19 3 54 63 31 69 70 83 54 1 30 74 81 67 66 100 94 13 40 89 13 76 48 63 5 77 87 65 59 51 68 17 13 51 86 35 21 74 22 38 99 76 51
42 50 78 74 47 79 100 86 100 56 73 48 16 98 12 81 26 15 67 99 47 27 16 67 46 69 25 19 87 30 28 71 47 100 2 12 7 58 38 25 65 70 40 13 87 40 62 3 85 24 67 100 0 39 81 32 90 84 69 23 28 14 89 76 22 44 36 34 29 45 46 61 70 100 40 4 21 92 93 36 30 74 54 38 34 62 46 13 99 45 64 8 63 86
5 33 33 95 79 2 43 43 7 19 5 57 100 50 27 94 99 9 77 8 82 68 54 49 54 94 57 13 72 0 78 71 67 78 62 54 50 44 46 50 55 90 35 24 96 33 10 17 17 18 44 45 56 15 65 75 74 84 68 70 99 34 35 8 76 55 11 97 79 79 30 71 26 48 5 28 32 20 7 58 31 97 15 48 77 44 48 36 100 6 18 98 23 10
24 50 93 59 24 97 63 77 24 74 52 22 81 99 12 8 53 27 7 89 53 22 22 42 19 47 92 0 46 11 1 43 66 18 1 68 61 84 58 73 31 41 79 94 29 6 90 90 72 67 70 67 47 62 55 51 26 86 97 35 16 4 59 74 12 17 22 17 36 18 19 69 34 22 78 29 58 66 80 15 96 57 35 52 89 20 7 70 7 52 39 60 12 60
12 70 18 92 4 52 73 74 81 74 17 99 19 30 63 86 45 66 96 69 15 93 68 76 14 50 71 22 68 73 41 96 40 81 1 96 40 3 74 48 22 60 58 53 24 33 38 74 16 77 88 88 65 3 34 46 47 48 61 18 39 88 14 8 70 81 13 98 51 9 2 61 42 51 23 81 75 28 65 58 89 69 63 50 32 2 64 11 89 58 84 33 39 57
45 7 14 62 60 57 32 71 95 40 13 93 97 12 21 88 1 31 63 27 61 43 89 60 6 47 43 33 88 1 12 43 16 2 51 32 17 53 50 77 11 26 42 68 43 40 91 93 37 23 34 52 63 88 74 44 40 82 88 2 51 30 62 14 18 49 55 47 1 73 34 69 43 2 8 29 55 31 10 87 61 90 72 31 57 57 17 70 31 3 77 1 92 75
84 83 29 21 31 58 86 90 15 23 72 11 63 98 25 43 14 23 23 43 9 33 24 39 86 82 17 34 60 18 30 58 26 91 68 47 19 11 29 42 21 89 56 31 80 24 92 26 70 57 65 5 39 15 51 58 55 16 23 31 71 20 70 48 89 28 11 89 91 41 20 53 99 58 57 84 37 29 68 74 66 64 61 98 23 12 95 48 24 43 7 46 67 80
5 75 39 58 20 12 90 24 74 46 17 97 69 31 27 22 57 91 36 67 73 7 93 68 20 60 5 67 58 49 83 0 17 32 62 28 93 2 0 17 34 32 84 25 60 31 94 87 25 25 32 34 8 38 74 41 54 30 12 97 7 21 1 35 60 29 97 8 75 32 27 34 82 74 100 94 82 52 67 41 72 60 19 67 35 57 93 53 79 37 42 32 53 81
55 64 36 69 50 7 90 51 35 74 87 81 20 1 44 39 62 9 60 83 66 95 33 25 58 70 61 8 14 57 47 60 79 30 33 64 64 33 1 68 6 70 82 32 48 40 29 11 41 91 11 35 23 58 86 50 30 75 71 25 18 78 91 95 12 75 22 46 32 50 92 20 67 54 20 80 58 36 68 63 64 32 29 65 0 18 34 16 67 10 12 69 3 44
47 5 15 67 27 8 23 84 76 11 100 26 32 28 16 32 13 33 88 34 67 65 62 39 63 29 0 72 0 46 79 15 86 97 37 86 41 31 12 92 82 12 21 82 1 40 77 94 74 46 99 59 42 12 44 27 44 49 95 58 1 75 10 62 5 58 41 12 14 92 91 27 71 100 37 92 92 10 16 73 95 28 52 25 63 63 94 59 71 70 87 93 71 39
3 19 38 31 30 89 70 62 12 1 64 90 77 20 58 43 49 83 26 71 32 50 24 52 94 68 88 59 13 65 43 87 47 4 70 57 94 49 44 24 78 77 80 100 1 34 81 97 58 48 50 12 71 64 74 21 90 24 49 28 13 86 96 89 33 91 32 12 100 31 4 51 1 68 76 9 2 77 55 51 13 8 79 22 53 97 57 20 40 23 17 94 2 31
1 37 80 19 33 58 32 94 54 52 74 25 37 81 11 66 82 60 34 75 14 38 83 65 14 17 12 16 53 4 1 26 49 13 47 1 96 20 18 40 53 26 15 29 56 95 40 8 22 98 56 30 33 40 85 32 72 86 55 22 88 45 15 100 75 2 14 42 74 39 19 76 7 80 34 21 97 68 54 70 86 93 54 68 36 64 76 0 64 26 67 78 43 83
31 98 79 64 67 34 76 31 25 37 39 32 54 45 49 58 97 0 72 84 49 24 18 97 13 40 14 14 33 96 22 23 39 61 39 65 77 19 71 41 98 91 89 33 22 53 55 12 98 73 5 18 4 15 49 92 73 4 58 18 83 28 21 1 49 74 69 64 94 27 59 97 37 94 13 3 16 3 8 83 74 13 13 88 52 61 25 38 11 18 88 97 70 61
91 52 44 96 57 17 67 95 59 19 35 36 34 15 86 19 41 33 71 22 18 97 49 8 36 65 92 50 51 93 47 97 24 91 49 38 18 63 27 91 50 75 58 17 68 88 64 79 9 41 59 18 94 18 73 99 72 87 100 73 43 20 100 88 7 82 55 56 73 94 60 100 99 48 72 14 13 24 1 39 44 73 15 15 2 80 78 87 9 61 76 45 20 91
1 60 60 19 7 67 25 59 46 45 91 12 52 27 33 34 52 47 21 20 87 61 72 89 24 6 87 52 42 96 59 100 40 74 70 8 66 36 66 58 32 76 57 83 78 90 21 59 2 3 45 93 42 25 20 23 33 70 71 99 62 7 39 51 21 81 6 22 87 36 6 46 74 81 14 30 80 42 10 72 16 16 44 31 59 53 57 100 2 84 75 14 66 58
99 76 54 58 21 91 42 16 54 34 88 38 94 40 47 9 55 13 12 47 77 26 78 83 0 52 79 87 94 42 39 25 9 28 43 27 12 94 52 59 59 21 70 91 30 94 2 28 9 65 80 10 63 91 83 14 9 44 39 61 54 66 24 100 44 35 1 62 40 60 77 91 64 76 24 32 80 9 79 75 50 37 7 12 89 66 75 89 57 41 56 34 57 89
77 82 35 67 77 14 30 6 22 95 17 48 5 7 40 54 18 64 26 2 20 1 91 18 41 21 32 40 26 5 70 15 38 76 41 15 36 49 91 81 32 60 29 34 82 12 61 53 1 96 38 79 96 98 79 64 32 93 78 57 36 48 59 18 10 48 20 29 89 77 15 70 82 30 66 67 51 28 50 68 29 51 40 28 40 24 5 8 53 66 11 94 52 46
57 66 17 3 10 16 69 57 45 57 41 70 57 48 17 60 65 67 62 63 4 58 4 31 15 39 63 55 52 50 57 20 72 1 6 32 83 98 59 87 48 54 36 12 60 15 62 12 46 98 28 98 88 40 64 26 20 52 97 93 79 42 32 80 67 14 67 49 45 87 34 84 13 42 44 75 42 91 69 21 63 11 53 76 85 1 11 59 59 47 17 5 25 58
27 7 25 95 78 91 62 5 42 27 1 41 79 64 32 26 69 12 95 43 91 94 42 19 23 57 81 60 64 75 68 49 92 0 53 5 27 19 69 37 86 81 9 30 4 4 62 21 70 32 27 15 43 46 6 49 34 57 78 6 91 35 39 100 100 2 26 42 28 62 20 25 64 37 99 75 87 60 97 100 76 48 15 15 71 68 29 24 87 0 42 28 21 74
47 27 26 92 68 52 50 49 25 59 49 92 96 8 31 11 13 18 49 66 37 38 55 91 76 4 22 52 24 26 45 61 64 17 87 54 22 43 47 27 7 61 15 40 45 67 33 50 68 79 14 0 40 51 13 74 70 91 46 56 44 80 16 3 66 56 79 68 69 21 100 16 29 22 26 81 82 21 93 60 69 54 7 9 39 28 88 91 92 81 56 64 65 76
7 65 45 13 73 93 52 64 17 64 58 18 100 21 58 10 52 81 45 4 32 38 6 52 40 72 29 87 70 75 33 54 4 48 64 39 44 66 31 30 31 27 22 86 57 96 65 57 79 100 68 49 68 30 58 68 76 89 8 59 62 66 78 5 81 2 92 43 52 33 7 44 97 18 98 64 25 20 3 72 45 8 63 11 41 2 73 30 35 49 45 70 62 27
18 83 77 44 94 53 59 61 19 57 31 55 53 47 70 76 95 97 21 52 77 30 84 21 19 53 33 52 62 69 56 34 50 99 46 94 34 91 91 83 36 88 50 17 20 80 52 50 19 64 1 42 51 50 71 83 75 82 83 53 27 49 59 75 38 99 2 64 51 62 24 58 15 19 87 53 61 30 4 45 18 39 100 30 16 44 3 39 94 7 70 50 79 83
67 29 65 21 84 81 33 49 74 34 13 97 21 44 55 78 0 26 48 91 30 17 40 45 52 29 2 89 93 47 94 49 1 76 41 7 19 62 68 90 30 72 77 57 25 16 92 77 93 38 74 11 75 69 11 1 1 41 54 18 90 70 21 13 73 56 13 73 72 92 80 88 18 70 14 59 69 55 21 46 72 81 76 25 13 98 47 65 69 47 31 84 35 16
83 92 32 39 49 12 5 90 40 79 29 5 22 98 5 40 41 76 33 88 87 83 92 83 85 63 40 88 11 68 53 7 52 26 33 28 99 73 57 4 78 37 13 3 5 65 17 38 88 37 3 31 36 54 68 70 79 55 61 38 49 76 37 40 83 9 93 87 91 92 25 30 96 86 13 35 1 99 34 93 42 90 54 38 53 44 20 87 46 4 68 72 9 37
51 93 100 67 7 55 59 56 68 48 91 22 88 68 94 100 60 57 79 61 53 91 45 87 24 48 40 37 4 61 44 98 79 73 27 39 75 22 94 46 72 70 13 98 70 67 45 9 63 44 40 37 100 60 87 84 21 25 58 51 33 76 98 6 97 64 76 67 52 49 80 39 97 51 61 92 88 0 35 90 60 60 56 56 95 53 46 8 90 97 29 57 95 85
3 38 42 59 97 50 73 70 50 34 72 20 35 73 3 67 10 75 46 85 30 100 89 23 59 38 97 87 74 81 63 89 79 47 7 62 53 8 72 55 42 69 0 49 31 77 37 15 49 99 34 93 9 79 10 42 34 69 51 75 13 66 2 20 1 11 19 65 96 14 56 54 76 45 21 31 55 51 29 65 46 58 86 63 51 7 73 40 90 75 57 48 74 47
50 45 55 9 24 79 53 2 31 68 8 79 18 60 15 6 30 85 63 22 99 47 34 5 55 63 34 28 41 19 28 99 12 48 36 38 56 79 23 1 83 9 46 44 36 22 97 79 27 98 46 83 73 97 78 18 47 82 39 14 90 36 1 77 25 49 12 100 75 62 90 27 21 33 26 30 51 83 77 19 41 28 80 80 9 58 90 91 82 1 55 7 56 94
16 92 3 58 42 88 87 53 28 9 96 8 7 62 19 30 34 39 78 20 24 58 70 75 22 7 15 2 27 19 81 6 5 31 82 77 24 96 55 11 94 36 94 37 43 9 47 91 12 91 92 28 99 53 24 74 27 76 24 49 42 89 74 95 58 25 23 61 96 57 57 35 64 68 33 34 20 25 15 30 99 55 59 58 39 30 55 75 17 5 77 21 100 40
59 78 68 29 36 88 0 66 66 77 86 62 18 70 27 55 70 88 68 23 85 33 96 55 60 21 16 71 13 99 89 5 97 65 54 85 16 49 51 10 92 45 15 8 13 19 45 3 41 22 9 63 57 48 22 69 13 53 56 15 79 65 84 39 77 6 34 34 79 70 77 87 20 12 98 43 87 74 95 23 19 40 46 32 52 53 95 46 20 38 75 87 96 34
69 65 62 36 79 92 93 33 95 95 7 76 82 12 51 38 59 58 0 56 70 3 73 31 35 84 20 68 94 66 35 65 10 60 70 22 49 35 77 35 20 32 53 96 69 88 60 85 56 73 79 28 65 56 2 100 75 11 36 80 9 89 53 10 83 11 92 58 77 66 47 59 19 54 73 34 36 48 40 84 50 80 75 65 21 1 55 42 95 46 33 23 64 26
93 82 25 14 89 64 0 17 51 72 47 32 5 40 86 89 20 90 91 34 16 79 49 63 39 25 29 50 65 2 8 0 97 28 80 71 71 58 4 99 9 32 73 39 94 59 35 72 1 38 43 30 84 73 42 44 80 26 99 4 7 22 25 30 41 59 90 6 69 34 99 70 10 90 78 93 42 30 98 59 69 79 65 76 94 95 70 72 24 41 16 89 86 78
67 70 19 85 93 80 94 64 21 83 75 2 25 14 34 8 38 41 83 59 34 68 80 6 84 4 59 25 38 82 31 36 98 67 24 13 9 2 74 24 24 45 92 51 39 18 3 65 3 83 2 63 90 5 69 47 3 23 65 22 52 70 29 7 34 8 86 93 59 85 20 34 30 85 22 16 40 65 13 69 74 72 21 73 40 36 61 85 88 37 88 35 53 8
32 12 100 62 0 53 37 49 18 23 88 46 35 67 38 72 96 87 32 0 20 28 5 6 65 38 26 18 34 0 67 34 7 33 81 94 92 65 92 93 24 79 92 96 74 23 76 93 54 47 10 29 85 80 96 36 85 82 9 5 27 39 7 95 40 60 76 67 31 0 21 100 45 46 100 72 79 40 45 33 35 12 80 43 31 27 68 97 12 3 99 65 81 88
19 85 69 8 52 57 31 19 10 68 37 41 66 3 40 16 20 60 33 90 33 36 15 95 72 62 72 30 31 95 33 13 73 33 89 27 96 88 76 87 22 53 9 19 2 59 75 75 29 43 93 5 55 46 17 24 61 63 47 68 41 51 33 32 98 40 81 46 52 97 23 89 96 99 9 1 21 33 18 2 52 63 88 67 39 58 100 29 39 62 41 1 66 67
94 8 86 59 58 54 54 1 48 65 43 64 61 58 54 36 72 57 94 23 42 1 8 22 9 6 82 31 39 49 79 55 93 3 6 16 43 100 45 58 58 55 96 30 67 27 64 0 86 98 55 31 91 14 68 69 7 45 70 70 11 32 41 21 40 93 43 96 62 34 26 72 46 57 96 23 84 83 27 48 48 16 3 70 38 37 42 59 100 30 7 71 68 29
92 18 66 50 47 27 7 69 46 43 80 60 91 11 57 31 13 81 74 11 2 97 59 20 39 89 76 9 95 95 96 48 13 5 18 2 37 94 71 49 35 70 19 62 87 67 33 71 86 96 42 71 82 1 42 70 10 56 71 42 48 34 52 80 13 90 40 68 27 31 40 31 9 99 73 64 74 91 47 45 55 92 11 36 33 99 91 33 42 3 33 54 53 29
2 22 79 92 72 53 60 0 98 62 63 95 78 98 92 60 2 12 43 49 43 69 58 42 63 17 55 68 95 76 31 51 21 95 68 99 29 15 63 85 19 39 41 72 40 3 3 42 21 71 10 53 10 33 0 13 72 44 7 18 87 73 19 18 51 88 0 41 19 76 46 89 58 90 28 66 42 79 4 82 42 15 45 88 9 72 58 24 40 59 31 52 5 16
72 10 99 30 15 23 37 57 46 67 88 58 53 39 63 44 77 26 54 42 25 20 99 53 52 5 86 55 44 85 81 88 7 61 89 18 74 55 27 41 6 3 27 75 78 99 46 16 60 43 63 42 71 40 56 63 40 56 10 89 1 32 78 33 67 39 29 84 70 34 62 17 25 62 81 51 97 4 86 17 96 96 28 94 28 26 95 37 12 0 68 88 63 78
87 50 7 30 34 83 59 18 48 64 62 37 26 77 81 31 46 69 52 96 78 39 69 99 10 34 13 51 36 20 98 45 20 88 77 82 73 86 90 55 58 65 98 35 34 72 82 4 78 13 67 2 22 57 20 82 23 86 64 12 62 9 100 87 75 52 92 39 66 48 98 38 80 85 85 2 20 21 31 49 95 86 0 53 100 32 79 58 55 62 41 98 24 20
38 46 35 74 88 9 68 78 93 33 26 24 25 61 19 68 70 29 58 64 54 49 47 71 25 22 15 15 25 55 12 91 63 14 77 26 4 24 81 70 98 73 12 53 58 69 43 83 72 50 42 27 98 32 70 24 51 12 13 69 23 26 96 30 94 57 23 43 17 40 25 20 40 69 61 60 56 22 87 14 52 99 6 7 76 47 90 2 70 55 75 53 72 94
69 42 54 22 75 0 46 25 61 64 71 42 30 72 81 51 47 65 18 57 41 81 64 51 86 32 98 58 67 38 10 95 83 48 76 43 63 85 38 100 50 66 77 3 59 70 73 76 63 5 75 8 65 77 47 67 31 20 42 14 81 84 98 62 52 99 57 63 90 90 57 58 43 47 2 18 49 1 7 13 13 37 90 48 35 61 81 91 86 16 34 29 4 82
52 50 31 80 36 95 15 71 60 23 13 67 79 34 63 6 39 31 17 69 12 31 37 80 57 24 80 13 63 32 27 30 98 62 62 12 30 87 26 19 86 17 89 45 52 72 82 52 49 38 97 73 32 22 97 77 69 73 40 35 72 81 65 9 69 46 65 53 98 33 22 27 2 32 21 55 96 99 13 97 28 0 99 51 66 89 62 81 36 35 44 83 66 26
30 50 13 81 1 2 36 14 58 84 6 51 99 97 94 1 28 28 15 38 13 66 16 37 74 29 54 86 68 67 89 84 0 53 11 88 70 92 66 22 16 67 10 43 14 82 14 94 35 30 21 65 9 74 83 37 51 53 86 40 57 11 4 78 51 74 46 29 53 98 43 27 51 59 27 8 73 89 24 95 30 98 40 82 16 10 25 35 79 94 66 36 57 22
55 73 84 41 25 29 95 54 43 80 16 15 74 50 52 86 20 45 22 32 20 90 68 13 88 98 62 7 3 99 24 88 33 27 30 40 76 22 5 75 1 66 44 88 17 25 71 85 79 61 81 17 37 28 90 28 69 50 100 18 97 58 99 40 16 13 84 42 18 30 95 27 47 11 63 14 11 41 31 60 33 84 63 76 74 95 70 99 78 38 75 68 0 100
19 94 33 96 17 25 38 40 36 0 6 68 92 65 88 61 51 17 89 4 59 40 56 29 85 33 71 74 8 10 18 44 31 26 86 19 2 23 49 93 81 28 79 83 4 73 72 45 0 29 89 50 2 14 63 33 68 15 27 44 33 59 67 64 45 36 65 56 2 90 43 74 75 23 9 66 34 32 92 1 18 8 36 52 22 98 8 50 40 60 28 10 17 29
66 22 100 56 74 72 32 47 15 38 12 44 5 40 92 34 68 24 86 59 44 29 63 32 80 66 52 89 46 40 59 38 14 15 96 19 0 15 95 36 72 28 29 9 30 56 89 10 77 52 15 80 49 3 53 17 23 91 5 82 76 39 46 74 57 16 42 10 12 88 67 9 63 68 13 52 14 56 62 17 51 94 70 77 83 58 2 92 12 42 65 59 59 32
45 72 77 60 21 30 25 10 36 83 72 88 45 63 53 100 71 20 94 95 20 63 11 85 16 70 41 95 39 70 86 68 50 48 25 31 99 60 9 67 7 75 63 86 93 32 62 91 28 81 32 48 20 14 92 37 33 67 30 46 1 57 47 95 34 96 82 56 3 11 20 10 81 37 19 4 45 11 54 35 3 16 45 78 62 62 84 44 73 87 5 35 41 92
50 98 35 70 29 46 80 70 37 68 30 97 41 26 0 23 25 18 87 65 43 2 95 2 95 11 75 63 95 0 69 79 98 6 43 63 48 41 32 8 60 100 21 58 84 54 44 95 47 66 99 28 38 15 70 61 62 21 71 56 6 7 32 24 5 96 61 70 6 77 19 58 7 95 13 47 31 23 45 32 6 64 49 34 39 24 71 95 53 72 38 35 49 25
